0.4832245
0.4681423
0.5042530
0.4971387
0.5018694
0.5055877
0.4528068
0.5254789
0.4391225
0.4816322
0.4983032
0.4968262
0.4979624
0.5214250
0.4952855
0.5084321
0.4928183
0.5077123
0.5157379
0.4896685
0.5058659
0.4789948
0.4895031
0.5078057
0.5246473
0.5032506
0.4716945
0.5052438
0.4686278
0.5061892
0.5041204
0.5157538
0.4958796
0.4955937
0.5073583
0.4924575
0.4860947
0.4986232
0.5145969
0.4816761
0.4832245
0.4681423
0.5042530
0.4971387
0.5018694
0.5055877
0.4528068
0.5254789
0.4391225
0.4816322
0.4983032
0.4968262
0.4979624
0.5214250
0.4952855
0.5084321
0.4928183
0.5077123
0.5157379
0.4896685
0.5058659
0.4789948
0.4895031
0.5078057
0.5246473
0.5032506
0.4716945
0.5052438
0.4686278
0.5061892
0.5041204
0.5157538
0.4958796
0.4955937
0.5073583
0.4924575
0.4860947
0.4986232
0.5145969
0.4816761
0.4832245
0.4681423
0.5042530
0.4971387
0.5018694
0.5055877
0.4528068
0.5254789
0.4391225
0.4816322
0.4983032
0.4968262
0.4979624
0.5214250
0.4952855
0.5084321
0.4928183
0.5077123
0.5157379
0.4896685
0.5058659
0.4789948
0.4895031
0.5078057
0.5246473
0.5032506
0.4716945
0.5052438
0.4686278
0.5061892
0.5041204
0.5157538
0.4958796
0.4955937
0.5073583
0.4924575
0.4860947
0.4986232
0.5145969
0.4816761
0.4832245
0.4681423
0.5042530
0.4971387
0.5018694
0.5055877
0.4528068
0.5254789
0.4391225
0.4816322
0.4983032
0.4968262
0.4979624
0.5214250
0.4952855
0.5084321
0.4928183
0.5077123
0.5157379
0.4896685
0.5058659
0.4789948
0.4895031
0.5078057
0.5246473
0.5032506
0.4716945
0.5052438
0.4686278
0.5061892
0.5041204
0.5157538
0.4958796
0.4955937
0.5073583
0.4924575
0.4860947
0.4986232
0.5145969
0.4816761
0.4832245
0.4681423
0.5042530
0.4971387
0.5018694
0.5055877
0.4528068
0.5254789
0.4391225
0.4816322
0.4983032
0.4968262
0.4979624
0.5214250
0.4952855
0.5084321
0.4928183
0.5077123
0.5157379
0.4896685
0.5058659
0.4789948
0.4895031
0.5078057
0.5246473
0.5032506
0.4716945
0.5052438
0.4686278
0.5061892
0.5041204
0.5157538
0.4958796
0.4955937
0.5073583
0.4924575
0.4860947
0.4986232
0.5145969
0.4816761
0.4832245
0.4681423
0.5042530
0.4971387
0.5018694
0.5055877
0.4528068
0.5254789
0.4391225
0.4816322
0.4983032
0.4968262
0.4979624
0.5214250
0.4952855
0.5084321
0.4928183
0.5077123
0.5157379
0.4896685
0.5058659
0.4789948
0.4895031
0.5078057
0.5246473
0.5032506
0.4716945
0.5052438
0.4686278
0.5061892
0.5041204
0.5157538
0.4958796
0.4955937
0.5073583
0.4924575
0.4860947
0.4986232
0.5145969
0.4816761
0.4832245
0.4681423
0.5042530
0.4971387
0.5018694
0.5055877
0.4528068
0.5254789
0.4391225
0.4816322
0.4983032
0.4968262
0.4979624
0.5214250
0.4952855
0.5084321
0.4928183
0.5077123
0.5157379
0.4896685
0.5058659
0.4789948
0.4895031
0.5078057
0.5246473
0.5032506
0.4716945
0.5052438
0.4686278
0.5061892
0.5041204
0.5157538
0.4958796
0.4955937
0.5073583
0.4924575
0.4860947
0.4986232
0.5145969
0.4816761
0.4832245
0.4681423
0.5042530
0.4971387
0.5018694
0.5055877
0.4528068
0.5254789
0.4391225
0.4816322
0.4983032
0.4968262
0.4979624
0.5214250
0.4952855
0.5084321
0.4928183
0.5077123
0.5157379
0.4896685
0.5058659
0.4789948
0.4895031
0.5078057
0.5246473
0.5032506
0.4716945
0.5052438
0.4686278
0.5061892
0.5041204
0.5157538
0.4958796
0.4955937
0.5073583
0.4924575
0.4860947
0.4986232
0.5145969
0.4816761
0.4832245
0.4681423
0.5042530
0.4971387
0.5018694
0.5055877
0.4528068
0.5254789
0.4391225
0.4816322
0.4983032
0.4968262
0.4979624
0.5214250
0.4952855
0.5084321
0.4928183
0.5077123
0.5157379
0.4896685
0.5058659
0.4789948
0.4895031
0.5078057
0.5246473
0.5032506
0.4716945
0.5052438
0.4686278
0.5061892
0.5041204
0.5157538
0.4958796
0.4955937
0.5073583
0.4924575
0.4860947
0.4986232
0.5145969
0.4816761
0.4832245
0.4681423
0.5042530
0.4971387
0.5018694
0.5055877
0.4528068
0.5254789
0.4391225
0.4816322
0.4983032
0.4968262
0.4979624
0.5214250
0.4952855
0.5084321
0.4928183
0.5077123
0.5157379
0.4896685
0.5058659
0.4789948
0.4895031
0.5078057
0.5246473
0.5032506
0.4716945
0.5052438
0.4686278
0.5061892
0.5041204
0.5157538
0.4958796
0.4955937
0.5073583
0.4924575
0.4860947
0.4986232
0.5145969
0.4816761
0.4832245
0.4681423
0.5042530
0.4971387
0.5018694
0.5055877
0.4528068
0.5254789
0.4391225
0.4816322
0.4983032
0.4968262
0.4979624
0.5214250
0.4952855
0.5084321
0.4928183
0.5077123
0.5157379
0.4896685
0.5058659
0.4789948
0.4895031
0.5078057
0.5246473
0.5032506
0.4716945
0.5052438
0.4686278
0.5061892
0.5041204
0.5157538
0.4958796
0.4955937
0.5073583
0.4924575
0.4860947
0.4986232
0.5145969
0.4816761
0.4832245
0.4681423
0.5042530
0.4971387
0.5018694
0.5055877
0.4528068
0.5254789
0.4391225
0.4816322
0.4983032
0.4968262
0.4979624
0.5214250
0.4952855
0.5084321
0.4928183
0.5077123
0.5157379
0.4896685
0.5058659
0.4789948
0.4895031
0.5078057
0.5246473
0.5032506
0.4716945
0.5052438
0.4686278
0.5061892
0.5041204
0.5157538
0.4958796
0.4955937
0.5073583
0.4924575
0.4860947
0.4986232
0.5145969
0.4816761
0.4832245
0.4681423
0.5042530
0.4971387
0.5018694
0.5055877
0.4528068
0.5254789
0.4391225
0.4816322
0.4983032
0.4968262
0.4979624
0.5214250
0.4952855
0.5084321
0.4928183
0.5077123
0.5157379
0.4896685
0.5058659
0.4789948
0.4895031
0.5078057
0.5246473
0.5032506
0.4716945
0.5052438
0.4686278
0.5061892
0.5041204
0.5157538
0.4958796
0.4955937
0.5073583
0.4924575
0.4860947
0.4986232
0.5145969
0.4816761
0.4832245
0.4681423
0.5042530
0.4971387
0.5018694
0.5055877
0.4528068
0.5254789
0.4391225
0.4816322
0.4983032
0.4968262
0.4979624
0.5214250
0.4952855
0.5084321
0.4928183
0.5077123
0.5157379
0.4896685
0.5058659
0.4789948
0.4895031
0.5078057
0.5246473
0.5032506
0.4716945
0.5052438
0.4686278
0.5061892
0.5041204
0.5157538
0.4958796
0.4955937
0.5073583
0.4924575
0.4860947
0.4986232
0.5145969
0.4816761
0.4832245
0.4681423
0.5042530
0.4971387
0.5018694
0.5055877
0.4528068
0.5254789
0.4391225
0.4816322
0.4983032
0.4968262
0.4979624
0.5214250
0.4952855
0.5084321
0.4928183
0.5077123
0.5157379
0.4896685
0.5058659
0.4789948
0.4895031
0.5078057
0.5246473
0.5032506
0.4716945
0.5052438
0.4686278
0.5061892
0.5041204
0.5157538
0.4958796
0.4955937
0.5073583
0.4924575
0.4860947
0.4986232
0.5145969
0.4816761
0.4832245
0.4681423
0.5042530
0.4971387
0.5018694
0.5055877
0.4528068
0.5254789
0.4391225
0.4816322
0.4983032
0.4968262
0.4979624
0.5214250
0.4952855
0.5084321
0.4928183
0.5077123
0.5157379
0.4896685
0.5058659
0.4789948
0.4895031
0.5078057
0.5246473
0.5032506
0.4716945
0.5052438
0.4686278
0.5061892
0.5041204
0.5157538
0.4958796
0.4955937
0.5073583
0.4924575
0.4860947
0.4986232
0.5145969
0.4816761
0.4832245
0.4681423
0.5042530
0.4971387
0.5018694
0.5055877
0.4528068
0.5254789
0.4391225
0.4816322
0.4983032
0.4968262
0.4979624
0.5214250
0.4952855
0.5084321
0.4928183
0.5077123
0.5157379
0.4896685
0.5058659
0.4789948
0.4895031
0.5078057
0.5246473
0.5032506
0.4716945
0.5052438
0.4686278
0.5061892
0.5041204
0.5157538
0.4958796
0.4955937
0.5073583
0.4924575
0.4860947
0.4986232
0.5145969
0.4816761
0.4832245
0.4681423
0.5042530
0.4971387
0.5018694
0.5055877
0.4528068
0.5254789
0.4391225
0.4816322
0.4983032
0.4968262
0.4979624
0.5214250
0.4952855
0.5084321
0.4928183
0.5077123
0.5157379
0.4896685
0.5058659
0.4789948
0.4895031
0.5078057
0.5246473
0.5032506
0.4716945
0.5052438
0.4686278
0.5061892
0.5041204
0.5157538
0.4958796
0.4955937
0.5073583
0.4924575
0.4860947
0.4986232
0.5145969
0.4816761
0.4832245
0.4681423
0.5042530
0.4971387
0.5018694
0.5055877
0.4528068
0.5254789
0.4391225
0.4816322
0.4983032
0.4968262
0.4979624
0.5214250
0.4952855
0.5084321
0.4928183
0.5077123
0.5157379
0.4896685
0.5058659
0.4789948
0.4895031
0.5078057
0.5246473
0.5032506
0.4716945
0.5052438
0.4686278
0.5061892
0.5041204
0.5157538
0.4958796
0.4955937
0.5073583
0.4924575
0.4860947
0.4986232
0.5145969
0.4816761
0.4832245
0.4681423
0.5042530
0.4971387
0.5018694
0.5055877
0.4528068
0.5254789
0.4391225
0.4816322
0.4983032
0.4968262
0.4979624
0.5214250
0.4952855
0.5084321
0.4928183
0.5077123
0.5157379
0.4896685
0.5058659
0.4789948
0.4895031
0.5078057
0.5246473
0.5032506
0.4716945
0.5052438
0.4686278
0.5061892
0.5041204
0.5157538
0.4958796
0.4955937
0.5073583
0.4924575
0.4860947
0.4986232
0.5145969
0.4816761
0.4832245
0.4681423
0.5042530
0.4971387
0.5018694
0.5055877
0.4528068
0.5254789
0.4391225
0.4816322
0.4983032
0.4968262
0.4979624
0.5214250
0.4952855
0.5084321
0.4928183
0.5077123
0.5157379
0.4896685
0.5058659
0.4789948
0.4895031
0.5078057
0.5246473
0.5032506
0.4716945
0.5052438
0.4686278
0.5061892
0.5041204
0.5157538
0.4958796
0.4955937
0.5073583
0.4924575
0.4860947
0.4986232
0.5145969
0.4816761
0.4832245
0.4681423
0.5042530
0.4971387
0.5018694
0.5055877
0.4528068
0.5254789
0.4391225
0.4816322
0.4983032
0.4968262
0.4979624
0.5214250
0.4952855
0.5084321
0.4928183
0.5077123
0.5157379
0.4896685
0.5058659
0.4789948
0.4895031
0.5078057
0.5246473
0.5032506
0.4716945
0.5052438
0.4686278
0.5061892
0.5041204
0.5157538
0.4958796
0.4955937
0.5073583
0.4924575
0.4860947
0.4986232
0.5145969
0.4816761
0.4832245
0.4681423
0.5042530
0.4971387
0.5018694
0.5055877
0.4528068
0.5254789
0.4391225
0.4816322
0.4983032
0.4968262
0.4979624
0.5214250
0.4952855
0.5084321
0.4928183
0.5077123
0.5157379
0.4896685
0.5058659
0.4789948
0.4895031
0.5078057
0.5246473
0.5032506
0.4716945
0.5052438
0.4686278
0.5061892
0.5041204
0.5157538
0.4958796
0.4955937
0.5073583
0.4924575
0.4860947
0.4986232
0.5145969
0.4816761
0.4832245
0.4681423
0.5042530
0.4971387
0.5018694
0.5055877
0.4528068
0.5254789
0.4391225
0.4816322
0.4983032
0.4968262
0.4979624
0.5214250
0.4952855
0.5084321
0.4928183
0.5077123
0.5157379
0.4896685
0.5058659
0.4789948
0.4895031
0.5078057
0.5246473
0.5032506
0.4716945
0.5052438
0.4686278
0.5061892
0.5041204
0.5157538
0.4958796
0.4955937
0.5073583
0.4924575
0.4860947
0.4986232
0.5145969
0.4816761
0.4832245
0.4681423
0.5042530
0.4971387
0.5018694
0.5055877
0.4528068
0.5254789
0.4391225
0.4816322
0.4983032
0.4968262
0.4979624
0.5214250
0.4952855
0.5084321
0.4928183
0.5077123
0.5157379
0.4896685
0.5058659
0.4789948
0.4895031
0.5078057
0.5246473
0.5032506
0.4716945
0.5052438
0.4686278
0.5061892
0.5041204
0.5157538
0.4958796
0.4955937
0.5073583
0.4924575
0.4860947
0.4986232
0.5145969
0.4816761
0.4832245
0.4681423
0.5042530
0.4971387
0.5018694
0.5055877
0.4528068
0.5254789
0.4391225
0.4816322
0.4983032
0.4968262
0.4979624
0.5214250
0.4952855
0.5084321
0.4928183
0.5077123
0.5157379
0.4896685
0.5058659
0.4789948
0.4895031
0.5078057
0.5246473
0.5032506
0.4716945
0.5052438
0.4686278
0.5061892
0.5041204
0.5157538
0.4958796
0.4955937
0.5073583
0.4924575
0.4860947
0.4986232
0.5145969
0.4816761
0.4832245
0.4681423
0.5042530
0.4971387
0.5018694
0.5055877
0.4528068
0.5254789
0.4391225
0.4816322
0.4983032
0.4968262
0.4979624
0.5214250
0.4952855
0.5084321
0.4928183
0.5077123
0.5157379
0.4896685
0.5058659
0.4789948
0.4895031
0.5078057
0.5246473
0.5032506
0.4716945
0.5052438
0.4686278
0.5061892
0.5041204
0.5157538
0.4958796
0.4955937
0.5073583
0.4924575
0.4860947
0.4986232
0.5145969
0.4816761
0.4832245
0.4681423
0.5042530
0.4971387
0.5018694
0.5055877
0.4528068
0.5254789
0.4391225
0.4816322
0.4983032
0.4968262
0.4979624
0.5214250
0.4952855
0.5084321
0.4928183
0.5077123
0.5157379
0.4896685
0.5058659
0.4789948
0.4895031
0.5078057
0.5246473
0.5032506
0.4716945
0.5052438
0.4686278
0.5061892
0.5041204
0.5157538
0.4958796
0.4955937
0.5073583
0.4924575
0.4860947
0.4986232
0.5145969
0.4816761
0.4832245
0.4681423
0.5042530
0.4971387
0.5018694
0.5055877
0.4528068
0.5254789
0.4391225
0.4816322
0.4983032
0.4968262
0.4979624
0.5214250
0.4952855
0.5084321
0.4928183
0.5077123
0.5157379
0.4896685
0.5058659
0.4789948
0.4895031
0.5078057
0.5246473
0.5032506
0.4716945
0.5052438
0.4686278
0.5061892
0.5041204
0.5157538
0.4958796
0.4955937
0.5073583
0.4924575
0.4860947
0.4986232
0.5145969
0.4816761
0.4832245
0.4681423
0.5042530
0.4971387
0.5018694
0.5055877
0.4528068
0.5254789
0.4391225
0.4816322
0.4983032
0.4968262
0.4979624
0.5214250
0.4952855
0.5084321
0.4928183
0.5077123
0.5157379
0.4896685
0.5058659
0.4789948
0.4895031
0.5078057
0.5246473
0.5032506
0.4716945
0.5052438
0.4686278
0.5061892
0.5041204
0.5157538
0.4958796
0.4955937
0.5073583
0.4924575
0.4860947
0.4986232
0.5145969
0.4816761
0.4832245
0.4681423
0.5042530
0.4971387
0.5018694
0.5055877
0.4528068
0.5254789
0.4391225
0.4816322
0.4983032
0.4968262
0.4979624
0.5214250
0.4952855
0.5084321
0.4928183
0.5077123
0.5157379
0.4896685
0.5058659
0.4789948
0.4895031
0.5078057
0.5246473
0.5032506
0.4716945
0.5052438
0.4686278
0.5061892
0.5041204
0.5157538
0.4958796
0.4955937
0.5073583
0.4924575
0.4860947
0.4986232
0.5145969
0.4816761
0.4832245
0.4681423
0.5042530
0.4971387
0.5018694
0.5055877
0.4528068
0.5254789
0.4391225
0.4816322
0.4983032
0.4968262
0.4979624
0.5214250
0.4952855
0.5084321
0.4928183
0.5077123
0.5157379
0.4896685
0.5058659
0.4789948
0.4895031
0.5078057
0.5246473
0.5032506
0.4716945
0.5052438
0.4686278
0.5061892
0.5041204
0.5157538
0.4958796
0.4955937
0.5073583
0.4924575
0.4860947
0.4986232
0.5145969
0.4816761
0.4832245
0.4681423
0.5042530
0.4971387
0.5018694
0.5055877
0.4528068
0.5254789
0.4391225
0.4816322
0.4983032
0.4968262
0.4979624
0.5214250
0.4952855
0.5084321
0.4928183
0.5077123
0.5157379
0.4896685
0.5058659
0.4789948
0.4895031
0.5078057
0.5246473
0.5032506
0.4716945
0.5052438
0.4686278
0.5061892
0.5041204
0.5157538
0.4958796
0.4955937
0.5073583
0.4924575
0.4860947
0.4986232
0.5145969
0.4816761
0.4832245
0.4681423
0.5042530
0.4971387
0.5018694
0.5055877
0.4528068
0.5254789
0.4391225
0.4816322
0.4983032
0.4968262
0.4979624
0.5214250
0.4952855
0.5084321
0.4928183
0.5077123
0.5157379
0.4896685
0.5058659
0.4789948
0.4895031
0.5078057
0.5246473
0.5032506
0.4716945
0.5052438
0.4686278
0.5061892
0.5041204
0.5157538
0.4958796
0.4955937
0.5073583
0.4924575
0.4860947
0.4986232
0.5145969
0.4816761
0.4832245
0.4681423
0.5042530
0.4971387
0.5018694
0.5055877
0.4528068
0.5254789
0.4391225
0.4816322
0.4983032
0.4968262
0.4979624
0.5214250
0.4952855
0.5084321
0.4928183
0.5077123
0.5157379
0.4896685
0.5058659
0.4789948
0.4895031
0.5078057
0.5246473
0.5032506
0.4716945
0.5052438
0.4686278
0.5061892
0.5041204
0.5157538
0.4958796
0.4955937
0.5073583
0.4924575
0.4860947
0.4986232
0.5145969
0.4816761
0.4832245
0.4681423
0.5042530
0.4971387
0.5018694
0.5055877
0.4528068
0.5254789
0.4391225
0.4816322
0.4983032
0.4968262
0.4979624
0.5214250
0.4952855
0.5084321
0.4928183
0.5077123
0.5157379
0.4896685
0.5058659
0.4789948
0.4895031
0.5078057
0.5246473
0.5032506
0.4716945
0.5052438
0.4686278
0.5061892
0.5041204
0.5157538
0.4958796
0.4955937
0.5073583
0.4924575
0.4860947
0.4986232
0.5145969
0.4816761
0.4832245
0.4681423
0.5042530
0.4971387
0.5018694
0.5055877
0.4528068
0.5254789
0.4391225
0.4816322
0.4983032
0.4968262
0.4979624
0.5214250
0.4952855
0.5084321
0.4928183
0.5077123
0.5157379
0.4896685
0.5058659
0.4789948
0.4895031
0.5078057
0.5246473
0.5032506
0.4716945
0.5052438
0.4686278
0.5061892
0.5041204
0.5157538
0.4958796
0.4955937
0.5073583
0.4924575
0.4860947
0.4986232
0.5145969
0.4816761
0.4832245
0.4681423
0.5042530
0.4971387
0.5018694
0.5055877
0.4528068
0.5254789
0.4391225
0.4816322
0.4983032
0.4968262
0.4979624
0.5214250
0.4952855
0.5084321
0.4928183
0.5077123
0.5157379
0.4896685
0.5058659
0.4789948
0.4895031
0.5078057
0.5246473
0.5032506
0.4716945
0.5052438
0.4686278
0.5061892
0.5041204
0.5157538
0.4958796
0.4955937
0.5073583
0.4924575
0.4860947
0.4986232
0.5145969
0.4816761
0.4832245
0.4681423
0.5042530
0.4971387
0.5018694
0.5055877
0.4528068
0.5254789
0.4391225
0.4816322
0.4983032
0.4968262
0.4979624
0.5214250
0.4952855
0.5084321
0.4928183
0.5077123
0.5157379
0.4896685
0.5058659
0.4789948
0.4895031
0.5078057
0.5246473
0.5032506
0.4716945
0.5052438
0.4686278
0.5061892
0.5041204
0.5157538
0.4958796
0.4955937
0.5073583
0.4924575
0.4860947
0.4986232
0.5145969
0.4816761
0.4832245
0.4681423
0.5042530
0.4971387
0.5018694
0.5055877
0.4528068
0.5254789
0.4391225
0.4816322
0.4983032
0.4968262
0.4979624
0.5214250
0.4952855
0.5084321
0.4928183
0.5077123
0.5157379
0.4896685
0.5058659
0.4789948
0.4895031
0.5078057
0.5246473
0.5032506
0.4716945
0.5052438
0.4686278
0.5061892
0.5041204
0.5157538
0.4958796
0.4955937
0.5073583
0.4924575
0.4860947
0.4986232
0.5145969
0.4816761
0.4832245
0.4681423
0.5042530
0.4971387
0.5018694
0.5055877
0.4528068
0.5254789
0.4391225
0.4816322
0.4983032
0.4968262
0.4979624
0.5214250
0.4952855
0.5084321
0.4928183
0.5077123
0.5157379
0.4896685
0.5058659
0.4789948
0.4895031
0.5078057
0.5246473
0.5032506
0.4716945
0.5052438
0.4686278
0.5061892
0.5041204
0.5157538
0.4958796
0.4955937
0.5073583
0.4924575
0.4860947
0.4986232
0.5145969
0.4816761
0.4832245
0.4681423
0.5042530
0.4971387
0.5018694
0.5055877
0.4528068
0.5254789
0.4391225
0.4816322
0.4983032
0.4968262
0.4979624
0.5214250
0.4952855
0.5084321
0.4928183
0.5077123
0.5157379
0.4896685
0.5058659
0.4789948
0.4895031
0.5078057
0.5246473
0.5032506
0.4716945
0.5052438
0.4686278
0.5061892
0.5041204
0.5157538
0.4958796
0.4955937
0.5073583
0.4924575
0.4860947
0.4986232
0.5145969
0.4816761
0.4832245
0.4681423
0.5042530
0.4971387
0.5018694
0.5055877
0.4528068
0.5254789
0.4391225
0.4816322
0.4983032
0.4968262
0.4979624
0.5214250
0.4952855
0.5084321
0.4928183
0.5077123
0.5157379
0.4896685
0.5058659
0.4789948
0.4895031
0.5078057
0.5246473
0.5032506
0.4716945
0.5052438
0.4686278
0.5061892
0.5041204
0.5157538
0.4958796
0.4955937
0.5073583
0.4924575
0.4860947
0.4986232
0.5145969
0.4816761
0.4832245
0.4681423
0.5042530
0.4971387
0.5018694
0.5055877
0.4528068
0.5254789
0.4391225
0.4816322
0.4983032
0.4968262
0.4979624
0.5214250
0.4952855
0.5084321
0.4928183
0.5077123
0.5157379
0.4896685
0.5058659
0.4789948
0.4895031
0.5078057
0.5246473
0.5032506
0.4716945
0.5052438
0.4686278
0.5061892
0.5041204
0.5157538
0.4958796
0.4955937
0.5073583
0.4924575
0.4860947
0.4986232
0.5145969
0.4816761
0.4832245
0.4681423
0.5042530
0.4971387
0.5018694
0.5055877
0.4528068
0.5254789
0.4391225
0.4816322
0.4983032
0.4968262
0.4979624
0.5214250
0.4952855
0.5084321
0.4928183
0.5077123
0.5157379
0.4896685
0.5058659
0.4789948
0.4895031
0.5078057
0.5246473
0.5032506
0.4716945
0.5052438
0.4686278
0.5061892
0.5041204
0.5157538
0.4958796
0.4955937
0.5073583
0.4924575
0.4860947
0.4986232
0.5145969
0.4816761
0.4832245
0.4681423
0.5042530
0.4971387
0.5018694
0.5055877
0.4528068
0.5254789
0.4391225
0.4816322
0.4983032
0.4968262
0.4979624
0.5214250
0.4952855
0.5084321
0.4928183
0.5077123
0.5157379
0.4896685
0.5058659
0.4789948
0.4895031
0.5078057
0.5246473
0.5032506
0.4716945
0.5052438
0.4686278
0.5061892
0.5041204
0.5157538
0.4958796
0.4955937
0.5073583
0.4924575
0.4860947
0.4986232
0.5145969
0.4816761
0.4832245
0.4681423
0.5042530
0.4971387
0.5018694
0.5055877
0.4528068
0.5254789
0.4391225
0.4816322
0.4983032
0.4968262
0.4979624
0.5214250
0.4952855
0.5084321
0.4928183
0.5077123
0.5157379
0.4896685
0.5058659
0.4789948
0.4895031
0.5078057
0.5246473
0.5032506
0.4716945
0.5052438
0.4686278
0.5061892
0.5041204
0.5157538
0.4958796
0.4955937
0.5073583
0.4924575
0.4860947
0.4986232
0.5145969
0.4816761
0.4832245
0.4681423
0.5042530
0.4971387
0.5018694
0.5055877
0.4528068
0.5254789
0.4391225
0.4816322
0.4983032
0.4968262
0.4979624
0.5214250
0.4952855
0.5084321
0.4928183
0.5077123
0.5157379
0.4896685
0.5058659
0.4789948
0.4895031
0.5078057
0.5246473
0.5032506
0.4716945
0.5052438
0.4686278
0.5061892
0.5041204
0.5157538
0.4958796
0.4955937
0.5073583
0.4924575
0.4860947
0.4986232
0.5145969
0.4816761
0.4832245
0.4681423
0.5042530
0.4971387
0.5018694
0.5055877
0.4528068
0.5254789
0.4391225
0.4816322
0.4983032
0.4968262
0.4979624
0.5214250
0.4952855
0.5084321
0.4928183
0.5077123
0.5157379
0.4896685
0.5058659
0.4789948
0.4895031
0.5078057
0.5246473
0.5032506
0.4716945
0.5052438
0.4686278
0.5061892
0.5041204
0.5157538
0.4958796
0.4955937
0.5073583
0.4924575
0.4860947
0.4986232
0.5145969
0.4816761
0.4832245
0.4681423
0.5042530
0.4971387
0.5018694
0.5055877
0.4528068
0.5254789
0.4391225
0.4816322
0.4983032
0.4968262
0.4979624
0.5214250
0.4952855
0.5084321
0.4928183
0.5077123
0.5157379
0.4896685
0.5058659
0.4789948
0.4895031
0.5078057
0.5246473
0.5032506
0.4716945
0.5052438
0.4686278
0.5061892
0.5041204
0.5157538
0.4958796
0.4955937
0.5073583
0.4924575
0.4860947
0.4986232
0.5145969
0.4816761
