0.5194394
0.4854455
0.5049498
0.5238726
0.5154780
0.5126099
0.4732136
0.4766560
0.4824499
0.5056189
0.4973296
0.4831032
0.5155620
0.5108897
0.5224871
0.5006461
0.5084308
0.5194809
0.4791662
0.5106858
0.5364251
0.4760680
0.4718911
0.5105467
0.4905947
0.4933755
0.4444720
0.5199248
0.5244347
0.5277073
0.5178339
0.4891481
0.4889803
0.4941272
0.4746305
0.4895667
0.4867277
0.4907361
0.4944580
0.5268203
0.5194394
0.4854455
0.5049498
0.5238726
0.5154780
0.5126099
0.4732136
0.4766560
0.4824499
0.5056189
0.4973296
0.4831032
0.5155620
0.5108897
0.5224871
0.5006461
0.5084308
0.5194809
0.4791662
0.5106858
0.5364251
0.4760680
0.4718911
0.5105467
0.4905947
0.4933755
0.4444720
0.5199248
0.5244347
0.5277073
0.5178339
0.4891481
0.4889803
0.4941272
0.4746305
0.4895667
0.4867277
0.4907361
0.4944580
0.5268203
0.5194394
0.4854455
0.5049498
0.5238726
0.5154780
0.5126099
0.4732136
0.4766560
0.4824499
0.5056189
0.4973296
0.4831032
0.5155620
0.5108897
0.5224871
0.5006461
0.5084308
0.5194809
0.4791662
0.5106858
0.5364251
0.4760680
0.4718911
0.5105467
0.4905947
0.4933755
0.4444720
0.5199248
0.5244347
0.5277073
0.5178339
0.4891481
0.4889803
0.4941272
0.4746305
0.4895667
0.4867277
0.4907361
0.4944580
0.5268203
0.5194394
0.4854455
0.5049498
0.5238726
0.5154780
0.5126099
0.4732136
0.4766560
0.4824499
0.5056189
0.4973296
0.4831032
0.5155620
0.5108897
0.5224871
0.5006461
0.5084308
0.5194809
0.4791662
0.5106858
0.5364251
0.4760680
0.4718911
0.5105467
0.4905947
0.4933755
0.4444720
0.5199248
0.5244347
0.5277073
0.5178339
0.4891481
0.4889803
0.4941272
0.4746305
0.4895667
0.4867277
0.4907361
0.4944580
0.5268203
0.5194394
0.4854455
0.5049498
0.5238726
0.5154780
0.5126099
0.4732136
0.4766560
0.4824499
0.5056189
0.4973296
0.4831032
0.5155620
0.5108897
0.5224871
0.5006461
0.5084308
0.5194809
0.4791662
0.5106858
0.5364251
0.4760680
0.4718911
0.5105467
0.4905947
0.4933755
0.4444720
0.5199248
0.5244347
0.5277073
0.5178339
0.4891481
0.4889803
0.4941272
0.4746305
0.4895667
0.4867277
0.4907361
0.4944580
0.5268203
0.5194394
0.4854455
0.5049498
0.5238726
0.5154780
0.5126099
0.4732136
0.4766560
0.4824499
0.5056189
0.4973296
0.4831032
0.5155620
0.5108897
0.5224871
0.5006461
0.5084308
0.5194809
0.4791662
0.5106858
0.5364251
0.4760680
0.4718911
0.5105467
0.4905947
0.4933755
0.4444720
0.5199248
0.5244347
0.5277073
0.5178339
0.4891481
0.4889803
0.4941272
0.4746305
0.4895667
0.4867277
0.4907361
0.4944580
0.5268203
0.5194394
0.4854455
0.5049498
0.5238726
0.5154780
0.5126099
0.4732136
0.4766560
0.4824499
0.5056189
0.4973296
0.4831032
0.5155620
0.5108897
0.5224871
0.5006461
0.5084308
0.5194809
0.4791662
0.5106858
0.5364251
0.4760680
0.4718911
0.5105467
0.4905947
0.4933755
0.4444720
0.5199248
0.5244347
0.5277073
0.5178339
0.4891481
0.4889803
0.4941272
0.4746305
0.4895667
0.4867277
0.4907361
0.4944580
0.5268203
0.5194394
0.4854455
0.5049498
0.5238726
0.5154780
0.5126099
0.4732136
0.4766560
0.4824499
0.5056189
0.4973296
0.4831032
0.5155620
0.5108897
0.5224871
0.5006461
0.5084308
0.5194809
0.4791662
0.5106858
0.5364251
0.4760680
0.4718911
0.5105467
0.4905947
0.4933755
0.4444720
0.5199248
0.5244347
0.5277073
0.5178339
0.4891481
0.4889803
0.4941272
0.4746305
0.4895667
0.4867277
0.4907361
0.4944580
0.5268203
0.5194394
0.4854455
0.5049498
0.5238726
0.5154780
0.5126099
0.4732136
0.4766560
0.4824499
0.5056189
0.4973296
0.4831032
0.5155620
0.5108897
0.5224871
0.5006461
0.5084308
0.5194809
0.4791662
0.5106858
0.5364251
0.4760680
0.4718911
0.5105467
0.4905947
0.4933755
0.4444720
0.5199248
0.5244347
0.5277073
0.5178339
0.4891481
0.4889803
0.4941272
0.4746305
0.4895667
0.4867277
0.4907361
0.4944580
0.5268203
0.5194394
0.4854455
0.5049498
0.5238726
0.5154780
0.5126099
0.4732136
0.4766560
0.4824499
0.5056189
0.4973296
0.4831032
0.5155620
0.5108897
0.5224871
0.5006461
0.5084308
0.5194809
0.4791662
0.5106858
0.5364251
0.4760680
0.4718911
0.5105467
0.4905947
0.4933755
0.4444720
0.5199248
0.5244347
0.5277073
0.5178339
0.4891481
0.4889803
0.4941272
0.4746305
0.4895667
0.4867277
0.4907361
0.4944580
0.5268203
0.5194394
0.4854455
0.5049498
0.5238726
0.5154780
0.5126099
0.4732136
0.4766560
0.4824499
0.5056189
0.4973296
0.4831032
0.5155620
0.5108897
0.5224871
0.5006461
0.5084308
0.5194809
0.4791662
0.5106858
0.5364251
0.4760680
0.4718911
0.5105467
0.4905947
0.4933755
0.4444720
0.5199248
0.5244347
0.5277073
0.5178339
0.4891481
0.4889803
0.4941272
0.4746305
0.4895667
0.4867277
0.4907361
0.4944580
0.5268203
0.5194394
0.4854455
0.5049498
0.5238726
0.5154780
0.5126099
0.4732136
0.4766560
0.4824499
0.5056189
0.4973296
0.4831032
0.5155620
0.5108897
0.5224871
0.5006461
0.5084308
0.5194809
0.4791662
0.5106858
0.5364251
0.4760680
0.4718911
0.5105467
0.4905947
0.4933755
0.4444720
0.5199248
0.5244347
0.5277073
0.5178339
0.4891481
0.4889803
0.4941272
0.4746305
0.4895667
0.4867277
0.4907361
0.4944580
0.5268203
0.5194394
0.4854455
0.5049498
0.5238726
0.5154780
0.5126099
0.4732136
0.4766560
0.4824499
0.5056189
0.4973296
0.4831032
0.5155620
0.5108897
0.5224871
0.5006461
0.5084308
0.5194809
0.4791662
0.5106858
0.5364251
0.4760680
0.4718911
0.5105467
0.4905947
0.4933755
0.4444720
0.5199248
0.5244347
0.5277073
0.5178339
0.4891481
0.4889803
0.4941272
0.4746305
0.4895667
0.4867277
0.4907361
0.4944580
0.5268203
0.5194394
0.4854455
0.5049498
0.5238726
0.5154780
0.5126099
0.4732136
0.4766560
0.4824499
0.5056189
0.4973296
0.4831032
0.5155620
0.5108897
0.5224871
0.5006461
0.5084308
0.5194809
0.4791662
0.5106858
0.5364251
0.4760680
0.4718911
0.5105467
0.4905947
0.4933755
0.4444720
0.5199248
0.5244347
0.5277073
0.5178339
0.4891481
0.4889803
0.4941272
0.4746305
0.4895667
0.4867277
0.4907361
0.4944580
0.5268203
0.5194394
0.4854455
0.5049498
0.5238726
0.5154780
0.5126099
0.4732136
0.4766560
0.4824499
0.5056189
0.4973296
0.4831032
0.5155620
0.5108897
0.5224871
0.5006461
0.5084308
0.5194809
0.4791662
0.5106858
0.5364251
0.4760680
0.4718911
0.5105467
0.4905947
0.4933755
0.4444720
0.5199248
0.5244347
0.5277073
0.5178339
0.4891481
0.4889803
0.4941272
0.4746305
0.4895667
0.4867277
0.4907361
0.4944580
0.5268203
0.5194394
0.4854455
0.5049498
0.5238726
0.5154780
0.5126099
0.4732136
0.4766560
0.4824499
0.5056189
0.4973296
0.4831032
0.5155620
0.5108897
0.5224871
0.5006461
0.5084308
0.5194809
0.4791662
0.5106858
0.5364251
0.4760680
0.4718911
0.5105467
0.4905947
0.4933755
0.4444720
0.5199248
0.5244347
0.5277073
0.5178339
0.4891481
0.4889803
0.4941272
0.4746305
0.4895667
0.4867277
0.4907361
0.4944580
0.5268203
0.5194394
0.4854455
0.5049498
0.5238726
0.5154780
0.5126099
0.4732136
0.4766560
0.4824499
0.5056189
0.4973296
0.4831032
0.5155620
0.5108897
0.5224871
0.5006461
0.5084308
0.5194809
0.4791662
0.5106858
0.5364251
0.4760680
0.4718911
0.5105467
0.4905947
0.4933755
0.4444720
0.5199248
0.5244347
0.5277073
0.5178339
0.4891481
0.4889803
0.4941272
0.4746305
0.4895667
0.4867277
0.4907361
0.4944580
0.5268203
0.5194394
0.4854455
0.5049498
0.5238726
0.5154780
0.5126099
0.4732136
0.4766560
0.4824499
0.5056189
0.4973296
0.4831032
0.5155620
0.5108897
0.5224871
0.5006461
0.5084308
0.5194809
0.4791662
0.5106858
0.5364251
0.4760680
0.4718911
0.5105467
0.4905947
0.4933755
0.4444720
0.5199248
0.5244347
0.5277073
0.5178339
0.4891481
0.4889803
0.4941272
0.4746305
0.4895667
0.4867277
0.4907361
0.4944580
0.5268203
0.5194394
0.4854455
0.5049498
0.5238726
0.5154780
0.5126099
0.4732136
0.4766560
0.4824499
0.5056189
0.4973296
0.4831032
0.5155620
0.5108897
0.5224871
0.5006461
0.5084308
0.5194809
0.4791662
0.5106858
0.5364251
0.4760680
0.4718911
0.5105467
0.4905947
0.4933755
0.4444720
0.5199248
0.5244347
0.5277073
0.5178339
0.4891481
0.4889803
0.4941272
0.4746305
0.4895667
0.4867277
0.4907361
0.4944580
0.5268203
0.5194394
0.4854455
0.5049498
0.5238726
0.5154780
0.5126099
0.4732136
0.4766560
0.4824499
0.5056189
0.4973296
0.4831032
0.5155620
0.5108897
0.5224871
0.5006461
0.5084308
0.5194809
0.4791662
0.5106858
0.5364251
0.4760680
0.4718911
0.5105467
0.4905947
0.4933755
0.4444720
0.5199248
0.5244347
0.5277073
0.5178339
0.4891481
0.4889803
0.4941272
0.4746305
0.4895667
0.4867277
0.4907361
0.4944580
0.5268203
0.5194394
0.4854455
0.5049498
0.5238726
0.5154780
0.5126099
0.4732136
0.4766560
0.4824499
0.5056189
0.4973296
0.4831032
0.5155620
0.5108897
0.5224871
0.5006461
0.5084308
0.5194809
0.4791662
0.5106858
0.5364251
0.4760680
0.4718911
0.5105467
0.4905947
0.4933755
0.4444720
0.5199248
0.5244347
0.5277073
0.5178339
0.4891481
0.4889803
0.4941272
0.4746305
0.4895667
0.4867277
0.4907361
0.4944580
0.5268203
0.5194394
0.4854455
0.5049498
0.5238726
0.5154780
0.5126099
0.4732136
0.4766560
0.4824499
0.5056189
0.4973296
0.4831032
0.5155620
0.5108897
0.5224871
0.5006461
0.5084308
0.5194809
0.4791662
0.5106858
0.5364251
0.4760680
0.4718911
0.5105467
0.4905947
0.4933755
0.4444720
0.5199248
0.5244347
0.5277073
0.5178339
0.4891481
0.4889803
0.4941272
0.4746305
0.4895667
0.4867277
0.4907361
0.4944580
0.5268203
0.5194394
0.4854455
0.5049498
0.5238726
0.5154780
0.5126099
0.4732136
0.4766560
0.4824499
0.5056189
0.4973296
0.4831032
0.5155620
0.5108897
0.5224871
0.5006461
0.5084308
0.5194809
0.4791662
0.5106858
0.5364251
0.4760680
0.4718911
0.5105467
0.4905947
0.4933755
0.4444720
0.5199248
0.5244347
0.5277073
0.5178339
0.4891481
0.4889803
0.4941272
0.4746305
0.4895667
0.4867277
0.4907361
0.4944580
0.5268203
0.5194394
0.4854455
0.5049498
0.5238726
0.5154780
0.5126099
0.4732136
0.4766560
0.4824499
0.5056189
0.4973296
0.4831032
0.5155620
0.5108897
0.5224871
0.5006461
0.5084308
0.5194809
0.4791662
0.5106858
0.5364251
0.4760680
0.4718911
0.5105467
0.4905947
0.4933755
0.4444720
0.5199248
0.5244347
0.5277073
0.5178339
0.4891481
0.4889803
0.4941272
0.4746305
0.4895667
0.4867277
0.4907361
0.4944580
0.5268203
0.5194394
0.4854455
0.5049498
0.5238726
0.5154780
0.5126099
0.4732136
0.4766560
0.4824499
0.5056189
0.4973296
0.4831032
0.5155620
0.5108897
0.5224871
0.5006461
0.5084308
0.5194809
0.4791662
0.5106858
0.5364251
0.4760680
0.4718911
0.5105467
0.4905947
0.4933755
0.4444720
0.5199248
0.5244347
0.5277073
0.5178339
0.4891481
0.4889803
0.4941272
0.4746305
0.4895667
0.4867277
0.4907361
0.4944580
0.5268203
0.5194394
0.4854455
0.5049498
0.5238726
0.5154780
0.5126099
0.4732136
0.4766560
0.4824499
0.5056189
0.4973296
0.4831032
0.5155620
0.5108897
0.5224871
0.5006461
0.5084308
0.5194809
0.4791662
0.5106858
0.5364251
0.4760680
0.4718911
0.5105467
0.4905947
0.4933755
0.4444720
0.5199248
0.5244347
0.5277073
0.5178339
0.4891481
0.4889803
0.4941272
0.4746305
0.4895667
0.4867277
0.4907361
0.4944580
0.5268203
0.5194394
0.4854455
0.5049498
0.5238726
0.5154780
0.5126099
0.4732136
0.4766560
0.4824499
0.5056189
0.4973296
0.4831032
0.5155620
0.5108897
0.5224871
0.5006461
0.5084308
0.5194809
0.4791662
0.5106858
0.5364251
0.4760680
0.4718911
0.5105467
0.4905947
0.4933755
0.4444720
0.5199248
0.5244347
0.5277073
0.5178339
0.4891481
0.4889803
0.4941272
0.4746305
0.4895667
0.4867277
0.4907361
0.4944580
0.5268203
0.5194394
0.4854455
0.5049498
0.5238726
0.5154780
0.5126099
0.4732136
0.4766560
0.4824499
0.5056189
0.4973296
0.4831032
0.5155620
0.5108897
0.5224871
0.5006461
0.5084308
0.5194809
0.4791662
0.5106858
0.5364251
0.4760680
0.4718911
0.5105467
0.4905947
0.4933755
0.4444720
0.5199248
0.5244347
0.5277073
0.5178339
0.4891481
0.4889803
0.4941272
0.4746305
0.4895667
0.4867277
0.4907361
0.4944580
0.5268203
0.5194394
0.4854455
0.5049498
0.5238726
0.5154780
0.5126099
0.4732136
0.4766560
0.4824499
0.5056189
0.4973296
0.4831032
0.5155620
0.5108897
0.5224871
0.5006461
0.5084308
0.5194809
0.4791662
0.5106858
0.5364251
0.4760680
0.4718911
0.5105467
0.4905947
0.4933755
0.4444720
0.5199248
0.5244347
0.5277073
0.5178339
0.4891481
0.4889803
0.4941272
0.4746305
0.4895667
0.4867277
0.4907361
0.4944580
0.5268203
0.5194394
0.4854455
0.5049498
0.5238726
0.5154780
0.5126099
0.4732136
0.4766560
0.4824499
0.5056189
0.4973296
0.4831032
0.5155620
0.5108897
0.5224871
0.5006461
0.5084308
0.5194809
0.4791662
0.5106858
0.5364251
0.4760680
0.4718911
0.5105467
0.4905947
0.4933755
0.4444720
0.5199248
0.5244347
0.5277073
0.5178339
0.4891481
0.4889803
0.4941272
0.4746305
0.4895667
0.4867277
0.4907361
0.4944580
0.5268203
0.5194394
0.4854455
0.5049498
0.5238726
0.5154780
0.5126099
0.4732136
0.4766560
0.4824499
0.5056189
0.4973296
0.4831032
0.5155620
0.5108897
0.5224871
0.5006461
0.5084308
0.5194809
0.4791662
0.5106858
0.5364251
0.4760680
0.4718911
0.5105467
0.4905947
0.4933755
0.4444720
0.5199248
0.5244347
0.5277073
0.5178339
0.4891481
0.4889803
0.4941272
0.4746305
0.4895667
0.4867277
0.4907361
0.4944580
0.5268203
0.5194394
0.4854455
0.5049498
0.5238726
0.5154780
0.5126099
0.4732136
0.4766560
0.4824499
0.5056189
0.4973296
0.4831032
0.5155620
0.5108897
0.5224871
0.5006461
0.5084308
0.5194809
0.4791662
0.5106858
0.5364251
0.4760680
0.4718911
0.5105467
0.4905947
0.4933755
0.4444720
0.5199248
0.5244347
0.5277073
0.5178339
0.4891481
0.4889803
0.4941272
0.4746305
0.4895667
0.4867277
0.4907361
0.4944580
0.5268203
0.5194394
0.4854455
0.5049498
0.5238726
0.5154780
0.5126099
0.4732136
0.4766560
0.4824499
0.5056189
0.4973296
0.4831032
0.5155620
0.5108897
0.5224871
0.5006461
0.5084308
0.5194809
0.4791662
0.5106858
0.5364251
0.4760680
0.4718911
0.5105467
0.4905947
0.4933755
0.4444720
0.5199248
0.5244347
0.5277073
0.5178339
0.4891481
0.4889803
0.4941272
0.4746305
0.4895667
0.4867277
0.4907361
0.4944580
0.5268203
0.5194394
0.4854455
0.5049498
0.5238726
0.5154780
0.5126099
0.4732136
0.4766560
0.4824499
0.5056189
0.4973296
0.4831032
0.5155620
0.5108897
0.5224871
0.5006461
0.5084308
0.5194809
0.4791662
0.5106858
0.5364251
0.4760680
0.4718911
0.5105467
0.4905947
0.4933755
0.4444720
0.5199248
0.5244347
0.5277073
0.5178339
0.4891481
0.4889803
0.4941272
0.4746305
0.4895667
0.4867277
0.4907361
0.4944580
0.5268203
0.5194394
0.4854455
0.5049498
0.5238726
0.5154780
0.5126099
0.4732136
0.4766560
0.4824499
0.5056189
0.4973296
0.4831032
0.5155620
0.5108897
0.5224871
0.5006461
0.5084308
0.5194809
0.4791662
0.5106858
0.5364251
0.4760680
0.4718911
0.5105467
0.4905947
0.4933755
0.4444720
0.5199248
0.5244347
0.5277073
0.5178339
0.4891481
0.4889803
0.4941272
0.4746305
0.4895667
0.4867277
0.4907361
0.4944580
0.5268203
0.5194394
0.4854455
0.5049498
0.5238726
0.5154780
0.5126099
0.4732136
0.4766560
0.4824499
0.5056189
0.4973296
0.4831032
0.5155620
0.5108897
0.5224871
0.5006461
0.5084308
0.5194809
0.4791662
0.5106858
0.5364251
0.4760680
0.4718911
0.5105467
0.4905947
0.4933755
0.4444720
0.5199248
0.5244347
0.5277073
0.5178339
0.4891481
0.4889803
0.4941272
0.4746305
0.4895667
0.4867277
0.4907361
0.4944580
0.5268203
0.5194394
0.4854455
0.5049498
0.5238726
0.5154780
0.5126099
0.4732136
0.4766560
0.4824499
0.5056189
0.4973296
0.4831032
0.5155620
0.5108897
0.5224871
0.5006461
0.5084308
0.5194809
0.4791662
0.5106858
0.5364251
0.4760680
0.4718911
0.5105467
0.4905947
0.4933755
0.4444720
0.5199248
0.5244347
0.5277073
0.5178339
0.4891481
0.4889803
0.4941272
0.4746305
0.4895667
0.4867277
0.4907361
0.4944580
0.5268203
0.5194394
0.4854455
0.5049498
0.5238726
0.5154780
0.5126099
0.4732136
0.4766560
0.4824499
0.5056189
0.4973296
0.4831032
0.5155620
0.5108897
0.5224871
0.5006461
0.5084308
0.5194809
0.4791662
0.5106858
0.5364251
0.4760680
0.4718911
0.5105467
0.4905947
0.4933755
0.4444720
0.5199248
0.5244347
0.5277073
0.5178339
0.4891481
0.4889803
0.4941272
0.4746305
0.4895667
0.4867277
0.4907361
0.4944580
0.5268203
0.5194394
0.4854455
0.5049498
0.5238726
0.5154780
0.5126099
0.4732136
0.4766560
0.4824499
0.5056189
0.4973296
0.4831032
0.5155620
0.5108897
0.5224871
0.5006461
0.5084308
0.5194809
0.4791662
0.5106858
0.5364251
0.4760680
0.4718911
0.5105467
0.4905947
0.4933755
0.4444720
0.5199248
0.5244347
0.5277073
0.5178339
0.4891481
0.4889803
0.4941272
0.4746305
0.4895667
0.4867277
0.4907361
0.4944580
0.5268203
0.5194394
0.4854455
0.5049498
0.5238726
0.5154780
0.5126099
0.4732136
0.4766560
0.4824499
0.5056189
0.4973296
0.4831032
0.5155620
0.5108897
0.5224871
0.5006461
0.5084308
0.5194809
0.4791662
0.5106858
0.5364251
0.4760680
0.4718911
0.5105467
0.4905947
0.4933755
0.4444720
0.5199248
0.5244347
0.5277073
0.5178339
0.4891481
0.4889803
0.4941272
0.4746305
0.4895667
0.4867277
0.4907361
0.4944580
0.5268203
0.5194394
0.4854455
0.5049498
0.5238726
0.5154780
0.5126099
0.4732136
0.4766560
0.4824499
0.5056189
0.4973296
0.4831032
0.5155620
0.5108897
0.5224871
0.5006461
0.5084308
0.5194809
0.4791662
0.5106858
0.5364251
0.4760680
0.4718911
0.5105467
0.4905947
0.4933755
0.4444720
0.5199248
0.5244347
0.5277073
0.5178339
0.4891481
0.4889803
0.4941272
0.4746305
0.4895667
0.4867277
0.4907361
0.4944580
0.5268203
0.5194394
0.4854455
0.5049498
0.5238726
0.5154780
0.5126099
0.4732136
0.4766560
0.4824499
0.5056189
0.4973296
0.4831032
0.5155620
0.5108897
0.5224871
0.5006461
0.5084308
0.5194809
0.4791662
0.5106858
0.5364251
0.4760680
0.4718911
0.5105467
0.4905947
0.4933755
0.4444720
0.5199248
0.5244347
0.5277073
0.5178339
0.4891481
0.4889803
0.4941272
0.4746305
0.4895667
0.4867277
0.4907361
0.4944580
0.5268203
0.5194394
0.4854455
0.5049498
0.5238726
0.5154780
0.5126099
0.4732136
0.4766560
0.4824499
0.5056189
0.4973296
0.4831032
0.5155620
0.5108897
0.5224871
0.5006461
0.5084308
0.5194809
0.4791662
0.5106858
0.5364251
0.4760680
0.4718911
0.5105467
0.4905947
0.4933755
0.4444720
0.5199248
0.5244347
0.5277073
0.5178339
0.4891481
0.4889803
0.4941272
0.4746305
0.4895667
0.4867277
0.4907361
0.4944580
0.5268203
0.5194394
0.4854455
0.5049498
0.5238726
0.5154780
0.5126099
0.4732136
0.4766560
0.4824499
0.5056189
0.4973296
0.4831032
0.5155620
0.5108897
0.5224871
0.5006461
0.5084308
0.5194809
0.4791662
0.5106858
0.5364251
0.4760680
0.4718911
0.5105467
0.4905947
0.4933755
0.4444720
0.5199248
0.5244347
0.5277073
0.5178339
0.4891481
0.4889803
0.4941272
0.4746305
0.4895667
0.4867277
0.4907361
0.4944580
0.5268203
0.5194394
0.4854455
0.5049498
0.5238726
0.5154780
0.5126099
0.4732136
0.4766560
0.4824499
0.5056189
0.4973296
0.4831032
0.5155620
0.5108897
0.5224871
0.5006461
0.5084308
0.5194809
0.4791662
0.5106858
0.5364251
0.4760680
0.4718911
0.5105467
0.4905947
0.4933755
0.4444720
0.5199248
0.5244347
0.5277073
0.5178339
0.4891481
0.4889803
0.4941272
0.4746305
0.4895667
0.4867277
0.4907361
0.4944580
0.5268203
0.5194394
0.4854455
0.5049498
0.5238726
0.5154780
0.5126099
0.4732136
0.4766560
0.4824499
0.5056189
0.4973296
0.4831032
0.5155620
0.5108897
0.5224871
0.5006461
0.5084308
0.5194809
0.4791662
0.5106858
0.5364251
0.4760680
0.4718911
0.5105467
0.4905947
0.4933755
0.4444720
0.5199248
0.5244347
0.5277073
0.5178339
0.4891481
0.4889803
0.4941272
0.4746305
0.4895667
0.4867277
0.4907361
0.4944580
0.5268203
0.5194394
0.4854455
0.5049498
0.5238726
0.5154780
0.5126099
0.4732136
0.4766560
0.4824499
0.5056189
0.4973296
0.4831032
0.5155620
0.5108897
0.5224871
0.5006461
0.5084308
0.5194809
0.4791662
0.5106858
0.5364251
0.4760680
0.4718911
0.5105467
0.4905947
0.4933755
0.4444720
0.5199248
0.5244347
0.5277073
0.5178339
0.4891481
0.4889803
0.4941272
0.4746305
0.4895667
0.4867277
0.4907361
0.4944580
0.5268203
0.5194394
0.4854455
0.5049498
0.5238726
0.5154780
0.5126099
0.4732136
0.4766560
0.4824499
0.5056189
0.4973296
0.4831032
0.5155620
0.5108897
0.5224871
0.5006461
0.5084308
0.5194809
0.4791662
0.5106858
0.5364251
0.4760680
0.4718911
0.5105467
0.4905947
0.4933755
0.4444720
0.5199248
0.5244347
0.5277073
0.5178339
0.4891481
0.4889803
0.4941272
0.4746305
0.4895667
0.4867277
0.4907361
0.4944580
0.5268203
0.5194394
0.4854455
0.5049498
0.5238726
0.5154780
0.5126099
0.4732136
0.4766560
0.4824499
0.5056189
0.4973296
0.4831032
0.5155620
0.5108897
0.5224871
0.5006461
0.5084308
0.5194809
0.4791662
0.5106858
0.5364251
0.4760680
0.4718911
0.5105467
0.4905947
0.4933755
0.4444720
0.5199248
0.5244347
0.5277073
0.5178339
0.4891481
0.4889803
0.4941272
0.4746305
0.4895667
0.4867277
0.4907361
0.4944580
0.5268203
0.5194394
0.4854455
0.5049498
0.5238726
0.5154780
0.5126099
0.4732136
0.4766560
0.4824499
0.5056189
0.4973296
0.4831032
0.5155620
0.5108897
0.5224871
0.5006461
0.5084308
0.5194809
0.4791662
0.5106858
0.5364251
0.4760680
0.4718911
0.5105467
0.4905947
0.4933755
0.4444720
0.5199248
0.5244347
0.5277073
0.5178339
0.4891481
0.4889803
0.4941272
0.4746305
0.4895667
0.4867277
0.4907361
0.4944580
0.5268203
