0.9589457
1.0303048
1.0512191
0.9145192
0.9035093
0.9881452
1.0286580
1.0531195
0.9266866
0.9712230
0.9887788
1.0056235
1.0393652
0.9817175
1.0736126
0.9339375
1.0421908
1.0463552
0.9452586
1.0147702
0.9920658
0.9654173
1.0003151
0.9573678
0.9618827
0.9959767
1.0063193
1.0017872
1.0018765
0.9588134
1.0309389
0.9536602
1.0416289
0.9748011
0.9901088
0.9775646
1.0051912
1.0366483
0.9542740
1.0802037
0.9589457
1.0303048
1.0512191
0.9145192
0.9035093
0.9881452
1.0286580
1.0531195
0.9266866
0.9712230
0.9887788
1.0056235
1.0393652
0.9817175
1.0736126
0.9339375
1.0421908
1.0463552
0.9452586
1.0147702
0.9920658
0.9654173
1.0003151
0.9573678
0.9618827
0.9959767
1.0063193
1.0017872
1.0018765
0.9588134
1.0309389
0.9536602
1.0416289
0.9748011
0.9901088
0.9775646
1.0051912
1.0366483
0.9542740
1.0802037
0.9589457
1.0303048
1.0512191
0.9145192
0.9035093
0.9881452
1.0286580
1.0531195
0.9266866
0.9712230
0.9887788
1.0056235
1.0393652
0.9817175
1.0736126
0.9339375
1.0421908
1.0463552
0.9452586
1.0147702
0.9920658
0.9654173
1.0003151
0.9573678
0.9618827
0.9959767
1.0063193
1.0017872
1.0018765
0.9588134
1.0309389
0.9536602
1.0416289
0.9748011
0.9901088
0.9775646
1.0051912
1.0366483
0.9542740
1.0802037
0.9589457
1.0303048
1.0512191
0.9145192
0.9035093
0.9881452
1.0286580
1.0531195
0.9266866
0.9712230
0.9887788
1.0056235
1.0393652
0.9817175
1.0736126
0.9339375
1.0421908
1.0463552
0.9452586
1.0147702
0.9920658
0.9654173
1.0003151
0.9573678
0.9618827
0.9959767
1.0063193
1.0017872
1.0018765
0.9588134
1.0309389
0.9536602
1.0416289
0.9748011
0.9901088
0.9775646
1.0051912
1.0366483
0.9542740
1.0802037
0.9589457
1.0303048
1.0512191
0.9145192
0.9035093
0.9881452
1.0286580
1.0531195
0.9266866
0.9712230
0.9887788
1.0056235
1.0393652
0.9817175
1.0736126
0.9339375
1.0421908
1.0463552
0.9452586
1.0147702
0.9920658
0.9654173
1.0003151
0.9573678
0.9618827
0.9959767
1.0063193
1.0017872
1.0018765
0.9588134
1.0309389
0.9536602
1.0416289
0.9748011
0.9901088
0.9775646
1.0051912
1.0366483
0.9542740
1.0802037
0.9589457
1.0303048
1.0512191
0.9145192
0.9035093
0.9881452
1.0286580
1.0531195
0.9266866
0.9712230
0.9887788
1.0056235
1.0393652
0.9817175
1.0736126
0.9339375
1.0421908
1.0463552
0.9452586
1.0147702
0.9920658
0.9654173
1.0003151
0.9573678
0.9618827
0.9959767
1.0063193
1.0017872
1.0018765
0.9588134
1.0309389
0.9536602
1.0416289
0.9748011
0.9901088
0.9775646
1.0051912
1.0366483
0.9542740
1.0802037
0.9589457
1.0303048
1.0512191
0.9145192
0.9035093
0.9881452
1.0286580
1.0531195
0.9266866
0.9712230
0.9887788
1.0056235
1.0393652
0.9817175
1.0736126
0.9339375
1.0421908
1.0463552
0.9452586
1.0147702
0.9920658
0.9654173
1.0003151
0.9573678
0.9618827
0.9959767
1.0063193
1.0017872
1.0018765
0.9588134
1.0309389
0.9536602
1.0416289
0.9748011
0.9901088
0.9775646
1.0051912
1.0366483
0.9542740
1.0802037
0.9589457
1.0303048
1.0512191
0.9145192
0.9035093
0.9881452
1.0286580
1.0531195
0.9266866
0.9712230
0.9887788
1.0056235
1.0393652
0.9817175
1.0736126
0.9339375
1.0421908
1.0463552
0.9452586
1.0147702
0.9920658
0.9654173
1.0003151
0.9573678
0.9618827
0.9959767
1.0063193
1.0017872
1.0018765
0.9588134
1.0309389
0.9536602
1.0416289
0.9748011
0.9901088
0.9775646
1.0051912
1.0366483
0.9542740
1.0802037
0.9589457
1.0303048
1.0512191
0.9145192
0.9035093
0.9881452
1.0286580
1.0531195
0.9266866
0.9712230
0.9887788
1.0056235
1.0393652
0.9817175
1.0736126
0.9339375
1.0421908
1.0463552
0.9452586
1.0147702
0.9920658
0.9654173
1.0003151
0.9573678
0.9618827
0.9959767
1.0063193
1.0017872
1.0018765
0.9588134
1.0309389
0.9536602
1.0416289
0.9748011
0.9901088
0.9775646
1.0051912
1.0366483
0.9542740
1.0802037
0.9589457
1.0303048
1.0512191
0.9145192
0.9035093
0.9881452
1.0286580
1.0531195
0.9266866
0.9712230
0.9887788
1.0056235
1.0393652
0.9817175
1.0736126
0.9339375
1.0421908
1.0463552
0.9452586
1.0147702
0.9920658
0.9654173
1.0003151
0.9573678
0.9618827
0.9959767
1.0063193
1.0017872
1.0018765
0.9588134
1.0309389
0.9536602
1.0416289
0.9748011
0.9901088
0.9775646
1.0051912
1.0366483
0.9542740
1.0802037
0.9589457
1.0303048
1.0512191
0.9145192
0.9035093
0.9881452
1.0286580
1.0531195
0.9266866
0.9712230
0.9887788
1.0056235
1.0393652
0.9817175
1.0736126
0.9339375
1.0421908
1.0463552
0.9452586
1.0147702
0.9920658
0.9654173
1.0003151
0.9573678
0.9618827
0.9959767
1.0063193
1.0017872
1.0018765
0.9588134
1.0309389
0.9536602
1.0416289
0.9748011
0.9901088
0.9775646
1.0051912
1.0366483
0.9542740
1.0802037
0.9589457
1.0303048
1.0512191
0.9145192
0.9035093
0.9881452
1.0286580
1.0531195
0.9266866
0.9712230
0.9887788
1.0056235
1.0393652
0.9817175
1.0736126
0.9339375
1.0421908
1.0463552
0.9452586
1.0147702
0.9920658
0.9654173
1.0003151
0.9573678
0.9618827
0.9959767
1.0063193
1.0017872
1.0018765
0.9588134
1.0309389
0.9536602
1.0416289
0.9748011
0.9901088
0.9775646
1.0051912
1.0366483
0.9542740
1.0802037
0.9589457
1.0303048
1.0512191
0.9145192
0.9035093
0.9881452
1.0286580
1.0531195
0.9266866
0.9712230
0.9887788
1.0056235
1.0393652
0.9817175
1.0736126
0.9339375
1.0421908
1.0463552
0.9452586
1.0147702
0.9920658
0.9654173
1.0003151
0.9573678
0.9618827
0.9959767
1.0063193
1.0017872
1.0018765
0.9588134
1.0309389
0.9536602
1.0416289
0.9748011
0.9901088
0.9775646
1.0051912
1.0366483
0.9542740
1.0802037
0.9589457
1.0303048
1.0512191
0.9145192
0.9035093
0.9881452
1.0286580
1.0531195
0.9266866
0.9712230
0.9887788
1.0056235
1.0393652
0.9817175
1.0736126
0.9339375
1.0421908
1.0463552
0.9452586
1.0147702
0.9920658
0.9654173
1.0003151
0.9573678
0.9618827
0.9959767
1.0063193
1.0017872
1.0018765
0.9588134
1.0309389
0.9536602
1.0416289
0.9748011
0.9901088
0.9775646
1.0051912
1.0366483
0.9542740
1.0802037
0.9589457
1.0303048
1.0512191
0.9145192
0.9035093
0.9881452
1.0286580
1.0531195
0.9266866
0.9712230
0.9887788
1.0056235
1.0393652
0.9817175
1.0736126
0.9339375
1.0421908
1.0463552
0.9452586
1.0147702
0.9920658
0.9654173
1.0003151
0.9573678
0.9618827
0.9959767
1.0063193
1.0017872
1.0018765
0.9588134
1.0309389
0.9536602
1.0416289
0.9748011
0.9901088
0.9775646
1.0051912
1.0366483
0.9542740
1.0802037
0.9589457
1.0303048
1.0512191
0.9145192
0.9035093
0.9881452
1.0286580
1.0531195
0.9266866
0.9712230
0.9887788
1.0056235
1.0393652
0.9817175
1.0736126
0.9339375
1.0421908
1.0463552
0.9452586
1.0147702
0.9920658
0.9654173
1.0003151
0.9573678
0.9618827
0.9959767
1.0063193
1.0017872
1.0018765
0.9588134
1.0309389
0.9536602
1.0416289
0.9748011
0.9901088
0.9775646
1.0051912
1.0366483
0.9542740
1.0802037
0.9589457
1.0303048
1.0512191
0.9145192
0.9035093
0.9881452
1.0286580
1.0531195
0.9266866
0.9712230
0.9887788
1.0056235
1.0393652
0.9817175
1.0736126
0.9339375
1.0421908
1.0463552
0.9452586
1.0147702
0.9920658
0.9654173
1.0003151
0.9573678
0.9618827
0.9959767
1.0063193
1.0017872
1.0018765
0.9588134
1.0309389
0.9536602
1.0416289
0.9748011
0.9901088
0.9775646
1.0051912
1.0366483
0.9542740
1.0802037
0.9589457
1.0303048
1.0512191
0.9145192
0.9035093
0.9881452
1.0286580
1.0531195
0.9266866
0.9712230
0.9887788
1.0056235
1.0393652
0.9817175
1.0736126
0.9339375
1.0421908
1.0463552
0.9452586
1.0147702
0.9920658
0.9654173
1.0003151
0.9573678
0.9618827
0.9959767
1.0063193
1.0017872
1.0018765
0.9588134
1.0309389
0.9536602
1.0416289
0.9748011
0.9901088
0.9775646
1.0051912
1.0366483
0.9542740
1.0802037
0.9589457
1.0303048
1.0512191
0.9145192
0.9035093
0.9881452
1.0286580
1.0531195
0.9266866
0.9712230
0.9887788
1.0056235
1.0393652
0.9817175
1.0736126
0.9339375
1.0421908
1.0463552
0.9452586
1.0147702
0.9920658
0.9654173
1.0003151
0.9573678
0.9618827
0.9959767
1.0063193
1.0017872
1.0018765
0.9588134
1.0309389
0.9536602
1.0416289
0.9748011
0.9901088
0.9775646
1.0051912
1.0366483
0.9542740
1.0802037
0.9589457
1.0303048
1.0512191
0.9145192
0.9035093
0.9881452
1.0286580
1.0531195
0.9266866
0.9712230
0.9887788
1.0056235
1.0393652
0.9817175
1.0736126
0.9339375
1.0421908
1.0463552
0.9452586
1.0147702
0.9920658
0.9654173
1.0003151
0.9573678
0.9618827
0.9959767
1.0063193
1.0017872
1.0018765
0.9588134
1.0309389
0.9536602
1.0416289
0.9748011
0.9901088
0.9775646
1.0051912
1.0366483
0.9542740
1.0802037
0.9589457
1.0303048
1.0512191
0.9145192
0.9035093
0.9881452
1.0286580
1.0531195
0.9266866
0.9712230
0.9887788
1.0056235
1.0393652
0.9817175
1.0736126
0.9339375
1.0421908
1.0463552
0.9452586
1.0147702
0.9920658
0.9654173
1.0003151
0.9573678
0.9618827
0.9959767
1.0063193
1.0017872
1.0018765
0.9588134
1.0309389
0.9536602
1.0416289
0.9748011
0.9901088
0.9775646
1.0051912
1.0366483
0.9542740
1.0802037
0.9589457
1.0303048
1.0512191
0.9145192
0.9035093
0.9881452
1.0286580
1.0531195
0.9266866
0.9712230
0.9887788
1.0056235
1.0393652
0.9817175
1.0736126
0.9339375
1.0421908
1.0463552
0.9452586
1.0147702
0.9920658
0.9654173
1.0003151
0.9573678
0.9618827
0.9959767
1.0063193
1.0017872
1.0018765
0.9588134
1.0309389
0.9536602
1.0416289
0.9748011
0.9901088
0.9775646
1.0051912
1.0366483
0.9542740
1.0802037
0.9589457
1.0303048
1.0512191
0.9145192
0.9035093
0.9881452
1.0286580
1.0531195
0.9266866
0.9712230
0.9887788
1.0056235
1.0393652
0.9817175
1.0736126
0.9339375
1.0421908
1.0463552
0.9452586
1.0147702
0.9920658
0.9654173
1.0003151
0.9573678
0.9618827
0.9959767
1.0063193
1.0017872
1.0018765
0.9588134
1.0309389
0.9536602
1.0416289
0.9748011
0.9901088
0.9775646
1.0051912
1.0366483
0.9542740
1.0802037
0.9589457
1.0303048
1.0512191
0.9145192
0.9035093
0.9881452
1.0286580
1.0531195
0.9266866
0.9712230
0.9887788
1.0056235
1.0393652
0.9817175
1.0736126
0.9339375
1.0421908
1.0463552
0.9452586
1.0147702
0.9920658
0.9654173
1.0003151
0.9573678
0.9618827
0.9959767
1.0063193
1.0017872
1.0018765
0.9588134
1.0309389
0.9536602
1.0416289
0.9748011
0.9901088
0.9775646
1.0051912
1.0366483
0.9542740
1.0802037
0.9589457
1.0303048
1.0512191
0.9145192
0.9035093
0.9881452
1.0286580
1.0531195
0.9266866
0.9712230
0.9887788
1.0056235
1.0393652
0.9817175
1.0736126
0.9339375
1.0421908
1.0463552
0.9452586
1.0147702
0.9920658
0.9654173
1.0003151
0.9573678
0.9618827
0.9959767
1.0063193
1.0017872
1.0018765
0.9588134
1.0309389
0.9536602
1.0416289
0.9748011
0.9901088
0.9775646
1.0051912
1.0366483
0.9542740
1.0802037
0.9589457
1.0303048
1.0512191
0.9145192
0.9035093
0.9881452
1.0286580
1.0531195
0.9266866
0.9712230
0.9887788
1.0056235
1.0393652
0.9817175
1.0736126
0.9339375
1.0421908
1.0463552
0.9452586
1.0147702
0.9920658
0.9654173
1.0003151
0.9573678
0.9618827
0.9959767
1.0063193
1.0017872
1.0018765
0.9588134
1.0309389
0.9536602
1.0416289
0.9748011
0.9901088
0.9775646
1.0051912
1.0366483
0.9542740
1.0802037
0.9589457
1.0303048
1.0512191
0.9145192
0.9035093
0.9881452
1.0286580
1.0531195
0.9266866
0.9712230
0.9887788
1.0056235
1.0393652
0.9817175
1.0736126
0.9339375
1.0421908
1.0463552
0.9452586
1.0147702
0.9920658
0.9654173
1.0003151
0.9573678
0.9618827
0.9959767
1.0063193
1.0017872
1.0018765
0.9588134
1.0309389
0.9536602
1.0416289
0.9748011
0.9901088
0.9775646
1.0051912
1.0366483
0.9542740
1.0802037
0.9589457
1.0303048
1.0512191
0.9145192
0.9035093
0.9881452
1.0286580
1.0531195
0.9266866
0.9712230
0.9887788
1.0056235
1.0393652
0.9817175
1.0736126
0.9339375
1.0421908
1.0463552
0.9452586
1.0147702
0.9920658
0.9654173
1.0003151
0.9573678
0.9618827
0.9959767
1.0063193
1.0017872
1.0018765
0.9588134
1.0309389
0.9536602
1.0416289
0.9748011
0.9901088
0.9775646
1.0051912
1.0366483
0.9542740
1.0802037
0.9589457
1.0303048
1.0512191
0.9145192
0.9035093
0.9881452
1.0286580
1.0531195
0.9266866
0.9712230
0.9887788
1.0056235
1.0393652
0.9817175
1.0736126
0.9339375
1.0421908
1.0463552
0.9452586
1.0147702
0.9920658
0.9654173
1.0003151
0.9573678
0.9618827
0.9959767
1.0063193
1.0017872
1.0018765
0.9588134
1.0309389
0.9536602
1.0416289
0.9748011
0.9901088
0.9775646
1.0051912
1.0366483
0.9542740
1.0802037
0.9589457
1.0303048
1.0512191
0.9145192
0.9035093
0.9881452
1.0286580
1.0531195
0.9266866
0.9712230
0.9887788
1.0056235
1.0393652
0.9817175
1.0736126
0.9339375
1.0421908
1.0463552
0.9452586
1.0147702
0.9920658
0.9654173
1.0003151
0.9573678
0.9618827
0.9959767
1.0063193
1.0017872
1.0018765
0.9588134
1.0309389
0.9536602
1.0416289
0.9748011
0.9901088
0.9775646
1.0051912
1.0366483
0.9542740
1.0802037
0.9589457
1.0303048
1.0512191
0.9145192
0.9035093
0.9881452
1.0286580
1.0531195
0.9266866
0.9712230
0.9887788
1.0056235
1.0393652
0.9817175
1.0736126
0.9339375
1.0421908
1.0463552
0.9452586
1.0147702
0.9920658
0.9654173
1.0003151
0.9573678
0.9618827
0.9959767
1.0063193
1.0017872
1.0018765
0.9588134
1.0309389
0.9536602
1.0416289
0.9748011
0.9901088
0.9775646
1.0051912
1.0366483
0.9542740
1.0802037
0.9589457
1.0303048
1.0512191
0.9145192
0.9035093
0.9881452
1.0286580
1.0531195
0.9266866
0.9712230
0.9887788
1.0056235
1.0393652
0.9817175
1.0736126
0.9339375
1.0421908
1.0463552
0.9452586
1.0147702
0.9920658
0.9654173
1.0003151
0.9573678
0.9618827
0.9959767
1.0063193
1.0017872
1.0018765
0.9588134
1.0309389
0.9536602
1.0416289
0.9748011
0.9901088
0.9775646
1.0051912
1.0366483
0.9542740
1.0802037
0.9589457
1.0303048
1.0512191
0.9145192
0.9035093
0.9881452
1.0286580
1.0531195
0.9266866
0.9712230
0.9887788
1.0056235
1.0393652
0.9817175
1.0736126
0.9339375
1.0421908
1.0463552
0.9452586
1.0147702
0.9920658
0.9654173
1.0003151
0.9573678
0.9618827
0.9959767
1.0063193
1.0017872
1.0018765
0.9588134
1.0309389
0.9536602
1.0416289
0.9748011
0.9901088
0.9775646
1.0051912
1.0366483
0.9542740
1.0802037
0.9589457
1.0303048
1.0512191
0.9145192
0.9035093
0.9881452
1.0286580
1.0531195
0.9266866
0.9712230
0.9887788
1.0056235
1.0393652
0.9817175
1.0736126
0.9339375
1.0421908
1.0463552
0.9452586
1.0147702
0.9920658
0.9654173
1.0003151
0.9573678
0.9618827
0.9959767
1.0063193
1.0017872
1.0018765
0.9588134
1.0309389
0.9536602
1.0416289
0.9748011
0.9901088
0.9775646
1.0051912
1.0366483
0.9542740
1.0802037
0.9589457
1.0303048
1.0512191
0.9145192
0.9035093
0.9881452
1.0286580
1.0531195
0.9266866
0.9712230
0.9887788
1.0056235
1.0393652
0.9817175
1.0736126
0.9339375
1.0421908
1.0463552
0.9452586
1.0147702
0.9920658
0.9654173
1.0003151
0.9573678
0.9618827
0.9959767
1.0063193
1.0017872
1.0018765
0.9588134
1.0309389
0.9536602
1.0416289
0.9748011
0.9901088
0.9775646
1.0051912
1.0366483
0.9542740
1.0802037
0.9589457
1.0303048
1.0512191
0.9145192
0.9035093
0.9881452
1.0286580
1.0531195
0.9266866
0.9712230
0.9887788
1.0056235
1.0393652
0.9817175
1.0736126
0.9339375
1.0421908
1.0463552
0.9452586
1.0147702
0.9920658
0.9654173
1.0003151
0.9573678
0.9618827
0.9959767
1.0063193
1.0017872
1.0018765
0.9588134
1.0309389
0.9536602
1.0416289
0.9748011
0.9901088
0.9775646
1.0051912
1.0366483
0.9542740
1.0802037
0.9589457
1.0303048
1.0512191
0.9145192
0.9035093
0.9881452
1.0286580
1.0531195
0.9266866
0.9712230
0.9887788
1.0056235
1.0393652
0.9817175
1.0736126
0.9339375
1.0421908
1.0463552
0.9452586
1.0147702
0.9920658
0.9654173
1.0003151
0.9573678
0.9618827
0.9959767
1.0063193
1.0017872
1.0018765
0.9588134
1.0309389
0.9536602
1.0416289
0.9748011
0.9901088
0.9775646
1.0051912
1.0366483
0.9542740
1.0802037
0.9589457
1.0303048
1.0512191
0.9145192
0.9035093
0.9881452
1.0286580
1.0531195
0.9266866
0.9712230
0.9887788
1.0056235
1.0393652
0.9817175
1.0736126
0.9339375
1.0421908
1.0463552
0.9452586
1.0147702
0.9920658
0.9654173
1.0003151
0.9573678
0.9618827
0.9959767
1.0063193
1.0017872
1.0018765
0.9588134
1.0309389
0.9536602
1.0416289
0.9748011
0.9901088
0.9775646
1.0051912
1.0366483
0.9542740
1.0802037
0.9589457
1.0303048
1.0512191
0.9145192
0.9035093
0.9881452
1.0286580
1.0531195
0.9266866
0.9712230
0.9887788
1.0056235
1.0393652
0.9817175
1.0736126
0.9339375
1.0421908
1.0463552
0.9452586
1.0147702
0.9920658
0.9654173
1.0003151
0.9573678
0.9618827
0.9959767
1.0063193
1.0017872
1.0018765
0.9588134
1.0309389
0.9536602
1.0416289
0.9748011
0.9901088
0.9775646
1.0051912
1.0366483
0.9542740
1.0802037
0.9589457
1.0303048
1.0512191
0.9145192
0.9035093
0.9881452
1.0286580
1.0531195
0.9266866
0.9712230
0.9887788
1.0056235
1.0393652
0.9817175
1.0736126
0.9339375
1.0421908
1.0463552
0.9452586
1.0147702
0.9920658
0.9654173
1.0003151
0.9573678
0.9618827
0.9959767
1.0063193
1.0017872
1.0018765
0.9588134
1.0309389
0.9536602
1.0416289
0.9748011
0.9901088
0.9775646
1.0051912
1.0366483
0.9542740
1.0802037
0.9589457
1.0303048
1.0512191
0.9145192
0.9035093
0.9881452
1.0286580
1.0531195
0.9266866
0.9712230
0.9887788
1.0056235
1.0393652
0.9817175
1.0736126
0.9339375
1.0421908
1.0463552
0.9452586
1.0147702
0.9920658
0.9654173
1.0003151
0.9573678
0.9618827
0.9959767
1.0063193
1.0017872
1.0018765
0.9588134
1.0309389
0.9536602
1.0416289
0.9748011
0.9901088
0.9775646
1.0051912
1.0366483
0.9542740
1.0802037
0.9589457
1.0303048
1.0512191
0.9145192
0.9035093
0.9881452
1.0286580
1.0531195
0.9266866
0.9712230
0.9887788
1.0056235
1.0393652
0.9817175
1.0736126
0.9339375
1.0421908
1.0463552
0.9452586
1.0147702
0.9920658
0.9654173
1.0003151
0.9573678
0.9618827
0.9959767
1.0063193
1.0017872
1.0018765
0.9588134
1.0309389
0.9536602
1.0416289
0.9748011
0.9901088
0.9775646
1.0051912
1.0366483
0.9542740
1.0802037
0.9589457
1.0303048
1.0512191
0.9145192
0.9035093
0.9881452
1.0286580
1.0531195
0.9266866
0.9712230
0.9887788
1.0056235
1.0393652
0.9817175
1.0736126
0.9339375
1.0421908
1.0463552
0.9452586
1.0147702
0.9920658
0.9654173
1.0003151
0.9573678
0.9618827
0.9959767
1.0063193
1.0017872
1.0018765
0.9588134
1.0309389
0.9536602
1.0416289
0.9748011
0.9901088
0.9775646
1.0051912
1.0366483
0.9542740
1.0802037
0.9589457
1.0303048
1.0512191
0.9145192
0.9035093
0.9881452
1.0286580
1.0531195
0.9266866
0.9712230
0.9887788
1.0056235
1.0393652
0.9817175
1.0736126
0.9339375
1.0421908
1.0463552
0.9452586
1.0147702
0.9920658
0.9654173
1.0003151
0.9573678
0.9618827
0.9959767
1.0063193
1.0017872
1.0018765
0.9588134
1.0309389
0.9536602
1.0416289
0.9748011
0.9901088
0.9775646
1.0051912
1.0366483
0.9542740
1.0802037
0.9589457
1.0303048
1.0512191
0.9145192
0.9035093
0.9881452
1.0286580
1.0531195
0.9266866
0.9712230
0.9887788
1.0056235
1.0393652
0.9817175
1.0736126
0.9339375
1.0421908
1.0463552
0.9452586
1.0147702
0.9920658
0.9654173
1.0003151
0.9573678
0.9618827
0.9959767
1.0063193
1.0017872
1.0018765
0.9588134
1.0309389
0.9536602
1.0416289
0.9748011
0.9901088
0.9775646
1.0051912
1.0366483
0.9542740
1.0802037
0.9589457
1.0303048
1.0512191
0.9145192
0.9035093
0.9881452
1.0286580
1.0531195
0.9266866
0.9712230
0.9887788
1.0056235
1.0393652
0.9817175
1.0736126
0.9339375
1.0421908
1.0463552
0.9452586
1.0147702
0.9920658
0.9654173
1.0003151
0.9573678
0.9618827
0.9959767
1.0063193
1.0017872
1.0018765
0.9588134
1.0309389
0.9536602
1.0416289
0.9748011
0.9901088
0.9775646
1.0051912
1.0366483
0.9542740
1.0802037
0.9589457
1.0303048
1.0512191
0.9145192
0.9035093
0.9881452
1.0286580
1.0531195
0.9266866
0.9712230
0.9887788
1.0056235
1.0393652
0.9817175
1.0736126
0.9339375
1.0421908
1.0463552
0.9452586
1.0147702
0.9920658
0.9654173
1.0003151
0.9573678
0.9618827
0.9959767
1.0063193
1.0017872
1.0018765
0.9588134
1.0309389
0.9536602
1.0416289
0.9748011
0.9901088
0.9775646
1.0051912
1.0366483
0.9542740
1.0802037
0.9589457
1.0303048
1.0512191
0.9145192
0.9035093
0.9881452
1.0286580
1.0531195
0.9266866
0.9712230
0.9887788
1.0056235
1.0393652
0.9817175
1.0736126
0.9339375
1.0421908
1.0463552
0.9452586
1.0147702
0.9920658
0.9654173
1.0003151
0.9573678
0.9618827
0.9959767
1.0063193
1.0017872
1.0018765
0.9588134
1.0309389
0.9536602
1.0416289
0.9748011
0.9901088
0.9775646
1.0051912
1.0366483
0.9542740
1.0802037
0.9589457
1.0303048
1.0512191
0.9145192
0.9035093
0.9881452
1.0286580
1.0531195
0.9266866
0.9712230
0.9887788
1.0056235
1.0393652
0.9817175
1.0736126
0.9339375
1.0421908
1.0463552
0.9452586
1.0147702
0.9920658
0.9654173
1.0003151
0.9573678
0.9618827
0.9959767
1.0063193
1.0017872
1.0018765
0.9588134
1.0309389
0.9536602
1.0416289
0.9748011
0.9901088
0.9775646
1.0051912
1.0366483
0.9542740
1.0802037
0.9589457
1.0303048
1.0512191
0.9145192
0.9035093
0.9881452
1.0286580
1.0531195
0.9266866
0.9712230
0.9887788
1.0056235
1.0393652
0.9817175
1.0736126
0.9339375
1.0421908
1.0463552
0.9452586
1.0147702
0.9920658
0.9654173
1.0003151
0.9573678
0.9618827
0.9959767
1.0063193
1.0017872
1.0018765
0.9588134
1.0309389
0.9536602
1.0416289
0.9748011
0.9901088
0.9775646
1.0051912
1.0366483
0.9542740
1.0802037
