0.9751422
1.0364124
1.0575543
0.9875550
1.0053547
1.0494609
0.9761565
1.0924148
0.9760528
1.0414234
0.9943670
1.0103671
1.0239297
0.9907777
1.0027033
1.0438916
0.9464485
1.0146302
1.0111250
0.9323115
0.9732729
1.0127581
0.9983282
0.9494902
1.0154427
1.0247721
0.9804807
0.9930112
0.9727271
1.0204642
1.0377444
1.0161415
1.0994945
1.0340470
1.0306419
0.9843185
1.0206045
0.9979247
0.9725834
0.9960709
0.9751422
1.0364124
1.0575543
0.9875550
1.0053547
1.0494609
0.9761565
1.0924148
0.9760528
1.0414234
0.9943670
1.0103671
1.0239297
0.9907777
1.0027033
1.0438916
0.9464485
1.0146302
1.0111250
0.9323115
0.9732729
1.0127581
0.9983282
0.9494902
1.0154427
1.0247721
0.9804807
0.9930112
0.9727271
1.0204642
1.0377444
1.0161415
1.0994945
1.0340470
1.0306419
0.9843185
1.0206045
0.9979247
0.9725834
0.9960709
0.9751422
1.0364124
1.0575543
0.9875550
1.0053547
1.0494609
0.9761565
1.0924148
0.9760528
1.0414234
0.9943670
1.0103671
1.0239297
0.9907777
1.0027033
1.0438916
0.9464485
1.0146302
1.0111250
0.9323115
0.9732729
1.0127581
0.9983282
0.9494902
1.0154427
1.0247721
0.9804807
0.9930112
0.9727271
1.0204642
1.0377444
1.0161415
1.0994945
1.0340470
1.0306419
0.9843185
1.0206045
0.9979247
0.9725834
0.9960709
0.9751422
1.0364124
1.0575543
0.9875550
1.0053547
1.0494609
0.9761565
1.0924148
0.9760528
1.0414234
0.9943670
1.0103671
1.0239297
0.9907777
1.0027033
1.0438916
0.9464485
1.0146302
1.0111250
0.9323115
0.9732729
1.0127581
0.9983282
0.9494902
1.0154427
1.0247721
0.9804807
0.9930112
0.9727271
1.0204642
1.0377444
1.0161415
1.0994945
1.0340470
1.0306419
0.9843185
1.0206045
0.9979247
0.9725834
0.9960709
0.9751422
1.0364124
1.0575543
0.9875550
1.0053547
1.0494609
0.9761565
1.0924148
0.9760528
1.0414234
0.9943670
1.0103671
1.0239297
0.9907777
1.0027033
1.0438916
0.9464485
1.0146302
1.0111250
0.9323115
0.9732729
1.0127581
0.9983282
0.9494902
1.0154427
1.0247721
0.9804807
0.9930112
0.9727271
1.0204642
1.0377444
1.0161415
1.0994945
1.0340470
1.0306419
0.9843185
1.0206045
0.9979247
0.9725834
0.9960709
0.9751422
1.0364124
1.0575543
0.9875550
1.0053547
1.0494609
0.9761565
1.0924148
0.9760528
1.0414234
0.9943670
1.0103671
1.0239297
0.9907777
1.0027033
1.0438916
0.9464485
1.0146302
1.0111250
0.9323115
0.9732729
1.0127581
0.9983282
0.9494902
1.0154427
1.0247721
0.9804807
0.9930112
0.9727271
1.0204642
1.0377444
1.0161415
1.0994945
1.0340470
1.0306419
0.9843185
1.0206045
0.9979247
0.9725834
0.9960709
0.9751422
1.0364124
1.0575543
0.9875550
1.0053547
1.0494609
0.9761565
1.0924148
0.9760528
1.0414234
0.9943670
1.0103671
1.0239297
0.9907777
1.0027033
1.0438916
0.9464485
1.0146302
1.0111250
0.9323115
0.9732729
1.0127581
0.9983282
0.9494902
1.0154427
1.0247721
0.9804807
0.9930112
0.9727271
1.0204642
1.0377444
1.0161415
1.0994945
1.0340470
1.0306419
0.9843185
1.0206045
0.9979247
0.9725834
0.9960709
0.9751422
1.0364124
1.0575543
0.9875550
1.0053547
1.0494609
0.9761565
1.0924148
0.9760528
1.0414234
0.9943670
1.0103671
1.0239297
0.9907777
1.0027033
1.0438916
0.9464485
1.0146302
1.0111250
0.9323115
0.9732729
1.0127581
0.9983282
0.9494902
1.0154427
1.0247721
0.9804807
0.9930112
0.9727271
1.0204642
1.0377444
1.0161415
1.0994945
1.0340470
1.0306419
0.9843185
1.0206045
0.9979247
0.9725834
0.9960709
0.9751422
1.0364124
1.0575543
0.9875550
1.0053547
1.0494609
0.9761565
1.0924148
0.9760528
1.0414234
0.9943670
1.0103671
1.0239297
0.9907777
1.0027033
1.0438916
0.9464485
1.0146302
1.0111250
0.9323115
0.9732729
1.0127581
0.9983282
0.9494902
1.0154427
1.0247721
0.9804807
0.9930112
0.9727271
1.0204642
1.0377444
1.0161415
1.0994945
1.0340470
1.0306419
0.9843185
1.0206045
0.9979247
0.9725834
0.9960709
0.9751422
1.0364124
1.0575543
0.9875550
1.0053547
1.0494609
0.9761565
1.0924148
0.9760528
1.0414234
0.9943670
1.0103671
1.0239297
0.9907777
1.0027033
1.0438916
0.9464485
1.0146302
1.0111250
0.9323115
0.9732729
1.0127581
0.9983282
0.9494902
1.0154427
1.0247721
0.9804807
0.9930112
0.9727271
1.0204642
1.0377444
1.0161415
1.0994945
1.0340470
1.0306419
0.9843185
1.0206045
0.9979247
0.9725834
0.9960709
0.9751422
1.0364124
1.0575543
0.9875550
1.0053547
1.0494609
0.9761565
1.0924148
0.9760528
1.0414234
0.9943670
1.0103671
1.0239297
0.9907777
1.0027033
1.0438916
0.9464485
1.0146302
1.0111250
0.9323115
0.9732729
1.0127581
0.9983282
0.9494902
1.0154427
1.0247721
0.9804807
0.9930112
0.9727271
1.0204642
1.0377444
1.0161415
1.0994945
1.0340470
1.0306419
0.9843185
1.0206045
0.9979247
0.9725834
0.9960709
0.9751422
1.0364124
1.0575543
0.9875550
1.0053547
1.0494609
0.9761565
1.0924148
0.9760528
1.0414234
0.9943670
1.0103671
1.0239297
0.9907777
1.0027033
1.0438916
0.9464485
1.0146302
1.0111250
0.9323115
0.9732729
1.0127581
0.9983282
0.9494902
1.0154427
1.0247721
0.9804807
0.9930112
0.9727271
1.0204642
1.0377444
1.0161415
1.0994945
1.0340470
1.0306419
0.9843185
1.0206045
0.9979247
0.9725834
0.9960709
0.9751422
1.0364124
1.0575543
0.9875550
1.0053547
1.0494609
0.9761565
1.0924148
0.9760528
1.0414234
0.9943670
1.0103671
1.0239297
0.9907777
1.0027033
1.0438916
0.9464485
1.0146302
1.0111250
0.9323115
0.9732729
1.0127581
0.9983282
0.9494902
1.0154427
1.0247721
0.9804807
0.9930112
0.9727271
1.0204642
1.0377444
1.0161415
1.0994945
1.0340470
1.0306419
0.9843185
1.0206045
0.9979247
0.9725834
0.9960709
0.9751422
1.0364124
1.0575543
0.9875550
1.0053547
1.0494609
0.9761565
1.0924148
0.9760528
1.0414234
0.9943670
1.0103671
1.0239297
0.9907777
1.0027033
1.0438916
0.9464485
1.0146302
1.0111250
0.9323115
0.9732729
1.0127581
0.9983282
0.9494902
1.0154427
1.0247721
0.9804807
0.9930112
0.9727271
1.0204642
1.0377444
1.0161415
1.0994945
1.0340470
1.0306419
0.9843185
1.0206045
0.9979247
0.9725834
0.9960709
0.9751422
1.0364124
1.0575543
0.9875550
1.0053547
1.0494609
0.9761565
1.0924148
0.9760528
1.0414234
0.9943670
1.0103671
1.0239297
0.9907777
1.0027033
1.0438916
0.9464485
1.0146302
1.0111250
0.9323115
0.9732729
1.0127581
0.9983282
0.9494902
1.0154427
1.0247721
0.9804807
0.9930112
0.9727271
1.0204642
1.0377444
1.0161415
1.0994945
1.0340470
1.0306419
0.9843185
1.0206045
0.9979247
0.9725834
0.9960709
0.9751422
1.0364124
1.0575543
0.9875550
1.0053547
1.0494609
0.9761565
1.0924148
0.9760528
1.0414234
0.9943670
1.0103671
1.0239297
0.9907777
1.0027033
1.0438916
0.9464485
1.0146302
1.0111250
0.9323115
0.9732729
1.0127581
0.9983282
0.9494902
1.0154427
1.0247721
0.9804807
0.9930112
0.9727271
1.0204642
1.0377444
1.0161415
1.0994945
1.0340470
1.0306419
0.9843185
1.0206045
0.9979247
0.9725834
0.9960709
0.9751422
1.0364124
1.0575543
0.9875550
1.0053547
1.0494609
0.9761565
1.0924148
0.9760528
1.0414234
0.9943670
1.0103671
1.0239297
0.9907777
1.0027033
1.0438916
0.9464485
1.0146302
1.0111250
0.9323115
0.9732729
1.0127581
0.9983282
0.9494902
1.0154427
1.0247721
0.9804807
0.9930112
0.9727271
1.0204642
1.0377444
1.0161415
1.0994945
1.0340470
1.0306419
0.9843185
1.0206045
0.9979247
0.9725834
0.9960709
0.9751422
1.0364124
1.0575543
0.9875550
1.0053547
1.0494609
0.9761565
1.0924148
0.9760528
1.0414234
0.9943670
1.0103671
1.0239297
0.9907777
1.0027033
1.0438916
0.9464485
1.0146302
1.0111250
0.9323115
0.9732729
1.0127581
0.9983282
0.9494902
1.0154427
1.0247721
0.9804807
0.9930112
0.9727271
1.0204642
1.0377444
1.0161415
1.0994945
1.0340470
1.0306419
0.9843185
1.0206045
0.9979247
0.9725834
0.9960709
0.9751422
1.0364124
1.0575543
0.9875550
1.0053547
1.0494609
0.9761565
1.0924148
0.9760528
1.0414234
0.9943670
1.0103671
1.0239297
0.9907777
1.0027033
1.0438916
0.9464485
1.0146302
1.0111250
0.9323115
0.9732729
1.0127581
0.9983282
0.9494902
1.0154427
1.0247721
0.9804807
0.9930112
0.9727271
1.0204642
1.0377444
1.0161415
1.0994945
1.0340470
1.0306419
0.9843185
1.0206045
0.9979247
0.9725834
0.9960709
0.9751422
1.0364124
1.0575543
0.9875550
1.0053547
1.0494609
0.9761565
1.0924148
0.9760528
1.0414234
0.9943670
1.0103671
1.0239297
0.9907777
1.0027033
1.0438916
0.9464485
1.0146302
1.0111250
0.9323115
0.9732729
1.0127581
0.9983282
0.9494902
1.0154427
1.0247721
0.9804807
0.9930112
0.9727271
1.0204642
1.0377444
1.0161415
1.0994945
1.0340470
1.0306419
0.9843185
1.0206045
0.9979247
0.9725834
0.9960709
0.9751422
1.0364124
1.0575543
0.9875550
1.0053547
1.0494609
0.9761565
1.0924148
0.9760528
1.0414234
0.9943670
1.0103671
1.0239297
0.9907777
1.0027033
1.0438916
0.9464485
1.0146302
1.0111250
0.9323115
0.9732729
1.0127581
0.9983282
0.9494902
1.0154427
1.0247721
0.9804807
0.9930112
0.9727271
1.0204642
1.0377444
1.0161415
1.0994945
1.0340470
1.0306419
0.9843185
1.0206045
0.9979247
0.9725834
0.9960709
0.9751422
1.0364124
1.0575543
0.9875550
1.0053547
1.0494609
0.9761565
1.0924148
0.9760528
1.0414234
0.9943670
1.0103671
1.0239297
0.9907777
1.0027033
1.0438916
0.9464485
1.0146302
1.0111250
0.9323115
0.9732729
1.0127581
0.9983282
0.9494902
1.0154427
1.0247721
0.9804807
0.9930112
0.9727271
1.0204642
1.0377444
1.0161415
1.0994945
1.0340470
1.0306419
0.9843185
1.0206045
0.9979247
0.9725834
0.9960709
0.9751422
1.0364124
1.0575543
0.9875550
1.0053547
1.0494609
0.9761565
1.0924148
0.9760528
1.0414234
0.9943670
1.0103671
1.0239297
0.9907777
1.0027033
1.0438916
0.9464485
1.0146302
1.0111250
0.9323115
0.9732729
1.0127581
0.9983282
0.9494902
1.0154427
1.0247721
0.9804807
0.9930112
0.9727271
1.0204642
1.0377444
1.0161415
1.0994945
1.0340470
1.0306419
0.9843185
1.0206045
0.9979247
0.9725834
0.9960709
0.9751422
1.0364124
1.0575543
0.9875550
1.0053547
1.0494609
0.9761565
1.0924148
0.9760528
1.0414234
0.9943670
1.0103671
1.0239297
0.9907777
1.0027033
1.0438916
0.9464485
1.0146302
1.0111250
0.9323115
0.9732729
1.0127581
0.9983282
0.9494902
1.0154427
1.0247721
0.9804807
0.9930112
0.9727271
1.0204642
1.0377444
1.0161415
1.0994945
1.0340470
1.0306419
0.9843185
1.0206045
0.9979247
0.9725834
0.9960709
0.9751422
1.0364124
1.0575543
0.9875550
1.0053547
1.0494609
0.9761565
1.0924148
0.9760528
1.0414234
0.9943670
1.0103671
1.0239297
0.9907777
1.0027033
1.0438916
0.9464485
1.0146302
1.0111250
0.9323115
0.9732729
1.0127581
0.9983282
0.9494902
1.0154427
1.0247721
0.9804807
0.9930112
0.9727271
1.0204642
1.0377444
1.0161415
1.0994945
1.0340470
1.0306419
0.9843185
1.0206045
0.9979247
0.9725834
0.9960709
0.9751422
1.0364124
1.0575543
0.9875550
1.0053547
1.0494609
0.9761565
1.0924148
0.9760528
1.0414234
0.9943670
1.0103671
1.0239297
0.9907777
1.0027033
1.0438916
0.9464485
1.0146302
1.0111250
0.9323115
0.9732729
1.0127581
0.9983282
0.9494902
1.0154427
1.0247721
0.9804807
0.9930112
0.9727271
1.0204642
1.0377444
1.0161415
1.0994945
1.0340470
1.0306419
0.9843185
1.0206045
0.9979247
0.9725834
0.9960709
0.9751422
1.0364124
1.0575543
0.9875550
1.0053547
1.0494609
0.9761565
1.0924148
0.9760528
1.0414234
0.9943670
1.0103671
1.0239297
0.9907777
1.0027033
1.0438916
0.9464485
1.0146302
1.0111250
0.9323115
0.9732729
1.0127581
0.9983282
0.9494902
1.0154427
1.0247721
0.9804807
0.9930112
0.9727271
1.0204642
1.0377444
1.0161415
1.0994945
1.0340470
1.0306419
0.9843185
1.0206045
0.9979247
0.9725834
0.9960709
0.9751422
1.0364124
1.0575543
0.9875550
1.0053547
1.0494609
0.9761565
1.0924148
0.9760528
1.0414234
0.9943670
1.0103671
1.0239297
0.9907777
1.0027033
1.0438916
0.9464485
1.0146302
1.0111250
0.9323115
0.9732729
1.0127581
0.9983282
0.9494902
1.0154427
1.0247721
0.9804807
0.9930112
0.9727271
1.0204642
1.0377444
1.0161415
1.0994945
1.0340470
1.0306419
0.9843185
1.0206045
0.9979247
0.9725834
0.9960709
0.9751422
1.0364124
1.0575543
0.9875550
1.0053547
1.0494609
0.9761565
1.0924148
0.9760528
1.0414234
0.9943670
1.0103671
1.0239297
0.9907777
1.0027033
1.0438916
0.9464485
1.0146302
1.0111250
0.9323115
0.9732729
1.0127581
0.9983282
0.9494902
1.0154427
1.0247721
0.9804807
0.9930112
0.9727271
1.0204642
1.0377444
1.0161415
1.0994945
1.0340470
1.0306419
0.9843185
1.0206045
0.9979247
0.9725834
0.9960709
0.9751422
1.0364124
1.0575543
0.9875550
1.0053547
1.0494609
0.9761565
1.0924148
0.9760528
1.0414234
0.9943670
1.0103671
1.0239297
0.9907777
1.0027033
1.0438916
0.9464485
1.0146302
1.0111250
0.9323115
0.9732729
1.0127581
0.9983282
0.9494902
1.0154427
1.0247721
0.9804807
0.9930112
0.9727271
1.0204642
1.0377444
1.0161415
1.0994945
1.0340470
1.0306419
0.9843185
1.0206045
0.9979247
0.9725834
0.9960709
0.9751422
1.0364124
1.0575543
0.9875550
1.0053547
1.0494609
0.9761565
1.0924148
0.9760528
1.0414234
0.9943670
1.0103671
1.0239297
0.9907777
1.0027033
1.0438916
0.9464485
1.0146302
1.0111250
0.9323115
0.9732729
1.0127581
0.9983282
0.9494902
1.0154427
1.0247721
0.9804807
0.9930112
0.9727271
1.0204642
1.0377444
1.0161415
1.0994945
1.0340470
1.0306419
0.9843185
1.0206045
0.9979247
0.9725834
0.9960709
0.9751422
1.0364124
1.0575543
0.9875550
1.0053547
1.0494609
0.9761565
1.0924148
0.9760528
1.0414234
0.9943670
1.0103671
1.0239297
0.9907777
1.0027033
1.0438916
0.9464485
1.0146302
1.0111250
0.9323115
0.9732729
1.0127581
0.9983282
0.9494902
1.0154427
1.0247721
0.9804807
0.9930112
0.9727271
1.0204642
1.0377444
1.0161415
1.0994945
1.0340470
1.0306419
0.9843185
1.0206045
0.9979247
0.9725834
0.9960709
0.9751422
1.0364124
1.0575543
0.9875550
1.0053547
1.0494609
0.9761565
1.0924148
0.9760528
1.0414234
0.9943670
1.0103671
1.0239297
0.9907777
1.0027033
1.0438916
0.9464485
1.0146302
1.0111250
0.9323115
0.9732729
1.0127581
0.9983282
0.9494902
1.0154427
1.0247721
0.9804807
0.9930112
0.9727271
1.0204642
1.0377444
1.0161415
1.0994945
1.0340470
1.0306419
0.9843185
1.0206045
0.9979247
0.9725834
0.9960709
0.9751422
1.0364124
1.0575543
0.9875550
1.0053547
1.0494609
0.9761565
1.0924148
0.9760528
1.0414234
0.9943670
1.0103671
1.0239297
0.9907777
1.0027033
1.0438916
0.9464485
1.0146302
1.0111250
0.9323115
0.9732729
1.0127581
0.9983282
0.9494902
1.0154427
1.0247721
0.9804807
0.9930112
0.9727271
1.0204642
1.0377444
1.0161415
1.0994945
1.0340470
1.0306419
0.9843185
1.0206045
0.9979247
0.9725834
0.9960709
0.9751422
1.0364124
1.0575543
0.9875550
1.0053547
1.0494609
0.9761565
1.0924148
0.9760528
1.0414234
0.9943670
1.0103671
1.0239297
0.9907777
1.0027033
1.0438916
0.9464485
1.0146302
1.0111250
0.9323115
0.9732729
1.0127581
0.9983282
0.9494902
1.0154427
1.0247721
0.9804807
0.9930112
0.9727271
1.0204642
1.0377444
1.0161415
1.0994945
1.0340470
1.0306419
0.9843185
1.0206045
0.9979247
0.9725834
0.9960709
0.9751422
1.0364124
1.0575543
0.9875550
1.0053547
1.0494609
0.9761565
1.0924148
0.9760528
1.0414234
0.9943670
1.0103671
1.0239297
0.9907777
1.0027033
1.0438916
0.9464485
1.0146302
1.0111250
0.9323115
0.9732729
1.0127581
0.9983282
0.9494902
1.0154427
1.0247721
0.9804807
0.9930112
0.9727271
1.0204642
1.0377444
1.0161415
1.0994945
1.0340470
1.0306419
0.9843185
1.0206045
0.9979247
0.9725834
0.9960709
0.9751422
1.0364124
1.0575543
0.9875550
1.0053547
1.0494609
0.9761565
1.0924148
0.9760528
1.0414234
0.9943670
1.0103671
1.0239297
0.9907777
1.0027033
1.0438916
0.9464485
1.0146302
1.0111250
0.9323115
0.9732729
1.0127581
0.9983282
0.9494902
1.0154427
1.0247721
0.9804807
0.9930112
0.9727271
1.0204642
1.0377444
1.0161415
1.0994945
1.0340470
1.0306419
0.9843185
1.0206045
0.9979247
0.9725834
0.9960709
0.9751422
1.0364124
1.0575543
0.9875550
1.0053547
1.0494609
0.9761565
1.0924148
0.9760528
1.0414234
0.9943670
1.0103671
1.0239297
0.9907777
1.0027033
1.0438916
0.9464485
1.0146302
1.0111250
0.9323115
0.9732729
1.0127581
0.9983282
0.9494902
1.0154427
1.0247721
0.9804807
0.9930112
0.9727271
1.0204642
1.0377444
1.0161415
1.0994945
1.0340470
1.0306419
0.9843185
1.0206045
0.9979247
0.9725834
0.9960709
0.9751422
1.0364124
1.0575543
0.9875550
1.0053547
1.0494609
0.9761565
1.0924148
0.9760528
1.0414234
0.9943670
1.0103671
1.0239297
0.9907777
1.0027033
1.0438916
0.9464485
1.0146302
1.0111250
0.9323115
0.9732729
1.0127581
0.9983282
0.9494902
1.0154427
1.0247721
0.9804807
0.9930112
0.9727271
1.0204642
1.0377444
1.0161415
1.0994945
1.0340470
1.0306419
0.9843185
1.0206045
0.9979247
0.9725834
0.9960709
0.9751422
1.0364124
1.0575543
0.9875550
1.0053547
1.0494609
0.9761565
1.0924148
0.9760528
1.0414234
0.9943670
1.0103671
1.0239297
0.9907777
1.0027033
1.0438916
0.9464485
1.0146302
1.0111250
0.9323115
0.9732729
1.0127581
0.9983282
0.9494902
1.0154427
1.0247721
0.9804807
0.9930112
0.9727271
1.0204642
1.0377444
1.0161415
1.0994945
1.0340470
1.0306419
0.9843185
1.0206045
0.9979247
0.9725834
0.9960709
0.9751422
1.0364124
1.0575543
0.9875550
1.0053547
1.0494609
0.9761565
1.0924148
0.9760528
1.0414234
0.9943670
1.0103671
1.0239297
0.9907777
1.0027033
1.0438916
0.9464485
1.0146302
1.0111250
0.9323115
0.9732729
1.0127581
0.9983282
0.9494902
1.0154427
1.0247721
0.9804807
0.9930112
0.9727271
1.0204642
1.0377444
1.0161415
1.0994945
1.0340470
1.0306419
0.9843185
1.0206045
0.9979247
0.9725834
0.9960709
0.9751422
1.0364124
1.0575543
0.9875550
1.0053547
1.0494609
0.9761565
1.0924148
0.9760528
1.0414234
0.9943670
1.0103671
1.0239297
0.9907777
1.0027033
1.0438916
0.9464485
1.0146302
1.0111250
0.9323115
0.9732729
1.0127581
0.9983282
0.9494902
1.0154427
1.0247721
0.9804807
0.9930112
0.9727271
1.0204642
1.0377444
1.0161415
1.0994945
1.0340470
1.0306419
0.9843185
1.0206045
0.9979247
0.9725834
0.9960709
0.9751422
1.0364124
1.0575543
0.9875550
1.0053547
1.0494609
0.9761565
1.0924148
0.9760528
1.0414234
0.9943670
1.0103671
1.0239297
0.9907777
1.0027033
1.0438916
0.9464485
1.0146302
1.0111250
0.9323115
0.9732729
1.0127581
0.9983282
0.9494902
1.0154427
1.0247721
0.9804807
0.9930112
0.9727271
1.0204642
1.0377444
1.0161415
1.0994945
1.0340470
1.0306419
0.9843185
1.0206045
0.9979247
0.9725834
0.9960709
0.9751422
1.0364124
1.0575543
0.9875550
1.0053547
1.0494609
0.9761565
1.0924148
0.9760528
1.0414234
0.9943670
1.0103671
1.0239297
0.9907777
1.0027033
1.0438916
0.9464485
1.0146302
1.0111250
0.9323115
0.9732729
1.0127581
0.9983282
0.9494902
1.0154427
1.0247721
0.9804807
0.9930112
0.9727271
1.0204642
1.0377444
1.0161415
1.0994945
1.0340470
1.0306419
0.9843185
1.0206045
0.9979247
0.9725834
0.9960709
0.9751422
1.0364124
1.0575543
0.9875550
1.0053547
1.0494609
0.9761565
1.0924148
0.9760528
1.0414234
0.9943670
1.0103671
1.0239297
0.9907777
1.0027033
1.0438916
0.9464485
1.0146302
1.0111250
0.9323115
0.9732729
1.0127581
0.9983282
0.9494902
1.0154427
1.0247721
0.9804807
0.9930112
0.9727271
1.0204642
1.0377444
1.0161415
1.0994945
1.0340470
1.0306419
0.9843185
1.0206045
0.9979247
0.9725834
0.9960709
0.9751422
1.0364124
1.0575543
0.9875550
1.0053547
1.0494609
0.9761565
1.0924148
0.9760528
1.0414234
0.9943670
1.0103671
1.0239297
0.9907777
1.0027033
1.0438916
0.9464485
1.0146302
1.0111250
0.9323115
0.9732729
1.0127581
0.9983282
0.9494902
1.0154427
1.0247721
0.9804807
0.9930112
0.9727271
1.0204642
1.0377444
1.0161415
1.0994945
1.0340470
1.0306419
0.9843185
1.0206045
0.9979247
0.9725834
0.9960709
0.9751422
1.0364124
1.0575543
0.9875550
1.0053547
1.0494609
0.9761565
1.0924148
0.9760528
1.0414234
0.9943670
1.0103671
1.0239297
0.9907777
1.0027033
1.0438916
0.9464485
1.0146302
1.0111250
0.9323115
0.9732729
1.0127581
0.9983282
0.9494902
1.0154427
1.0247721
0.9804807
0.9930112
0.9727271
1.0204642
1.0377444
1.0161415
1.0994945
1.0340470
1.0306419
0.9843185
1.0206045
0.9979247
0.9725834
0.9960709
0.9751422
1.0364124
1.0575543
0.9875550
1.0053547
1.0494609
0.9761565
1.0924148
0.9760528
1.0414234
0.9943670
1.0103671
1.0239297
0.9907777
1.0027033
1.0438916
0.9464485
1.0146302
1.0111250
0.9323115
0.9732729
1.0127581
0.9983282
0.9494902
1.0154427
1.0247721
0.9804807
0.9930112
0.9727271
1.0204642
1.0377444
1.0161415
1.0994945
1.0340470
1.0306419
0.9843185
1.0206045
0.9979247
0.9725834
0.9960709
0.9751422
1.0364124
1.0575543
0.9875550
1.0053547
1.0494609
0.9761565
1.0924148
0.9760528
1.0414234
0.9943670
1.0103671
1.0239297
0.9907777
1.0027033
1.0438916
0.9464485
1.0146302
1.0111250
0.9323115
0.9732729
1.0127581
0.9983282
0.9494902
1.0154427
1.0247721
0.9804807
0.9930112
0.9727271
1.0204642
1.0377444
1.0161415
1.0994945
1.0340470
1.0306419
0.9843185
1.0206045
0.9979247
0.9725834
0.9960709
0.9751422
1.0364124
1.0575543
0.9875550
1.0053547
1.0494609
0.9761565
1.0924148
0.9760528
1.0414234
0.9943670
1.0103671
1.0239297
0.9907777
1.0027033
1.0438916
0.9464485
1.0146302
1.0111250
0.9323115
0.9732729
1.0127581
0.9983282
0.9494902
1.0154427
1.0247721
0.9804807
0.9930112
0.9727271
1.0204642
1.0377444
1.0161415
1.0994945
1.0340470
1.0306419
0.9843185
1.0206045
0.9979247
0.9725834
0.9960709
