0.9760781
1.0202632
0.9793626
0.9973683
1.0804186
0.9744362
0.9912357
1.0271948
1.0386228
0.9850471
0.9782641
1.0016319
0.9845084
1.0094879
0.9980322
0.9589890
0.9581018
0.9915404
1.0444537
0.9608420
0.9582979
0.9442808
1.0297707
0.9681973
0.9216693
1.0450715
1.0119739
1.0186474
1.0119740
1.0039180
0.9888507
0.9939884
1.0733938
1.0038790
1.0170090
0.9793533
0.9777493
0.9512868
1.0144749
0.9606890
0.9760781
1.0202632
0.9793626
0.9973683
1.0804186
0.9744362
0.9912357
1.0271948
1.0386228
0.9850471
0.9782641
1.0016319
0.9845084
1.0094879
0.9980322
0.9589890
0.9581018
0.9915404
1.0444537
0.9608420
0.9582979
0.9442808
1.0297707
0.9681973
0.9216693
1.0450715
1.0119739
1.0186474
1.0119740
1.0039180
0.9888507
0.9939884
1.0733938
1.0038790
1.0170090
0.9793533
0.9777493
0.9512868
1.0144749
0.9606890
0.9760781
1.0202632
0.9793626
0.9973683
1.0804186
0.9744362
0.9912357
1.0271948
1.0386228
0.9850471
0.9782641
1.0016319
0.9845084
1.0094879
0.9980322
0.9589890
0.9581018
0.9915404
1.0444537
0.9608420
0.9582979
0.9442808
1.0297707
0.9681973
0.9216693
1.0450715
1.0119739
1.0186474
1.0119740
1.0039180
0.9888507
0.9939884
1.0733938
1.0038790
1.0170090
0.9793533
0.9777493
0.9512868
1.0144749
0.9606890
0.9760781
1.0202632
0.9793626
0.9973683
1.0804186
0.9744362
0.9912357
1.0271948
1.0386228
0.9850471
0.9782641
1.0016319
0.9845084
1.0094879
0.9980322
0.9589890
0.9581018
0.9915404
1.0444537
0.9608420
0.9582979
0.9442808
1.0297707
0.9681973
0.9216693
1.0450715
1.0119739
1.0186474
1.0119740
1.0039180
0.9888507
0.9939884
1.0733938
1.0038790
1.0170090
0.9793533
0.9777493
0.9512868
1.0144749
0.9606890
0.9760781
1.0202632
0.9793626
0.9973683
1.0804186
0.9744362
0.9912357
1.0271948
1.0386228
0.9850471
0.9782641
1.0016319
0.9845084
1.0094879
0.9980322
0.9589890
0.9581018
0.9915404
1.0444537
0.9608420
0.9582979
0.9442808
1.0297707
0.9681973
0.9216693
1.0450715
1.0119739
1.0186474
1.0119740
1.0039180
0.9888507
0.9939884
1.0733938
1.0038790
1.0170090
0.9793533
0.9777493
0.9512868
1.0144749
0.9606890
0.9760781
1.0202632
0.9793626
0.9973683
1.0804186
0.9744362
0.9912357
1.0271948
1.0386228
0.9850471
0.9782641
1.0016319
0.9845084
1.0094879
0.9980322
0.9589890
0.9581018
0.9915404
1.0444537
0.9608420
0.9582979
0.9442808
1.0297707
0.9681973
0.9216693
1.0450715
1.0119739
1.0186474
1.0119740
1.0039180
0.9888507
0.9939884
1.0733938
1.0038790
1.0170090
0.9793533
0.9777493
0.9512868
1.0144749
0.9606890
0.9760781
1.0202632
0.9793626
0.9973683
1.0804186
0.9744362
0.9912357
1.0271948
1.0386228
0.9850471
0.9782641
1.0016319
0.9845084
1.0094879
0.9980322
0.9589890
0.9581018
0.9915404
1.0444537
0.9608420
0.9582979
0.9442808
1.0297707
0.9681973
0.9216693
1.0450715
1.0119739
1.0186474
1.0119740
1.0039180
0.9888507
0.9939884
1.0733938
1.0038790
1.0170090
0.9793533
0.9777493
0.9512868
1.0144749
0.9606890
0.9760781
1.0202632
0.9793626
0.9973683
1.0804186
0.9744362
0.9912357
1.0271948
1.0386228
0.9850471
0.9782641
1.0016319
0.9845084
1.0094879
0.9980322
0.9589890
0.9581018
0.9915404
1.0444537
0.9608420
0.9582979
0.9442808
1.0297707
0.9681973
0.9216693
1.0450715
1.0119739
1.0186474
1.0119740
1.0039180
0.9888507
0.9939884
1.0733938
1.0038790
1.0170090
0.9793533
0.9777493
0.9512868
1.0144749
0.9606890
0.9760781
1.0202632
0.9793626
0.9973683
1.0804186
0.9744362
0.9912357
1.0271948
1.0386228
0.9850471
0.9782641
1.0016319
0.9845084
1.0094879
0.9980322
0.9589890
0.9581018
0.9915404
1.0444537
0.9608420
0.9582979
0.9442808
1.0297707
0.9681973
0.9216693
1.0450715
1.0119739
1.0186474
1.0119740
1.0039180
0.9888507
0.9939884
1.0733938
1.0038790
1.0170090
0.9793533
0.9777493
0.9512868
1.0144749
0.9606890
0.9760781
1.0202632
0.9793626
0.9973683
1.0804186
0.9744362
0.9912357
1.0271948
1.0386228
0.9850471
0.9782641
1.0016319
0.9845084
1.0094879
0.9980322
0.9589890
0.9581018
0.9915404
1.0444537
0.9608420
0.9582979
0.9442808
1.0297707
0.9681973
0.9216693
1.0450715
1.0119739
1.0186474
1.0119740
1.0039180
0.9888507
0.9939884
1.0733938
1.0038790
1.0170090
0.9793533
0.9777493
0.9512868
1.0144749
0.9606890
0.9760781
1.0202632
0.9793626
0.9973683
1.0804186
0.9744362
0.9912357
1.0271948
1.0386228
0.9850471
0.9782641
1.0016319
0.9845084
1.0094879
0.9980322
0.9589890
0.9581018
0.9915404
1.0444537
0.9608420
0.9582979
0.9442808
1.0297707
0.9681973
0.9216693
1.0450715
1.0119739
1.0186474
1.0119740
1.0039180
0.9888507
0.9939884
1.0733938
1.0038790
1.0170090
0.9793533
0.9777493
0.9512868
1.0144749
0.9606890
0.9760781
1.0202632
0.9793626
0.9973683
1.0804186
0.9744362
0.9912357
1.0271948
1.0386228
0.9850471
0.9782641
1.0016319
0.9845084
1.0094879
0.9980322
0.9589890
0.9581018
0.9915404
1.0444537
0.9608420
0.9582979
0.9442808
1.0297707
0.9681973
0.9216693
1.0450715
1.0119739
1.0186474
1.0119740
1.0039180
0.9888507
0.9939884
1.0733938
1.0038790
1.0170090
0.9793533
0.9777493
0.9512868
1.0144749
0.9606890
0.9760781
1.0202632
0.9793626
0.9973683
1.0804186
0.9744362
0.9912357
1.0271948
1.0386228
0.9850471
0.9782641
1.0016319
0.9845084
1.0094879
0.9980322
0.9589890
0.9581018
0.9915404
1.0444537
0.9608420
0.9582979
0.9442808
1.0297707
0.9681973
0.9216693
1.0450715
1.0119739
1.0186474
1.0119740
1.0039180
0.9888507
0.9939884
1.0733938
1.0038790
1.0170090
0.9793533
0.9777493
0.9512868
1.0144749
0.9606890
0.9760781
1.0202632
0.9793626
0.9973683
1.0804186
0.9744362
0.9912357
1.0271948
1.0386228
0.9850471
0.9782641
1.0016319
0.9845084
1.0094879
0.9980322
0.9589890
0.9581018
0.9915404
1.0444537
0.9608420
0.9582979
0.9442808
1.0297707
0.9681973
0.9216693
1.0450715
1.0119739
1.0186474
1.0119740
1.0039180
0.9888507
0.9939884
1.0733938
1.0038790
1.0170090
0.9793533
0.9777493
0.9512868
1.0144749
0.9606890
0.9760781
1.0202632
0.9793626
0.9973683
1.0804186
0.9744362
0.9912357
1.0271948
1.0386228
0.9850471
0.9782641
1.0016319
0.9845084
1.0094879
0.9980322
0.9589890
0.9581018
0.9915404
1.0444537
0.9608420
0.9582979
0.9442808
1.0297707
0.9681973
0.9216693
1.0450715
1.0119739
1.0186474
1.0119740
1.0039180
0.9888507
0.9939884
1.0733938
1.0038790
1.0170090
0.9793533
0.9777493
0.9512868
1.0144749
0.9606890
0.9760781
1.0202632
0.9793626
0.9973683
1.0804186
0.9744362
0.9912357
1.0271948
1.0386228
0.9850471
0.9782641
1.0016319
0.9845084
1.0094879
0.9980322
0.9589890
0.9581018
0.9915404
1.0444537
0.9608420
0.9582979
0.9442808
1.0297707
0.9681973
0.9216693
1.0450715
1.0119739
1.0186474
1.0119740
1.0039180
0.9888507
0.9939884
1.0733938
1.0038790
1.0170090
0.9793533
0.9777493
0.9512868
1.0144749
0.9606890
0.9760781
1.0202632
0.9793626
0.9973683
1.0804186
0.9744362
0.9912357
1.0271948
1.0386228
0.9850471
0.9782641
1.0016319
0.9845084
1.0094879
0.9980322
0.9589890
0.9581018
0.9915404
1.0444537
0.9608420
0.9582979
0.9442808
1.0297707
0.9681973
0.9216693
1.0450715
1.0119739
1.0186474
1.0119740
1.0039180
0.9888507
0.9939884
1.0733938
1.0038790
1.0170090
0.9793533
0.9777493
0.9512868
1.0144749
0.9606890
0.9760781
1.0202632
0.9793626
0.9973683
1.0804186
0.9744362
0.9912357
1.0271948
1.0386228
0.9850471
0.9782641
1.0016319
0.9845084
1.0094879
0.9980322
0.9589890
0.9581018
0.9915404
1.0444537
0.9608420
0.9582979
0.9442808
1.0297707
0.9681973
0.9216693
1.0450715
1.0119739
1.0186474
1.0119740
1.0039180
0.9888507
0.9939884
1.0733938
1.0038790
1.0170090
0.9793533
0.9777493
0.9512868
1.0144749
0.9606890
0.9760781
1.0202632
0.9793626
0.9973683
1.0804186
0.9744362
0.9912357
1.0271948
1.0386228
0.9850471
0.9782641
1.0016319
0.9845084
1.0094879
0.9980322
0.9589890
0.9581018
0.9915404
1.0444537
0.9608420
0.9582979
0.9442808
1.0297707
0.9681973
0.9216693
1.0450715
1.0119739
1.0186474
1.0119740
1.0039180
0.9888507
0.9939884
1.0733938
1.0038790
1.0170090
0.9793533
0.9777493
0.9512868
1.0144749
0.9606890
0.9760781
1.0202632
0.9793626
0.9973683
1.0804186
0.9744362
0.9912357
1.0271948
1.0386228
0.9850471
0.9782641
1.0016319
0.9845084
1.0094879
0.9980322
0.9589890
0.9581018
0.9915404
1.0444537
0.9608420
0.9582979
0.9442808
1.0297707
0.9681973
0.9216693
1.0450715
1.0119739
1.0186474
1.0119740
1.0039180
0.9888507
0.9939884
1.0733938
1.0038790
1.0170090
0.9793533
0.9777493
0.9512868
1.0144749
0.9606890
0.9760781
1.0202632
0.9793626
0.9973683
1.0804186
0.9744362
0.9912357
1.0271948
1.0386228
0.9850471
0.9782641
1.0016319
0.9845084
1.0094879
0.9980322
0.9589890
0.9581018
0.9915404
1.0444537
0.9608420
0.9582979
0.9442808
1.0297707
0.9681973
0.9216693
1.0450715
1.0119739
1.0186474
1.0119740
1.0039180
0.9888507
0.9939884
1.0733938
1.0038790
1.0170090
0.9793533
0.9777493
0.9512868
1.0144749
0.9606890
0.9760781
1.0202632
0.9793626
0.9973683
1.0804186
0.9744362
0.9912357
1.0271948
1.0386228
0.9850471
0.9782641
1.0016319
0.9845084
1.0094879
0.9980322
0.9589890
0.9581018
0.9915404
1.0444537
0.9608420
0.9582979
0.9442808
1.0297707
0.9681973
0.9216693
1.0450715
1.0119739
1.0186474
1.0119740
1.0039180
0.9888507
0.9939884
1.0733938
1.0038790
1.0170090
0.9793533
0.9777493
0.9512868
1.0144749
0.9606890
0.9760781
1.0202632
0.9793626
0.9973683
1.0804186
0.9744362
0.9912357
1.0271948
1.0386228
0.9850471
0.9782641
1.0016319
0.9845084
1.0094879
0.9980322
0.9589890
0.9581018
0.9915404
1.0444537
0.9608420
0.9582979
0.9442808
1.0297707
0.9681973
0.9216693
1.0450715
1.0119739
1.0186474
1.0119740
1.0039180
0.9888507
0.9939884
1.0733938
1.0038790
1.0170090
0.9793533
0.9777493
0.9512868
1.0144749
0.9606890
0.9760781
1.0202632
0.9793626
0.9973683
1.0804186
0.9744362
0.9912357
1.0271948
1.0386228
0.9850471
0.9782641
1.0016319
0.9845084
1.0094879
0.9980322
0.9589890
0.9581018
0.9915404
1.0444537
0.9608420
0.9582979
0.9442808
1.0297707
0.9681973
0.9216693
1.0450715
1.0119739
1.0186474
1.0119740
1.0039180
0.9888507
0.9939884
1.0733938
1.0038790
1.0170090
0.9793533
0.9777493
0.9512868
1.0144749
0.9606890
0.9760781
1.0202632
0.9793626
0.9973683
1.0804186
0.9744362
0.9912357
1.0271948
1.0386228
0.9850471
0.9782641
1.0016319
0.9845084
1.0094879
0.9980322
0.9589890
0.9581018
0.9915404
1.0444537
0.9608420
0.9582979
0.9442808
1.0297707
0.9681973
0.9216693
1.0450715
1.0119739
1.0186474
1.0119740
1.0039180
0.9888507
0.9939884
1.0733938
1.0038790
1.0170090
0.9793533
0.9777493
0.9512868
1.0144749
0.9606890
0.9760781
1.0202632
0.9793626
0.9973683
1.0804186
0.9744362
0.9912357
1.0271948
1.0386228
0.9850471
0.9782641
1.0016319
0.9845084
1.0094879
0.9980322
0.9589890
0.9581018
0.9915404
1.0444537
0.9608420
0.9582979
0.9442808
1.0297707
0.9681973
0.9216693
1.0450715
1.0119739
1.0186474
1.0119740
1.0039180
0.9888507
0.9939884
1.0733938
1.0038790
1.0170090
0.9793533
0.9777493
0.9512868
1.0144749
0.9606890
0.9760781
1.0202632
0.9793626
0.9973683
1.0804186
0.9744362
0.9912357
1.0271948
1.0386228
0.9850471
0.9782641
1.0016319
0.9845084
1.0094879
0.9980322
0.9589890
0.9581018
0.9915404
1.0444537
0.9608420
0.9582979
0.9442808
1.0297707
0.9681973
0.9216693
1.0450715
1.0119739
1.0186474
1.0119740
1.0039180
0.9888507
0.9939884
1.0733938
1.0038790
1.0170090
0.9793533
0.9777493
0.9512868
1.0144749
0.9606890
0.9760781
1.0202632
0.9793626
0.9973683
1.0804186
0.9744362
0.9912357
1.0271948
1.0386228
0.9850471
0.9782641
1.0016319
0.9845084
1.0094879
0.9980322
0.9589890
0.9581018
0.9915404
1.0444537
0.9608420
0.9582979
0.9442808
1.0297707
0.9681973
0.9216693
1.0450715
1.0119739
1.0186474
1.0119740
1.0039180
0.9888507
0.9939884
1.0733938
1.0038790
1.0170090
0.9793533
0.9777493
0.9512868
1.0144749
0.9606890
0.9760781
1.0202632
0.9793626
0.9973683
1.0804186
0.9744362
0.9912357
1.0271948
1.0386228
0.9850471
0.9782641
1.0016319
0.9845084
1.0094879
0.9980322
0.9589890
0.9581018
0.9915404
1.0444537
0.9608420
0.9582979
0.9442808
1.0297707
0.9681973
0.9216693
1.0450715
1.0119739
1.0186474
1.0119740
1.0039180
0.9888507
0.9939884
1.0733938
1.0038790
1.0170090
0.9793533
0.9777493
0.9512868
1.0144749
0.9606890
0.9760781
1.0202632
0.9793626
0.9973683
1.0804186
0.9744362
0.9912357
1.0271948
1.0386228
0.9850471
0.9782641
1.0016319
0.9845084
1.0094879
0.9980322
0.9589890
0.9581018
0.9915404
1.0444537
0.9608420
0.9582979
0.9442808
1.0297707
0.9681973
0.9216693
1.0450715
1.0119739
1.0186474
1.0119740
1.0039180
0.9888507
0.9939884
1.0733938
1.0038790
1.0170090
0.9793533
0.9777493
0.9512868
1.0144749
0.9606890
0.9760781
1.0202632
0.9793626
0.9973683
1.0804186
0.9744362
0.9912357
1.0271948
1.0386228
0.9850471
0.9782641
1.0016319
0.9845084
1.0094879
0.9980322
0.9589890
0.9581018
0.9915404
1.0444537
0.9608420
0.9582979
0.9442808
1.0297707
0.9681973
0.9216693
1.0450715
1.0119739
1.0186474
1.0119740
1.0039180
0.9888507
0.9939884
1.0733938
1.0038790
1.0170090
0.9793533
0.9777493
0.9512868
1.0144749
0.9606890
0.9760781
1.0202632
0.9793626
0.9973683
1.0804186
0.9744362
0.9912357
1.0271948
1.0386228
0.9850471
0.9782641
1.0016319
0.9845084
1.0094879
0.9980322
0.9589890
0.9581018
0.9915404
1.0444537
0.9608420
0.9582979
0.9442808
1.0297707
0.9681973
0.9216693
1.0450715
1.0119739
1.0186474
1.0119740
1.0039180
0.9888507
0.9939884
1.0733938
1.0038790
1.0170090
0.9793533
0.9777493
0.9512868
1.0144749
0.9606890
0.9760781
1.0202632
0.9793626
0.9973683
1.0804186
0.9744362
0.9912357
1.0271948
1.0386228
0.9850471
0.9782641
1.0016319
0.9845084
1.0094879
0.9980322
0.9589890
0.9581018
0.9915404
1.0444537
0.9608420
0.9582979
0.9442808
1.0297707
0.9681973
0.9216693
1.0450715
1.0119739
1.0186474
1.0119740
1.0039180
0.9888507
0.9939884
1.0733938
1.0038790
1.0170090
0.9793533
0.9777493
0.9512868
1.0144749
0.9606890
0.9760781
1.0202632
0.9793626
0.9973683
1.0804186
0.9744362
0.9912357
1.0271948
1.0386228
0.9850471
0.9782641
1.0016319
0.9845084
1.0094879
0.9980322
0.9589890
0.9581018
0.9915404
1.0444537
0.9608420
0.9582979
0.9442808
1.0297707
0.9681973
0.9216693
1.0450715
1.0119739
1.0186474
1.0119740
1.0039180
0.9888507
0.9939884
1.0733938
1.0038790
1.0170090
0.9793533
0.9777493
0.9512868
1.0144749
0.9606890
0.9760781
1.0202632
0.9793626
0.9973683
1.0804186
0.9744362
0.9912357
1.0271948
1.0386228
0.9850471
0.9782641
1.0016319
0.9845084
1.0094879
0.9980322
0.9589890
0.9581018
0.9915404
1.0444537
0.9608420
0.9582979
0.9442808
1.0297707
0.9681973
0.9216693
1.0450715
1.0119739
1.0186474
1.0119740
1.0039180
0.9888507
0.9939884
1.0733938
1.0038790
1.0170090
0.9793533
0.9777493
0.9512868
1.0144749
0.9606890
0.9760781
1.0202632
0.9793626
0.9973683
1.0804186
0.9744362
0.9912357
1.0271948
1.0386228
0.9850471
0.9782641
1.0016319
0.9845084
1.0094879
0.9980322
0.9589890
0.9581018
0.9915404
1.0444537
0.9608420
0.9582979
0.9442808
1.0297707
0.9681973
0.9216693
1.0450715
1.0119739
1.0186474
1.0119740
1.0039180
0.9888507
0.9939884
1.0733938
1.0038790
1.0170090
0.9793533
0.9777493
0.9512868
1.0144749
0.9606890
0.9760781
1.0202632
0.9793626
0.9973683
1.0804186
0.9744362
0.9912357
1.0271948
1.0386228
0.9850471
0.9782641
1.0016319
0.9845084
1.0094879
0.9980322
0.9589890
0.9581018
0.9915404
1.0444537
0.9608420
0.9582979
0.9442808
1.0297707
0.9681973
0.9216693
1.0450715
1.0119739
1.0186474
1.0119740
1.0039180
0.9888507
0.9939884
1.0733938
1.0038790
1.0170090
0.9793533
0.9777493
0.9512868
1.0144749
0.9606890
0.9760781
1.0202632
0.9793626
0.9973683
1.0804186
0.9744362
0.9912357
1.0271948
1.0386228
0.9850471
0.9782641
1.0016319
0.9845084
1.0094879
0.9980322
0.9589890
0.9581018
0.9915404
1.0444537
0.9608420
0.9582979
0.9442808
1.0297707
0.9681973
0.9216693
1.0450715
1.0119739
1.0186474
1.0119740
1.0039180
0.9888507
0.9939884
1.0733938
1.0038790
1.0170090
0.9793533
0.9777493
0.9512868
1.0144749
0.9606890
0.9760781
1.0202632
0.9793626
0.9973683
1.0804186
0.9744362
0.9912357
1.0271948
1.0386228
0.9850471
0.9782641
1.0016319
0.9845084
1.0094879
0.9980322
0.9589890
0.9581018
0.9915404
1.0444537
0.9608420
0.9582979
0.9442808
1.0297707
0.9681973
0.9216693
1.0450715
1.0119739
1.0186474
1.0119740
1.0039180
0.9888507
0.9939884
1.0733938
1.0038790
1.0170090
0.9793533
0.9777493
0.9512868
1.0144749
0.9606890
0.9760781
1.0202632
0.9793626
0.9973683
1.0804186
0.9744362
0.9912357
1.0271948
1.0386228
0.9850471
0.9782641
1.0016319
0.9845084
1.0094879
0.9980322
0.9589890
0.9581018
0.9915404
1.0444537
0.9608420
0.9582979
0.9442808
1.0297707
0.9681973
0.9216693
1.0450715
1.0119739
1.0186474
1.0119740
1.0039180
0.9888507
0.9939884
1.0733938
1.0038790
1.0170090
0.9793533
0.9777493
0.9512868
1.0144749
0.9606890
0.9760781
1.0202632
0.9793626
0.9973683
1.0804186
0.9744362
0.9912357
1.0271948
1.0386228
0.9850471
0.9782641
1.0016319
0.9845084
1.0094879
0.9980322
0.9589890
0.9581018
0.9915404
1.0444537
0.9608420
0.9582979
0.9442808
1.0297707
0.9681973
0.9216693
1.0450715
1.0119739
1.0186474
1.0119740
1.0039180
0.9888507
0.9939884
1.0733938
1.0038790
1.0170090
0.9793533
0.9777493
0.9512868
1.0144749
0.9606890
0.9760781
1.0202632
0.9793626
0.9973683
1.0804186
0.9744362
0.9912357
1.0271948
1.0386228
0.9850471
0.9782641
1.0016319
0.9845084
1.0094879
0.9980322
0.9589890
0.9581018
0.9915404
1.0444537
0.9608420
0.9582979
0.9442808
1.0297707
0.9681973
0.9216693
1.0450715
1.0119739
1.0186474
1.0119740
1.0039180
0.9888507
0.9939884
1.0733938
1.0038790
1.0170090
0.9793533
0.9777493
0.9512868
1.0144749
0.9606890
0.9760781
1.0202632
0.9793626
0.9973683
1.0804186
0.9744362
0.9912357
1.0271948
1.0386228
0.9850471
0.9782641
1.0016319
0.9845084
1.0094879
0.9980322
0.9589890
0.9581018
0.9915404
1.0444537
0.9608420
0.9582979
0.9442808
1.0297707
0.9681973
0.9216693
1.0450715
1.0119739
1.0186474
1.0119740
1.0039180
0.9888507
0.9939884
1.0733938
1.0038790
1.0170090
0.9793533
0.9777493
0.9512868
1.0144749
0.9606890
0.9760781
1.0202632
0.9793626
0.9973683
1.0804186
0.9744362
0.9912357
1.0271948
1.0386228
0.9850471
0.9782641
1.0016319
0.9845084
1.0094879
0.9980322
0.9589890
0.9581018
0.9915404
1.0444537
0.9608420
0.9582979
0.9442808
1.0297707
0.9681973
0.9216693
1.0450715
1.0119739
1.0186474
1.0119740
1.0039180
0.9888507
0.9939884
1.0733938
1.0038790
1.0170090
0.9793533
0.9777493
0.9512868
1.0144749
0.9606890
0.9760781
1.0202632
0.9793626
0.9973683
1.0804186
0.9744362
0.9912357
1.0271948
1.0386228
0.9850471
0.9782641
1.0016319
0.9845084
1.0094879
0.9980322
0.9589890
0.9581018
0.9915404
1.0444537
0.9608420
0.9582979
0.9442808
1.0297707
0.9681973
0.9216693
1.0450715
1.0119739
1.0186474
1.0119740
1.0039180
0.9888507
0.9939884
1.0733938
1.0038790
1.0170090
0.9793533
0.9777493
0.9512868
1.0144749
0.9606890
0.9760781
1.0202632
0.9793626
0.9973683
1.0804186
0.9744362
0.9912357
1.0271948
1.0386228
0.9850471
0.9782641
1.0016319
0.9845084
1.0094879
0.9980322
0.9589890
0.9581018
0.9915404
1.0444537
0.9608420
0.9582979
0.9442808
1.0297707
0.9681973
0.9216693
1.0450715
1.0119739
1.0186474
1.0119740
1.0039180
0.9888507
0.9939884
1.0733938
1.0038790
1.0170090
0.9793533
0.9777493
0.9512868
1.0144749
0.9606890
0.9760781
1.0202632
0.9793626
0.9973683
1.0804186
0.9744362
0.9912357
1.0271948
1.0386228
0.9850471
0.9782641
1.0016319
0.9845084
1.0094879
0.9980322
0.9589890
0.9581018
0.9915404
1.0444537
0.9608420
0.9582979
0.9442808
1.0297707
0.9681973
0.9216693
1.0450715
1.0119739
1.0186474
1.0119740
1.0039180
0.9888507
0.9939884
1.0733938
1.0038790
1.0170090
0.9793533
0.9777493
0.9512868
1.0144749
0.9606890
0.9760781
1.0202632
0.9793626
0.9973683
1.0804186
0.9744362
0.9912357
1.0271948
1.0386228
0.9850471
0.9782641
1.0016319
0.9845084
1.0094879
0.9980322
0.9589890
0.9581018
0.9915404
1.0444537
0.9608420
0.9582979
0.9442808
1.0297707
0.9681973
0.9216693
1.0450715
1.0119739
1.0186474
1.0119740
1.0039180
0.9888507
0.9939884
1.0733938
1.0038790
1.0170090
0.9793533
0.9777493
0.9512868
1.0144749
0.9606890
0.9760781
1.0202632
0.9793626
0.9973683
1.0804186
0.9744362
0.9912357
1.0271948
1.0386228
0.9850471
0.9782641
1.0016319
0.9845084
1.0094879
0.9980322
0.9589890
0.9581018
0.9915404
1.0444537
0.9608420
0.9582979
0.9442808
1.0297707
0.9681973
0.9216693
1.0450715
1.0119739
1.0186474
1.0119740
1.0039180
0.9888507
0.9939884
1.0733938
1.0038790
1.0170090
0.9793533
0.9777493
0.9512868
1.0144749
0.9606890
0.9760781
1.0202632
0.9793626
0.9973683
1.0804186
0.9744362
0.9912357
1.0271948
1.0386228
0.9850471
0.9782641
1.0016319
0.9845084
1.0094879
0.9980322
0.9589890
0.9581018
0.9915404
1.0444537
0.9608420
0.9582979
0.9442808
1.0297707
0.9681973
0.9216693
1.0450715
1.0119739
1.0186474
1.0119740
1.0039180
0.9888507
0.9939884
1.0733938
1.0038790
1.0170090
0.9793533
0.9777493
0.9512868
1.0144749
0.9606890
