0.5581463
0.5405468
0.5456491
0.5375958
0.5546944
0.5575656
0.5368837
0.5311150
0.5221843
0.4980594
0.5309355
0.5402958
0.5198809
0.5547131
0.5111205
0.5340441
0.5532134
0.5396893
0.4963549
0.5393487
0.5142442
0.5423813
0.5429480
0.5623549
0.5954188
0.5313965
0.5135443
0.5043970
0.5109761
0.5089651
0.5611317
0.5436644
0.5346992
0.5597168
0.4930152
0.5379006
0.5247225
0.5224080
0.5326495
0.5086199
0.5581463
0.5405468
0.5456491
0.5375958
0.5546944
0.5575656
0.5368837
0.5311150
0.5221843
0.4980594
0.5309355
0.5402958
0.5198809
0.5547131
0.5111205
0.5340441
0.5532134
0.5396893
0.4963549
0.5393487
0.5142442
0.5423813
0.5429480
0.5623549
0.5954188
0.5313965
0.5135443
0.5043970
0.5109761
0.5089651
0.5611317
0.5436644
0.5346992
0.5597168
0.4930152
0.5379006
0.5247225
0.5224080
0.5326495
0.5086199
0.5581463
0.5405468
0.5456491
0.5375958
0.5546944
0.5575656
0.5368837
0.5311150
0.5221843
0.4980594
0.5309355
0.5402958
0.5198809
0.5547131
0.5111205
0.5340441
0.5532134
0.5396893
0.4963549
0.5393487
0.5142442
0.5423813
0.5429480
0.5623549
0.5954188
0.5313965
0.5135443
0.5043970
0.5109761
0.5089651
0.5611317
0.5436644
0.5346992
0.5597168
0.4930152
0.5379006
0.5247225
0.5224080
0.5326495
0.5086199
0.5581463
0.5405468
0.5456491
0.5375958
0.5546944
0.5575656
0.5368837
0.5311150
0.5221843
0.4980594
0.5309355
0.5402958
0.5198809
0.5547131
0.5111205
0.5340441
0.5532134
0.5396893
0.4963549
0.5393487
0.5142442
0.5423813
0.5429480
0.5623549
0.5954188
0.5313965
0.5135443
0.5043970
0.5109761
0.5089651
0.5611317
0.5436644
0.5346992
0.5597168
0.4930152
0.5379006
0.5247225
0.5224080
0.5326495
0.5086199
0.5581463
0.5405468
0.5456491
0.5375958
0.5546944
0.5575656
0.5368837
0.5311150
0.5221843
0.4980594
0.5309355
0.5402958
0.5198809
0.5547131
0.5111205
0.5340441
0.5532134
0.5396893
0.4963549
0.5393487
0.5142442
0.5423813
0.5429480
0.5623549
0.5954188
0.5313965
0.5135443
0.5043970
0.5109761
0.5089651
0.5611317
0.5436644
0.5346992
0.5597168
0.4930152
0.5379006
0.5247225
0.5224080
0.5326495
0.5086199
0.5581463
0.5405468
0.5456491
0.5375958
0.5546944
0.5575656
0.5368837
0.5311150
0.5221843
0.4980594
0.5309355
0.5402958
0.5198809
0.5547131
0.5111205
0.5340441
0.5532134
0.5396893
0.4963549
0.5393487
0.5142442
0.5423813
0.5429480
0.5623549
0.5954188
0.5313965
0.5135443
0.5043970
0.5109761
0.5089651
0.5611317
0.5436644
0.5346992
0.5597168
0.4930152
0.5379006
0.5247225
0.5224080
0.5326495
0.5086199
0.5581463
0.5405468
0.5456491
0.5375958
0.5546944
0.5575656
0.5368837
0.5311150
0.5221843
0.4980594
0.5309355
0.5402958
0.5198809
0.5547131
0.5111205
0.5340441
0.5532134
0.5396893
0.4963549
0.5393487
0.5142442
0.5423813
0.5429480
0.5623549
0.5954188
0.5313965
0.5135443
0.5043970
0.5109761
0.5089651
0.5611317
0.5436644
0.5346992
0.5597168
0.4930152
0.5379006
0.5247225
0.5224080
0.5326495
0.5086199
0.5581463
0.5405468
0.5456491
0.5375958
0.5546944
0.5575656
0.5368837
0.5311150
0.5221843
0.4980594
0.5309355
0.5402958
0.5198809
0.5547131
0.5111205
0.5340441
0.5532134
0.5396893
0.4963549
0.5393487
0.5142442
0.5423813
0.5429480
0.5623549
0.5954188
0.5313965
0.5135443
0.5043970
0.5109761
0.5089651
0.5611317
0.5436644
0.5346992
0.5597168
0.4930152
0.5379006
0.5247225
0.5224080
0.5326495
0.5086199
0.5581463
0.5405468
0.5456491
0.5375958
0.5546944
0.5575656
0.5368837
0.5311150
0.5221843
0.4980594
0.5309355
0.5402958
0.5198809
0.5547131
0.5111205
0.5340441
0.5532134
0.5396893
0.4963549
0.5393487
0.5142442
0.5423813
0.5429480
0.5623549
0.5954188
0.5313965
0.5135443
0.5043970
0.5109761
0.5089651
0.5611317
0.5436644
0.5346992
0.5597168
0.4930152
0.5379006
0.5247225
0.5224080
0.5326495
0.5086199
0.5581463
0.5405468
0.5456491
0.5375958
0.5546944
0.5575656
0.5368837
0.5311150
0.5221843
0.4980594
0.5309355
0.5402958
0.5198809
0.5547131
0.5111205
0.5340441
0.5532134
0.5396893
0.4963549
0.5393487
0.5142442
0.5423813
0.5429480
0.5623549
0.5954188
0.5313965
0.5135443
0.5043970
0.5109761
0.5089651
0.5611317
0.5436644
0.5346992
0.5597168
0.4930152
0.5379006
0.5247225
0.5224080
0.5326495
0.5086199
0.5581463
0.5405468
0.5456491
0.5375958
0.5546944
0.5575656
0.5368837
0.5311150
0.5221843
0.4980594
0.5309355
0.5402958
0.5198809
0.5547131
0.5111205
0.5340441
0.5532134
0.5396893
0.4963549
0.5393487
0.5142442
0.5423813
0.5429480
0.5623549
0.5954188
0.5313965
0.5135443
0.5043970
0.5109761
0.5089651
0.5611317
0.5436644
0.5346992
0.5597168
0.4930152
0.5379006
0.5247225
0.5224080
0.5326495
0.5086199
0.5581463
0.5405468
0.5456491
0.5375958
0.5546944
0.5575656
0.5368837
0.5311150
0.5221843
0.4980594
0.5309355
0.5402958
0.5198809
0.5547131
0.5111205
0.5340441
0.5532134
0.5396893
0.4963549
0.5393487
0.5142442
0.5423813
0.5429480
0.5623549
0.5954188
0.5313965
0.5135443
0.5043970
0.5109761
0.5089651
0.5611317
0.5436644
0.5346992
0.5597168
0.4930152
0.5379006
0.5247225
0.5224080
0.5326495
0.5086199
0.5581463
0.5405468
0.5456491
0.5375958
0.5546944
0.5575656
0.5368837
0.5311150
0.5221843
0.4980594
0.5309355
0.5402958
0.5198809
0.5547131
0.5111205
0.5340441
0.5532134
0.5396893
0.4963549
0.5393487
0.5142442
0.5423813
0.5429480
0.5623549
0.5954188
0.5313965
0.5135443
0.5043970
0.5109761
0.5089651
0.5611317
0.5436644
0.5346992
0.5597168
0.4930152
0.5379006
0.5247225
0.5224080
0.5326495
0.5086199
0.5581463
0.5405468
0.5456491
0.5375958
0.5546944
0.5575656
0.5368837
0.5311150
0.5221843
0.4980594
0.5309355
0.5402958
0.5198809
0.5547131
0.5111205
0.5340441
0.5532134
0.5396893
0.4963549
0.5393487
0.5142442
0.5423813
0.5429480
0.5623549
0.5954188
0.5313965
0.5135443
0.5043970
0.5109761
0.5089651
0.5611317
0.5436644
0.5346992
0.5597168
0.4930152
0.5379006
0.5247225
0.5224080
0.5326495
0.5086199
0.5581463
0.5405468
0.5456491
0.5375958
0.5546944
0.5575656
0.5368837
0.5311150
0.5221843
0.4980594
0.5309355
0.5402958
0.5198809
0.5547131
0.5111205
0.5340441
0.5532134
0.5396893
0.4963549
0.5393487
0.5142442
0.5423813
0.5429480
0.5623549
0.5954188
0.5313965
0.5135443
0.5043970
0.5109761
0.5089651
0.5611317
0.5436644
0.5346992
0.5597168
0.4930152
0.5379006
0.5247225
0.5224080
0.5326495
0.5086199
0.5581463
0.5405468
0.5456491
0.5375958
0.5546944
0.5575656
0.5368837
0.5311150
0.5221843
0.4980594
0.5309355
0.5402958
0.5198809
0.5547131
0.5111205
0.5340441
0.5532134
0.5396893
0.4963549
0.5393487
0.5142442
0.5423813
0.5429480
0.5623549
0.5954188
0.5313965
0.5135443
0.5043970
0.5109761
0.5089651
0.5611317
0.5436644
0.5346992
0.5597168
0.4930152
0.5379006
0.5247225
0.5224080
0.5326495
0.5086199
0.5581463
0.5405468
0.5456491
0.5375958
0.5546944
0.5575656
0.5368837
0.5311150
0.5221843
0.4980594
0.5309355
0.5402958
0.5198809
0.5547131
0.5111205
0.5340441
0.5532134
0.5396893
0.4963549
0.5393487
0.5142442
0.5423813
0.5429480
0.5623549
0.5954188
0.5313965
0.5135443
0.5043970
0.5109761
0.5089651
0.5611317
0.5436644
0.5346992
0.5597168
0.4930152
0.5379006
0.5247225
0.5224080
0.5326495
0.5086199
0.5581463
0.5405468
0.5456491
0.5375958
0.5546944
0.5575656
0.5368837
0.5311150
0.5221843
0.4980594
0.5309355
0.5402958
0.5198809
0.5547131
0.5111205
0.5340441
0.5532134
0.5396893
0.4963549
0.5393487
0.5142442
0.5423813
0.5429480
0.5623549
0.5954188
0.5313965
0.5135443
0.5043970
0.5109761
0.5089651
0.5611317
0.5436644
0.5346992
0.5597168
0.4930152
0.5379006
0.5247225
0.5224080
0.5326495
0.5086199
0.5581463
0.5405468
0.5456491
0.5375958
0.5546944
0.5575656
0.5368837
0.5311150
0.5221843
0.4980594
0.5309355
0.5402958
0.5198809
0.5547131
0.5111205
0.5340441
0.5532134
0.5396893
0.4963549
0.5393487
0.5142442
0.5423813
0.5429480
0.5623549
0.5954188
0.5313965
0.5135443
0.5043970
0.5109761
0.5089651
0.5611317
0.5436644
0.5346992
0.5597168
0.4930152
0.5379006
0.5247225
0.5224080
0.5326495
0.5086199
0.5581463
0.5405468
0.5456491
0.5375958
0.5546944
0.5575656
0.5368837
0.5311150
0.5221843
0.4980594
0.5309355
0.5402958
0.5198809
0.5547131
0.5111205
0.5340441
0.5532134
0.5396893
0.4963549
0.5393487
0.5142442
0.5423813
0.5429480
0.5623549
0.5954188
0.5313965
0.5135443
0.5043970
0.5109761
0.5089651
0.5611317
0.5436644
0.5346992
0.5597168
0.4930152
0.5379006
0.5247225
0.5224080
0.5326495
0.5086199
0.5581463
0.5405468
0.5456491
0.5375958
0.5546944
0.5575656
0.5368837
0.5311150
0.5221843
0.4980594
0.5309355
0.5402958
0.5198809
0.5547131
0.5111205
0.5340441
0.5532134
0.5396893
0.4963549
0.5393487
0.5142442
0.5423813
0.5429480
0.5623549
0.5954188
0.5313965
0.5135443
0.5043970
0.5109761
0.5089651
0.5611317
0.5436644
0.5346992
0.5597168
0.4930152
0.5379006
0.5247225
0.5224080
0.5326495
0.5086199
0.5581463
0.5405468
0.5456491
0.5375958
0.5546944
0.5575656
0.5368837
0.5311150
0.5221843
0.4980594
0.5309355
0.5402958
0.5198809
0.5547131
0.5111205
0.5340441
0.5532134
0.5396893
0.4963549
0.5393487
0.5142442
0.5423813
0.5429480
0.5623549
0.5954188
0.5313965
0.5135443
0.5043970
0.5109761
0.5089651
0.5611317
0.5436644
0.5346992
0.5597168
0.4930152
0.5379006
0.5247225
0.5224080
0.5326495
0.5086199
0.5581463
0.5405468
0.5456491
0.5375958
0.5546944
0.5575656
0.5368837
0.5311150
0.5221843
0.4980594
0.5309355
0.5402958
0.5198809
0.5547131
0.5111205
0.5340441
0.5532134
0.5396893
0.4963549
0.5393487
0.5142442
0.5423813
0.5429480
0.5623549
0.5954188
0.5313965
0.5135443
0.5043970
0.5109761
0.5089651
0.5611317
0.5436644
0.5346992
0.5597168
0.4930152
0.5379006
0.5247225
0.5224080
0.5326495
0.5086199
0.5581463
0.5405468
0.5456491
0.5375958
0.5546944
0.5575656
0.5368837
0.5311150
0.5221843
0.4980594
0.5309355
0.5402958
0.5198809
0.5547131
0.5111205
0.5340441
0.5532134
0.5396893
0.4963549
0.5393487
0.5142442
0.5423813
0.5429480
0.5623549
0.5954188
0.5313965
0.5135443
0.5043970
0.5109761
0.5089651
0.5611317
0.5436644
0.5346992
0.5597168
0.4930152
0.5379006
0.5247225
0.5224080
0.5326495
0.5086199
0.5581463
0.5405468
0.5456491
0.5375958
0.5546944
0.5575656
0.5368837
0.5311150
0.5221843
0.4980594
0.5309355
0.5402958
0.5198809
0.5547131
0.5111205
0.5340441
0.5532134
0.5396893
0.4963549
0.5393487
0.5142442
0.5423813
0.5429480
0.5623549
0.5954188
0.5313965
0.5135443
0.5043970
0.5109761
0.5089651
0.5611317
0.5436644
0.5346992
0.5597168
0.4930152
0.5379006
0.5247225
0.5224080
0.5326495
0.5086199
0.5581463
0.5405468
0.5456491
0.5375958
0.5546944
0.5575656
0.5368837
0.5311150
0.5221843
0.4980594
0.5309355
0.5402958
0.5198809
0.5547131
0.5111205
0.5340441
0.5532134
0.5396893
0.4963549
0.5393487
0.5142442
0.5423813
0.5429480
0.5623549
0.5954188
0.5313965
0.5135443
0.5043970
0.5109761
0.5089651
0.5611317
0.5436644
0.5346992
0.5597168
0.4930152
0.5379006
0.5247225
0.5224080
0.5326495
0.5086199
0.5581463
0.5405468
0.5456491
0.5375958
0.5546944
0.5575656
0.5368837
0.5311150
0.5221843
0.4980594
0.5309355
0.5402958
0.5198809
0.5547131
0.5111205
0.5340441
0.5532134
0.5396893
0.4963549
0.5393487
0.5142442
0.5423813
0.5429480
0.5623549
0.5954188
0.5313965
0.5135443
0.5043970
0.5109761
0.5089651
0.5611317
0.5436644
0.5346992
0.5597168
0.4930152
0.5379006
0.5247225
0.5224080
0.5326495
0.5086199
0.5581463
0.5405468
0.5456491
0.5375958
0.5546944
0.5575656
0.5368837
0.5311150
0.5221843
0.4980594
0.5309355
0.5402958
0.5198809
0.5547131
0.5111205
0.5340441
0.5532134
0.5396893
0.4963549
0.5393487
0.5142442
0.5423813
0.5429480
0.5623549
0.5954188
0.5313965
0.5135443
0.5043970
0.5109761
0.5089651
0.5611317
0.5436644
0.5346992
0.5597168
0.4930152
0.5379006
0.5247225
0.5224080
0.5326495
0.5086199
0.5581463
0.5405468
0.5456491
0.5375958
0.5546944
0.5575656
0.5368837
0.5311150
0.5221843
0.4980594
0.5309355
0.5402958
0.5198809
0.5547131
0.5111205
0.5340441
0.5532134
0.5396893
0.4963549
0.5393487
0.5142442
0.5423813
0.5429480
0.5623549
0.5954188
0.5313965
0.5135443
0.5043970
0.5109761
0.5089651
0.5611317
0.5436644
0.5346992
0.5597168
0.4930152
0.5379006
0.5247225
0.5224080
0.5326495
0.5086199
0.5581463
0.5405468
0.5456491
0.5375958
0.5546944
0.5575656
0.5368837
0.5311150
0.5221843
0.4980594
0.5309355
0.5402958
0.5198809
0.5547131
0.5111205
0.5340441
0.5532134
0.5396893
0.4963549
0.5393487
0.5142442
0.5423813
0.5429480
0.5623549
0.5954188
0.5313965
0.5135443
0.5043970
0.5109761
0.5089651
0.5611317
0.5436644
0.5346992
0.5597168
0.4930152
0.5379006
0.5247225
0.5224080
0.5326495
0.5086199
0.5581463
0.5405468
0.5456491
0.5375958
0.5546944
0.5575656
0.5368837
0.5311150
0.5221843
0.4980594
0.5309355
0.5402958
0.5198809
0.5547131
0.5111205
0.5340441
0.5532134
0.5396893
0.4963549
0.5393487
0.5142442
0.5423813
0.5429480
0.5623549
0.5954188
0.5313965
0.5135443
0.5043970
0.5109761
0.5089651
0.5611317
0.5436644
0.5346992
0.5597168
0.4930152
0.5379006
0.5247225
0.5224080
0.5326495
0.5086199
0.5581463
0.5405468
0.5456491
0.5375958
0.5546944
0.5575656
0.5368837
0.5311150
0.5221843
0.4980594
0.5309355
0.5402958
0.5198809
0.5547131
0.5111205
0.5340441
0.5532134
0.5396893
0.4963549
0.5393487
0.5142442
0.5423813
0.5429480
0.5623549
0.5954188
0.5313965
0.5135443
0.5043970
0.5109761
0.5089651
0.5611317
0.5436644
0.5346992
0.5597168
0.4930152
0.5379006
0.5247225
0.5224080
0.5326495
0.5086199
0.5581463
0.5405468
0.5456491
0.5375958
0.5546944
0.5575656
0.5368837
0.5311150
0.5221843
0.4980594
0.5309355
0.5402958
0.5198809
0.5547131
0.5111205
0.5340441
0.5532134
0.5396893
0.4963549
0.5393487
0.5142442
0.5423813
0.5429480
0.5623549
0.5954188
0.5313965
0.5135443
0.5043970
0.5109761
0.5089651
0.5611317
0.5436644
0.5346992
0.5597168
0.4930152
0.5379006
0.5247225
0.5224080
0.5326495
0.5086199
0.5581463
0.5405468
0.5456491
0.5375958
0.5546944
0.5575656
0.5368837
0.5311150
0.5221843
0.4980594
0.5309355
0.5402958
0.5198809
0.5547131
0.5111205
0.5340441
0.5532134
0.5396893
0.4963549
0.5393487
0.5142442
0.5423813
0.5429480
0.5623549
0.5954188
0.5313965
0.5135443
0.5043970
0.5109761
0.5089651
0.5611317
0.5436644
0.5346992
0.5597168
0.4930152
0.5379006
0.5247225
0.5224080
0.5326495
0.5086199
0.5581463
0.5405468
0.5456491
0.5375958
0.5546944
0.5575656
0.5368837
0.5311150
0.5221843
0.4980594
0.5309355
0.5402958
0.5198809
0.5547131
0.5111205
0.5340441
0.5532134
0.5396893
0.4963549
0.5393487
0.5142442
0.5423813
0.5429480
0.5623549
0.5954188
0.5313965
0.5135443
0.5043970
0.5109761
0.5089651
0.5611317
0.5436644
0.5346992
0.5597168
0.4930152
0.5379006
0.5247225
0.5224080
0.5326495
0.5086199
0.5581463
0.5405468
0.5456491
0.5375958
0.5546944
0.5575656
0.5368837
0.5311150
0.5221843
0.4980594
0.5309355
0.5402958
0.5198809
0.5547131
0.5111205
0.5340441
0.5532134
0.5396893
0.4963549
0.5393487
0.5142442
0.5423813
0.5429480
0.5623549
0.5954188
0.5313965
0.5135443
0.5043970
0.5109761
0.5089651
0.5611317
0.5436644
0.5346992
0.5597168
0.4930152
0.5379006
0.5247225
0.5224080
0.5326495
0.5086199
0.5581463
0.5405468
0.5456491
0.5375958
0.5546944
0.5575656
0.5368837
0.5311150
0.5221843
0.4980594
0.5309355
0.5402958
0.5198809
0.5547131
0.5111205
0.5340441
0.5532134
0.5396893
0.4963549
0.5393487
0.5142442
0.5423813
0.5429480
0.5623549
0.5954188
0.5313965
0.5135443
0.5043970
0.5109761
0.5089651
0.5611317
0.5436644
0.5346992
0.5597168
0.4930152
0.5379006
0.5247225
0.5224080
0.5326495
0.5086199
0.5581463
0.5405468
0.5456491
0.5375958
0.5546944
0.5575656
0.5368837
0.5311150
0.5221843
0.4980594
0.5309355
0.5402958
0.5198809
0.5547131
0.5111205
0.5340441
0.5532134
0.5396893
0.4963549
0.5393487
0.5142442
0.5423813
0.5429480
0.5623549
0.5954188
0.5313965
0.5135443
0.5043970
0.5109761
0.5089651
0.5611317
0.5436644
0.5346992
0.5597168
0.4930152
0.5379006
0.5247225
0.5224080
0.5326495
0.5086199
0.5581463
0.5405468
0.5456491
0.5375958
0.5546944
0.5575656
0.5368837
0.5311150
0.5221843
0.4980594
0.5309355
0.5402958
0.5198809
0.5547131
0.5111205
0.5340441
0.5532134
0.5396893
0.4963549
0.5393487
0.5142442
0.5423813
0.5429480
0.5623549
0.5954188
0.5313965
0.5135443
0.5043970
0.5109761
0.5089651
0.5611317
0.5436644
0.5346992
0.5597168
0.4930152
0.5379006
0.5247225
0.5224080
0.5326495
0.5086199
0.5581463
0.5405468
0.5456491
0.5375958
0.5546944
0.5575656
0.5368837
0.5311150
0.5221843
0.4980594
0.5309355
0.5402958
0.5198809
0.5547131
0.5111205
0.5340441
0.5532134
0.5396893
0.4963549
0.5393487
0.5142442
0.5423813
0.5429480
0.5623549
0.5954188
0.5313965
0.5135443
0.5043970
0.5109761
0.5089651
0.5611317
0.5436644
0.5346992
0.5597168
0.4930152
0.5379006
0.5247225
0.5224080
0.5326495
0.5086199
0.5581463
0.5405468
0.5456491
0.5375958
0.5546944
0.5575656
0.5368837
0.5311150
0.5221843
0.4980594
0.5309355
0.5402958
0.5198809
0.5547131
0.5111205
0.5340441
0.5532134
0.5396893
0.4963549
0.5393487
0.5142442
0.5423813
0.5429480
0.5623549
0.5954188
0.5313965
0.5135443
0.5043970
0.5109761
0.5089651
0.5611317
0.5436644
0.5346992
0.5597168
0.4930152
0.5379006
0.5247225
0.5224080
0.5326495
0.5086199
0.5581463
0.5405468
0.5456491
0.5375958
0.5546944
0.5575656
0.5368837
0.5311150
0.5221843
0.4980594
0.5309355
0.5402958
0.5198809
0.5547131
0.5111205
0.5340441
0.5532134
0.5396893
0.4963549
0.5393487
0.5142442
0.5423813
0.5429480
0.5623549
0.5954188
0.5313965
0.5135443
0.5043970
0.5109761
0.5089651
0.5611317
0.5436644
0.5346992
0.5597168
0.4930152
0.5379006
0.5247225
0.5224080
0.5326495
0.5086199
0.5581463
0.5405468
0.5456491
0.5375958
0.5546944
0.5575656
0.5368837
0.5311150
0.5221843
0.4980594
0.5309355
0.5402958
0.5198809
0.5547131
0.5111205
0.5340441
0.5532134
0.5396893
0.4963549
0.5393487
0.5142442
0.5423813
0.5429480
0.5623549
0.5954188
0.5313965
0.5135443
0.5043970
0.5109761
0.5089651
0.5611317
0.5436644
0.5346992
0.5597168
0.4930152
0.5379006
0.5247225
0.5224080
0.5326495
0.5086199
0.5581463
0.5405468
0.5456491
0.5375958
0.5546944
0.5575656
0.5368837
0.5311150
0.5221843
0.4980594
0.5309355
0.5402958
0.5198809
0.5547131
0.5111205
0.5340441
0.5532134
0.5396893
0.4963549
0.5393487
0.5142442
0.5423813
0.5429480
0.5623549
0.5954188
0.5313965
0.5135443
0.5043970
0.5109761
0.5089651
0.5611317
0.5436644
0.5346992
0.5597168
0.4930152
0.5379006
0.5247225
0.5224080
0.5326495
0.5086199
0.5581463
0.5405468
0.5456491
0.5375958
0.5546944
0.5575656
0.5368837
0.5311150
0.5221843
0.4980594
0.5309355
0.5402958
0.5198809
0.5547131
0.5111205
0.5340441
0.5532134
0.5396893
0.4963549
0.5393487
0.5142442
0.5423813
0.5429480
0.5623549
0.5954188
0.5313965
0.5135443
0.5043970
0.5109761
0.5089651
0.5611317
0.5436644
0.5346992
0.5597168
0.4930152
0.5379006
0.5247225
0.5224080
0.5326495
0.5086199
0.5581463
0.5405468
0.5456491
0.5375958
0.5546944
0.5575656
0.5368837
0.5311150
0.5221843
0.4980594
0.5309355
0.5402958
0.5198809
0.5547131
0.5111205
0.5340441
0.5532134
0.5396893
0.4963549
0.5393487
0.5142442
0.5423813
0.5429480
0.5623549
0.5954188
0.5313965
0.5135443
0.5043970
0.5109761
0.5089651
0.5611317
0.5436644
0.5346992
0.5597168
0.4930152
0.5379006
0.5247225
0.5224080
0.5326495
0.5086199
0.5581463
0.5405468
0.5456491
0.5375958
0.5546944
0.5575656
0.5368837
0.5311150
0.5221843
0.4980594
0.5309355
0.5402958
0.5198809
0.5547131
0.5111205
0.5340441
0.5532134
0.5396893
0.4963549
0.5393487
0.5142442
0.5423813
0.5429480
0.5623549
0.5954188
0.5313965
0.5135443
0.5043970
0.5109761
0.5089651
0.5611317
0.5436644
0.5346992
0.5597168
0.4930152
0.5379006
0.5247225
0.5224080
0.5326495
0.5086199
0.5581463
0.5405468
0.5456491
0.5375958
0.5546944
0.5575656
0.5368837
0.5311150
0.5221843
0.4980594
0.5309355
0.5402958
0.5198809
0.5547131
0.5111205
0.5340441
0.5532134
0.5396893
0.4963549
0.5393487
0.5142442
0.5423813
0.5429480
0.5623549
0.5954188
0.5313965
0.5135443
0.5043970
0.5109761
0.5089651
0.5611317
0.5436644
0.5346992
0.5597168
0.4930152
0.5379006
0.5247225
0.5224080
0.5326495
0.5086199
0.5581463
0.5405468
0.5456491
0.5375958
0.5546944
0.5575656
0.5368837
0.5311150
0.5221843
0.4980594
0.5309355
0.5402958
0.5198809
0.5547131
0.5111205
0.5340441
0.5532134
0.5396893
0.4963549
0.5393487
0.5142442
0.5423813
0.5429480
0.5623549
0.5954188
0.5313965
0.5135443
0.5043970
0.5109761
0.5089651
0.5611317
0.5436644
0.5346992
0.5597168
0.4930152
0.5379006
0.5247225
0.5224080
0.5326495
0.5086199
0.5581463
0.5405468
0.5456491
0.5375958
0.5546944
0.5575656
0.5368837
0.5311150
0.5221843
0.4980594
0.5309355
0.5402958
0.5198809
0.5547131
0.5111205
0.5340441
0.5532134
0.5396893
0.4963549
0.5393487
0.5142442
0.5423813
0.5429480
0.5623549
0.5954188
0.5313965
0.5135443
0.5043970
0.5109761
0.5089651
0.5611317
0.5436644
0.5346992
0.5597168
0.4930152
0.5379006
0.5247225
0.5224080
0.5326495
0.5086199
