0.5113604
0.5177079
0.4958722
0.4692753
0.5151607
0.4814481
0.4785377
0.4861483
0.5001823
0.5085676
0.5179105
0.5262576
0.5273768
0.4886637
0.5128765
0.5174520
0.4478284
0.4817950
0.5143581
0.5075879
0.5064946
0.5061084
0.4647033
0.4740057
0.4876757
0.5139880
0.5042442
0.5228588
0.5249006
0.5009734
0.5087009
0.5017417
0.5035720
0.4627072
0.4774185
0.5287577
0.4871021
0.4892875
0.5165612
0.5305978
0.5113604
0.5177079
0.4958722
0.4692753
0.5151607
0.4814481
0.4785377
0.4861483
0.5001823
0.5085676
0.5179105
0.5262576
0.5273768
0.4886637
0.5128765
0.5174520
0.4478284
0.4817950
0.5143581
0.5075879
0.5064946
0.5061084
0.4647033
0.4740057
0.4876757
0.5139880
0.5042442
0.5228588
0.5249006
0.5009734
0.5087009
0.5017417
0.5035720
0.4627072
0.4774185
0.5287577
0.4871021
0.4892875
0.5165612
0.5305978
0.5113604
0.5177079
0.4958722
0.4692753
0.5151607
0.4814481
0.4785377
0.4861483
0.5001823
0.5085676
0.5179105
0.5262576
0.5273768
0.4886637
0.5128765
0.5174520
0.4478284
0.4817950
0.5143581
0.5075879
0.5064946
0.5061084
0.4647033
0.4740057
0.4876757
0.5139880
0.5042442
0.5228588
0.5249006
0.5009734
0.5087009
0.5017417
0.5035720
0.4627072
0.4774185
0.5287577
0.4871021
0.4892875
0.5165612
0.5305978
0.5113604
0.5177079
0.4958722
0.4692753
0.5151607
0.4814481
0.4785377
0.4861483
0.5001823
0.5085676
0.5179105
0.5262576
0.5273768
0.4886637
0.5128765
0.5174520
0.4478284
0.4817950
0.5143581
0.5075879
0.5064946
0.5061084
0.4647033
0.4740057
0.4876757
0.5139880
0.5042442
0.5228588
0.5249006
0.5009734
0.5087009
0.5017417
0.5035720
0.4627072
0.4774185
0.5287577
0.4871021
0.4892875
0.5165612
0.5305978
0.5113604
0.5177079
0.4958722
0.4692753
0.5151607
0.4814481
0.4785377
0.4861483
0.5001823
0.5085676
0.5179105
0.5262576
0.5273768
0.4886637
0.5128765
0.5174520
0.4478284
0.4817950
0.5143581
0.5075879
0.5064946
0.5061084
0.4647033
0.4740057
0.4876757
0.5139880
0.5042442
0.5228588
0.5249006
0.5009734
0.5087009
0.5017417
0.5035720
0.4627072
0.4774185
0.5287577
0.4871021
0.4892875
0.5165612
0.5305978
0.5113604
0.5177079
0.4958722
0.4692753
0.5151607
0.4814481
0.4785377
0.4861483
0.5001823
0.5085676
0.5179105
0.5262576
0.5273768
0.4886637
0.5128765
0.5174520
0.4478284
0.4817950
0.5143581
0.5075879
0.5064946
0.5061084
0.4647033
0.4740057
0.4876757
0.5139880
0.5042442
0.5228588
0.5249006
0.5009734
0.5087009
0.5017417
0.5035720
0.4627072
0.4774185
0.5287577
0.4871021
0.4892875
0.5165612
0.5305978
0.5113604
0.5177079
0.4958722
0.4692753
0.5151607
0.4814481
0.4785377
0.4861483
0.5001823
0.5085676
0.5179105
0.5262576
0.5273768
0.4886637
0.5128765
0.5174520
0.4478284
0.4817950
0.5143581
0.5075879
0.5064946
0.5061084
0.4647033
0.4740057
0.4876757
0.5139880
0.5042442
0.5228588
0.5249006
0.5009734
0.5087009
0.5017417
0.5035720
0.4627072
0.4774185
0.5287577
0.4871021
0.4892875
0.5165612
0.5305978
0.5113604
0.5177079
0.4958722
0.4692753
0.5151607
0.4814481
0.4785377
0.4861483
0.5001823
0.5085676
0.5179105
0.5262576
0.5273768
0.4886637
0.5128765
0.5174520
0.4478284
0.4817950
0.5143581
0.5075879
0.5064946
0.5061084
0.4647033
0.4740057
0.4876757
0.5139880
0.5042442
0.5228588
0.5249006
0.5009734
0.5087009
0.5017417
0.5035720
0.4627072
0.4774185
0.5287577
0.4871021
0.4892875
0.5165612
0.5305978
0.5113604
0.5177079
0.4958722
0.4692753
0.5151607
0.4814481
0.4785377
0.4861483
0.5001823
0.5085676
0.5179105
0.5262576
0.5273768
0.4886637
0.5128765
0.5174520
0.4478284
0.4817950
0.5143581
0.5075879
0.5064946
0.5061084
0.4647033
0.4740057
0.4876757
0.5139880
0.5042442
0.5228588
0.5249006
0.5009734
0.5087009
0.5017417
0.5035720
0.4627072
0.4774185
0.5287577
0.4871021
0.4892875
0.5165612
0.5305978
0.5113604
0.5177079
0.4958722
0.4692753
0.5151607
0.4814481
0.4785377
0.4861483
0.5001823
0.5085676
0.5179105
0.5262576
0.5273768
0.4886637
0.5128765
0.5174520
0.4478284
0.4817950
0.5143581
0.5075879
0.5064946
0.5061084
0.4647033
0.4740057
0.4876757
0.5139880
0.5042442
0.5228588
0.5249006
0.5009734
0.5087009
0.5017417
0.5035720
0.4627072
0.4774185
0.5287577
0.4871021
0.4892875
0.5165612
0.5305978
0.5113604
0.5177079
0.4958722
0.4692753
0.5151607
0.4814481
0.4785377
0.4861483
0.5001823
0.5085676
0.5179105
0.5262576
0.5273768
0.4886637
0.5128765
0.5174520
0.4478284
0.4817950
0.5143581
0.5075879
0.5064946
0.5061084
0.4647033
0.4740057
0.4876757
0.5139880
0.5042442
0.5228588
0.5249006
0.5009734
0.5087009
0.5017417
0.5035720
0.4627072
0.4774185
0.5287577
0.4871021
0.4892875
0.5165612
0.5305978
0.5113604
0.5177079
0.4958722
0.4692753
0.5151607
0.4814481
0.4785377
0.4861483
0.5001823
0.5085676
0.5179105
0.5262576
0.5273768
0.4886637
0.5128765
0.5174520
0.4478284
0.4817950
0.5143581
0.5075879
0.5064946
0.5061084
0.4647033
0.4740057
0.4876757
0.5139880
0.5042442
0.5228588
0.5249006
0.5009734
0.5087009
0.5017417
0.5035720
0.4627072
0.4774185
0.5287577
0.4871021
0.4892875
0.5165612
0.5305978
0.5113604
0.5177079
0.4958722
0.4692753
0.5151607
0.4814481
0.4785377
0.4861483
0.5001823
0.5085676
0.5179105
0.5262576
0.5273768
0.4886637
0.5128765
0.5174520
0.4478284
0.4817950
0.5143581
0.5075879
0.5064946
0.5061084
0.4647033
0.4740057
0.4876757
0.5139880
0.5042442
0.5228588
0.5249006
0.5009734
0.5087009
0.5017417
0.5035720
0.4627072
0.4774185
0.5287577
0.4871021
0.4892875
0.5165612
0.5305978
0.5113604
0.5177079
0.4958722
0.4692753
0.5151607
0.4814481
0.4785377
0.4861483
0.5001823
0.5085676
0.5179105
0.5262576
0.5273768
0.4886637
0.5128765
0.5174520
0.4478284
0.4817950
0.5143581
0.5075879
0.5064946
0.5061084
0.4647033
0.4740057
0.4876757
0.5139880
0.5042442
0.5228588
0.5249006
0.5009734
0.5087009
0.5017417
0.5035720
0.4627072
0.4774185
0.5287577
0.4871021
0.4892875
0.5165612
0.5305978
0.5113604
0.5177079
0.4958722
0.4692753
0.5151607
0.4814481
0.4785377
0.4861483
0.5001823
0.5085676
0.5179105
0.5262576
0.5273768
0.4886637
0.5128765
0.5174520
0.4478284
0.4817950
0.5143581
0.5075879
0.5064946
0.5061084
0.4647033
0.4740057
0.4876757
0.5139880
0.5042442
0.5228588
0.5249006
0.5009734
0.5087009
0.5017417
0.5035720
0.4627072
0.4774185
0.5287577
0.4871021
0.4892875
0.5165612
0.5305978
0.5113604
0.5177079
0.4958722
0.4692753
0.5151607
0.4814481
0.4785377
0.4861483
0.5001823
0.5085676
0.5179105
0.5262576
0.5273768
0.4886637
0.5128765
0.5174520
0.4478284
0.4817950
0.5143581
0.5075879
0.5064946
0.5061084
0.4647033
0.4740057
0.4876757
0.5139880
0.5042442
0.5228588
0.5249006
0.5009734
0.5087009
0.5017417
0.5035720
0.4627072
0.4774185
0.5287577
0.4871021
0.4892875
0.5165612
0.5305978
0.5113604
0.5177079
0.4958722
0.4692753
0.5151607
0.4814481
0.4785377
0.4861483
0.5001823
0.5085676
0.5179105
0.5262576
0.5273768
0.4886637
0.5128765
0.5174520
0.4478284
0.4817950
0.5143581
0.5075879
0.5064946
0.5061084
0.4647033
0.4740057
0.4876757
0.5139880
0.5042442
0.5228588
0.5249006
0.5009734
0.5087009
0.5017417
0.5035720
0.4627072
0.4774185
0.5287577
0.4871021
0.4892875
0.5165612
0.5305978
0.5113604
0.5177079
0.4958722
0.4692753
0.5151607
0.4814481
0.4785377
0.4861483
0.5001823
0.5085676
0.5179105
0.5262576
0.5273768
0.4886637
0.5128765
0.5174520
0.4478284
0.4817950
0.5143581
0.5075879
0.5064946
0.5061084
0.4647033
0.4740057
0.4876757
0.5139880
0.5042442
0.5228588
0.5249006
0.5009734
0.5087009
0.5017417
0.5035720
0.4627072
0.4774185
0.5287577
0.4871021
0.4892875
0.5165612
0.5305978
0.5113604
0.5177079
0.4958722
0.4692753
0.5151607
0.4814481
0.4785377
0.4861483
0.5001823
0.5085676
0.5179105
0.5262576
0.5273768
0.4886637
0.5128765
0.5174520
0.4478284
0.4817950
0.5143581
0.5075879
0.5064946
0.5061084
0.4647033
0.4740057
0.4876757
0.5139880
0.5042442
0.5228588
0.5249006
0.5009734
0.5087009
0.5017417
0.5035720
0.4627072
0.4774185
0.5287577
0.4871021
0.4892875
0.5165612
0.5305978
0.5113604
0.5177079
0.4958722
0.4692753
0.5151607
0.4814481
0.4785377
0.4861483
0.5001823
0.5085676
0.5179105
0.5262576
0.5273768
0.4886637
0.5128765
0.5174520
0.4478284
0.4817950
0.5143581
0.5075879
0.5064946
0.5061084
0.4647033
0.4740057
0.4876757
0.5139880
0.5042442
0.5228588
0.5249006
0.5009734
0.5087009
0.5017417
0.5035720
0.4627072
0.4774185
0.5287577
0.4871021
0.4892875
0.5165612
0.5305978
0.5113604
0.5177079
0.4958722
0.4692753
0.5151607
0.4814481
0.4785377
0.4861483
0.5001823
0.5085676
0.5179105
0.5262576
0.5273768
0.4886637
0.5128765
0.5174520
0.4478284
0.4817950
0.5143581
0.5075879
0.5064946
0.5061084
0.4647033
0.4740057
0.4876757
0.5139880
0.5042442
0.5228588
0.5249006
0.5009734
0.5087009
0.5017417
0.5035720
0.4627072
0.4774185
0.5287577
0.4871021
0.4892875
0.5165612
0.5305978
0.5113604
0.5177079
0.4958722
0.4692753
0.5151607
0.4814481
0.4785377
0.4861483
0.5001823
0.5085676
0.5179105
0.5262576
0.5273768
0.4886637
0.5128765
0.5174520
0.4478284
0.4817950
0.5143581
0.5075879
0.5064946
0.5061084
0.4647033
0.4740057
0.4876757
0.5139880
0.5042442
0.5228588
0.5249006
0.5009734
0.5087009
0.5017417
0.5035720
0.4627072
0.4774185
0.5287577
0.4871021
0.4892875
0.5165612
0.5305978
0.5113604
0.5177079
0.4958722
0.4692753
0.5151607
0.4814481
0.4785377
0.4861483
0.5001823
0.5085676
0.5179105
0.5262576
0.5273768
0.4886637
0.5128765
0.5174520
0.4478284
0.4817950
0.5143581
0.5075879
0.5064946
0.5061084
0.4647033
0.4740057
0.4876757
0.5139880
0.5042442
0.5228588
0.5249006
0.5009734
0.5087009
0.5017417
0.5035720
0.4627072
0.4774185
0.5287577
0.4871021
0.4892875
0.5165612
0.5305978
0.5113604
0.5177079
0.4958722
0.4692753
0.5151607
0.4814481
0.4785377
0.4861483
0.5001823
0.5085676
0.5179105
0.5262576
0.5273768
0.4886637
0.5128765
0.5174520
0.4478284
0.4817950
0.5143581
0.5075879
0.5064946
0.5061084
0.4647033
0.4740057
0.4876757
0.5139880
0.5042442
0.5228588
0.5249006
0.5009734
0.5087009
0.5017417
0.5035720
0.4627072
0.4774185
0.5287577
0.4871021
0.4892875
0.5165612
0.5305978
0.5113604
0.5177079
0.4958722
0.4692753
0.5151607
0.4814481
0.4785377
0.4861483
0.5001823
0.5085676
0.5179105
0.5262576
0.5273768
0.4886637
0.5128765
0.5174520
0.4478284
0.4817950
0.5143581
0.5075879
0.5064946
0.5061084
0.4647033
0.4740057
0.4876757
0.5139880
0.5042442
0.5228588
0.5249006
0.5009734
0.5087009
0.5017417
0.5035720
0.4627072
0.4774185
0.5287577
0.4871021
0.4892875
0.5165612
0.5305978
0.5113604
0.5177079
0.4958722
0.4692753
0.5151607
0.4814481
0.4785377
0.4861483
0.5001823
0.5085676
0.5179105
0.5262576
0.5273768
0.4886637
0.5128765
0.5174520
0.4478284
0.4817950
0.5143581
0.5075879
0.5064946
0.5061084
0.4647033
0.4740057
0.4876757
0.5139880
0.5042442
0.5228588
0.5249006
0.5009734
0.5087009
0.5017417
0.5035720
0.4627072
0.4774185
0.5287577
0.4871021
0.4892875
0.5165612
0.5305978
0.5113604
0.5177079
0.4958722
0.4692753
0.5151607
0.4814481
0.4785377
0.4861483
0.5001823
0.5085676
0.5179105
0.5262576
0.5273768
0.4886637
0.5128765
0.5174520
0.4478284
0.4817950
0.5143581
0.5075879
0.5064946
0.5061084
0.4647033
0.4740057
0.4876757
0.5139880
0.5042442
0.5228588
0.5249006
0.5009734
0.5087009
0.5017417
0.5035720
0.4627072
0.4774185
0.5287577
0.4871021
0.4892875
0.5165612
0.5305978
0.5113604
0.5177079
0.4958722
0.4692753
0.5151607
0.4814481
0.4785377
0.4861483
0.5001823
0.5085676
0.5179105
0.5262576
0.5273768
0.4886637
0.5128765
0.5174520
0.4478284
0.4817950
0.5143581
0.5075879
0.5064946
0.5061084
0.4647033
0.4740057
0.4876757
0.5139880
0.5042442
0.5228588
0.5249006
0.5009734
0.5087009
0.5017417
0.5035720
0.4627072
0.4774185
0.5287577
0.4871021
0.4892875
0.5165612
0.5305978
0.5113604
0.5177079
0.4958722
0.4692753
0.5151607
0.4814481
0.4785377
0.4861483
0.5001823
0.5085676
0.5179105
0.5262576
0.5273768
0.4886637
0.5128765
0.5174520
0.4478284
0.4817950
0.5143581
0.5075879
0.5064946
0.5061084
0.4647033
0.4740057
0.4876757
0.5139880
0.5042442
0.5228588
0.5249006
0.5009734
0.5087009
0.5017417
0.5035720
0.4627072
0.4774185
0.5287577
0.4871021
0.4892875
0.5165612
0.5305978
0.5113604
0.5177079
0.4958722
0.4692753
0.5151607
0.4814481
0.4785377
0.4861483
0.5001823
0.5085676
0.5179105
0.5262576
0.5273768
0.4886637
0.5128765
0.5174520
0.4478284
0.4817950
0.5143581
0.5075879
0.5064946
0.5061084
0.4647033
0.4740057
0.4876757
0.5139880
0.5042442
0.5228588
0.5249006
0.5009734
0.5087009
0.5017417
0.5035720
0.4627072
0.4774185
0.5287577
0.4871021
0.4892875
0.5165612
0.5305978
0.5113604
0.5177079
0.4958722
0.4692753
0.5151607
0.4814481
0.4785377
0.4861483
0.5001823
0.5085676
0.5179105
0.5262576
0.5273768
0.4886637
0.5128765
0.5174520
0.4478284
0.4817950
0.5143581
0.5075879
0.5064946
0.5061084
0.4647033
0.4740057
0.4876757
0.5139880
0.5042442
0.5228588
0.5249006
0.5009734
0.5087009
0.5017417
0.5035720
0.4627072
0.4774185
0.5287577
0.4871021
0.4892875
0.5165612
0.5305978
0.5113604
0.5177079
0.4958722
0.4692753
0.5151607
0.4814481
0.4785377
0.4861483
0.5001823
0.5085676
0.5179105
0.5262576
0.5273768
0.4886637
0.5128765
0.5174520
0.4478284
0.4817950
0.5143581
0.5075879
0.5064946
0.5061084
0.4647033
0.4740057
0.4876757
0.5139880
0.5042442
0.5228588
0.5249006
0.5009734
0.5087009
0.5017417
0.5035720
0.4627072
0.4774185
0.5287577
0.4871021
0.4892875
0.5165612
0.5305978
0.5113604
0.5177079
0.4958722
0.4692753
0.5151607
0.4814481
0.4785377
0.4861483
0.5001823
0.5085676
0.5179105
0.5262576
0.5273768
0.4886637
0.5128765
0.5174520
0.4478284
0.4817950
0.5143581
0.5075879
0.5064946
0.5061084
0.4647033
0.4740057
0.4876757
0.5139880
0.5042442
0.5228588
0.5249006
0.5009734
0.5087009
0.5017417
0.5035720
0.4627072
0.4774185
0.5287577
0.4871021
0.4892875
0.5165612
0.5305978
0.5113604
0.5177079
0.4958722
0.4692753
0.5151607
0.4814481
0.4785377
0.4861483
0.5001823
0.5085676
0.5179105
0.5262576
0.5273768
0.4886637
0.5128765
0.5174520
0.4478284
0.4817950
0.5143581
0.5075879
0.5064946
0.5061084
0.4647033
0.4740057
0.4876757
0.5139880
0.5042442
0.5228588
0.5249006
0.5009734
0.5087009
0.5017417
0.5035720
0.4627072
0.4774185
0.5287577
0.4871021
0.4892875
0.5165612
0.5305978
0.5113604
0.5177079
0.4958722
0.4692753
0.5151607
0.4814481
0.4785377
0.4861483
0.5001823
0.5085676
0.5179105
0.5262576
0.5273768
0.4886637
0.5128765
0.5174520
0.4478284
0.4817950
0.5143581
0.5075879
0.5064946
0.5061084
0.4647033
0.4740057
0.4876757
0.5139880
0.5042442
0.5228588
0.5249006
0.5009734
0.5087009
0.5017417
0.5035720
0.4627072
0.4774185
0.5287577
0.4871021
0.4892875
0.5165612
0.5305978
0.5113604
0.5177079
0.4958722
0.4692753
0.5151607
0.4814481
0.4785377
0.4861483
0.5001823
0.5085676
0.5179105
0.5262576
0.5273768
0.4886637
0.5128765
0.5174520
0.4478284
0.4817950
0.5143581
0.5075879
0.5064946
0.5061084
0.4647033
0.4740057
0.4876757
0.5139880
0.5042442
0.5228588
0.5249006
0.5009734
0.5087009
0.5017417
0.5035720
0.4627072
0.4774185
0.5287577
0.4871021
0.4892875
0.5165612
0.5305978
0.5113604
0.5177079
0.4958722
0.4692753
0.5151607
0.4814481
0.4785377
0.4861483
0.5001823
0.5085676
0.5179105
0.5262576
0.5273768
0.4886637
0.5128765
0.5174520
0.4478284
0.4817950
0.5143581
0.5075879
0.5064946
0.5061084
0.4647033
0.4740057
0.4876757
0.5139880
0.5042442
0.5228588
0.5249006
0.5009734
0.5087009
0.5017417
0.5035720
0.4627072
0.4774185
0.5287577
0.4871021
0.4892875
0.5165612
0.5305978
0.5113604
0.5177079
0.4958722
0.4692753
0.5151607
0.4814481
0.4785377
0.4861483
0.5001823
0.5085676
0.5179105
0.5262576
0.5273768
0.4886637
0.5128765
0.5174520
0.4478284
0.4817950
0.5143581
0.5075879
0.5064946
0.5061084
0.4647033
0.4740057
0.4876757
0.5139880
0.5042442
0.5228588
0.5249006
0.5009734
0.5087009
0.5017417
0.5035720
0.4627072
0.4774185
0.5287577
0.4871021
0.4892875
0.5165612
0.5305978
0.5113604
0.5177079
0.4958722
0.4692753
0.5151607
0.4814481
0.4785377
0.4861483
0.5001823
0.5085676
0.5179105
0.5262576
0.5273768
0.4886637
0.5128765
0.5174520
0.4478284
0.4817950
0.5143581
0.5075879
0.5064946
0.5061084
0.4647033
0.4740057
0.4876757
0.5139880
0.5042442
0.5228588
0.5249006
0.5009734
0.5087009
0.5017417
0.5035720
0.4627072
0.4774185
0.5287577
0.4871021
0.4892875
0.5165612
0.5305978
0.5113604
0.5177079
0.4958722
0.4692753
0.5151607
0.4814481
0.4785377
0.4861483
0.5001823
0.5085676
0.5179105
0.5262576
0.5273768
0.4886637
0.5128765
0.5174520
0.4478284
0.4817950
0.5143581
0.5075879
0.5064946
0.5061084
0.4647033
0.4740057
0.4876757
0.5139880
0.5042442
0.5228588
0.5249006
0.5009734
0.5087009
0.5017417
0.5035720
0.4627072
0.4774185
0.5287577
0.4871021
0.4892875
0.5165612
0.5305978
0.5113604
0.5177079
0.4958722
0.4692753
0.5151607
0.4814481
0.4785377
0.4861483
0.5001823
0.5085676
0.5179105
0.5262576
0.5273768
0.4886637
0.5128765
0.5174520
0.4478284
0.4817950
0.5143581
0.5075879
0.5064946
0.5061084
0.4647033
0.4740057
0.4876757
0.5139880
0.5042442
0.5228588
0.5249006
0.5009734
0.5087009
0.5017417
0.5035720
0.4627072
0.4774185
0.5287577
0.4871021
0.4892875
0.5165612
0.5305978
0.5113604
0.5177079
0.4958722
0.4692753
0.5151607
0.4814481
0.4785377
0.4861483
0.5001823
0.5085676
0.5179105
0.5262576
0.5273768
0.4886637
0.5128765
0.5174520
0.4478284
0.4817950
0.5143581
0.5075879
0.5064946
0.5061084
0.4647033
0.4740057
0.4876757
0.5139880
0.5042442
0.5228588
0.5249006
0.5009734
0.5087009
0.5017417
0.5035720
0.4627072
0.4774185
0.5287577
0.4871021
0.4892875
0.5165612
0.5305978
0.5113604
0.5177079
0.4958722
0.4692753
0.5151607
0.4814481
0.4785377
0.4861483
0.5001823
0.5085676
0.5179105
0.5262576
0.5273768
0.4886637
0.5128765
0.5174520
0.4478284
0.4817950
0.5143581
0.5075879
0.5064946
0.5061084
0.4647033
0.4740057
0.4876757
0.5139880
0.5042442
0.5228588
0.5249006
0.5009734
0.5087009
0.5017417
0.5035720
0.4627072
0.4774185
0.5287577
0.4871021
0.4892875
0.5165612
0.5305978
0.5113604
0.5177079
0.4958722
0.4692753
0.5151607
0.4814481
0.4785377
0.4861483
0.5001823
0.5085676
0.5179105
0.5262576
0.5273768
0.4886637
0.5128765
0.5174520
0.4478284
0.4817950
0.5143581
0.5075879
0.5064946
0.5061084
0.4647033
0.4740057
0.4876757
0.5139880
0.5042442
0.5228588
0.5249006
0.5009734
0.5087009
0.5017417
0.5035720
0.4627072
0.4774185
0.5287577
0.4871021
0.4892875
0.5165612
0.5305978
0.5113604
0.5177079
0.4958722
0.4692753
0.5151607
0.4814481
0.4785377
0.4861483
0.5001823
0.5085676
0.5179105
0.5262576
0.5273768
0.4886637
0.5128765
0.5174520
0.4478284
0.4817950
0.5143581
0.5075879
0.5064946
0.5061084
0.4647033
0.4740057
0.4876757
0.5139880
0.5042442
0.5228588
0.5249006
0.5009734
0.5087009
0.5017417
0.5035720
0.4627072
0.4774185
0.5287577
0.4871021
0.4892875
0.5165612
0.5305978
0.5113604
0.5177079
0.4958722
0.4692753
0.5151607
0.4814481
0.4785377
0.4861483
0.5001823
0.5085676
0.5179105
0.5262576
0.5273768
0.4886637
0.5128765
0.5174520
0.4478284
0.4817950
0.5143581
0.5075879
0.5064946
0.5061084
0.4647033
0.4740057
0.4876757
0.5139880
0.5042442
0.5228588
0.5249006
0.5009734
0.5087009
0.5017417
0.5035720
0.4627072
0.4774185
0.5287577
0.4871021
0.4892875
0.5165612
0.5305978
0.5113604
0.5177079
0.4958722
0.4692753
0.5151607
0.4814481
0.4785377
0.4861483
0.5001823
0.5085676
0.5179105
0.5262576
0.5273768
0.4886637
0.5128765
0.5174520
0.4478284
0.4817950
0.5143581
0.5075879
0.5064946
0.5061084
0.4647033
0.4740057
0.4876757
0.5139880
0.5042442
0.5228588
0.5249006
0.5009734
0.5087009
0.5017417
0.5035720
0.4627072
0.4774185
0.5287577
0.4871021
0.4892875
0.5165612
0.5305978
0.5113604
0.5177079
0.4958722
0.4692753
0.5151607
0.4814481
0.4785377
0.4861483
0.5001823
0.5085676
0.5179105
0.5262576
0.5273768
0.4886637
0.5128765
0.5174520
0.4478284
0.4817950
0.5143581
0.5075879
0.5064946
0.5061084
0.4647033
0.4740057
0.4876757
0.5139880
0.5042442
0.5228588
0.5249006
0.5009734
0.5087009
0.5017417
0.5035720
0.4627072
0.4774185
0.5287577
0.4871021
0.4892875
0.5165612
0.5305978
0.5113604
0.5177079
0.4958722
0.4692753
0.5151607
0.4814481
0.4785377
0.4861483
0.5001823
0.5085676
0.5179105
0.5262576
0.5273768
0.4886637
0.5128765
0.5174520
0.4478284
0.4817950
0.5143581
0.5075879
0.5064946
0.5061084
0.4647033
0.4740057
0.4876757
0.5139880
0.5042442
0.5228588
0.5249006
0.5009734
0.5087009
0.5017417
0.5035720
0.4627072
0.4774185
0.5287577
0.4871021
0.4892875
0.5165612
0.5305978
0.5113604
0.5177079
0.4958722
0.4692753
0.5151607
0.4814481
0.4785377
0.4861483
0.5001823
0.5085676
0.5179105
0.5262576
0.5273768
0.4886637
0.5128765
0.5174520
0.4478284
0.4817950
0.5143581
0.5075879
0.5064946
0.5061084
0.4647033
0.4740057
0.4876757
0.5139880
0.5042442
0.5228588
0.5249006
0.5009734
0.5087009
0.5017417
0.5035720
0.4627072
0.4774185
0.5287577
0.4871021
0.4892875
0.5165612
0.5305978
