0.2805729
0.2990477
0.3060038
0.2997993
0.2732787
0.2799080
0.2999210
0.2914735
0.3031134
0.2967469
0.3166877
0.2982844
0.3022519
0.2970302
0.2857914
0.2941844
0.3033567
0.3095481
0.2970557
0.2989854
0.3038594
0.3084811
0.3180998
0.2997158
0.2914432
0.3172623
0.2964430
0.2995429
0.2900129
0.2931962
0.3122189
0.2954253
0.3128308
0.2971161
0.3040363
0.2881833
0.2814532
0.3363217
0.2817508
0.2792528
0.2805729
0.2990477
0.3060038
0.2997993
0.2732787
0.2799080
0.2999210
0.2914735
0.3031134
0.2967469
0.3166877
0.2982844
0.3022519
0.2970302
0.2857914
0.2941844
0.3033567
0.3095481
0.2970557
0.2989854
0.3038594
0.3084811
0.3180998
0.2997158
0.2914432
0.3172623
0.2964430
0.2995429
0.2900129
0.2931962
0.3122189
0.2954253
0.3128308
0.2971161
0.3040363
0.2881833
0.2814532
0.3363217
0.2817508
0.2792528
0.2805729
0.2990477
0.3060038
0.2997993
0.2732787
0.2799080
0.2999210
0.2914735
0.3031134
0.2967469
0.3166877
0.2982844
0.3022519
0.2970302
0.2857914
0.2941844
0.3033567
0.3095481
0.2970557
0.2989854
0.3038594
0.3084811
0.3180998
0.2997158
0.2914432
0.3172623
0.2964430
0.2995429
0.2900129
0.2931962
0.3122189
0.2954253
0.3128308
0.2971161
0.3040363
0.2881833
0.2814532
0.3363217
0.2817508
0.2792528
0.2805729
0.2990477
0.3060038
0.2997993
0.2732787
0.2799080
0.2999210
0.2914735
0.3031134
0.2967469
0.3166877
0.2982844
0.3022519
0.2970302
0.2857914
0.2941844
0.3033567
0.3095481
0.2970557
0.2989854
0.3038594
0.3084811
0.3180998
0.2997158
0.2914432
0.3172623
0.2964430
0.2995429
0.2900129
0.2931962
0.3122189
0.2954253
0.3128308
0.2971161
0.3040363
0.2881833
0.2814532
0.3363217
0.2817508
0.2792528
0.2805729
0.2990477
0.3060038
0.2997993
0.2732787
0.2799080
0.2999210
0.2914735
0.3031134
0.2967469
0.3166877
0.2982844
0.3022519
0.2970302
0.2857914
0.2941844
0.3033567
0.3095481
0.2970557
0.2989854
0.3038594
0.3084811
0.3180998
0.2997158
0.2914432
0.3172623
0.2964430
0.2995429
0.2900129
0.2931962
0.3122189
0.2954253
0.3128308
0.2971161
0.3040363
0.2881833
0.2814532
0.3363217
0.2817508
0.2792528
0.2805729
0.2990477
0.3060038
0.2997993
0.2732787
0.2799080
0.2999210
0.2914735
0.3031134
0.2967469
0.3166877
0.2982844
0.3022519
0.2970302
0.2857914
0.2941844
0.3033567
0.3095481
0.2970557
0.2989854
0.3038594
0.3084811
0.3180998
0.2997158
0.2914432
0.3172623
0.2964430
0.2995429
0.2900129
0.2931962
0.3122189
0.2954253
0.3128308
0.2971161
0.3040363
0.2881833
0.2814532
0.3363217
0.2817508
0.2792528
0.2805729
0.2990477
0.3060038
0.2997993
0.2732787
0.2799080
0.2999210
0.2914735
0.3031134
0.2967469
0.3166877
0.2982844
0.3022519
0.2970302
0.2857914
0.2941844
0.3033567
0.3095481
0.2970557
0.2989854
0.3038594
0.3084811
0.3180998
0.2997158
0.2914432
0.3172623
0.2964430
0.2995429
0.2900129
0.2931962
0.3122189
0.2954253
0.3128308
0.2971161
0.3040363
0.2881833
0.2814532
0.3363217
0.2817508
0.2792528
0.2805729
0.2990477
0.3060038
0.2997993
0.2732787
0.2799080
0.2999210
0.2914735
0.3031134
0.2967469
0.3166877
0.2982844
0.3022519
0.2970302
0.2857914
0.2941844
0.3033567
0.3095481
0.2970557
0.2989854
0.3038594
0.3084811
0.3180998
0.2997158
0.2914432
0.3172623
0.2964430
0.2995429
0.2900129
0.2931962
0.3122189
0.2954253
0.3128308
0.2971161
0.3040363
0.2881833
0.2814532
0.3363217
0.2817508
0.2792528
0.2805729
0.2990477
0.3060038
0.2997993
0.2732787
0.2799080
0.2999210
0.2914735
0.3031134
0.2967469
0.3166877
0.2982844
0.3022519
0.2970302
0.2857914
0.2941844
0.3033567
0.3095481
0.2970557
0.2989854
0.3038594
0.3084811
0.3180998
0.2997158
0.2914432
0.3172623
0.2964430
0.2995429
0.2900129
0.2931962
0.3122189
0.2954253
0.3128308
0.2971161
0.3040363
0.2881833
0.2814532
0.3363217
0.2817508
0.2792528
0.2805729
0.2990477
0.3060038
0.2997993
0.2732787
0.2799080
0.2999210
0.2914735
0.3031134
0.2967469
0.3166877
0.2982844
0.3022519
0.2970302
0.2857914
0.2941844
0.3033567
0.3095481
0.2970557
0.2989854
0.3038594
0.3084811
0.3180998
0.2997158
0.2914432
0.3172623
0.2964430
0.2995429
0.2900129
0.2931962
0.3122189
0.2954253
0.3128308
0.2971161
0.3040363
0.2881833
0.2814532
0.3363217
0.2817508
0.2792528
0.2805729
0.2990477
0.3060038
0.2997993
0.2732787
0.2799080
0.2999210
0.2914735
0.3031134
0.2967469
0.3166877
0.2982844
0.3022519
0.2970302
0.2857914
0.2941844
0.3033567
0.3095481
0.2970557
0.2989854
0.3038594
0.3084811
0.3180998
0.2997158
0.2914432
0.3172623
0.2964430
0.2995429
0.2900129
0.2931962
0.3122189
0.2954253
0.3128308
0.2971161
0.3040363
0.2881833
0.2814532
0.3363217
0.2817508
0.2792528
0.2805729
0.2990477
0.3060038
0.2997993
0.2732787
0.2799080
0.2999210
0.2914735
0.3031134
0.2967469
0.3166877
0.2982844
0.3022519
0.2970302
0.2857914
0.2941844
0.3033567
0.3095481
0.2970557
0.2989854
0.3038594
0.3084811
0.3180998
0.2997158
0.2914432
0.3172623
0.2964430
0.2995429
0.2900129
0.2931962
0.3122189
0.2954253
0.3128308
0.2971161
0.3040363
0.2881833
0.2814532
0.3363217
0.2817508
0.2792528
0.2805729
0.2990477
0.3060038
0.2997993
0.2732787
0.2799080
0.2999210
0.2914735
0.3031134
0.2967469
0.3166877
0.2982844
0.3022519
0.2970302
0.2857914
0.2941844
0.3033567
0.3095481
0.2970557
0.2989854
0.3038594
0.3084811
0.3180998
0.2997158
0.2914432
0.3172623
0.2964430
0.2995429
0.2900129
0.2931962
0.3122189
0.2954253
0.3128308
0.2971161
0.3040363
0.2881833
0.2814532
0.3363217
0.2817508
0.2792528
0.2805729
0.2990477
0.3060038
0.2997993
0.2732787
0.2799080
0.2999210
0.2914735
0.3031134
0.2967469
0.3166877
0.2982844
0.3022519
0.2970302
0.2857914
0.2941844
0.3033567
0.3095481
0.2970557
0.2989854
0.3038594
0.3084811
0.3180998
0.2997158
0.2914432
0.3172623
0.2964430
0.2995429
0.2900129
0.2931962
0.3122189
0.2954253
0.3128308
0.2971161
0.3040363
0.2881833
0.2814532
0.3363217
0.2817508
0.2792528
0.2805729
0.2990477
0.3060038
0.2997993
0.2732787
0.2799080
0.2999210
0.2914735
0.3031134
0.2967469
0.3166877
0.2982844
0.3022519
0.2970302
0.2857914
0.2941844
0.3033567
0.3095481
0.2970557
0.2989854
0.3038594
0.3084811
0.3180998
0.2997158
0.2914432
0.3172623
0.2964430
0.2995429
0.2900129
0.2931962
0.3122189
0.2954253
0.3128308
0.2971161
0.3040363
0.2881833
0.2814532
0.3363217
0.2817508
0.2792528
0.2805729
0.2990477
0.3060038
0.2997993
0.2732787
0.2799080
0.2999210
0.2914735
0.3031134
0.2967469
0.3166877
0.2982844
0.3022519
0.2970302
0.2857914
0.2941844
0.3033567
0.3095481
0.2970557
0.2989854
0.3038594
0.3084811
0.3180998
0.2997158
0.2914432
0.3172623
0.2964430
0.2995429
0.2900129
0.2931962
0.3122189
0.2954253
0.3128308
0.2971161
0.3040363
0.2881833
0.2814532
0.3363217
0.2817508
0.2792528
0.2805729
0.2990477
0.3060038
0.2997993
0.2732787
0.2799080
0.2999210
0.2914735
0.3031134
0.2967469
0.3166877
0.2982844
0.3022519
0.2970302
0.2857914
0.2941844
0.3033567
0.3095481
0.2970557
0.2989854
0.3038594
0.3084811
0.3180998
0.2997158
0.2914432
0.3172623
0.2964430
0.2995429
0.2900129
0.2931962
0.3122189
0.2954253
0.3128308
0.2971161
0.3040363
0.2881833
0.2814532
0.3363217
0.2817508
0.2792528
0.2805729
0.2990477
0.3060038
0.2997993
0.2732787
0.2799080
0.2999210
0.2914735
0.3031134
0.2967469
0.3166877
0.2982844
0.3022519
0.2970302
0.2857914
0.2941844
0.3033567
0.3095481
0.2970557
0.2989854
0.3038594
0.3084811
0.3180998
0.2997158
0.2914432
0.3172623
0.2964430
0.2995429
0.2900129
0.2931962
0.3122189
0.2954253
0.3128308
0.2971161
0.3040363
0.2881833
0.2814532
0.3363217
0.2817508
0.2792528
0.2805729
0.2990477
0.3060038
0.2997993
0.2732787
0.2799080
0.2999210
0.2914735
0.3031134
0.2967469
0.3166877
0.2982844
0.3022519
0.2970302
0.2857914
0.2941844
0.3033567
0.3095481
0.2970557
0.2989854
0.3038594
0.3084811
0.3180998
0.2997158
0.2914432
0.3172623
0.2964430
0.2995429
0.2900129
0.2931962
0.3122189
0.2954253
0.3128308
0.2971161
0.3040363
0.2881833
0.2814532
0.3363217
0.2817508
0.2792528
0.2805729
0.2990477
0.3060038
0.2997993
0.2732787
0.2799080
0.2999210
0.2914735
0.3031134
0.2967469
0.3166877
0.2982844
0.3022519
0.2970302
0.2857914
0.2941844
0.3033567
0.3095481
0.2970557
0.2989854
0.3038594
0.3084811
0.3180998
0.2997158
0.2914432
0.3172623
0.2964430
0.2995429
0.2900129
0.2931962
0.3122189
0.2954253
0.3128308
0.2971161
0.3040363
0.2881833
0.2814532
0.3363217
0.2817508
0.2792528
0.2805729
0.2990477
0.3060038
0.2997993
0.2732787
0.2799080
0.2999210
0.2914735
0.3031134
0.2967469
0.3166877
0.2982844
0.3022519
0.2970302
0.2857914
0.2941844
0.3033567
0.3095481
0.2970557
0.2989854
0.3038594
0.3084811
0.3180998
0.2997158
0.2914432
0.3172623
0.2964430
0.2995429
0.2900129
0.2931962
0.3122189
0.2954253
0.3128308
0.2971161
0.3040363
0.2881833
0.2814532
0.3363217
0.2817508
0.2792528
0.2805729
0.2990477
0.3060038
0.2997993
0.2732787
0.2799080
0.2999210
0.2914735
0.3031134
0.2967469
0.3166877
0.2982844
0.3022519
0.2970302
0.2857914
0.2941844
0.3033567
0.3095481
0.2970557
0.2989854
0.3038594
0.3084811
0.3180998
0.2997158
0.2914432
0.3172623
0.2964430
0.2995429
0.2900129
0.2931962
0.3122189
0.2954253
0.3128308
0.2971161
0.3040363
0.2881833
0.2814532
0.3363217
0.2817508
0.2792528
0.2805729
0.2990477
0.3060038
0.2997993
0.2732787
0.2799080
0.2999210
0.2914735
0.3031134
0.2967469
0.3166877
0.2982844
0.3022519
0.2970302
0.2857914
0.2941844
0.3033567
0.3095481
0.2970557
0.2989854
0.3038594
0.3084811
0.3180998
0.2997158
0.2914432
0.3172623
0.2964430
0.2995429
0.2900129
0.2931962
0.3122189
0.2954253
0.3128308
0.2971161
0.3040363
0.2881833
0.2814532
0.3363217
0.2817508
0.2792528
0.2805729
0.2990477
0.3060038
0.2997993
0.2732787
0.2799080
0.2999210
0.2914735
0.3031134
0.2967469
0.3166877
0.2982844
0.3022519
0.2970302
0.2857914
0.2941844
0.3033567
0.3095481
0.2970557
0.2989854
0.3038594
0.3084811
0.3180998
0.2997158
0.2914432
0.3172623
0.2964430
0.2995429
0.2900129
0.2931962
0.3122189
0.2954253
0.3128308
0.2971161
0.3040363
0.2881833
0.2814532
0.3363217
0.2817508
0.2792528
0.2805729
0.2990477
0.3060038
0.2997993
0.2732787
0.2799080
0.2999210
0.2914735
0.3031134
0.2967469
0.3166877
0.2982844
0.3022519
0.2970302
0.2857914
0.2941844
0.3033567
0.3095481
0.2970557
0.2989854
0.3038594
0.3084811
0.3180998
0.2997158
0.2914432
0.3172623
0.2964430
0.2995429
0.2900129
0.2931962
0.3122189
0.2954253
0.3128308
0.2971161
0.3040363
0.2881833
0.2814532
0.3363217
0.2817508
0.2792528
0.2805729
0.2990477
0.3060038
0.2997993
0.2732787
0.2799080
0.2999210
0.2914735
0.3031134
0.2967469
0.3166877
0.2982844
0.3022519
0.2970302
0.2857914
0.2941844
0.3033567
0.3095481
0.2970557
0.2989854
0.3038594
0.3084811
0.3180998
0.2997158
0.2914432
0.3172623
0.2964430
0.2995429
0.2900129
0.2931962
0.3122189
0.2954253
0.3128308
0.2971161
0.3040363
0.2881833
0.2814532
0.3363217
0.2817508
0.2792528
0.2805729
0.2990477
0.3060038
0.2997993
0.2732787
0.2799080
0.2999210
0.2914735
0.3031134
0.2967469
0.3166877
0.2982844
0.3022519
0.2970302
0.2857914
0.2941844
0.3033567
0.3095481
0.2970557
0.2989854
0.3038594
0.3084811
0.3180998
0.2997158
0.2914432
0.3172623
0.2964430
0.2995429
0.2900129
0.2931962
0.3122189
0.2954253
0.3128308
0.2971161
0.3040363
0.2881833
0.2814532
0.3363217
0.2817508
0.2792528
0.2805729
0.2990477
0.3060038
0.2997993
0.2732787
0.2799080
0.2999210
0.2914735
0.3031134
0.2967469
0.3166877
0.2982844
0.3022519
0.2970302
0.2857914
0.2941844
0.3033567
0.3095481
0.2970557
0.2989854
0.3038594
0.3084811
0.3180998
0.2997158
0.2914432
0.3172623
0.2964430
0.2995429
0.2900129
0.2931962
0.3122189
0.2954253
0.3128308
0.2971161
0.3040363
0.2881833
0.2814532
0.3363217
0.2817508
0.2792528
0.2805729
0.2990477
0.3060038
0.2997993
0.2732787
0.2799080
0.2999210
0.2914735
0.3031134
0.2967469
0.3166877
0.2982844
0.3022519
0.2970302
0.2857914
0.2941844
0.3033567
0.3095481
0.2970557
0.2989854
0.3038594
0.3084811
0.3180998
0.2997158
0.2914432
0.3172623
0.2964430
0.2995429
0.2900129
0.2931962
0.3122189
0.2954253
0.3128308
0.2971161
0.3040363
0.2881833
0.2814532
0.3363217
0.2817508
0.2792528
0.2805729
0.2990477
0.3060038
0.2997993
0.2732787
0.2799080
0.2999210
0.2914735
0.3031134
0.2967469
0.3166877
0.2982844
0.3022519
0.2970302
0.2857914
0.2941844
0.3033567
0.3095481
0.2970557
0.2989854
0.3038594
0.3084811
0.3180998
0.2997158
0.2914432
0.3172623
0.2964430
0.2995429
0.2900129
0.2931962
0.3122189
0.2954253
0.3128308
0.2971161
0.3040363
0.2881833
0.2814532
0.3363217
0.2817508
0.2792528
0.2805729
0.2990477
0.3060038
0.2997993
0.2732787
0.2799080
0.2999210
0.2914735
0.3031134
0.2967469
0.3166877
0.2982844
0.3022519
0.2970302
0.2857914
0.2941844
0.3033567
0.3095481
0.2970557
0.2989854
0.3038594
0.3084811
0.3180998
0.2997158
0.2914432
0.3172623
0.2964430
0.2995429
0.2900129
0.2931962
0.3122189
0.2954253
0.3128308
0.2971161
0.3040363
0.2881833
0.2814532
0.3363217
0.2817508
0.2792528
0.2805729
0.2990477
0.3060038
0.2997993
0.2732787
0.2799080
0.2999210
0.2914735
0.3031134
0.2967469
0.3166877
0.2982844
0.3022519
0.2970302
0.2857914
0.2941844
0.3033567
0.3095481
0.2970557
0.2989854
0.3038594
0.3084811
0.3180998
0.2997158
0.2914432
0.3172623
0.2964430
0.2995429
0.2900129
0.2931962
0.3122189
0.2954253
0.3128308
0.2971161
0.3040363
0.2881833
0.2814532
0.3363217
0.2817508
0.2792528
0.2805729
0.2990477
0.3060038
0.2997993
0.2732787
0.2799080
0.2999210
0.2914735
0.3031134
0.2967469
0.3166877
0.2982844
0.3022519
0.2970302
0.2857914
0.2941844
0.3033567
0.3095481
0.2970557
0.2989854
0.3038594
0.3084811
0.3180998
0.2997158
0.2914432
0.3172623
0.2964430
0.2995429
0.2900129
0.2931962
0.3122189
0.2954253
0.3128308
0.2971161
0.3040363
0.2881833
0.2814532
0.3363217
0.2817508
0.2792528
0.2805729
0.2990477
0.3060038
0.2997993
0.2732787
0.2799080
0.2999210
0.2914735
0.3031134
0.2967469
0.3166877
0.2982844
0.3022519
0.2970302
0.2857914
0.2941844
0.3033567
0.3095481
0.2970557
0.2989854
0.3038594
0.3084811
0.3180998
0.2997158
0.2914432
0.3172623
0.2964430
0.2995429
0.2900129
0.2931962
0.3122189
0.2954253
0.3128308
0.2971161
0.3040363
0.2881833
0.2814532
0.3363217
0.2817508
0.2792528
0.2805729
0.2990477
0.3060038
0.2997993
0.2732787
0.2799080
0.2999210
0.2914735
0.3031134
0.2967469
0.3166877
0.2982844
0.3022519
0.2970302
0.2857914
0.2941844
0.3033567
0.3095481
0.2970557
0.2989854
0.3038594
0.3084811
0.3180998
0.2997158
0.2914432
0.3172623
0.2964430
0.2995429
0.2900129
0.2931962
0.3122189
0.2954253
0.3128308
0.2971161
0.3040363
0.2881833
0.2814532
0.3363217
0.2817508
0.2792528
0.2805729
0.2990477
0.3060038
0.2997993
0.2732787
0.2799080
0.2999210
0.2914735
0.3031134
0.2967469
0.3166877
0.2982844
0.3022519
0.2970302
0.2857914
0.2941844
0.3033567
0.3095481
0.2970557
0.2989854
0.3038594
0.3084811
0.3180998
0.2997158
0.2914432
0.3172623
0.2964430
0.2995429
0.2900129
0.2931962
0.3122189
0.2954253
0.3128308
0.2971161
0.3040363
0.2881833
0.2814532
0.3363217
0.2817508
0.2792528
0.2805729
0.2990477
0.3060038
0.2997993
0.2732787
0.2799080
0.2999210
0.2914735
0.3031134
0.2967469
0.3166877
0.2982844
0.3022519
0.2970302
0.2857914
0.2941844
0.3033567
0.3095481
0.2970557
0.2989854
0.3038594
0.3084811
0.3180998
0.2997158
0.2914432
0.3172623
0.2964430
0.2995429
0.2900129
0.2931962
0.3122189
0.2954253
0.3128308
0.2971161
0.3040363
0.2881833
0.2814532
0.3363217
0.2817508
0.2792528
0.2805729
0.2990477
0.3060038
0.2997993
0.2732787
0.2799080
0.2999210
0.2914735
0.3031134
0.2967469
0.3166877
0.2982844
0.3022519
0.2970302
0.2857914
0.2941844
0.3033567
0.3095481
0.2970557
0.2989854
0.3038594
0.3084811
0.3180998
0.2997158
0.2914432
0.3172623
0.2964430
0.2995429
0.2900129
0.2931962
0.3122189
0.2954253
0.3128308
0.2971161
0.3040363
0.2881833
0.2814532
0.3363217
0.2817508
0.2792528
0.2805729
0.2990477
0.3060038
0.2997993
0.2732787
0.2799080
0.2999210
0.2914735
0.3031134
0.2967469
0.3166877
0.2982844
0.3022519
0.2970302
0.2857914
0.2941844
0.3033567
0.3095481
0.2970557
0.2989854
0.3038594
0.3084811
0.3180998
0.2997158
0.2914432
0.3172623
0.2964430
0.2995429
0.2900129
0.2931962
0.3122189
0.2954253
0.3128308
0.2971161
0.3040363
0.2881833
0.2814532
0.3363217
0.2817508
0.2792528
0.2805729
0.2990477
0.3060038
0.2997993
0.2732787
0.2799080
0.2999210
0.2914735
0.3031134
0.2967469
0.3166877
0.2982844
0.3022519
0.2970302
0.2857914
0.2941844
0.3033567
0.3095481
0.2970557
0.2989854
0.3038594
0.3084811
0.3180998
0.2997158
0.2914432
0.3172623
0.2964430
0.2995429
0.2900129
0.2931962
0.3122189
0.2954253
0.3128308
0.2971161
0.3040363
0.2881833
0.2814532
0.3363217
0.2817508
0.2792528
0.2805729
0.2990477
0.3060038
0.2997993
0.2732787
0.2799080
0.2999210
0.2914735
0.3031134
0.2967469
0.3166877
0.2982844
0.3022519
0.2970302
0.2857914
0.2941844
0.3033567
0.3095481
0.2970557
0.2989854
0.3038594
0.3084811
0.3180998
0.2997158
0.2914432
0.3172623
0.2964430
0.2995429
0.2900129
0.2931962
0.3122189
0.2954253
0.3128308
0.2971161
0.3040363
0.2881833
0.2814532
0.3363217
0.2817508
0.2792528
0.2805729
0.2990477
0.3060038
0.2997993
0.2732787
0.2799080
0.2999210
0.2914735
0.3031134
0.2967469
0.3166877
0.2982844
0.3022519
0.2970302
0.2857914
0.2941844
0.3033567
0.3095481
0.2970557
0.2989854
0.3038594
0.3084811
0.3180998
0.2997158
0.2914432
0.3172623
0.2964430
0.2995429
0.2900129
0.2931962
0.3122189
0.2954253
0.3128308
0.2971161
0.3040363
0.2881833
0.2814532
0.3363217
0.2817508
0.2792528
0.2805729
0.2990477
0.3060038
0.2997993
0.2732787
0.2799080
0.2999210
0.2914735
0.3031134
0.2967469
0.3166877
0.2982844
0.3022519
0.2970302
0.2857914
0.2941844
0.3033567
0.3095481
0.2970557
0.2989854
0.3038594
0.3084811
0.3180998
0.2997158
0.2914432
0.3172623
0.2964430
0.2995429
0.2900129
0.2931962
0.3122189
0.2954253
0.3128308
0.2971161
0.3040363
0.2881833
0.2814532
0.3363217
0.2817508
0.2792528
0.2805729
0.2990477
0.3060038
0.2997993
0.2732787
0.2799080
0.2999210
0.2914735
0.3031134
0.2967469
0.3166877
0.2982844
0.3022519
0.2970302
0.2857914
0.2941844
0.3033567
0.3095481
0.2970557
0.2989854
0.3038594
0.3084811
0.3180998
0.2997158
0.2914432
0.3172623
0.2964430
0.2995429
0.2900129
0.2931962
0.3122189
0.2954253
0.3128308
0.2971161
0.3040363
0.2881833
0.2814532
0.3363217
0.2817508
0.2792528
0.2805729
0.2990477
0.3060038
0.2997993
0.2732787
0.2799080
0.2999210
0.2914735
0.3031134
0.2967469
0.3166877
0.2982844
0.3022519
0.2970302
0.2857914
0.2941844
0.3033567
0.3095481
0.2970557
0.2989854
0.3038594
0.3084811
0.3180998
0.2997158
0.2914432
0.3172623
0.2964430
0.2995429
0.2900129
0.2931962
0.3122189
0.2954253
0.3128308
0.2971161
0.3040363
0.2881833
0.2814532
0.3363217
0.2817508
0.2792528
0.2805729
0.2990477
0.3060038
0.2997993
0.2732787
0.2799080
0.2999210
0.2914735
0.3031134
0.2967469
0.3166877
0.2982844
0.3022519
0.2970302
0.2857914
0.2941844
0.3033567
0.3095481
0.2970557
0.2989854
0.3038594
0.3084811
0.3180998
0.2997158
0.2914432
0.3172623
0.2964430
0.2995429
0.2900129
0.2931962
0.3122189
0.2954253
0.3128308
0.2971161
0.3040363
0.2881833
0.2814532
0.3363217
0.2817508
0.2792528
0.2805729
0.2990477
0.3060038
0.2997993
0.2732787
0.2799080
0.2999210
0.2914735
0.3031134
0.2967469
0.3166877
0.2982844
0.3022519
0.2970302
0.2857914
0.2941844
0.3033567
0.3095481
0.2970557
0.2989854
0.3038594
0.3084811
0.3180998
0.2997158
0.2914432
0.3172623
0.2964430
0.2995429
0.2900129
0.2931962
0.3122189
0.2954253
0.3128308
0.2971161
0.3040363
0.2881833
0.2814532
0.3363217
0.2817508
0.2792528
0.2805729
0.2990477
0.3060038
0.2997993
0.2732787
0.2799080
0.2999210
0.2914735
0.3031134
0.2967469
0.3166877
0.2982844
0.3022519
0.2970302
0.2857914
0.2941844
0.3033567
0.3095481
0.2970557
0.2989854
0.3038594
0.3084811
0.3180998
0.2997158
0.2914432
0.3172623
0.2964430
0.2995429
0.2900129
0.2931962
0.3122189
0.2954253
0.3128308
0.2971161
0.3040363
0.2881833
0.2814532
0.3363217
0.2817508
0.2792528
0.2805729
0.2990477
0.3060038
0.2997993
0.2732787
0.2799080
0.2999210
0.2914735
0.3031134
0.2967469
0.3166877
0.2982844
0.3022519
0.2970302
0.2857914
0.2941844
0.3033567
0.3095481
0.2970557
0.2989854
0.3038594
0.3084811
0.3180998
0.2997158
0.2914432
0.3172623
0.2964430
0.2995429
0.2900129
0.2931962
0.3122189
0.2954253
0.3128308
0.2971161
0.3040363
0.2881833
0.2814532
0.3363217
0.2817508
0.2792528
0.2805729
0.2990477
0.3060038
0.2997993
0.2732787
0.2799080
0.2999210
0.2914735
0.3031134
0.2967469
0.3166877
0.2982844
0.3022519
0.2970302
0.2857914
0.2941844
0.3033567
0.3095481
0.2970557
0.2989854
0.3038594
0.3084811
0.3180998
0.2997158
0.2914432
0.3172623
0.2964430
0.2995429
0.2900129
0.2931962
0.3122189
0.2954253
0.3128308
0.2971161
0.3040363
0.2881833
0.2814532
0.3363217
0.2817508
0.2792528
