0.5079896
0.5101566
0.5083727
0.5000935
0.4770560
0.4864443
0.4905026
0.5370865
0.5053276
0.5028713
0.5164330
0.4903785
0.5153469
0.4931512
0.5080825
0.5062851
0.4917434
0.5234712
0.4977295
0.5099214
0.4965520
0.5083558
0.5261391
0.4986915
0.4632867
0.5060140
0.5198274
0.5207273
0.5325927
0.4993525
0.4910690
0.5181673
0.5019308
0.4883186
0.4994511
0.5036034
0.5388485
0.5154152
0.5320675
0.4987143
0.5079896
0.5101566
0.5083727
0.5000935
0.4770560
0.4864443
0.4905026
0.5370865
0.5053276
0.5028713
0.5164330
0.4903785
0.5153469
0.4931512
0.5080825
0.5062851
0.4917434
0.5234712
0.4977295
0.5099214
0.4965520
0.5083558
0.5261391
0.4986915
0.4632867
0.5060140
0.5198274
0.5207273
0.5325927
0.4993525
0.4910690
0.5181673
0.5019308
0.4883186
0.4994511
0.5036034
0.5388485
0.5154152
0.5320675
0.4987143
0.5079896
0.5101566
0.5083727
0.5000935
0.4770560
0.4864443
0.4905026
0.5370865
0.5053276
0.5028713
0.5164330
0.4903785
0.5153469
0.4931512
0.5080825
0.5062851
0.4917434
0.5234712
0.4977295
0.5099214
0.4965520
0.5083558
0.5261391
0.4986915
0.4632867
0.5060140
0.5198274
0.5207273
0.5325927
0.4993525
0.4910690
0.5181673
0.5019308
0.4883186
0.4994511
0.5036034
0.5388485
0.5154152
0.5320675
0.4987143
0.5079896
0.5101566
0.5083727
0.5000935
0.4770560
0.4864443
0.4905026
0.5370865
0.5053276
0.5028713
0.5164330
0.4903785
0.5153469
0.4931512
0.5080825
0.5062851
0.4917434
0.5234712
0.4977295
0.5099214
0.4965520
0.5083558
0.5261391
0.4986915
0.4632867
0.5060140
0.5198274
0.5207273
0.5325927
0.4993525
0.4910690
0.5181673
0.5019308
0.4883186
0.4994511
0.5036034
0.5388485
0.5154152
0.5320675
0.4987143
0.5079896
0.5101566
0.5083727
0.5000935
0.4770560
0.4864443
0.4905026
0.5370865
0.5053276
0.5028713
0.5164330
0.4903785
0.5153469
0.4931512
0.5080825
0.5062851
0.4917434
0.5234712
0.4977295
0.5099214
0.4965520
0.5083558
0.5261391
0.4986915
0.4632867
0.5060140
0.5198274
0.5207273
0.5325927
0.4993525
0.4910690
0.5181673
0.5019308
0.4883186
0.4994511
0.5036034
0.5388485
0.5154152
0.5320675
0.4987143
0.5079896
0.5101566
0.5083727
0.5000935
0.4770560
0.4864443
0.4905026
0.5370865
0.5053276
0.5028713
0.5164330
0.4903785
0.5153469
0.4931512
0.5080825
0.5062851
0.4917434
0.5234712
0.4977295
0.5099214
0.4965520
0.5083558
0.5261391
0.4986915
0.4632867
0.5060140
0.5198274
0.5207273
0.5325927
0.4993525
0.4910690
0.5181673
0.5019308
0.4883186
0.4994511
0.5036034
0.5388485
0.5154152
0.5320675
0.4987143
0.5079896
0.5101566
0.5083727
0.5000935
0.4770560
0.4864443
0.4905026
0.5370865
0.5053276
0.5028713
0.5164330
0.4903785
0.5153469
0.4931512
0.5080825
0.5062851
0.4917434
0.5234712
0.4977295
0.5099214
0.4965520
0.5083558
0.5261391
0.4986915
0.4632867
0.5060140
0.5198274
0.5207273
0.5325927
0.4993525
0.4910690
0.5181673
0.5019308
0.4883186
0.4994511
0.5036034
0.5388485
0.5154152
0.5320675
0.4987143
0.5079896
0.5101566
0.5083727
0.5000935
0.4770560
0.4864443
0.4905026
0.5370865
0.5053276
0.5028713
0.5164330
0.4903785
0.5153469
0.4931512
0.5080825
0.5062851
0.4917434
0.5234712
0.4977295
0.5099214
0.4965520
0.5083558
0.5261391
0.4986915
0.4632867
0.5060140
0.5198274
0.5207273
0.5325927
0.4993525
0.4910690
0.5181673
0.5019308
0.4883186
0.4994511
0.5036034
0.5388485
0.5154152
0.5320675
0.4987143
0.5079896
0.5101566
0.5083727
0.5000935
0.4770560
0.4864443
0.4905026
0.5370865
0.5053276
0.5028713
0.5164330
0.4903785
0.5153469
0.4931512
0.5080825
0.5062851
0.4917434
0.5234712
0.4977295
0.5099214
0.4965520
0.5083558
0.5261391
0.4986915
0.4632867
0.5060140
0.5198274
0.5207273
0.5325927
0.4993525
0.4910690
0.5181673
0.5019308
0.4883186
0.4994511
0.5036034
0.5388485
0.5154152
0.5320675
0.4987143
0.5079896
0.5101566
0.5083727
0.5000935
0.4770560
0.4864443
0.4905026
0.5370865
0.5053276
0.5028713
0.5164330
0.4903785
0.5153469
0.4931512
0.5080825
0.5062851
0.4917434
0.5234712
0.4977295
0.5099214
0.4965520
0.5083558
0.5261391
0.4986915
0.4632867
0.5060140
0.5198274
0.5207273
0.5325927
0.4993525
0.4910690
0.5181673
0.5019308
0.4883186
0.4994511
0.5036034
0.5388485
0.5154152
0.5320675
0.4987143
0.5079896
0.5101566
0.5083727
0.5000935
0.4770560
0.4864443
0.4905026
0.5370865
0.5053276
0.5028713
0.5164330
0.4903785
0.5153469
0.4931512
0.5080825
0.5062851
0.4917434
0.5234712
0.4977295
0.5099214
0.4965520
0.5083558
0.5261391
0.4986915
0.4632867
0.5060140
0.5198274
0.5207273
0.5325927
0.4993525
0.4910690
0.5181673
0.5019308
0.4883186
0.4994511
0.5036034
0.5388485
0.5154152
0.5320675
0.4987143
0.5079896
0.5101566
0.5083727
0.5000935
0.4770560
0.4864443
0.4905026
0.5370865
0.5053276
0.5028713
0.5164330
0.4903785
0.5153469
0.4931512
0.5080825
0.5062851
0.4917434
0.5234712
0.4977295
0.5099214
0.4965520
0.5083558
0.5261391
0.4986915
0.4632867
0.5060140
0.5198274
0.5207273
0.5325927
0.4993525
0.4910690
0.5181673
0.5019308
0.4883186
0.4994511
0.5036034
0.5388485
0.5154152
0.5320675
0.4987143
0.5079896
0.5101566
0.5083727
0.5000935
0.4770560
0.4864443
0.4905026
0.5370865
0.5053276
0.5028713
0.5164330
0.4903785
0.5153469
0.4931512
0.5080825
0.5062851
0.4917434
0.5234712
0.4977295
0.5099214
0.4965520
0.5083558
0.5261391
0.4986915
0.4632867
0.5060140
0.5198274
0.5207273
0.5325927
0.4993525
0.4910690
0.5181673
0.5019308
0.4883186
0.4994511
0.5036034
0.5388485
0.5154152
0.5320675
0.4987143
0.5079896
0.5101566
0.5083727
0.5000935
0.4770560
0.4864443
0.4905026
0.5370865
0.5053276
0.5028713
0.5164330
0.4903785
0.5153469
0.4931512
0.5080825
0.5062851
0.4917434
0.5234712
0.4977295
0.5099214
0.4965520
0.5083558
0.5261391
0.4986915
0.4632867
0.5060140
0.5198274
0.5207273
0.5325927
0.4993525
0.4910690
0.5181673
0.5019308
0.4883186
0.4994511
0.5036034
0.5388485
0.5154152
0.5320675
0.4987143
0.5079896
0.5101566
0.5083727
0.5000935
0.4770560
0.4864443
0.4905026
0.5370865
0.5053276
0.5028713
0.5164330
0.4903785
0.5153469
0.4931512
0.5080825
0.5062851
0.4917434
0.5234712
0.4977295
0.5099214
0.4965520
0.5083558
0.5261391
0.4986915
0.4632867
0.5060140
0.5198274
0.5207273
0.5325927
0.4993525
0.4910690
0.5181673
0.5019308
0.4883186
0.4994511
0.5036034
0.5388485
0.5154152
0.5320675
0.4987143
0.5079896
0.5101566
0.5083727
0.5000935
0.4770560
0.4864443
0.4905026
0.5370865
0.5053276
0.5028713
0.5164330
0.4903785
0.5153469
0.4931512
0.5080825
0.5062851
0.4917434
0.5234712
0.4977295
0.5099214
0.4965520
0.5083558
0.5261391
0.4986915
0.4632867
0.5060140
0.5198274
0.5207273
0.5325927
0.4993525
0.4910690
0.5181673
0.5019308
0.4883186
0.4994511
0.5036034
0.5388485
0.5154152
0.5320675
0.4987143
0.5079896
0.5101566
0.5083727
0.5000935
0.4770560
0.4864443
0.4905026
0.5370865
0.5053276
0.5028713
0.5164330
0.4903785
0.5153469
0.4931512
0.5080825
0.5062851
0.4917434
0.5234712
0.4977295
0.5099214
0.4965520
0.5083558
0.5261391
0.4986915
0.4632867
0.5060140
0.5198274
0.5207273
0.5325927
0.4993525
0.4910690
0.5181673
0.5019308
0.4883186
0.4994511
0.5036034
0.5388485
0.5154152
0.5320675
0.4987143
0.5079896
0.5101566
0.5083727
0.5000935
0.4770560
0.4864443
0.4905026
0.5370865
0.5053276
0.5028713
0.5164330
0.4903785
0.5153469
0.4931512
0.5080825
0.5062851
0.4917434
0.5234712
0.4977295
0.5099214
0.4965520
0.5083558
0.5261391
0.4986915
0.4632867
0.5060140
0.5198274
0.5207273
0.5325927
0.4993525
0.4910690
0.5181673
0.5019308
0.4883186
0.4994511
0.5036034
0.5388485
0.5154152
0.5320675
0.4987143
0.5079896
0.5101566
0.5083727
0.5000935
0.4770560
0.4864443
0.4905026
0.5370865
0.5053276
0.5028713
0.5164330
0.4903785
0.5153469
0.4931512
0.5080825
0.5062851
0.4917434
0.5234712
0.4977295
0.5099214
0.4965520
0.5083558
0.5261391
0.4986915
0.4632867
0.5060140
0.5198274
0.5207273
0.5325927
0.4993525
0.4910690
0.5181673
0.5019308
0.4883186
0.4994511
0.5036034
0.5388485
0.5154152
0.5320675
0.4987143
0.5079896
0.5101566
0.5083727
0.5000935
0.4770560
0.4864443
0.4905026
0.5370865
0.5053276
0.5028713
0.5164330
0.4903785
0.5153469
0.4931512
0.5080825
0.5062851
0.4917434
0.5234712
0.4977295
0.5099214
0.4965520
0.5083558
0.5261391
0.4986915
0.4632867
0.5060140
0.5198274
0.5207273
0.5325927
0.4993525
0.4910690
0.5181673
0.5019308
0.4883186
0.4994511
0.5036034
0.5388485
0.5154152
0.5320675
0.4987143
0.5079896
0.5101566
0.5083727
0.5000935
0.4770560
0.4864443
0.4905026
0.5370865
0.5053276
0.5028713
0.5164330
0.4903785
0.5153469
0.4931512
0.5080825
0.5062851
0.4917434
0.5234712
0.4977295
0.5099214
0.4965520
0.5083558
0.5261391
0.4986915
0.4632867
0.5060140
0.5198274
0.5207273
0.5325927
0.4993525
0.4910690
0.5181673
0.5019308
0.4883186
0.4994511
0.5036034
0.5388485
0.5154152
0.5320675
0.4987143
0.5079896
0.5101566
0.5083727
0.5000935
0.4770560
0.4864443
0.4905026
0.5370865
0.5053276
0.5028713
0.5164330
0.4903785
0.5153469
0.4931512
0.5080825
0.5062851
0.4917434
0.5234712
0.4977295
0.5099214
0.4965520
0.5083558
0.5261391
0.4986915
0.4632867
0.5060140
0.5198274
0.5207273
0.5325927
0.4993525
0.4910690
0.5181673
0.5019308
0.4883186
0.4994511
0.5036034
0.5388485
0.5154152
0.5320675
0.4987143
0.5079896
0.5101566
0.5083727
0.5000935
0.4770560
0.4864443
0.4905026
0.5370865
0.5053276
0.5028713
0.5164330
0.4903785
0.5153469
0.4931512
0.5080825
0.5062851
0.4917434
0.5234712
0.4977295
0.5099214
0.4965520
0.5083558
0.5261391
0.4986915
0.4632867
0.5060140
0.5198274
0.5207273
0.5325927
0.4993525
0.4910690
0.5181673
0.5019308
0.4883186
0.4994511
0.5036034
0.5388485
0.5154152
0.5320675
0.4987143
0.5079896
0.5101566
0.5083727
0.5000935
0.4770560
0.4864443
0.4905026
0.5370865
0.5053276
0.5028713
0.5164330
0.4903785
0.5153469
0.4931512
0.5080825
0.5062851
0.4917434
0.5234712
0.4977295
0.5099214
0.4965520
0.5083558
0.5261391
0.4986915
0.4632867
0.5060140
0.5198274
0.5207273
0.5325927
0.4993525
0.4910690
0.5181673
0.5019308
0.4883186
0.4994511
0.5036034
0.5388485
0.5154152
0.5320675
0.4987143
0.5079896
0.5101566
0.5083727
0.5000935
0.4770560
0.4864443
0.4905026
0.5370865
0.5053276
0.5028713
0.5164330
0.4903785
0.5153469
0.4931512
0.5080825
0.5062851
0.4917434
0.5234712
0.4977295
0.5099214
0.4965520
0.5083558
0.5261391
0.4986915
0.4632867
0.5060140
0.5198274
0.5207273
0.5325927
0.4993525
0.4910690
0.5181673
0.5019308
0.4883186
0.4994511
0.5036034
0.5388485
0.5154152
0.5320675
0.4987143
0.5079896
0.5101566
0.5083727
0.5000935
0.4770560
0.4864443
0.4905026
0.5370865
0.5053276
0.5028713
0.5164330
0.4903785
0.5153469
0.4931512
0.5080825
0.5062851
0.4917434
0.5234712
0.4977295
0.5099214
0.4965520
0.5083558
0.5261391
0.4986915
0.4632867
0.5060140
0.5198274
0.5207273
0.5325927
0.4993525
0.4910690
0.5181673
0.5019308
0.4883186
0.4994511
0.5036034
0.5388485
0.5154152
0.5320675
0.4987143
0.5079896
0.5101566
0.5083727
0.5000935
0.4770560
0.4864443
0.4905026
0.5370865
0.5053276
0.5028713
0.5164330
0.4903785
0.5153469
0.4931512
0.5080825
0.5062851
0.4917434
0.5234712
0.4977295
0.5099214
0.4965520
0.5083558
0.5261391
0.4986915
0.4632867
0.5060140
0.5198274
0.5207273
0.5325927
0.4993525
0.4910690
0.5181673
0.5019308
0.4883186
0.4994511
0.5036034
0.5388485
0.5154152
0.5320675
0.4987143
0.5079896
0.5101566
0.5083727
0.5000935
0.4770560
0.4864443
0.4905026
0.5370865
0.5053276
0.5028713
0.5164330
0.4903785
0.5153469
0.4931512
0.5080825
0.5062851
0.4917434
0.5234712
0.4977295
0.5099214
0.4965520
0.5083558
0.5261391
0.4986915
0.4632867
0.5060140
0.5198274
0.5207273
0.5325927
0.4993525
0.4910690
0.5181673
0.5019308
0.4883186
0.4994511
0.5036034
0.5388485
0.5154152
0.5320675
0.4987143
0.5079896
0.5101566
0.5083727
0.5000935
0.4770560
0.4864443
0.4905026
0.5370865
0.5053276
0.5028713
0.5164330
0.4903785
0.5153469
0.4931512
0.5080825
0.5062851
0.4917434
0.5234712
0.4977295
0.5099214
0.4965520
0.5083558
0.5261391
0.4986915
0.4632867
0.5060140
0.5198274
0.5207273
0.5325927
0.4993525
0.4910690
0.5181673
0.5019308
0.4883186
0.4994511
0.5036034
0.5388485
0.5154152
0.5320675
0.4987143
0.5079896
0.5101566
0.5083727
0.5000935
0.4770560
0.4864443
0.4905026
0.5370865
0.5053276
0.5028713
0.5164330
0.4903785
0.5153469
0.4931512
0.5080825
0.5062851
0.4917434
0.5234712
0.4977295
0.5099214
0.4965520
0.5083558
0.5261391
0.4986915
0.4632867
0.5060140
0.5198274
0.5207273
0.5325927
0.4993525
0.4910690
0.5181673
0.5019308
0.4883186
0.4994511
0.5036034
0.5388485
0.5154152
0.5320675
0.4987143
0.5079896
0.5101566
0.5083727
0.5000935
0.4770560
0.4864443
0.4905026
0.5370865
0.5053276
0.5028713
0.5164330
0.4903785
0.5153469
0.4931512
0.5080825
0.5062851
0.4917434
0.5234712
0.4977295
0.5099214
0.4965520
0.5083558
0.5261391
0.4986915
0.4632867
0.5060140
0.5198274
0.5207273
0.5325927
0.4993525
0.4910690
0.5181673
0.5019308
0.4883186
0.4994511
0.5036034
0.5388485
0.5154152
0.5320675
0.4987143
0.5079896
0.5101566
0.5083727
0.5000935
0.4770560
0.4864443
0.4905026
0.5370865
0.5053276
0.5028713
0.5164330
0.4903785
0.5153469
0.4931512
0.5080825
0.5062851
0.4917434
0.5234712
0.4977295
0.5099214
0.4965520
0.5083558
0.5261391
0.4986915
0.4632867
0.5060140
0.5198274
0.5207273
0.5325927
0.4993525
0.4910690
0.5181673
0.5019308
0.4883186
0.4994511
0.5036034
0.5388485
0.5154152
0.5320675
0.4987143
0.5079896
0.5101566
0.5083727
0.5000935
0.4770560
0.4864443
0.4905026
0.5370865
0.5053276
0.5028713
0.5164330
0.4903785
0.5153469
0.4931512
0.5080825
0.5062851
0.4917434
0.5234712
0.4977295
0.5099214
0.4965520
0.5083558
0.5261391
0.4986915
0.4632867
0.5060140
0.5198274
0.5207273
0.5325927
0.4993525
0.4910690
0.5181673
0.5019308
0.4883186
0.4994511
0.5036034
0.5388485
0.5154152
0.5320675
0.4987143
0.5079896
0.5101566
0.5083727
0.5000935
0.4770560
0.4864443
0.4905026
0.5370865
0.5053276
0.5028713
0.5164330
0.4903785
0.5153469
0.4931512
0.5080825
0.5062851
0.4917434
0.5234712
0.4977295
0.5099214
0.4965520
0.5083558
0.5261391
0.4986915
0.4632867
0.5060140
0.5198274
0.5207273
0.5325927
0.4993525
0.4910690
0.5181673
0.5019308
0.4883186
0.4994511
0.5036034
0.5388485
0.5154152
0.5320675
0.4987143
0.5079896
0.5101566
0.5083727
0.5000935
0.4770560
0.4864443
0.4905026
0.5370865
0.5053276
0.5028713
0.5164330
0.4903785
0.5153469
0.4931512
0.5080825
0.5062851
0.4917434
0.5234712
0.4977295
0.5099214
0.4965520
0.5083558
0.5261391
0.4986915
0.4632867
0.5060140
0.5198274
0.5207273
0.5325927
0.4993525
0.4910690
0.5181673
0.5019308
0.4883186
0.4994511
0.5036034
0.5388485
0.5154152
0.5320675
0.4987143
0.5079896
0.5101566
0.5083727
0.5000935
0.4770560
0.4864443
0.4905026
0.5370865
0.5053276
0.5028713
0.5164330
0.4903785
0.5153469
0.4931512
0.5080825
0.5062851
0.4917434
0.5234712
0.4977295
0.5099214
0.4965520
0.5083558
0.5261391
0.4986915
0.4632867
0.5060140
0.5198274
0.5207273
0.5325927
0.4993525
0.4910690
0.5181673
0.5019308
0.4883186
0.4994511
0.5036034
0.5388485
0.5154152
0.5320675
0.4987143
0.5079896
0.5101566
0.5083727
0.5000935
0.4770560
0.4864443
0.4905026
0.5370865
0.5053276
0.5028713
0.5164330
0.4903785
0.5153469
0.4931512
0.5080825
0.5062851
0.4917434
0.5234712
0.4977295
0.5099214
0.4965520
0.5083558
0.5261391
0.4986915
0.4632867
0.5060140
0.5198274
0.5207273
0.5325927
0.4993525
0.4910690
0.5181673
0.5019308
0.4883186
0.4994511
0.5036034
0.5388485
0.5154152
0.5320675
0.4987143
0.5079896
0.5101566
0.5083727
0.5000935
0.4770560
0.4864443
0.4905026
0.5370865
0.5053276
0.5028713
0.5164330
0.4903785
0.5153469
0.4931512
0.5080825
0.5062851
0.4917434
0.5234712
0.4977295
0.5099214
0.4965520
0.5083558
0.5261391
0.4986915
0.4632867
0.5060140
0.5198274
0.5207273
0.5325927
0.4993525
0.4910690
0.5181673
0.5019308
0.4883186
0.4994511
0.5036034
0.5388485
0.5154152
0.5320675
0.4987143
0.5079896
0.5101566
0.5083727
0.5000935
0.4770560
0.4864443
0.4905026
0.5370865
0.5053276
0.5028713
0.5164330
0.4903785
0.5153469
0.4931512
0.5080825
0.5062851
0.4917434
0.5234712
0.4977295
0.5099214
0.4965520
0.5083558
0.5261391
0.4986915
0.4632867
0.5060140
0.5198274
0.5207273
0.5325927
0.4993525
0.4910690
0.5181673
0.5019308
0.4883186
0.4994511
0.5036034
0.5388485
0.5154152
0.5320675
0.4987143
0.5079896
0.5101566
0.5083727
0.5000935
0.4770560
0.4864443
0.4905026
0.5370865
0.5053276
0.5028713
0.5164330
0.4903785
0.5153469
0.4931512
0.5080825
0.5062851
0.4917434
0.5234712
0.4977295
0.5099214
0.4965520
0.5083558
0.5261391
0.4986915
0.4632867
0.5060140
0.5198274
0.5207273
0.5325927
0.4993525
0.4910690
0.5181673
0.5019308
0.4883186
0.4994511
0.5036034
0.5388485
0.5154152
0.5320675
0.4987143
0.5079896
0.5101566
0.5083727
0.5000935
0.4770560
0.4864443
0.4905026
0.5370865
0.5053276
0.5028713
0.5164330
0.4903785
0.5153469
0.4931512
0.5080825
0.5062851
0.4917434
0.5234712
0.4977295
0.5099214
0.4965520
0.5083558
0.5261391
0.4986915
0.4632867
0.5060140
0.5198274
0.5207273
0.5325927
0.4993525
0.4910690
0.5181673
0.5019308
0.4883186
0.4994511
0.5036034
0.5388485
0.5154152
0.5320675
0.4987143
0.5079896
0.5101566
0.5083727
0.5000935
0.4770560
0.4864443
0.4905026
0.5370865
0.5053276
0.5028713
0.5164330
0.4903785
0.5153469
0.4931512
0.5080825
0.5062851
0.4917434
0.5234712
0.4977295
0.5099214
0.4965520
0.5083558
0.5261391
0.4986915
0.4632867
0.5060140
0.5198274
0.5207273
0.5325927
0.4993525
0.4910690
0.5181673
0.5019308
0.4883186
0.4994511
0.5036034
0.5388485
0.5154152
0.5320675
0.4987143
0.5079896
0.5101566
0.5083727
0.5000935
0.4770560
0.4864443
0.4905026
0.5370865
0.5053276
0.5028713
0.5164330
0.4903785
0.5153469
0.4931512
0.5080825
0.5062851
0.4917434
0.5234712
0.4977295
0.5099214
0.4965520
0.5083558
0.5261391
0.4986915
0.4632867
0.5060140
0.5198274
0.5207273
0.5325927
0.4993525
0.4910690
0.5181673
0.5019308
0.4883186
0.4994511
0.5036034
0.5388485
0.5154152
0.5320675
0.4987143
0.5079896
0.5101566
0.5083727
0.5000935
0.4770560
0.4864443
0.4905026
0.5370865
0.5053276
0.5028713
0.5164330
0.4903785
0.5153469
0.4931512
0.5080825
0.5062851
0.4917434
0.5234712
0.4977295
0.5099214
0.4965520
0.5083558
0.5261391
0.4986915
0.4632867
0.5060140
0.5198274
0.5207273
0.5325927
0.4993525
0.4910690
0.5181673
0.5019308
0.4883186
0.4994511
0.5036034
0.5388485
0.5154152
0.5320675
0.4987143
0.5079896
0.5101566
0.5083727
0.5000935
0.4770560
0.4864443
0.4905026
0.5370865
0.5053276
0.5028713
0.5164330
0.4903785
0.5153469
0.4931512
0.5080825
0.5062851
0.4917434
0.5234712
0.4977295
0.5099214
0.4965520
0.5083558
0.5261391
0.4986915
0.4632867
0.5060140
0.5198274
0.5207273
0.5325927
0.4993525
0.4910690
0.5181673
0.5019308
0.4883186
0.4994511
0.5036034
0.5388485
0.5154152
0.5320675
0.4987143
0.5079896
0.5101566
0.5083727
0.5000935
0.4770560
0.4864443
0.4905026
0.5370865
0.5053276
0.5028713
0.5164330
0.4903785
0.5153469
0.4931512
0.5080825
0.5062851
0.4917434
0.5234712
0.4977295
0.5099214
0.4965520
0.5083558
0.5261391
0.4986915
0.4632867
0.5060140
0.5198274
0.5207273
0.5325927
0.4993525
0.4910690
0.5181673
0.5019308
0.4883186
0.4994511
0.5036034
0.5388485
0.5154152
0.5320675
0.4987143
0.5079896
0.5101566
0.5083727
0.5000935
0.4770560
0.4864443
0.4905026
0.5370865
0.5053276
0.5028713
0.5164330
0.4903785
0.5153469
0.4931512
0.5080825
0.5062851
0.4917434
0.5234712
0.4977295
0.5099214
0.4965520
0.5083558
0.5261391
0.4986915
0.4632867
0.5060140
0.5198274
0.5207273
0.5325927
0.4993525
0.4910690
0.5181673
0.5019308
0.4883186
0.4994511
0.5036034
0.5388485
0.5154152
0.5320675
0.4987143
0.5079896
0.5101566
0.5083727
0.5000935
0.4770560
0.4864443
0.4905026
0.5370865
0.5053276
0.5028713
0.5164330
0.4903785
0.5153469
0.4931512
0.5080825
0.5062851
0.4917434
0.5234712
0.4977295
0.5099214
0.4965520
0.5083558
0.5261391
0.4986915
0.4632867
0.5060140
0.5198274
0.5207273
0.5325927
0.4993525
0.4910690
0.5181673
0.5019308
0.4883186
0.4994511
0.5036034
0.5388485
0.5154152
0.5320675
0.4987143
0.5079896
0.5101566
0.5083727
0.5000935
0.4770560
0.4864443
0.4905026
0.5370865
0.5053276
0.5028713
0.5164330
0.4903785
0.5153469
0.4931512
0.5080825
0.5062851
0.4917434
0.5234712
0.4977295
0.5099214
0.4965520
0.5083558
0.5261391
0.4986915
0.4632867
0.5060140
0.5198274
0.5207273
0.5325927
0.4993525
0.4910690
0.5181673
0.5019308
0.4883186
0.4994511
0.5036034
0.5388485
0.5154152
0.5320675
0.4987143
0.5079896
0.5101566
0.5083727
0.5000935
0.4770560
0.4864443
0.4905026
0.5370865
0.5053276
0.5028713
0.5164330
0.4903785
0.5153469
0.4931512
0.5080825
0.5062851
0.4917434
0.5234712
0.4977295
0.5099214
0.4965520
0.5083558
0.5261391
0.4986915
0.4632867
0.5060140
0.5198274
0.5207273
0.5325927
0.4993525
0.4910690
0.5181673
0.5019308
0.4883186
0.4994511
0.5036034
0.5388485
0.5154152
0.5320675
0.4987143
