0.5187101
0.4731825
0.5151639
0.5264526
0.4739661
0.4771098
0.5186469
0.5283039
0.4981053
0.5193655
0.5077525
0.5026660
0.5108141
0.4879985
0.4938193
0.4867529
0.5133647
0.4999215
0.4623322
0.5065029
0.5145970
0.5104364
0.4669771
0.4831525
0.5044522
0.5130455
0.4881968
0.5061912
0.4902001
0.5100203
0.5077568
0.4830064
0.5101705
0.5090148
0.4624795
0.5010126
0.4977304
0.5174517
0.4926047
0.4916210
0.5187101
0.4731825
0.5151639
0.5264526
0.4739661
0.4771098
0.5186469
0.5283039
0.4981053
0.5193655
0.5077525
0.5026660
0.5108141
0.4879985
0.4938193
0.4867529
0.5133647
0.4999215
0.4623322
0.5065029
0.5145970
0.5104364
0.4669771
0.4831525
0.5044522
0.5130455
0.4881968
0.5061912
0.4902001
0.5100203
0.5077568
0.4830064
0.5101705
0.5090148
0.4624795
0.5010126
0.4977304
0.5174517
0.4926047
0.4916210
0.5187101
0.4731825
0.5151639
0.5264526
0.4739661
0.4771098
0.5186469
0.5283039
0.4981053
0.5193655
0.5077525
0.5026660
0.5108141
0.4879985
0.4938193
0.4867529
0.5133647
0.4999215
0.4623322
0.5065029
0.5145970
0.5104364
0.4669771
0.4831525
0.5044522
0.5130455
0.4881968
0.5061912
0.4902001
0.5100203
0.5077568
0.4830064
0.5101705
0.5090148
0.4624795
0.5010126
0.4977304
0.5174517
0.4926047
0.4916210
0.5187101
0.4731825
0.5151639
0.5264526
0.4739661
0.4771098
0.5186469
0.5283039
0.4981053
0.5193655
0.5077525
0.5026660
0.5108141
0.4879985
0.4938193
0.4867529
0.5133647
0.4999215
0.4623322
0.5065029
0.5145970
0.5104364
0.4669771
0.4831525
0.5044522
0.5130455
0.4881968
0.5061912
0.4902001
0.5100203
0.5077568
0.4830064
0.5101705
0.5090148
0.4624795
0.5010126
0.4977304
0.5174517
0.4926047
0.4916210
0.5187101
0.4731825
0.5151639
0.5264526
0.4739661
0.4771098
0.5186469
0.5283039
0.4981053
0.5193655
0.5077525
0.5026660
0.5108141
0.4879985
0.4938193
0.4867529
0.5133647
0.4999215
0.4623322
0.5065029
0.5145970
0.5104364
0.4669771
0.4831525
0.5044522
0.5130455
0.4881968
0.5061912
0.4902001
0.5100203
0.5077568
0.4830064
0.5101705
0.5090148
0.4624795
0.5010126
0.4977304
0.5174517
0.4926047
0.4916210
0.5187101
0.4731825
0.5151639
0.5264526
0.4739661
0.4771098
0.5186469
0.5283039
0.4981053
0.5193655
0.5077525
0.5026660
0.5108141
0.4879985
0.4938193
0.4867529
0.5133647
0.4999215
0.4623322
0.5065029
0.5145970
0.5104364
0.4669771
0.4831525
0.5044522
0.5130455
0.4881968
0.5061912
0.4902001
0.5100203
0.5077568
0.4830064
0.5101705
0.5090148
0.4624795
0.5010126
0.4977304
0.5174517
0.4926047
0.4916210
0.5187101
0.4731825
0.5151639
0.5264526
0.4739661
0.4771098
0.5186469
0.5283039
0.4981053
0.5193655
0.5077525
0.5026660
0.5108141
0.4879985
0.4938193
0.4867529
0.5133647
0.4999215
0.4623322
0.5065029
0.5145970
0.5104364
0.4669771
0.4831525
0.5044522
0.5130455
0.4881968
0.5061912
0.4902001
0.5100203
0.5077568
0.4830064
0.5101705
0.5090148
0.4624795
0.5010126
0.4977304
0.5174517
0.4926047
0.4916210
0.5187101
0.4731825
0.5151639
0.5264526
0.4739661
0.4771098
0.5186469
0.5283039
0.4981053
0.5193655
0.5077525
0.5026660
0.5108141
0.4879985
0.4938193
0.4867529
0.5133647
0.4999215
0.4623322
0.5065029
0.5145970
0.5104364
0.4669771
0.4831525
0.5044522
0.5130455
0.4881968
0.5061912
0.4902001
0.5100203
0.5077568
0.4830064
0.5101705
0.5090148
0.4624795
0.5010126
0.4977304
0.5174517
0.4926047
0.4916210
0.5187101
0.4731825
0.5151639
0.5264526
0.4739661
0.4771098
0.5186469
0.5283039
0.4981053
0.5193655
0.5077525
0.5026660
0.5108141
0.4879985
0.4938193
0.4867529
0.5133647
0.4999215
0.4623322
0.5065029
0.5145970
0.5104364
0.4669771
0.4831525
0.5044522
0.5130455
0.4881968
0.5061912
0.4902001
0.5100203
0.5077568
0.4830064
0.5101705
0.5090148
0.4624795
0.5010126
0.4977304
0.5174517
0.4926047
0.4916210
0.5187101
0.4731825
0.5151639
0.5264526
0.4739661
0.4771098
0.5186469
0.5283039
0.4981053
0.5193655
0.5077525
0.5026660
0.5108141
0.4879985
0.4938193
0.4867529
0.5133647
0.4999215
0.4623322
0.5065029
0.5145970
0.5104364
0.4669771
0.4831525
0.5044522
0.5130455
0.4881968
0.5061912
0.4902001
0.5100203
0.5077568
0.4830064
0.5101705
0.5090148
0.4624795
0.5010126
0.4977304
0.5174517
0.4926047
0.4916210
0.5187101
0.4731825
0.5151639
0.5264526
0.4739661
0.4771098
0.5186469
0.5283039
0.4981053
0.5193655
0.5077525
0.5026660
0.5108141
0.4879985
0.4938193
0.4867529
0.5133647
0.4999215
0.4623322
0.5065029
0.5145970
0.5104364
0.4669771
0.4831525
0.5044522
0.5130455
0.4881968
0.5061912
0.4902001
0.5100203
0.5077568
0.4830064
0.5101705
0.5090148
0.4624795
0.5010126
0.4977304
0.5174517
0.4926047
0.4916210
0.5187101
0.4731825
0.5151639
0.5264526
0.4739661
0.4771098
0.5186469
0.5283039
0.4981053
0.5193655
0.5077525
0.5026660
0.5108141
0.4879985
0.4938193
0.4867529
0.5133647
0.4999215
0.4623322
0.5065029
0.5145970
0.5104364
0.4669771
0.4831525
0.5044522
0.5130455
0.4881968
0.5061912
0.4902001
0.5100203
0.5077568
0.4830064
0.5101705
0.5090148
0.4624795
0.5010126
0.4977304
0.5174517
0.4926047
0.4916210
0.5187101
0.4731825
0.5151639
0.5264526
0.4739661
0.4771098
0.5186469
0.5283039
0.4981053
0.5193655
0.5077525
0.5026660
0.5108141
0.4879985
0.4938193
0.4867529
0.5133647
0.4999215
0.4623322
0.5065029
0.5145970
0.5104364
0.4669771
0.4831525
0.5044522
0.5130455
0.4881968
0.5061912
0.4902001
0.5100203
0.5077568
0.4830064
0.5101705
0.5090148
0.4624795
0.5010126
0.4977304
0.5174517
0.4926047
0.4916210
0.5187101
0.4731825
0.5151639
0.5264526
0.4739661
0.4771098
0.5186469
0.5283039
0.4981053
0.5193655
0.5077525
0.5026660
0.5108141
0.4879985
0.4938193
0.4867529
0.5133647
0.4999215
0.4623322
0.5065029
0.5145970
0.5104364
0.4669771
0.4831525
0.5044522
0.5130455
0.4881968
0.5061912
0.4902001
0.5100203
0.5077568
0.4830064
0.5101705
0.5090148
0.4624795
0.5010126
0.4977304
0.5174517
0.4926047
0.4916210
0.5187101
0.4731825
0.5151639
0.5264526
0.4739661
0.4771098
0.5186469
0.5283039
0.4981053
0.5193655
0.5077525
0.5026660
0.5108141
0.4879985
0.4938193
0.4867529
0.5133647
0.4999215
0.4623322
0.5065029
0.5145970
0.5104364
0.4669771
0.4831525
0.5044522
0.5130455
0.4881968
0.5061912
0.4902001
0.5100203
0.5077568
0.4830064
0.5101705
0.5090148
0.4624795
0.5010126
0.4977304
0.5174517
0.4926047
0.4916210
0.5187101
0.4731825
0.5151639
0.5264526
0.4739661
0.4771098
0.5186469
0.5283039
0.4981053
0.5193655
0.5077525
0.5026660
0.5108141
0.4879985
0.4938193
0.4867529
0.5133647
0.4999215
0.4623322
0.5065029
0.5145970
0.5104364
0.4669771
0.4831525
0.5044522
0.5130455
0.4881968
0.5061912
0.4902001
0.5100203
0.5077568
0.4830064
0.5101705
0.5090148
0.4624795
0.5010126
0.4977304
0.5174517
0.4926047
0.4916210
0.5187101
0.4731825
0.5151639
0.5264526
0.4739661
0.4771098
0.5186469
0.5283039
0.4981053
0.5193655
0.5077525
0.5026660
0.5108141
0.4879985
0.4938193
0.4867529
0.5133647
0.4999215
0.4623322
0.5065029
0.5145970
0.5104364
0.4669771
0.4831525
0.5044522
0.5130455
0.4881968
0.5061912
0.4902001
0.5100203
0.5077568
0.4830064
0.5101705
0.5090148
0.4624795
0.5010126
0.4977304
0.5174517
0.4926047
0.4916210
0.5187101
0.4731825
0.5151639
0.5264526
0.4739661
0.4771098
0.5186469
0.5283039
0.4981053
0.5193655
0.5077525
0.5026660
0.5108141
0.4879985
0.4938193
0.4867529
0.5133647
0.4999215
0.4623322
0.5065029
0.5145970
0.5104364
0.4669771
0.4831525
0.5044522
0.5130455
0.4881968
0.5061912
0.4902001
0.5100203
0.5077568
0.4830064
0.5101705
0.5090148
0.4624795
0.5010126
0.4977304
0.5174517
0.4926047
0.4916210
0.5187101
0.4731825
0.5151639
0.5264526
0.4739661
0.4771098
0.5186469
0.5283039
0.4981053
0.5193655
0.5077525
0.5026660
0.5108141
0.4879985
0.4938193
0.4867529
0.5133647
0.4999215
0.4623322
0.5065029
0.5145970
0.5104364
0.4669771
0.4831525
0.5044522
0.5130455
0.4881968
0.5061912
0.4902001
0.5100203
0.5077568
0.4830064
0.5101705
0.5090148
0.4624795
0.5010126
0.4977304
0.5174517
0.4926047
0.4916210
0.5187101
0.4731825
0.5151639
0.5264526
0.4739661
0.4771098
0.5186469
0.5283039
0.4981053
0.5193655
0.5077525
0.5026660
0.5108141
0.4879985
0.4938193
0.4867529
0.5133647
0.4999215
0.4623322
0.5065029
0.5145970
0.5104364
0.4669771
0.4831525
0.5044522
0.5130455
0.4881968
0.5061912
0.4902001
0.5100203
0.5077568
0.4830064
0.5101705
0.5090148
0.4624795
0.5010126
0.4977304
0.5174517
0.4926047
0.4916210
0.5187101
0.4731825
0.5151639
0.5264526
0.4739661
0.4771098
0.5186469
0.5283039
0.4981053
0.5193655
0.5077525
0.5026660
0.5108141
0.4879985
0.4938193
0.4867529
0.5133647
0.4999215
0.4623322
0.5065029
0.5145970
0.5104364
0.4669771
0.4831525
0.5044522
0.5130455
0.4881968
0.5061912
0.4902001
0.5100203
0.5077568
0.4830064
0.5101705
0.5090148
0.4624795
0.5010126
0.4977304
0.5174517
0.4926047
0.4916210
0.5187101
0.4731825
0.5151639
0.5264526
0.4739661
0.4771098
0.5186469
0.5283039
0.4981053
0.5193655
0.5077525
0.5026660
0.5108141
0.4879985
0.4938193
0.4867529
0.5133647
0.4999215
0.4623322
0.5065029
0.5145970
0.5104364
0.4669771
0.4831525
0.5044522
0.5130455
0.4881968
0.5061912
0.4902001
0.5100203
0.5077568
0.4830064
0.5101705
0.5090148
0.4624795
0.5010126
0.4977304
0.5174517
0.4926047
0.4916210
0.5187101
0.4731825
0.5151639
0.5264526
0.4739661
0.4771098
0.5186469
0.5283039
0.4981053
0.5193655
0.5077525
0.5026660
0.5108141
0.4879985
0.4938193
0.4867529
0.5133647
0.4999215
0.4623322
0.5065029
0.5145970
0.5104364
0.4669771
0.4831525
0.5044522
0.5130455
0.4881968
0.5061912
0.4902001
0.5100203
0.5077568
0.4830064
0.5101705
0.5090148
0.4624795
0.5010126
0.4977304
0.5174517
0.4926047
0.4916210
0.5187101
0.4731825
0.5151639
0.5264526
0.4739661
0.4771098
0.5186469
0.5283039
0.4981053
0.5193655
0.5077525
0.5026660
0.5108141
0.4879985
0.4938193
0.4867529
0.5133647
0.4999215
0.4623322
0.5065029
0.5145970
0.5104364
0.4669771
0.4831525
0.5044522
0.5130455
0.4881968
0.5061912
0.4902001
0.5100203
0.5077568
0.4830064
0.5101705
0.5090148
0.4624795
0.5010126
0.4977304
0.5174517
0.4926047
0.4916210
0.5187101
0.4731825
0.5151639
0.5264526
0.4739661
0.4771098
0.5186469
0.5283039
0.4981053
0.5193655
0.5077525
0.5026660
0.5108141
0.4879985
0.4938193
0.4867529
0.5133647
0.4999215
0.4623322
0.5065029
0.5145970
0.5104364
0.4669771
0.4831525
0.5044522
0.5130455
0.4881968
0.5061912
0.4902001
0.5100203
0.5077568
0.4830064
0.5101705
0.5090148
0.4624795
0.5010126
0.4977304
0.5174517
0.4926047
0.4916210
0.5187101
0.4731825
0.5151639
0.5264526
0.4739661
0.4771098
0.5186469
0.5283039
0.4981053
0.5193655
0.5077525
0.5026660
0.5108141
0.4879985
0.4938193
0.4867529
0.5133647
0.4999215
0.4623322
0.5065029
0.5145970
0.5104364
0.4669771
0.4831525
0.5044522
0.5130455
0.4881968
0.5061912
0.4902001
0.5100203
0.5077568
0.4830064
0.5101705
0.5090148
0.4624795
0.5010126
0.4977304
0.5174517
0.4926047
0.4916210
0.5187101
0.4731825
0.5151639
0.5264526
0.4739661
0.4771098
0.5186469
0.5283039
0.4981053
0.5193655
0.5077525
0.5026660
0.5108141
0.4879985
0.4938193
0.4867529
0.5133647
0.4999215
0.4623322
0.5065029
0.5145970
0.5104364
0.4669771
0.4831525
0.5044522
0.5130455
0.4881968
0.5061912
0.4902001
0.5100203
0.5077568
0.4830064
0.5101705
0.5090148
0.4624795
0.5010126
0.4977304
0.5174517
0.4926047
0.4916210
0.5187101
0.4731825
0.5151639
0.5264526
0.4739661
0.4771098
0.5186469
0.5283039
0.4981053
0.5193655
0.5077525
0.5026660
0.5108141
0.4879985
0.4938193
0.4867529
0.5133647
0.4999215
0.4623322
0.5065029
0.5145970
0.5104364
0.4669771
0.4831525
0.5044522
0.5130455
0.4881968
0.5061912
0.4902001
0.5100203
0.5077568
0.4830064
0.5101705
0.5090148
0.4624795
0.5010126
0.4977304
0.5174517
0.4926047
0.4916210
0.5187101
0.4731825
0.5151639
0.5264526
0.4739661
0.4771098
0.5186469
0.5283039
0.4981053
0.5193655
0.5077525
0.5026660
0.5108141
0.4879985
0.4938193
0.4867529
0.5133647
0.4999215
0.4623322
0.5065029
0.5145970
0.5104364
0.4669771
0.4831525
0.5044522
0.5130455
0.4881968
0.5061912
0.4902001
0.5100203
0.5077568
0.4830064
0.5101705
0.5090148
0.4624795
0.5010126
0.4977304
0.5174517
0.4926047
0.4916210
0.5187101
0.4731825
0.5151639
0.5264526
0.4739661
0.4771098
0.5186469
0.5283039
0.4981053
0.5193655
0.5077525
0.5026660
0.5108141
0.4879985
0.4938193
0.4867529
0.5133647
0.4999215
0.4623322
0.5065029
0.5145970
0.5104364
0.4669771
0.4831525
0.5044522
0.5130455
0.4881968
0.5061912
0.4902001
0.5100203
0.5077568
0.4830064
0.5101705
0.5090148
0.4624795
0.5010126
0.4977304
0.5174517
0.4926047
0.4916210
0.5187101
0.4731825
0.5151639
0.5264526
0.4739661
0.4771098
0.5186469
0.5283039
0.4981053
0.5193655
0.5077525
0.5026660
0.5108141
0.4879985
0.4938193
0.4867529
0.5133647
0.4999215
0.4623322
0.5065029
0.5145970
0.5104364
0.4669771
0.4831525
0.5044522
0.5130455
0.4881968
0.5061912
0.4902001
0.5100203
0.5077568
0.4830064
0.5101705
0.5090148
0.4624795
0.5010126
0.4977304
0.5174517
0.4926047
0.4916210
0.5187101
0.4731825
0.5151639
0.5264526
0.4739661
0.4771098
0.5186469
0.5283039
0.4981053
0.5193655
0.5077525
0.5026660
0.5108141
0.4879985
0.4938193
0.4867529
0.5133647
0.4999215
0.4623322
0.5065029
0.5145970
0.5104364
0.4669771
0.4831525
0.5044522
0.5130455
0.4881968
0.5061912
0.4902001
0.5100203
0.5077568
0.4830064
0.5101705
0.5090148
0.4624795
0.5010126
0.4977304
0.5174517
0.4926047
0.4916210
0.5187101
0.4731825
0.5151639
0.5264526
0.4739661
0.4771098
0.5186469
0.5283039
0.4981053
0.5193655
0.5077525
0.5026660
0.5108141
0.4879985
0.4938193
0.4867529
0.5133647
0.4999215
0.4623322
0.5065029
0.5145970
0.5104364
0.4669771
0.4831525
0.5044522
0.5130455
0.4881968
0.5061912
0.4902001
0.5100203
0.5077568
0.4830064
0.5101705
0.5090148
0.4624795
0.5010126
0.4977304
0.5174517
0.4926047
0.4916210
0.5187101
0.4731825
0.5151639
0.5264526
0.4739661
0.4771098
0.5186469
0.5283039
0.4981053
0.5193655
0.5077525
0.5026660
0.5108141
0.4879985
0.4938193
0.4867529
0.5133647
0.4999215
0.4623322
0.5065029
0.5145970
0.5104364
0.4669771
0.4831525
0.5044522
0.5130455
0.4881968
0.5061912
0.4902001
0.5100203
0.5077568
0.4830064
0.5101705
0.5090148
0.4624795
0.5010126
0.4977304
0.5174517
0.4926047
0.4916210
0.5187101
0.4731825
0.5151639
0.5264526
0.4739661
0.4771098
0.5186469
0.5283039
0.4981053
0.5193655
0.5077525
0.5026660
0.5108141
0.4879985
0.4938193
0.4867529
0.5133647
0.4999215
0.4623322
0.5065029
0.5145970
0.5104364
0.4669771
0.4831525
0.5044522
0.5130455
0.4881968
0.5061912
0.4902001
0.5100203
0.5077568
0.4830064
0.5101705
0.5090148
0.4624795
0.5010126
0.4977304
0.5174517
0.4926047
0.4916210
0.5187101
0.4731825
0.5151639
0.5264526
0.4739661
0.4771098
0.5186469
0.5283039
0.4981053
0.5193655
0.5077525
0.5026660
0.5108141
0.4879985
0.4938193
0.4867529
0.5133647
0.4999215
0.4623322
0.5065029
0.5145970
0.5104364
0.4669771
0.4831525
0.5044522
0.5130455
0.4881968
0.5061912
0.4902001
0.5100203
0.5077568
0.4830064
0.5101705
0.5090148
0.4624795
0.5010126
0.4977304
0.5174517
0.4926047
0.4916210
0.5187101
0.4731825
0.5151639
0.5264526
0.4739661
0.4771098
0.5186469
0.5283039
0.4981053
0.5193655
0.5077525
0.5026660
0.5108141
0.4879985
0.4938193
0.4867529
0.5133647
0.4999215
0.4623322
0.5065029
0.5145970
0.5104364
0.4669771
0.4831525
0.5044522
0.5130455
0.4881968
0.5061912
0.4902001
0.5100203
0.5077568
0.4830064
0.5101705
0.5090148
0.4624795
0.5010126
0.4977304
0.5174517
0.4926047
0.4916210
0.5187101
0.4731825
0.5151639
0.5264526
0.4739661
0.4771098
0.5186469
0.5283039
0.4981053
0.5193655
0.5077525
0.5026660
0.5108141
0.4879985
0.4938193
0.4867529
0.5133647
0.4999215
0.4623322
0.5065029
0.5145970
0.5104364
0.4669771
0.4831525
0.5044522
0.5130455
0.4881968
0.5061912
0.4902001
0.5100203
0.5077568
0.4830064
0.5101705
0.5090148
0.4624795
0.5010126
0.4977304
0.5174517
0.4926047
0.4916210
0.5187101
0.4731825
0.5151639
0.5264526
0.4739661
0.4771098
0.5186469
0.5283039
0.4981053
0.5193655
0.5077525
0.5026660
0.5108141
0.4879985
0.4938193
0.4867529
0.5133647
0.4999215
0.4623322
0.5065029
0.5145970
0.5104364
0.4669771
0.4831525
0.5044522
0.5130455
0.4881968
0.5061912
0.4902001
0.5100203
0.5077568
0.4830064
0.5101705
0.5090148
0.4624795
0.5010126
0.4977304
0.5174517
0.4926047
0.4916210
0.5187101
0.4731825
0.5151639
0.5264526
0.4739661
0.4771098
0.5186469
0.5283039
0.4981053
0.5193655
0.5077525
0.5026660
0.5108141
0.4879985
0.4938193
0.4867529
0.5133647
0.4999215
0.4623322
0.5065029
0.5145970
0.5104364
0.4669771
0.4831525
0.5044522
0.5130455
0.4881968
0.5061912
0.4902001
0.5100203
0.5077568
0.4830064
0.5101705
0.5090148
0.4624795
0.5010126
0.4977304
0.5174517
0.4926047
0.4916210
0.5187101
0.4731825
0.5151639
0.5264526
0.4739661
0.4771098
0.5186469
0.5283039
0.4981053
0.5193655
0.5077525
0.5026660
0.5108141
0.4879985
0.4938193
0.4867529
0.5133647
0.4999215
0.4623322
0.5065029
0.5145970
0.5104364
0.4669771
0.4831525
0.5044522
0.5130455
0.4881968
0.5061912
0.4902001
0.5100203
0.5077568
0.4830064
0.5101705
0.5090148
0.4624795
0.5010126
0.4977304
0.5174517
0.4926047
0.4916210
0.5187101
0.4731825
0.5151639
0.5264526
0.4739661
0.4771098
0.5186469
0.5283039
0.4981053
0.5193655
0.5077525
0.5026660
0.5108141
0.4879985
0.4938193
0.4867529
0.5133647
0.4999215
0.4623322
0.5065029
0.5145970
0.5104364
0.4669771
0.4831525
0.5044522
0.5130455
0.4881968
0.5061912
0.4902001
0.5100203
0.5077568
0.4830064
0.5101705
0.5090148
0.4624795
0.5010126
0.4977304
0.5174517
0.4926047
0.4916210
0.5187101
0.4731825
0.5151639
0.5264526
0.4739661
0.4771098
0.5186469
0.5283039
0.4981053
0.5193655
0.5077525
0.5026660
0.5108141
0.4879985
0.4938193
0.4867529
0.5133647
0.4999215
0.4623322
0.5065029
0.5145970
0.5104364
0.4669771
0.4831525
0.5044522
0.5130455
0.4881968
0.5061912
0.4902001
0.5100203
0.5077568
0.4830064
0.5101705
0.5090148
0.4624795
0.5010126
0.4977304
0.5174517
0.4926047
0.4916210
0.5187101
0.4731825
0.5151639
0.5264526
0.4739661
0.4771098
0.5186469
0.5283039
0.4981053
0.5193655
0.5077525
0.5026660
0.5108141
0.4879985
0.4938193
0.4867529
0.5133647
0.4999215
0.4623322
0.5065029
0.5145970
0.5104364
0.4669771
0.4831525
0.5044522
0.5130455
0.4881968
0.5061912
0.4902001
0.5100203
0.5077568
0.4830064
0.5101705
0.5090148
0.4624795
0.5010126
0.4977304
0.5174517
0.4926047
0.4916210
0.5187101
0.4731825
0.5151639
0.5264526
0.4739661
0.4771098
0.5186469
0.5283039
0.4981053
0.5193655
0.5077525
0.5026660
0.5108141
0.4879985
0.4938193
0.4867529
0.5133647
0.4999215
0.4623322
0.5065029
0.5145970
0.5104364
0.4669771
0.4831525
0.5044522
0.5130455
0.4881968
0.5061912
0.4902001
0.5100203
0.5077568
0.4830064
0.5101705
0.5090148
0.4624795
0.5010126
0.4977304
0.5174517
0.4926047
0.4916210
0.5187101
0.4731825
0.5151639
0.5264526
0.4739661
0.4771098
0.5186469
0.5283039
0.4981053
0.5193655
0.5077525
0.5026660
0.5108141
0.4879985
0.4938193
0.4867529
0.5133647
0.4999215
0.4623322
0.5065029
0.5145970
0.5104364
0.4669771
0.4831525
0.5044522
0.5130455
0.4881968
0.5061912
0.4902001
0.5100203
0.5077568
0.4830064
0.5101705
0.5090148
0.4624795
0.5010126
0.4977304
0.5174517
0.4926047
0.4916210
0.5187101
0.4731825
0.5151639
0.5264526
0.4739661
0.4771098
0.5186469
0.5283039
0.4981053
0.5193655
0.5077525
0.5026660
0.5108141
0.4879985
0.4938193
0.4867529
0.5133647
0.4999215
0.4623322
0.5065029
0.5145970
0.5104364
0.4669771
0.4831525
0.5044522
0.5130455
0.4881968
0.5061912
0.4902001
0.5100203
0.5077568
0.4830064
0.5101705
0.5090148
0.4624795
0.5010126
0.4977304
0.5174517
0.4926047
0.4916210
0.5187101
0.4731825
0.5151639
0.5264526
0.4739661
0.4771098
0.5186469
0.5283039
0.4981053
0.5193655
0.5077525
0.5026660
0.5108141
0.4879985
0.4938193
0.4867529
0.5133647
0.4999215
0.4623322
0.5065029
0.5145970
0.5104364
0.4669771
0.4831525
0.5044522
0.5130455
0.4881968
0.5061912
0.4902001
0.5100203
0.5077568
0.4830064
0.5101705
0.5090148
0.4624795
0.5010126
0.4977304
0.5174517
0.4926047
0.4916210
0.5187101
0.4731825
0.5151639
0.5264526
0.4739661
0.4771098
0.5186469
0.5283039
0.4981053
0.5193655
0.5077525
0.5026660
0.5108141
0.4879985
0.4938193
0.4867529
0.5133647
0.4999215
0.4623322
0.5065029
0.5145970
0.5104364
0.4669771
0.4831525
0.5044522
0.5130455
0.4881968
0.5061912
0.4902001
0.5100203
0.5077568
0.4830064
0.5101705
0.5090148
0.4624795
0.5010126
0.4977304
0.5174517
0.4926047
0.4916210
0.5187101
0.4731825
0.5151639
0.5264526
0.4739661
0.4771098
0.5186469
0.5283039
0.4981053
0.5193655
0.5077525
0.5026660
0.5108141
0.4879985
0.4938193
0.4867529
0.5133647
0.4999215
0.4623322
0.5065029
0.5145970
0.5104364
0.4669771
0.4831525
0.5044522
0.5130455
0.4881968
0.5061912
0.4902001
0.5100203
0.5077568
0.4830064
0.5101705
0.5090148
0.4624795
0.5010126
0.4977304
0.5174517
0.4926047
0.4916210
