3.200842
3.206712
3.043882
3.179001
3.049714
3.230787
3.202525
2.871496
3.124030
2.930153
2.909465
3.022817
2.977624
3.126048
3.314687
3.184656
3.215748
3.037664
3.284260
3.129691
2.908629
3.055469
3.134193
3.033518
3.138239
3.098344
3.001350
2.944066
3.024074
3.167649
3.012574
2.898825
3.072614
3.168946
3.186484
2.969727
2.900837
3.173395
2.932034
3.167620
3.200842
3.206712
3.043882
3.179001
3.049714
3.230787
3.202525
2.871496
3.124030
2.930153
2.909465
3.022817
2.977624
3.126048
3.314687
3.184656
3.215748
3.037664
3.284260
3.129691
2.908629
3.055469
3.134193
3.033518
3.138239
3.098344
3.001350
2.944066
3.024074
3.167649
3.012574
2.898825
3.072614
3.168946
3.186484
2.969727
2.900837
3.173395
2.932034
3.167620
3.200842
3.206712
3.043882
3.179001
3.049714
3.230787
3.202525
2.871496
3.124030
2.930153
2.909465
3.022817
2.977624
3.126048
3.314687
3.184656
3.215748
3.037664
3.284260
3.129691
2.908629
3.055469
3.134193
3.033518
3.138239
3.098344
3.001350
2.944066
3.024074
3.167649
3.012574
2.898825
3.072614
3.168946
3.186484
2.969727
2.900837
3.173395
2.932034
3.167620
3.200842
3.206712
3.043882
3.179001
3.049714
3.230787
3.202525
2.871496
3.124030
2.930153
2.909465
3.022817
2.977624
3.126048
3.314687
3.184656
3.215748
3.037664
3.284260
3.129691
2.908629
3.055469
3.134193
3.033518
3.138239
3.098344
3.001350
2.944066
3.024074
3.167649
3.012574
2.898825
3.072614
3.168946
3.186484
2.969727
2.900837
3.173395
2.932034
3.167620
3.200842
3.206712
3.043882
3.179001
3.049714
3.230787
3.202525
2.871496
3.124030
2.930153
2.909465
3.022817
2.977624
3.126048
3.314687
3.184656
3.215748
3.037664
3.284260
3.129691
2.908629
3.055469
3.134193
3.033518
3.138239
3.098344
3.001350
2.944066
3.024074
3.167649
3.012574
2.898825
3.072614
3.168946
3.186484
2.969727
2.900837
3.173395
2.932034
3.167620
3.200842
3.206712
3.043882
3.179001
3.049714
3.230787
3.202525
2.871496
3.124030
2.930153
2.909465
3.022817
2.977624
3.126048
3.314687
3.184656
3.215748
3.037664
3.284260
3.129691
2.908629
3.055469
3.134193
3.033518
3.138239
3.098344
3.001350
2.944066
3.024074
3.167649
3.012574
2.898825
3.072614
3.168946
3.186484
2.969727
2.900837
3.173395
2.932034
3.167620
3.200842
3.206712
3.043882
3.179001
3.049714
3.230787
3.202525
2.871496
3.124030
2.930153
2.909465
3.022817
2.977624
3.126048
3.314687
3.184656
3.215748
3.037664
3.284260
3.129691
2.908629
3.055469
3.134193
3.033518
3.138239
3.098344
3.001350
2.944066
3.024074
3.167649
3.012574
2.898825
3.072614
3.168946
3.186484
2.969727
2.900837
3.173395
2.932034
3.167620
3.200842
3.206712
3.043882
3.179001
3.049714
3.230787
3.202525
2.871496
3.124030
2.930153
2.909465
3.022817
2.977624
3.126048
3.314687
3.184656
3.215748
3.037664
3.284260
3.129691
2.908629
3.055469
3.134193
3.033518
3.138239
3.098344
3.001350
2.944066
3.024074
3.167649
3.012574
2.898825
3.072614
3.168946
3.186484
2.969727
2.900837
3.173395
2.932034
3.167620
3.200842
3.206712
3.043882
3.179001
3.049714
3.230787
3.202525
2.871496
3.124030
2.930153
2.909465
3.022817
2.977624
3.126048
3.314687
3.184656
3.215748
3.037664
3.284260
3.129691
2.908629
3.055469
3.134193
3.033518
3.138239
3.098344
3.001350
2.944066
3.024074
3.167649
3.012574
2.898825
3.072614
3.168946
3.186484
2.969727
2.900837
3.173395
2.932034
3.167620
3.200842
3.206712
3.043882
3.179001
3.049714
3.230787
3.202525
2.871496
3.124030
2.930153
2.909465
3.022817
2.977624
3.126048
3.314687
3.184656
3.215748
3.037664
3.284260
3.129691
2.908629
3.055469
3.134193
3.033518
3.138239
3.098344
3.001350
2.944066
3.024074
3.167649
3.012574
2.898825
3.072614
3.168946
3.186484
2.969727
2.900837
3.173395
2.932034
3.167620
3.200842
3.206712
3.043882
3.179001
3.049714
3.230787
3.202525
2.871496
3.124030
2.930153
2.909465
3.022817
2.977624
3.126048
3.314687
3.184656
3.215748
3.037664
3.284260
3.129691
2.908629
3.055469
3.134193
3.033518
3.138239
3.098344
3.001350
2.944066
3.024074
3.167649
3.012574
2.898825
3.072614
3.168946
3.186484
2.969727
2.900837
3.173395
2.932034
3.167620
3.200842
3.206712
3.043882
3.179001
3.049714
3.230787
3.202525
2.871496
3.124030
2.930153
2.909465
3.022817
2.977624
3.126048
3.314687
3.184656
3.215748
3.037664
3.284260
3.129691
2.908629
3.055469
3.134193
3.033518
3.138239
3.098344
3.001350
2.944066
3.024074
3.167649
3.012574
2.898825
3.072614
3.168946
3.186484
2.969727
2.900837
3.173395
2.932034
3.167620
3.200842
3.206712
3.043882
3.179001
3.049714
3.230787
3.202525
2.871496
3.124030
2.930153
2.909465
3.022817
2.977624
3.126048
3.314687
3.184656
3.215748
3.037664
3.284260
3.129691
2.908629
3.055469
3.134193
3.033518
3.138239
3.098344
3.001350
2.944066
3.024074
3.167649
3.012574
2.898825
3.072614
3.168946
3.186484
2.969727
2.900837
3.173395
2.932034
3.167620
3.200842
3.206712
3.043882
3.179001
3.049714
3.230787
3.202525
2.871496
3.124030
2.930153
2.909465
3.022817
2.977624
3.126048
3.314687
3.184656
3.215748
3.037664
3.284260
3.129691
2.908629
3.055469
3.134193
3.033518
3.138239
3.098344
3.001350
2.944066
3.024074
3.167649
3.012574
2.898825
3.072614
3.168946
3.186484
2.969727
2.900837
3.173395
2.932034
3.167620
3.200842
3.206712
3.043882
3.179001
3.049714
3.230787
3.202525
2.871496
3.124030
2.930153
2.909465
3.022817
2.977624
3.126048
3.314687
3.184656
3.215748
3.037664
3.284260
3.129691
2.908629
3.055469
3.134193
3.033518
3.138239
3.098344
3.001350
2.944066
3.024074
3.167649
3.012574
2.898825
3.072614
3.168946
3.186484
2.969727
2.900837
3.173395
2.932034
3.167620
3.200842
3.206712
3.043882
3.179001
3.049714
3.230787
3.202525
2.871496
3.124030
2.930153
2.909465
3.022817
2.977624
3.126048
3.314687
3.184656
3.215748
3.037664
3.284260
3.129691
2.908629
3.055469
3.134193
3.033518
3.138239
3.098344
3.001350
2.944066
3.024074
3.167649
3.012574
2.898825
3.072614
3.168946
3.186484
2.969727
2.900837
3.173395
2.932034
3.167620
3.200842
3.206712
3.043882
3.179001
3.049714
3.230787
3.202525
2.871496
3.124030
2.930153
2.909465
3.022817
2.977624
3.126048
3.314687
3.184656
3.215748
3.037664
3.284260
3.129691
2.908629
3.055469
3.134193
3.033518
3.138239
3.098344
3.001350
2.944066
3.024074
3.167649
3.012574
2.898825
3.072614
3.168946
3.186484
2.969727
2.900837
3.173395
2.932034
3.167620
3.200842
3.206712
3.043882
3.179001
3.049714
3.230787
3.202525
2.871496
3.124030
2.930153
2.909465
3.022817
2.977624
3.126048
3.314687
3.184656
3.215748
3.037664
3.284260
3.129691
2.908629
3.055469
3.134193
3.033518
3.138239
3.098344
3.001350
2.944066
3.024074
3.167649
3.012574
2.898825
3.072614
3.168946
3.186484
2.969727
2.900837
3.173395
2.932034
3.167620
3.200842
3.206712
3.043882
3.179001
3.049714
3.230787
3.202525
2.871496
3.124030
2.930153
2.909465
3.022817
2.977624
3.126048
3.314687
3.184656
3.215748
3.037664
3.284260
3.129691
2.908629
3.055469
3.134193
3.033518
3.138239
3.098344
3.001350
2.944066
3.024074
3.167649
3.012574
2.898825
3.072614
3.168946
3.186484
2.969727
2.900837
3.173395
2.932034
3.167620
3.200842
3.206712
3.043882
3.179001
3.049714
3.230787
3.202525
2.871496
3.124030
2.930153
2.909465
3.022817
2.977624
3.126048
3.314687
3.184656
3.215748
3.037664
3.284260
3.129691
2.908629
3.055469
3.134193
3.033518
3.138239
3.098344
3.001350
2.944066
3.024074
3.167649
3.012574
2.898825
3.072614
3.168946
3.186484
2.969727
2.900837
3.173395
2.932034
3.167620
3.200842
3.206712
3.043882
3.179001
3.049714
3.230787
3.202525
2.871496
3.124030
2.930153
2.909465
3.022817
2.977624
3.126048
3.314687
3.184656
3.215748
3.037664
3.284260
3.129691
2.908629
3.055469
3.134193
3.033518
3.138239
3.098344
3.001350
2.944066
3.024074
3.167649
3.012574
2.898825
3.072614
3.168946
3.186484
2.969727
2.900837
3.173395
2.932034
3.167620
3.200842
3.206712
3.043882
3.179001
3.049714
3.230787
3.202525
2.871496
3.124030
2.930153
2.909465
3.022817
2.977624
3.126048
3.314687
3.184656
3.215748
3.037664
3.284260
3.129691
2.908629
3.055469
3.134193
3.033518
3.138239
3.098344
3.001350
2.944066
3.024074
3.167649
3.012574
2.898825
3.072614
3.168946
3.186484
2.969727
2.900837
3.173395
2.932034
3.167620
3.200842
3.206712
3.043882
3.179001
3.049714
3.230787
3.202525
2.871496
3.124030
2.930153
2.909465
3.022817
2.977624
3.126048
3.314687
3.184656
3.215748
3.037664
3.284260
3.129691
2.908629
3.055469
3.134193
3.033518
3.138239
3.098344
3.001350
2.944066
3.024074
3.167649
3.012574
2.898825
3.072614
3.168946
3.186484
2.969727
2.900837
3.173395
2.932034
3.167620
3.200842
3.206712
3.043882
3.179001
3.049714
3.230787
3.202525
2.871496
3.124030
2.930153
2.909465
3.022817
2.977624
3.126048
3.314687
3.184656
3.215748
3.037664
3.284260
3.129691
2.908629
3.055469
3.134193
3.033518
3.138239
3.098344
3.001350
2.944066
3.024074
3.167649
3.012574
2.898825
3.072614
3.168946
3.186484
2.969727
2.900837
3.173395
2.932034
3.167620
3.200842
3.206712
3.043882
3.179001
3.049714
3.230787
3.202525
2.871496
3.124030
2.930153
2.909465
3.022817
2.977624
3.126048
3.314687
3.184656
3.215748
3.037664
3.284260
3.129691
2.908629
3.055469
3.134193
3.033518
3.138239
3.098344
3.001350
2.944066
3.024074
3.167649
3.012574
2.898825
3.072614
3.168946
3.186484
2.969727
2.900837
3.173395
2.932034
3.167620
3.200842
3.206712
3.043882
3.179001
3.049714
3.230787
3.202525
2.871496
3.124030
2.930153
2.909465
3.022817
2.977624
3.126048
3.314687
3.184656
3.215748
3.037664
3.284260
3.129691
2.908629
3.055469
3.134193
3.033518
3.138239
3.098344
3.001350
2.944066
3.024074
3.167649
3.012574
2.898825
3.072614
3.168946
3.186484
2.969727
2.900837
3.173395
2.932034
3.167620
3.200842
3.206712
3.043882
3.179001
3.049714
3.230787
3.202525
2.871496
3.124030
2.930153
2.909465
3.022817
2.977624
3.126048
3.314687
3.184656
3.215748
3.037664
3.284260
3.129691
2.908629
3.055469
3.134193
3.033518
3.138239
3.098344
3.001350
2.944066
3.024074
3.167649
3.012574
2.898825
3.072614
3.168946
3.186484
2.969727
2.900837
3.173395
2.932034
3.167620
3.200842
3.206712
3.043882
3.179001
3.049714
3.230787
3.202525
2.871496
3.124030
2.930153
2.909465
3.022817
2.977624
3.126048
3.314687
3.184656
3.215748
3.037664
3.284260
3.129691
2.908629
3.055469
3.134193
3.033518
3.138239
3.098344
3.001350
2.944066
3.024074
3.167649
3.012574
2.898825
3.072614
3.168946
3.186484
2.969727
2.900837
3.173395
2.932034
3.167620
3.200842
3.206712
3.043882
3.179001
3.049714
3.230787
3.202525
2.871496
3.124030
2.930153
2.909465
3.022817
2.977624
3.126048
3.314687
3.184656
3.215748
3.037664
3.284260
3.129691
2.908629
3.055469
3.134193
3.033518
3.138239
3.098344
3.001350
2.944066
3.024074
3.167649
3.012574
2.898825
3.072614
3.168946
3.186484
2.969727
2.900837
3.173395
2.932034
3.167620
3.200842
3.206712
3.043882
3.179001
3.049714
3.230787
3.202525
2.871496
3.124030
2.930153
2.909465
3.022817
2.977624
3.126048
3.314687
3.184656
3.215748
3.037664
3.284260
3.129691
2.908629
3.055469
3.134193
3.033518
3.138239
3.098344
3.001350
2.944066
3.024074
3.167649
3.012574
2.898825
3.072614
3.168946
3.186484
2.969727
2.900837
3.173395
2.932034
3.167620
3.200842
3.206712
3.043882
3.179001
3.049714
3.230787
3.202525
2.871496
3.124030
2.930153
2.909465
3.022817
2.977624
3.126048
3.314687
3.184656
3.215748
3.037664
3.284260
3.129691
2.908629
3.055469
3.134193
3.033518
3.138239
3.098344
3.001350
2.944066
3.024074
3.167649
3.012574
2.898825
3.072614
3.168946
3.186484
2.969727
2.900837
3.173395
2.932034
3.167620
3.200842
3.206712
3.043882
3.179001
3.049714
3.230787
3.202525
2.871496
3.124030
2.930153
2.909465
3.022817
2.977624
3.126048
3.314687
3.184656
3.215748
3.037664
3.284260
3.129691
2.908629
3.055469
3.134193
3.033518
3.138239
3.098344
3.001350
2.944066
3.024074
3.167649
3.012574
2.898825
3.072614
3.168946
3.186484
2.969727
2.900837
3.173395
2.932034
3.167620
3.200842
3.206712
3.043882
3.179001
3.049714
3.230787
3.202525
2.871496
3.124030
2.930153
2.909465
3.022817
2.977624
3.126048
3.314687
3.184656
3.215748
3.037664
3.284260
3.129691
2.908629
3.055469
3.134193
3.033518
3.138239
3.098344
3.001350
2.944066
3.024074
3.167649
3.012574
2.898825
3.072614
3.168946
3.186484
2.969727
2.900837
3.173395
2.932034
3.167620
3.200842
3.206712
3.043882
3.179001
3.049714
3.230787
3.202525
2.871496
3.124030
2.930153
2.909465
3.022817
2.977624
3.126048
3.314687
3.184656
3.215748
3.037664
3.284260
3.129691
2.908629
3.055469
3.134193
3.033518
3.138239
3.098344
3.001350
2.944066
3.024074
3.167649
3.012574
2.898825
3.072614
3.168946
3.186484
2.969727
2.900837
3.173395
2.932034
3.167620
3.200842
3.206712
3.043882
3.179001
3.049714
3.230787
3.202525
2.871496
3.124030
2.930153
2.909465
3.022817
2.977624
3.126048
3.314687
3.184656
3.215748
3.037664
3.284260
3.129691
2.908629
3.055469
3.134193
3.033518
3.138239
3.098344
3.001350
2.944066
3.024074
3.167649
3.012574
2.898825
3.072614
3.168946
3.186484
2.969727
2.900837
3.173395
2.932034
3.167620
3.200842
3.206712
3.043882
3.179001
3.049714
3.230787
3.202525
2.871496
3.124030
2.930153
2.909465
3.022817
2.977624
3.126048
3.314687
3.184656
3.215748
3.037664
3.284260
3.129691
2.908629
3.055469
3.134193
3.033518
3.138239
3.098344
3.001350
2.944066
3.024074
3.167649
3.012574
2.898825
3.072614
3.168946
3.186484
2.969727
2.900837
3.173395
2.932034
3.167620
3.200842
3.206712
3.043882
3.179001
3.049714
3.230787
3.202525
2.871496
3.124030
2.930153
2.909465
3.022817
2.977624
3.126048
3.314687
3.184656
3.215748
3.037664
3.284260
3.129691
2.908629
3.055469
3.134193
3.033518
3.138239
3.098344
3.001350
2.944066
3.024074
3.167649
3.012574
2.898825
3.072614
3.168946
3.186484
2.969727
2.900837
3.173395
2.932034
3.167620
3.200842
3.206712
3.043882
3.179001
3.049714
3.230787
3.202525
2.871496
3.124030
2.930153
2.909465
3.022817
2.977624
3.126048
3.314687
3.184656
3.215748
3.037664
3.284260
3.129691
2.908629
3.055469
3.134193
3.033518
3.138239
3.098344
3.001350
2.944066
3.024074
3.167649
3.012574
2.898825
3.072614
3.168946
3.186484
2.969727
2.900837
3.173395
2.932034
3.167620
3.200842
3.206712
3.043882
3.179001
3.049714
3.230787
3.202525
2.871496
3.124030
2.930153
2.909465
3.022817
2.977624
3.126048
3.314687
3.184656
3.215748
3.037664
3.284260
3.129691
2.908629
3.055469
3.134193
3.033518
3.138239
3.098344
3.001350
2.944066
3.024074
3.167649
3.012574
2.898825
3.072614
3.168946
3.186484
2.969727
2.900837
3.173395
2.932034
3.167620
3.200842
3.206712
3.043882
3.179001
3.049714
3.230787
3.202525
2.871496
3.124030
2.930153
2.909465
3.022817
2.977624
3.126048
3.314687
3.184656
3.215748
3.037664
3.284260
3.129691
2.908629
3.055469
3.134193
3.033518
3.138239
3.098344
3.001350
2.944066
3.024074
3.167649
3.012574
2.898825
3.072614
3.168946
3.186484
2.969727
2.900837
3.173395
2.932034
3.167620
3.200842
3.206712
3.043882
3.179001
3.049714
3.230787
3.202525
2.871496
3.124030
2.930153
2.909465
3.022817
2.977624
3.126048
3.314687
3.184656
3.215748
3.037664
3.284260
3.129691
2.908629
3.055469
3.134193
3.033518
3.138239
3.098344
3.001350
2.944066
3.024074
3.167649
3.012574
2.898825
3.072614
3.168946
3.186484
2.969727
2.900837
3.173395
2.932034
3.167620
3.200842
3.206712
3.043882
3.179001
3.049714
3.230787
3.202525
2.871496
3.124030
2.930153
2.909465
3.022817
2.977624
3.126048
3.314687
3.184656
3.215748
3.037664
3.284260
3.129691
2.908629
3.055469
3.134193
3.033518
3.138239
3.098344
3.001350
2.944066
3.024074
3.167649
3.012574
2.898825
3.072614
3.168946
3.186484
2.969727
2.900837
3.173395
2.932034
3.167620
3.200842
3.206712
3.043882
3.179001
3.049714
3.230787
3.202525
2.871496
3.124030
2.930153
2.909465
3.022817
2.977624
3.126048
3.314687
3.184656
3.215748
3.037664
3.284260
3.129691
2.908629
3.055469
3.134193
3.033518
3.138239
3.098344
3.001350
2.944066
3.024074
3.167649
3.012574
2.898825
3.072614
3.168946
3.186484
2.969727
2.900837
3.173395
2.932034
3.167620
3.200842
3.206712
3.043882
3.179001
3.049714
3.230787
3.202525
2.871496
3.124030
2.930153
2.909465
3.022817
2.977624
3.126048
3.314687
3.184656
3.215748
3.037664
3.284260
3.129691
2.908629
3.055469
3.134193
3.033518
3.138239
3.098344
3.001350
2.944066
3.024074
3.167649
3.012574
2.898825
3.072614
3.168946
3.186484
2.969727
2.900837
3.173395
2.932034
3.167620
3.200842
3.206712
3.043882
3.179001
3.049714
3.230787
3.202525
2.871496
3.124030
2.930153
2.909465
3.022817
2.977624
3.126048
3.314687
3.184656
3.215748
3.037664
3.284260
3.129691
2.908629
3.055469
3.134193
3.033518
3.138239
3.098344
3.001350
2.944066
3.024074
3.167649
3.012574
2.898825
3.072614
3.168946
3.186484
2.969727
2.900837
3.173395
2.932034
3.167620
3.200842
3.206712
3.043882
3.179001
3.049714
3.230787
3.202525
2.871496
3.124030
2.930153
2.909465
3.022817
2.977624
3.126048
3.314687
3.184656
3.215748
3.037664
3.284260
3.129691
2.908629
3.055469
3.134193
3.033518
3.138239
3.098344
3.001350
2.944066
3.024074
3.167649
3.012574
2.898825
3.072614
3.168946
3.186484
2.969727
2.900837
3.173395
2.932034
3.167620
3.200842
3.206712
3.043882
3.179001
3.049714
3.230787
3.202525
2.871496
3.124030
2.930153
2.909465
3.022817
2.977624
3.126048
3.314687
3.184656
3.215748
3.037664
3.284260
3.129691
2.908629
3.055469
3.134193
3.033518
3.138239
3.098344
3.001350
2.944066
3.024074
3.167649
3.012574
2.898825
3.072614
3.168946
3.186484
2.969727
2.900837
3.173395
2.932034
3.167620
3.200842
3.206712
3.043882
3.179001
3.049714
3.230787
3.202525
2.871496
3.124030
2.930153
2.909465
3.022817
2.977624
3.126048
3.314687
3.184656
3.215748
3.037664
3.284260
3.129691
2.908629
3.055469
3.134193
3.033518
3.138239
3.098344
3.001350
2.944066
3.024074
3.167649
3.012574
2.898825
3.072614
3.168946
3.186484
2.969727
2.900837
3.173395
2.932034
3.167620
3.200842
3.206712
3.043882
3.179001
3.049714
3.230787
3.202525
2.871496
3.124030
2.930153
2.909465
3.022817
2.977624
3.126048
3.314687
3.184656
3.215748
3.037664
3.284260
3.129691
2.908629
3.055469
3.134193
3.033518
3.138239
3.098344
3.001350
2.944066
3.024074
3.167649
3.012574
2.898825
3.072614
3.168946
3.186484
2.969727
2.900837
3.173395
2.932034
3.167620
3.200842
3.206712
3.043882
3.179001
3.049714
3.230787
3.202525
2.871496
3.124030
2.930153
2.909465
3.022817
2.977624
3.126048
3.314687
3.184656
3.215748
3.037664
3.284260
3.129691
2.908629
3.055469
3.134193
3.033518
3.138239
3.098344
3.001350
2.944066
3.024074
3.167649
3.012574
2.898825
3.072614
3.168946
3.186484
2.969727
2.900837
3.173395
2.932034
3.167620
