0.4779645
0.4865812
0.4846457
0.5212366
0.5192498
0.5098322
0.5246913
0.5276011
0.5087814
0.5248028
0.5030252
0.4861156
0.5206427
0.5153842
0.4959383
0.5136173
0.4713496
0.5054670
0.5223759
0.4842124
0.4887215
0.5144444
0.4978465
0.4686699
0.4787042
0.5285960
0.5154845
0.5143474
0.4984552
0.5133634
0.4906018
0.4989005
0.5017760
0.4942837
0.4939924
0.5250594
0.4936044
0.4771952
0.5057053
0.5361160
0.4779645
0.4865812
0.4846457
0.5212366
0.5192498
0.5098322
0.5246913
0.5276011
0.5087814
0.5248028
0.5030252
0.4861156
0.5206427
0.5153842
0.4959383
0.5136173
0.4713496
0.5054670
0.5223759
0.4842124
0.4887215
0.5144444
0.4978465
0.4686699
0.4787042
0.5285960
0.5154845
0.5143474
0.4984552
0.5133634
0.4906018
0.4989005
0.5017760
0.4942837
0.4939924
0.5250594
0.4936044
0.4771952
0.5057053
0.5361160
0.4779645
0.4865812
0.4846457
0.5212366
0.5192498
0.5098322
0.5246913
0.5276011
0.5087814
0.5248028
0.5030252
0.4861156
0.5206427
0.5153842
0.4959383
0.5136173
0.4713496
0.5054670
0.5223759
0.4842124
0.4887215
0.5144444
0.4978465
0.4686699
0.4787042
0.5285960
0.5154845
0.5143474
0.4984552
0.5133634
0.4906018
0.4989005
0.5017760
0.4942837
0.4939924
0.5250594
0.4936044
0.4771952
0.5057053
0.5361160
0.4779645
0.4865812
0.4846457
0.5212366
0.5192498
0.5098322
0.5246913
0.5276011
0.5087814
0.5248028
0.5030252
0.4861156
0.5206427
0.5153842
0.4959383
0.5136173
0.4713496
0.5054670
0.5223759
0.4842124
0.4887215
0.5144444
0.4978465
0.4686699
0.4787042
0.5285960
0.5154845
0.5143474
0.4984552
0.5133634
0.4906018
0.4989005
0.5017760
0.4942837
0.4939924
0.5250594
0.4936044
0.4771952
0.5057053
0.5361160
0.4779645
0.4865812
0.4846457
0.5212366
0.5192498
0.5098322
0.5246913
0.5276011
0.5087814
0.5248028
0.5030252
0.4861156
0.5206427
0.5153842
0.4959383
0.5136173
0.4713496
0.5054670
0.5223759
0.4842124
0.4887215
0.5144444
0.4978465
0.4686699
0.4787042
0.5285960
0.5154845
0.5143474
0.4984552
0.5133634
0.4906018
0.4989005
0.5017760
0.4942837
0.4939924
0.5250594
0.4936044
0.4771952
0.5057053
0.5361160
0.4779645
0.4865812
0.4846457
0.5212366
0.5192498
0.5098322
0.5246913
0.5276011
0.5087814
0.5248028
0.5030252
0.4861156
0.5206427
0.5153842
0.4959383
0.5136173
0.4713496
0.5054670
0.5223759
0.4842124
0.4887215
0.5144444
0.4978465
0.4686699
0.4787042
0.5285960
0.5154845
0.5143474
0.4984552
0.5133634
0.4906018
0.4989005
0.5017760
0.4942837
0.4939924
0.5250594
0.4936044
0.4771952
0.5057053
0.5361160
0.4779645
0.4865812
0.4846457
0.5212366
0.5192498
0.5098322
0.5246913
0.5276011
0.5087814
0.5248028
0.5030252
0.4861156
0.5206427
0.5153842
0.4959383
0.5136173
0.4713496
0.5054670
0.5223759
0.4842124
0.4887215
0.5144444
0.4978465
0.4686699
0.4787042
0.5285960
0.5154845
0.5143474
0.4984552
0.5133634
0.4906018
0.4989005
0.5017760
0.4942837
0.4939924
0.5250594
0.4936044
0.4771952
0.5057053
0.5361160
0.4779645
0.4865812
0.4846457
0.5212366
0.5192498
0.5098322
0.5246913
0.5276011
0.5087814
0.5248028
0.5030252
0.4861156
0.5206427
0.5153842
0.4959383
0.5136173
0.4713496
0.5054670
0.5223759
0.4842124
0.4887215
0.5144444
0.4978465
0.4686699
0.4787042
0.5285960
0.5154845
0.5143474
0.4984552
0.5133634
0.4906018
0.4989005
0.5017760
0.4942837
0.4939924
0.5250594
0.4936044
0.4771952
0.5057053
0.5361160
0.4779645
0.4865812
0.4846457
0.5212366
0.5192498
0.5098322
0.5246913
0.5276011
0.5087814
0.5248028
0.5030252
0.4861156
0.5206427
0.5153842
0.4959383
0.5136173
0.4713496
0.5054670
0.5223759
0.4842124
0.4887215
0.5144444
0.4978465
0.4686699
0.4787042
0.5285960
0.5154845
0.5143474
0.4984552
0.5133634
0.4906018
0.4989005
0.5017760
0.4942837
0.4939924
0.5250594
0.4936044
0.4771952
0.5057053
0.5361160
0.4779645
0.4865812
0.4846457
0.5212366
0.5192498
0.5098322
0.5246913
0.5276011
0.5087814
0.5248028
0.5030252
0.4861156
0.5206427
0.5153842
0.4959383
0.5136173
0.4713496
0.5054670
0.5223759
0.4842124
0.4887215
0.5144444
0.4978465
0.4686699
0.4787042
0.5285960
0.5154845
0.5143474
0.4984552
0.5133634
0.4906018
0.4989005
0.5017760
0.4942837
0.4939924
0.5250594
0.4936044
0.4771952
0.5057053
0.5361160
0.4779645
0.4865812
0.4846457
0.5212366
0.5192498
0.5098322
0.5246913
0.5276011
0.5087814
0.5248028
0.5030252
0.4861156
0.5206427
0.5153842
0.4959383
0.5136173
0.4713496
0.5054670
0.5223759
0.4842124
0.4887215
0.5144444
0.4978465
0.4686699
0.4787042
0.5285960
0.5154845
0.5143474
0.4984552
0.5133634
0.4906018
0.4989005
0.5017760
0.4942837
0.4939924
0.5250594
0.4936044
0.4771952
0.5057053
0.5361160
0.4779645
0.4865812
0.4846457
0.5212366
0.5192498
0.5098322
0.5246913
0.5276011
0.5087814
0.5248028
0.5030252
0.4861156
0.5206427
0.5153842
0.4959383
0.5136173
0.4713496
0.5054670
0.5223759
0.4842124
0.4887215
0.5144444
0.4978465
0.4686699
0.4787042
0.5285960
0.5154845
0.5143474
0.4984552
0.5133634
0.4906018
0.4989005
0.5017760
0.4942837
0.4939924
0.5250594
0.4936044
0.4771952
0.5057053
0.5361160
0.4779645
0.4865812
0.4846457
0.5212366
0.5192498
0.5098322
0.5246913
0.5276011
0.5087814
0.5248028
0.5030252
0.4861156
0.5206427
0.5153842
0.4959383
0.5136173
0.4713496
0.5054670
0.5223759
0.4842124
0.4887215
0.5144444
0.4978465
0.4686699
0.4787042
0.5285960
0.5154845
0.5143474
0.4984552
0.5133634
0.4906018
0.4989005
0.5017760
0.4942837
0.4939924
0.5250594
0.4936044
0.4771952
0.5057053
0.5361160
0.4779645
0.4865812
0.4846457
0.5212366
0.5192498
0.5098322
0.5246913
0.5276011
0.5087814
0.5248028
0.5030252
0.4861156
0.5206427
0.5153842
0.4959383
0.5136173
0.4713496
0.5054670
0.5223759
0.4842124
0.4887215
0.5144444
0.4978465
0.4686699
0.4787042
0.5285960
0.5154845
0.5143474
0.4984552
0.5133634
0.4906018
0.4989005
0.5017760
0.4942837
0.4939924
0.5250594
0.4936044
0.4771952
0.5057053
0.5361160
0.4779645
0.4865812
0.4846457
0.5212366
0.5192498
0.5098322
0.5246913
0.5276011
0.5087814
0.5248028
0.5030252
0.4861156
0.5206427
0.5153842
0.4959383
0.5136173
0.4713496
0.5054670
0.5223759
0.4842124
0.4887215
0.5144444
0.4978465
0.4686699
0.4787042
0.5285960
0.5154845
0.5143474
0.4984552
0.5133634
0.4906018
0.4989005
0.5017760
0.4942837
0.4939924
0.5250594
0.4936044
0.4771952
0.5057053
0.5361160
0.4779645
0.4865812
0.4846457
0.5212366
0.5192498
0.5098322
0.5246913
0.5276011
0.5087814
0.5248028
0.5030252
0.4861156
0.5206427
0.5153842
0.4959383
0.5136173
0.4713496
0.5054670
0.5223759
0.4842124
0.4887215
0.5144444
0.4978465
0.4686699
0.4787042
0.5285960
0.5154845
0.5143474
0.4984552
0.5133634
0.4906018
0.4989005
0.5017760
0.4942837
0.4939924
0.5250594
0.4936044
0.4771952
0.5057053
0.5361160
0.4779645
0.4865812
0.4846457
0.5212366
0.5192498
0.5098322
0.5246913
0.5276011
0.5087814
0.5248028
0.5030252
0.4861156
0.5206427
0.5153842
0.4959383
0.5136173
0.4713496
0.5054670
0.5223759
0.4842124
0.4887215
0.5144444
0.4978465
0.4686699
0.4787042
0.5285960
0.5154845
0.5143474
0.4984552
0.5133634
0.4906018
0.4989005
0.5017760
0.4942837
0.4939924
0.5250594
0.4936044
0.4771952
0.5057053
0.5361160
0.4779645
0.4865812
0.4846457
0.5212366
0.5192498
0.5098322
0.5246913
0.5276011
0.5087814
0.5248028
0.5030252
0.4861156
0.5206427
0.5153842
0.4959383
0.5136173
0.4713496
0.5054670
0.5223759
0.4842124
0.4887215
0.5144444
0.4978465
0.4686699
0.4787042
0.5285960
0.5154845
0.5143474
0.4984552
0.5133634
0.4906018
0.4989005
0.5017760
0.4942837
0.4939924
0.5250594
0.4936044
0.4771952
0.5057053
0.5361160
0.4779645
0.4865812
0.4846457
0.5212366
0.5192498
0.5098322
0.5246913
0.5276011
0.5087814
0.5248028
0.5030252
0.4861156
0.5206427
0.5153842
0.4959383
0.5136173
0.4713496
0.5054670
0.5223759
0.4842124
0.4887215
0.5144444
0.4978465
0.4686699
0.4787042
0.5285960
0.5154845
0.5143474
0.4984552
0.5133634
0.4906018
0.4989005
0.5017760
0.4942837
0.4939924
0.5250594
0.4936044
0.4771952
0.5057053
0.5361160
0.4779645
0.4865812
0.4846457
0.5212366
0.5192498
0.5098322
0.5246913
0.5276011
0.5087814
0.5248028
0.5030252
0.4861156
0.5206427
0.5153842
0.4959383
0.5136173
0.4713496
0.5054670
0.5223759
0.4842124
0.4887215
0.5144444
0.4978465
0.4686699
0.4787042
0.5285960
0.5154845
0.5143474
0.4984552
0.5133634
0.4906018
0.4989005
0.5017760
0.4942837
0.4939924
0.5250594
0.4936044
0.4771952
0.5057053
0.5361160
0.4779645
0.4865812
0.4846457
0.5212366
0.5192498
0.5098322
0.5246913
0.5276011
0.5087814
0.5248028
0.5030252
0.4861156
0.5206427
0.5153842
0.4959383
0.5136173
0.4713496
0.5054670
0.5223759
0.4842124
0.4887215
0.5144444
0.4978465
0.4686699
0.4787042
0.5285960
0.5154845
0.5143474
0.4984552
0.5133634
0.4906018
0.4989005
0.5017760
0.4942837
0.4939924
0.5250594
0.4936044
0.4771952
0.5057053
0.5361160
0.4779645
0.4865812
0.4846457
0.5212366
0.5192498
0.5098322
0.5246913
0.5276011
0.5087814
0.5248028
0.5030252
0.4861156
0.5206427
0.5153842
0.4959383
0.5136173
0.4713496
0.5054670
0.5223759
0.4842124
0.4887215
0.5144444
0.4978465
0.4686699
0.4787042
0.5285960
0.5154845
0.5143474
0.4984552
0.5133634
0.4906018
0.4989005
0.5017760
0.4942837
0.4939924
0.5250594
0.4936044
0.4771952
0.5057053
0.5361160
0.4779645
0.4865812
0.4846457
0.5212366
0.5192498
0.5098322
0.5246913
0.5276011
0.5087814
0.5248028
0.5030252
0.4861156
0.5206427
0.5153842
0.4959383
0.5136173
0.4713496
0.5054670
0.5223759
0.4842124
0.4887215
0.5144444
0.4978465
0.4686699
0.4787042
0.5285960
0.5154845
0.5143474
0.4984552
0.5133634
0.4906018
0.4989005
0.5017760
0.4942837
0.4939924
0.5250594
0.4936044
0.4771952
0.5057053
0.5361160
0.4779645
0.4865812
0.4846457
0.5212366
0.5192498
0.5098322
0.5246913
0.5276011
0.5087814
0.5248028
0.5030252
0.4861156
0.5206427
0.5153842
0.4959383
0.5136173
0.4713496
0.5054670
0.5223759
0.4842124
0.4887215
0.5144444
0.4978465
0.4686699
0.4787042
0.5285960
0.5154845
0.5143474
0.4984552
0.5133634
0.4906018
0.4989005
0.5017760
0.4942837
0.4939924
0.5250594
0.4936044
0.4771952
0.5057053
0.5361160
0.4779645
0.4865812
0.4846457
0.5212366
0.5192498
0.5098322
0.5246913
0.5276011
0.5087814
0.5248028
0.5030252
0.4861156
0.5206427
0.5153842
0.4959383
0.5136173
0.4713496
0.5054670
0.5223759
0.4842124
0.4887215
0.5144444
0.4978465
0.4686699
0.4787042
0.5285960
0.5154845
0.5143474
0.4984552
0.5133634
0.4906018
0.4989005
0.5017760
0.4942837
0.4939924
0.5250594
0.4936044
0.4771952
0.5057053
0.5361160
0.4779645
0.4865812
0.4846457
0.5212366
0.5192498
0.5098322
0.5246913
0.5276011
0.5087814
0.5248028
0.5030252
0.4861156
0.5206427
0.5153842
0.4959383
0.5136173
0.4713496
0.5054670
0.5223759
0.4842124
0.4887215
0.5144444
0.4978465
0.4686699
0.4787042
0.5285960
0.5154845
0.5143474
0.4984552
0.5133634
0.4906018
0.4989005
0.5017760
0.4942837
0.4939924
0.5250594
0.4936044
0.4771952
0.5057053
0.5361160
0.4779645
0.4865812
0.4846457
0.5212366
0.5192498
0.5098322
0.5246913
0.5276011
0.5087814
0.5248028
0.5030252
0.4861156
0.5206427
0.5153842
0.4959383
0.5136173
0.4713496
0.5054670
0.5223759
0.4842124
0.4887215
0.5144444
0.4978465
0.4686699
0.4787042
0.5285960
0.5154845
0.5143474
0.4984552
0.5133634
0.4906018
0.4989005
0.5017760
0.4942837
0.4939924
0.5250594
0.4936044
0.4771952
0.5057053
0.5361160
0.4779645
0.4865812
0.4846457
0.5212366
0.5192498
0.5098322
0.5246913
0.5276011
0.5087814
0.5248028
0.5030252
0.4861156
0.5206427
0.5153842
0.4959383
0.5136173
0.4713496
0.5054670
0.5223759
0.4842124
0.4887215
0.5144444
0.4978465
0.4686699
0.4787042
0.5285960
0.5154845
0.5143474
0.4984552
0.5133634
0.4906018
0.4989005
0.5017760
0.4942837
0.4939924
0.5250594
0.4936044
0.4771952
0.5057053
0.5361160
0.4779645
0.4865812
0.4846457
0.5212366
0.5192498
0.5098322
0.5246913
0.5276011
0.5087814
0.5248028
0.5030252
0.4861156
0.5206427
0.5153842
0.4959383
0.5136173
0.4713496
0.5054670
0.5223759
0.4842124
0.4887215
0.5144444
0.4978465
0.4686699
0.4787042
0.5285960
0.5154845
0.5143474
0.4984552
0.5133634
0.4906018
0.4989005
0.5017760
0.4942837
0.4939924
0.5250594
0.4936044
0.4771952
0.5057053
0.5361160
0.4779645
0.4865812
0.4846457
0.5212366
0.5192498
0.5098322
0.5246913
0.5276011
0.5087814
0.5248028
0.5030252
0.4861156
0.5206427
0.5153842
0.4959383
0.5136173
0.4713496
0.5054670
0.5223759
0.4842124
0.4887215
0.5144444
0.4978465
0.4686699
0.4787042
0.5285960
0.5154845
0.5143474
0.4984552
0.5133634
0.4906018
0.4989005
0.5017760
0.4942837
0.4939924
0.5250594
0.4936044
0.4771952
0.5057053
0.5361160
0.4779645
0.4865812
0.4846457
0.5212366
0.5192498
0.5098322
0.5246913
0.5276011
0.5087814
0.5248028
0.5030252
0.4861156
0.5206427
0.5153842
0.4959383
0.5136173
0.4713496
0.5054670
0.5223759
0.4842124
0.4887215
0.5144444
0.4978465
0.4686699
0.4787042
0.5285960
0.5154845
0.5143474
0.4984552
0.5133634
0.4906018
0.4989005
0.5017760
0.4942837
0.4939924
0.5250594
0.4936044
0.4771952
0.5057053
0.5361160
0.4779645
0.4865812
0.4846457
0.5212366
0.5192498
0.5098322
0.5246913
0.5276011
0.5087814
0.5248028
0.5030252
0.4861156
0.5206427
0.5153842
0.4959383
0.5136173
0.4713496
0.5054670
0.5223759
0.4842124
0.4887215
0.5144444
0.4978465
0.4686699
0.4787042
0.5285960
0.5154845
0.5143474
0.4984552
0.5133634
0.4906018
0.4989005
0.5017760
0.4942837
0.4939924
0.5250594
0.4936044
0.4771952
0.5057053
0.5361160
0.4779645
0.4865812
0.4846457
0.5212366
0.5192498
0.5098322
0.5246913
0.5276011
0.5087814
0.5248028
0.5030252
0.4861156
0.5206427
0.5153842
0.4959383
0.5136173
0.4713496
0.5054670
0.5223759
0.4842124
0.4887215
0.5144444
0.4978465
0.4686699
0.4787042
0.5285960
0.5154845
0.5143474
0.4984552
0.5133634
0.4906018
0.4989005
0.5017760
0.4942837
0.4939924
0.5250594
0.4936044
0.4771952
0.5057053
0.5361160
0.4779645
0.4865812
0.4846457
0.5212366
0.5192498
0.5098322
0.5246913
0.5276011
0.5087814
0.5248028
0.5030252
0.4861156
0.5206427
0.5153842
0.4959383
0.5136173
0.4713496
0.5054670
0.5223759
0.4842124
0.4887215
0.5144444
0.4978465
0.4686699
0.4787042
0.5285960
0.5154845
0.5143474
0.4984552
0.5133634
0.4906018
0.4989005
0.5017760
0.4942837
0.4939924
0.5250594
0.4936044
0.4771952
0.5057053
0.5361160
0.4779645
0.4865812
0.4846457
0.5212366
0.5192498
0.5098322
0.5246913
0.5276011
0.5087814
0.5248028
0.5030252
0.4861156
0.5206427
0.5153842
0.4959383
0.5136173
0.4713496
0.5054670
0.5223759
0.4842124
0.4887215
0.5144444
0.4978465
0.4686699
0.4787042
0.5285960
0.5154845
0.5143474
0.4984552
0.5133634
0.4906018
0.4989005
0.5017760
0.4942837
0.4939924
0.5250594
0.4936044
0.4771952
0.5057053
0.5361160
0.4779645
0.4865812
0.4846457
0.5212366
0.5192498
0.5098322
0.5246913
0.5276011
0.5087814
0.5248028
0.5030252
0.4861156
0.5206427
0.5153842
0.4959383
0.5136173
0.4713496
0.5054670
0.5223759
0.4842124
0.4887215
0.5144444
0.4978465
0.4686699
0.4787042
0.5285960
0.5154845
0.5143474
0.4984552
0.5133634
0.4906018
0.4989005
0.5017760
0.4942837
0.4939924
0.5250594
0.4936044
0.4771952
0.5057053
0.5361160
0.4779645
0.4865812
0.4846457
0.5212366
0.5192498
0.5098322
0.5246913
0.5276011
0.5087814
0.5248028
0.5030252
0.4861156
0.5206427
0.5153842
0.4959383
0.5136173
0.4713496
0.5054670
0.5223759
0.4842124
0.4887215
0.5144444
0.4978465
0.4686699
0.4787042
0.5285960
0.5154845
0.5143474
0.4984552
0.5133634
0.4906018
0.4989005
0.5017760
0.4942837
0.4939924
0.5250594
0.4936044
0.4771952
0.5057053
0.5361160
0.4779645
0.4865812
0.4846457
0.5212366
0.5192498
0.5098322
0.5246913
0.5276011
0.5087814
0.5248028
0.5030252
0.4861156
0.5206427
0.5153842
0.4959383
0.5136173
0.4713496
0.5054670
0.5223759
0.4842124
0.4887215
0.5144444
0.4978465
0.4686699
0.4787042
0.5285960
0.5154845
0.5143474
0.4984552
0.5133634
0.4906018
0.4989005
0.5017760
0.4942837
0.4939924
0.5250594
0.4936044
0.4771952
0.5057053
0.5361160
0.4779645
0.4865812
0.4846457
0.5212366
0.5192498
0.5098322
0.5246913
0.5276011
0.5087814
0.5248028
0.5030252
0.4861156
0.5206427
0.5153842
0.4959383
0.5136173
0.4713496
0.5054670
0.5223759
0.4842124
0.4887215
0.5144444
0.4978465
0.4686699
0.4787042
0.5285960
0.5154845
0.5143474
0.4984552
0.5133634
0.4906018
0.4989005
0.5017760
0.4942837
0.4939924
0.5250594
0.4936044
0.4771952
0.5057053
0.5361160
0.4779645
0.4865812
0.4846457
0.5212366
0.5192498
0.5098322
0.5246913
0.5276011
0.5087814
0.5248028
0.5030252
0.4861156
0.5206427
0.5153842
0.4959383
0.5136173
0.4713496
0.5054670
0.5223759
0.4842124
0.4887215
0.5144444
0.4978465
0.4686699
0.4787042
0.5285960
0.5154845
0.5143474
0.4984552
0.5133634
0.4906018
0.4989005
0.5017760
0.4942837
0.4939924
0.5250594
0.4936044
0.4771952
0.5057053
0.5361160
0.4779645
0.4865812
0.4846457
0.5212366
0.5192498
0.5098322
0.5246913
0.5276011
0.5087814
0.5248028
0.5030252
0.4861156
0.5206427
0.5153842
0.4959383
0.5136173
0.4713496
0.5054670
0.5223759
0.4842124
0.4887215
0.5144444
0.4978465
0.4686699
0.4787042
0.5285960
0.5154845
0.5143474
0.4984552
0.5133634
0.4906018
0.4989005
0.5017760
0.4942837
0.4939924
0.5250594
0.4936044
0.4771952
0.5057053
0.5361160
0.4779645
0.4865812
0.4846457
0.5212366
0.5192498
0.5098322
0.5246913
0.5276011
0.5087814
0.5248028
0.5030252
0.4861156
0.5206427
0.5153842
0.4959383
0.5136173
0.4713496
0.5054670
0.5223759
0.4842124
0.4887215
0.5144444
0.4978465
0.4686699
0.4787042
0.5285960
0.5154845
0.5143474
0.4984552
0.5133634
0.4906018
0.4989005
0.5017760
0.4942837
0.4939924
0.5250594
0.4936044
0.4771952
0.5057053
0.5361160
0.4779645
0.4865812
0.4846457
0.5212366
0.5192498
0.5098322
0.5246913
0.5276011
0.5087814
0.5248028
0.5030252
0.4861156
0.5206427
0.5153842
0.4959383
0.5136173
0.4713496
0.5054670
0.5223759
0.4842124
0.4887215
0.5144444
0.4978465
0.4686699
0.4787042
0.5285960
0.5154845
0.5143474
0.4984552
0.5133634
0.4906018
0.4989005
0.5017760
0.4942837
0.4939924
0.5250594
0.4936044
0.4771952
0.5057053
0.5361160
0.4779645
0.4865812
0.4846457
0.5212366
0.5192498
0.5098322
0.5246913
0.5276011
0.5087814
0.5248028
0.5030252
0.4861156
0.5206427
0.5153842
0.4959383
0.5136173
0.4713496
0.5054670
0.5223759
0.4842124
0.4887215
0.5144444
0.4978465
0.4686699
0.4787042
0.5285960
0.5154845
0.5143474
0.4984552
0.5133634
0.4906018
0.4989005
0.5017760
0.4942837
0.4939924
0.5250594
0.4936044
0.4771952
0.5057053
0.5361160
0.4779645
0.4865812
0.4846457
0.5212366
0.5192498
0.5098322
0.5246913
0.5276011
0.5087814
0.5248028
0.5030252
0.4861156
0.5206427
0.5153842
0.4959383
0.5136173
0.4713496
0.5054670
0.5223759
0.4842124
0.4887215
0.5144444
0.4978465
0.4686699
0.4787042
0.5285960
0.5154845
0.5143474
0.4984552
0.5133634
0.4906018
0.4989005
0.5017760
0.4942837
0.4939924
0.5250594
0.4936044
0.4771952
0.5057053
0.5361160
0.4779645
0.4865812
0.4846457
0.5212366
0.5192498
0.5098322
0.5246913
0.5276011
0.5087814
0.5248028
0.5030252
0.4861156
0.5206427
0.5153842
0.4959383
0.5136173
0.4713496
0.5054670
0.5223759
0.4842124
0.4887215
0.5144444
0.4978465
0.4686699
0.4787042
0.5285960
0.5154845
0.5143474
0.4984552
0.5133634
0.4906018
0.4989005
0.5017760
0.4942837
0.4939924
0.5250594
0.4936044
0.4771952
0.5057053
0.5361160
0.4779645
0.4865812
0.4846457
0.5212366
0.5192498
0.5098322
0.5246913
0.5276011
0.5087814
0.5248028
0.5030252
0.4861156
0.5206427
0.5153842
0.4959383
0.5136173
0.4713496
0.5054670
0.5223759
0.4842124
0.4887215
0.5144444
0.4978465
0.4686699
0.4787042
0.5285960
0.5154845
0.5143474
0.4984552
0.5133634
0.4906018
0.4989005
0.5017760
0.4942837
0.4939924
0.5250594
0.4936044
0.4771952
0.5057053
0.5361160
0.4779645
0.4865812
0.4846457
0.5212366
0.5192498
0.5098322
0.5246913
0.5276011
0.5087814
0.5248028
0.5030252
0.4861156
0.5206427
0.5153842
0.4959383
0.5136173
0.4713496
0.5054670
0.5223759
0.4842124
0.4887215
0.5144444
0.4978465
0.4686699
0.4787042
0.5285960
0.5154845
0.5143474
0.4984552
0.5133634
0.4906018
0.4989005
0.5017760
0.4942837
0.4939924
0.5250594
0.4936044
0.4771952
0.5057053
0.5361160
0.4779645
0.4865812
0.4846457
0.5212366
0.5192498
0.5098322
0.5246913
0.5276011
0.5087814
0.5248028
0.5030252
0.4861156
0.5206427
0.5153842
0.4959383
0.5136173
0.4713496
0.5054670
0.5223759
0.4842124
0.4887215
0.5144444
0.4978465
0.4686699
0.4787042
0.5285960
0.5154845
0.5143474
0.4984552
0.5133634
0.4906018
0.4989005
0.5017760
0.4942837
0.4939924
0.5250594
0.4936044
0.4771952
0.5057053
0.5361160
0.4779645
0.4865812
0.4846457
0.5212366
0.5192498
0.5098322
0.5246913
0.5276011
0.5087814
0.5248028
0.5030252
0.4861156
0.5206427
0.5153842
0.4959383
0.5136173
0.4713496
0.5054670
0.5223759
0.4842124
0.4887215
0.5144444
0.4978465
0.4686699
0.4787042
0.5285960
0.5154845
0.5143474
0.4984552
0.5133634
0.4906018
0.4989005
0.5017760
0.4942837
0.4939924
0.5250594
0.4936044
0.4771952
0.5057053
0.5361160
