0.5270270
0.4868382
0.4969102
0.4609564
0.4579885
0.5200690
0.5023749
0.4973723
0.5094972
0.4866193
0.5191761
0.5170452
0.4872646
0.4771506
0.5161092
0.4670853
0.5119955
0.4941184
0.4803740
0.4792106
0.5120625
0.5035880
0.5007253
0.4842104
0.4847397
0.5460038
0.5244201
0.4910860
0.4794136
0.5120433
0.5038879
0.5035928
0.4972590
0.4867353
0.4591659
0.4770675
0.4830520
0.4796651
0.5121677
0.4757945
0.5270270
0.4868382
0.4969102
0.4609564
0.4579885
0.5200690
0.5023749
0.4973723
0.5094972
0.4866193
0.5191761
0.5170452
0.4872646
0.4771506
0.5161092
0.4670853
0.5119955
0.4941184
0.4803740
0.4792106
0.5120625
0.5035880
0.5007253
0.4842104
0.4847397
0.5460038
0.5244201
0.4910860
0.4794136
0.5120433
0.5038879
0.5035928
0.4972590
0.4867353
0.4591659
0.4770675
0.4830520
0.4796651
0.5121677
0.4757945
0.5270270
0.4868382
0.4969102
0.4609564
0.4579885
0.5200690
0.5023749
0.4973723
0.5094972
0.4866193
0.5191761
0.5170452
0.4872646
0.4771506
0.5161092
0.4670853
0.5119955
0.4941184
0.4803740
0.4792106
0.5120625
0.5035880
0.5007253
0.4842104
0.4847397
0.5460038
0.5244201
0.4910860
0.4794136
0.5120433
0.5038879
0.5035928
0.4972590
0.4867353
0.4591659
0.4770675
0.4830520
0.4796651
0.5121677
0.4757945
0.5270270
0.4868382
0.4969102
0.4609564
0.4579885
0.5200690
0.5023749
0.4973723
0.5094972
0.4866193
0.5191761
0.5170452
0.4872646
0.4771506
0.5161092
0.4670853
0.5119955
0.4941184
0.4803740
0.4792106
0.5120625
0.5035880
0.5007253
0.4842104
0.4847397
0.5460038
0.5244201
0.4910860
0.4794136
0.5120433
0.5038879
0.5035928
0.4972590
0.4867353
0.4591659
0.4770675
0.4830520
0.4796651
0.5121677
0.4757945
0.5270270
0.4868382
0.4969102
0.4609564
0.4579885
0.5200690
0.5023749
0.4973723
0.5094972
0.4866193
0.5191761
0.5170452
0.4872646
0.4771506
0.5161092
0.4670853
0.5119955
0.4941184
0.4803740
0.4792106
0.5120625
0.5035880
0.5007253
0.4842104
0.4847397
0.5460038
0.5244201
0.4910860
0.4794136
0.5120433
0.5038879
0.5035928
0.4972590
0.4867353
0.4591659
0.4770675
0.4830520
0.4796651
0.5121677
0.4757945
0.5270270
0.4868382
0.4969102
0.4609564
0.4579885
0.5200690
0.5023749
0.4973723
0.5094972
0.4866193
0.5191761
0.5170452
0.4872646
0.4771506
0.5161092
0.4670853
0.5119955
0.4941184
0.4803740
0.4792106
0.5120625
0.5035880
0.5007253
0.4842104
0.4847397
0.5460038
0.5244201
0.4910860
0.4794136
0.5120433
0.5038879
0.5035928
0.4972590
0.4867353
0.4591659
0.4770675
0.4830520
0.4796651
0.5121677
0.4757945
0.5270270
0.4868382
0.4969102
0.4609564
0.4579885
0.5200690
0.5023749
0.4973723
0.5094972
0.4866193
0.5191761
0.5170452
0.4872646
0.4771506
0.5161092
0.4670853
0.5119955
0.4941184
0.4803740
0.4792106
0.5120625
0.5035880
0.5007253
0.4842104
0.4847397
0.5460038
0.5244201
0.4910860
0.4794136
0.5120433
0.5038879
0.5035928
0.4972590
0.4867353
0.4591659
0.4770675
0.4830520
0.4796651
0.5121677
0.4757945
0.5270270
0.4868382
0.4969102
0.4609564
0.4579885
0.5200690
0.5023749
0.4973723
0.5094972
0.4866193
0.5191761
0.5170452
0.4872646
0.4771506
0.5161092
0.4670853
0.5119955
0.4941184
0.4803740
0.4792106
0.5120625
0.5035880
0.5007253
0.4842104
0.4847397
0.5460038
0.5244201
0.4910860
0.4794136
0.5120433
0.5038879
0.5035928
0.4972590
0.4867353
0.4591659
0.4770675
0.4830520
0.4796651
0.5121677
0.4757945
0.5270270
0.4868382
0.4969102
0.4609564
0.4579885
0.5200690
0.5023749
0.4973723
0.5094972
0.4866193
0.5191761
0.5170452
0.4872646
0.4771506
0.5161092
0.4670853
0.5119955
0.4941184
0.4803740
0.4792106
0.5120625
0.5035880
0.5007253
0.4842104
0.4847397
0.5460038
0.5244201
0.4910860
0.4794136
0.5120433
0.5038879
0.5035928
0.4972590
0.4867353
0.4591659
0.4770675
0.4830520
0.4796651
0.5121677
0.4757945
0.5270270
0.4868382
0.4969102
0.4609564
0.4579885
0.5200690
0.5023749
0.4973723
0.5094972
0.4866193
0.5191761
0.5170452
0.4872646
0.4771506
0.5161092
0.4670853
0.5119955
0.4941184
0.4803740
0.4792106
0.5120625
0.5035880
0.5007253
0.4842104
0.4847397
0.5460038
0.5244201
0.4910860
0.4794136
0.5120433
0.5038879
0.5035928
0.4972590
0.4867353
0.4591659
0.4770675
0.4830520
0.4796651
0.5121677
0.4757945
0.5270270
0.4868382
0.4969102
0.4609564
0.4579885
0.5200690
0.5023749
0.4973723
0.5094972
0.4866193
0.5191761
0.5170452
0.4872646
0.4771506
0.5161092
0.4670853
0.5119955
0.4941184
0.4803740
0.4792106
0.5120625
0.5035880
0.5007253
0.4842104
0.4847397
0.5460038
0.5244201
0.4910860
0.4794136
0.5120433
0.5038879
0.5035928
0.4972590
0.4867353
0.4591659
0.4770675
0.4830520
0.4796651
0.5121677
0.4757945
0.5270270
0.4868382
0.4969102
0.4609564
0.4579885
0.5200690
0.5023749
0.4973723
0.5094972
0.4866193
0.5191761
0.5170452
0.4872646
0.4771506
0.5161092
0.4670853
0.5119955
0.4941184
0.4803740
0.4792106
0.5120625
0.5035880
0.5007253
0.4842104
0.4847397
0.5460038
0.5244201
0.4910860
0.4794136
0.5120433
0.5038879
0.5035928
0.4972590
0.4867353
0.4591659
0.4770675
0.4830520
0.4796651
0.5121677
0.4757945
0.5270270
0.4868382
0.4969102
0.4609564
0.4579885
0.5200690
0.5023749
0.4973723
0.5094972
0.4866193
0.5191761
0.5170452
0.4872646
0.4771506
0.5161092
0.4670853
0.5119955
0.4941184
0.4803740
0.4792106
0.5120625
0.5035880
0.5007253
0.4842104
0.4847397
0.5460038
0.5244201
0.4910860
0.4794136
0.5120433
0.5038879
0.5035928
0.4972590
0.4867353
0.4591659
0.4770675
0.4830520
0.4796651
0.5121677
0.4757945
0.5270270
0.4868382
0.4969102
0.4609564
0.4579885
0.5200690
0.5023749
0.4973723
0.5094972
0.4866193
0.5191761
0.5170452
0.4872646
0.4771506
0.5161092
0.4670853
0.5119955
0.4941184
0.4803740
0.4792106
0.5120625
0.5035880
0.5007253
0.4842104
0.4847397
0.5460038
0.5244201
0.4910860
0.4794136
0.5120433
0.5038879
0.5035928
0.4972590
0.4867353
0.4591659
0.4770675
0.4830520
0.4796651
0.5121677
0.4757945
0.5270270
0.4868382
0.4969102
0.4609564
0.4579885
0.5200690
0.5023749
0.4973723
0.5094972
0.4866193
0.5191761
0.5170452
0.4872646
0.4771506
0.5161092
0.4670853
0.5119955
0.4941184
0.4803740
0.4792106
0.5120625
0.5035880
0.5007253
0.4842104
0.4847397
0.5460038
0.5244201
0.4910860
0.4794136
0.5120433
0.5038879
0.5035928
0.4972590
0.4867353
0.4591659
0.4770675
0.4830520
0.4796651
0.5121677
0.4757945
0.5270270
0.4868382
0.4969102
0.4609564
0.4579885
0.5200690
0.5023749
0.4973723
0.5094972
0.4866193
0.5191761
0.5170452
0.4872646
0.4771506
0.5161092
0.4670853
0.5119955
0.4941184
0.4803740
0.4792106
0.5120625
0.5035880
0.5007253
0.4842104
0.4847397
0.5460038
0.5244201
0.4910860
0.4794136
0.5120433
0.5038879
0.5035928
0.4972590
0.4867353
0.4591659
0.4770675
0.4830520
0.4796651
0.5121677
0.4757945
0.5270270
0.4868382
0.4969102
0.4609564
0.4579885
0.5200690
0.5023749
0.4973723
0.5094972
0.4866193
0.5191761
0.5170452
0.4872646
0.4771506
0.5161092
0.4670853
0.5119955
0.4941184
0.4803740
0.4792106
0.5120625
0.5035880
0.5007253
0.4842104
0.4847397
0.5460038
0.5244201
0.4910860
0.4794136
0.5120433
0.5038879
0.5035928
0.4972590
0.4867353
0.4591659
0.4770675
0.4830520
0.4796651
0.5121677
0.4757945
0.5270270
0.4868382
0.4969102
0.4609564
0.4579885
0.5200690
0.5023749
0.4973723
0.5094972
0.4866193
0.5191761
0.5170452
0.4872646
0.4771506
0.5161092
0.4670853
0.5119955
0.4941184
0.4803740
0.4792106
0.5120625
0.5035880
0.5007253
0.4842104
0.4847397
0.5460038
0.5244201
0.4910860
0.4794136
0.5120433
0.5038879
0.5035928
0.4972590
0.4867353
0.4591659
0.4770675
0.4830520
0.4796651
0.5121677
0.4757945
0.5270270
0.4868382
0.4969102
0.4609564
0.4579885
0.5200690
0.5023749
0.4973723
0.5094972
0.4866193
0.5191761
0.5170452
0.4872646
0.4771506
0.5161092
0.4670853
0.5119955
0.4941184
0.4803740
0.4792106
0.5120625
0.5035880
0.5007253
0.4842104
0.4847397
0.5460038
0.5244201
0.4910860
0.4794136
0.5120433
0.5038879
0.5035928
0.4972590
0.4867353
0.4591659
0.4770675
0.4830520
0.4796651
0.5121677
0.4757945
0.5270270
0.4868382
0.4969102
0.4609564
0.4579885
0.5200690
0.5023749
0.4973723
0.5094972
0.4866193
0.5191761
0.5170452
0.4872646
0.4771506
0.5161092
0.4670853
0.5119955
0.4941184
0.4803740
0.4792106
0.5120625
0.5035880
0.5007253
0.4842104
0.4847397
0.5460038
0.5244201
0.4910860
0.4794136
0.5120433
0.5038879
0.5035928
0.4972590
0.4867353
0.4591659
0.4770675
0.4830520
0.4796651
0.5121677
0.4757945
0.5270270
0.4868382
0.4969102
0.4609564
0.4579885
0.5200690
0.5023749
0.4973723
0.5094972
0.4866193
0.5191761
0.5170452
0.4872646
0.4771506
0.5161092
0.4670853
0.5119955
0.4941184
0.4803740
0.4792106
0.5120625
0.5035880
0.5007253
0.4842104
0.4847397
0.5460038
0.5244201
0.4910860
0.4794136
0.5120433
0.5038879
0.5035928
0.4972590
0.4867353
0.4591659
0.4770675
0.4830520
0.4796651
0.5121677
0.4757945
0.5270270
0.4868382
0.4969102
0.4609564
0.4579885
0.5200690
0.5023749
0.4973723
0.5094972
0.4866193
0.5191761
0.5170452
0.4872646
0.4771506
0.5161092
0.4670853
0.5119955
0.4941184
0.4803740
0.4792106
0.5120625
0.5035880
0.5007253
0.4842104
0.4847397
0.5460038
0.5244201
0.4910860
0.4794136
0.5120433
0.5038879
0.5035928
0.4972590
0.4867353
0.4591659
0.4770675
0.4830520
0.4796651
0.5121677
0.4757945
0.5270270
0.4868382
0.4969102
0.4609564
0.4579885
0.5200690
0.5023749
0.4973723
0.5094972
0.4866193
0.5191761
0.5170452
0.4872646
0.4771506
0.5161092
0.4670853
0.5119955
0.4941184
0.4803740
0.4792106
0.5120625
0.5035880
0.5007253
0.4842104
0.4847397
0.5460038
0.5244201
0.4910860
0.4794136
0.5120433
0.5038879
0.5035928
0.4972590
0.4867353
0.4591659
0.4770675
0.4830520
0.4796651
0.5121677
0.4757945
0.5270270
0.4868382
0.4969102
0.4609564
0.4579885
0.5200690
0.5023749
0.4973723
0.5094972
0.4866193
0.5191761
0.5170452
0.4872646
0.4771506
0.5161092
0.4670853
0.5119955
0.4941184
0.4803740
0.4792106
0.5120625
0.5035880
0.5007253
0.4842104
0.4847397
0.5460038
0.5244201
0.4910860
0.4794136
0.5120433
0.5038879
0.5035928
0.4972590
0.4867353
0.4591659
0.4770675
0.4830520
0.4796651
0.5121677
0.4757945
0.5270270
0.4868382
0.4969102
0.4609564
0.4579885
0.5200690
0.5023749
0.4973723
0.5094972
0.4866193
0.5191761
0.5170452
0.4872646
0.4771506
0.5161092
0.4670853
0.5119955
0.4941184
0.4803740
0.4792106
0.5120625
0.5035880
0.5007253
0.4842104
0.4847397
0.5460038
0.5244201
0.4910860
0.4794136
0.5120433
0.5038879
0.5035928
0.4972590
0.4867353
0.4591659
0.4770675
0.4830520
0.4796651
0.5121677
0.4757945
0.5270270
0.4868382
0.4969102
0.4609564
0.4579885
0.5200690
0.5023749
0.4973723
0.5094972
0.4866193
0.5191761
0.5170452
0.4872646
0.4771506
0.5161092
0.4670853
0.5119955
0.4941184
0.4803740
0.4792106
0.5120625
0.5035880
0.5007253
0.4842104
0.4847397
0.5460038
0.5244201
0.4910860
0.4794136
0.5120433
0.5038879
0.5035928
0.4972590
0.4867353
0.4591659
0.4770675
0.4830520
0.4796651
0.5121677
0.4757945
0.5270270
0.4868382
0.4969102
0.4609564
0.4579885
0.5200690
0.5023749
0.4973723
0.5094972
0.4866193
0.5191761
0.5170452
0.4872646
0.4771506
0.5161092
0.4670853
0.5119955
0.4941184
0.4803740
0.4792106
0.5120625
0.5035880
0.5007253
0.4842104
0.4847397
0.5460038
0.5244201
0.4910860
0.4794136
0.5120433
0.5038879
0.5035928
0.4972590
0.4867353
0.4591659
0.4770675
0.4830520
0.4796651
0.5121677
0.4757945
0.5270270
0.4868382
0.4969102
0.4609564
0.4579885
0.5200690
0.5023749
0.4973723
0.5094972
0.4866193
0.5191761
0.5170452
0.4872646
0.4771506
0.5161092
0.4670853
0.5119955
0.4941184
0.4803740
0.4792106
0.5120625
0.5035880
0.5007253
0.4842104
0.4847397
0.5460038
0.5244201
0.4910860
0.4794136
0.5120433
0.5038879
0.5035928
0.4972590
0.4867353
0.4591659
0.4770675
0.4830520
0.4796651
0.5121677
0.4757945
0.5270270
0.4868382
0.4969102
0.4609564
0.4579885
0.5200690
0.5023749
0.4973723
0.5094972
0.4866193
0.5191761
0.5170452
0.4872646
0.4771506
0.5161092
0.4670853
0.5119955
0.4941184
0.4803740
0.4792106
0.5120625
0.5035880
0.5007253
0.4842104
0.4847397
0.5460038
0.5244201
0.4910860
0.4794136
0.5120433
0.5038879
0.5035928
0.4972590
0.4867353
0.4591659
0.4770675
0.4830520
0.4796651
0.5121677
0.4757945
0.5270270
0.4868382
0.4969102
0.4609564
0.4579885
0.5200690
0.5023749
0.4973723
0.5094972
0.4866193
0.5191761
0.5170452
0.4872646
0.4771506
0.5161092
0.4670853
0.5119955
0.4941184
0.4803740
0.4792106
0.5120625
0.5035880
0.5007253
0.4842104
0.4847397
0.5460038
0.5244201
0.4910860
0.4794136
0.5120433
0.5038879
0.5035928
0.4972590
0.4867353
0.4591659
0.4770675
0.4830520
0.4796651
0.5121677
0.4757945
0.5270270
0.4868382
0.4969102
0.4609564
0.4579885
0.5200690
0.5023749
0.4973723
0.5094972
0.4866193
0.5191761
0.5170452
0.4872646
0.4771506
0.5161092
0.4670853
0.5119955
0.4941184
0.4803740
0.4792106
0.5120625
0.5035880
0.5007253
0.4842104
0.4847397
0.5460038
0.5244201
0.4910860
0.4794136
0.5120433
0.5038879
0.5035928
0.4972590
0.4867353
0.4591659
0.4770675
0.4830520
0.4796651
0.5121677
0.4757945
0.5270270
0.4868382
0.4969102
0.4609564
0.4579885
0.5200690
0.5023749
0.4973723
0.5094972
0.4866193
0.5191761
0.5170452
0.4872646
0.4771506
0.5161092
0.4670853
0.5119955
0.4941184
0.4803740
0.4792106
0.5120625
0.5035880
0.5007253
0.4842104
0.4847397
0.5460038
0.5244201
0.4910860
0.4794136
0.5120433
0.5038879
0.5035928
0.4972590
0.4867353
0.4591659
0.4770675
0.4830520
0.4796651
0.5121677
0.4757945
0.5270270
0.4868382
0.4969102
0.4609564
0.4579885
0.5200690
0.5023749
0.4973723
0.5094972
0.4866193
0.5191761
0.5170452
0.4872646
0.4771506
0.5161092
0.4670853
0.5119955
0.4941184
0.4803740
0.4792106
0.5120625
0.5035880
0.5007253
0.4842104
0.4847397
0.5460038
0.5244201
0.4910860
0.4794136
0.5120433
0.5038879
0.5035928
0.4972590
0.4867353
0.4591659
0.4770675
0.4830520
0.4796651
0.5121677
0.4757945
0.5270270
0.4868382
0.4969102
0.4609564
0.4579885
0.5200690
0.5023749
0.4973723
0.5094972
0.4866193
0.5191761
0.5170452
0.4872646
0.4771506
0.5161092
0.4670853
0.5119955
0.4941184
0.4803740
0.4792106
0.5120625
0.5035880
0.5007253
0.4842104
0.4847397
0.5460038
0.5244201
0.4910860
0.4794136
0.5120433
0.5038879
0.5035928
0.4972590
0.4867353
0.4591659
0.4770675
0.4830520
0.4796651
0.5121677
0.4757945
0.5270270
0.4868382
0.4969102
0.4609564
0.4579885
0.5200690
0.5023749
0.4973723
0.5094972
0.4866193
0.5191761
0.5170452
0.4872646
0.4771506
0.5161092
0.4670853
0.5119955
0.4941184
0.4803740
0.4792106
0.5120625
0.5035880
0.5007253
0.4842104
0.4847397
0.5460038
0.5244201
0.4910860
0.4794136
0.5120433
0.5038879
0.5035928
0.4972590
0.4867353
0.4591659
0.4770675
0.4830520
0.4796651
0.5121677
0.4757945
0.5270270
0.4868382
0.4969102
0.4609564
0.4579885
0.5200690
0.5023749
0.4973723
0.5094972
0.4866193
0.5191761
0.5170452
0.4872646
0.4771506
0.5161092
0.4670853
0.5119955
0.4941184
0.4803740
0.4792106
0.5120625
0.5035880
0.5007253
0.4842104
0.4847397
0.5460038
0.5244201
0.4910860
0.4794136
0.5120433
0.5038879
0.5035928
0.4972590
0.4867353
0.4591659
0.4770675
0.4830520
0.4796651
0.5121677
0.4757945
0.5270270
0.4868382
0.4969102
0.4609564
0.4579885
0.5200690
0.5023749
0.4973723
0.5094972
0.4866193
0.5191761
0.5170452
0.4872646
0.4771506
0.5161092
0.4670853
0.5119955
0.4941184
0.4803740
0.4792106
0.5120625
0.5035880
0.5007253
0.4842104
0.4847397
0.5460038
0.5244201
0.4910860
0.4794136
0.5120433
0.5038879
0.5035928
0.4972590
0.4867353
0.4591659
0.4770675
0.4830520
0.4796651
0.5121677
0.4757945
0.5270270
0.4868382
0.4969102
0.4609564
0.4579885
0.5200690
0.5023749
0.4973723
0.5094972
0.4866193
0.5191761
0.5170452
0.4872646
0.4771506
0.5161092
0.4670853
0.5119955
0.4941184
0.4803740
0.4792106
0.5120625
0.5035880
0.5007253
0.4842104
0.4847397
0.5460038
0.5244201
0.4910860
0.4794136
0.5120433
0.5038879
0.5035928
0.4972590
0.4867353
0.4591659
0.4770675
0.4830520
0.4796651
0.5121677
0.4757945
0.5270270
0.4868382
0.4969102
0.4609564
0.4579885
0.5200690
0.5023749
0.4973723
0.5094972
0.4866193
0.5191761
0.5170452
0.4872646
0.4771506
0.5161092
0.4670853
0.5119955
0.4941184
0.4803740
0.4792106
0.5120625
0.5035880
0.5007253
0.4842104
0.4847397
0.5460038
0.5244201
0.4910860
0.4794136
0.5120433
0.5038879
0.5035928
0.4972590
0.4867353
0.4591659
0.4770675
0.4830520
0.4796651
0.5121677
0.4757945
0.5270270
0.4868382
0.4969102
0.4609564
0.4579885
0.5200690
0.5023749
0.4973723
0.5094972
0.4866193
0.5191761
0.5170452
0.4872646
0.4771506
0.5161092
0.4670853
0.5119955
0.4941184
0.4803740
0.4792106
0.5120625
0.5035880
0.5007253
0.4842104
0.4847397
0.5460038
0.5244201
0.4910860
0.4794136
0.5120433
0.5038879
0.5035928
0.4972590
0.4867353
0.4591659
0.4770675
0.4830520
0.4796651
0.5121677
0.4757945
0.5270270
0.4868382
0.4969102
0.4609564
0.4579885
0.5200690
0.5023749
0.4973723
0.5094972
0.4866193
0.5191761
0.5170452
0.4872646
0.4771506
0.5161092
0.4670853
0.5119955
0.4941184
0.4803740
0.4792106
0.5120625
0.5035880
0.5007253
0.4842104
0.4847397
0.5460038
0.5244201
0.4910860
0.4794136
0.5120433
0.5038879
0.5035928
0.4972590
0.4867353
0.4591659
0.4770675
0.4830520
0.4796651
0.5121677
0.4757945
0.5270270
0.4868382
0.4969102
0.4609564
0.4579885
0.5200690
0.5023749
0.4973723
0.5094972
0.4866193
0.5191761
0.5170452
0.4872646
0.4771506
0.5161092
0.4670853
0.5119955
0.4941184
0.4803740
0.4792106
0.5120625
0.5035880
0.5007253
0.4842104
0.4847397
0.5460038
0.5244201
0.4910860
0.4794136
0.5120433
0.5038879
0.5035928
0.4972590
0.4867353
0.4591659
0.4770675
0.4830520
0.4796651
0.5121677
0.4757945
0.5270270
0.4868382
0.4969102
0.4609564
0.4579885
0.5200690
0.5023749
0.4973723
0.5094972
0.4866193
0.5191761
0.5170452
0.4872646
0.4771506
0.5161092
0.4670853
0.5119955
0.4941184
0.4803740
0.4792106
0.5120625
0.5035880
0.5007253
0.4842104
0.4847397
0.5460038
0.5244201
0.4910860
0.4794136
0.5120433
0.5038879
0.5035928
0.4972590
0.4867353
0.4591659
0.4770675
0.4830520
0.4796651
0.5121677
0.4757945
0.5270270
0.4868382
0.4969102
0.4609564
0.4579885
0.5200690
0.5023749
0.4973723
0.5094972
0.4866193
0.5191761
0.5170452
0.4872646
0.4771506
0.5161092
0.4670853
0.5119955
0.4941184
0.4803740
0.4792106
0.5120625
0.5035880
0.5007253
0.4842104
0.4847397
0.5460038
0.5244201
0.4910860
0.4794136
0.5120433
0.5038879
0.5035928
0.4972590
0.4867353
0.4591659
0.4770675
0.4830520
0.4796651
0.5121677
0.4757945
0.5270270
0.4868382
0.4969102
0.4609564
0.4579885
0.5200690
0.5023749
0.4973723
0.5094972
0.4866193
0.5191761
0.5170452
0.4872646
0.4771506
0.5161092
0.4670853
0.5119955
0.4941184
0.4803740
0.4792106
0.5120625
0.5035880
0.5007253
0.4842104
0.4847397
0.5460038
0.5244201
0.4910860
0.4794136
0.5120433
0.5038879
0.5035928
0.4972590
0.4867353
0.4591659
0.4770675
0.4830520
0.4796651
0.5121677
0.4757945
0.5270270
0.4868382
0.4969102
0.4609564
0.4579885
0.5200690
0.5023749
0.4973723
0.5094972
0.4866193
0.5191761
0.5170452
0.4872646
0.4771506
0.5161092
0.4670853
0.5119955
0.4941184
0.4803740
0.4792106
0.5120625
0.5035880
0.5007253
0.4842104
0.4847397
0.5460038
0.5244201
0.4910860
0.4794136
0.5120433
0.5038879
0.5035928
0.4972590
0.4867353
0.4591659
0.4770675
0.4830520
0.4796651
0.5121677
0.4757945
0.5270270
0.4868382
0.4969102
0.4609564
0.4579885
0.5200690
0.5023749
0.4973723
0.5094972
0.4866193
0.5191761
0.5170452
0.4872646
0.4771506
0.5161092
0.4670853
0.5119955
0.4941184
0.4803740
0.4792106
0.5120625
0.5035880
0.5007253
0.4842104
0.4847397
0.5460038
0.5244201
0.4910860
0.4794136
0.5120433
0.5038879
0.5035928
0.4972590
0.4867353
0.4591659
0.4770675
0.4830520
0.4796651
0.5121677
0.4757945
0.5270270
0.4868382
0.4969102
0.4609564
0.4579885
0.5200690
0.5023749
0.4973723
0.5094972
0.4866193
0.5191761
0.5170452
0.4872646
0.4771506
0.5161092
0.4670853
0.5119955
0.4941184
0.4803740
0.4792106
0.5120625
0.5035880
0.5007253
0.4842104
0.4847397
0.5460038
0.5244201
0.4910860
0.4794136
0.5120433
0.5038879
0.5035928
0.4972590
0.4867353
0.4591659
0.4770675
0.4830520
0.4796651
0.5121677
0.4757945
0.5270270
0.4868382
0.4969102
0.4609564
0.4579885
0.5200690
0.5023749
0.4973723
0.5094972
0.4866193
0.5191761
0.5170452
0.4872646
0.4771506
0.5161092
0.4670853
0.5119955
0.4941184
0.4803740
0.4792106
0.5120625
0.5035880
0.5007253
0.4842104
0.4847397
0.5460038
0.5244201
0.4910860
0.4794136
0.5120433
0.5038879
0.5035928
0.4972590
0.4867353
0.4591659
0.4770675
0.4830520
0.4796651
0.5121677
0.4757945
0.5270270
0.4868382
0.4969102
0.4609564
0.4579885
0.5200690
0.5023749
0.4973723
0.5094972
0.4866193
0.5191761
0.5170452
0.4872646
0.4771506
0.5161092
0.4670853
0.5119955
0.4941184
0.4803740
0.4792106
0.5120625
0.5035880
0.5007253
0.4842104
0.4847397
0.5460038
0.5244201
0.4910860
0.4794136
0.5120433
0.5038879
0.5035928
0.4972590
0.4867353
0.4591659
0.4770675
0.4830520
0.4796651
0.5121677
0.4757945
