0.4697979
0.4893638
0.5076604
0.4825675
0.4509172
0.4899924
0.5225689
0.5401918
0.5142433
0.5232132
0.4656288
0.5045209
0.4920093
0.4876786
0.5052086
0.4829692
0.5015142
0.5181726
0.4811609
0.5041114
0.4756749
0.5233034
0.4873441
0.5034516
0.5258864
0.4641171
0.4951233
0.5074079
0.4873948
0.4956659
0.4906532
0.5564961
0.4988187
0.4629756
0.4811380
0.5252255
0.4778576
0.5075070
0.5090038
0.4637197
0.4697979
0.4893638
0.5076604
0.4825675
0.4509172
0.4899924
0.5225689
0.5401918
0.5142433
0.5232132
0.4656288
0.5045209
0.4920093
0.4876786
0.5052086
0.4829692
0.5015142
0.5181726
0.4811609
0.5041114
0.4756749
0.5233034
0.4873441
0.5034516
0.5258864
0.4641171
0.4951233
0.5074079
0.4873948
0.4956659
0.4906532
0.5564961
0.4988187
0.4629756
0.4811380
0.5252255
0.4778576
0.5075070
0.5090038
0.4637197
0.4697979
0.4893638
0.5076604
0.4825675
0.4509172
0.4899924
0.5225689
0.5401918
0.5142433
0.5232132
0.4656288
0.5045209
0.4920093
0.4876786
0.5052086
0.4829692
0.5015142
0.5181726
0.4811609
0.5041114
0.4756749
0.5233034
0.4873441
0.5034516
0.5258864
0.4641171
0.4951233
0.5074079
0.4873948
0.4956659
0.4906532
0.5564961
0.4988187
0.4629756
0.4811380
0.5252255
0.4778576
0.5075070
0.5090038
0.4637197
0.4697979
0.4893638
0.5076604
0.4825675
0.4509172
0.4899924
0.5225689
0.5401918
0.5142433
0.5232132
0.4656288
0.5045209
0.4920093
0.4876786
0.5052086
0.4829692
0.5015142
0.5181726
0.4811609
0.5041114
0.4756749
0.5233034
0.4873441
0.5034516
0.5258864
0.4641171
0.4951233
0.5074079
0.4873948
0.4956659
0.4906532
0.5564961
0.4988187
0.4629756
0.4811380
0.5252255
0.4778576
0.5075070
0.5090038
0.4637197
0.4697979
0.4893638
0.5076604
0.4825675
0.4509172
0.4899924
0.5225689
0.5401918
0.5142433
0.5232132
0.4656288
0.5045209
0.4920093
0.4876786
0.5052086
0.4829692
0.5015142
0.5181726
0.4811609
0.5041114
0.4756749
0.5233034
0.4873441
0.5034516
0.5258864
0.4641171
0.4951233
0.5074079
0.4873948
0.4956659
0.4906532
0.5564961
0.4988187
0.4629756
0.4811380
0.5252255
0.4778576
0.5075070
0.5090038
0.4637197
0.4697979
0.4893638
0.5076604
0.4825675
0.4509172
0.4899924
0.5225689
0.5401918
0.5142433
0.5232132
0.4656288
0.5045209
0.4920093
0.4876786
0.5052086
0.4829692
0.5015142
0.5181726
0.4811609
0.5041114
0.4756749
0.5233034
0.4873441
0.5034516
0.5258864
0.4641171
0.4951233
0.5074079
0.4873948
0.4956659
0.4906532
0.5564961
0.4988187
0.4629756
0.4811380
0.5252255
0.4778576
0.5075070
0.5090038
0.4637197
0.4697979
0.4893638
0.5076604
0.4825675
0.4509172
0.4899924
0.5225689
0.5401918
0.5142433
0.5232132
0.4656288
0.5045209
0.4920093
0.4876786
0.5052086
0.4829692
0.5015142
0.5181726
0.4811609
0.5041114
0.4756749
0.5233034
0.4873441
0.5034516
0.5258864
0.4641171
0.4951233
0.5074079
0.4873948
0.4956659
0.4906532
0.5564961
0.4988187
0.4629756
0.4811380
0.5252255
0.4778576
0.5075070
0.5090038
0.4637197
0.4697979
0.4893638
0.5076604
0.4825675
0.4509172
0.4899924
0.5225689
0.5401918
0.5142433
0.5232132
0.4656288
0.5045209
0.4920093
0.4876786
0.5052086
0.4829692
0.5015142
0.5181726
0.4811609
0.5041114
0.4756749
0.5233034
0.4873441
0.5034516
0.5258864
0.4641171
0.4951233
0.5074079
0.4873948
0.4956659
0.4906532
0.5564961
0.4988187
0.4629756
0.4811380
0.5252255
0.4778576
0.5075070
0.5090038
0.4637197
0.4697979
0.4893638
0.5076604
0.4825675
0.4509172
0.4899924
0.5225689
0.5401918
0.5142433
0.5232132
0.4656288
0.5045209
0.4920093
0.4876786
0.5052086
0.4829692
0.5015142
0.5181726
0.4811609
0.5041114
0.4756749
0.5233034
0.4873441
0.5034516
0.5258864
0.4641171
0.4951233
0.5074079
0.4873948
0.4956659
0.4906532
0.5564961
0.4988187
0.4629756
0.4811380
0.5252255
0.4778576
0.5075070
0.5090038
0.4637197
0.4697979
0.4893638
0.5076604
0.4825675
0.4509172
0.4899924
0.5225689
0.5401918
0.5142433
0.5232132
0.4656288
0.5045209
0.4920093
0.4876786
0.5052086
0.4829692
0.5015142
0.5181726
0.4811609
0.5041114
0.4756749
0.5233034
0.4873441
0.5034516
0.5258864
0.4641171
0.4951233
0.5074079
0.4873948
0.4956659
0.4906532
0.5564961
0.4988187
0.4629756
0.4811380
0.5252255
0.4778576
0.5075070
0.5090038
0.4637197
0.4697979
0.4893638
0.5076604
0.4825675
0.4509172
0.4899924
0.5225689
0.5401918
0.5142433
0.5232132
0.4656288
0.5045209
0.4920093
0.4876786
0.5052086
0.4829692
0.5015142
0.5181726
0.4811609
0.5041114
0.4756749
0.5233034
0.4873441
0.5034516
0.5258864
0.4641171
0.4951233
0.5074079
0.4873948
0.4956659
0.4906532
0.5564961
0.4988187
0.4629756
0.4811380
0.5252255
0.4778576
0.5075070
0.5090038
0.4637197
0.4697979
0.4893638
0.5076604
0.4825675
0.4509172
0.4899924
0.5225689
0.5401918
0.5142433
0.5232132
0.4656288
0.5045209
0.4920093
0.4876786
0.5052086
0.4829692
0.5015142
0.5181726
0.4811609
0.5041114
0.4756749
0.5233034
0.4873441
0.5034516
0.5258864
0.4641171
0.4951233
0.5074079
0.4873948
0.4956659
0.4906532
0.5564961
0.4988187
0.4629756
0.4811380
0.5252255
0.4778576
0.5075070
0.5090038
0.4637197
0.4697979
0.4893638
0.5076604
0.4825675
0.4509172
0.4899924
0.5225689
0.5401918
0.5142433
0.5232132
0.4656288
0.5045209
0.4920093
0.4876786
0.5052086
0.4829692
0.5015142
0.5181726
0.4811609
0.5041114
0.4756749
0.5233034
0.4873441
0.5034516
0.5258864
0.4641171
0.4951233
0.5074079
0.4873948
0.4956659
0.4906532
0.5564961
0.4988187
0.4629756
0.4811380
0.5252255
0.4778576
0.5075070
0.5090038
0.4637197
0.4697979
0.4893638
0.5076604
0.4825675
0.4509172
0.4899924
0.5225689
0.5401918
0.5142433
0.5232132
0.4656288
0.5045209
0.4920093
0.4876786
0.5052086
0.4829692
0.5015142
0.5181726
0.4811609
0.5041114
0.4756749
0.5233034
0.4873441
0.5034516
0.5258864
0.4641171
0.4951233
0.5074079
0.4873948
0.4956659
0.4906532
0.5564961
0.4988187
0.4629756
0.4811380
0.5252255
0.4778576
0.5075070
0.5090038
0.4637197
0.4697979
0.4893638
0.5076604
0.4825675
0.4509172
0.4899924
0.5225689
0.5401918
0.5142433
0.5232132
0.4656288
0.5045209
0.4920093
0.4876786
0.5052086
0.4829692
0.5015142
0.5181726
0.4811609
0.5041114
0.4756749
0.5233034
0.4873441
0.5034516
0.5258864
0.4641171
0.4951233
0.5074079
0.4873948
0.4956659
0.4906532
0.5564961
0.4988187
0.4629756
0.4811380
0.5252255
0.4778576
0.5075070
0.5090038
0.4637197
0.4697979
0.4893638
0.5076604
0.4825675
0.4509172
0.4899924
0.5225689
0.5401918
0.5142433
0.5232132
0.4656288
0.5045209
0.4920093
0.4876786
0.5052086
0.4829692
0.5015142
0.5181726
0.4811609
0.5041114
0.4756749
0.5233034
0.4873441
0.5034516
0.5258864
0.4641171
0.4951233
0.5074079
0.4873948
0.4956659
0.4906532
0.5564961
0.4988187
0.4629756
0.4811380
0.5252255
0.4778576
0.5075070
0.5090038
0.4637197
0.4697979
0.4893638
0.5076604
0.4825675
0.4509172
0.4899924
0.5225689
0.5401918
0.5142433
0.5232132
0.4656288
0.5045209
0.4920093
0.4876786
0.5052086
0.4829692
0.5015142
0.5181726
0.4811609
0.5041114
0.4756749
0.5233034
0.4873441
0.5034516
0.5258864
0.4641171
0.4951233
0.5074079
0.4873948
0.4956659
0.4906532
0.5564961
0.4988187
0.4629756
0.4811380
0.5252255
0.4778576
0.5075070
0.5090038
0.4637197
0.4697979
0.4893638
0.5076604
0.4825675
0.4509172
0.4899924
0.5225689
0.5401918
0.5142433
0.5232132
0.4656288
0.5045209
0.4920093
0.4876786
0.5052086
0.4829692
0.5015142
0.5181726
0.4811609
0.5041114
0.4756749
0.5233034
0.4873441
0.5034516
0.5258864
0.4641171
0.4951233
0.5074079
0.4873948
0.4956659
0.4906532
0.5564961
0.4988187
0.4629756
0.4811380
0.5252255
0.4778576
0.5075070
0.5090038
0.4637197
0.4697979
0.4893638
0.5076604
0.4825675
0.4509172
0.4899924
0.5225689
0.5401918
0.5142433
0.5232132
0.4656288
0.5045209
0.4920093
0.4876786
0.5052086
0.4829692
0.5015142
0.5181726
0.4811609
0.5041114
0.4756749
0.5233034
0.4873441
0.5034516
0.5258864
0.4641171
0.4951233
0.5074079
0.4873948
0.4956659
0.4906532
0.5564961
0.4988187
0.4629756
0.4811380
0.5252255
0.4778576
0.5075070
0.5090038
0.4637197
0.4697979
0.4893638
0.5076604
0.4825675
0.4509172
0.4899924
0.5225689
0.5401918
0.5142433
0.5232132
0.4656288
0.5045209
0.4920093
0.4876786
0.5052086
0.4829692
0.5015142
0.5181726
0.4811609
0.5041114
0.4756749
0.5233034
0.4873441
0.5034516
0.5258864
0.4641171
0.4951233
0.5074079
0.4873948
0.4956659
0.4906532
0.5564961
0.4988187
0.4629756
0.4811380
0.5252255
0.4778576
0.5075070
0.5090038
0.4637197
0.4697979
0.4893638
0.5076604
0.4825675
0.4509172
0.4899924
0.5225689
0.5401918
0.5142433
0.5232132
0.4656288
0.5045209
0.4920093
0.4876786
0.5052086
0.4829692
0.5015142
0.5181726
0.4811609
0.5041114
0.4756749
0.5233034
0.4873441
0.5034516
0.5258864
0.4641171
0.4951233
0.5074079
0.4873948
0.4956659
0.4906532
0.5564961
0.4988187
0.4629756
0.4811380
0.5252255
0.4778576
0.5075070
0.5090038
0.4637197
0.4697979
0.4893638
0.5076604
0.4825675
0.4509172
0.4899924
0.5225689
0.5401918
0.5142433
0.5232132
0.4656288
0.5045209
0.4920093
0.4876786
0.5052086
0.4829692
0.5015142
0.5181726
0.4811609
0.5041114
0.4756749
0.5233034
0.4873441
0.5034516
0.5258864
0.4641171
0.4951233
0.5074079
0.4873948
0.4956659
0.4906532
0.5564961
0.4988187
0.4629756
0.4811380
0.5252255
0.4778576
0.5075070
0.5090038
0.4637197
0.4697979
0.4893638
0.5076604
0.4825675
0.4509172
0.4899924
0.5225689
0.5401918
0.5142433
0.5232132
0.4656288
0.5045209
0.4920093
0.4876786
0.5052086
0.4829692
0.5015142
0.5181726
0.4811609
0.5041114
0.4756749
0.5233034
0.4873441
0.5034516
0.5258864
0.4641171
0.4951233
0.5074079
0.4873948
0.4956659
0.4906532
0.5564961
0.4988187
0.4629756
0.4811380
0.5252255
0.4778576
0.5075070
0.5090038
0.4637197
0.4697979
0.4893638
0.5076604
0.4825675
0.4509172
0.4899924
0.5225689
0.5401918
0.5142433
0.5232132
0.4656288
0.5045209
0.4920093
0.4876786
0.5052086
0.4829692
0.5015142
0.5181726
0.4811609
0.5041114
0.4756749
0.5233034
0.4873441
0.5034516
0.5258864
0.4641171
0.4951233
0.5074079
0.4873948
0.4956659
0.4906532
0.5564961
0.4988187
0.4629756
0.4811380
0.5252255
0.4778576
0.5075070
0.5090038
0.4637197
0.4697979
0.4893638
0.5076604
0.4825675
0.4509172
0.4899924
0.5225689
0.5401918
0.5142433
0.5232132
0.4656288
0.5045209
0.4920093
0.4876786
0.5052086
0.4829692
0.5015142
0.5181726
0.4811609
0.5041114
0.4756749
0.5233034
0.4873441
0.5034516
0.5258864
0.4641171
0.4951233
0.5074079
0.4873948
0.4956659
0.4906532
0.5564961
0.4988187
0.4629756
0.4811380
0.5252255
0.4778576
0.5075070
0.5090038
0.4637197
0.4697979
0.4893638
0.5076604
0.4825675
0.4509172
0.4899924
0.5225689
0.5401918
0.5142433
0.5232132
0.4656288
0.5045209
0.4920093
0.4876786
0.5052086
0.4829692
0.5015142
0.5181726
0.4811609
0.5041114
0.4756749
0.5233034
0.4873441
0.5034516
0.5258864
0.4641171
0.4951233
0.5074079
0.4873948
0.4956659
0.4906532
0.5564961
0.4988187
0.4629756
0.4811380
0.5252255
0.4778576
0.5075070
0.5090038
0.4637197
0.4697979
0.4893638
0.5076604
0.4825675
0.4509172
0.4899924
0.5225689
0.5401918
0.5142433
0.5232132
0.4656288
0.5045209
0.4920093
0.4876786
0.5052086
0.4829692
0.5015142
0.5181726
0.4811609
0.5041114
0.4756749
0.5233034
0.4873441
0.5034516
0.5258864
0.4641171
0.4951233
0.5074079
0.4873948
0.4956659
0.4906532
0.5564961
0.4988187
0.4629756
0.4811380
0.5252255
0.4778576
0.5075070
0.5090038
0.4637197
0.4697979
0.4893638
0.5076604
0.4825675
0.4509172
0.4899924
0.5225689
0.5401918
0.5142433
0.5232132
0.4656288
0.5045209
0.4920093
0.4876786
0.5052086
0.4829692
0.5015142
0.5181726
0.4811609
0.5041114
0.4756749
0.5233034
0.4873441
0.5034516
0.5258864
0.4641171
0.4951233
0.5074079
0.4873948
0.4956659
0.4906532
0.5564961
0.4988187
0.4629756
0.4811380
0.5252255
0.4778576
0.5075070
0.5090038
0.4637197
0.4697979
0.4893638
0.5076604
0.4825675
0.4509172
0.4899924
0.5225689
0.5401918
0.5142433
0.5232132
0.4656288
0.5045209
0.4920093
0.4876786
0.5052086
0.4829692
0.5015142
0.5181726
0.4811609
0.5041114
0.4756749
0.5233034
0.4873441
0.5034516
0.5258864
0.4641171
0.4951233
0.5074079
0.4873948
0.4956659
0.4906532
0.5564961
0.4988187
0.4629756
0.4811380
0.5252255
0.4778576
0.5075070
0.5090038
0.4637197
0.4697979
0.4893638
0.5076604
0.4825675
0.4509172
0.4899924
0.5225689
0.5401918
0.5142433
0.5232132
0.4656288
0.5045209
0.4920093
0.4876786
0.5052086
0.4829692
0.5015142
0.5181726
0.4811609
0.5041114
0.4756749
0.5233034
0.4873441
0.5034516
0.5258864
0.4641171
0.4951233
0.5074079
0.4873948
0.4956659
0.4906532
0.5564961
0.4988187
0.4629756
0.4811380
0.5252255
0.4778576
0.5075070
0.5090038
0.4637197
0.4697979
0.4893638
0.5076604
0.4825675
0.4509172
0.4899924
0.5225689
0.5401918
0.5142433
0.5232132
0.4656288
0.5045209
0.4920093
0.4876786
0.5052086
0.4829692
0.5015142
0.5181726
0.4811609
0.5041114
0.4756749
0.5233034
0.4873441
0.5034516
0.5258864
0.4641171
0.4951233
0.5074079
0.4873948
0.4956659
0.4906532
0.5564961
0.4988187
0.4629756
0.4811380
0.5252255
0.4778576
0.5075070
0.5090038
0.4637197
0.4697979
0.4893638
0.5076604
0.4825675
0.4509172
0.4899924
0.5225689
0.5401918
0.5142433
0.5232132
0.4656288
0.5045209
0.4920093
0.4876786
0.5052086
0.4829692
0.5015142
0.5181726
0.4811609
0.5041114
0.4756749
0.5233034
0.4873441
0.5034516
0.5258864
0.4641171
0.4951233
0.5074079
0.4873948
0.4956659
0.4906532
0.5564961
0.4988187
0.4629756
0.4811380
0.5252255
0.4778576
0.5075070
0.5090038
0.4637197
0.4697979
0.4893638
0.5076604
0.4825675
0.4509172
0.4899924
0.5225689
0.5401918
0.5142433
0.5232132
0.4656288
0.5045209
0.4920093
0.4876786
0.5052086
0.4829692
0.5015142
0.5181726
0.4811609
0.5041114
0.4756749
0.5233034
0.4873441
0.5034516
0.5258864
0.4641171
0.4951233
0.5074079
0.4873948
0.4956659
0.4906532
0.5564961
0.4988187
0.4629756
0.4811380
0.5252255
0.4778576
0.5075070
0.5090038
0.4637197
0.4697979
0.4893638
0.5076604
0.4825675
0.4509172
0.4899924
0.5225689
0.5401918
0.5142433
0.5232132
0.4656288
0.5045209
0.4920093
0.4876786
0.5052086
0.4829692
0.5015142
0.5181726
0.4811609
0.5041114
0.4756749
0.5233034
0.4873441
0.5034516
0.5258864
0.4641171
0.4951233
0.5074079
0.4873948
0.4956659
0.4906532
0.5564961
0.4988187
0.4629756
0.4811380
0.5252255
0.4778576
0.5075070
0.5090038
0.4637197
0.4697979
0.4893638
0.5076604
0.4825675
0.4509172
0.4899924
0.5225689
0.5401918
0.5142433
0.5232132
0.4656288
0.5045209
0.4920093
0.4876786
0.5052086
0.4829692
0.5015142
0.5181726
0.4811609
0.5041114
0.4756749
0.5233034
0.4873441
0.5034516
0.5258864
0.4641171
0.4951233
0.5074079
0.4873948
0.4956659
0.4906532
0.5564961
0.4988187
0.4629756
0.4811380
0.5252255
0.4778576
0.5075070
0.5090038
0.4637197
0.4697979
0.4893638
0.5076604
0.4825675
0.4509172
0.4899924
0.5225689
0.5401918
0.5142433
0.5232132
0.4656288
0.5045209
0.4920093
0.4876786
0.5052086
0.4829692
0.5015142
0.5181726
0.4811609
0.5041114
0.4756749
0.5233034
0.4873441
0.5034516
0.5258864
0.4641171
0.4951233
0.5074079
0.4873948
0.4956659
0.4906532
0.5564961
0.4988187
0.4629756
0.4811380
0.5252255
0.4778576
0.5075070
0.5090038
0.4637197
0.4697979
0.4893638
0.5076604
0.4825675
0.4509172
0.4899924
0.5225689
0.5401918
0.5142433
0.5232132
0.4656288
0.5045209
0.4920093
0.4876786
0.5052086
0.4829692
0.5015142
0.5181726
0.4811609
0.5041114
0.4756749
0.5233034
0.4873441
0.5034516
0.5258864
0.4641171
0.4951233
0.5074079
0.4873948
0.4956659
0.4906532
0.5564961
0.4988187
0.4629756
0.4811380
0.5252255
0.4778576
0.5075070
0.5090038
0.4637197
0.4697979
0.4893638
0.5076604
0.4825675
0.4509172
0.4899924
0.5225689
0.5401918
0.5142433
0.5232132
0.4656288
0.5045209
0.4920093
0.4876786
0.5052086
0.4829692
0.5015142
0.5181726
0.4811609
0.5041114
0.4756749
0.5233034
0.4873441
0.5034516
0.5258864
0.4641171
0.4951233
0.5074079
0.4873948
0.4956659
0.4906532
0.5564961
0.4988187
0.4629756
0.4811380
0.5252255
0.4778576
0.5075070
0.5090038
0.4637197
0.4697979
0.4893638
0.5076604
0.4825675
0.4509172
0.4899924
0.5225689
0.5401918
0.5142433
0.5232132
0.4656288
0.5045209
0.4920093
0.4876786
0.5052086
0.4829692
0.5015142
0.5181726
0.4811609
0.5041114
0.4756749
0.5233034
0.4873441
0.5034516
0.5258864
0.4641171
0.4951233
0.5074079
0.4873948
0.4956659
0.4906532
0.5564961
0.4988187
0.4629756
0.4811380
0.5252255
0.4778576
0.5075070
0.5090038
0.4637197
0.4697979
0.4893638
0.5076604
0.4825675
0.4509172
0.4899924
0.5225689
0.5401918
0.5142433
0.5232132
0.4656288
0.5045209
0.4920093
0.4876786
0.5052086
0.4829692
0.5015142
0.5181726
0.4811609
0.5041114
0.4756749
0.5233034
0.4873441
0.5034516
0.5258864
0.4641171
0.4951233
0.5074079
0.4873948
0.4956659
0.4906532
0.5564961
0.4988187
0.4629756
0.4811380
0.5252255
0.4778576
0.5075070
0.5090038
0.4637197
0.4697979
0.4893638
0.5076604
0.4825675
0.4509172
0.4899924
0.5225689
0.5401918
0.5142433
0.5232132
0.4656288
0.5045209
0.4920093
0.4876786
0.5052086
0.4829692
0.5015142
0.5181726
0.4811609
0.5041114
0.4756749
0.5233034
0.4873441
0.5034516
0.5258864
0.4641171
0.4951233
0.5074079
0.4873948
0.4956659
0.4906532
0.5564961
0.4988187
0.4629756
0.4811380
0.5252255
0.4778576
0.5075070
0.5090038
0.4637197
0.4697979
0.4893638
0.5076604
0.4825675
0.4509172
0.4899924
0.5225689
0.5401918
0.5142433
0.5232132
0.4656288
0.5045209
0.4920093
0.4876786
0.5052086
0.4829692
0.5015142
0.5181726
0.4811609
0.5041114
0.4756749
0.5233034
0.4873441
0.5034516
0.5258864
0.4641171
0.4951233
0.5074079
0.4873948
0.4956659
0.4906532
0.5564961
0.4988187
0.4629756
0.4811380
0.5252255
0.4778576
0.5075070
0.5090038
0.4637197
0.4697979
0.4893638
0.5076604
0.4825675
0.4509172
0.4899924
0.5225689
0.5401918
0.5142433
0.5232132
0.4656288
0.5045209
0.4920093
0.4876786
0.5052086
0.4829692
0.5015142
0.5181726
0.4811609
0.5041114
0.4756749
0.5233034
0.4873441
0.5034516
0.5258864
0.4641171
0.4951233
0.5074079
0.4873948
0.4956659
0.4906532
0.5564961
0.4988187
0.4629756
0.4811380
0.5252255
0.4778576
0.5075070
0.5090038
0.4637197
0.4697979
0.4893638
0.5076604
0.4825675
0.4509172
0.4899924
0.5225689
0.5401918
0.5142433
0.5232132
0.4656288
0.5045209
0.4920093
0.4876786
0.5052086
0.4829692
0.5015142
0.5181726
0.4811609
0.5041114
0.4756749
0.5233034
0.4873441
0.5034516
0.5258864
0.4641171
0.4951233
0.5074079
0.4873948
0.4956659
0.4906532
0.5564961
0.4988187
0.4629756
0.4811380
0.5252255
0.4778576
0.5075070
0.5090038
0.4637197
0.4697979
0.4893638
0.5076604
0.4825675
0.4509172
0.4899924
0.5225689
0.5401918
0.5142433
0.5232132
0.4656288
0.5045209
0.4920093
0.4876786
0.5052086
0.4829692
0.5015142
0.5181726
0.4811609
0.5041114
0.4756749
0.5233034
0.4873441
0.5034516
0.5258864
0.4641171
0.4951233
0.5074079
0.4873948
0.4956659
0.4906532
0.5564961
0.4988187
0.4629756
0.4811380
0.5252255
0.4778576
0.5075070
0.5090038
0.4637197
0.4697979
0.4893638
0.5076604
0.4825675
0.4509172
0.4899924
0.5225689
0.5401918
0.5142433
0.5232132
0.4656288
0.5045209
0.4920093
0.4876786
0.5052086
0.4829692
0.5015142
0.5181726
0.4811609
0.5041114
0.4756749
0.5233034
0.4873441
0.5034516
0.5258864
0.4641171
0.4951233
0.5074079
0.4873948
0.4956659
0.4906532
0.5564961
0.4988187
0.4629756
0.4811380
0.5252255
0.4778576
0.5075070
0.5090038
0.4637197
0.4697979
0.4893638
0.5076604
0.4825675
0.4509172
0.4899924
0.5225689
0.5401918
0.5142433
0.5232132
0.4656288
0.5045209
0.4920093
0.4876786
0.5052086
0.4829692
0.5015142
0.5181726
0.4811609
0.5041114
0.4756749
0.5233034
0.4873441
0.5034516
0.5258864
0.4641171
0.4951233
0.5074079
0.4873948
0.4956659
0.4906532
0.5564961
0.4988187
0.4629756
0.4811380
0.5252255
0.4778576
0.5075070
0.5090038
0.4637197
0.4697979
0.4893638
0.5076604
0.4825675
0.4509172
0.4899924
0.5225689
0.5401918
0.5142433
0.5232132
0.4656288
0.5045209
0.4920093
0.4876786
0.5052086
0.4829692
0.5015142
0.5181726
0.4811609
0.5041114
0.4756749
0.5233034
0.4873441
0.5034516
0.5258864
0.4641171
0.4951233
0.5074079
0.4873948
0.4956659
0.4906532
0.5564961
0.4988187
0.4629756
0.4811380
0.5252255
0.4778576
0.5075070
0.5090038
0.4637197
0.4697979
0.4893638
0.5076604
0.4825675
0.4509172
0.4899924
0.5225689
0.5401918
0.5142433
0.5232132
0.4656288
0.5045209
0.4920093
0.4876786
0.5052086
0.4829692
0.5015142
0.5181726
0.4811609
0.5041114
0.4756749
0.5233034
0.4873441
0.5034516
0.5258864
0.4641171
0.4951233
0.5074079
0.4873948
0.4956659
0.4906532
0.5564961
0.4988187
0.4629756
0.4811380
0.5252255
0.4778576
0.5075070
0.5090038
0.4637197
0.4697979
0.4893638
0.5076604
0.4825675
0.4509172
0.4899924
0.5225689
0.5401918
0.5142433
0.5232132
0.4656288
0.5045209
0.4920093
0.4876786
0.5052086
0.4829692
0.5015142
0.5181726
0.4811609
0.5041114
0.4756749
0.5233034
0.4873441
0.5034516
0.5258864
0.4641171
0.4951233
0.5074079
0.4873948
0.4956659
0.4906532
0.5564961
0.4988187
0.4629756
0.4811380
0.5252255
0.4778576
0.5075070
0.5090038
0.4637197
