1.0047310
0.9946767
0.9914056
0.9767312
1.0621250
0.9762295
0.9800008
1.0431447
1.0505037
1.0589572
1.1010527
0.9682639
1.0043960
1.0437392
1.0091573
1.0141186
0.9466431
1.0216340
1.0288680
0.9811035
1.0081228
0.9607004
1.0057346
0.9246631
1.0090924
0.9752655
0.9647898
1.0643442
1.0021682
0.9690494
0.9491411
1.0529577
1.0457327
1.0155781
0.9826878
1.0211930
1.0577500
0.9676176
1.0194502
1.0179053
1.0047310
0.9946767
0.9914056
0.9767312
1.0621250
0.9762295
0.9800008
1.0431447
1.0505037
1.0589572
1.1010527
0.9682639
1.0043960
1.0437392
1.0091573
1.0141186
0.9466431
1.0216340
1.0288680
0.9811035
1.0081228
0.9607004
1.0057346
0.9246631
1.0090924
0.9752655
0.9647898
1.0643442
1.0021682
0.9690494
0.9491411
1.0529577
1.0457327
1.0155781
0.9826878
1.0211930
1.0577500
0.9676176
1.0194502
1.0179053
1.0047310
0.9946767
0.9914056
0.9767312
1.0621250
0.9762295
0.9800008
1.0431447
1.0505037
1.0589572
1.1010527
0.9682639
1.0043960
1.0437392
1.0091573
1.0141186
0.9466431
1.0216340
1.0288680
0.9811035
1.0081228
0.9607004
1.0057346
0.9246631
1.0090924
0.9752655
0.9647898
1.0643442
1.0021682
0.9690494
0.9491411
1.0529577
1.0457327
1.0155781
0.9826878
1.0211930
1.0577500
0.9676176
1.0194502
1.0179053
1.0047310
0.9946767
0.9914056
0.9767312
1.0621250
0.9762295
0.9800008
1.0431447
1.0505037
1.0589572
1.1010527
0.9682639
1.0043960
1.0437392
1.0091573
1.0141186
0.9466431
1.0216340
1.0288680
0.9811035
1.0081228
0.9607004
1.0057346
0.9246631
1.0090924
0.9752655
0.9647898
1.0643442
1.0021682
0.9690494
0.9491411
1.0529577
1.0457327
1.0155781
0.9826878
1.0211930
1.0577500
0.9676176
1.0194502
1.0179053
1.0047310
0.9946767
0.9914056
0.9767312
1.0621250
0.9762295
0.9800008
1.0431447
1.0505037
1.0589572
1.1010527
0.9682639
1.0043960
1.0437392
1.0091573
1.0141186
0.9466431
1.0216340
1.0288680
0.9811035
1.0081228
0.9607004
1.0057346
0.9246631
1.0090924
0.9752655
0.9647898
1.0643442
1.0021682
0.9690494
0.9491411
1.0529577
1.0457327
1.0155781
0.9826878
1.0211930
1.0577500
0.9676176
1.0194502
1.0179053
1.0047310
0.9946767
0.9914056
0.9767312
1.0621250
0.9762295
0.9800008
1.0431447
1.0505037
1.0589572
1.1010527
0.9682639
1.0043960
1.0437392
1.0091573
1.0141186
0.9466431
1.0216340
1.0288680
0.9811035
1.0081228
0.9607004
1.0057346
0.9246631
1.0090924
0.9752655
0.9647898
1.0643442
1.0021682
0.9690494
0.9491411
1.0529577
1.0457327
1.0155781
0.9826878
1.0211930
1.0577500
0.9676176
1.0194502
1.0179053
1.0047310
0.9946767
0.9914056
0.9767312
1.0621250
0.9762295
0.9800008
1.0431447
1.0505037
1.0589572
1.1010527
0.9682639
1.0043960
1.0437392
1.0091573
1.0141186
0.9466431
1.0216340
1.0288680
0.9811035
1.0081228
0.9607004
1.0057346
0.9246631
1.0090924
0.9752655
0.9647898
1.0643442
1.0021682
0.9690494
0.9491411
1.0529577
1.0457327
1.0155781
0.9826878
1.0211930
1.0577500
0.9676176
1.0194502
1.0179053
1.0047310
0.9946767
0.9914056
0.9767312
1.0621250
0.9762295
0.9800008
1.0431447
1.0505037
1.0589572
1.1010527
0.9682639
1.0043960
1.0437392
1.0091573
1.0141186
0.9466431
1.0216340
1.0288680
0.9811035
1.0081228
0.9607004
1.0057346
0.9246631
1.0090924
0.9752655
0.9647898
1.0643442
1.0021682
0.9690494
0.9491411
1.0529577
1.0457327
1.0155781
0.9826878
1.0211930
1.0577500
0.9676176
1.0194502
1.0179053
1.0047310
0.9946767
0.9914056
0.9767312
1.0621250
0.9762295
0.9800008
1.0431447
1.0505037
1.0589572
1.1010527
0.9682639
1.0043960
1.0437392
1.0091573
1.0141186
0.9466431
1.0216340
1.0288680
0.9811035
1.0081228
0.9607004
1.0057346
0.9246631
1.0090924
0.9752655
0.9647898
1.0643442
1.0021682
0.9690494
0.9491411
1.0529577
1.0457327
1.0155781
0.9826878
1.0211930
1.0577500
0.9676176
1.0194502
1.0179053
1.0047310
0.9946767
0.9914056
0.9767312
1.0621250
0.9762295
0.9800008
1.0431447
1.0505037
1.0589572
1.1010527
0.9682639
1.0043960
1.0437392
1.0091573
1.0141186
0.9466431
1.0216340
1.0288680
0.9811035
1.0081228
0.9607004
1.0057346
0.9246631
1.0090924
0.9752655
0.9647898
1.0643442
1.0021682
0.9690494
0.9491411
1.0529577
1.0457327
1.0155781
0.9826878
1.0211930
1.0577500
0.9676176
1.0194502
1.0179053
1.0047310
0.9946767
0.9914056
0.9767312
1.0621250
0.9762295
0.9800008
1.0431447
1.0505037
1.0589572
1.1010527
0.9682639
1.0043960
1.0437392
1.0091573
1.0141186
0.9466431
1.0216340
1.0288680
0.9811035
1.0081228
0.9607004
1.0057346
0.9246631
1.0090924
0.9752655
0.9647898
1.0643442
1.0021682
0.9690494
0.9491411
1.0529577
1.0457327
1.0155781
0.9826878
1.0211930
1.0577500
0.9676176
1.0194502
1.0179053
1.0047310
0.9946767
0.9914056
0.9767312
1.0621250
0.9762295
0.9800008
1.0431447
1.0505037
1.0589572
1.1010527
0.9682639
1.0043960
1.0437392
1.0091573
1.0141186
0.9466431
1.0216340
1.0288680
0.9811035
1.0081228
0.9607004
1.0057346
0.9246631
1.0090924
0.9752655
0.9647898
1.0643442
1.0021682
0.9690494
0.9491411
1.0529577
1.0457327
1.0155781
0.9826878
1.0211930
1.0577500
0.9676176
1.0194502
1.0179053
1.0047310
0.9946767
0.9914056
0.9767312
1.0621250
0.9762295
0.9800008
1.0431447
1.0505037
1.0589572
1.1010527
0.9682639
1.0043960
1.0437392
1.0091573
1.0141186
0.9466431
1.0216340
1.0288680
0.9811035
1.0081228
0.9607004
1.0057346
0.9246631
1.0090924
0.9752655
0.9647898
1.0643442
1.0021682
0.9690494
0.9491411
1.0529577
1.0457327
1.0155781
0.9826878
1.0211930
1.0577500
0.9676176
1.0194502
1.0179053
1.0047310
0.9946767
0.9914056
0.9767312
1.0621250
0.9762295
0.9800008
1.0431447
1.0505037
1.0589572
1.1010527
0.9682639
1.0043960
1.0437392
1.0091573
1.0141186
0.9466431
1.0216340
1.0288680
0.9811035
1.0081228
0.9607004
1.0057346
0.9246631
1.0090924
0.9752655
0.9647898
1.0643442
1.0021682
0.9690494
0.9491411
1.0529577
1.0457327
1.0155781
0.9826878
1.0211930
1.0577500
0.9676176
1.0194502
1.0179053
1.0047310
0.9946767
0.9914056
0.9767312
1.0621250
0.9762295
0.9800008
1.0431447
1.0505037
1.0589572
1.1010527
0.9682639
1.0043960
1.0437392
1.0091573
1.0141186
0.9466431
1.0216340
1.0288680
0.9811035
1.0081228
0.9607004
1.0057346
0.9246631
1.0090924
0.9752655
0.9647898
1.0643442
1.0021682
0.9690494
0.9491411
1.0529577
1.0457327
1.0155781
0.9826878
1.0211930
1.0577500
0.9676176
1.0194502
1.0179053
1.0047310
0.9946767
0.9914056
0.9767312
1.0621250
0.9762295
0.9800008
1.0431447
1.0505037
1.0589572
1.1010527
0.9682639
1.0043960
1.0437392
1.0091573
1.0141186
0.9466431
1.0216340
1.0288680
0.9811035
1.0081228
0.9607004
1.0057346
0.9246631
1.0090924
0.9752655
0.9647898
1.0643442
1.0021682
0.9690494
0.9491411
1.0529577
1.0457327
1.0155781
0.9826878
1.0211930
1.0577500
0.9676176
1.0194502
1.0179053
1.0047310
0.9946767
0.9914056
0.9767312
1.0621250
0.9762295
0.9800008
1.0431447
1.0505037
1.0589572
1.1010527
0.9682639
1.0043960
1.0437392
1.0091573
1.0141186
0.9466431
1.0216340
1.0288680
0.9811035
1.0081228
0.9607004
1.0057346
0.9246631
1.0090924
0.9752655
0.9647898
1.0643442
1.0021682
0.9690494
0.9491411
1.0529577
1.0457327
1.0155781
0.9826878
1.0211930
1.0577500
0.9676176
1.0194502
1.0179053
1.0047310
0.9946767
0.9914056
0.9767312
1.0621250
0.9762295
0.9800008
1.0431447
1.0505037
1.0589572
1.1010527
0.9682639
1.0043960
1.0437392
1.0091573
1.0141186
0.9466431
1.0216340
1.0288680
0.9811035
1.0081228
0.9607004
1.0057346
0.9246631
1.0090924
0.9752655
0.9647898
1.0643442
1.0021682
0.9690494
0.9491411
1.0529577
1.0457327
1.0155781
0.9826878
1.0211930
1.0577500
0.9676176
1.0194502
1.0179053
1.0047310
0.9946767
0.9914056
0.9767312
1.0621250
0.9762295
0.9800008
1.0431447
1.0505037
1.0589572
1.1010527
0.9682639
1.0043960
1.0437392
1.0091573
1.0141186
0.9466431
1.0216340
1.0288680
0.9811035
1.0081228
0.9607004
1.0057346
0.9246631
1.0090924
0.9752655
0.9647898
1.0643442
1.0021682
0.9690494
0.9491411
1.0529577
1.0457327
1.0155781
0.9826878
1.0211930
1.0577500
0.9676176
1.0194502
1.0179053
1.0047310
0.9946767
0.9914056
0.9767312
1.0621250
0.9762295
0.9800008
1.0431447
1.0505037
1.0589572
1.1010527
0.9682639
1.0043960
1.0437392
1.0091573
1.0141186
0.9466431
1.0216340
1.0288680
0.9811035
1.0081228
0.9607004
1.0057346
0.9246631
1.0090924
0.9752655
0.9647898
1.0643442
1.0021682
0.9690494
0.9491411
1.0529577
1.0457327
1.0155781
0.9826878
1.0211930
1.0577500
0.9676176
1.0194502
1.0179053
1.0047310
0.9946767
0.9914056
0.9767312
1.0621250
0.9762295
0.9800008
1.0431447
1.0505037
1.0589572
1.1010527
0.9682639
1.0043960
1.0437392
1.0091573
1.0141186
0.9466431
1.0216340
1.0288680
0.9811035
1.0081228
0.9607004
1.0057346
0.9246631
1.0090924
0.9752655
0.9647898
1.0643442
1.0021682
0.9690494
0.9491411
1.0529577
1.0457327
1.0155781
0.9826878
1.0211930
1.0577500
0.9676176
1.0194502
1.0179053
1.0047310
0.9946767
0.9914056
0.9767312
1.0621250
0.9762295
0.9800008
1.0431447
1.0505037
1.0589572
1.1010527
0.9682639
1.0043960
1.0437392
1.0091573
1.0141186
0.9466431
1.0216340
1.0288680
0.9811035
1.0081228
0.9607004
1.0057346
0.9246631
1.0090924
0.9752655
0.9647898
1.0643442
1.0021682
0.9690494
0.9491411
1.0529577
1.0457327
1.0155781
0.9826878
1.0211930
1.0577500
0.9676176
1.0194502
1.0179053
1.0047310
0.9946767
0.9914056
0.9767312
1.0621250
0.9762295
0.9800008
1.0431447
1.0505037
1.0589572
1.1010527
0.9682639
1.0043960
1.0437392
1.0091573
1.0141186
0.9466431
1.0216340
1.0288680
0.9811035
1.0081228
0.9607004
1.0057346
0.9246631
1.0090924
0.9752655
0.9647898
1.0643442
1.0021682
0.9690494
0.9491411
1.0529577
1.0457327
1.0155781
0.9826878
1.0211930
1.0577500
0.9676176
1.0194502
1.0179053
1.0047310
0.9946767
0.9914056
0.9767312
1.0621250
0.9762295
0.9800008
1.0431447
1.0505037
1.0589572
1.1010527
0.9682639
1.0043960
1.0437392
1.0091573
1.0141186
0.9466431
1.0216340
1.0288680
0.9811035
1.0081228
0.9607004
1.0057346
0.9246631
1.0090924
0.9752655
0.9647898
1.0643442
1.0021682
0.9690494
0.9491411
1.0529577
1.0457327
1.0155781
0.9826878
1.0211930
1.0577500
0.9676176
1.0194502
1.0179053
1.0047310
0.9946767
0.9914056
0.9767312
1.0621250
0.9762295
0.9800008
1.0431447
1.0505037
1.0589572
1.1010527
0.9682639
1.0043960
1.0437392
1.0091573
1.0141186
0.9466431
1.0216340
1.0288680
0.9811035
1.0081228
0.9607004
1.0057346
0.9246631
1.0090924
0.9752655
0.9647898
1.0643442
1.0021682
0.9690494
0.9491411
1.0529577
1.0457327
1.0155781
0.9826878
1.0211930
1.0577500
0.9676176
1.0194502
1.0179053
1.0047310
0.9946767
0.9914056
0.9767312
1.0621250
0.9762295
0.9800008
1.0431447
1.0505037
1.0589572
1.1010527
0.9682639
1.0043960
1.0437392
1.0091573
1.0141186
0.9466431
1.0216340
1.0288680
0.9811035
1.0081228
0.9607004
1.0057346
0.9246631
1.0090924
0.9752655
0.9647898
1.0643442
1.0021682
0.9690494
0.9491411
1.0529577
1.0457327
1.0155781
0.9826878
1.0211930
1.0577500
0.9676176
1.0194502
1.0179053
1.0047310
0.9946767
0.9914056
0.9767312
1.0621250
0.9762295
0.9800008
1.0431447
1.0505037
1.0589572
1.1010527
0.9682639
1.0043960
1.0437392
1.0091573
1.0141186
0.9466431
1.0216340
1.0288680
0.9811035
1.0081228
0.9607004
1.0057346
0.9246631
1.0090924
0.9752655
0.9647898
1.0643442
1.0021682
0.9690494
0.9491411
1.0529577
1.0457327
1.0155781
0.9826878
1.0211930
1.0577500
0.9676176
1.0194502
1.0179053
1.0047310
0.9946767
0.9914056
0.9767312
1.0621250
0.9762295
0.9800008
1.0431447
1.0505037
1.0589572
1.1010527
0.9682639
1.0043960
1.0437392
1.0091573
1.0141186
0.9466431
1.0216340
1.0288680
0.9811035
1.0081228
0.9607004
1.0057346
0.9246631
1.0090924
0.9752655
0.9647898
1.0643442
1.0021682
0.9690494
0.9491411
1.0529577
1.0457327
1.0155781
0.9826878
1.0211930
1.0577500
0.9676176
1.0194502
1.0179053
1.0047310
0.9946767
0.9914056
0.9767312
1.0621250
0.9762295
0.9800008
1.0431447
1.0505037
1.0589572
1.1010527
0.9682639
1.0043960
1.0437392
1.0091573
1.0141186
0.9466431
1.0216340
1.0288680
0.9811035
1.0081228
0.9607004
1.0057346
0.9246631
1.0090924
0.9752655
0.9647898
1.0643442
1.0021682
0.9690494
0.9491411
1.0529577
1.0457327
1.0155781
0.9826878
1.0211930
1.0577500
0.9676176
1.0194502
1.0179053
1.0047310
0.9946767
0.9914056
0.9767312
1.0621250
0.9762295
0.9800008
1.0431447
1.0505037
1.0589572
1.1010527
0.9682639
1.0043960
1.0437392
1.0091573
1.0141186
0.9466431
1.0216340
1.0288680
0.9811035
1.0081228
0.9607004
1.0057346
0.9246631
1.0090924
0.9752655
0.9647898
1.0643442
1.0021682
0.9690494
0.9491411
1.0529577
1.0457327
1.0155781
0.9826878
1.0211930
1.0577500
0.9676176
1.0194502
1.0179053
1.0047310
0.9946767
0.9914056
0.9767312
1.0621250
0.9762295
0.9800008
1.0431447
1.0505037
1.0589572
1.1010527
0.9682639
1.0043960
1.0437392
1.0091573
1.0141186
0.9466431
1.0216340
1.0288680
0.9811035
1.0081228
0.9607004
1.0057346
0.9246631
1.0090924
0.9752655
0.9647898
1.0643442
1.0021682
0.9690494
0.9491411
1.0529577
1.0457327
1.0155781
0.9826878
1.0211930
1.0577500
0.9676176
1.0194502
1.0179053
1.0047310
0.9946767
0.9914056
0.9767312
1.0621250
0.9762295
0.9800008
1.0431447
1.0505037
1.0589572
1.1010527
0.9682639
1.0043960
1.0437392
1.0091573
1.0141186
0.9466431
1.0216340
1.0288680
0.9811035
1.0081228
0.9607004
1.0057346
0.9246631
1.0090924
0.9752655
0.9647898
1.0643442
1.0021682
0.9690494
0.9491411
1.0529577
1.0457327
1.0155781
0.9826878
1.0211930
1.0577500
0.9676176
1.0194502
1.0179053
1.0047310
0.9946767
0.9914056
0.9767312
1.0621250
0.9762295
0.9800008
1.0431447
1.0505037
1.0589572
1.1010527
0.9682639
1.0043960
1.0437392
1.0091573
1.0141186
0.9466431
1.0216340
1.0288680
0.9811035
1.0081228
0.9607004
1.0057346
0.9246631
1.0090924
0.9752655
0.9647898
1.0643442
1.0021682
0.9690494
0.9491411
1.0529577
1.0457327
1.0155781
0.9826878
1.0211930
1.0577500
0.9676176
1.0194502
1.0179053
1.0047310
0.9946767
0.9914056
0.9767312
1.0621250
0.9762295
0.9800008
1.0431447
1.0505037
1.0589572
1.1010527
0.9682639
1.0043960
1.0437392
1.0091573
1.0141186
0.9466431
1.0216340
1.0288680
0.9811035
1.0081228
0.9607004
1.0057346
0.9246631
1.0090924
0.9752655
0.9647898
1.0643442
1.0021682
0.9690494
0.9491411
1.0529577
1.0457327
1.0155781
0.9826878
1.0211930
1.0577500
0.9676176
1.0194502
1.0179053
1.0047310
0.9946767
0.9914056
0.9767312
1.0621250
0.9762295
0.9800008
1.0431447
1.0505037
1.0589572
1.1010527
0.9682639
1.0043960
1.0437392
1.0091573
1.0141186
0.9466431
1.0216340
1.0288680
0.9811035
1.0081228
0.9607004
1.0057346
0.9246631
1.0090924
0.9752655
0.9647898
1.0643442
1.0021682
0.9690494
0.9491411
1.0529577
1.0457327
1.0155781
0.9826878
1.0211930
1.0577500
0.9676176
1.0194502
1.0179053
1.0047310
0.9946767
0.9914056
0.9767312
1.0621250
0.9762295
0.9800008
1.0431447
1.0505037
1.0589572
1.1010527
0.9682639
1.0043960
1.0437392
1.0091573
1.0141186
0.9466431
1.0216340
1.0288680
0.9811035
1.0081228
0.9607004
1.0057346
0.9246631
1.0090924
0.9752655
0.9647898
1.0643442
1.0021682
0.9690494
0.9491411
1.0529577
1.0457327
1.0155781
0.9826878
1.0211930
1.0577500
0.9676176
1.0194502
1.0179053
1.0047310
0.9946767
0.9914056
0.9767312
1.0621250
0.9762295
0.9800008
1.0431447
1.0505037
1.0589572
1.1010527
0.9682639
1.0043960
1.0437392
1.0091573
1.0141186
0.9466431
1.0216340
1.0288680
0.9811035
1.0081228
0.9607004
1.0057346
0.9246631
1.0090924
0.9752655
0.9647898
1.0643442
1.0021682
0.9690494
0.9491411
1.0529577
1.0457327
1.0155781
0.9826878
1.0211930
1.0577500
0.9676176
1.0194502
1.0179053
1.0047310
0.9946767
0.9914056
0.9767312
1.0621250
0.9762295
0.9800008
1.0431447
1.0505037
1.0589572
1.1010527
0.9682639
1.0043960
1.0437392
1.0091573
1.0141186
0.9466431
1.0216340
1.0288680
0.9811035
1.0081228
0.9607004
1.0057346
0.9246631
1.0090924
0.9752655
0.9647898
1.0643442
1.0021682
0.9690494
0.9491411
1.0529577
1.0457327
1.0155781
0.9826878
1.0211930
1.0577500
0.9676176
1.0194502
1.0179053
1.0047310
0.9946767
0.9914056
0.9767312
1.0621250
0.9762295
0.9800008
1.0431447
1.0505037
1.0589572
1.1010527
0.9682639
1.0043960
1.0437392
1.0091573
1.0141186
0.9466431
1.0216340
1.0288680
0.9811035
1.0081228
0.9607004
1.0057346
0.9246631
1.0090924
0.9752655
0.9647898
1.0643442
1.0021682
0.9690494
0.9491411
1.0529577
1.0457327
1.0155781
0.9826878
1.0211930
1.0577500
0.9676176
1.0194502
1.0179053
1.0047310
0.9946767
0.9914056
0.9767312
1.0621250
0.9762295
0.9800008
1.0431447
1.0505037
1.0589572
1.1010527
0.9682639
1.0043960
1.0437392
1.0091573
1.0141186
0.9466431
1.0216340
1.0288680
0.9811035
1.0081228
0.9607004
1.0057346
0.9246631
1.0090924
0.9752655
0.9647898
1.0643442
1.0021682
0.9690494
0.9491411
1.0529577
1.0457327
1.0155781
0.9826878
1.0211930
1.0577500
0.9676176
1.0194502
1.0179053
1.0047310
0.9946767
0.9914056
0.9767312
1.0621250
0.9762295
0.9800008
1.0431447
1.0505037
1.0589572
1.1010527
0.9682639
1.0043960
1.0437392
1.0091573
1.0141186
0.9466431
1.0216340
1.0288680
0.9811035
1.0081228
0.9607004
1.0057346
0.9246631
1.0090924
0.9752655
0.9647898
1.0643442
1.0021682
0.9690494
0.9491411
1.0529577
1.0457327
1.0155781
0.9826878
1.0211930
1.0577500
0.9676176
1.0194502
1.0179053
1.0047310
0.9946767
0.9914056
0.9767312
1.0621250
0.9762295
0.9800008
1.0431447
1.0505037
1.0589572
1.1010527
0.9682639
1.0043960
1.0437392
1.0091573
1.0141186
0.9466431
1.0216340
1.0288680
0.9811035
1.0081228
0.9607004
1.0057346
0.9246631
1.0090924
0.9752655
0.9647898
1.0643442
1.0021682
0.9690494
0.9491411
1.0529577
1.0457327
1.0155781
0.9826878
1.0211930
1.0577500
0.9676176
1.0194502
1.0179053
1.0047310
0.9946767
0.9914056
0.9767312
1.0621250
0.9762295
0.9800008
1.0431447
1.0505037
1.0589572
1.1010527
0.9682639
1.0043960
1.0437392
1.0091573
1.0141186
0.9466431
1.0216340
1.0288680
0.9811035
1.0081228
0.9607004
1.0057346
0.9246631
1.0090924
0.9752655
0.9647898
1.0643442
1.0021682
0.9690494
0.9491411
1.0529577
1.0457327
1.0155781
0.9826878
1.0211930
1.0577500
0.9676176
1.0194502
1.0179053
1.0047310
0.9946767
0.9914056
0.9767312
1.0621250
0.9762295
0.9800008
1.0431447
1.0505037
1.0589572
1.1010527
0.9682639
1.0043960
1.0437392
1.0091573
1.0141186
0.9466431
1.0216340
1.0288680
0.9811035
1.0081228
0.9607004
1.0057346
0.9246631
1.0090924
0.9752655
0.9647898
1.0643442
1.0021682
0.9690494
0.9491411
1.0529577
1.0457327
1.0155781
0.9826878
1.0211930
1.0577500
0.9676176
1.0194502
1.0179053
1.0047310
0.9946767
0.9914056
0.9767312
1.0621250
0.9762295
0.9800008
1.0431447
1.0505037
1.0589572
1.1010527
0.9682639
1.0043960
1.0437392
1.0091573
1.0141186
0.9466431
1.0216340
1.0288680
0.9811035
1.0081228
0.9607004
1.0057346
0.9246631
1.0090924
0.9752655
0.9647898
1.0643442
1.0021682
0.9690494
0.9491411
1.0529577
1.0457327
1.0155781
0.9826878
1.0211930
1.0577500
0.9676176
1.0194502
1.0179053
1.0047310
0.9946767
0.9914056
0.9767312
1.0621250
0.9762295
0.9800008
1.0431447
1.0505037
1.0589572
1.1010527
0.9682639
1.0043960
1.0437392
1.0091573
1.0141186
0.9466431
1.0216340
1.0288680
0.9811035
1.0081228
0.9607004
1.0057346
0.9246631
1.0090924
0.9752655
0.9647898
1.0643442
1.0021682
0.9690494
0.9491411
1.0529577
1.0457327
1.0155781
0.9826878
1.0211930
1.0577500
0.9676176
1.0194502
1.0179053
1.0047310
0.9946767
0.9914056
0.9767312
1.0621250
0.9762295
0.9800008
1.0431447
1.0505037
1.0589572
1.1010527
0.9682639
1.0043960
1.0437392
1.0091573
1.0141186
0.9466431
1.0216340
1.0288680
0.9811035
1.0081228
0.9607004
1.0057346
0.9246631
1.0090924
0.9752655
0.9647898
1.0643442
1.0021682
0.9690494
0.9491411
1.0529577
1.0457327
1.0155781
0.9826878
1.0211930
1.0577500
0.9676176
1.0194502
1.0179053
1.0047310
0.9946767
0.9914056
0.9767312
1.0621250
0.9762295
0.9800008
1.0431447
1.0505037
1.0589572
1.1010527
0.9682639
1.0043960
1.0437392
1.0091573
1.0141186
0.9466431
1.0216340
1.0288680
0.9811035
1.0081228
0.9607004
1.0057346
0.9246631
1.0090924
0.9752655
0.9647898
1.0643442
1.0021682
0.9690494
0.9491411
1.0529577
1.0457327
1.0155781
0.9826878
1.0211930
1.0577500
0.9676176
1.0194502
1.0179053
1.0047310
0.9946767
0.9914056
0.9767312
1.0621250
0.9762295
0.9800008
1.0431447
1.0505037
1.0589572
1.1010527
0.9682639
1.0043960
1.0437392
1.0091573
1.0141186
0.9466431
1.0216340
1.0288680
0.9811035
1.0081228
0.9607004
1.0057346
0.9246631
1.0090924
0.9752655
0.9647898
1.0643442
1.0021682
0.9690494
0.9491411
1.0529577
1.0457327
1.0155781
0.9826878
1.0211930
1.0577500
0.9676176
1.0194502
1.0179053
1.0047310
0.9946767
0.9914056
0.9767312
1.0621250
0.9762295
0.9800008
1.0431447
1.0505037
1.0589572
1.1010527
0.9682639
1.0043960
1.0437392
1.0091573
1.0141186
0.9466431
1.0216340
1.0288680
0.9811035
1.0081228
0.9607004
1.0057346
0.9246631
1.0090924
0.9752655
0.9647898
1.0643442
1.0021682
0.9690494
0.9491411
1.0529577
1.0457327
1.0155781
0.9826878
1.0211930
1.0577500
0.9676176
1.0194502
1.0179053
