1.0264408
1.0880659
0.9613864
0.9882812
0.9935416
1.0173392
1.0658549
1.0299577
0.9438673
1.0363227
0.9755413
0.9194119
1.0196573
1.0251160
1.0053510
0.9928542
1.0098080
0.9847966
0.9577897
0.9677095
0.9741955
0.9287216
0.9018697
1.0448540
0.9931908
1.0184013
1.0563046
0.9893123
0.9724069
1.0408802
1.0319422
0.9360778
1.0337997
1.0085088
1.0256391
0.9509816
0.9545394
0.9726226
1.0008564
0.9992898
1.0264408
1.0880659
0.9613864
0.9882812
0.9935416
1.0173392
1.0658549
1.0299577
0.9438673
1.0363227
0.9755413
0.9194119
1.0196573
1.0251160
1.0053510
0.9928542
1.0098080
0.9847966
0.9577897
0.9677095
0.9741955
0.9287216
0.9018697
1.0448540
0.9931908
1.0184013
1.0563046
0.9893123
0.9724069
1.0408802
1.0319422
0.9360778
1.0337997
1.0085088
1.0256391
0.9509816
0.9545394
0.9726226
1.0008564
0.9992898
1.0264408
1.0880659
0.9613864
0.9882812
0.9935416
1.0173392
1.0658549
1.0299577
0.9438673
1.0363227
0.9755413
0.9194119
1.0196573
1.0251160
1.0053510
0.9928542
1.0098080
0.9847966
0.9577897
0.9677095
0.9741955
0.9287216
0.9018697
1.0448540
0.9931908
1.0184013
1.0563046
0.9893123
0.9724069
1.0408802
1.0319422
0.9360778
1.0337997
1.0085088
1.0256391
0.9509816
0.9545394
0.9726226
1.0008564
0.9992898
1.0264408
1.0880659
0.9613864
0.9882812
0.9935416
1.0173392
1.0658549
1.0299577
0.9438673
1.0363227
0.9755413
0.9194119
1.0196573
1.0251160
1.0053510
0.9928542
1.0098080
0.9847966
0.9577897
0.9677095
0.9741955
0.9287216
0.9018697
1.0448540
0.9931908
1.0184013
1.0563046
0.9893123
0.9724069
1.0408802
1.0319422
0.9360778
1.0337997
1.0085088
1.0256391
0.9509816
0.9545394
0.9726226
1.0008564
0.9992898
1.0264408
1.0880659
0.9613864
0.9882812
0.9935416
1.0173392
1.0658549
1.0299577
0.9438673
1.0363227
0.9755413
0.9194119
1.0196573
1.0251160
1.0053510
0.9928542
1.0098080
0.9847966
0.9577897
0.9677095
0.9741955
0.9287216
0.9018697
1.0448540
0.9931908
1.0184013
1.0563046
0.9893123
0.9724069
1.0408802
1.0319422
0.9360778
1.0337997
1.0085088
1.0256391
0.9509816
0.9545394
0.9726226
1.0008564
0.9992898
1.0264408
1.0880659
0.9613864
0.9882812
0.9935416
1.0173392
1.0658549
1.0299577
0.9438673
1.0363227
0.9755413
0.9194119
1.0196573
1.0251160
1.0053510
0.9928542
1.0098080
0.9847966
0.9577897
0.9677095
0.9741955
0.9287216
0.9018697
1.0448540
0.9931908
1.0184013
1.0563046
0.9893123
0.9724069
1.0408802
1.0319422
0.9360778
1.0337997
1.0085088
1.0256391
0.9509816
0.9545394
0.9726226
1.0008564
0.9992898
1.0264408
1.0880659
0.9613864
0.9882812
0.9935416
1.0173392
1.0658549
1.0299577
0.9438673
1.0363227
0.9755413
0.9194119
1.0196573
1.0251160
1.0053510
0.9928542
1.0098080
0.9847966
0.9577897
0.9677095
0.9741955
0.9287216
0.9018697
1.0448540
0.9931908
1.0184013
1.0563046
0.9893123
0.9724069
1.0408802
1.0319422
0.9360778
1.0337997
1.0085088
1.0256391
0.9509816
0.9545394
0.9726226
1.0008564
0.9992898
1.0264408
1.0880659
0.9613864
0.9882812
0.9935416
1.0173392
1.0658549
1.0299577
0.9438673
1.0363227
0.9755413
0.9194119
1.0196573
1.0251160
1.0053510
0.9928542
1.0098080
0.9847966
0.9577897
0.9677095
0.9741955
0.9287216
0.9018697
1.0448540
0.9931908
1.0184013
1.0563046
0.9893123
0.9724069
1.0408802
1.0319422
0.9360778
1.0337997
1.0085088
1.0256391
0.9509816
0.9545394
0.9726226
1.0008564
0.9992898
1.0264408
1.0880659
0.9613864
0.9882812
0.9935416
1.0173392
1.0658549
1.0299577
0.9438673
1.0363227
0.9755413
0.9194119
1.0196573
1.0251160
1.0053510
0.9928542
1.0098080
0.9847966
0.9577897
0.9677095
0.9741955
0.9287216
0.9018697
1.0448540
0.9931908
1.0184013
1.0563046
0.9893123
0.9724069
1.0408802
1.0319422
0.9360778
1.0337997
1.0085088
1.0256391
0.9509816
0.9545394
0.9726226
1.0008564
0.9992898
1.0264408
1.0880659
0.9613864
0.9882812
0.9935416
1.0173392
1.0658549
1.0299577
0.9438673
1.0363227
0.9755413
0.9194119
1.0196573
1.0251160
1.0053510
0.9928542
1.0098080
0.9847966
0.9577897
0.9677095
0.9741955
0.9287216
0.9018697
1.0448540
0.9931908
1.0184013
1.0563046
0.9893123
0.9724069
1.0408802
1.0319422
0.9360778
1.0337997
1.0085088
1.0256391
0.9509816
0.9545394
0.9726226
1.0008564
0.9992898
1.0264408
1.0880659
0.9613864
0.9882812
0.9935416
1.0173392
1.0658549
1.0299577
0.9438673
1.0363227
0.9755413
0.9194119
1.0196573
1.0251160
1.0053510
0.9928542
1.0098080
0.9847966
0.9577897
0.9677095
0.9741955
0.9287216
0.9018697
1.0448540
0.9931908
1.0184013
1.0563046
0.9893123
0.9724069
1.0408802
1.0319422
0.9360778
1.0337997
1.0085088
1.0256391
0.9509816
0.9545394
0.9726226
1.0008564
0.9992898
1.0264408
1.0880659
0.9613864
0.9882812
0.9935416
1.0173392
1.0658549
1.0299577
0.9438673
1.0363227
0.9755413
0.9194119
1.0196573
1.0251160
1.0053510
0.9928542
1.0098080
0.9847966
0.9577897
0.9677095
0.9741955
0.9287216
0.9018697
1.0448540
0.9931908
1.0184013
1.0563046
0.9893123
0.9724069
1.0408802
1.0319422
0.9360778
1.0337997
1.0085088
1.0256391
0.9509816
0.9545394
0.9726226
1.0008564
0.9992898
1.0264408
1.0880659
0.9613864
0.9882812
0.9935416
1.0173392
1.0658549
1.0299577
0.9438673
1.0363227
0.9755413
0.9194119
1.0196573
1.0251160
1.0053510
0.9928542
1.0098080
0.9847966
0.9577897
0.9677095
0.9741955
0.9287216
0.9018697
1.0448540
0.9931908
1.0184013
1.0563046
0.9893123
0.9724069
1.0408802
1.0319422
0.9360778
1.0337997
1.0085088
1.0256391
0.9509816
0.9545394
0.9726226
1.0008564
0.9992898
1.0264408
1.0880659
0.9613864
0.9882812
0.9935416
1.0173392
1.0658549
1.0299577
0.9438673
1.0363227
0.9755413
0.9194119
1.0196573
1.0251160
1.0053510
0.9928542
1.0098080
0.9847966
0.9577897
0.9677095
0.9741955
0.9287216
0.9018697
1.0448540
0.9931908
1.0184013
1.0563046
0.9893123
0.9724069
1.0408802
1.0319422
0.9360778
1.0337997
1.0085088
1.0256391
0.9509816
0.9545394
0.9726226
1.0008564
0.9992898
1.0264408
1.0880659
0.9613864
0.9882812
0.9935416
1.0173392
1.0658549
1.0299577
0.9438673
1.0363227
0.9755413
0.9194119
1.0196573
1.0251160
1.0053510
0.9928542
1.0098080
0.9847966
0.9577897
0.9677095
0.9741955
0.9287216
0.9018697
1.0448540
0.9931908
1.0184013
1.0563046
0.9893123
0.9724069
1.0408802
1.0319422
0.9360778
1.0337997
1.0085088
1.0256391
0.9509816
0.9545394
0.9726226
1.0008564
0.9992898
1.0264408
1.0880659
0.9613864
0.9882812
0.9935416
1.0173392
1.0658549
1.0299577
0.9438673
1.0363227
0.9755413
0.9194119
1.0196573
1.0251160
1.0053510
0.9928542
1.0098080
0.9847966
0.9577897
0.9677095
0.9741955
0.9287216
0.9018697
1.0448540
0.9931908
1.0184013
1.0563046
0.9893123
0.9724069
1.0408802
1.0319422
0.9360778
1.0337997
1.0085088
1.0256391
0.9509816
0.9545394
0.9726226
1.0008564
0.9992898
1.0264408
1.0880659
0.9613864
0.9882812
0.9935416
1.0173392
1.0658549
1.0299577
0.9438673
1.0363227
0.9755413
0.9194119
1.0196573
1.0251160
1.0053510
0.9928542
1.0098080
0.9847966
0.9577897
0.9677095
0.9741955
0.9287216
0.9018697
1.0448540
0.9931908
1.0184013
1.0563046
0.9893123
0.9724069
1.0408802
1.0319422
0.9360778
1.0337997
1.0085088
1.0256391
0.9509816
0.9545394
0.9726226
1.0008564
0.9992898
1.0264408
1.0880659
0.9613864
0.9882812
0.9935416
1.0173392
1.0658549
1.0299577
0.9438673
1.0363227
0.9755413
0.9194119
1.0196573
1.0251160
1.0053510
0.9928542
1.0098080
0.9847966
0.9577897
0.9677095
0.9741955
0.9287216
0.9018697
1.0448540
0.9931908
1.0184013
1.0563046
0.9893123
0.9724069
1.0408802
1.0319422
0.9360778
1.0337997
1.0085088
1.0256391
0.9509816
0.9545394
0.9726226
1.0008564
0.9992898
1.0264408
1.0880659
0.9613864
0.9882812
0.9935416
1.0173392
1.0658549
1.0299577
0.9438673
1.0363227
0.9755413
0.9194119
1.0196573
1.0251160
1.0053510
0.9928542
1.0098080
0.9847966
0.9577897
0.9677095
0.9741955
0.9287216
0.9018697
1.0448540
0.9931908
1.0184013
1.0563046
0.9893123
0.9724069
1.0408802
1.0319422
0.9360778
1.0337997
1.0085088
1.0256391
0.9509816
0.9545394
0.9726226
1.0008564
0.9992898
1.0264408
1.0880659
0.9613864
0.9882812
0.9935416
1.0173392
1.0658549
1.0299577
0.9438673
1.0363227
0.9755413
0.9194119
1.0196573
1.0251160
1.0053510
0.9928542
1.0098080
0.9847966
0.9577897
0.9677095
0.9741955
0.9287216
0.9018697
1.0448540
0.9931908
1.0184013
1.0563046
0.9893123
0.9724069
1.0408802
1.0319422
0.9360778
1.0337997
1.0085088
1.0256391
0.9509816
0.9545394
0.9726226
1.0008564
0.9992898
1.0264408
1.0880659
0.9613864
0.9882812
0.9935416
1.0173392
1.0658549
1.0299577
0.9438673
1.0363227
0.9755413
0.9194119
1.0196573
1.0251160
1.0053510
0.9928542
1.0098080
0.9847966
0.9577897
0.9677095
0.9741955
0.9287216
0.9018697
1.0448540
0.9931908
1.0184013
1.0563046
0.9893123
0.9724069
1.0408802
1.0319422
0.9360778
1.0337997
1.0085088
1.0256391
0.9509816
0.9545394
0.9726226
1.0008564
0.9992898
1.0264408
1.0880659
0.9613864
0.9882812
0.9935416
1.0173392
1.0658549
1.0299577
0.9438673
1.0363227
0.9755413
0.9194119
1.0196573
1.0251160
1.0053510
0.9928542
1.0098080
0.9847966
0.9577897
0.9677095
0.9741955
0.9287216
0.9018697
1.0448540
0.9931908
1.0184013
1.0563046
0.9893123
0.9724069
1.0408802
1.0319422
0.9360778
1.0337997
1.0085088
1.0256391
0.9509816
0.9545394
0.9726226
1.0008564
0.9992898
1.0264408
1.0880659
0.9613864
0.9882812
0.9935416
1.0173392
1.0658549
1.0299577
0.9438673
1.0363227
0.9755413
0.9194119
1.0196573
1.0251160
1.0053510
0.9928542
1.0098080
0.9847966
0.9577897
0.9677095
0.9741955
0.9287216
0.9018697
1.0448540
0.9931908
1.0184013
1.0563046
0.9893123
0.9724069
1.0408802
1.0319422
0.9360778
1.0337997
1.0085088
1.0256391
0.9509816
0.9545394
0.9726226
1.0008564
0.9992898
1.0264408
1.0880659
0.9613864
0.9882812
0.9935416
1.0173392
1.0658549
1.0299577
0.9438673
1.0363227
0.9755413
0.9194119
1.0196573
1.0251160
1.0053510
0.9928542
1.0098080
0.9847966
0.9577897
0.9677095
0.9741955
0.9287216
0.9018697
1.0448540
0.9931908
1.0184013
1.0563046
0.9893123
0.9724069
1.0408802
1.0319422
0.9360778
1.0337997
1.0085088
1.0256391
0.9509816
0.9545394
0.9726226
1.0008564
0.9992898
1.0264408
1.0880659
0.9613864
0.9882812
0.9935416
1.0173392
1.0658549
1.0299577
0.9438673
1.0363227
0.9755413
0.9194119
1.0196573
1.0251160
1.0053510
0.9928542
1.0098080
0.9847966
0.9577897
0.9677095
0.9741955
0.9287216
0.9018697
1.0448540
0.9931908
1.0184013
1.0563046
0.9893123
0.9724069
1.0408802
1.0319422
0.9360778
1.0337997
1.0085088
1.0256391
0.9509816
0.9545394
0.9726226
1.0008564
0.9992898
1.0264408
1.0880659
0.9613864
0.9882812
0.9935416
1.0173392
1.0658549
1.0299577
0.9438673
1.0363227
0.9755413
0.9194119
1.0196573
1.0251160
1.0053510
0.9928542
1.0098080
0.9847966
0.9577897
0.9677095
0.9741955
0.9287216
0.9018697
1.0448540
0.9931908
1.0184013
1.0563046
0.9893123
0.9724069
1.0408802
1.0319422
0.9360778
1.0337997
1.0085088
1.0256391
0.9509816
0.9545394
0.9726226
1.0008564
0.9992898
1.0264408
1.0880659
0.9613864
0.9882812
0.9935416
1.0173392
1.0658549
1.0299577
0.9438673
1.0363227
0.9755413
0.9194119
1.0196573
1.0251160
1.0053510
0.9928542
1.0098080
0.9847966
0.9577897
0.9677095
0.9741955
0.9287216
0.9018697
1.0448540
0.9931908
1.0184013
1.0563046
0.9893123
0.9724069
1.0408802
1.0319422
0.9360778
1.0337997
1.0085088
1.0256391
0.9509816
0.9545394
0.9726226
1.0008564
0.9992898
1.0264408
1.0880659
0.9613864
0.9882812
0.9935416
1.0173392
1.0658549
1.0299577
0.9438673
1.0363227
0.9755413
0.9194119
1.0196573
1.0251160
1.0053510
0.9928542
1.0098080
0.9847966
0.9577897
0.9677095
0.9741955
0.9287216
0.9018697
1.0448540
0.9931908
1.0184013
1.0563046
0.9893123
0.9724069
1.0408802
1.0319422
0.9360778
1.0337997
1.0085088
1.0256391
0.9509816
0.9545394
0.9726226
1.0008564
0.9992898
1.0264408
1.0880659
0.9613864
0.9882812
0.9935416
1.0173392
1.0658549
1.0299577
0.9438673
1.0363227
0.9755413
0.9194119
1.0196573
1.0251160
1.0053510
0.9928542
1.0098080
0.9847966
0.9577897
0.9677095
0.9741955
0.9287216
0.9018697
1.0448540
0.9931908
1.0184013
1.0563046
0.9893123
0.9724069
1.0408802
1.0319422
0.9360778
1.0337997
1.0085088
1.0256391
0.9509816
0.9545394
0.9726226
1.0008564
0.9992898
1.0264408
1.0880659
0.9613864
0.9882812
0.9935416
1.0173392
1.0658549
1.0299577
0.9438673
1.0363227
0.9755413
0.9194119
1.0196573
1.0251160
1.0053510
0.9928542
1.0098080
0.9847966
0.9577897
0.9677095
0.9741955
0.9287216
0.9018697
1.0448540
0.9931908
1.0184013
1.0563046
0.9893123
0.9724069
1.0408802
1.0319422
0.9360778
1.0337997
1.0085088
1.0256391
0.9509816
0.9545394
0.9726226
1.0008564
0.9992898
1.0264408
1.0880659
0.9613864
0.9882812
0.9935416
1.0173392
1.0658549
1.0299577
0.9438673
1.0363227
0.9755413
0.9194119
1.0196573
1.0251160
1.0053510
0.9928542
1.0098080
0.9847966
0.9577897
0.9677095
0.9741955
0.9287216
0.9018697
1.0448540
0.9931908
1.0184013
1.0563046
0.9893123
0.9724069
1.0408802
1.0319422
0.9360778
1.0337997
1.0085088
1.0256391
0.9509816
0.9545394
0.9726226
1.0008564
0.9992898
1.0264408
1.0880659
0.9613864
0.9882812
0.9935416
1.0173392
1.0658549
1.0299577
0.9438673
1.0363227
0.9755413
0.9194119
1.0196573
1.0251160
1.0053510
0.9928542
1.0098080
0.9847966
0.9577897
0.9677095
0.9741955
0.9287216
0.9018697
1.0448540
0.9931908
1.0184013
1.0563046
0.9893123
0.9724069
1.0408802
1.0319422
0.9360778
1.0337997
1.0085088
1.0256391
0.9509816
0.9545394
0.9726226
1.0008564
0.9992898
1.0264408
1.0880659
0.9613864
0.9882812
0.9935416
1.0173392
1.0658549
1.0299577
0.9438673
1.0363227
0.9755413
0.9194119
1.0196573
1.0251160
1.0053510
0.9928542
1.0098080
0.9847966
0.9577897
0.9677095
0.9741955
0.9287216
0.9018697
1.0448540
0.9931908
1.0184013
1.0563046
0.9893123
0.9724069
1.0408802
1.0319422
0.9360778
1.0337997
1.0085088
1.0256391
0.9509816
0.9545394
0.9726226
1.0008564
0.9992898
1.0264408
1.0880659
0.9613864
0.9882812
0.9935416
1.0173392
1.0658549
1.0299577
0.9438673
1.0363227
0.9755413
0.9194119
1.0196573
1.0251160
1.0053510
0.9928542
1.0098080
0.9847966
0.9577897
0.9677095
0.9741955
0.9287216
0.9018697
1.0448540
0.9931908
1.0184013
1.0563046
0.9893123
0.9724069
1.0408802
1.0319422
0.9360778
1.0337997
1.0085088
1.0256391
0.9509816
0.9545394
0.9726226
1.0008564
0.9992898
1.0264408
1.0880659
0.9613864
0.9882812
0.9935416
1.0173392
1.0658549
1.0299577
0.9438673
1.0363227
0.9755413
0.9194119
1.0196573
1.0251160
1.0053510
0.9928542
1.0098080
0.9847966
0.9577897
0.9677095
0.9741955
0.9287216
0.9018697
1.0448540
0.9931908
1.0184013
1.0563046
0.9893123
0.9724069
1.0408802
1.0319422
0.9360778
1.0337997
1.0085088
1.0256391
0.9509816
0.9545394
0.9726226
1.0008564
0.9992898
1.0264408
1.0880659
0.9613864
0.9882812
0.9935416
1.0173392
1.0658549
1.0299577
0.9438673
1.0363227
0.9755413
0.9194119
1.0196573
1.0251160
1.0053510
0.9928542
1.0098080
0.9847966
0.9577897
0.9677095
0.9741955
0.9287216
0.9018697
1.0448540
0.9931908
1.0184013
1.0563046
0.9893123
0.9724069
1.0408802
1.0319422
0.9360778
1.0337997
1.0085088
1.0256391
0.9509816
0.9545394
0.9726226
1.0008564
0.9992898
1.0264408
1.0880659
0.9613864
0.9882812
0.9935416
1.0173392
1.0658549
1.0299577
0.9438673
1.0363227
0.9755413
0.9194119
1.0196573
1.0251160
1.0053510
0.9928542
1.0098080
0.9847966
0.9577897
0.9677095
0.9741955
0.9287216
0.9018697
1.0448540
0.9931908
1.0184013
1.0563046
0.9893123
0.9724069
1.0408802
1.0319422
0.9360778
1.0337997
1.0085088
1.0256391
0.9509816
0.9545394
0.9726226
1.0008564
0.9992898
1.0264408
1.0880659
0.9613864
0.9882812
0.9935416
1.0173392
1.0658549
1.0299577
0.9438673
1.0363227
0.9755413
0.9194119
1.0196573
1.0251160
1.0053510
0.9928542
1.0098080
0.9847966
0.9577897
0.9677095
0.9741955
0.9287216
0.9018697
1.0448540
0.9931908
1.0184013
1.0563046
0.9893123
0.9724069
1.0408802
1.0319422
0.9360778
1.0337997
1.0085088
1.0256391
0.9509816
0.9545394
0.9726226
1.0008564
0.9992898
1.0264408
1.0880659
0.9613864
0.9882812
0.9935416
1.0173392
1.0658549
1.0299577
0.9438673
1.0363227
0.9755413
0.9194119
1.0196573
1.0251160
1.0053510
0.9928542
1.0098080
0.9847966
0.9577897
0.9677095
0.9741955
0.9287216
0.9018697
1.0448540
0.9931908
1.0184013
1.0563046
0.9893123
0.9724069
1.0408802
1.0319422
0.9360778
1.0337997
1.0085088
1.0256391
0.9509816
0.9545394
0.9726226
1.0008564
0.9992898
1.0264408
1.0880659
0.9613864
0.9882812
0.9935416
1.0173392
1.0658549
1.0299577
0.9438673
1.0363227
0.9755413
0.9194119
1.0196573
1.0251160
1.0053510
0.9928542
1.0098080
0.9847966
0.9577897
0.9677095
0.9741955
0.9287216
0.9018697
1.0448540
0.9931908
1.0184013
1.0563046
0.9893123
0.9724069
1.0408802
1.0319422
0.9360778
1.0337997
1.0085088
1.0256391
0.9509816
0.9545394
0.9726226
1.0008564
0.9992898
1.0264408
1.0880659
0.9613864
0.9882812
0.9935416
1.0173392
1.0658549
1.0299577
0.9438673
1.0363227
0.9755413
0.9194119
1.0196573
1.0251160
1.0053510
0.9928542
1.0098080
0.9847966
0.9577897
0.9677095
0.9741955
0.9287216
0.9018697
1.0448540
0.9931908
1.0184013
1.0563046
0.9893123
0.9724069
1.0408802
1.0319422
0.9360778
1.0337997
1.0085088
1.0256391
0.9509816
0.9545394
0.9726226
1.0008564
0.9992898
1.0264408
1.0880659
0.9613864
0.9882812
0.9935416
1.0173392
1.0658549
1.0299577
0.9438673
1.0363227
0.9755413
0.9194119
1.0196573
1.0251160
1.0053510
0.9928542
1.0098080
0.9847966
0.9577897
0.9677095
0.9741955
0.9287216
0.9018697
1.0448540
0.9931908
1.0184013
1.0563046
0.9893123
0.9724069
1.0408802
1.0319422
0.9360778
1.0337997
1.0085088
1.0256391
0.9509816
0.9545394
0.9726226
1.0008564
0.9992898
1.0264408
1.0880659
0.9613864
0.9882812
0.9935416
1.0173392
1.0658549
1.0299577
0.9438673
1.0363227
0.9755413
0.9194119
1.0196573
1.0251160
1.0053510
0.9928542
1.0098080
0.9847966
0.9577897
0.9677095
0.9741955
0.9287216
0.9018697
1.0448540
0.9931908
1.0184013
1.0563046
0.9893123
0.9724069
1.0408802
1.0319422
0.9360778
1.0337997
1.0085088
1.0256391
0.9509816
0.9545394
0.9726226
1.0008564
0.9992898
1.0264408
1.0880659
0.9613864
0.9882812
0.9935416
1.0173392
1.0658549
1.0299577
0.9438673
1.0363227
0.9755413
0.9194119
1.0196573
1.0251160
1.0053510
0.9928542
1.0098080
0.9847966
0.9577897
0.9677095
0.9741955
0.9287216
0.9018697
1.0448540
0.9931908
1.0184013
1.0563046
0.9893123
0.9724069
1.0408802
1.0319422
0.9360778
1.0337997
1.0085088
1.0256391
0.9509816
0.9545394
0.9726226
1.0008564
0.9992898
1.0264408
1.0880659
0.9613864
0.9882812
0.9935416
1.0173392
1.0658549
1.0299577
0.9438673
1.0363227
0.9755413
0.9194119
1.0196573
1.0251160
1.0053510
0.9928542
1.0098080
0.9847966
0.9577897
0.9677095
0.9741955
0.9287216
0.9018697
1.0448540
0.9931908
1.0184013
1.0563046
0.9893123
0.9724069
1.0408802
1.0319422
0.9360778
1.0337997
1.0085088
1.0256391
0.9509816
0.9545394
0.9726226
1.0008564
0.9992898
1.0264408
1.0880659
0.9613864
0.9882812
0.9935416
1.0173392
1.0658549
1.0299577
0.9438673
1.0363227
0.9755413
0.9194119
1.0196573
1.0251160
1.0053510
0.9928542
1.0098080
0.9847966
0.9577897
0.9677095
0.9741955
0.9287216
0.9018697
1.0448540
0.9931908
1.0184013
1.0563046
0.9893123
0.9724069
1.0408802
1.0319422
0.9360778
1.0337997
1.0085088
1.0256391
0.9509816
0.9545394
0.9726226
1.0008564
0.9992898
1.0264408
1.0880659
0.9613864
0.9882812
0.9935416
1.0173392
1.0658549
1.0299577
0.9438673
1.0363227
0.9755413
0.9194119
1.0196573
1.0251160
1.0053510
0.9928542
1.0098080
0.9847966
0.9577897
0.9677095
0.9741955
0.9287216
0.9018697
1.0448540
0.9931908
1.0184013
1.0563046
0.9893123
0.9724069
1.0408802
1.0319422
0.9360778
1.0337997
1.0085088
1.0256391
0.9509816
0.9545394
0.9726226
1.0008564
0.9992898
1.0264408
1.0880659
0.9613864
0.9882812
0.9935416
1.0173392
1.0658549
1.0299577
0.9438673
1.0363227
0.9755413
0.9194119
1.0196573
1.0251160
1.0053510
0.9928542
1.0098080
0.9847966
0.9577897
0.9677095
0.9741955
0.9287216
0.9018697
1.0448540
0.9931908
1.0184013
1.0563046
0.9893123
0.9724069
1.0408802
1.0319422
0.9360778
1.0337997
1.0085088
1.0256391
0.9509816
0.9545394
0.9726226
1.0008564
0.9992898
1.0264408
1.0880659
0.9613864
0.9882812
0.9935416
1.0173392
1.0658549
1.0299577
0.9438673
1.0363227
0.9755413
0.9194119
1.0196573
1.0251160
1.0053510
0.9928542
1.0098080
0.9847966
0.9577897
0.9677095
0.9741955
0.9287216
0.9018697
1.0448540
0.9931908
1.0184013
1.0563046
0.9893123
0.9724069
1.0408802
1.0319422
0.9360778
1.0337997
1.0085088
1.0256391
0.9509816
0.9545394
0.9726226
1.0008564
0.9992898
1.0264408
1.0880659
0.9613864
0.9882812
0.9935416
1.0173392
1.0658549
1.0299577
0.9438673
1.0363227
0.9755413
0.9194119
1.0196573
1.0251160
1.0053510
0.9928542
1.0098080
0.9847966
0.9577897
0.9677095
0.9741955
0.9287216
0.9018697
1.0448540
0.9931908
1.0184013
1.0563046
0.9893123
0.9724069
1.0408802
1.0319422
0.9360778
1.0337997
1.0085088
1.0256391
0.9509816
0.9545394
0.9726226
1.0008564
0.9992898
