0.9490938
0.9899213
0.9359025
0.9778947
0.9064464
0.8815516
0.9771876
0.9205715
0.9699589
0.9443134
0.9967471
1.0123161
0.9671466
1.0140224
0.9371111
0.9390986
0.9900218
0.9699823
1.0378408
0.9284823
0.9688301
0.9911684
0.9263292
0.9672378
0.9896164
0.9940684
0.9758516
0.9311427
0.9736681
1.0078456
0.9951895
0.9705974
0.9287658
0.9732946
0.9754308
0.9571169
1.0382820
0.9977922
1.0024571
0.9571796
0.9490938
0.9899213
0.9359025
0.9778947
0.9064464
0.8815516
0.9771876
0.9205715
0.9699589
0.9443134
0.9967471
1.0123161
0.9671466
1.0140224
0.9371111
0.9390986
0.9900218
0.9699823
1.0378408
0.9284823
0.9688301
0.9911684
0.9263292
0.9672378
0.9896164
0.9940684
0.9758516
0.9311427
0.9736681
1.0078456
0.9951895
0.9705974
0.9287658
0.9732946
0.9754308
0.9571169
1.0382820
0.9977922
1.0024571
0.9571796
0.9490938
0.9899213
0.9359025
0.9778947
0.9064464
0.8815516
0.9771876
0.9205715
0.9699589
0.9443134
0.9967471
1.0123161
0.9671466
1.0140224
0.9371111
0.9390986
0.9900218
0.9699823
1.0378408
0.9284823
0.9688301
0.9911684
0.9263292
0.9672378
0.9896164
0.9940684
0.9758516
0.9311427
0.9736681
1.0078456
0.9951895
0.9705974
0.9287658
0.9732946
0.9754308
0.9571169
1.0382820
0.9977922
1.0024571
0.9571796
0.9490938
0.9899213
0.9359025
0.9778947
0.9064464
0.8815516
0.9771876
0.9205715
0.9699589
0.9443134
0.9967471
1.0123161
0.9671466
1.0140224
0.9371111
0.9390986
0.9900218
0.9699823
1.0378408
0.9284823
0.9688301
0.9911684
0.9263292
0.9672378
0.9896164
0.9940684
0.9758516
0.9311427
0.9736681
1.0078456
0.9951895
0.9705974
0.9287658
0.9732946
0.9754308
0.9571169
1.0382820
0.9977922
1.0024571
0.9571796
0.9490938
0.9899213
0.9359025
0.9778947
0.9064464
0.8815516
0.9771876
0.9205715
0.9699589
0.9443134
0.9967471
1.0123161
0.9671466
1.0140224
0.9371111
0.9390986
0.9900218
0.9699823
1.0378408
0.9284823
0.9688301
0.9911684
0.9263292
0.9672378
0.9896164
0.9940684
0.9758516
0.9311427
0.9736681
1.0078456
0.9951895
0.9705974
0.9287658
0.9732946
0.9754308
0.9571169
1.0382820
0.9977922
1.0024571
0.9571796
0.9490938
0.9899213
0.9359025
0.9778947
0.9064464
0.8815516
0.9771876
0.9205715
0.9699589
0.9443134
0.9967471
1.0123161
0.9671466
1.0140224
0.9371111
0.9390986
0.9900218
0.9699823
1.0378408
0.9284823
0.9688301
0.9911684
0.9263292
0.9672378
0.9896164
0.9940684
0.9758516
0.9311427
0.9736681
1.0078456
0.9951895
0.9705974
0.9287658
0.9732946
0.9754308
0.9571169
1.0382820
0.9977922
1.0024571
0.9571796
0.9490938
0.9899213
0.9359025
0.9778947
0.9064464
0.8815516
0.9771876
0.9205715
0.9699589
0.9443134
0.9967471
1.0123161
0.9671466
1.0140224
0.9371111
0.9390986
0.9900218
0.9699823
1.0378408
0.9284823
0.9688301
0.9911684
0.9263292
0.9672378
0.9896164
0.9940684
0.9758516
0.9311427
0.9736681
1.0078456
0.9951895
0.9705974
0.9287658
0.9732946
0.9754308
0.9571169
1.0382820
0.9977922
1.0024571
0.9571796
0.9490938
0.9899213
0.9359025
0.9778947
0.9064464
0.8815516
0.9771876
0.9205715
0.9699589
0.9443134
0.9967471
1.0123161
0.9671466
1.0140224
0.9371111
0.9390986
0.9900218
0.9699823
1.0378408
0.9284823
0.9688301
0.9911684
0.9263292
0.9672378
0.9896164
0.9940684
0.9758516
0.9311427
0.9736681
1.0078456
0.9951895
0.9705974
0.9287658
0.9732946
0.9754308
0.9571169
1.0382820
0.9977922
1.0024571
0.9571796
0.9490938
0.9899213
0.9359025
0.9778947
0.9064464
0.8815516
0.9771876
0.9205715
0.9699589
0.9443134
0.9967471
1.0123161
0.9671466
1.0140224
0.9371111
0.9390986
0.9900218
0.9699823
1.0378408
0.9284823
0.9688301
0.9911684
0.9263292
0.9672378
0.9896164
0.9940684
0.9758516
0.9311427
0.9736681
1.0078456
0.9951895
0.9705974
0.9287658
0.9732946
0.9754308
0.9571169
1.0382820
0.9977922
1.0024571
0.9571796
0.9490938
0.9899213
0.9359025
0.9778947
0.9064464
0.8815516
0.9771876
0.9205715
0.9699589
0.9443134
0.9967471
1.0123161
0.9671466
1.0140224
0.9371111
0.9390986
0.9900218
0.9699823
1.0378408
0.9284823
0.9688301
0.9911684
0.9263292
0.9672378
0.9896164
0.9940684
0.9758516
0.9311427
0.9736681
1.0078456
0.9951895
0.9705974
0.9287658
0.9732946
0.9754308
0.9571169
1.0382820
0.9977922
1.0024571
0.9571796
0.9490938
0.9899213
0.9359025
0.9778947
0.9064464
0.8815516
0.9771876
0.9205715
0.9699589
0.9443134
0.9967471
1.0123161
0.9671466
1.0140224
0.9371111
0.9390986
0.9900218
0.9699823
1.0378408
0.9284823
0.9688301
0.9911684
0.9263292
0.9672378
0.9896164
0.9940684
0.9758516
0.9311427
0.9736681
1.0078456
0.9951895
0.9705974
0.9287658
0.9732946
0.9754308
0.9571169
1.0382820
0.9977922
1.0024571
0.9571796
0.9490938
0.9899213
0.9359025
0.9778947
0.9064464
0.8815516
0.9771876
0.9205715
0.9699589
0.9443134
0.9967471
1.0123161
0.9671466
1.0140224
0.9371111
0.9390986
0.9900218
0.9699823
1.0378408
0.9284823
0.9688301
0.9911684
0.9263292
0.9672378
0.9896164
0.9940684
0.9758516
0.9311427
0.9736681
1.0078456
0.9951895
0.9705974
0.9287658
0.9732946
0.9754308
0.9571169
1.0382820
0.9977922
1.0024571
0.9571796
0.9490938
0.9899213
0.9359025
0.9778947
0.9064464
0.8815516
0.9771876
0.9205715
0.9699589
0.9443134
0.9967471
1.0123161
0.9671466
1.0140224
0.9371111
0.9390986
0.9900218
0.9699823
1.0378408
0.9284823
0.9688301
0.9911684
0.9263292
0.9672378
0.9896164
0.9940684
0.9758516
0.9311427
0.9736681
1.0078456
0.9951895
0.9705974
0.9287658
0.9732946
0.9754308
0.9571169
1.0382820
0.9977922
1.0024571
0.9571796
0.9490938
0.9899213
0.9359025
0.9778947
0.9064464
0.8815516
0.9771876
0.9205715
0.9699589
0.9443134
0.9967471
1.0123161
0.9671466
1.0140224
0.9371111
0.9390986
0.9900218
0.9699823
1.0378408
0.9284823
0.9688301
0.9911684
0.9263292
0.9672378
0.9896164
0.9940684
0.9758516
0.9311427
0.9736681
1.0078456
0.9951895
0.9705974
0.9287658
0.9732946
0.9754308
0.9571169
1.0382820
0.9977922
1.0024571
0.9571796
0.9490938
0.9899213
0.9359025
0.9778947
0.9064464
0.8815516
0.9771876
0.9205715
0.9699589
0.9443134
0.9967471
1.0123161
0.9671466
1.0140224
0.9371111
0.9390986
0.9900218
0.9699823
1.0378408
0.9284823
0.9688301
0.9911684
0.9263292
0.9672378
0.9896164
0.9940684
0.9758516
0.9311427
0.9736681
1.0078456
0.9951895
0.9705974
0.9287658
0.9732946
0.9754308
0.9571169
1.0382820
0.9977922
1.0024571
0.9571796
0.9490938
0.9899213
0.9359025
0.9778947
0.9064464
0.8815516
0.9771876
0.9205715
0.9699589
0.9443134
0.9967471
1.0123161
0.9671466
1.0140224
0.9371111
0.9390986
0.9900218
0.9699823
1.0378408
0.9284823
0.9688301
0.9911684
0.9263292
0.9672378
0.9896164
0.9940684
0.9758516
0.9311427
0.9736681
1.0078456
0.9951895
0.9705974
0.9287658
0.9732946
0.9754308
0.9571169
1.0382820
0.9977922
1.0024571
0.9571796
0.9490938
0.9899213
0.9359025
0.9778947
0.9064464
0.8815516
0.9771876
0.9205715
0.9699589
0.9443134
0.9967471
1.0123161
0.9671466
1.0140224
0.9371111
0.9390986
0.9900218
0.9699823
1.0378408
0.9284823
0.9688301
0.9911684
0.9263292
0.9672378
0.9896164
0.9940684
0.9758516
0.9311427
0.9736681
1.0078456
0.9951895
0.9705974
0.9287658
0.9732946
0.9754308
0.9571169
1.0382820
0.9977922
1.0024571
0.9571796
0.9490938
0.9899213
0.9359025
0.9778947
0.9064464
0.8815516
0.9771876
0.9205715
0.9699589
0.9443134
0.9967471
1.0123161
0.9671466
1.0140224
0.9371111
0.9390986
0.9900218
0.9699823
1.0378408
0.9284823
0.9688301
0.9911684
0.9263292
0.9672378
0.9896164
0.9940684
0.9758516
0.9311427
0.9736681
1.0078456
0.9951895
0.9705974
0.9287658
0.9732946
0.9754308
0.9571169
1.0382820
0.9977922
1.0024571
0.9571796
0.9490938
0.9899213
0.9359025
0.9778947
0.9064464
0.8815516
0.9771876
0.9205715
0.9699589
0.9443134
0.9967471
1.0123161
0.9671466
1.0140224
0.9371111
0.9390986
0.9900218
0.9699823
1.0378408
0.9284823
0.9688301
0.9911684
0.9263292
0.9672378
0.9896164
0.9940684
0.9758516
0.9311427
0.9736681
1.0078456
0.9951895
0.9705974
0.9287658
0.9732946
0.9754308
0.9571169
1.0382820
0.9977922
1.0024571
0.9571796
0.9490938
0.9899213
0.9359025
0.9778947
0.9064464
0.8815516
0.9771876
0.9205715
0.9699589
0.9443134
0.9967471
1.0123161
0.9671466
1.0140224
0.9371111
0.9390986
0.9900218
0.9699823
1.0378408
0.9284823
0.9688301
0.9911684
0.9263292
0.9672378
0.9896164
0.9940684
0.9758516
0.9311427
0.9736681
1.0078456
0.9951895
0.9705974
0.9287658
0.9732946
0.9754308
0.9571169
1.0382820
0.9977922
1.0024571
0.9571796
0.9490938
0.9899213
0.9359025
0.9778947
0.9064464
0.8815516
0.9771876
0.9205715
0.9699589
0.9443134
0.9967471
1.0123161
0.9671466
1.0140224
0.9371111
0.9390986
0.9900218
0.9699823
1.0378408
0.9284823
0.9688301
0.9911684
0.9263292
0.9672378
0.9896164
0.9940684
0.9758516
0.9311427
0.9736681
1.0078456
0.9951895
0.9705974
0.9287658
0.9732946
0.9754308
0.9571169
1.0382820
0.9977922
1.0024571
0.9571796
0.9490938
0.9899213
0.9359025
0.9778947
0.9064464
0.8815516
0.9771876
0.9205715
0.9699589
0.9443134
0.9967471
1.0123161
0.9671466
1.0140224
0.9371111
0.9390986
0.9900218
0.9699823
1.0378408
0.9284823
0.9688301
0.9911684
0.9263292
0.9672378
0.9896164
0.9940684
0.9758516
0.9311427
0.9736681
1.0078456
0.9951895
0.9705974
0.9287658
0.9732946
0.9754308
0.9571169
1.0382820
0.9977922
1.0024571
0.9571796
0.9490938
0.9899213
0.9359025
0.9778947
0.9064464
0.8815516
0.9771876
0.9205715
0.9699589
0.9443134
0.9967471
1.0123161
0.9671466
1.0140224
0.9371111
0.9390986
0.9900218
0.9699823
1.0378408
0.9284823
0.9688301
0.9911684
0.9263292
0.9672378
0.9896164
0.9940684
0.9758516
0.9311427
0.9736681
1.0078456
0.9951895
0.9705974
0.9287658
0.9732946
0.9754308
0.9571169
1.0382820
0.9977922
1.0024571
0.9571796
0.9490938
0.9899213
0.9359025
0.9778947
0.9064464
0.8815516
0.9771876
0.9205715
0.9699589
0.9443134
0.9967471
1.0123161
0.9671466
1.0140224
0.9371111
0.9390986
0.9900218
0.9699823
1.0378408
0.9284823
0.9688301
0.9911684
0.9263292
0.9672378
0.9896164
0.9940684
0.9758516
0.9311427
0.9736681
1.0078456
0.9951895
0.9705974
0.9287658
0.9732946
0.9754308
0.9571169
1.0382820
0.9977922
1.0024571
0.9571796
0.9490938
0.9899213
0.9359025
0.9778947
0.9064464
0.8815516
0.9771876
0.9205715
0.9699589
0.9443134
0.9967471
1.0123161
0.9671466
1.0140224
0.9371111
0.9390986
0.9900218
0.9699823
1.0378408
0.9284823
0.9688301
0.9911684
0.9263292
0.9672378
0.9896164
0.9940684
0.9758516
0.9311427
0.9736681
1.0078456
0.9951895
0.9705974
0.9287658
0.9732946
0.9754308
0.9571169
1.0382820
0.9977922
1.0024571
0.9571796
0.9490938
0.9899213
0.9359025
0.9778947
0.9064464
0.8815516
0.9771876
0.9205715
0.9699589
0.9443134
0.9967471
1.0123161
0.9671466
1.0140224
0.9371111
0.9390986
0.9900218
0.9699823
1.0378408
0.9284823
0.9688301
0.9911684
0.9263292
0.9672378
0.9896164
0.9940684
0.9758516
0.9311427
0.9736681
1.0078456
0.9951895
0.9705974
0.9287658
0.9732946
0.9754308
0.9571169
1.0382820
0.9977922
1.0024571
0.9571796
0.9490938
0.9899213
0.9359025
0.9778947
0.9064464
0.8815516
0.9771876
0.9205715
0.9699589
0.9443134
0.9967471
1.0123161
0.9671466
1.0140224
0.9371111
0.9390986
0.9900218
0.9699823
1.0378408
0.9284823
0.9688301
0.9911684
0.9263292
0.9672378
0.9896164
0.9940684
0.9758516
0.9311427
0.9736681
1.0078456
0.9951895
0.9705974
0.9287658
0.9732946
0.9754308
0.9571169
1.0382820
0.9977922
1.0024571
0.9571796
0.9490938
0.9899213
0.9359025
0.9778947
0.9064464
0.8815516
0.9771876
0.9205715
0.9699589
0.9443134
0.9967471
1.0123161
0.9671466
1.0140224
0.9371111
0.9390986
0.9900218
0.9699823
1.0378408
0.9284823
0.9688301
0.9911684
0.9263292
0.9672378
0.9896164
0.9940684
0.9758516
0.9311427
0.9736681
1.0078456
0.9951895
0.9705974
0.9287658
0.9732946
0.9754308
0.9571169
1.0382820
0.9977922
1.0024571
0.9571796
0.9490938
0.9899213
0.9359025
0.9778947
0.9064464
0.8815516
0.9771876
0.9205715
0.9699589
0.9443134
0.9967471
1.0123161
0.9671466
1.0140224
0.9371111
0.9390986
0.9900218
0.9699823
1.0378408
0.9284823
0.9688301
0.9911684
0.9263292
0.9672378
0.9896164
0.9940684
0.9758516
0.9311427
0.9736681
1.0078456
0.9951895
0.9705974
0.9287658
0.9732946
0.9754308
0.9571169
1.0382820
0.9977922
1.0024571
0.9571796
0.9490938
0.9899213
0.9359025
0.9778947
0.9064464
0.8815516
0.9771876
0.9205715
0.9699589
0.9443134
0.9967471
1.0123161
0.9671466
1.0140224
0.9371111
0.9390986
0.9900218
0.9699823
1.0378408
0.9284823
0.9688301
0.9911684
0.9263292
0.9672378
0.9896164
0.9940684
0.9758516
0.9311427
0.9736681
1.0078456
0.9951895
0.9705974
0.9287658
0.9732946
0.9754308
0.9571169
1.0382820
0.9977922
1.0024571
0.9571796
0.9490938
0.9899213
0.9359025
0.9778947
0.9064464
0.8815516
0.9771876
0.9205715
0.9699589
0.9443134
0.9967471
1.0123161
0.9671466
1.0140224
0.9371111
0.9390986
0.9900218
0.9699823
1.0378408
0.9284823
0.9688301
0.9911684
0.9263292
0.9672378
0.9896164
0.9940684
0.9758516
0.9311427
0.9736681
1.0078456
0.9951895
0.9705974
0.9287658
0.9732946
0.9754308
0.9571169
1.0382820
0.9977922
1.0024571
0.9571796
0.9490938
0.9899213
0.9359025
0.9778947
0.9064464
0.8815516
0.9771876
0.9205715
0.9699589
0.9443134
0.9967471
1.0123161
0.9671466
1.0140224
0.9371111
0.9390986
0.9900218
0.9699823
1.0378408
0.9284823
0.9688301
0.9911684
0.9263292
0.9672378
0.9896164
0.9940684
0.9758516
0.9311427
0.9736681
1.0078456
0.9951895
0.9705974
0.9287658
0.9732946
0.9754308
0.9571169
1.0382820
0.9977922
1.0024571
0.9571796
0.9490938
0.9899213
0.9359025
0.9778947
0.9064464
0.8815516
0.9771876
0.9205715
0.9699589
0.9443134
0.9967471
1.0123161
0.9671466
1.0140224
0.9371111
0.9390986
0.9900218
0.9699823
1.0378408
0.9284823
0.9688301
0.9911684
0.9263292
0.9672378
0.9896164
0.9940684
0.9758516
0.9311427
0.9736681
1.0078456
0.9951895
0.9705974
0.9287658
0.9732946
0.9754308
0.9571169
1.0382820
0.9977922
1.0024571
0.9571796
0.9490938
0.9899213
0.9359025
0.9778947
0.9064464
0.8815516
0.9771876
0.9205715
0.9699589
0.9443134
0.9967471
1.0123161
0.9671466
1.0140224
0.9371111
0.9390986
0.9900218
0.9699823
1.0378408
0.9284823
0.9688301
0.9911684
0.9263292
0.9672378
0.9896164
0.9940684
0.9758516
0.9311427
0.9736681
1.0078456
0.9951895
0.9705974
0.9287658
0.9732946
0.9754308
0.9571169
1.0382820
0.9977922
1.0024571
0.9571796
0.9490938
0.9899213
0.9359025
0.9778947
0.9064464
0.8815516
0.9771876
0.9205715
0.9699589
0.9443134
0.9967471
1.0123161
0.9671466
1.0140224
0.9371111
0.9390986
0.9900218
0.9699823
1.0378408
0.9284823
0.9688301
0.9911684
0.9263292
0.9672378
0.9896164
0.9940684
0.9758516
0.9311427
0.9736681
1.0078456
0.9951895
0.9705974
0.9287658
0.9732946
0.9754308
0.9571169
1.0382820
0.9977922
1.0024571
0.9571796
0.9490938
0.9899213
0.9359025
0.9778947
0.9064464
0.8815516
0.9771876
0.9205715
0.9699589
0.9443134
0.9967471
1.0123161
0.9671466
1.0140224
0.9371111
0.9390986
0.9900218
0.9699823
1.0378408
0.9284823
0.9688301
0.9911684
0.9263292
0.9672378
0.9896164
0.9940684
0.9758516
0.9311427
0.9736681
1.0078456
0.9951895
0.9705974
0.9287658
0.9732946
0.9754308
0.9571169
1.0382820
0.9977922
1.0024571
0.9571796
0.9490938
0.9899213
0.9359025
0.9778947
0.9064464
0.8815516
0.9771876
0.9205715
0.9699589
0.9443134
0.9967471
1.0123161
0.9671466
1.0140224
0.9371111
0.9390986
0.9900218
0.9699823
1.0378408
0.9284823
0.9688301
0.9911684
0.9263292
0.9672378
0.9896164
0.9940684
0.9758516
0.9311427
0.9736681
1.0078456
0.9951895
0.9705974
0.9287658
0.9732946
0.9754308
0.9571169
1.0382820
0.9977922
1.0024571
0.9571796
0.9490938
0.9899213
0.9359025
0.9778947
0.9064464
0.8815516
0.9771876
0.9205715
0.9699589
0.9443134
0.9967471
1.0123161
0.9671466
1.0140224
0.9371111
0.9390986
0.9900218
0.9699823
1.0378408
0.9284823
0.9688301
0.9911684
0.9263292
0.9672378
0.9896164
0.9940684
0.9758516
0.9311427
0.9736681
1.0078456
0.9951895
0.9705974
0.9287658
0.9732946
0.9754308
0.9571169
1.0382820
0.9977922
1.0024571
0.9571796
0.9490938
0.9899213
0.9359025
0.9778947
0.9064464
0.8815516
0.9771876
0.9205715
0.9699589
0.9443134
0.9967471
1.0123161
0.9671466
1.0140224
0.9371111
0.9390986
0.9900218
0.9699823
1.0378408
0.9284823
0.9688301
0.9911684
0.9263292
0.9672378
0.9896164
0.9940684
0.9758516
0.9311427
0.9736681
1.0078456
0.9951895
0.9705974
0.9287658
0.9732946
0.9754308
0.9571169
1.0382820
0.9977922
1.0024571
0.9571796
0.9490938
0.9899213
0.9359025
0.9778947
0.9064464
0.8815516
0.9771876
0.9205715
0.9699589
0.9443134
0.9967471
1.0123161
0.9671466
1.0140224
0.9371111
0.9390986
0.9900218
0.9699823
1.0378408
0.9284823
0.9688301
0.9911684
0.9263292
0.9672378
0.9896164
0.9940684
0.9758516
0.9311427
0.9736681
1.0078456
0.9951895
0.9705974
0.9287658
0.9732946
0.9754308
0.9571169
1.0382820
0.9977922
1.0024571
0.9571796
0.9490938
0.9899213
0.9359025
0.9778947
0.9064464
0.8815516
0.9771876
0.9205715
0.9699589
0.9443134
0.9967471
1.0123161
0.9671466
1.0140224
0.9371111
0.9390986
0.9900218
0.9699823
1.0378408
0.9284823
0.9688301
0.9911684
0.9263292
0.9672378
0.9896164
0.9940684
0.9758516
0.9311427
0.9736681
1.0078456
0.9951895
0.9705974
0.9287658
0.9732946
0.9754308
0.9571169
1.0382820
0.9977922
1.0024571
0.9571796
0.9490938
0.9899213
0.9359025
0.9778947
0.9064464
0.8815516
0.9771876
0.9205715
0.9699589
0.9443134
0.9967471
1.0123161
0.9671466
1.0140224
0.9371111
0.9390986
0.9900218
0.9699823
1.0378408
0.9284823
0.9688301
0.9911684
0.9263292
0.9672378
0.9896164
0.9940684
0.9758516
0.9311427
0.9736681
1.0078456
0.9951895
0.9705974
0.9287658
0.9732946
0.9754308
0.9571169
1.0382820
0.9977922
1.0024571
0.9571796
0.9490938
0.9899213
0.9359025
0.9778947
0.9064464
0.8815516
0.9771876
0.9205715
0.9699589
0.9443134
0.9967471
1.0123161
0.9671466
1.0140224
0.9371111
0.9390986
0.9900218
0.9699823
1.0378408
0.9284823
0.9688301
0.9911684
0.9263292
0.9672378
0.9896164
0.9940684
0.9758516
0.9311427
0.9736681
1.0078456
0.9951895
0.9705974
0.9287658
0.9732946
0.9754308
0.9571169
1.0382820
0.9977922
1.0024571
0.9571796
0.9490938
0.9899213
0.9359025
0.9778947
0.9064464
0.8815516
0.9771876
0.9205715
0.9699589
0.9443134
0.9967471
1.0123161
0.9671466
1.0140224
0.9371111
0.9390986
0.9900218
0.9699823
1.0378408
0.9284823
0.9688301
0.9911684
0.9263292
0.9672378
0.9896164
0.9940684
0.9758516
0.9311427
0.9736681
1.0078456
0.9951895
0.9705974
0.9287658
0.9732946
0.9754308
0.9571169
1.0382820
0.9977922
1.0024571
0.9571796
0.9490938
0.9899213
0.9359025
0.9778947
0.9064464
0.8815516
0.9771876
0.9205715
0.9699589
0.9443134
0.9967471
1.0123161
0.9671466
1.0140224
0.9371111
0.9390986
0.9900218
0.9699823
1.0378408
0.9284823
0.9688301
0.9911684
0.9263292
0.9672378
0.9896164
0.9940684
0.9758516
0.9311427
0.9736681
1.0078456
0.9951895
0.9705974
0.9287658
0.9732946
0.9754308
0.9571169
1.0382820
0.9977922
1.0024571
0.9571796
0.9490938
0.9899213
0.9359025
0.9778947
0.9064464
0.8815516
0.9771876
0.9205715
0.9699589
0.9443134
0.9967471
1.0123161
0.9671466
1.0140224
0.9371111
0.9390986
0.9900218
0.9699823
1.0378408
0.9284823
0.9688301
0.9911684
0.9263292
0.9672378
0.9896164
0.9940684
0.9758516
0.9311427
0.9736681
1.0078456
0.9951895
0.9705974
0.9287658
0.9732946
0.9754308
0.9571169
1.0382820
0.9977922
1.0024571
0.9571796
0.9490938
0.9899213
0.9359025
0.9778947
0.9064464
0.8815516
0.9771876
0.9205715
0.9699589
0.9443134
0.9967471
1.0123161
0.9671466
1.0140224
0.9371111
0.9390986
0.9900218
0.9699823
1.0378408
0.9284823
0.9688301
0.9911684
0.9263292
0.9672378
0.9896164
0.9940684
0.9758516
0.9311427
0.9736681
1.0078456
0.9951895
0.9705974
0.9287658
0.9732946
0.9754308
0.9571169
1.0382820
0.9977922
1.0024571
0.9571796
0.9490938
0.9899213
0.9359025
0.9778947
0.9064464
0.8815516
0.9771876
0.9205715
0.9699589
0.9443134
0.9967471
1.0123161
0.9671466
1.0140224
0.9371111
0.9390986
0.9900218
0.9699823
1.0378408
0.9284823
0.9688301
0.9911684
0.9263292
0.9672378
0.9896164
0.9940684
0.9758516
0.9311427
0.9736681
1.0078456
0.9951895
0.9705974
0.9287658
0.9732946
0.9754308
0.9571169
1.0382820
0.9977922
1.0024571
0.9571796
0.9490938
0.9899213
0.9359025
0.9778947
0.9064464
0.8815516
0.9771876
0.9205715
0.9699589
0.9443134
0.9967471
1.0123161
0.9671466
1.0140224
0.9371111
0.9390986
0.9900218
0.9699823
1.0378408
0.9284823
0.9688301
0.9911684
0.9263292
0.9672378
0.9896164
0.9940684
0.9758516
0.9311427
0.9736681
1.0078456
0.9951895
0.9705974
0.9287658
0.9732946
0.9754308
0.9571169
1.0382820
0.9977922
1.0024571
0.9571796
0.9490938
0.9899213
0.9359025
0.9778947
0.9064464
0.8815516
0.9771876
0.9205715
0.9699589
0.9443134
0.9967471
1.0123161
0.9671466
1.0140224
0.9371111
0.9390986
0.9900218
0.9699823
1.0378408
0.9284823
0.9688301
0.9911684
0.9263292
0.9672378
0.9896164
0.9940684
0.9758516
0.9311427
0.9736681
1.0078456
0.9951895
0.9705974
0.9287658
0.9732946
0.9754308
0.9571169
1.0382820
0.9977922
1.0024571
0.9571796
