0.4694391
0.5071256
0.4791186
0.5294305
0.4977769
0.5299780
0.4574874
0.5091606
0.5248249
0.4899794
0.5009211
0.5114352
0.5231217
0.4975559
0.4867632
0.4969923
0.4970894
0.4571855
0.4688101
0.4971296
0.4831293
0.4957500
0.4784058
0.5147624
0.5126518
0.5321016
0.5077590
0.5320927
0.4822201
0.5093796
0.5085676
0.4745879
0.4795173
0.5165316
0.5207930
0.4803283
0.4675498
0.4860261
0.4881341
0.4684563
0.4694391
0.5071256
0.4791186
0.5294305
0.4977769
0.5299780
0.4574874
0.5091606
0.5248249
0.4899794
0.5009211
0.5114352
0.5231217
0.4975559
0.4867632
0.4969923
0.4970894
0.4571855
0.4688101
0.4971296
0.4831293
0.4957500
0.4784058
0.5147624
0.5126518
0.5321016
0.5077590
0.5320927
0.4822201
0.5093796
0.5085676
0.4745879
0.4795173
0.5165316
0.5207930
0.4803283
0.4675498
0.4860261
0.4881341
0.4684563
0.4694391
0.5071256
0.4791186
0.5294305
0.4977769
0.5299780
0.4574874
0.5091606
0.5248249
0.4899794
0.5009211
0.5114352
0.5231217
0.4975559
0.4867632
0.4969923
0.4970894
0.4571855
0.4688101
0.4971296
0.4831293
0.4957500
0.4784058
0.5147624
0.5126518
0.5321016
0.5077590
0.5320927
0.4822201
0.5093796
0.5085676
0.4745879
0.4795173
0.5165316
0.5207930
0.4803283
0.4675498
0.4860261
0.4881341
0.4684563
0.4694391
0.5071256
0.4791186
0.5294305
0.4977769
0.5299780
0.4574874
0.5091606
0.5248249
0.4899794
0.5009211
0.5114352
0.5231217
0.4975559
0.4867632
0.4969923
0.4970894
0.4571855
0.4688101
0.4971296
0.4831293
0.4957500
0.4784058
0.5147624
0.5126518
0.5321016
0.5077590
0.5320927
0.4822201
0.5093796
0.5085676
0.4745879
0.4795173
0.5165316
0.5207930
0.4803283
0.4675498
0.4860261
0.4881341
0.4684563
0.4694391
0.5071256
0.4791186
0.5294305
0.4977769
0.5299780
0.4574874
0.5091606
0.5248249
0.4899794
0.5009211
0.5114352
0.5231217
0.4975559
0.4867632
0.4969923
0.4970894
0.4571855
0.4688101
0.4971296
0.4831293
0.4957500
0.4784058
0.5147624
0.5126518
0.5321016
0.5077590
0.5320927
0.4822201
0.5093796
0.5085676
0.4745879
0.4795173
0.5165316
0.5207930
0.4803283
0.4675498
0.4860261
0.4881341
0.4684563
0.4694391
0.5071256
0.4791186
0.5294305
0.4977769
0.5299780
0.4574874
0.5091606
0.5248249
0.4899794
0.5009211
0.5114352
0.5231217
0.4975559
0.4867632
0.4969923
0.4970894
0.4571855
0.4688101
0.4971296
0.4831293
0.4957500
0.4784058
0.5147624
0.5126518
0.5321016
0.5077590
0.5320927
0.4822201
0.5093796
0.5085676
0.4745879
0.4795173
0.5165316
0.5207930
0.4803283
0.4675498
0.4860261
0.4881341
0.4684563
0.4694391
0.5071256
0.4791186
0.5294305
0.4977769
0.5299780
0.4574874
0.5091606
0.5248249
0.4899794
0.5009211
0.5114352
0.5231217
0.4975559
0.4867632
0.4969923
0.4970894
0.4571855
0.4688101
0.4971296
0.4831293
0.4957500
0.4784058
0.5147624
0.5126518
0.5321016
0.5077590
0.5320927
0.4822201
0.5093796
0.5085676
0.4745879
0.4795173
0.5165316
0.5207930
0.4803283
0.4675498
0.4860261
0.4881341
0.4684563
0.4694391
0.5071256
0.4791186
0.5294305
0.4977769
0.5299780
0.4574874
0.5091606
0.5248249
0.4899794
0.5009211
0.5114352
0.5231217
0.4975559
0.4867632
0.4969923
0.4970894
0.4571855
0.4688101
0.4971296
0.4831293
0.4957500
0.4784058
0.5147624
0.5126518
0.5321016
0.5077590
0.5320927
0.4822201
0.5093796
0.5085676
0.4745879
0.4795173
0.5165316
0.5207930
0.4803283
0.4675498
0.4860261
0.4881341
0.4684563
0.4694391
0.5071256
0.4791186
0.5294305
0.4977769
0.5299780
0.4574874
0.5091606
0.5248249
0.4899794
0.5009211
0.5114352
0.5231217
0.4975559
0.4867632
0.4969923
0.4970894
0.4571855
0.4688101
0.4971296
0.4831293
0.4957500
0.4784058
0.5147624
0.5126518
0.5321016
0.5077590
0.5320927
0.4822201
0.5093796
0.5085676
0.4745879
0.4795173
0.5165316
0.5207930
0.4803283
0.4675498
0.4860261
0.4881341
0.4684563
0.4694391
0.5071256
0.4791186
0.5294305
0.4977769
0.5299780
0.4574874
0.5091606
0.5248249
0.4899794
0.5009211
0.5114352
0.5231217
0.4975559
0.4867632
0.4969923
0.4970894
0.4571855
0.4688101
0.4971296
0.4831293
0.4957500
0.4784058
0.5147624
0.5126518
0.5321016
0.5077590
0.5320927
0.4822201
0.5093796
0.5085676
0.4745879
0.4795173
0.5165316
0.5207930
0.4803283
0.4675498
0.4860261
0.4881341
0.4684563
0.4694391
0.5071256
0.4791186
0.5294305
0.4977769
0.5299780
0.4574874
0.5091606
0.5248249
0.4899794
0.5009211
0.5114352
0.5231217
0.4975559
0.4867632
0.4969923
0.4970894
0.4571855
0.4688101
0.4971296
0.4831293
0.4957500
0.4784058
0.5147624
0.5126518
0.5321016
0.5077590
0.5320927
0.4822201
0.5093796
0.5085676
0.4745879
0.4795173
0.5165316
0.5207930
0.4803283
0.4675498
0.4860261
0.4881341
0.4684563
0.4694391
0.5071256
0.4791186
0.5294305
0.4977769
0.5299780
0.4574874
0.5091606
0.5248249
0.4899794
0.5009211
0.5114352
0.5231217
0.4975559
0.4867632
0.4969923
0.4970894
0.4571855
0.4688101
0.4971296
0.4831293
0.4957500
0.4784058
0.5147624
0.5126518
0.5321016
0.5077590
0.5320927
0.4822201
0.5093796
0.5085676
0.4745879
0.4795173
0.5165316
0.5207930
0.4803283
0.4675498
0.4860261
0.4881341
0.4684563
0.4694391
0.5071256
0.4791186
0.5294305
0.4977769
0.5299780
0.4574874
0.5091606
0.5248249
0.4899794
0.5009211
0.5114352
0.5231217
0.4975559
0.4867632
0.4969923
0.4970894
0.4571855
0.4688101
0.4971296
0.4831293
0.4957500
0.4784058
0.5147624
0.5126518
0.5321016
0.5077590
0.5320927
0.4822201
0.5093796
0.5085676
0.4745879
0.4795173
0.5165316
0.5207930
0.4803283
0.4675498
0.4860261
0.4881341
0.4684563
0.4694391
0.5071256
0.4791186
0.5294305
0.4977769
0.5299780
0.4574874
0.5091606
0.5248249
0.4899794
0.5009211
0.5114352
0.5231217
0.4975559
0.4867632
0.4969923
0.4970894
0.4571855
0.4688101
0.4971296
0.4831293
0.4957500
0.4784058
0.5147624
0.5126518
0.5321016
0.5077590
0.5320927
0.4822201
0.5093796
0.5085676
0.4745879
0.4795173
0.5165316
0.5207930
0.4803283
0.4675498
0.4860261
0.4881341
0.4684563
0.4694391
0.5071256
0.4791186
0.5294305
0.4977769
0.5299780
0.4574874
0.5091606
0.5248249
0.4899794
0.5009211
0.5114352
0.5231217
0.4975559
0.4867632
0.4969923
0.4970894
0.4571855
0.4688101
0.4971296
0.4831293
0.4957500
0.4784058
0.5147624
0.5126518
0.5321016
0.5077590
0.5320927
0.4822201
0.5093796
0.5085676
0.4745879
0.4795173
0.5165316
0.5207930
0.4803283
0.4675498
0.4860261
0.4881341
0.4684563
0.4694391
0.5071256
0.4791186
0.5294305
0.4977769
0.5299780
0.4574874
0.5091606
0.5248249
0.4899794
0.5009211
0.5114352
0.5231217
0.4975559
0.4867632
0.4969923
0.4970894
0.4571855
0.4688101
0.4971296
0.4831293
0.4957500
0.4784058
0.5147624
0.5126518
0.5321016
0.5077590
0.5320927
0.4822201
0.5093796
0.5085676
0.4745879
0.4795173
0.5165316
0.5207930
0.4803283
0.4675498
0.4860261
0.4881341
0.4684563
0.4694391
0.5071256
0.4791186
0.5294305
0.4977769
0.5299780
0.4574874
0.5091606
0.5248249
0.4899794
0.5009211
0.5114352
0.5231217
0.4975559
0.4867632
0.4969923
0.4970894
0.4571855
0.4688101
0.4971296
0.4831293
0.4957500
0.4784058
0.5147624
0.5126518
0.5321016
0.5077590
0.5320927
0.4822201
0.5093796
0.5085676
0.4745879
0.4795173
0.5165316
0.5207930
0.4803283
0.4675498
0.4860261
0.4881341
0.4684563
0.4694391
0.5071256
0.4791186
0.5294305
0.4977769
0.5299780
0.4574874
0.5091606
0.5248249
0.4899794
0.5009211
0.5114352
0.5231217
0.4975559
0.4867632
0.4969923
0.4970894
0.4571855
0.4688101
0.4971296
0.4831293
0.4957500
0.4784058
0.5147624
0.5126518
0.5321016
0.5077590
0.5320927
0.4822201
0.5093796
0.5085676
0.4745879
0.4795173
0.5165316
0.5207930
0.4803283
0.4675498
0.4860261
0.4881341
0.4684563
0.4694391
0.5071256
0.4791186
0.5294305
0.4977769
0.5299780
0.4574874
0.5091606
0.5248249
0.4899794
0.5009211
0.5114352
0.5231217
0.4975559
0.4867632
0.4969923
0.4970894
0.4571855
0.4688101
0.4971296
0.4831293
0.4957500
0.4784058
0.5147624
0.5126518
0.5321016
0.5077590
0.5320927
0.4822201
0.5093796
0.5085676
0.4745879
0.4795173
0.5165316
0.5207930
0.4803283
0.4675498
0.4860261
0.4881341
0.4684563
0.4694391
0.5071256
0.4791186
0.5294305
0.4977769
0.5299780
0.4574874
0.5091606
0.5248249
0.4899794
0.5009211
0.5114352
0.5231217
0.4975559
0.4867632
0.4969923
0.4970894
0.4571855
0.4688101
0.4971296
0.4831293
0.4957500
0.4784058
0.5147624
0.5126518
0.5321016
0.5077590
0.5320927
0.4822201
0.5093796
0.5085676
0.4745879
0.4795173
0.5165316
0.5207930
0.4803283
0.4675498
0.4860261
0.4881341
0.4684563
0.4694391
0.5071256
0.4791186
0.5294305
0.4977769
0.5299780
0.4574874
0.5091606
0.5248249
0.4899794
0.5009211
0.5114352
0.5231217
0.4975559
0.4867632
0.4969923
0.4970894
0.4571855
0.4688101
0.4971296
0.4831293
0.4957500
0.4784058
0.5147624
0.5126518
0.5321016
0.5077590
0.5320927
0.4822201
0.5093796
0.5085676
0.4745879
0.4795173
0.5165316
0.5207930
0.4803283
0.4675498
0.4860261
0.4881341
0.4684563
0.4694391
0.5071256
0.4791186
0.5294305
0.4977769
0.5299780
0.4574874
0.5091606
0.5248249
0.4899794
0.5009211
0.5114352
0.5231217
0.4975559
0.4867632
0.4969923
0.4970894
0.4571855
0.4688101
0.4971296
0.4831293
0.4957500
0.4784058
0.5147624
0.5126518
0.5321016
0.5077590
0.5320927
0.4822201
0.5093796
0.5085676
0.4745879
0.4795173
0.5165316
0.5207930
0.4803283
0.4675498
0.4860261
0.4881341
0.4684563
0.4694391
0.5071256
0.4791186
0.5294305
0.4977769
0.5299780
0.4574874
0.5091606
0.5248249
0.4899794
0.5009211
0.5114352
0.5231217
0.4975559
0.4867632
0.4969923
0.4970894
0.4571855
0.4688101
0.4971296
0.4831293
0.4957500
0.4784058
0.5147624
0.5126518
0.5321016
0.5077590
0.5320927
0.4822201
0.5093796
0.5085676
0.4745879
0.4795173
0.5165316
0.5207930
0.4803283
0.4675498
0.4860261
0.4881341
0.4684563
0.4694391
0.5071256
0.4791186
0.5294305
0.4977769
0.5299780
0.4574874
0.5091606
0.5248249
0.4899794
0.5009211
0.5114352
0.5231217
0.4975559
0.4867632
0.4969923
0.4970894
0.4571855
0.4688101
0.4971296
0.4831293
0.4957500
0.4784058
0.5147624
0.5126518
0.5321016
0.5077590
0.5320927
0.4822201
0.5093796
0.5085676
0.4745879
0.4795173
0.5165316
0.5207930
0.4803283
0.4675498
0.4860261
0.4881341
0.4684563
0.4694391
0.5071256
0.4791186
0.5294305
0.4977769
0.5299780
0.4574874
0.5091606
0.5248249
0.4899794
0.5009211
0.5114352
0.5231217
0.4975559
0.4867632
0.4969923
0.4970894
0.4571855
0.4688101
0.4971296
0.4831293
0.4957500
0.4784058
0.5147624
0.5126518
0.5321016
0.5077590
0.5320927
0.4822201
0.5093796
0.5085676
0.4745879
0.4795173
0.5165316
0.5207930
0.4803283
0.4675498
0.4860261
0.4881341
0.4684563
0.4694391
0.5071256
0.4791186
0.5294305
0.4977769
0.5299780
0.4574874
0.5091606
0.5248249
0.4899794
0.5009211
0.5114352
0.5231217
0.4975559
0.4867632
0.4969923
0.4970894
0.4571855
0.4688101
0.4971296
0.4831293
0.4957500
0.4784058
0.5147624
0.5126518
0.5321016
0.5077590
0.5320927
0.4822201
0.5093796
0.5085676
0.4745879
0.4795173
0.5165316
0.5207930
0.4803283
0.4675498
0.4860261
0.4881341
0.4684563
0.4694391
0.5071256
0.4791186
0.5294305
0.4977769
0.5299780
0.4574874
0.5091606
0.5248249
0.4899794
0.5009211
0.5114352
0.5231217
0.4975559
0.4867632
0.4969923
0.4970894
0.4571855
0.4688101
0.4971296
0.4831293
0.4957500
0.4784058
0.5147624
0.5126518
0.5321016
0.5077590
0.5320927
0.4822201
0.5093796
0.5085676
0.4745879
0.4795173
0.5165316
0.5207930
0.4803283
0.4675498
0.4860261
0.4881341
0.4684563
0.4694391
0.5071256
0.4791186
0.5294305
0.4977769
0.5299780
0.4574874
0.5091606
0.5248249
0.4899794
0.5009211
0.5114352
0.5231217
0.4975559
0.4867632
0.4969923
0.4970894
0.4571855
0.4688101
0.4971296
0.4831293
0.4957500
0.4784058
0.5147624
0.5126518
0.5321016
0.5077590
0.5320927
0.4822201
0.5093796
0.5085676
0.4745879
0.4795173
0.5165316
0.5207930
0.4803283
0.4675498
0.4860261
0.4881341
0.4684563
0.4694391
0.5071256
0.4791186
0.5294305
0.4977769
0.5299780
0.4574874
0.5091606
0.5248249
0.4899794
0.5009211
0.5114352
0.5231217
0.4975559
0.4867632
0.4969923
0.4970894
0.4571855
0.4688101
0.4971296
0.4831293
0.4957500
0.4784058
0.5147624
0.5126518
0.5321016
0.5077590
0.5320927
0.4822201
0.5093796
0.5085676
0.4745879
0.4795173
0.5165316
0.5207930
0.4803283
0.4675498
0.4860261
0.4881341
0.4684563
0.4694391
0.5071256
0.4791186
0.5294305
0.4977769
0.5299780
0.4574874
0.5091606
0.5248249
0.4899794
0.5009211
0.5114352
0.5231217
0.4975559
0.4867632
0.4969923
0.4970894
0.4571855
0.4688101
0.4971296
0.4831293
0.4957500
0.4784058
0.5147624
0.5126518
0.5321016
0.5077590
0.5320927
0.4822201
0.5093796
0.5085676
0.4745879
0.4795173
0.5165316
0.5207930
0.4803283
0.4675498
0.4860261
0.4881341
0.4684563
0.4694391
0.5071256
0.4791186
0.5294305
0.4977769
0.5299780
0.4574874
0.5091606
0.5248249
0.4899794
0.5009211
0.5114352
0.5231217
0.4975559
0.4867632
0.4969923
0.4970894
0.4571855
0.4688101
0.4971296
0.4831293
0.4957500
0.4784058
0.5147624
0.5126518
0.5321016
0.5077590
0.5320927
0.4822201
0.5093796
0.5085676
0.4745879
0.4795173
0.5165316
0.5207930
0.4803283
0.4675498
0.4860261
0.4881341
0.4684563
0.4694391
0.5071256
0.4791186
0.5294305
0.4977769
0.5299780
0.4574874
0.5091606
0.5248249
0.4899794
0.5009211
0.5114352
0.5231217
0.4975559
0.4867632
0.4969923
0.4970894
0.4571855
0.4688101
0.4971296
0.4831293
0.4957500
0.4784058
0.5147624
0.5126518
0.5321016
0.5077590
0.5320927
0.4822201
0.5093796
0.5085676
0.4745879
0.4795173
0.5165316
0.5207930
0.4803283
0.4675498
0.4860261
0.4881341
0.4684563
0.4694391
0.5071256
0.4791186
0.5294305
0.4977769
0.5299780
0.4574874
0.5091606
0.5248249
0.4899794
0.5009211
0.5114352
0.5231217
0.4975559
0.4867632
0.4969923
0.4970894
0.4571855
0.4688101
0.4971296
0.4831293
0.4957500
0.4784058
0.5147624
0.5126518
0.5321016
0.5077590
0.5320927
0.4822201
0.5093796
0.5085676
0.4745879
0.4795173
0.5165316
0.5207930
0.4803283
0.4675498
0.4860261
0.4881341
0.4684563
0.4694391
0.5071256
0.4791186
0.5294305
0.4977769
0.5299780
0.4574874
0.5091606
0.5248249
0.4899794
0.5009211
0.5114352
0.5231217
0.4975559
0.4867632
0.4969923
0.4970894
0.4571855
0.4688101
0.4971296
0.4831293
0.4957500
0.4784058
0.5147624
0.5126518
0.5321016
0.5077590
0.5320927
0.4822201
0.5093796
0.5085676
0.4745879
0.4795173
0.5165316
0.5207930
0.4803283
0.4675498
0.4860261
0.4881341
0.4684563
0.4694391
0.5071256
0.4791186
0.5294305
0.4977769
0.5299780
0.4574874
0.5091606
0.5248249
0.4899794
0.5009211
0.5114352
0.5231217
0.4975559
0.4867632
0.4969923
0.4970894
0.4571855
0.4688101
0.4971296
0.4831293
0.4957500
0.4784058
0.5147624
0.5126518
0.5321016
0.5077590
0.5320927
0.4822201
0.5093796
0.5085676
0.4745879
0.4795173
0.5165316
0.5207930
0.4803283
0.4675498
0.4860261
0.4881341
0.4684563
0.4694391
0.5071256
0.4791186
0.5294305
0.4977769
0.5299780
0.4574874
0.5091606
0.5248249
0.4899794
0.5009211
0.5114352
0.5231217
0.4975559
0.4867632
0.4969923
0.4970894
0.4571855
0.4688101
0.4971296
0.4831293
0.4957500
0.4784058
0.5147624
0.5126518
0.5321016
0.5077590
0.5320927
0.4822201
0.5093796
0.5085676
0.4745879
0.4795173
0.5165316
0.5207930
0.4803283
0.4675498
0.4860261
0.4881341
0.4684563
0.4694391
0.5071256
0.4791186
0.5294305
0.4977769
0.5299780
0.4574874
0.5091606
0.5248249
0.4899794
0.5009211
0.5114352
0.5231217
0.4975559
0.4867632
0.4969923
0.4970894
0.4571855
0.4688101
0.4971296
0.4831293
0.4957500
0.4784058
0.5147624
0.5126518
0.5321016
0.5077590
0.5320927
0.4822201
0.5093796
0.5085676
0.4745879
0.4795173
0.5165316
0.5207930
0.4803283
0.4675498
0.4860261
0.4881341
0.4684563
0.4694391
0.5071256
0.4791186
0.5294305
0.4977769
0.5299780
0.4574874
0.5091606
0.5248249
0.4899794
0.5009211
0.5114352
0.5231217
0.4975559
0.4867632
0.4969923
0.4970894
0.4571855
0.4688101
0.4971296
0.4831293
0.4957500
0.4784058
0.5147624
0.5126518
0.5321016
0.5077590
0.5320927
0.4822201
0.5093796
0.5085676
0.4745879
0.4795173
0.5165316
0.5207930
0.4803283
0.4675498
0.4860261
0.4881341
0.4684563
0.4694391
0.5071256
0.4791186
0.5294305
0.4977769
0.5299780
0.4574874
0.5091606
0.5248249
0.4899794
0.5009211
0.5114352
0.5231217
0.4975559
0.4867632
0.4969923
0.4970894
0.4571855
0.4688101
0.4971296
0.4831293
0.4957500
0.4784058
0.5147624
0.5126518
0.5321016
0.5077590
0.5320927
0.4822201
0.5093796
0.5085676
0.4745879
0.4795173
0.5165316
0.5207930
0.4803283
0.4675498
0.4860261
0.4881341
0.4684563
0.4694391
0.5071256
0.4791186
0.5294305
0.4977769
0.5299780
0.4574874
0.5091606
0.5248249
0.4899794
0.5009211
0.5114352
0.5231217
0.4975559
0.4867632
0.4969923
0.4970894
0.4571855
0.4688101
0.4971296
0.4831293
0.4957500
0.4784058
0.5147624
0.5126518
0.5321016
0.5077590
0.5320927
0.4822201
0.5093796
0.5085676
0.4745879
0.4795173
0.5165316
0.5207930
0.4803283
0.4675498
0.4860261
0.4881341
0.4684563
0.4694391
0.5071256
0.4791186
0.5294305
0.4977769
0.5299780
0.4574874
0.5091606
0.5248249
0.4899794
0.5009211
0.5114352
0.5231217
0.4975559
0.4867632
0.4969923
0.4970894
0.4571855
0.4688101
0.4971296
0.4831293
0.4957500
0.4784058
0.5147624
0.5126518
0.5321016
0.5077590
0.5320927
0.4822201
0.5093796
0.5085676
0.4745879
0.4795173
0.5165316
0.5207930
0.4803283
0.4675498
0.4860261
0.4881341
0.4684563
0.4694391
0.5071256
0.4791186
0.5294305
0.4977769
0.5299780
0.4574874
0.5091606
0.5248249
0.4899794
0.5009211
0.5114352
0.5231217
0.4975559
0.4867632
0.4969923
0.4970894
0.4571855
0.4688101
0.4971296
0.4831293
0.4957500
0.4784058
0.5147624
0.5126518
0.5321016
0.5077590
0.5320927
0.4822201
0.5093796
0.5085676
0.4745879
0.4795173
0.5165316
0.5207930
0.4803283
0.4675498
0.4860261
0.4881341
0.4684563
0.4694391
0.5071256
0.4791186
0.5294305
0.4977769
0.5299780
0.4574874
0.5091606
0.5248249
0.4899794
0.5009211
0.5114352
0.5231217
0.4975559
0.4867632
0.4969923
0.4970894
0.4571855
0.4688101
0.4971296
0.4831293
0.4957500
0.4784058
0.5147624
0.5126518
0.5321016
0.5077590
0.5320927
0.4822201
0.5093796
0.5085676
0.4745879
0.4795173
0.5165316
0.5207930
0.4803283
0.4675498
0.4860261
0.4881341
0.4684563
0.4694391
0.5071256
0.4791186
0.5294305
0.4977769
0.5299780
0.4574874
0.5091606
0.5248249
0.4899794
0.5009211
0.5114352
0.5231217
0.4975559
0.4867632
0.4969923
0.4970894
0.4571855
0.4688101
0.4971296
0.4831293
0.4957500
0.4784058
0.5147624
0.5126518
0.5321016
0.5077590
0.5320927
0.4822201
0.5093796
0.5085676
0.4745879
0.4795173
0.5165316
0.5207930
0.4803283
0.4675498
0.4860261
0.4881341
0.4684563
0.4694391
0.5071256
0.4791186
0.5294305
0.4977769
0.5299780
0.4574874
0.5091606
0.5248249
0.4899794
0.5009211
0.5114352
0.5231217
0.4975559
0.4867632
0.4969923
0.4970894
0.4571855
0.4688101
0.4971296
0.4831293
0.4957500
0.4784058
0.5147624
0.5126518
0.5321016
0.5077590
0.5320927
0.4822201
0.5093796
0.5085676
0.4745879
0.4795173
0.5165316
0.5207930
0.4803283
0.4675498
0.4860261
0.4881341
0.4684563
0.4694391
0.5071256
0.4791186
0.5294305
0.4977769
0.5299780
0.4574874
0.5091606
0.5248249
0.4899794
0.5009211
0.5114352
0.5231217
0.4975559
0.4867632
0.4969923
0.4970894
0.4571855
0.4688101
0.4971296
0.4831293
0.4957500
0.4784058
0.5147624
0.5126518
0.5321016
0.5077590
0.5320927
0.4822201
0.5093796
0.5085676
0.4745879
0.4795173
0.5165316
0.5207930
0.4803283
0.4675498
0.4860261
0.4881341
0.4684563
0.4694391
0.5071256
0.4791186
0.5294305
0.4977769
0.5299780
0.4574874
0.5091606
0.5248249
0.4899794
0.5009211
0.5114352
0.5231217
0.4975559
0.4867632
0.4969923
0.4970894
0.4571855
0.4688101
0.4971296
0.4831293
0.4957500
0.4784058
0.5147624
0.5126518
0.5321016
0.5077590
0.5320927
0.4822201
0.5093796
0.5085676
0.4745879
0.4795173
0.5165316
0.5207930
0.4803283
0.4675498
0.4860261
0.4881341
0.4684563
0.4694391
0.5071256
0.4791186
0.5294305
0.4977769
0.5299780
0.4574874
0.5091606
0.5248249
0.4899794
0.5009211
0.5114352
0.5231217
0.4975559
0.4867632
0.4969923
0.4970894
0.4571855
0.4688101
0.4971296
0.4831293
0.4957500
0.4784058
0.5147624
0.5126518
0.5321016
0.5077590
0.5320927
0.4822201
0.5093796
0.5085676
0.4745879
0.4795173
0.5165316
0.5207930
0.4803283
0.4675498
0.4860261
0.4881341
0.4684563
0.4694391
0.5071256
0.4791186
0.5294305
0.4977769
0.5299780
0.4574874
0.5091606
0.5248249
0.4899794
0.5009211
0.5114352
0.5231217
0.4975559
0.4867632
0.4969923
0.4970894
0.4571855
0.4688101
0.4971296
0.4831293
0.4957500
0.4784058
0.5147624
0.5126518
0.5321016
0.5077590
0.5320927
0.4822201
0.5093796
0.5085676
0.4745879
0.4795173
0.5165316
0.5207930
0.4803283
0.4675498
0.4860261
0.4881341
0.4684563
0.4694391
0.5071256
0.4791186
0.5294305
0.4977769
0.5299780
0.4574874
0.5091606
0.5248249
0.4899794
0.5009211
0.5114352
0.5231217
0.4975559
0.4867632
0.4969923
0.4970894
0.4571855
0.4688101
0.4971296
0.4831293
0.4957500
0.4784058
0.5147624
0.5126518
0.5321016
0.5077590
0.5320927
0.4822201
0.5093796
0.5085676
0.4745879
0.4795173
0.5165316
0.5207930
0.4803283
0.4675498
0.4860261
0.4881341
0.4684563
