17.93810
18.79349
18.13021
19.23590
17.77355
16.65036
16.95472
17.35291
18.45432
18.26365
17.94655
16.48180
17.73416
17.18065
18.08072
18.59115
18.82656
17.65877
18.13034
16.41330
19.11181
17.00868
18.54176
18.07524
17.62294
18.05485
18.52644
16.89708
17.86544
17.99798
18.29077
17.07972
17.66467
18.91389
19.86596
18.75266
18.14031
17.84970
16.92198
16.47714
17.93810
18.79349
18.13021
19.23590
17.77355
16.65036
16.95472
17.35291
18.45432
18.26365
17.94655
16.48180
17.73416
17.18065
18.08072
18.59115
18.82656
17.65877
18.13034
16.41330
19.11181
17.00868
18.54176
18.07524
17.62294
18.05485
18.52644
16.89708
17.86544
17.99798
18.29077
17.07972
17.66467
18.91389
19.86596
18.75266
18.14031
17.84970
16.92198
16.47714
17.93810
18.79349
18.13021
19.23590
17.77355
16.65036
16.95472
17.35291
18.45432
18.26365
17.94655
16.48180
17.73416
17.18065
18.08072
18.59115
18.82656
17.65877
18.13034
16.41330
19.11181
17.00868
18.54176
18.07524
17.62294
18.05485
18.52644
16.89708
17.86544
17.99798
18.29077
17.07972
17.66467
18.91389
19.86596
18.75266
18.14031
17.84970
16.92198
16.47714
17.93810
18.79349
18.13021
19.23590
17.77355
16.65036
16.95472
17.35291
18.45432
18.26365
17.94655
16.48180
17.73416
17.18065
18.08072
18.59115
18.82656
17.65877
18.13034
16.41330
19.11181
17.00868
18.54176
18.07524
17.62294
18.05485
18.52644
16.89708
17.86544
17.99798
18.29077
17.07972
17.66467
18.91389
19.86596
18.75266
18.14031
17.84970
16.92198
16.47714
17.93810
18.79349
18.13021
19.23590
17.77355
16.65036
16.95472
17.35291
18.45432
18.26365
17.94655
16.48180
17.73416
17.18065
18.08072
18.59115
18.82656
17.65877
18.13034
16.41330
19.11181
17.00868
18.54176
18.07524
17.62294
18.05485
18.52644
16.89708
17.86544
17.99798
18.29077
17.07972
17.66467
18.91389
19.86596
18.75266
18.14031
17.84970
16.92198
16.47714
17.93810
18.79349
18.13021
19.23590
17.77355
16.65036
16.95472
17.35291
18.45432
18.26365
17.94655
16.48180
17.73416
17.18065
18.08072
18.59115
18.82656
17.65877
18.13034
16.41330
19.11181
17.00868
18.54176
18.07524
17.62294
18.05485
18.52644
16.89708
17.86544
17.99798
18.29077
17.07972
17.66467
18.91389
19.86596
18.75266
18.14031
17.84970
16.92198
16.47714
17.93810
18.79349
18.13021
19.23590
17.77355
16.65036
16.95472
17.35291
18.45432
18.26365
17.94655
16.48180
17.73416
17.18065
18.08072
18.59115
18.82656
17.65877
18.13034
16.41330
19.11181
17.00868
18.54176
18.07524
17.62294
18.05485
18.52644
16.89708
17.86544
17.99798
18.29077
17.07972
17.66467
18.91389
19.86596
18.75266
18.14031
17.84970
16.92198
16.47714
17.93810
18.79349
18.13021
19.23590
17.77355
16.65036
16.95472
17.35291
18.45432
18.26365
17.94655
16.48180
17.73416
17.18065
18.08072
18.59115
18.82656
17.65877
18.13034
16.41330
19.11181
17.00868
18.54176
18.07524
17.62294
18.05485
18.52644
16.89708
17.86544
17.99798
18.29077
17.07972
17.66467
18.91389
19.86596
18.75266
18.14031
17.84970
16.92198
16.47714
17.93810
18.79349
18.13021
19.23590
17.77355
16.65036
16.95472
17.35291
18.45432
18.26365
17.94655
16.48180
17.73416
17.18065
18.08072
18.59115
18.82656
17.65877
18.13034
16.41330
19.11181
17.00868
18.54176
18.07524
17.62294
18.05485
18.52644
16.89708
17.86544
17.99798
18.29077
17.07972
17.66467
18.91389
19.86596
18.75266
18.14031
17.84970
16.92198
16.47714
17.93810
18.79349
18.13021
19.23590
17.77355
16.65036
16.95472
17.35291
18.45432
18.26365
17.94655
16.48180
17.73416
17.18065
18.08072
18.59115
18.82656
17.65877
18.13034
16.41330
19.11181
17.00868
18.54176
18.07524
17.62294
18.05485
18.52644
16.89708
17.86544
17.99798
18.29077
17.07972
17.66467
18.91389
19.86596
18.75266
18.14031
17.84970
16.92198
16.47714
17.93810
18.79349
18.13021
19.23590
17.77355
16.65036
16.95472
17.35291
18.45432
18.26365
17.94655
16.48180
17.73416
17.18065
18.08072
18.59115
18.82656
17.65877
18.13034
16.41330
19.11181
17.00868
18.54176
18.07524
17.62294
18.05485
18.52644
16.89708
17.86544
17.99798
18.29077
17.07972
17.66467
18.91389
19.86596
18.75266
18.14031
17.84970
16.92198
16.47714
17.93810
18.79349
18.13021
19.23590
17.77355
16.65036
16.95472
17.35291
18.45432
18.26365
17.94655
16.48180
17.73416
17.18065
18.08072
18.59115
18.82656
17.65877
18.13034
16.41330
19.11181
17.00868
18.54176
18.07524
17.62294
18.05485
18.52644
16.89708
17.86544
17.99798
18.29077
17.07972
17.66467
18.91389
19.86596
18.75266
18.14031
17.84970
16.92198
16.47714
17.93810
18.79349
18.13021
19.23590
17.77355
16.65036
16.95472
17.35291
18.45432
18.26365
17.94655
16.48180
17.73416
17.18065
18.08072
18.59115
18.82656
17.65877
18.13034
16.41330
19.11181
17.00868
18.54176
18.07524
17.62294
18.05485
18.52644
16.89708
17.86544
17.99798
18.29077
17.07972
17.66467
18.91389
19.86596
18.75266
18.14031
17.84970
16.92198
16.47714
17.93810
18.79349
18.13021
19.23590
17.77355
16.65036
16.95472
17.35291
18.45432
18.26365
17.94655
16.48180
17.73416
17.18065
18.08072
18.59115
18.82656
17.65877
18.13034
16.41330
19.11181
17.00868
18.54176
18.07524
17.62294
18.05485
18.52644
16.89708
17.86544
17.99798
18.29077
17.07972
17.66467
18.91389
19.86596
18.75266
18.14031
17.84970
16.92198
16.47714
17.93810
18.79349
18.13021
19.23590
17.77355
16.65036
16.95472
17.35291
18.45432
18.26365
17.94655
16.48180
17.73416
17.18065
18.08072
18.59115
18.82656
17.65877
18.13034
16.41330
19.11181
17.00868
18.54176
18.07524
17.62294
18.05485
18.52644
16.89708
17.86544
17.99798
18.29077
17.07972
17.66467
18.91389
19.86596
18.75266
18.14031
17.84970
16.92198
16.47714
17.93810
18.79349
18.13021
19.23590
17.77355
16.65036
16.95472
17.35291
18.45432
18.26365
17.94655
16.48180
17.73416
17.18065
18.08072
18.59115
18.82656
17.65877
18.13034
16.41330
19.11181
17.00868
18.54176
18.07524
17.62294
18.05485
18.52644
16.89708
17.86544
17.99798
18.29077
17.07972
17.66467
18.91389
19.86596
18.75266
18.14031
17.84970
16.92198
16.47714
17.93810
18.79349
18.13021
19.23590
17.77355
16.65036
16.95472
17.35291
18.45432
18.26365
17.94655
16.48180
17.73416
17.18065
18.08072
18.59115
18.82656
17.65877
18.13034
16.41330
19.11181
17.00868
18.54176
18.07524
17.62294
18.05485
18.52644
16.89708
17.86544
17.99798
18.29077
17.07972
17.66467
18.91389
19.86596
18.75266
18.14031
17.84970
16.92198
16.47714
17.93810
18.79349
18.13021
19.23590
17.77355
16.65036
16.95472
17.35291
18.45432
18.26365
17.94655
16.48180
17.73416
17.18065
18.08072
18.59115
18.82656
17.65877
18.13034
16.41330
19.11181
17.00868
18.54176
18.07524
17.62294
18.05485
18.52644
16.89708
17.86544
17.99798
18.29077
17.07972
17.66467
18.91389
19.86596
18.75266
18.14031
17.84970
16.92198
16.47714
17.93810
18.79349
18.13021
19.23590
17.77355
16.65036
16.95472
17.35291
18.45432
18.26365
17.94655
16.48180
17.73416
17.18065
18.08072
18.59115
18.82656
17.65877
18.13034
16.41330
19.11181
17.00868
18.54176
18.07524
17.62294
18.05485
18.52644
16.89708
17.86544
17.99798
18.29077
17.07972
17.66467
18.91389
19.86596
18.75266
18.14031
17.84970
16.92198
16.47714
17.93810
18.79349
18.13021
19.23590
17.77355
16.65036
16.95472
17.35291
18.45432
18.26365
17.94655
16.48180
17.73416
17.18065
18.08072
18.59115
18.82656
17.65877
18.13034
16.41330
19.11181
17.00868
18.54176
18.07524
17.62294
18.05485
18.52644
16.89708
17.86544
17.99798
18.29077
17.07972
17.66467
18.91389
19.86596
18.75266
18.14031
17.84970
16.92198
16.47714
17.93810
18.79349
18.13021
19.23590
17.77355
16.65036
16.95472
17.35291
18.45432
18.26365
17.94655
16.48180
17.73416
17.18065
18.08072
18.59115
18.82656
17.65877
18.13034
16.41330
19.11181
17.00868
18.54176
18.07524
17.62294
18.05485
18.52644
16.89708
17.86544
17.99798
18.29077
17.07972
17.66467
18.91389
19.86596
18.75266
18.14031
17.84970
16.92198
16.47714
17.93810
18.79349
18.13021
19.23590
17.77355
16.65036
16.95472
17.35291
18.45432
18.26365
17.94655
16.48180
17.73416
17.18065
18.08072
18.59115
18.82656
17.65877
18.13034
16.41330
19.11181
17.00868
18.54176
18.07524
17.62294
18.05485
18.52644
16.89708
17.86544
17.99798
18.29077
17.07972
17.66467
18.91389
19.86596
18.75266
18.14031
17.84970
16.92198
16.47714
17.93810
18.79349
18.13021
19.23590
17.77355
16.65036
16.95472
17.35291
18.45432
18.26365
17.94655
16.48180
17.73416
17.18065
18.08072
18.59115
18.82656
17.65877
18.13034
16.41330
19.11181
17.00868
18.54176
18.07524
17.62294
18.05485
18.52644
16.89708
17.86544
17.99798
18.29077
17.07972
17.66467
18.91389
19.86596
18.75266
18.14031
17.84970
16.92198
16.47714
17.93810
18.79349
18.13021
19.23590
17.77355
16.65036
16.95472
17.35291
18.45432
18.26365
17.94655
16.48180
17.73416
17.18065
18.08072
18.59115
18.82656
17.65877
18.13034
16.41330
19.11181
17.00868
18.54176
18.07524
17.62294
18.05485
18.52644
16.89708
17.86544
17.99798
18.29077
17.07972
17.66467
18.91389
19.86596
18.75266
18.14031
17.84970
16.92198
16.47714
17.93810
18.79349
18.13021
19.23590
17.77355
16.65036
16.95472
17.35291
18.45432
18.26365
17.94655
16.48180
17.73416
17.18065
18.08072
18.59115
18.82656
17.65877
18.13034
16.41330
19.11181
17.00868
18.54176
18.07524
17.62294
18.05485
18.52644
16.89708
17.86544
17.99798
18.29077
17.07972
17.66467
18.91389
19.86596
18.75266
18.14031
17.84970
16.92198
16.47714
17.93810
18.79349
18.13021
19.23590
17.77355
16.65036
16.95472
17.35291
18.45432
18.26365
17.94655
16.48180
17.73416
17.18065
18.08072
18.59115
18.82656
17.65877
18.13034
16.41330
19.11181
17.00868
18.54176
18.07524
17.62294
18.05485
18.52644
16.89708
17.86544
17.99798
18.29077
17.07972
17.66467
18.91389
19.86596
18.75266
18.14031
17.84970
16.92198
16.47714
17.93810
18.79349
18.13021
19.23590
17.77355
16.65036
16.95472
17.35291
18.45432
18.26365
17.94655
16.48180
17.73416
17.18065
18.08072
18.59115
18.82656
17.65877
18.13034
16.41330
19.11181
17.00868
18.54176
18.07524
17.62294
18.05485
18.52644
16.89708
17.86544
17.99798
18.29077
17.07972
17.66467
18.91389
19.86596
18.75266
18.14031
17.84970
16.92198
16.47714
17.93810
18.79349
18.13021
19.23590
17.77355
16.65036
16.95472
17.35291
18.45432
18.26365
17.94655
16.48180
17.73416
17.18065
18.08072
18.59115
18.82656
17.65877
18.13034
16.41330
19.11181
17.00868
18.54176
18.07524
17.62294
18.05485
18.52644
16.89708
17.86544
17.99798
18.29077
17.07972
17.66467
18.91389
19.86596
18.75266
18.14031
17.84970
16.92198
16.47714
17.93810
18.79349
18.13021
19.23590
17.77355
16.65036
16.95472
17.35291
18.45432
18.26365
17.94655
16.48180
17.73416
17.18065
18.08072
18.59115
18.82656
17.65877
18.13034
16.41330
19.11181
17.00868
18.54176
18.07524
17.62294
18.05485
18.52644
16.89708
17.86544
17.99798
18.29077
17.07972
17.66467
18.91389
19.86596
18.75266
18.14031
17.84970
16.92198
16.47714
17.93810
18.79349
18.13021
19.23590
17.77355
16.65036
16.95472
17.35291
18.45432
18.26365
17.94655
16.48180
17.73416
17.18065
18.08072
18.59115
18.82656
17.65877
18.13034
16.41330
19.11181
17.00868
18.54176
18.07524
17.62294
18.05485
18.52644
16.89708
17.86544
17.99798
18.29077
17.07972
17.66467
18.91389
19.86596
18.75266
18.14031
17.84970
16.92198
16.47714
17.93810
18.79349
18.13021
19.23590
17.77355
16.65036
16.95472
17.35291
18.45432
18.26365
17.94655
16.48180
17.73416
17.18065
18.08072
18.59115
18.82656
17.65877
18.13034
16.41330
19.11181
17.00868
18.54176
18.07524
17.62294
18.05485
18.52644
16.89708
17.86544
17.99798
18.29077
17.07972
17.66467
18.91389
19.86596
18.75266
18.14031
17.84970
16.92198
16.47714
17.93810
18.79349
18.13021
19.23590
17.77355
16.65036
16.95472
17.35291
18.45432
18.26365
17.94655
16.48180
17.73416
17.18065
18.08072
18.59115
18.82656
17.65877
18.13034
16.41330
19.11181
17.00868
18.54176
18.07524
17.62294
18.05485
18.52644
16.89708
17.86544
17.99798
18.29077
17.07972
17.66467
18.91389
19.86596
18.75266
18.14031
17.84970
16.92198
16.47714
17.93810
18.79349
18.13021
19.23590
17.77355
16.65036
16.95472
17.35291
18.45432
18.26365
17.94655
16.48180
17.73416
17.18065
18.08072
18.59115
18.82656
17.65877
18.13034
16.41330
19.11181
17.00868
18.54176
18.07524
17.62294
18.05485
18.52644
16.89708
17.86544
17.99798
18.29077
17.07972
17.66467
18.91389
19.86596
18.75266
18.14031
17.84970
16.92198
16.47714
17.93810
18.79349
18.13021
19.23590
17.77355
16.65036
16.95472
17.35291
18.45432
18.26365
17.94655
16.48180
17.73416
17.18065
18.08072
18.59115
18.82656
17.65877
18.13034
16.41330
19.11181
17.00868
18.54176
18.07524
17.62294
18.05485
18.52644
16.89708
17.86544
17.99798
18.29077
17.07972
17.66467
18.91389
19.86596
18.75266
18.14031
17.84970
16.92198
16.47714
17.93810
18.79349
18.13021
19.23590
17.77355
16.65036
16.95472
17.35291
18.45432
18.26365
17.94655
16.48180
17.73416
17.18065
18.08072
18.59115
18.82656
17.65877
18.13034
16.41330
19.11181
17.00868
18.54176
18.07524
17.62294
18.05485
18.52644
16.89708
17.86544
17.99798
18.29077
17.07972
17.66467
18.91389
19.86596
18.75266
18.14031
17.84970
16.92198
16.47714
17.93810
18.79349
18.13021
19.23590
17.77355
16.65036
16.95472
17.35291
18.45432
18.26365
17.94655
16.48180
17.73416
17.18065
18.08072
18.59115
18.82656
17.65877
18.13034
16.41330
19.11181
17.00868
18.54176
18.07524
17.62294
18.05485
18.52644
16.89708
17.86544
17.99798
18.29077
17.07972
17.66467
18.91389
19.86596
18.75266
18.14031
17.84970
16.92198
16.47714
17.93810
18.79349
18.13021
19.23590
17.77355
16.65036
16.95472
17.35291
18.45432
18.26365
17.94655
16.48180
17.73416
17.18065
18.08072
18.59115
18.82656
17.65877
18.13034
16.41330
19.11181
17.00868
18.54176
18.07524
17.62294
18.05485
18.52644
16.89708
17.86544
17.99798
18.29077
17.07972
17.66467
18.91389
19.86596
18.75266
18.14031
17.84970
16.92198
16.47714
17.93810
18.79349
18.13021
19.23590
17.77355
16.65036
16.95472
17.35291
18.45432
18.26365
17.94655
16.48180
17.73416
17.18065
18.08072
18.59115
18.82656
17.65877
18.13034
16.41330
19.11181
17.00868
18.54176
18.07524
17.62294
18.05485
18.52644
16.89708
17.86544
17.99798
18.29077
17.07972
17.66467
18.91389
19.86596
18.75266
18.14031
17.84970
16.92198
16.47714
17.93810
18.79349
18.13021
19.23590
17.77355
16.65036
16.95472
17.35291
18.45432
18.26365
17.94655
16.48180
17.73416
17.18065
18.08072
18.59115
18.82656
17.65877
18.13034
16.41330
19.11181
17.00868
18.54176
18.07524
17.62294
18.05485
18.52644
16.89708
17.86544
17.99798
18.29077
17.07972
17.66467
18.91389
19.86596
18.75266
18.14031
17.84970
16.92198
16.47714
17.93810
18.79349
18.13021
19.23590
17.77355
16.65036
16.95472
17.35291
18.45432
18.26365
17.94655
16.48180
17.73416
17.18065
18.08072
18.59115
18.82656
17.65877
18.13034
16.41330
19.11181
17.00868
18.54176
18.07524
17.62294
18.05485
18.52644
16.89708
17.86544
17.99798
18.29077
17.07972
17.66467
18.91389
19.86596
18.75266
18.14031
17.84970
16.92198
16.47714
17.93810
18.79349
18.13021
19.23590
17.77355
16.65036
16.95472
17.35291
18.45432
18.26365
17.94655
16.48180
17.73416
17.18065
18.08072
18.59115
18.82656
17.65877
18.13034
16.41330
19.11181
17.00868
18.54176
18.07524
17.62294
18.05485
18.52644
16.89708
17.86544
17.99798
18.29077
17.07972
17.66467
18.91389
19.86596
18.75266
18.14031
17.84970
16.92198
16.47714
17.93810
18.79349
18.13021
19.23590
17.77355
16.65036
16.95472
17.35291
18.45432
18.26365
17.94655
16.48180
17.73416
17.18065
18.08072
18.59115
18.82656
17.65877
18.13034
16.41330
19.11181
17.00868
18.54176
18.07524
17.62294
18.05485
18.52644
16.89708
17.86544
17.99798
18.29077
17.07972
17.66467
18.91389
19.86596
18.75266
18.14031
17.84970
16.92198
16.47714
17.93810
18.79349
18.13021
19.23590
17.77355
16.65036
16.95472
17.35291
18.45432
18.26365
17.94655
16.48180
17.73416
17.18065
18.08072
18.59115
18.82656
17.65877
18.13034
16.41330
19.11181
17.00868
18.54176
18.07524
17.62294
18.05485
18.52644
16.89708
17.86544
17.99798
18.29077
17.07972
17.66467
18.91389
19.86596
18.75266
18.14031
17.84970
16.92198
16.47714
17.93810
18.79349
18.13021
19.23590
17.77355
16.65036
16.95472
17.35291
18.45432
18.26365
17.94655
16.48180
17.73416
17.18065
18.08072
18.59115
18.82656
17.65877
18.13034
16.41330
19.11181
17.00868
18.54176
18.07524
17.62294
18.05485
18.52644
16.89708
17.86544
17.99798
18.29077
17.07972
17.66467
18.91389
19.86596
18.75266
18.14031
17.84970
16.92198
16.47714
17.93810
18.79349
18.13021
19.23590
17.77355
16.65036
16.95472
17.35291
18.45432
18.26365
17.94655
16.48180
17.73416
17.18065
18.08072
18.59115
18.82656
17.65877
18.13034
16.41330
19.11181
17.00868
18.54176
18.07524
17.62294
18.05485
18.52644
16.89708
17.86544
17.99798
18.29077
17.07972
17.66467
18.91389
19.86596
18.75266
18.14031
17.84970
16.92198
16.47714
17.93810
18.79349
18.13021
19.23590
17.77355
16.65036
16.95472
17.35291
18.45432
18.26365
17.94655
16.48180
17.73416
17.18065
18.08072
18.59115
18.82656
17.65877
18.13034
16.41330
19.11181
17.00868
18.54176
18.07524
17.62294
18.05485
18.52644
16.89708
17.86544
17.99798
18.29077
17.07972
17.66467
18.91389
19.86596
18.75266
18.14031
17.84970
16.92198
16.47714
17.93810
18.79349
18.13021
19.23590
17.77355
16.65036
16.95472
17.35291
18.45432
18.26365
17.94655
16.48180
17.73416
17.18065
18.08072
18.59115
18.82656
17.65877
18.13034
16.41330
19.11181
17.00868
18.54176
18.07524
17.62294
18.05485
18.52644
16.89708
17.86544
17.99798
18.29077
17.07972
17.66467
18.91389
19.86596
18.75266
18.14031
17.84970
16.92198
16.47714
17.93810
18.79349
18.13021
19.23590
17.77355
16.65036
16.95472
17.35291
18.45432
18.26365
17.94655
16.48180
17.73416
17.18065
18.08072
18.59115
18.82656
17.65877
18.13034
16.41330
19.11181
17.00868
18.54176
18.07524
17.62294
18.05485
18.52644
16.89708
17.86544
17.99798
18.29077
17.07972
17.66467
18.91389
19.86596
18.75266
18.14031
17.84970
16.92198
16.47714
17.93810
18.79349
18.13021
19.23590
17.77355
16.65036
16.95472
17.35291
18.45432
18.26365
17.94655
16.48180
17.73416
17.18065
18.08072
18.59115
18.82656
17.65877
18.13034
16.41330
19.11181
17.00868
18.54176
18.07524
17.62294
18.05485
18.52644
16.89708
17.86544
17.99798
18.29077
17.07972
17.66467
18.91389
19.86596
18.75266
18.14031
17.84970
16.92198
16.47714
17.93810
18.79349
18.13021
19.23590
17.77355
16.65036
16.95472
17.35291
18.45432
18.26365
17.94655
16.48180
17.73416
17.18065
18.08072
18.59115
18.82656
17.65877
18.13034
16.41330
19.11181
17.00868
18.54176
18.07524
17.62294
18.05485
18.52644
16.89708
17.86544
17.99798
18.29077
17.07972
17.66467
18.91389
19.86596
18.75266
18.14031
17.84970
16.92198
16.47714
