0.9629857
0.9448627
0.9505098
0.9687871
0.9822591
1.0505401
1.0060818
0.9816069
1.0345310
1.0041287
1.0244322
1.0121661
1.0456880
1.0131211
1.0118257
0.9911036
1.0254161
1.0207112
0.9843693
1.0247879
0.9773919
0.9733302
0.9780034
0.9598008
1.0994352
0.9217769
0.9374468
1.0019411
1.0024240
1.0168968
0.9173615
1.1056846
1.0156451
1.0461167
1.0308787
0.9793429
1.0187267
1.0761354
0.9381255
0.9269342
0.9629857
0.9448627
0.9505098
0.9687871
0.9822591
1.0505401
1.0060818
0.9816069
1.0345310
1.0041287
1.0244322
1.0121661
1.0456880
1.0131211
1.0118257
0.9911036
1.0254161
1.0207112
0.9843693
1.0247879
0.9773919
0.9733302
0.9780034
0.9598008
1.0994352
0.9217769
0.9374468
1.0019411
1.0024240
1.0168968
0.9173615
1.1056846
1.0156451
1.0461167
1.0308787
0.9793429
1.0187267
1.0761354
0.9381255
0.9269342
0.9629857
0.9448627
0.9505098
0.9687871
0.9822591
1.0505401
1.0060818
0.9816069
1.0345310
1.0041287
1.0244322
1.0121661
1.0456880
1.0131211
1.0118257
0.9911036
1.0254161
1.0207112
0.9843693
1.0247879
0.9773919
0.9733302
0.9780034
0.9598008
1.0994352
0.9217769
0.9374468
1.0019411
1.0024240
1.0168968
0.9173615
1.1056846
1.0156451
1.0461167
1.0308787
0.9793429
1.0187267
1.0761354
0.9381255
0.9269342
0.9629857
0.9448627
0.9505098
0.9687871
0.9822591
1.0505401
1.0060818
0.9816069
1.0345310
1.0041287
1.0244322
1.0121661
1.0456880
1.0131211
1.0118257
0.9911036
1.0254161
1.0207112
0.9843693
1.0247879
0.9773919
0.9733302
0.9780034
0.9598008
1.0994352
0.9217769
0.9374468
1.0019411
1.0024240
1.0168968
0.9173615
1.1056846
1.0156451
1.0461167
1.0308787
0.9793429
1.0187267
1.0761354
0.9381255
0.9269342
0.9629857
0.9448627
0.9505098
0.9687871
0.9822591
1.0505401
1.0060818
0.9816069
1.0345310
1.0041287
1.0244322
1.0121661
1.0456880
1.0131211
1.0118257
0.9911036
1.0254161
1.0207112
0.9843693
1.0247879
0.9773919
0.9733302
0.9780034
0.9598008
1.0994352
0.9217769
0.9374468
1.0019411
1.0024240
1.0168968
0.9173615
1.1056846
1.0156451
1.0461167
1.0308787
0.9793429
1.0187267
1.0761354
0.9381255
0.9269342
0.9629857
0.9448627
0.9505098
0.9687871
0.9822591
1.0505401
1.0060818
0.9816069
1.0345310
1.0041287
1.0244322
1.0121661
1.0456880
1.0131211
1.0118257
0.9911036
1.0254161
1.0207112
0.9843693
1.0247879
0.9773919
0.9733302
0.9780034
0.9598008
1.0994352
0.9217769
0.9374468
1.0019411
1.0024240
1.0168968
0.9173615
1.1056846
1.0156451
1.0461167
1.0308787
0.9793429
1.0187267
1.0761354
0.9381255
0.9269342
0.9629857
0.9448627
0.9505098
0.9687871
0.9822591
1.0505401
1.0060818
0.9816069
1.0345310
1.0041287
1.0244322
1.0121661
1.0456880
1.0131211
1.0118257
0.9911036
1.0254161
1.0207112
0.9843693
1.0247879
0.9773919
0.9733302
0.9780034
0.9598008
1.0994352
0.9217769
0.9374468
1.0019411
1.0024240
1.0168968
0.9173615
1.1056846
1.0156451
1.0461167
1.0308787
0.9793429
1.0187267
1.0761354
0.9381255
0.9269342
0.9629857
0.9448627
0.9505098
0.9687871
0.9822591
1.0505401
1.0060818
0.9816069
1.0345310
1.0041287
1.0244322
1.0121661
1.0456880
1.0131211
1.0118257
0.9911036
1.0254161
1.0207112
0.9843693
1.0247879
0.9773919
0.9733302
0.9780034
0.9598008
1.0994352
0.9217769
0.9374468
1.0019411
1.0024240
1.0168968
0.9173615
1.1056846
1.0156451
1.0461167
1.0308787
0.9793429
1.0187267
1.0761354
0.9381255
0.9269342
0.9629857
0.9448627
0.9505098
0.9687871
0.9822591
1.0505401
1.0060818
0.9816069
1.0345310
1.0041287
1.0244322
1.0121661
1.0456880
1.0131211
1.0118257
0.9911036
1.0254161
1.0207112
0.9843693
1.0247879
0.9773919
0.9733302
0.9780034
0.9598008
1.0994352
0.9217769
0.9374468
1.0019411
1.0024240
1.0168968
0.9173615
1.1056846
1.0156451
1.0461167
1.0308787
0.9793429
1.0187267
1.0761354
0.9381255
0.9269342
0.9629857
0.9448627
0.9505098
0.9687871
0.9822591
1.0505401
1.0060818
0.9816069
1.0345310
1.0041287
1.0244322
1.0121661
1.0456880
1.0131211
1.0118257
0.9911036
1.0254161
1.0207112
0.9843693
1.0247879
0.9773919
0.9733302
0.9780034
0.9598008
1.0994352
0.9217769
0.9374468
1.0019411
1.0024240
1.0168968
0.9173615
1.1056846
1.0156451
1.0461167
1.0308787
0.9793429
1.0187267
1.0761354
0.9381255
0.9269342
0.9629857
0.9448627
0.9505098
0.9687871
0.9822591
1.0505401
1.0060818
0.9816069
1.0345310
1.0041287
1.0244322
1.0121661
1.0456880
1.0131211
1.0118257
0.9911036
1.0254161
1.0207112
0.9843693
1.0247879
0.9773919
0.9733302
0.9780034
0.9598008
1.0994352
0.9217769
0.9374468
1.0019411
1.0024240
1.0168968
0.9173615
1.1056846
1.0156451
1.0461167
1.0308787
0.9793429
1.0187267
1.0761354
0.9381255
0.9269342
0.9629857
0.9448627
0.9505098
0.9687871
0.9822591
1.0505401
1.0060818
0.9816069
1.0345310
1.0041287
1.0244322
1.0121661
1.0456880
1.0131211
1.0118257
0.9911036
1.0254161
1.0207112
0.9843693
1.0247879
0.9773919
0.9733302
0.9780034
0.9598008
1.0994352
0.9217769
0.9374468
1.0019411
1.0024240
1.0168968
0.9173615
1.1056846
1.0156451
1.0461167
1.0308787
0.9793429
1.0187267
1.0761354
0.9381255
0.9269342
0.9629857
0.9448627
0.9505098
0.9687871
0.9822591
1.0505401
1.0060818
0.9816069
1.0345310
1.0041287
1.0244322
1.0121661
1.0456880
1.0131211
1.0118257
0.9911036
1.0254161
1.0207112
0.9843693
1.0247879
0.9773919
0.9733302
0.9780034
0.9598008
1.0994352
0.9217769
0.9374468
1.0019411
1.0024240
1.0168968
0.9173615
1.1056846
1.0156451
1.0461167
1.0308787
0.9793429
1.0187267
1.0761354
0.9381255
0.9269342
0.9629857
0.9448627
0.9505098
0.9687871
0.9822591
1.0505401
1.0060818
0.9816069
1.0345310
1.0041287
1.0244322
1.0121661
1.0456880
1.0131211
1.0118257
0.9911036
1.0254161
1.0207112
0.9843693
1.0247879
0.9773919
0.9733302
0.9780034
0.9598008
1.0994352
0.9217769
0.9374468
1.0019411
1.0024240
1.0168968
0.9173615
1.1056846
1.0156451
1.0461167
1.0308787
0.9793429
1.0187267
1.0761354
0.9381255
0.9269342
0.9629857
0.9448627
0.9505098
0.9687871
0.9822591
1.0505401
1.0060818
0.9816069
1.0345310
1.0041287
1.0244322
1.0121661
1.0456880
1.0131211
1.0118257
0.9911036
1.0254161
1.0207112
0.9843693
1.0247879
0.9773919
0.9733302
0.9780034
0.9598008
1.0994352
0.9217769
0.9374468
1.0019411
1.0024240
1.0168968
0.9173615
1.1056846
1.0156451
1.0461167
1.0308787
0.9793429
1.0187267
1.0761354
0.9381255
0.9269342
0.9629857
0.9448627
0.9505098
0.9687871
0.9822591
1.0505401
1.0060818
0.9816069
1.0345310
1.0041287
1.0244322
1.0121661
1.0456880
1.0131211
1.0118257
0.9911036
1.0254161
1.0207112
0.9843693
1.0247879
0.9773919
0.9733302
0.9780034
0.9598008
1.0994352
0.9217769
0.9374468
1.0019411
1.0024240
1.0168968
0.9173615
1.1056846
1.0156451
1.0461167
1.0308787
0.9793429
1.0187267
1.0761354
0.9381255
0.9269342
0.9629857
0.9448627
0.9505098
0.9687871
0.9822591
1.0505401
1.0060818
0.9816069
1.0345310
1.0041287
1.0244322
1.0121661
1.0456880
1.0131211
1.0118257
0.9911036
1.0254161
1.0207112
0.9843693
1.0247879
0.9773919
0.9733302
0.9780034
0.9598008
1.0994352
0.9217769
0.9374468
1.0019411
1.0024240
1.0168968
0.9173615
1.1056846
1.0156451
1.0461167
1.0308787
0.9793429
1.0187267
1.0761354
0.9381255
0.9269342
0.9629857
0.9448627
0.9505098
0.9687871
0.9822591
1.0505401
1.0060818
0.9816069
1.0345310
1.0041287
1.0244322
1.0121661
1.0456880
1.0131211
1.0118257
0.9911036
1.0254161
1.0207112
0.9843693
1.0247879
0.9773919
0.9733302
0.9780034
0.9598008
1.0994352
0.9217769
0.9374468
1.0019411
1.0024240
1.0168968
0.9173615
1.1056846
1.0156451
1.0461167
1.0308787
0.9793429
1.0187267
1.0761354
0.9381255
0.9269342
0.9629857
0.9448627
0.9505098
0.9687871
0.9822591
1.0505401
1.0060818
0.9816069
1.0345310
1.0041287
1.0244322
1.0121661
1.0456880
1.0131211
1.0118257
0.9911036
1.0254161
1.0207112
0.9843693
1.0247879
0.9773919
0.9733302
0.9780034
0.9598008
1.0994352
0.9217769
0.9374468
1.0019411
1.0024240
1.0168968
0.9173615
1.1056846
1.0156451
1.0461167
1.0308787
0.9793429
1.0187267
1.0761354
0.9381255
0.9269342
0.9629857
0.9448627
0.9505098
0.9687871
0.9822591
1.0505401
1.0060818
0.9816069
1.0345310
1.0041287
1.0244322
1.0121661
1.0456880
1.0131211
1.0118257
0.9911036
1.0254161
1.0207112
0.9843693
1.0247879
0.9773919
0.9733302
0.9780034
0.9598008
1.0994352
0.9217769
0.9374468
1.0019411
1.0024240
1.0168968
0.9173615
1.1056846
1.0156451
1.0461167
1.0308787
0.9793429
1.0187267
1.0761354
0.9381255
0.9269342
0.9629857
0.9448627
0.9505098
0.9687871
0.9822591
1.0505401
1.0060818
0.9816069
1.0345310
1.0041287
1.0244322
1.0121661
1.0456880
1.0131211
1.0118257
0.9911036
1.0254161
1.0207112
0.9843693
1.0247879
0.9773919
0.9733302
0.9780034
0.9598008
1.0994352
0.9217769
0.9374468
1.0019411
1.0024240
1.0168968
0.9173615
1.1056846
1.0156451
1.0461167
1.0308787
0.9793429
1.0187267
1.0761354
0.9381255
0.9269342
0.9629857
0.9448627
0.9505098
0.9687871
0.9822591
1.0505401
1.0060818
0.9816069
1.0345310
1.0041287
1.0244322
1.0121661
1.0456880
1.0131211
1.0118257
0.9911036
1.0254161
1.0207112
0.9843693
1.0247879
0.9773919
0.9733302
0.9780034
0.9598008
1.0994352
0.9217769
0.9374468
1.0019411
1.0024240
1.0168968
0.9173615
1.1056846
1.0156451
1.0461167
1.0308787
0.9793429
1.0187267
1.0761354
0.9381255
0.9269342
0.9629857
0.9448627
0.9505098
0.9687871
0.9822591
1.0505401
1.0060818
0.9816069
1.0345310
1.0041287
1.0244322
1.0121661
1.0456880
1.0131211
1.0118257
0.9911036
1.0254161
1.0207112
0.9843693
1.0247879
0.9773919
0.9733302
0.9780034
0.9598008
1.0994352
0.9217769
0.9374468
1.0019411
1.0024240
1.0168968
0.9173615
1.1056846
1.0156451
1.0461167
1.0308787
0.9793429
1.0187267
1.0761354
0.9381255
0.9269342
0.9629857
0.9448627
0.9505098
0.9687871
0.9822591
1.0505401
1.0060818
0.9816069
1.0345310
1.0041287
1.0244322
1.0121661
1.0456880
1.0131211
1.0118257
0.9911036
1.0254161
1.0207112
0.9843693
1.0247879
0.9773919
0.9733302
0.9780034
0.9598008
1.0994352
0.9217769
0.9374468
1.0019411
1.0024240
1.0168968
0.9173615
1.1056846
1.0156451
1.0461167
1.0308787
0.9793429
1.0187267
1.0761354
0.9381255
0.9269342
0.9629857
0.9448627
0.9505098
0.9687871
0.9822591
1.0505401
1.0060818
0.9816069
1.0345310
1.0041287
1.0244322
1.0121661
1.0456880
1.0131211
1.0118257
0.9911036
1.0254161
1.0207112
0.9843693
1.0247879
0.9773919
0.9733302
0.9780034
0.9598008
1.0994352
0.9217769
0.9374468
1.0019411
1.0024240
1.0168968
0.9173615
1.1056846
1.0156451
1.0461167
1.0308787
0.9793429
1.0187267
1.0761354
0.9381255
0.9269342
0.9629857
0.9448627
0.9505098
0.9687871
0.9822591
1.0505401
1.0060818
0.9816069
1.0345310
1.0041287
1.0244322
1.0121661
1.0456880
1.0131211
1.0118257
0.9911036
1.0254161
1.0207112
0.9843693
1.0247879
0.9773919
0.9733302
0.9780034
0.9598008
1.0994352
0.9217769
0.9374468
1.0019411
1.0024240
1.0168968
0.9173615
1.1056846
1.0156451
1.0461167
1.0308787
0.9793429
1.0187267
1.0761354
0.9381255
0.9269342
0.9629857
0.9448627
0.9505098
0.9687871
0.9822591
1.0505401
1.0060818
0.9816069
1.0345310
1.0041287
1.0244322
1.0121661
1.0456880
1.0131211
1.0118257
0.9911036
1.0254161
1.0207112
0.9843693
1.0247879
0.9773919
0.9733302
0.9780034
0.9598008
1.0994352
0.9217769
0.9374468
1.0019411
1.0024240
1.0168968
0.9173615
1.1056846
1.0156451
1.0461167
1.0308787
0.9793429
1.0187267
1.0761354
0.9381255
0.9269342
0.9629857
0.9448627
0.9505098
0.9687871
0.9822591
1.0505401
1.0060818
0.9816069
1.0345310
1.0041287
1.0244322
1.0121661
1.0456880
1.0131211
1.0118257
0.9911036
1.0254161
1.0207112
0.9843693
1.0247879
0.9773919
0.9733302
0.9780034
0.9598008
1.0994352
0.9217769
0.9374468
1.0019411
1.0024240
1.0168968
0.9173615
1.1056846
1.0156451
1.0461167
1.0308787
0.9793429
1.0187267
1.0761354
0.9381255
0.9269342
0.9629857
0.9448627
0.9505098
0.9687871
0.9822591
1.0505401
1.0060818
0.9816069
1.0345310
1.0041287
1.0244322
1.0121661
1.0456880
1.0131211
1.0118257
0.9911036
1.0254161
1.0207112
0.9843693
1.0247879
0.9773919
0.9733302
0.9780034
0.9598008
1.0994352
0.9217769
0.9374468
1.0019411
1.0024240
1.0168968
0.9173615
1.1056846
1.0156451
1.0461167
1.0308787
0.9793429
1.0187267
1.0761354
0.9381255
0.9269342
0.9629857
0.9448627
0.9505098
0.9687871
0.9822591
1.0505401
1.0060818
0.9816069
1.0345310
1.0041287
1.0244322
1.0121661
1.0456880
1.0131211
1.0118257
0.9911036
1.0254161
1.0207112
0.9843693
1.0247879
0.9773919
0.9733302
0.9780034
0.9598008
1.0994352
0.9217769
0.9374468
1.0019411
1.0024240
1.0168968
0.9173615
1.1056846
1.0156451
1.0461167
1.0308787
0.9793429
1.0187267
1.0761354
0.9381255
0.9269342
0.9629857
0.9448627
0.9505098
0.9687871
0.9822591
1.0505401
1.0060818
0.9816069
1.0345310
1.0041287
1.0244322
1.0121661
1.0456880
1.0131211
1.0118257
0.9911036
1.0254161
1.0207112
0.9843693
1.0247879
0.9773919
0.9733302
0.9780034
0.9598008
1.0994352
0.9217769
0.9374468
1.0019411
1.0024240
1.0168968
0.9173615
1.1056846
1.0156451
1.0461167
1.0308787
0.9793429
1.0187267
1.0761354
0.9381255
0.9269342
0.9629857
0.9448627
0.9505098
0.9687871
0.9822591
1.0505401
1.0060818
0.9816069
1.0345310
1.0041287
1.0244322
1.0121661
1.0456880
1.0131211
1.0118257
0.9911036
1.0254161
1.0207112
0.9843693
1.0247879
0.9773919
0.9733302
0.9780034
0.9598008
1.0994352
0.9217769
0.9374468
1.0019411
1.0024240
1.0168968
0.9173615
1.1056846
1.0156451
1.0461167
1.0308787
0.9793429
1.0187267
1.0761354
0.9381255
0.9269342
0.9629857
0.9448627
0.9505098
0.9687871
0.9822591
1.0505401
1.0060818
0.9816069
1.0345310
1.0041287
1.0244322
1.0121661
1.0456880
1.0131211
1.0118257
0.9911036
1.0254161
1.0207112
0.9843693
1.0247879
0.9773919
0.9733302
0.9780034
0.9598008
1.0994352
0.9217769
0.9374468
1.0019411
1.0024240
1.0168968
0.9173615
1.1056846
1.0156451
1.0461167
1.0308787
0.9793429
1.0187267
1.0761354
0.9381255
0.9269342
0.9629857
0.9448627
0.9505098
0.9687871
0.9822591
1.0505401
1.0060818
0.9816069
1.0345310
1.0041287
1.0244322
1.0121661
1.0456880
1.0131211
1.0118257
0.9911036
1.0254161
1.0207112
0.9843693
1.0247879
0.9773919
0.9733302
0.9780034
0.9598008
1.0994352
0.9217769
0.9374468
1.0019411
1.0024240
1.0168968
0.9173615
1.1056846
1.0156451
1.0461167
1.0308787
0.9793429
1.0187267
1.0761354
0.9381255
0.9269342
0.9629857
0.9448627
0.9505098
0.9687871
0.9822591
1.0505401
1.0060818
0.9816069
1.0345310
1.0041287
1.0244322
1.0121661
1.0456880
1.0131211
1.0118257
0.9911036
1.0254161
1.0207112
0.9843693
1.0247879
0.9773919
0.9733302
0.9780034
0.9598008
1.0994352
0.9217769
0.9374468
1.0019411
1.0024240
1.0168968
0.9173615
1.1056846
1.0156451
1.0461167
1.0308787
0.9793429
1.0187267
1.0761354
0.9381255
0.9269342
0.9629857
0.9448627
0.9505098
0.9687871
0.9822591
1.0505401
1.0060818
0.9816069
1.0345310
1.0041287
1.0244322
1.0121661
1.0456880
1.0131211
1.0118257
0.9911036
1.0254161
1.0207112
0.9843693
1.0247879
0.9773919
0.9733302
0.9780034
0.9598008
1.0994352
0.9217769
0.9374468
1.0019411
1.0024240
1.0168968
0.9173615
1.1056846
1.0156451
1.0461167
1.0308787
0.9793429
1.0187267
1.0761354
0.9381255
0.9269342
0.9629857
0.9448627
0.9505098
0.9687871
0.9822591
1.0505401
1.0060818
0.9816069
1.0345310
1.0041287
1.0244322
1.0121661
1.0456880
1.0131211
1.0118257
0.9911036
1.0254161
1.0207112
0.9843693
1.0247879
0.9773919
0.9733302
0.9780034
0.9598008
1.0994352
0.9217769
0.9374468
1.0019411
1.0024240
1.0168968
0.9173615
1.1056846
1.0156451
1.0461167
1.0308787
0.9793429
1.0187267
1.0761354
0.9381255
0.9269342
0.9629857
0.9448627
0.9505098
0.9687871
0.9822591
1.0505401
1.0060818
0.9816069
1.0345310
1.0041287
1.0244322
1.0121661
1.0456880
1.0131211
1.0118257
0.9911036
1.0254161
1.0207112
0.9843693
1.0247879
0.9773919
0.9733302
0.9780034
0.9598008
1.0994352
0.9217769
0.9374468
1.0019411
1.0024240
1.0168968
0.9173615
1.1056846
1.0156451
1.0461167
1.0308787
0.9793429
1.0187267
1.0761354
0.9381255
0.9269342
0.9629857
0.9448627
0.9505098
0.9687871
0.9822591
1.0505401
1.0060818
0.9816069
1.0345310
1.0041287
1.0244322
1.0121661
1.0456880
1.0131211
1.0118257
0.9911036
1.0254161
1.0207112
0.9843693
1.0247879
0.9773919
0.9733302
0.9780034
0.9598008
1.0994352
0.9217769
0.9374468
1.0019411
1.0024240
1.0168968
0.9173615
1.1056846
1.0156451
1.0461167
1.0308787
0.9793429
1.0187267
1.0761354
0.9381255
0.9269342
0.9629857
0.9448627
0.9505098
0.9687871
0.9822591
1.0505401
1.0060818
0.9816069
1.0345310
1.0041287
1.0244322
1.0121661
1.0456880
1.0131211
1.0118257
0.9911036
1.0254161
1.0207112
0.9843693
1.0247879
0.9773919
0.9733302
0.9780034
0.9598008
1.0994352
0.9217769
0.9374468
1.0019411
1.0024240
1.0168968
0.9173615
1.1056846
1.0156451
1.0461167
1.0308787
0.9793429
1.0187267
1.0761354
0.9381255
0.9269342
0.9629857
0.9448627
0.9505098
0.9687871
0.9822591
1.0505401
1.0060818
0.9816069
1.0345310
1.0041287
1.0244322
1.0121661
1.0456880
1.0131211
1.0118257
0.9911036
1.0254161
1.0207112
0.9843693
1.0247879
0.9773919
0.9733302
0.9780034
0.9598008
1.0994352
0.9217769
0.9374468
1.0019411
1.0024240
1.0168968
0.9173615
1.1056846
1.0156451
1.0461167
1.0308787
0.9793429
1.0187267
1.0761354
0.9381255
0.9269342
0.9629857
0.9448627
0.9505098
0.9687871
0.9822591
1.0505401
1.0060818
0.9816069
1.0345310
1.0041287
1.0244322
1.0121661
1.0456880
1.0131211
1.0118257
0.9911036
1.0254161
1.0207112
0.9843693
1.0247879
0.9773919
0.9733302
0.9780034
0.9598008
1.0994352
0.9217769
0.9374468
1.0019411
1.0024240
1.0168968
0.9173615
1.1056846
1.0156451
1.0461167
1.0308787
0.9793429
1.0187267
1.0761354
0.9381255
0.9269342
0.9629857
0.9448627
0.9505098
0.9687871
0.9822591
1.0505401
1.0060818
0.9816069
1.0345310
1.0041287
1.0244322
1.0121661
1.0456880
1.0131211
1.0118257
0.9911036
1.0254161
1.0207112
0.9843693
1.0247879
0.9773919
0.9733302
0.9780034
0.9598008
1.0994352
0.9217769
0.9374468
1.0019411
1.0024240
1.0168968
0.9173615
1.1056846
1.0156451
1.0461167
1.0308787
0.9793429
1.0187267
1.0761354
0.9381255
0.9269342
0.9629857
0.9448627
0.9505098
0.9687871
0.9822591
1.0505401
1.0060818
0.9816069
1.0345310
1.0041287
1.0244322
1.0121661
1.0456880
1.0131211
1.0118257
0.9911036
1.0254161
1.0207112
0.9843693
1.0247879
0.9773919
0.9733302
0.9780034
0.9598008
1.0994352
0.9217769
0.9374468
1.0019411
1.0024240
1.0168968
0.9173615
1.1056846
1.0156451
1.0461167
1.0308787
0.9793429
1.0187267
1.0761354
0.9381255
0.9269342
0.9629857
0.9448627
0.9505098
0.9687871
0.9822591
1.0505401
1.0060818
0.9816069
1.0345310
1.0041287
1.0244322
1.0121661
1.0456880
1.0131211
1.0118257
0.9911036
1.0254161
1.0207112
0.9843693
1.0247879
0.9773919
0.9733302
0.9780034
0.9598008
1.0994352
0.9217769
0.9374468
1.0019411
1.0024240
1.0168968
0.9173615
1.1056846
1.0156451
1.0461167
1.0308787
0.9793429
1.0187267
1.0761354
0.9381255
0.9269342
0.9629857
0.9448627
0.9505098
0.9687871
0.9822591
1.0505401
1.0060818
0.9816069
1.0345310
1.0041287
1.0244322
1.0121661
1.0456880
1.0131211
1.0118257
0.9911036
1.0254161
1.0207112
0.9843693
1.0247879
0.9773919
0.9733302
0.9780034
0.9598008
1.0994352
0.9217769
0.9374468
1.0019411
1.0024240
1.0168968
0.9173615
1.1056846
1.0156451
1.0461167
1.0308787
0.9793429
1.0187267
1.0761354
0.9381255
0.9269342
0.9629857
0.9448627
0.9505098
0.9687871
0.9822591
1.0505401
1.0060818
0.9816069
1.0345310
1.0041287
1.0244322
1.0121661
1.0456880
1.0131211
1.0118257
0.9911036
1.0254161
1.0207112
0.9843693
1.0247879
0.9773919
0.9733302
0.9780034
0.9598008
1.0994352
0.9217769
0.9374468
1.0019411
1.0024240
1.0168968
0.9173615
1.1056846
1.0156451
1.0461167
1.0308787
0.9793429
1.0187267
1.0761354
0.9381255
0.9269342
0.9629857
0.9448627
0.9505098
0.9687871
0.9822591
1.0505401
1.0060818
0.9816069
1.0345310
1.0041287
1.0244322
1.0121661
1.0456880
1.0131211
1.0118257
0.9911036
1.0254161
1.0207112
0.9843693
1.0247879
0.9773919
0.9733302
0.9780034
0.9598008
1.0994352
0.9217769
0.9374468
1.0019411
1.0024240
1.0168968
0.9173615
1.1056846
1.0156451
1.0461167
1.0308787
0.9793429
1.0187267
1.0761354
0.9381255
0.9269342
0.9629857
0.9448627
0.9505098
0.9687871
0.9822591
1.0505401
1.0060818
0.9816069
1.0345310
1.0041287
1.0244322
1.0121661
1.0456880
1.0131211
1.0118257
0.9911036
1.0254161
1.0207112
0.9843693
1.0247879
0.9773919
0.9733302
0.9780034
0.9598008
1.0994352
0.9217769
0.9374468
1.0019411
1.0024240
1.0168968
0.9173615
1.1056846
1.0156451
1.0461167
1.0308787
0.9793429
1.0187267
1.0761354
0.9381255
0.9269342
0.9629857
0.9448627
0.9505098
0.9687871
0.9822591
1.0505401
1.0060818
0.9816069
1.0345310
1.0041287
1.0244322
1.0121661
1.0456880
1.0131211
1.0118257
0.9911036
1.0254161
1.0207112
0.9843693
1.0247879
0.9773919
0.9733302
0.9780034
0.9598008
1.0994352
0.9217769
0.9374468
1.0019411
1.0024240
1.0168968
0.9173615
1.1056846
1.0156451
1.0461167
1.0308787
0.9793429
1.0187267
1.0761354
0.9381255
0.9269342
