15.577793
16.602874
15.665841
15.663210
15.223001
15.398601
14.888747
19.200832
19.402417
19.814918
19.685995
19.951658
19.823248
18.998623
20.238192
19.013723
20.508724
19.065590
19.758876
19.606879
24.285934
23.691400
24.677348
23.941015
24.232152
23.563006
23.239804
25.081492
26.257749
25.544342
21.243874
22.964591
21.769388
22.435189
21.009905
21.629637
21.283894
19.454521
21.642444
21.658353
22.271105
20.202514
21.328431
21.263890
18.669609
20.468929
18.800895
20.678724
12.269605
12.594157
11.821466
12.692320
10.918722
11.199093
11.255989
11.491297
11.422218
12.372254
11.831091
12.266309
12.198621
12.305087
11.776598
11.250481
11.841327
10.851050
12.128262
10.943040
10.911484
10.945699
15.113767
15.539559
15.241404
14.740531
14.986052
15.167931
14.060684
13.041921
15.586571
12.112764
12.067889
12.519558
11.586710
12.073008
11.885572
12.604130
12.599492
12.930643
12.767629
12.529607
17.431162
15.573209
14.849569
13.870222
13.926118
13.942898
15.118147
15.377291
14.404079
16.269007
15.563172
15.610608
16.001793
16.263888
16.589431
16.717549
16.073150
15.886634
15.255568
15.863641
15.624573
16.174710
16.442384
15.988139
16.538257
15.701833
16.260739
15.327864
17.281372
17.789595
21.564377
21.844185
21.127030
19.811770
21.862656
22.514497
19.853722
21.186301
20.649268
20.095878
21.989607
20.242128
21.847984
21.330270
22.316952
24.569367
23.916762
23.541853
22.024672
21.357491
20.192282
19.392105
19.762932
20.823314
20.059407
18.795298
20.348512
19.613858
22.692166
23.419805
24.130489
22.649639
23.014890
21.985699
22.472324
18.240640
20.973478
20.091133
18.680739
19.490398
18.930025
17.744051
18.685168
19.575827
18.772426
18.099084
21.308797
19.677848
20.092954
20.147777
21.740030
19.804467
21.026198
21.152278
19.014234
19.186233
18.407771
18.966804
20.679682
23.316171
21.839946
21.552901
20.581261
20.416622
18.482272
20.051883
19.789950
19.987796
20.286960
20.189576
22.896165
21.413222
18.850262
16.690524
17.567276
17.061660
16.595422
17.515992
18.906148
18.077822
21.259230
19.972498
22.593312
19.432995
19.773146
20.307882
20.107316
21.155265
21.193669
20.300202
19.919956
21.338175
19.305352
23.832054
23.084256
22.620394
22.383745
29.281780
31.326771
32.161077
32.173294
31.017881
28.920473
29.825612
28.909652
28.241630
27.352504
29.322588
28.197946
30.588136
28.510083
29.367907
30.149111
29.550587
27.484007
27.838974
28.822296
28.326281
28.358313
24.921433
24.940079
19.690528
20.340540
21.150331
18.355943
29.149925
28.947491
26.991155
28.853735
27.983782
29.371778
31.709013
30.526943
30.885221
32.524671
34.697731
31.281450
26.111353
28.897147
28.963180
27.111934
26.697342
27.528360
28.838629
26.963291
25.555698
26.420278
27.782687
20.457436
21.102409
19.296682
20.653036
19.969762
18.366814
19.125012
18.815357
17.708476
18.501047
20.176857
18.983443
18.583410
18.701908
19.449928
25.274601
24.727581
24.494184
24.803851
24.389865
25.971740
26.534585
28.057647
25.959151
24.339798
27.378245
28.682394
29.006594
28.367730
29.056571
27.570185
27.672190
27.193192
27.940377
27.167042
27.713137
27.214863
26.318893
28.330168
20.393613
19.042352
18.920026
21.859616
22.933545
23.428465
21.689873
22.545384
20.740219
22.935323
21.989684
20.647304
20.851732
23.882093
23.039346
23.802187
22.564114
22.207505
20.122167
20.626482
21.153204
19.465371
20.640575
19.443937
18.767997
20.753127
22.481181
22.101865
22.223474
22.207450
22.584392
21.567237
21.718442
21.774675
22.630814
20.968432
23.139342
22.444171
22.234402
22.019307
20.224750
20.332213
22.570880
20.167656
19.472533
20.581515
20.824961
16.670777
17.696519
15.767862
16.537284
16.951998
16.959583
15.974892
15.687534
15.769773
15.169220
14.475461
14.427865
14.504974
14.080069
14.460794
14.860798
14.545249
15.124935
14.081454
14.446749
15.397792
15.297096
21.198182
20.495976
20.355472
19.720044
24.345618
21.646114
22.647482
22.984829
22.076765
22.694439
23.904386
23.370000
23.402458
23.352534
24.102670
23.058465
20.873466
21.526411
22.093249
20.497290
20.653652
19.679412
21.609615
22.153237
22.568503
21.236560
20.835169
20.718460
21.824468
21.136282
20.156773
20.520406
18.449302
20.949246
17.905365
17.904878
18.763958
16.493892
16.049104
18.760034
17.641610
16.649917
21.160130
21.004137
21.218991
22.161566
20.350702
21.228738
21.293418
22.451952
22.842745
23.082850
22.134519
24.318261
21.620010
17.373920
16.548031
17.996567
18.376701
22.592137
21.976031
20.451655
21.335861
21.537625
18.507642
18.540214
18.392649
18.573428
18.461171
19.526898
18.955368
18.415122
20.031044
19.525356
20.618629
19.964550
20.089975
19.222807
18.406394
20.707101
21.076553
20.225822
19.797954
21.562737
20.154793
21.765643
21.050047
20.996421
20.075817
17.785247
17.199116
19.966240
19.127973
19.110094
19.029045
28.178833
24.976480
27.862743
26.108764
26.371982
26.727949
25.003794
28.146228
27.447045
26.467378
26.907816
29.990659
28.559034
26.897945
30.872682
26.109094
27.285809
24.464894
25.469747
22.396230
20.968503
23.150706
21.062484
22.982741
19.285168
19.157990
19.945984
19.235445
19.714572
20.296840
19.123639
20.071629
20.297951
20.943851
20.845287
20.639214
17.964690
18.758787
18.580672
18.290906
17.693322
18.186669
19.622551
18.029061
17.132444
18.521590
18.506419
20.216608
18.155285
19.426891
18.606658
19.197703
19.720069
19.383926
17.406314
17.499147
17.241324
18.969267
16.542694
16.830506
17.474538
17.049771
17.990684
18.585403
17.815888
17.476226
18.404509
18.129780
17.282627
16.608912
16.973688
16.531871
15.848388
17.106621
16.430786
17.026973
17.527473
18.992077
16.718270
18.494768
23.107686
22.698219
23.746863
23.114879
23.764295
20.769946
20.689156
20.433853
21.087163
21.156615
21.055246
19.232925
19.452827
18.342308
19.532800
19.214619
19.470935
21.225965
19.472051
19.182084
19.537390
19.227869
18.236523
19.646558
20.496298
18.161917
19.137748
19.282727
17.733304
19.494371
20.766291
21.291793
21.167998
19.937901
20.188424
19.583751
21.471744
20.394236
21.903719
19.912903
21.436216
19.745939
20.942605
20.182066
20.055209
23.976825
24.099530
25.375068
25.678147
23.226059
22.514853
24.685021
24.599843
24.493702
23.715312
25.765491
24.131195
23.633675
24.567017
24.448844
27.324986
26.124056
28.038413
28.717815
27.295526
27.539210
24.839861
26.513651
26.396136
25.888534
27.991184
25.327989
27.111956
27.513526
27.169628
18.769833
17.852226
18.810441
18.845391
19.767096
20.465112
21.039046
20.726961
21.085765
21.107478
20.524442
28.694231
27.949478
28.217464
28.726939
28.514465
27.290624
27.423852
26.834134
29.464760
27.005774
26.271407
27.664469
26.644397
27.506532
21.816638
20.285921
21.810277
21.843843
20.558972
23.685716
21.515509
21.282756
20.171072
21.251572
20.293295
20.405961
22.058832
22.483473
19.889597
22.565674
21.106968
23.867450
22.153202
22.546800
22.798276
22.013371
21.691270
21.618278
21.857611
21.318264
31.520230
33.499828
29.494034
32.319051
29.965775
31.315887
30.248439
29.457752
28.380852
29.529892
28.742537
29.748951
32.533392
31.022332
31.706887
31.430431
31.734156
26.463471
27.352802
28.083677
29.925784
29.005762
31.191882
27.994893
31.446249
26.970324
27.685462
29.088900
26.428253
27.794209
28.452766
29.272867
27.333582
28.394130
29.058266
27.677827
23.340766
24.080677
20.692874
23.058000
22.535939
27.619600
30.215909
30.961606
26.844242
27.694445
26.713326
25.066654
28.913030
28.747253
26.885082
26.949029
26.174542
25.446031
26.214878
25.951120
27.644577
26.146017
25.054403
24.657498
23.617427
24.371958
24.826872
20.060038
21.089328
22.314712
21.093151
20.473411
21.146529
23.357296
21.659053
20.907213
25.046225
23.507050
22.922471
23.263629
23.048997
19.000923
18.882993
21.919711
20.537462
20.090674
21.075502
19.635199
19.559885
20.275729
19.459593
22.588504
21.180736
20.919576
21.310887
23.040589
19.868212
20.850097
21.435288
21.937956
22.860416
22.597920
28.063245
29.462173
28.782599
27.980997
28.856991
30.054017
31.562613
30.072590
30.672822
28.283719
29.755288
29.986054
30.111937
29.200409
31.071173
30.287691
26.666704
26.380081
27.492482
27.841501
27.600278
27.244616
26.824887
28.026937
26.342594
25.834446
26.874866
26.475344
26.932127
27.015521
26.914388
26.797279
27.194072
25.961136
25.836773
24.916342
27.917652
29.473363
26.594742
28.348652
26.659739
26.636909
21.976060
22.184383
21.128785
20.412139
19.392605
19.763970
20.012137
20.554147
20.077082
20.402078
19.831149
19.977500
20.925622
15.847880
15.755976
15.187907
16.734725
17.244295
17.054634
16.755228
17.487401
15.970271
17.842335
17.758003
17.865184
17.148156
16.468756
16.904839
17.463878
16.604020
16.703734
16.622516
16.605655
17.637846
14.834108
15.224013
15.027208
15.652583
15.580668
14.406725
15.419966
16.019692
15.886049
16.279576
16.754315
17.961305
18.042947
27.081506
30.828930
28.287243
29.960346
27.649214
26.727361
30.197005
23.988612
22.987030
25.528275
25.623999
27.469711
26.983722
24.878308
25.030638
27.026385
26.498137
25.757936
25.488228
27.724873
28.216422
26.784141
28.767525
25.784762
25.795796
24.728548
25.144358
25.959749
26.556312
26.390376
26.501534
26.175762
11.369291
11.371720
12.507479
11.396138
12.209841
19.420863
18.182444
19.300051
17.705077
18.998432
18.955693
17.766867
19.471362
19.218479
19.429646
19.650527
19.934523
18.829606
19.512970
18.956319
19.116656
18.156155
19.533112
18.504295
21.761253
20.418180
20.120175
21.288144
23.396781
22.790164
21.665555
22.365238
20.332318
21.589953
25.404022
23.260201
23.818831
25.103795
24.332307
25.350240
23.867264
22.347411
24.336744
27.381559
27.772248
27.134771
26.681445
17.803427
17.902215
19.670836
17.529658
19.298208
20.434948
21.757979
24.723205
21.473655
23.022175
21.747207
23.418215
20.639550
21.717595
21.602067
24.596514
23.375897
22.224919
22.309892
23.794730
22.095781
22.817492
24.179371
25.438641
22.966811
24.974266
20.631344
22.311132
21.624919
21.956459
20.511769
16.000873
14.549561
15.174336
15.347421
14.411034
14.322220
15.146558
15.674214
14.498048
15.346910
14.983856
16.157665
15.741678
15.843766
16.104959
15.576702
18.258195
18.560474
18.323399
17.365499
15.645487
17.677140
16.972672
16.651451
16.595809
14.213382
14.279829
14.951492
15.395373
14.973657
14.550535
15.227112
15.976646
14.215833
14.373239
15.355421
14.105291
14.755604
15.232035
15.414479
14.749436
14.471183
14.856061
15.506255
14.831431
15.149739
14.795908
13.806757
14.361851
14.398845
13.777209
23.355942
20.845484
21.218593
23.351365
22.396596
22.866618
23.957962
23.426537
23.547201
15.811503
15.673288
14.158025
16.051155
16.491568
18.465665
17.709926
17.242578
16.938613
16.474405
16.986940
16.030210
15.782953
16.726079
17.172683
15.859535
16.931455
17.939729
16.149629
15.804723
15.598203
15.380009
12.073119
11.875060
13.301208
14.272318
13.078366
11.929594
15.909751
15.534717
15.252614
15.334994
14.941861
15.503519
15.323685
14.031087
17.938939
17.897436
17.128106
16.876509
17.620204
20.226836
16.698612
16.536099
18.905371
16.848650
17.349531
24.196975
24.335713
23.705748
23.335791
23.902210
25.853115
24.357976
26.812888
22.271176
22.026836
24.376113
23.100339
23.357915
22.862207
23.287191
23.244884
22.694175
21.618406
22.920914
23.111463
24.353630
25.615889
26.707345
22.878329
22.771867
22.428568
29.352196
27.940897
29.386229
28.940231
29.849963
27.039613
26.625783
27.436441
29.153804
28.789179
26.824562
28.223336
28.527751
28.032472
31.590073
29.718970
29.892949
29.530719
25.012975
25.843412
25.356488
24.402448
25.814390
24.327176
24.767227
24.313103
26.749471
26.236140
25.543515
25.769599
23.763511
27.016732
21.595235
21.860267
19.867047
20.455381
20.889559
19.040648
22.388345
20.255910
23.696525
23.699773
21.857376
19.398075
21.547308
18.977194
20.492925
21.675935
19.852624
20.559047
19.730535
19.530559
21.851463
22.771336
20.685769
19.895223
19.498793
19.194246
18.623459
19.385298
18.949497
19.389192
19.506827
19.467501
19.225500
18.743185
19.981031
20.381263
17.758352
17.867392
17.236640
19.157757
17.136141
17.937477
19.386143
18.091024
18.245719
16.824913
16.757207
15.457180
16.072758
15.475239
19.917435
20.091054
24.291213
26.312414
25.688618
24.216138
24.017591
23.652295
23.431978
25.451865
23.964463
25.179311
24.415141
24.862527
25.274277
21.219212
21.658366
21.201537
21.784491
21.107317
21.316972
21.348032
22.177900
21.154682
22.627515
21.674639
22.240718
21.711591
25.676806
26.826151
24.868592
24.118661
27.615234
28.130207
33.918634
31.407596
30.422499
30.204883
28.762645
29.412955
31.272604
30.561940
30.406130
31.313317
29.128446
30.830356
28.099561
23.605002
26.661808
28.746619
28.650937
29.213676
28.644696
28.453834
29.080442
30.199280
30.399388
29.153180
33.239875
31.644865
28.937520
27.625490
28.796684
28.233787
29.756822
30.280173
23.778037
25.222600
22.397393
24.226300
24.490239
24.631914
25.013096
22.797457
23.854476
28.008084
28.618409
26.230527
26.286965
26.043079
25.441888
27.618252
24.510639
24.953398
23.812490
23.940299
25.100273
23.637237
30.353879
29.889377
30.521427
29.027422
24.757365
28.126292
29.210361
26.362677
28.381342
28.430146
36.301666
35.061003
33.991521
35.300921
35.263723
32.766383
35.053040
35.151037
34.394373
32.761364
35.788835
34.730700
31.136325
33.492172
31.131045
32.736319
31.744395
29.502265
29.798007
30.751582
31.037737
29.140917
29.640719
30.488969
33.202563
32.045614
32.312933
30.707075
32.126691
32.857635
33.544933
32.649841
32.365869
32.587197
32.628949
32.065984
31.332970
26.343465
25.239009
25.296368
26.890528
24.715832
24.703213
25.172086
25.893130
25.259081
26.053537
25.077766
25.650603
24.303262
23.114250
24.742518
24.097150
24.582150
23.193376
23.206545
23.414312
21.812254
22.566046
24.547517
23.146270
23.302669
25.061671
24.489253
24.735709
23.191304
24.772889
26.208256
26.477260
26.716396
26.219421
26.482688
26.351393
27.973377
24.085866
23.099485
28.726673
28.967726
29.700258
29.280896
30.386893
31.045354
29.504615
29.059277
29.387242
28.911757
19.229637
18.618967
17.190864
18.109992
19.043023
21.246148
19.616931
20.063114
21.124731
20.657428
22.030904
21.317277
20.893063
18.577582
20.032910
20.759191
20.336758
21.384557
19.107060
21.258218
21.292686
21.499880
22.351552
21.649447
21.131270
20.853275
21.252631
21.282110
20.062849
33.209235
31.806407
30.938678
26.606247
25.463966
24.876932
25.944266
26.378972
24.986016
26.216341
24.702946
24.211940
23.936861
24.984218
24.580226
25.294457
28.157417
29.130499
30.116581
27.585296
29.092587
28.687035
28.469365
31.771298
27.897177
26.389906
27.585104
26.275332
25.788581
27.557877
27.424989
24.123965
23.808716
24.432628
23.170123
23.880172
22.445255
23.248299
22.638247
23.349995
23.281243
21.588395
20.938788
21.578076
21.154349
23.496085
23.372158
22.689196
22.581977
25.589803
22.162929
24.288919
24.889445
24.296141
23.453110
23.681165
23.500628
25.828395
23.928738
23.818505
24.455248
24.953164
23.320261
23.595225
29.457116
29.241708
30.680181
31.556474
31.834233
32.160549
29.108200
26.456298
30.237318
29.922872
30.518834
26.865869
31.970220
34.477913
31.511829
28.346743
31.340600
31.464336
30.921645
29.148468
30.978616
31.350504
28.910992
31.701087
31.543958
29.972976
31.245411
29.780235
21.337630
20.940298
20.886377
20.709547
20.914742
18.548287
18.844554
18.687600
20.511059
20.442948
24.159579
24.264170
23.641211
24.136743
25.820649
25.206552
25.158459
24.216766
28.666016
27.797802
30.317900
29.294639
29.054286
26.991369
28.048272
27.296747
26.409583
25.465042
25.175106
26.767736
25.013690
25.875885
27.259106
27.491003
25.775977
21.175099
21.554435
20.261072
19.946416
22.701409
25.299594
25.381846
24.287524
25.271087
24.548412
24.462888
22.637003
24.775825
23.043887
22.898413
23.156520
23.498172
24.024878
24.935930
26.688840
25.427110
22.852218
23.000636
23.962633
21.793442
26.908664
26.601386
26.818474
26.804137
29.572675
26.488092
27.235689
17.854379
15.560187
15.610864
13.919316
14.658622
15.535253
12.039123
12.470997
18.131010
16.550987
18.928179
14.543752
15.713637
14.808734
13.916562
14.521669
14.539640
14.641237
13.881357
13.967476
14.915845
14.575598
14.666681
25.638765
25.653038
24.991520
25.387208
25.643617
28.533177
26.761778
24.483321
25.756304
24.517203
25.617362
24.377351
25.095731
26.221690
25.526375
24.216812
25.013100
25.101308
26.408954
26.069151
26.049151
22.587159
23.293334
24.583775
21.877675
23.155696
24.615736
23.681560
23.245873
23.337320
25.507027
25.568004
25.686124
23.666458
23.135602
26.977772
24.833933
25.979870
25.518247
25.830203
22.211857
23.152448
22.849519
22.685538
22.285498
24.194617
22.960847
26.038865
21.353462
22.865013
24.058529
24.580493
25.845951
24.778776
25.089850
13.617990
13.678991
13.644167
12.979801
12.631042
12.940459
12.536277
25.217616
26.234629
24.273678
25.499502
25.657837
25.755159
18.435844
18.001126
19.951825
18.550793
19.362896
19.589667
18.310112
20.759569
20.421768
18.988088
17.899071
18.787571
19.029116
18.600233
20.417076
19.220058
18.875209
20.389158
20.418423
19.890437
20.141343
20.154366
17.959175
19.482831
18.783330
18.287973
19.589225
19.405225
20.796202
20.676310
21.291989
19.855404
21.137520
21.975652
21.599466
20.840521
24.669399
25.197066
26.376622
25.662955
25.003975
26.275363
26.235495
27.331515
22.914497
22.784701
23.701232
22.156106
23.088908
23.577291
21.691956
20.643567
21.669584
22.479594
22.186591
20.756017
20.277761
14.759515
14.144062
16.172105
16.815663
16.248997
16.497562
20.455132
21.717958
22.462071
22.416677
20.881166
19.939118
21.341828
19.854252
19.950745
21.516956
22.124339
21.656994
21.607769
21.439529
22.343871
22.305428
22.866565
22.201615
22.523230
21.855161
21.116427
22.764188
23.631760
23.691073
27.247172
25.360298
25.839274
24.538117
25.930231
25.999832
25.587476
22.449686
22.852585
21.747368
24.034982
22.160733
20.848297
22.943994
22.278836
20.824898
19.560252
20.685682
16.110085
15.685525
17.017162
16.628250
16.737703
17.271288
16.231009
20.707296
20.327879
18.246827
19.113676
18.096352
19.423971
22.272040
23.627354
20.558359
20.030721
16.447501
16.086549
17.099668
14.908544
14.303445
14.597272
14.591432
15.548561
15.670812
15.351090
15.583470
15.723097
16.384794
15.222771
15.262413
17.073827
17.269491
14.671100
17.208446
15.567341
19.863258
19.992319
19.549688
19.159803
18.179672
18.143736
19.186415
18.189071
18.664327
19.347029
19.904047
18.854703
20.640410
18.846802
18.380531
18.841231
22.164495
22.511411
22.704326
21.364134
22.079117
23.362970
22.256351
20.342914
20.221333
22.239179
27.467781
24.326928
25.063528
24.678003
26.526956
24.709099
26.811487
23.104373
19.435144
25.289845
21.978908
25.819416
23.707016
24.104434
22.759503
24.062073
25.411694
23.925362
20.187893
21.813476
21.003718
20.580216
20.134246
19.336884
18.790981
21.195075
17.981484
18.885581
19.924321
18.879184
20.080488
20.558419
18.755139
18.069484
17.755079
17.401532
17.763633
17.566027
18.336035
16.677606
18.344427
18.813782
18.873543
18.515959
18.700584
18.398373
19.093591
18.681877
16.452015
18.029935
17.614231
18.152330
18.988587
19.628399
20.835590
18.645480
18.970896
20.606168
18.023366
17.915219
12.177846
11.282572
11.447435
13.244839
12.690529
13.360964
13.008933
12.710370
16.279722
14.704941
15.154285
17.100519
16.856739
17.071849
16.975788
16.579085
16.310105
16.720188
17.264126
16.642343
14.840678
16.282622
16.830665
16.395102
17.717280
17.842192
14.893139
14.408763
15.547409
15.824592
15.979605
14.536639
14.858891
15.625089
16.650948
14.664341
16.983805
14.601598
16.361277
14.701897
15.905676
14.702540
17.098002
17.565380
17.158603
16.305370
15.487574
17.004630
15.003893
16.417421
17.629860
18.401664
17.556600
19.063336
19.865483
18.931294
18.675551
19.122891
20.346327
20.337405
18.888666
18.580572
18.935360
19.853341
19.789835
18.700931
18.138217
18.155819
17.899362
18.218314
19.284288
17.983112
18.544472
19.289154
18.535468
17.321955
19.217440
16.943966
16.398951
16.558648
16.696413
16.429326
16.680521
16.856100
17.414184
18.240747
15.962612
16.066596
16.202851
21.510739
22.047825
20.133350
20.882200
19.106921
20.660403
21.635956
22.511352
23.034098
21.103177
22.117154
20.948768
21.589572
21.280217
22.103575
19.631792
21.309985
22.696679
21.687783
20.255043
19.531223
20.347422
20.747645
20.544833
20.633794
21.159449
19.696407
23.165775
19.909291
18.673017
18.631194
19.728940
17.948606
19.876412
19.736704
20.007523
21.483609
19.805216
20.339307
19.924718
22.078803
20.773786
21.235940
20.633105
17.749327
16.199185
17.949414
17.692458
14.715278
14.355915
14.376483
14.576149
14.744917
15.662915
15.257896
13.541281
14.507136
14.209183
15.040853
13.257545
14.710118
15.296525
17.431358
17.069165
16.850643
15.866735
16.102775
15.610492
15.640715
17.177893
16.295915
15.671105
15.231256
16.837847
15.914136
16.227611
16.848311
16.079753
16.120342
16.164012
16.566459
15.968703
16.064122
14.980651
15.010837
15.319685
22.277801
20.628771
22.223019
20.918356
21.295264
20.069811
20.200612
19.179413
20.805311
19.915496
19.963921
19.168807
18.648212
18.695386
18.457123
18.895587
18.181813
19.704987
17.468270
18.084977
17.325822
17.708183
19.412852
19.249957
19.226576
19.744370
19.989109
20.798473
21.674035
20.224875
21.851212
22.502495
19.913587
21.021102
20.971264
20.092089
20.546552
21.841705
19.633463
20.549812
20.468305
22.394552
20.599374
19.386458
20.713346
19.577045
17.714712
18.178380
17.187349
17.702009
17.804344
19.730985
17.413559
17.906765
17.758738
16.470398
17.304268
20.785911
20.340600
21.229311
17.564935
19.881097
18.059601
19.178187
18.453000
17.615420
18.847820
18.088440
19.207226
18.912017
18.245520
18.450506
18.698225
18.933252
19.220422
18.817620
20.028200
19.089607
20.636059
19.071925
19.992629
18.222474
19.288210
18.729123
18.885079
20.716668
21.324095
19.625502
20.323883
21.223687
18.331320
18.076229
16.361759
17.963122
14.516398
14.332914
14.636145
23.216133
25.360724
25.720456
26.777272
26.916846
25.904869
28.025270
27.858538
26.294310
25.886306
25.563051
24.966401
25.497493
24.764559
22.239266
25.750044
25.729875
25.207323
24.888292
24.255441
24.405890
24.342579
24.559231
24.739621
23.524405
24.069323
23.668022
24.973689
23.901924
23.334273
24.820358
25.587318
25.826147
23.714127
21.277738
20.593579
20.814225
20.315760
20.989570
21.794071
21.713484
21.718574
21.006722
22.315436
21.723524
18.605309
19.810895
19.881857
20.178499
20.743454
22.360729
21.670533
21.614524
21.256371
20.351870
20.875144
19.257186
19.874383
19.587107
20.472789
20.209141
21.901276
20.104735
20.876481
20.088632
21.858823
21.611398
21.916975
22.656105
20.785120
19.331993
19.386991
20.707013
20.912258
12.377625
12.647408
12.648475
13.011836
13.223163
13.297267
13.900858
13.038348
14.355423
12.998587
13.829233
13.648825
13.884724
13.902862
14.268483
11.191619
10.223937
14.722282
15.483188
15.680536
15.520804
15.155071
13.599748
13.491844
14.639439
14.289247
15.596313
14.840046
15.720381
15.399851
15.218902
14.340330
13.093491
13.490806
14.329480
13.192683
14.142671
15.035270
15.159966
15.439850
13.880139
14.413380
14.128521
14.108766
12.613262
13.763969
13.105353
13.443881
13.797318
12.039455
12.387940
12.242702
12.715431
12.569945
12.299235
10.798782
10.436996
11.370067
11.052230
11.708133
10.867596
11.397159
11.978497
11.470077
11.704992
12.054379
11.409755
11.334648
11.482653
11.051980
10.809976
15.698917
17.212691
17.269281
17.604477
16.975711
16.796500
17.152833
17.494935
18.044182
15.974662
17.471248
16.805760
19.099829
19.418771
18.038152
19.278566
19.573395
18.105737
17.979509
19.952824
21.572578
18.440301
19.594002
18.763222
20.776224
17.963636
17.689220
20.976280
20.590875
19.921633
20.572165
20.532539
20.509374
21.187463
17.455958
18.483978
16.993016
16.484940
17.393890
18.237118
24.395514
23.821449
24.793227
25.230917
24.991700
25.590180
24.596277
25.008001
24.518414
19.522254
19.962265
22.017624
20.240605
21.096618
20.318559
19.666774
19.246655
18.441968
20.078914
20.908651
21.167698
20.168204
20.765991
16.586519
16.752434
17.450721
17.617806
17.366450
16.992495
16.561826
17.397187
16.450246
15.670606
22.201287
21.932492
16.805246
16.774457
17.448418
17.239697
15.592456
17.468719
18.588670
18.904013
16.684196
18.288582
17.047542
17.682711
19.657478
19.931221
19.022112
20.520740
20.529036
20.350421
19.227033
19.183606
19.568870
20.968770
20.244071
20.342863
18.285524
20.630478
19.765972
18.746189
19.024099
18.801845
18.820920
18.281595
21.493849
20.912520
23.660290
22.847665
19.057644
19.687505
19.357630
19.354230
19.422263
18.576922
27.406808
28.108617
26.972222
21.027857
21.690869
22.199652
20.829922
22.924604
21.283244
22.700485
21.447591
22.959604
21.329416
19.472884
20.334442
20.867091
20.274385
20.910260
20.807847
20.981248
20.982514
21.073908
21.616538
23.581938
21.300395
23.797414
22.655034
22.450937
23.039593
23.793877
33.308330
30.200854
29.529340
30.430937
32.450044
33.029471
33.429705
33.202749
24.858940
26.951174
25.517142
25.724033
26.359396
26.289424
24.553824
25.461092
24.844192
25.883999
25.151110
25.250230
28.221321
24.693429
24.397679
26.293586
26.851905
26.557661
25.794588
25.663539
15.623719
16.290373
15.602633
15.722920
16.136943
18.155154
17.078874
16.195645
17.746225
16.690538
16.809620
17.649354
17.936435
16.768161
18.738798
18.158777
17.469094
17.890844
16.765448
17.223120
16.074136
16.302355
20.968949
20.301426
22.543061
21.875602
22.747126
21.037500
18.885476
21.521763
27.335499
27.400240
27.754051
27.477014
26.121269
27.680563
26.196213
25.895746
27.202626
24.292220
24.984516
24.528596
23.416462
23.863089
24.036908
25.033663
25.413995
24.862284
25.096271
22.834069
20.130295
20.074284
20.603533
19.517873
19.847559
14.431625
16.130612
15.473935
16.201465
14.216459
14.330887
15.135185
15.849459
15.073419
14.770168
16.355916
16.186917
15.508776
20.056130
25.233424
25.895777
26.571733
27.504241
26.225434
24.673385
26.726090
29.747367
30.514060
29.428071
29.694937
25.365577
25.379395
25.967473
26.113561
27.509294
27.590562
27.981515
26.819474
25.206680
25.456878
26.478522
27.836805
26.310818
16.126694
16.449459
18.159515
19.531214
16.809747
18.286442
17.965472
16.580460
16.178331
13.288705
14.467007
13.924798
14.057895
15.441075
13.709935
13.642564
14.149720
14.997553
14.427960
16.268528
15.409304
15.909454
16.979256
15.990414
16.571160
14.507329
15.065620
16.228534
16.709778
16.036216
15.263595
14.888643
15.359568
17.256125
18.396921
18.794953
18.419524
19.652642
17.885209
19.601789
18.877439
17.739445
18.650119
18.300416
18.356571
17.745726
15.769721
17.699138
17.442510
16.126943
17.466015
15.611531
18.209973
18.350273
16.926829
17.642285
18.272551
18.427159
18.410365
18.017772
17.759620
17.697260
17.138379
18.355108
27.908940
24.221794
24.764249
24.188100
25.419531
24.781907
25.391199
26.051079
22.356875
22.118760
18.351426
17.753525
23.878668
24.735246
23.131871
21.359273
20.976756
19.697627
20.828564
21.776941
20.043940
22.626390
20.955895
23.590287
16.979378
16.581705
17.486132
17.140024
19.468807
19.013842
16.841877
18.156917
17.644544
18.487292
20.443375
19.876198
18.848512
20.781277
21.212170
17.876327
21.085523
18.289267
19.782213
20.657416
20.329548
21.269099
16.051761
16.870399
19.976041
19.267741
20.224531
18.627906
19.378770
19.310074
21.012878
19.449906
19.961592
18.784767
20.484972
14.821268
14.137767
15.294298
14.249476
14.228018
15.369231
14.262654
14.459775
14.565091
13.612818
14.364536
14.449911
14.027138
14.413790
12.966446
15.174629
13.928776
14.169745
13.369606
13.529783
25.169314
27.273727
24.414101
26.837786
27.157523
28.204303
26.560840
27.086831
28.017144
27.018384
27.757941
27.112984
22.271437
28.722091
31.221007
27.738326
28.106900
29.404209
25.164481
26.158117
28.181829
20.284727
20.460688
19.973296
19.919260
20.156201
24.515755
23.599396
22.658454
23.453558
22.536683
21.900185
20.675459
20.673535
20.812839
24.259626
21.869677
23.177163
22.535098
23.714028
22.609125
23.706038
24.492572
21.039274
21.016925
20.512086
19.272618
21.474733
18.621618
19.744549
18.819063
19.517065
18.013088
17.483609
18.339123
19.251878
18.520855
17.839404
20.347999
20.361710
21.065920
21.410359
19.977084
20.367455
21.930308
20.809154
24.875657
23.144095
23.116073
23.569486
21.581092
21.295890
22.750467
22.024459
22.942546
22.077041
21.401099
23.484174
23.067640
24.157786
23.517074
22.985672
22.566648
21.423461
23.967752
23.092864
23.500131
24.169063
23.491927
23.608757
27.072943
26.767004
27.938884
25.830182
24.872911
26.175458
26.038937
25.399156
20.146637
21.466145
22.688719
22.578222
21.586047
22.478524
22.971850
21.406779
21.897384
21.563472
22.936354
22.909860
23.560669
18.654236
18.995609
18.131985
20.491145
20.579800
18.428614
19.792640
21.301000
19.361085
20.385775
20.742056
19.565974
20.741070
17.976837
18.296428
18.476081
18.212310
16.832363
19.690986
18.563248
15.854759
15.639620
21.663735
21.206778
23.283808
21.584079
19.217360
21.243866
21.665811
21.981164
22.406638
24.357426
21.090455
22.767914
22.652993
21.970325
20.759858
22.267394
23.225206
22.968733
22.599593
22.598531
22.607756
20.007232
19.666142
21.095443
20.760537
20.232501
18.811382
20.295245
19.148142
17.534401
21.731580
21.661544
22.605721
22.183661
23.560015
21.446247
19.792273
22.025484
16.842581
19.477456
17.454444
18.766915
19.580550
15.412025
15.645896
16.466393
16.702347
16.047223
16.218686
14.440107
16.318872
17.449028
15.239020
16.494505
15.968424
22.861855
22.212401
22.491860
23.789563
21.989642
24.372880
23.049598
21.769251
22.107789
22.272456
22.567608
23.350789
23.160750
23.595373
21.779219
22.331958
23.245875
23.085539
21.617384
22.145296
23.032945
23.409605
23.272706
23.408911
21.609157
22.430813
18.801247
19.097284
19.877593
18.632012
17.761654
18.484277
18.347394
17.841433
17.677249
16.731872
19.957417
18.673245
20.791490
20.255091
19.445227
18.635551
18.420561
20.687960
21.196170
13.212162
13.424204
12.984248
12.947217
12.152786
11.626530
12.091482
12.326417
11.888712
11.944463
12.165453
12.451597
11.632689
11.483592
11.020474
11.320737
12.269510
11.096073
11.644297
11.787999
 9.496571
10.355268
10.589217
11.482067
11.530048
11.156098
 9.516658
 9.628318
10.034644
10.012941
12.209409
13.195056
13.179993
12.657593
12.902846
10.516240
10.793885
10.820162
11.052182
11.268894
11.596057
10.625384
11.822836
11.481775
10.800047
10.804080
11.657444
11.953227
11.508255
11.539154
10.945192
11.396856
11.180187
21.800338
20.890837
20.409369
21.664742
20.752242
20.828155
21.645710
22.027899
22.347973
22.344016
21.236167
22.017186
19.898919
21.016990
21.608898
20.612737
21.866364
22.516882
21.367955
19.783618
23.305354
21.787719
22.658961
22.679890
21.399632
22.732749
21.596224
23.116646
20.233755
20.977191
19.462456
22.427146
22.325206
19.670168
21.191422
19.283665
20.899831
21.355124
22.277160
20.756457
20.305561
20.335695
18.301950
16.944042
18.498009
17.530782
17.013668
16.446649
19.964629
19.942306
21.196647
21.212724
21.292450
21.375271
19.672087
20.060381
14.654461
15.395309
15.554681
16.119631
18.139114
18.569590
18.991148
16.496983
20.186998
18.917571
18.965631
19.259069
18.034981
19.512762
19.905369
18.323460
17.479206
19.190504
19.134362
18.115380
19.095398
25.330001
25.984568
27.538149
27.465748
28.070374
28.653974
27.499229
28.676695
28.227087
27.130553
29.117217
27.013610
26.682615
25.123981
26.338048
27.273749
26.132255
26.881053
28.827745
28.279766
28.869781
30.490932
31.009584
27.479604
30.052559
27.437098
29.431965
24.741865
24.104277
28.008227
28.005520
26.733438
27.411562
25.097420
29.395035
32.790128
26.589359
29.628973
27.133854
28.723709
24.759420
24.760831
24.263200
24.700103
25.172790
23.591150
11.405766
11.782307
11.632060
10.884020
11.776929
11.470242
11.442774
11.368702
11.391091
11.843694
14.132809
14.054046
14.493869
13.998093
12.202691
12.578548
13.347948
14.003364
13.207122
13.666289
12.993455
13.529899
12.196612
12.399633
12.542058
12.840112
12.134158
11.432000
13.960122
12.909705
14.469925
12.972221
14.129690
14.138605
11.876348
11.489751
12.366702
12.576611
12.037078
12.426800
12.348693
 9.783215
10.140222
10.407867
 9.716101
 9.783050
10.247150
12.831008
12.858341
13.508629
13.705315
13.546063
13.438638
12.881110
14.612505
13.499593
13.886494
13.694847
13.956936
13.483383
13.596161
14.678685
17.180118
18.123461
17.439109
17.483598
18.189354
16.515882
17.350334
16.079648
17.123971
16.877143
15.879733
16.371874
15.932420
16.230171
22.030473
20.777931
21.348422
20.397231
21.724027
17.556118
17.924848
18.773362
18.488174
19.498200
19.825717
17.148163
17.026152
16.620761
17.235768
17.498289
17.600810
16.193733
15.661216
18.331602
15.735100
17.294428
16.477143
21.381486
21.758590
21.951945
20.640748
20.352186
20.712552
20.311037
18.394497
19.250574
20.859838
19.115853
19.427274
20.903750
20.101826
20.923415
21.523663
22.131453
22.209476
21.713215
21.670271
23.577768
22.136830
21.709902
21.846810
22.095304
21.371613
21.844510
23.185219
23.041213
20.159936
19.521295
20.505929
20.995239
15.918021
15.191644
16.002076
15.830995
15.561976
17.179799
19.684056
20.124766
20.009776
20.090831
20.775374
18.301912
17.880198
18.583634
18.664418
18.634218
18.059101
18.404436
18.304405
17.417340
20.584136
21.180523
22.083854
23.135996
23.334416
23.093912
23.461672
19.430576
20.561930
18.189929
20.201245
21.893259
21.429704
22.116877
19.556833
25.646488
25.504809
24.619397
24.669561
27.638186
25.366504
24.464327
24.875342
23.001390
26.830890
26.700636
26.669528
25.037135
23.950473
25.253709
21.642027
25.549743
27.649796
27.832134
28.889411
30.363205
26.881021
30.860313
27.331219
27.199595
28.323103
28.431672
28.401391
27.397565
25.109033
28.171658
28.077702
28.552404
30.561196
24.314903
25.553663
25.498730
25.897206
26.469279
28.142268
27.822957
29.715265
27.707611
28.195949
27.889728
27.201472
29.278843
28.255660
27.860514
25.436576
26.491408
23.797417
24.486915
24.611961
25.175368
26.919886
25.926062
27.983576
26.415246
26.062130
25.989598
25.881516
27.830403
25.637639
26.643310
28.268598
25.103003
23.732639
24.856777
26.460688
23.349239
25.236027
25.482122
25.432075
24.049319
26.551586
25.635249
26.473493
34.259671
32.031554
33.006179
32.586657
29.004040
30.698636
28.680949
33.228395
31.681246
33.107314
34.058756
33.368389
31.003608
32.491976
30.635167
31.392964
31.606107
30.615486
26.732894
30.810977
26.953052
27.846237
27.446281
30.018350
31.254637
30.857828
29.273923
28.640756
30.919362
29.567238
27.623047
29.530292
31.214724
29.280955
28.943861
27.843798
27.055675
28.457654
27.545671
27.131196
27.623644
27.022074
29.704844
25.803304
19.193288
19.538586
19.751304
18.568063
19.220326
20.503939
23.431048
20.851678
21.124988
21.334961
20.015423
18.543670
21.176148
17.639997
18.011002
19.467802
18.820909
17.328071
20.269097
19.714213
20.527909
20.176930
25.457351
24.663940
23.824069
25.191433
21.954933
21.567915
20.733917
22.165213
22.003389
21.794006
21.183993
21.439015
21.614588
16.995440
18.214243
18.964713
18.921356
18.238299
17.486249
17.170287
16.696410
16.690282
18.695490
17.619428
19.334553
19.100153
17.023621
19.529363
20.015979
20.325833
20.194090
20.076248
19.906563
20.784715
21.677979
20.535341
19.531184
20.307527
18.311145
22.664014
18.842014
22.328987
23.768659
22.135864
24.384469
22.254640
23.170482
25.367714
23.154723
24.424652
25.850338
26.245454
26.638516
23.997218
26.431643
26.182929
25.848207
27.329153
24.850524
25.342606
25.001975
25.488564
19.468070
19.758200
18.065797
18.147754
17.882123
17.421319
12.544113
12.739640
13.074782
13.746931
13.880531
13.404115
15.492949
15.541197
16.321022
16.147680
16.213657
14.220406
14.543076
14.740060
14.058879
14.024359
13.517674
14.070162
14.492451
15.506650
15.359081
12.742244
13.513929
12.487821
12.325844
13.261203
12.527666
12.613446
10.974969
12.477767
12.689115
13.519057
13.290151
15.789482
15.295736
13.794558
14.923175
13.797545
13.677188
14.336587
14.730739
11.832350
12.040491
19.669180
21.240765
20.269771
22.389480
22.785541
21.676901
23.273130
22.881900
21.742174
23.178727
19.696206
19.847312
19.013448
18.070469
20.702386
19.700729
19.658035
20.772504
19.281931
19.250488
16.294156
17.674620
16.969876
21.110160
19.359446
19.934579
20.952256
20.410779
21.049717
19.764624
19.643086
20.056056
20.339137
17.829222
17.846802
17.889900
17.870945
17.680191
18.179114
15.729403
16.172728
15.778427
13.940813
14.816824
13.614227
14.715331
13.765477
15.045214
15.895379
15.489559
16.025915
15.576773
13.601045
13.410314
14.115761
14.237678
14.854304
14.787365
13.679252
14.928149
19.369450
20.724007
20.020979
20.320094
21.109794
19.146462
21.756760
22.916114
22.326294
21.977091
22.249514
20.319521
20.779943
23.145055
22.321943
21.371514
20.957049
20.005422
20.965027
21.499949
20.620224
20.716461
21.277698
22.915083
22.736750
18.634557
18.091818
17.505468
16.653839
15.915105
16.390215
14.847419
15.406972
22.065281
16.736563
15.810809
16.137764
17.069292
16.110976
15.839814
15.052189
15.738229
16.357431
16.029500
16.602782
17.715605
18.530332
19.509194
18.554127
18.532397
19.076008
18.244816
20.216463
18.548303
18.960364
18.572729
18.324934
19.822488
18.610359
19.475619
18.311248
16.966479
17.467178
17.351373
18.279211
17.917518
25.373097
25.203137
26.587995
29.264534
29.937280
32.565850
30.607801
30.195611
29.994467
31.547802
29.351510
29.787464
30.923308
30.032919
31.972334
28.251923
28.504505
29.690278
28.502824
30.437512
30.996879
32.101376
27.439203
25.821357
26.083635
29.019310
25.043457
23.742488
26.311078
25.903886
24.713961
22.074069
24.512127
22.357797
22.396649
24.235250
24.867053
25.583271
25.334775
23.825312
24.030838
24.311122
25.334448
24.047458
24.812459
23.805094
24.127382
24.619686
26.292020
25.026662
27.217486
25.812045
27.726356
26.988922
29.470747
28.473868
27.288590
24.333507
24.535286
27.485527
23.587488
25.906923
23.917147
23.543038
25.032372
24.861817
25.174768
24.011768
24.977702
22.823941
24.681509
25.232414
25.553023
25.652909
24.687513
24.792740
26.693636
24.871169
24.950885
26.627048
24.432427
24.709874
30.081420
30.966072
31.150954
29.342801
28.860484
31.305543
30.753896
32.553185
26.830302
24.252855
25.565999
26.757693
24.301831
23.634111
24.999012
24.776143
26.902787
24.899166
31.466739
29.299257
30.507676
32.836648
32.760882
34.632656
23.426050
24.627974
23.690520
22.912554
25.301901
26.014189
25.935510
27.384411
25.779557
25.802728
24.821602
25.369582
23.138053
25.337614
23.454152
26.243267
25.635935
26.433483
25.621645
25.971676
26.753168
26.284530
24.774968
27.987964
23.613178
24.502254
26.440497
23.912835
27.048585
29.860850
28.201310
27.285850
28.005918
28.227103
25.155495
25.599167
28.093168
28.442477
28.547690
26.703686
18.018709
19.438641
25.079819
27.010144
26.022324
23.279364
23.193114
23.816767
23.238086
24.180527
24.368807
25.214910
23.687184
25.440006
25.062779
24.866614
23.780794
24.049530
28.790223
28.227285
33.404998
30.411479
30.708307
29.156327
29.905804
30.960987
29.348856
28.826412
29.826317
26.011753
33.658133
31.914834
30.800107
30.531489
29.292561
31.663560
32.156126
33.409337
33.544541
30.156249
28.519135
28.873733
29.471359
27.225996
27.455100
28.348552
27.970410
26.589790
25.941752
25.083731
26.285489
25.420562
28.461492
27.324541
27.706718
28.251691
26.246730
25.594286
26.864896
25.120754
28.815668
27.025675
24.796550
29.669423
29.968461
30.555454
29.283775
29.374189
28.513933
29.734448
30.291219
27.788564
26.647378
29.280153
28.377843
28.826637
29.822295
29.183269
28.852007
28.182629
31.687869
29.218558
26.297233
25.869001
24.434527
24.605920
26.789444
23.461666
24.469752
24.763755
24.427206
22.400345
22.202498
22.034948
23.396638
21.277001
24.515179
22.736870
23.725343
23.602585
24.086422
23.580286
21.971729
29.723202
28.452085
29.121854
27.208508
28.180537
28.054334
29.239821
26.718089
28.984666
28.563611
28.239908
25.108921
24.806122
23.361828
24.672236
26.516389
21.726190
23.813477
22.002773
31.043338
29.757589
29.770841
30.565922
30.408705
32.581068
26.932124
23.705047
24.867395
24.905589
28.381009
28.373622
26.854271
28.883086
29.811458
28.184283
28.962015
29.638446
27.938078
29.555953
29.384566
28.501047
30.102418
28.298849
15.279443
15.253571
14.988679
15.110859
15.798443
14.556761
13.945752
18.040436
19.150551
18.890799
17.319429
18.213809
19.317247
17.877423
16.545425
17.172596
21.253694
22.274366
21.096585
20.499211
20.872232
19.526186
19.636468
19.485580
17.727954
17.936358
18.998667
17.747067
17.737660
15.299093
15.962672
15.331190
15.662414
15.697071
15.272312
23.507261
23.797412
21.728779
22.997402
22.598336
19.967605
21.731726
23.619851
21.540517
23.583443
23.549790
23.934105
24.727929
22.264300
24.782549
24.078500
24.170967
24.124840
26.023305
28.530624
27.927993
26.366323
24.718151
26.382474
26.653098
23.357676
23.400193
23.033494
22.406920
22.431339
23.731302
25.098501
20.654587
23.225911
20.245244
25.016836
26.718484
27.937856
24.923701
23.561042
26.240227
26.346366
25.262493
25.876184
25.844225
28.104159
24.806683
23.392119
23.245832
24.909685
25.300574
22.653416
23.558100
24.214355
24.599226
23.778226
23.036723
24.968402
23.385246
24.076154
25.702468
24.528335
22.435909
22.695233
21.955039
19.500280
19.404006
19.343216
17.961042
17.335704
17.130818
16.878423
17.168114
17.561400
19.375038
19.042670
18.568780
19.107308
17.516980
17.797012
19.087942
17.618217
16.525215
18.977864
17.759511
16.822792
17.284917
18.327452
17.532385
24.259220
24.266735
24.112875
23.722353
23.806821
23.788780
23.890421
25.263457
23.727571
24.263239
24.375491
22.729941
19.415510
20.114169
20.832180
20.805988
20.875896
21.610314
21.582552
21.278837
20.738591
20.981392
19.414158
17.681447
18.934127
17.905378
18.301380
17.796081
12.776747
13.771232
13.141108
11.675812
12.951481
13.476473
13.844745
13.948024
12.676603
14.193276
14.578761
14.615024
13.582661
14.308492
14.613565
13.882265
15.088596
13.938821
14.685782
14.267579
14.214720
14.172983
14.194418
13.506421
14.227000
14.886663
15.584164
15.100852
14.112381
16.320548
15.653301
15.054465
26.023076
28.271350
28.558081
29.340019
28.701386
28.727789
28.080447
26.976157
29.319568
27.307245
27.449222
26.763015
26.519618
27.401489
28.489784
27.826235
24.888601
24.103733
23.933967
23.182958
23.065746
24.083043
24.096702
23.454890
23.758317
23.704539
23.821524
24.182844
20.929681
23.650367
23.073111
22.087392
22.396458
22.671244
16.659368
16.202100
16.463040
16.860773
16.700475
16.727392
16.430169
15.534251
15.543828
15.497081
15.024132
15.253641
16.551718
18.046991
17.458846
16.321821
17.499593
18.025693
18.469379
18.452391
18.720413
18.898265
18.495055
14.624389
17.476960
19.967002
19.365823
19.475807
18.995233
14.693857
15.746128
15.125305
14.482556
14.325582
16.391267
15.708757
15.352987
15.974390
20.068440
20.755625
20.851620
21.720944
21.787528
18.528297
19.020446
19.176209
19.772140
19.868203
19.973284
19.104663
19.378637
19.592918
17.990065
18.050435
16.690014
16.958853
17.608388
18.923343
18.596870
20.266562
17.917205
19.193923
19.140960
18.676893
19.311440
18.286171
18.828010
17.836212
18.999654
16.933019
16.701728
16.645415
15.199438
17.234843
16.048885
19.473874
18.500255
20.200960
19.247212
20.108392
21.830817
19.138477
20.792117
19.277730
20.718904
19.707164
19.693082
20.116325
18.831509
14.637299
13.929743
13.604679
13.675295
14.067855
15.021263
13.603626
13.687756
13.994929
15.528735
15.118642
15.702199
13.511373
13.963655
13.298547
14.096323
18.651316
18.348079
17.548622
17.596622
18.047937
18.355478
16.664979
17.226831
16.305882
16.004368
16.352460
16.406313
15.856321
15.059258
15.698871
16.088379
16.227462
15.581071
19.306818
20.016270
17.230477
17.749219
17.660820
23.516161
25.182632
24.293593
24.489973
23.756458
24.853474
21.443601
25.422133
25.015102
23.998206
24.334680
22.580667
24.632099
26.606265
26.714188
24.875625
21.333452
21.226214
23.147061
22.443567
22.618059
23.298999
21.905573
21.919394
25.619291
25.902230
27.552741
26.759677
24.750632
27.845875
25.685172
24.143879
27.227808
24.455700
25.539541
26.006569
24.914695
16.876341
18.019827
18.072403
17.792808
17.590850
17.322559
19.191210
18.692443
19.008756
19.342611
18.495011
17.816379
18.917945
19.127316
20.301023
19.155189
19.434370
22.248786
20.564612
21.608614
21.684582
19.879469
18.968419
29.776179
27.776074
26.587758
25.724953
26.989793
27.502949
27.285031
25.792664
28.678823
27.249622
26.008351
27.692056
28.435591
27.733934
25.757445
27.432516
27.013561
30.254468
25.396933
26.119214
26.072990
24.310635
26.317226
26.276404
31.667154
32.515073
29.593704
31.103266
32.292619
33.708082
30.413556
28.035279
30.455922
29.692415
27.936451
33.588159
32.521307
33.462291
31.796797
31.901572
28.455090
33.735233
29.343708
33.156142
31.581587
25.281186
27.727656
26.853240
25.026070
27.354811
27.640408
28.099683
32.105377
27.857425
20.453952
21.859069
20.266358
19.851773
21.295296
22.014816
22.376874
22.405154
19.975399
20.275716
19.805021
19.673192
17.856834
18.605102
20.607379
20.126164
18.287868
19.230769
18.937000
19.300912
19.258970
18.528849
20.103295
20.316028
21.445724
20.977210
20.767220
20.506686
29.958695
29.267869
30.393647
29.371757
33.045328
30.793868
24.591617
23.882113
23.663670
23.866968
22.839084
22.801022
23.380741
22.902516
24.850611
23.684021
29.195401
28.535021
29.945660
31.961745
19.284563
20.889327
21.909210
20.145179
19.567542
19.932557
19.871825
22.653075
22.012919
22.102809
22.368943
23.893403
23.280966
22.008874
22.705861
22.647999
21.178257
24.156995
23.181553
22.029170
25.302439
25.616399
25.266439
34.903143
36.327068
35.205808
35.609115
33.353612
30.802446
31.653667
30.793605
32.462998
31.889306
34.215160
35.306502
31.120612
28.163656
29.089082
32.216834
32.832392
35.397082
34.036071
33.857198
35.043555
22.050263
23.219949
22.583727
22.625878
22.528107
22.511350
20.226388
20.106488
18.937808
19.925524
17.656199
19.041704
18.187031
18.010982
18.413815
18.176490
21.069865
18.252191
18.911565
19.917923
18.694444
19.668277
19.840647
20.100763
18.838224
18.589409
20.619843
23.826910
24.497424
25.409601
24.521980
25.149967
23.182318
26.032612
26.212055
25.064117
24.535901
25.684425
14.566356
15.177584
15.288137
14.450513
15.334252
15.824046
14.785269
16.261868
15.556488
14.840983
15.901085
15.286269
16.545056
15.382105
17.268233
18.078001
18.170457
18.406974
16.055676
16.390255
18.197801
17.353141
16.221444
18.183229
17.356588
17.200123
15.524159
15.180568
16.716538
18.209470
17.929074
17.625747
17.257619
18.193385
17.106609
17.991030
18.931108
18.978972
23.007307
21.379504
22.875866
23.558843
21.888985
21.700473
22.210718
23.401194
22.639264
20.707547
22.547410
24.406611
21.527542
22.481837
18.843227
18.125795
22.059660
19.473926
21.428227
20.538137
21.188412
20.039211
17.676311
18.206471
18.259699
18.825505
18.744827
19.207493
20.933624
19.369288
20.027915
20.972280
18.449043
19.529524
18.391189
17.990827
23.148699
21.407125
22.213806
22.290859
21.037864
24.336144
21.135255
21.897170
24.187734
22.726449
26.262514
23.670684
24.593532
22.971988
24.381999
24.196931
24.206897
24.739771
25.305918
22.179194
21.036382
21.868785
20.621211
20.807846
21.286597
20.242939
21.144234
27.567260
26.073374
27.554853
24.921326
24.471855
27.146869
30.179822
27.488022
25.409102
27.022467
26.635577
27.088803
25.175296
27.358816
29.062867
28.683409
29.284650
28.301380
26.806209
11.443365
11.924486
12.677543
12.467492
12.407230
12.300292
11.846806
10.674087
 9.788391
10.330185
10.392386
11.081764
10.623839
11.037886
10.916209
11.449898
16.723606
15.873275
13.843166
13.174696
14.243805
14.486588
13.431439
13.925307
13.449203
13.705601
13.115308
16.514500
16.908763
16.649896
14.893775
16.308933
14.755867
14.705411
14.759260
15.318456
15.765723
14.032831
14.779177
13.662680
15.391150
14.931905
13.609043
14.388842
13.507150
13.632244
13.737829
15.431676
15.418701
15.462928
15.543470
15.745833
14.386445
14.661597
13.671118
14.111902
14.827661
15.241004
16.164165
15.487415
14.840278
15.963776
16.389392
15.294034
15.498280
16.167231
16.071574
15.918834
15.604415
15.410160
15.122302
14.139593
14.716796
15.040855
17.814095
16.190827
16.604432
17.009072
17.095047
16.071865
15.712639
16.043796
15.781948
 9.939022
10.024523
 9.691356
 9.648998
10.321700
 9.664651
10.029199
10.304560
11.631572
10.017763
 8.734055
 9.809808
 8.852642
11.846565
11.343046
12.143156
10.656505
11.674470
14.229897
15.653434
15.029095
16.080534
15.706234
14.822238
15.127805
13.574550
15.549348
14.985646
13.729462
14.828061
13.884920
14.634170
14.260906
15.257484
14.408279
13.781020
13.306982
12.654148
13.864570
12.807170
13.166302
13.402552
12.303708
13.994166
11.425542
11.992499
12.074663
12.627319
12.112228
13.161683
12.843191
14.452683
14.429903
12.973780
13.735295
13.571945
12.995899
12.287239
13.541465
13.431920
13.604663
13.275509
15.081128
15.379235
16.006696
15.187814
16.379490
15.211316
16.554098
18.712247
18.154799
17.066123
18.225621
17.476470
17.858596
16.261666
17.284450
17.044486
16.884771
16.898197
17.516724
17.194201
16.339878
18.393479
16.858625
18.059012
17.941748
17.450758
17.172075
14.223363
13.472157
13.243250
14.270787
12.904896
12.760381
13.171855
12.938633
12.529583
13.929880
12.690617
15.455903
14.698352
26.635428
24.596788
27.231015
27.681320
26.577169
29.343496
26.177095
27.001865
27.282508
28.384584
27.735371
25.895984
26.389332
29.518247
16.859659
18.105597
17.726547
17.718585
17.571827
17.698569
17.658610
17.086172
16.970808
19.579320
19.342049
16.306169
17.088650
17.030522
16.197799
15.931433
15.114202
15.882828
15.538932
15.169163
14.704582
19.758383
20.781440
21.243846
19.966814
20.625082
20.224662
20.915469
19.490413
19.577664
19.076926
18.347838
20.605696
18.275007
20.455386
19.425933
19.687845
19.667107
18.777135
18.456756
18.479614
20.107476
21.375452
22.009886
21.928972
22.229319
21.379798
21.061796
21.672646
19.526976
19.172308
19.113122
18.248274
19.333229
20.191233
18.893055
20.311222
18.955205
18.597668
18.633860
18.958587
17.552473
18.047151
18.638259
18.323767
18.792582
18.055158
18.573324
20.339940
16.201850
20.375998
18.519315
18.454402
19.013319
17.765905
20.912057
19.287890
17.844613
18.830602
18.900973
19.018205
20.375834
18.906060
18.521097
19.241780
17.834075
19.065814
20.605903
20.675743
20.314472
19.890179
23.512564
24.877226
23.966517
17.291268
17.712008
17.684429
18.531752
17.553231
20.784023
20.200444
19.427391
20.836377
19.016778
19.992326
20.387769
27.861349
27.917962
30.421516
30.377014
28.159081
31.075824
28.553079
31.852004
29.284813
31.107305
27.513803
28.572377
29.102870
30.612406
24.576841
26.852345
27.493401
27.478567
26.807867
28.678056
28.680229
27.442887
27.916266
27.750785
25.227390
23.303843
23.998902
23.275732
23.006660
22.263674
22.657922
22.100740
25.834953
25.353694
25.447638
23.191661
23.803324
24.905043
23.586316
23.716632
23.396576
23.810541
25.353626
23.354115
22.594040
21.489027
23.949285
21.323260
21.922798
20.507322
19.612054
22.700924
20.717087
22.146627
26.971830
26.213747
25.711948
26.975092
26.501072
27.748197
27.103942
27.831019
27.542566
27.733886
27.240187
26.484669
23.947819
23.163159
26.386682
24.327733
27.927279
29.784979
28.187303
22.120408
21.242796
20.726101
20.257002
21.703003
20.762864
19.856185
21.260694
19.053775
20.779229
23.901547
19.769445
20.317054
26.508098
27.117614
24.629588
23.878304
23.783484
24.585333
25.822398
29.973154
27.248477
26.065574
26.367261
25.793140
27.339063
22.266052
23.958097
21.647852
22.606054
23.077705
24.773750
23.168105
24.173534
24.317611
22.635080
23.411426
24.145481
24.121302
24.862809
25.915022
24.061368
24.193016
23.298377
21.397719
22.805928
22.608245
21.278273
22.484088
22.787803
22.764516
23.811680
23.302786
21.367358
23.124311
24.013329
23.223522
22.281277
23.741533
22.959379
23.885531
21.982935
24.340890
23.851872
23.285873
25.123865
23.775178
24.111876
22.020837
21.715345
23.498041
21.366060
23.025417
20.977827
21.631862
21.307003
20.660323
21.274062
22.036686
21.787408
22.599132
23.751545
22.205810
20.461987
22.330959
23.089684
22.799921
21.860288
22.960061
23.061861
21.825806
22.778579
22.285208
20.925385
20.383089
19.531783
21.475129
18.855526
20.073372
18.956583
21.523699
19.759552
23.982509
24.301151
22.433552
23.889778
24.763048
23.543750
24.171944
22.412482
23.173911
22.630684
21.605701
22.094310
24.440285
23.407734
19.102384
20.588289
19.863602
20.667679
19.939643
19.554930
19.254023
21.463315
20.080883
16.710065
16.040164
17.229011
20.446525
21.132677
22.082883
22.636999
22.969561
20.722934
20.814992
22.804032
21.783628
20.464832
19.611300
19.912294
20.367570
21.235856
18.982696
21.234048
19.767925
23.570817
24.202512
25.774000
24.308195
22.197536
16.977699
17.232089
17.589488
17.275276
17.530882
16.452355
17.000263
18.468652
21.871513
22.915995
20.899402
20.501309
20.885569
20.621057
20.639974
25.667005
24.996099
25.886475
25.527311
26.162847
25.823891
27.795412
28.390135
27.712357
27.581749
29.656351
24.649619
24.841516
27.626710
23.182193
25.701995
22.921848
24.224912
24.243153
25.168670
24.598822
26.405714
25.099405
27.721207
25.263947
26.354742
24.496912
25.157534
25.877949
27.086152
27.470161
23.915082
23.882282
22.245873
22.138267
23.213003
25.125169
22.233498
22.579308
22.293900
26.906050
26.180579
27.314604
24.543037
28.024671
26.768219
15.101279
14.135024
16.112587
15.452310
16.439083
16.236859
15.884136
16.857607
16.672448
14.973427
14.008818
15.026538
28.742776
29.136537
28.717201
28.639424
27.630914
28.093282
27.827586
28.065208
28.973119
27.398101
29.506715
27.701744
27.566469
27.084046
26.950959
30.075401
27.144863
26.232654
31.633179
32.085775
31.471571
30.688532
31.430917
21.315627
22.053929
20.633487
20.576343
20.203471
21.923382
21.783799
21.171248
23.015503
20.458423
22.110287
21.376373
23.174576
20.250491
20.533767
21.291428
20.368618
21.293269
22.030643
20.803257
22.016368
20.517254
22.070419
18.997484
18.101594
18.301915
19.505285
19.107675
21.913707
20.163195
20.831460
22.014148
22.329472
18.788824
19.124323
19.511787
19.030349
18.489976
18.954104
17.129677
18.136456
19.390249
17.525386
19.666770
21.101280
20.543902
20.034926
22.291945
23.134160
22.806365
22.376433
22.178345
16.762850
17.919571
17.757633
17.852825
16.681786
17.766776
19.156985
17.295573
18.877344
19.073625
17.944410
19.241461
19.353529
24.730277
24.919758
26.321217
25.906076
22.344695
21.284329
20.887870
20.161656
20.970317
20.410039
20.412701
22.052111
20.874873
21.854849
21.741150
23.971841
23.161084
23.079902
24.769998
24.353219
23.283868
23.580354
21.998806
21.847116
23.277988
20.708465
18.700678
18.828121
17.397572
19.361793
20.199476
19.735984
23.040939
20.562038
19.346337
20.703267
17.278295
19.387143
17.426449
17.992403
19.510107
18.358197
17.020181
18.600768
20.136106
19.112812
19.678374
18.790626
19.115013
17.835644
19.132763
18.671161
21.063378
19.866043
25.512434
26.825380
27.365005
27.209125
23.955083
22.435152
22.226539
23.596206
27.196537
25.227370
27.100629
25.681943
24.240477
24.265894
24.536805
23.263692
25.331335
23.932074
25.818557
23.968228
26.255081
22.998340
24.483674
27.829258
25.138793
27.002613
25.860219
21.220020
21.111149
22.787807
23.683945
22.825734
23.830018
25.632681
23.993137
24.512571
25.366309
23.406844
24.405248
25.130618
23.849248
19.704065
21.174903
21.489382
23.130849
22.746283
22.174656
24.822618
25.576447
26.431108
24.547312
25.325932
23.559136
26.597944
27.138140
26.356442
23.919380
24.816818
25.077470
24.014329
25.951862
23.526621
24.138225
23.855984
24.787047
26.215581
27.902006
26.598454
27.076451
24.789498
24.577264
25.437022
25.012872
26.314494
26.431388
23.902354
24.690107
23.412235
24.301190
23.166921
23.715434
24.876488
25.139214
22.469677
24.044707
23.080904
27.315020
25.209527
18.905551
20.799325
21.431045
19.601405
20.942535
19.808162
21.283307
23.515481
22.558969
23.571441
22.880267
22.681348
24.400305
24.069433
21.919057
21.059585
19.465798
26.046608
23.445829
24.697964
24.234023
26.626120
25.804245
21.860820
21.585992
24.248521
25.348434
25.030602
24.587175
24.581421
25.190817
23.825594
23.058046
26.835556
26.752195
29.385691
29.922389
28.954657
20.826263
17.952109
20.983659
20.507350
21.729429
22.225712
22.489632
22.193447
22.373722
21.425216
20.366636
21.129276
18.813318
18.226678
17.908391
22.386947
23.143366
22.711642
22.167975
23.274353
21.871630
22.429676
22.063410
21.600908
21.074767
20.058237
20.839387
21.479908
20.541519
21.255320
21.713597
21.495297
20.032431
22.136215
19.457838
19.918959
19.744565
19.726148
20.176384
21.919040
17.246317
18.752373
16.511985
18.357555
16.679521
16.658442
18.163446
17.673205
18.402543
19.899026
17.287913
17.966950
18.753196
17.594433
21.590199
21.475037
21.552118
22.394058
21.869632
21.381196
21.249861
22.340998
21.564010
22.909456
21.209996
23.713054
22.997798
23.771891
25.538876
26.446294
27.712448
25.326473
25.619331
24.966745
24.601193
23.803442
23.146793
24.083985
26.620705
25.311866
28.152980
28.998366
30.946491
32.554330
32.784613
29.321037
31.192749
31.537387
19.780899
20.691505
20.614739
21.444327
22.037964
20.077695
20.692556
20.897412
21.446256
22.630485
23.915985
22.516037
22.337549
23.143464
24.292823
21.985777
25.276769
24.083656
23.866897
23.664872
22.355708
22.591339
23.548843
22.528368
22.260979
22.873968
31.346036
30.686754
29.973886
30.470177
31.176571
27.742673
25.865175
26.849214
29.472484
29.375323
29.294892
28.486818
30.174738
27.543876
27.077220
28.422712
29.743319
29.166737
28.978641
26.978973
26.308752
28.517933
30.280209
30.121401
27.885543
29.006262
29.350071
29.026348
27.254818
28.641157
28.906122
29.604505
31.452751
29.555897
30.348170
30.880426
30.302368
30.475547
30.226958
29.739975
30.450726
31.552416
29.887608
28.447175
29.627744
28.750608
29.719909
27.507893
25.573184
26.779890
26.995079
29.567350
30.140778
28.286737
28.796933
26.993660
29.331336
22.883477
22.336148
23.671469
24.045340
19.167356
19.257426
19.041975
18.187092
17.705023
20.170452
19.768065
19.682048
20.197777
19.832250
19.777426
18.971493
19.358915
19.580558
20.429682
20.690579
21.221317
20.661112
18.406859
16.644357
17.057180
16.681043
17.632853
15.689315
16.276359
17.368174
15.959704
15.852334
16.611297
16.224123
16.679287
17.475442
17.666699
17.485629
18.485124
19.431721
20.550187
19.737213
18.694751
18.422359
16.920828
18.284415
23.238170
22.545634
23.874137
23.930368
22.903707
23.285066
21.652883
21.057035
20.071135
19.602836
20.754273
21.010400
22.019080
22.321217
20.844990
21.890198
21.978492
18.687752
19.241505
19.584129
19.924271
18.209990
17.594065
17.862698
18.055113
20.632641
20.049294
20.585285
19.042794
20.934225
21.465564
15.754417
14.827135
14.830326
14.434348
15.392350
16.821621
14.459441
15.282916
15.585221
15.575614
16.250030
13.847437
14.296849
14.219856
14.538313
14.150260
15.070730
14.899548
13.861942
13.994204
15.164978
15.945807
15.638265
15.814188
17.156565
16.996899
16.506902
16.570948
14.191306
13.249362
13.783593
14.556863
13.840888
14.262055
13.651610
14.105371
13.543255
12.568608
14.033688
13.620295
12.614662
13.944170
13.413229
14.097439
13.057050
12.992544
12.781204
12.476129
12.504727
11.338241
12.599520
13.135979
12.456208
12.824853
13.178717
11.396691
11.717640
12.647799
11.743392
10.904211
11.310396
 9.772772
10.240028
 9.390714
 9.790756
10.245405
17.482738
15.587220
16.369845
16.677417
16.820084
17.672693
17.438803
17.009279
17.067777
17.332239
17.382654
18.244103
16.988605
15.756301
15.524434
16.576090
16.203433
16.931799
17.249719
16.182922
17.407811
17.335232
15.556487
17.038274
16.611680
16.535010
17.425154
15.842568
15.423737
16.454135
16.826094
16.887627
16.664627
16.594498
15.876437
17.409539
16.229533
16.751511
14.172964
14.136730
14.564246
14.202141
17.670516
16.931490
17.401340
18.137988
17.820986
17.052373
17.568227
16.803090
18.198738
18.358857
16.313029
17.931261
15.633943
12.535742
14.063236
12.659661
13.839070
13.037815
12.888782
13.042028
13.571612
11.733501
11.647250
12.178419
12.906739
12.947720
12.680826
13.150669
13.592767
12.513875
12.565473
12.194886
12.325157
13.163668
12.652895
12.906347
13.458899
10.314583
11.425633
12.938613
11.966466
11.208472
11.727168
12.671405
11.899597
13.394893
12.555043
12.071058
11.756832
11.536533
12.519845
11.346734
11.758739
11.769633
12.163061
11.627494
12.170721
11.198756
11.274735
10.470192
10.759941
10.490870
11.114762
21.313075
21.160019
20.917537
22.333235
20.902480
23.362716
22.266675
20.811307
16.461467
16.766163
15.469060
16.240204
16.272666
19.006766
19.557287
19.471152
20.517037
17.822564
18.429646
17.699228
17.158186
17.475576
16.133372
18.078523
17.461079
17.115509
16.920811
16.465467
17.229640
15.328003
16.033449
17.180365
16.122866
18.075379
16.738055
16.255023
16.876896
17.222908
17.004641
21.392845
20.786745
27.618380
26.312880
27.117776
26.982570
25.708538
26.243662
27.554315
26.104680
26.424916
26.288066
25.301246
16.497262
15.184449
14.976345
15.023195
15.947075
14.636423
14.586842
25.113940
24.316409
22.811201
25.309330
23.233800
13.302099
14.408841
15.024556
13.751619
14.282770
14.037150
13.560417
13.684250
12.596706
12.191729
12.325472
12.623124
11.986936
12.772404
11.917404
11.613722
11.938747
12.181197
12.551882
15.393079
13.937181
16.044503
14.985038
16.582156
14.361331
14.786188
14.250680
17.115667
17.068489
17.259986
17.469586
17.092192
17.673547
16.694178
 9.573160
10.184999
10.212683
10.152243
10.471178
16.211670
15.573741
15.020187
20.618579
20.235982
19.738838
20.886688
19.572260
20.277710
20.126103
20.802942
20.130025
21.329194
18.479971
18.730678
19.786755
19.054307
18.044488
19.235194
24.614775
23.709653
22.325062
22.115964
24.610194
25.587695
24.782485
27.909871
26.443799
27.057558
26.241900
27.318908
20.937637
24.726199
21.856956
22.018220
22.586770
23.364540
20.354224
20.999189
20.153720
20.758694
22.587245
17.687517
17.630167
17.077692
18.900144
17.377263
16.347915
15.889548
16.191013
15.172603
15.222199
16.073837
30.768871
30.238823
28.057442
23.444136
25.093128
22.219827
21.725436
24.398788
23.843099
28.235624
27.423960
25.912429
27.571841
26.787309
28.901039
27.337363
27.592577
27.328926
27.743920
27.453500
26.290905
27.238418
29.325087
29.860855
28.893598
28.710494
27.244788
30.273062
24.337334
24.527360
24.317881
25.067056
24.271801
23.689397
25.045746
25.016711
27.270372
27.938176
28.875114
30.105496
29.298319
29.653774
21.967951
23.796988
22.744213
24.744618
23.259832
22.982250
24.700352
23.999188
24.414193
24.575454
24.201092
23.207862
23.211816
24.685627
29.145331
30.520372
30.486899
28.962479
30.241941
29.040693
29.313859
27.802765
32.588568
31.456706
32.285901
30.296304
30.727018
33.019126
32.881414
30.928683
29.794348
30.586876
32.809833
27.135239
28.596800
25.681326
27.092114
27.958735
30.182360
12.604340
12.996044
11.980442
12.030805
12.220175
11.849775
12.421945
14.432146
13.806116
13.305550
13.089326
13.896886
14.414333
12.813480
14.124605
12.498720
13.491216
14.530223
14.142570
13.796654
13.733322
14.082254
14.781350
13.961799
13.445129
14.127135
14.793801
14.615555
15.225573
15.984303
15.707810
14.518875
12.300733
12.889023
12.825030
11.248054
11.279221
 9.870874
 9.677545
10.376439
10.648801
10.136617
 9.549895
 9.801257
10.225305
10.369855
 9.737140
11.388126
12.396810
11.259628
12.263875
11.332543
11.579796
11.622606
11.754293
11.597150
12.127222
10.550939
11.474193
11.691808
11.629290
12.889331
12.165807
12.687447
15.264478
15.252941
15.743025
15.371099
16.072203
16.658066
16.708146
15.241373
16.226140
16.585372
17.346412
16.164544
16.147937
15.237757
22.664330
22.781294
22.938003
23.478706
21.339147
13.099348
13.746262
13.837466
14.154349
14.331241
12.710521
13.131396
12.488574
13.827590
14.146071
14.222878
13.413609
14.651788
14.895162
14.807545
14.119070
15.020033
11.335490
11.863436
12.418408
11.805632
10.623499
11.752425
12.619559
11.619495
11.037855
12.253496
11.672152
11.024003
11.044682
11.839647
10.778147
11.166564
11.796654
11.268795
11.814626
11.403673
11.816700
11.753459
11.259478
10.330671
11.108500
10.663297
11.151181
11.246003
 9.914094
11.243744
10.141043
10.455386
20.402996
18.995778
12.941188
13.122916
12.794480
12.450015
12.028352
12.536476
12.235041
13.235697
12.280375
12.035175
13.310394
14.873078
14.162174
14.294919
14.244362
14.054087
14.914187
13.089690
19.401117
18.751182
19.832499
19.682150
20.843912
20.530867
20.794022
19.390193
19.453223
19.251814
19.885488
19.956123
16.917010
17.723307
19.539574
17.497350
16.379060
16.879296
15.637305
15.567994
18.019896
19.808464
16.760124
19.235557
20.555062
20.221625
21.703207
17.008300
16.590043
16.381867
16.242240
16.910165
19.576388
19.444772
20.654586
21.068910
20.015483
20.858131
19.543817
21.195766
20.972550
22.351386
21.562319
21.538274
20.044226
23.740546
21.749291
23.105191
19.727700
18.737309
19.896089
22.001362
19.881701
26.413252
24.055280
26.570007
25.104667
23.910693
18.590162
19.246407
20.706400
18.888916
18.694058
19.913085
18.177857
18.358377
20.416141
19.405577
19.550842
18.095100
17.559310
19.529922
28.948682
30.032978
29.892178
30.408927
26.693864
26.266911
25.975349
26.481895
26.979560
26.205190
26.351907
27.874081
27.918165
26.332412
26.791217
25.673204
26.933172
24.912135
27.655991
25.148016
24.604683
27.568320
25.715150
19.305596
21.324167
21.671275
21.564871
22.552457
22.006620
20.301339
20.903646
21.921651
22.218797
22.699098
21.619685
20.316936
19.305251
20.747690
19.418328
21.861360
18.277711
18.159751
18.842004
16.399628
17.741799
18.364317
18.958380
17.253024
17.510902
20.967295
22.141088
22.443902
21.323364
20.402712
20.804249
21.520850
20.220557
19.046956
18.935976
19.711759
19.700407
19.710226
20.148937
20.452687
20.669140
19.728002
20.485111
21.150257
19.833021
18.689674
19.035286
19.323785
20.932355
22.939438
22.730952
23.569341
23.878773
24.024002
24.704477
25.541427
26.648419
26.984068
30.746719
33.758492
28.711858
30.542096
31.673677
29.686752
29.155319
27.987669
27.992025
29.338587
27.217624
33.699334
32.011712
31.796170
32.065624
29.084886
30.533041
29.256239
31.670230
30.364984
26.766137
30.366599
21.739378
21.712632
22.091648
21.986852
21.716591
23.002638
22.846471
22.091880
26.269580
24.893142
23.763994
22.268249
24.139143
24.286200
24.639116
23.540650
23.553878
24.964672
23.602669
23.463664
23.749572
23.254685
23.916443
24.340271
24.296336
21.633017
22.304668
22.980650
21.868629
24.643282
22.732229
23.913422
22.338805
23.383047
23.022682
21.791535
25.211263
22.862729
23.357883
23.105654
23.815428
25.018323
22.994750
23.838342
27.165196
24.539625
25.451449
24.711331
25.712770
24.630808
26.290628
25.242435
24.712415
25.518923
28.083983
26.036182
24.962199
25.017852
24.711425
22.024848
23.863387
24.204096
22.778936
24.789921
23.007350
22.220147
23.711516
24.344509
23.792531
24.609604
24.592369
23.394066
22.834613
25.733601
21.745288
25.828561
23.311436
24.719210
23.556157
24.494463
24.240584
26.026589
23.655527
24.978770
24.643528
23.522098
27.499558
28.234592
29.294495
27.976464
30.059031
25.995349
27.211488
29.014481
25.932984
27.999098
26.818003
26.852892
29.708635
27.647462
27.563557
29.748396
28.700811
26.959580
27.238739
25.377239
25.728875
26.935596
30.281155
27.374750
27.354950
29.003957
28.641743
