0.5018089
0.5358904
0.5161342
0.5248965
0.4583844
0.5199227
0.4932637
0.4878769
0.4926692
0.5434051
0.4859723
0.5070312
0.4981935
0.4999776
0.4621825
0.4901545
0.4912182
0.4974470
0.4928526
0.4783147
0.4903661
0.5167581
0.5028123
0.4858525
0.4615639
0.4728017
0.5169528
0.4716301
0.4952211
0.4741166
0.4648950
0.5304062
0.4957367
0.4688861
0.4523474
0.4563300
0.5065554
0.5437452
0.4915804
0.4979932
0.5018089
0.5358904
0.5161342
0.5248965
0.4583844
0.5199227
0.4932637
0.4878769
0.4926692
0.5434051
0.4859723
0.5070312
0.4981935
0.4999776
0.4621825
0.4901545
0.4912182
0.4974470
0.4928526
0.4783147
0.4903661
0.5167581
0.5028123
0.4858525
0.4615639
0.4728017
0.5169528
0.4716301
0.4952211
0.4741166
0.4648950
0.5304062
0.4957367
0.4688861
0.4523474
0.4563300
0.5065554
0.5437452
0.4915804
0.4979932
0.5018089
0.5358904
0.5161342
0.5248965
0.4583844
0.5199227
0.4932637
0.4878769
0.4926692
0.5434051
0.4859723
0.5070312
0.4981935
0.4999776
0.4621825
0.4901545
0.4912182
0.4974470
0.4928526
0.4783147
0.4903661
0.5167581
0.5028123
0.4858525
0.4615639
0.4728017
0.5169528
0.4716301
0.4952211
0.4741166
0.4648950
0.5304062
0.4957367
0.4688861
0.4523474
0.4563300
0.5065554
0.5437452
0.4915804
0.4979932
0.5018089
0.5358904
0.5161342
0.5248965
0.4583844
0.5199227
0.4932637
0.4878769
0.4926692
0.5434051
0.4859723
0.5070312
0.4981935
0.4999776
0.4621825
0.4901545
0.4912182
0.4974470
0.4928526
0.4783147
0.4903661
0.5167581
0.5028123
0.4858525
0.4615639
0.4728017
0.5169528
0.4716301
0.4952211
0.4741166
0.4648950
0.5304062
0.4957367
0.4688861
0.4523474
0.4563300
0.5065554
0.5437452
0.4915804
0.4979932
0.5018089
0.5358904
0.5161342
0.5248965
0.4583844
0.5199227
0.4932637
0.4878769
0.4926692
0.5434051
0.4859723
0.5070312
0.4981935
0.4999776
0.4621825
0.4901545
0.4912182
0.4974470
0.4928526
0.4783147
0.4903661
0.5167581
0.5028123
0.4858525
0.4615639
0.4728017
0.5169528
0.4716301
0.4952211
0.4741166
0.4648950
0.5304062
0.4957367
0.4688861
0.4523474
0.4563300
0.5065554
0.5437452
0.4915804
0.4979932
0.5018089
0.5358904
0.5161342
0.5248965
0.4583844
0.5199227
0.4932637
0.4878769
0.4926692
0.5434051
0.4859723
0.5070312
0.4981935
0.4999776
0.4621825
0.4901545
0.4912182
0.4974470
0.4928526
0.4783147
0.4903661
0.5167581
0.5028123
0.4858525
0.4615639
0.4728017
0.5169528
0.4716301
0.4952211
0.4741166
0.4648950
0.5304062
0.4957367
0.4688861
0.4523474
0.4563300
0.5065554
0.5437452
0.4915804
0.4979932
0.5018089
0.5358904
0.5161342
0.5248965
0.4583844
0.5199227
0.4932637
0.4878769
0.4926692
0.5434051
0.4859723
0.5070312
0.4981935
0.4999776
0.4621825
0.4901545
0.4912182
0.4974470
0.4928526
0.4783147
0.4903661
0.5167581
0.5028123
0.4858525
0.4615639
0.4728017
0.5169528
0.4716301
0.4952211
0.4741166
0.4648950
0.5304062
0.4957367
0.4688861
0.4523474
0.4563300
0.5065554
0.5437452
0.4915804
0.4979932
0.5018089
0.5358904
0.5161342
0.5248965
0.4583844
0.5199227
0.4932637
0.4878769
0.4926692
0.5434051
0.4859723
0.5070312
0.4981935
0.4999776
0.4621825
0.4901545
0.4912182
0.4974470
0.4928526
0.4783147
0.4903661
0.5167581
0.5028123
0.4858525
0.4615639
0.4728017
0.5169528
0.4716301
0.4952211
0.4741166
0.4648950
0.5304062
0.4957367
0.4688861
0.4523474
0.4563300
0.5065554
0.5437452
0.4915804
0.4979932
0.5018089
0.5358904
0.5161342
0.5248965
0.4583844
0.5199227
0.4932637
0.4878769
0.4926692
0.5434051
0.4859723
0.5070312
0.4981935
0.4999776
0.4621825
0.4901545
0.4912182
0.4974470
0.4928526
0.4783147
0.4903661
0.5167581
0.5028123
0.4858525
0.4615639
0.4728017
0.5169528
0.4716301
0.4952211
0.4741166
0.4648950
0.5304062
0.4957367
0.4688861
0.4523474
0.4563300
0.5065554
0.5437452
0.4915804
0.4979932
0.5018089
0.5358904
0.5161342
0.5248965
0.4583844
0.5199227
0.4932637
0.4878769
0.4926692
0.5434051
0.4859723
0.5070312
0.4981935
0.4999776
0.4621825
0.4901545
0.4912182
0.4974470
0.4928526
0.4783147
0.4903661
0.5167581
0.5028123
0.4858525
0.4615639
0.4728017
0.5169528
0.4716301
0.4952211
0.4741166
0.4648950
0.5304062
0.4957367
0.4688861
0.4523474
0.4563300
0.5065554
0.5437452
0.4915804
0.4979932
0.5018089
0.5358904
0.5161342
0.5248965
0.4583844
0.5199227
0.4932637
0.4878769
0.4926692
0.5434051
0.4859723
0.5070312
0.4981935
0.4999776
0.4621825
0.4901545
0.4912182
0.4974470
0.4928526
0.4783147
0.4903661
0.5167581
0.5028123
0.4858525
0.4615639
0.4728017
0.5169528
0.4716301
0.4952211
0.4741166
0.4648950
0.5304062
0.4957367
0.4688861
0.4523474
0.4563300
0.5065554
0.5437452
0.4915804
0.4979932
0.5018089
0.5358904
0.5161342
0.5248965
0.4583844
0.5199227
0.4932637
0.4878769
0.4926692
0.5434051
0.4859723
0.5070312
0.4981935
0.4999776
0.4621825
0.4901545
0.4912182
0.4974470
0.4928526
0.4783147
0.4903661
0.5167581
0.5028123
0.4858525
0.4615639
0.4728017
0.5169528
0.4716301
0.4952211
0.4741166
0.4648950
0.5304062
0.4957367
0.4688861
0.4523474
0.4563300
0.5065554
0.5437452
0.4915804
0.4979932
0.5018089
0.5358904
0.5161342
0.5248965
0.4583844
0.5199227
0.4932637
0.4878769
0.4926692
0.5434051
0.4859723
0.5070312
0.4981935
0.4999776
0.4621825
0.4901545
0.4912182
0.4974470
0.4928526
0.4783147
0.4903661
0.5167581
0.5028123
0.4858525
0.4615639
0.4728017
0.5169528
0.4716301
0.4952211
0.4741166
0.4648950
0.5304062
0.4957367
0.4688861
0.4523474
0.4563300
0.5065554
0.5437452
0.4915804
0.4979932
0.5018089
0.5358904
0.5161342
0.5248965
0.4583844
0.5199227
0.4932637
0.4878769
0.4926692
0.5434051
0.4859723
0.5070312
0.4981935
0.4999776
0.4621825
0.4901545
0.4912182
0.4974470
0.4928526
0.4783147
0.4903661
0.5167581
0.5028123
0.4858525
0.4615639
0.4728017
0.5169528
0.4716301
0.4952211
0.4741166
0.4648950
0.5304062
0.4957367
0.4688861
0.4523474
0.4563300
0.5065554
0.5437452
0.4915804
0.4979932
0.5018089
0.5358904
0.5161342
0.5248965
0.4583844
0.5199227
0.4932637
0.4878769
0.4926692
0.5434051
0.4859723
0.5070312
0.4981935
0.4999776
0.4621825
0.4901545
0.4912182
0.4974470
0.4928526
0.4783147
0.4903661
0.5167581
0.5028123
0.4858525
0.4615639
0.4728017
0.5169528
0.4716301
0.4952211
0.4741166
0.4648950
0.5304062
0.4957367
0.4688861
0.4523474
0.4563300
0.5065554
0.5437452
0.4915804
0.4979932
0.5018089
0.5358904
0.5161342
0.5248965
0.4583844
0.5199227
0.4932637
0.4878769
0.4926692
0.5434051
0.4859723
0.5070312
0.4981935
0.4999776
0.4621825
0.4901545
0.4912182
0.4974470
0.4928526
0.4783147
0.4903661
0.5167581
0.5028123
0.4858525
0.4615639
0.4728017
0.5169528
0.4716301
0.4952211
0.4741166
0.4648950
0.5304062
0.4957367
0.4688861
0.4523474
0.4563300
0.5065554
0.5437452
0.4915804
0.4979932
0.5018089
0.5358904
0.5161342
0.5248965
0.4583844
0.5199227
0.4932637
0.4878769
0.4926692
0.5434051
0.4859723
0.5070312
0.4981935
0.4999776
0.4621825
0.4901545
0.4912182
0.4974470
0.4928526
0.4783147
0.4903661
0.5167581
0.5028123
0.4858525
0.4615639
0.4728017
0.5169528
0.4716301
0.4952211
0.4741166
0.4648950
0.5304062
0.4957367
0.4688861
0.4523474
0.4563300
0.5065554
0.5437452
0.4915804
0.4979932
0.5018089
0.5358904
0.5161342
0.5248965
0.4583844
0.5199227
0.4932637
0.4878769
0.4926692
0.5434051
0.4859723
0.5070312
0.4981935
0.4999776
0.4621825
0.4901545
0.4912182
0.4974470
0.4928526
0.4783147
0.4903661
0.5167581
0.5028123
0.4858525
0.4615639
0.4728017
0.5169528
0.4716301
0.4952211
0.4741166
0.4648950
0.5304062
0.4957367
0.4688861
0.4523474
0.4563300
0.5065554
0.5437452
0.4915804
0.4979932
0.5018089
0.5358904
0.5161342
0.5248965
0.4583844
0.5199227
0.4932637
0.4878769
0.4926692
0.5434051
0.4859723
0.5070312
0.4981935
0.4999776
0.4621825
0.4901545
0.4912182
0.4974470
0.4928526
0.4783147
0.4903661
0.5167581
0.5028123
0.4858525
0.4615639
0.4728017
0.5169528
0.4716301
0.4952211
0.4741166
0.4648950
0.5304062
0.4957367
0.4688861
0.4523474
0.4563300
0.5065554
0.5437452
0.4915804
0.4979932
0.5018089
0.5358904
0.5161342
0.5248965
0.4583844
0.5199227
0.4932637
0.4878769
0.4926692
0.5434051
0.4859723
0.5070312
0.4981935
0.4999776
0.4621825
0.4901545
0.4912182
0.4974470
0.4928526
0.4783147
0.4903661
0.5167581
0.5028123
0.4858525
0.4615639
0.4728017
0.5169528
0.4716301
0.4952211
0.4741166
0.4648950
0.5304062
0.4957367
0.4688861
0.4523474
0.4563300
0.5065554
0.5437452
0.4915804
0.4979932
0.5018089
0.5358904
0.5161342
0.5248965
0.4583844
0.5199227
0.4932637
0.4878769
0.4926692
0.5434051
0.4859723
0.5070312
0.4981935
0.4999776
0.4621825
0.4901545
0.4912182
0.4974470
0.4928526
0.4783147
0.4903661
0.5167581
0.5028123
0.4858525
0.4615639
0.4728017
0.5169528
0.4716301
0.4952211
0.4741166
0.4648950
0.5304062
0.4957367
0.4688861
0.4523474
0.4563300
0.5065554
0.5437452
0.4915804
0.4979932
0.5018089
0.5358904
0.5161342
0.5248965
0.4583844
0.5199227
0.4932637
0.4878769
0.4926692
0.5434051
0.4859723
0.5070312
0.4981935
0.4999776
0.4621825
0.4901545
0.4912182
0.4974470
0.4928526
0.4783147
0.4903661
0.5167581
0.5028123
0.4858525
0.4615639
0.4728017
0.5169528
0.4716301
0.4952211
0.4741166
0.4648950
0.5304062
0.4957367
0.4688861
0.4523474
0.4563300
0.5065554
0.5437452
0.4915804
0.4979932
0.5018089
0.5358904
0.5161342
0.5248965
0.4583844
0.5199227
0.4932637
0.4878769
0.4926692
0.5434051
0.4859723
0.5070312
0.4981935
0.4999776
0.4621825
0.4901545
0.4912182
0.4974470
0.4928526
0.4783147
0.4903661
0.5167581
0.5028123
0.4858525
0.4615639
0.4728017
0.5169528
0.4716301
0.4952211
0.4741166
0.4648950
0.5304062
0.4957367
0.4688861
0.4523474
0.4563300
0.5065554
0.5437452
0.4915804
0.4979932
0.5018089
0.5358904
0.5161342
0.5248965
0.4583844
0.5199227
0.4932637
0.4878769
0.4926692
0.5434051
0.4859723
0.5070312
0.4981935
0.4999776
0.4621825
0.4901545
0.4912182
0.4974470
0.4928526
0.4783147
0.4903661
0.5167581
0.5028123
0.4858525
0.4615639
0.4728017
0.5169528
0.4716301
0.4952211
0.4741166
0.4648950
0.5304062
0.4957367
0.4688861
0.4523474
0.4563300
0.5065554
0.5437452
0.4915804
0.4979932
0.5018089
0.5358904
0.5161342
0.5248965
0.4583844
0.5199227
0.4932637
0.4878769
0.4926692
0.5434051
0.4859723
0.5070312
0.4981935
0.4999776
0.4621825
0.4901545
0.4912182
0.4974470
0.4928526
0.4783147
0.4903661
0.5167581
0.5028123
0.4858525
0.4615639
0.4728017
0.5169528
0.4716301
0.4952211
0.4741166
0.4648950
0.5304062
0.4957367
0.4688861
0.4523474
0.4563300
0.5065554
0.5437452
0.4915804
0.4979932
0.5018089
0.5358904
0.5161342
0.5248965
0.4583844
0.5199227
0.4932637
0.4878769
0.4926692
0.5434051
0.4859723
0.5070312
0.4981935
0.4999776
0.4621825
0.4901545
0.4912182
0.4974470
0.4928526
0.4783147
0.4903661
0.5167581
0.5028123
0.4858525
0.4615639
0.4728017
0.5169528
0.4716301
0.4952211
0.4741166
0.4648950
0.5304062
0.4957367
0.4688861
0.4523474
0.4563300
0.5065554
0.5437452
0.4915804
0.4979932
0.5018089
0.5358904
0.5161342
0.5248965
0.4583844
0.5199227
0.4932637
0.4878769
0.4926692
0.5434051
0.4859723
0.5070312
0.4981935
0.4999776
0.4621825
0.4901545
0.4912182
0.4974470
0.4928526
0.4783147
0.4903661
0.5167581
0.5028123
0.4858525
0.4615639
0.4728017
0.5169528
0.4716301
0.4952211
0.4741166
0.4648950
0.5304062
0.4957367
0.4688861
0.4523474
0.4563300
0.5065554
0.5437452
0.4915804
0.4979932
0.5018089
0.5358904
0.5161342
0.5248965
0.4583844
0.5199227
0.4932637
0.4878769
0.4926692
0.5434051
0.4859723
0.5070312
0.4981935
0.4999776
0.4621825
0.4901545
0.4912182
0.4974470
0.4928526
0.4783147
0.4903661
0.5167581
0.5028123
0.4858525
0.4615639
0.4728017
0.5169528
0.4716301
0.4952211
0.4741166
0.4648950
0.5304062
0.4957367
0.4688861
0.4523474
0.4563300
0.5065554
0.5437452
0.4915804
0.4979932
0.5018089
0.5358904
0.5161342
0.5248965
0.4583844
0.5199227
0.4932637
0.4878769
0.4926692
0.5434051
0.4859723
0.5070312
0.4981935
0.4999776
0.4621825
0.4901545
0.4912182
0.4974470
0.4928526
0.4783147
0.4903661
0.5167581
0.5028123
0.4858525
0.4615639
0.4728017
0.5169528
0.4716301
0.4952211
0.4741166
0.4648950
0.5304062
0.4957367
0.4688861
0.4523474
0.4563300
0.5065554
0.5437452
0.4915804
0.4979932
0.5018089
0.5358904
0.5161342
0.5248965
0.4583844
0.5199227
0.4932637
0.4878769
0.4926692
0.5434051
0.4859723
0.5070312
0.4981935
0.4999776
0.4621825
0.4901545
0.4912182
0.4974470
0.4928526
0.4783147
0.4903661
0.5167581
0.5028123
0.4858525
0.4615639
0.4728017
0.5169528
0.4716301
0.4952211
0.4741166
0.4648950
0.5304062
0.4957367
0.4688861
0.4523474
0.4563300
0.5065554
0.5437452
0.4915804
0.4979932
0.5018089
0.5358904
0.5161342
0.5248965
0.4583844
0.5199227
0.4932637
0.4878769
0.4926692
0.5434051
0.4859723
0.5070312
0.4981935
0.4999776
0.4621825
0.4901545
0.4912182
0.4974470
0.4928526
0.4783147
0.4903661
0.5167581
0.5028123
0.4858525
0.4615639
0.4728017
0.5169528
0.4716301
0.4952211
0.4741166
0.4648950
0.5304062
0.4957367
0.4688861
0.4523474
0.4563300
0.5065554
0.5437452
0.4915804
0.4979932
0.5018089
0.5358904
0.5161342
0.5248965
0.4583844
0.5199227
0.4932637
0.4878769
0.4926692
0.5434051
0.4859723
0.5070312
0.4981935
0.4999776
0.4621825
0.4901545
0.4912182
0.4974470
0.4928526
0.4783147
0.4903661
0.5167581
0.5028123
0.4858525
0.4615639
0.4728017
0.5169528
0.4716301
0.4952211
0.4741166
0.4648950
0.5304062
0.4957367
0.4688861
0.4523474
0.4563300
0.5065554
0.5437452
0.4915804
0.4979932
0.5018089
0.5358904
0.5161342
0.5248965
0.4583844
0.5199227
0.4932637
0.4878769
0.4926692
0.5434051
0.4859723
0.5070312
0.4981935
0.4999776
0.4621825
0.4901545
0.4912182
0.4974470
0.4928526
0.4783147
0.4903661
0.5167581
0.5028123
0.4858525
0.4615639
0.4728017
0.5169528
0.4716301
0.4952211
0.4741166
0.4648950
0.5304062
0.4957367
0.4688861
0.4523474
0.4563300
0.5065554
0.5437452
0.4915804
0.4979932
0.5018089
0.5358904
0.5161342
0.5248965
0.4583844
0.5199227
0.4932637
0.4878769
0.4926692
0.5434051
0.4859723
0.5070312
0.4981935
0.4999776
0.4621825
0.4901545
0.4912182
0.4974470
0.4928526
0.4783147
0.4903661
0.5167581
0.5028123
0.4858525
0.4615639
0.4728017
0.5169528
0.4716301
0.4952211
0.4741166
0.4648950
0.5304062
0.4957367
0.4688861
0.4523474
0.4563300
0.5065554
0.5437452
0.4915804
0.4979932
0.5018089
0.5358904
0.5161342
0.5248965
0.4583844
0.5199227
0.4932637
0.4878769
0.4926692
0.5434051
0.4859723
0.5070312
0.4981935
0.4999776
0.4621825
0.4901545
0.4912182
0.4974470
0.4928526
0.4783147
0.4903661
0.5167581
0.5028123
0.4858525
0.4615639
0.4728017
0.5169528
0.4716301
0.4952211
0.4741166
0.4648950
0.5304062
0.4957367
0.4688861
0.4523474
0.4563300
0.5065554
0.5437452
0.4915804
0.4979932
0.5018089
0.5358904
0.5161342
0.5248965
0.4583844
0.5199227
0.4932637
0.4878769
0.4926692
0.5434051
0.4859723
0.5070312
0.4981935
0.4999776
0.4621825
0.4901545
0.4912182
0.4974470
0.4928526
0.4783147
0.4903661
0.5167581
0.5028123
0.4858525
0.4615639
0.4728017
0.5169528
0.4716301
0.4952211
0.4741166
0.4648950
0.5304062
0.4957367
0.4688861
0.4523474
0.4563300
0.5065554
0.5437452
0.4915804
0.4979932
0.5018089
0.5358904
0.5161342
0.5248965
0.4583844
0.5199227
0.4932637
0.4878769
0.4926692
0.5434051
0.4859723
0.5070312
0.4981935
0.4999776
0.4621825
0.4901545
0.4912182
0.4974470
0.4928526
0.4783147
0.4903661
0.5167581
0.5028123
0.4858525
0.4615639
0.4728017
0.5169528
0.4716301
0.4952211
0.4741166
0.4648950
0.5304062
0.4957367
0.4688861
0.4523474
0.4563300
0.5065554
0.5437452
0.4915804
0.4979932
0.5018089
0.5358904
0.5161342
0.5248965
0.4583844
0.5199227
0.4932637
0.4878769
0.4926692
0.5434051
0.4859723
0.5070312
0.4981935
0.4999776
0.4621825
0.4901545
0.4912182
0.4974470
0.4928526
0.4783147
0.4903661
0.5167581
0.5028123
0.4858525
0.4615639
0.4728017
0.5169528
0.4716301
0.4952211
0.4741166
0.4648950
0.5304062
0.4957367
0.4688861
0.4523474
0.4563300
0.5065554
0.5437452
0.4915804
0.4979932
0.5018089
0.5358904
0.5161342
0.5248965
0.4583844
0.5199227
0.4932637
0.4878769
0.4926692
0.5434051
0.4859723
0.5070312
0.4981935
0.4999776
0.4621825
0.4901545
0.4912182
0.4974470
0.4928526
0.4783147
0.4903661
0.5167581
0.5028123
0.4858525
0.4615639
0.4728017
0.5169528
0.4716301
0.4952211
0.4741166
0.4648950
0.5304062
0.4957367
0.4688861
0.4523474
0.4563300
0.5065554
0.5437452
0.4915804
0.4979932
0.5018089
0.5358904
0.5161342
0.5248965
0.4583844
0.5199227
0.4932637
0.4878769
0.4926692
0.5434051
0.4859723
0.5070312
0.4981935
0.4999776
0.4621825
0.4901545
0.4912182
0.4974470
0.4928526
0.4783147
0.4903661
0.5167581
0.5028123
0.4858525
0.4615639
0.4728017
0.5169528
0.4716301
0.4952211
0.4741166
0.4648950
0.5304062
0.4957367
0.4688861
0.4523474
0.4563300
0.5065554
0.5437452
0.4915804
0.4979932
0.5018089
0.5358904
0.5161342
0.5248965
0.4583844
0.5199227
0.4932637
0.4878769
0.4926692
0.5434051
0.4859723
0.5070312
0.4981935
0.4999776
0.4621825
0.4901545
0.4912182
0.4974470
0.4928526
0.4783147
0.4903661
0.5167581
0.5028123
0.4858525
0.4615639
0.4728017
0.5169528
0.4716301
0.4952211
0.4741166
0.4648950
0.5304062
0.4957367
0.4688861
0.4523474
0.4563300
0.5065554
0.5437452
0.4915804
0.4979932
0.5018089
0.5358904
0.5161342
0.5248965
0.4583844
0.5199227
0.4932637
0.4878769
0.4926692
0.5434051
0.4859723
0.5070312
0.4981935
0.4999776
0.4621825
0.4901545
0.4912182
0.4974470
0.4928526
0.4783147
0.4903661
0.5167581
0.5028123
0.4858525
0.4615639
0.4728017
0.5169528
0.4716301
0.4952211
0.4741166
0.4648950
0.5304062
0.4957367
0.4688861
0.4523474
0.4563300
0.5065554
0.5437452
0.4915804
0.4979932
0.5018089
0.5358904
0.5161342
0.5248965
0.4583844
0.5199227
0.4932637
0.4878769
0.4926692
0.5434051
0.4859723
0.5070312
0.4981935
0.4999776
0.4621825
0.4901545
0.4912182
0.4974470
0.4928526
0.4783147
0.4903661
0.5167581
0.5028123
0.4858525
0.4615639
0.4728017
0.5169528
0.4716301
0.4952211
0.4741166
0.4648950
0.5304062
0.4957367
0.4688861
0.4523474
0.4563300
0.5065554
0.5437452
0.4915804
0.4979932
0.5018089
0.5358904
0.5161342
0.5248965
0.4583844
0.5199227
0.4932637
0.4878769
0.4926692
0.5434051
0.4859723
0.5070312
0.4981935
0.4999776
0.4621825
0.4901545
0.4912182
0.4974470
0.4928526
0.4783147
0.4903661
0.5167581
0.5028123
0.4858525
0.4615639
0.4728017
0.5169528
0.4716301
0.4952211
0.4741166
0.4648950
0.5304062
0.4957367
0.4688861
0.4523474
0.4563300
0.5065554
0.5437452
0.4915804
0.4979932
0.5018089
0.5358904
0.5161342
0.5248965
0.4583844
0.5199227
0.4932637
0.4878769
0.4926692
0.5434051
0.4859723
0.5070312
0.4981935
0.4999776
0.4621825
0.4901545
0.4912182
0.4974470
0.4928526
0.4783147
0.4903661
0.5167581
0.5028123
0.4858525
0.4615639
0.4728017
0.5169528
0.4716301
0.4952211
0.4741166
0.4648950
0.5304062
0.4957367
0.4688861
0.4523474
0.4563300
0.5065554
0.5437452
0.4915804
0.4979932
0.5018089
0.5358904
0.5161342
0.5248965
0.4583844
0.5199227
0.4932637
0.4878769
0.4926692
0.5434051
0.4859723
0.5070312
0.4981935
0.4999776
0.4621825
0.4901545
0.4912182
0.4974470
0.4928526
0.4783147
0.4903661
0.5167581
0.5028123
0.4858525
0.4615639
0.4728017
0.5169528
0.4716301
0.4952211
0.4741166
0.4648950
0.5304062
0.4957367
0.4688861
0.4523474
0.4563300
0.5065554
0.5437452
0.4915804
0.4979932
0.5018089
0.5358904
0.5161342
0.5248965
0.4583844
0.5199227
0.4932637
0.4878769
0.4926692
0.5434051
0.4859723
0.5070312
0.4981935
0.4999776
0.4621825
0.4901545
0.4912182
0.4974470
0.4928526
0.4783147
0.4903661
0.5167581
0.5028123
0.4858525
0.4615639
0.4728017
0.5169528
0.4716301
0.4952211
0.4741166
0.4648950
0.5304062
0.4957367
0.4688861
0.4523474
0.4563300
0.5065554
0.5437452
0.4915804
0.4979932
0.5018089
0.5358904
0.5161342
0.5248965
0.4583844
0.5199227
0.4932637
0.4878769
0.4926692
0.5434051
0.4859723
0.5070312
0.4981935
0.4999776
0.4621825
0.4901545
0.4912182
0.4974470
0.4928526
0.4783147
0.4903661
0.5167581
0.5028123
0.4858525
0.4615639
0.4728017
0.5169528
0.4716301
0.4952211
0.4741166
0.4648950
0.5304062
0.4957367
0.4688861
0.4523474
0.4563300
0.5065554
0.5437452
0.4915804
0.4979932
0.5018089
0.5358904
0.5161342
0.5248965
0.4583844
0.5199227
0.4932637
0.4878769
0.4926692
0.5434051
0.4859723
0.5070312
0.4981935
0.4999776
0.4621825
0.4901545
0.4912182
0.4974470
0.4928526
0.4783147
0.4903661
0.5167581
0.5028123
0.4858525
0.4615639
0.4728017
0.5169528
0.4716301
0.4952211
0.4741166
0.4648950
0.5304062
0.4957367
0.4688861
0.4523474
0.4563300
0.5065554
0.5437452
0.4915804
0.4979932
0.5018089
0.5358904
0.5161342
0.5248965
0.4583844
0.5199227
0.4932637
0.4878769
0.4926692
0.5434051
0.4859723
0.5070312
0.4981935
0.4999776
0.4621825
0.4901545
0.4912182
0.4974470
0.4928526
0.4783147
0.4903661
0.5167581
0.5028123
0.4858525
0.4615639
0.4728017
0.5169528
0.4716301
0.4952211
0.4741166
0.4648950
0.5304062
0.4957367
0.4688861
0.4523474
0.4563300
0.5065554
0.5437452
0.4915804
0.4979932
