1.0304593
0.9408904
0.9900796
1.0431764
1.0376533
0.9919359
1.0947102
0.9460443
0.9571841
0.9873202
0.9439080
0.9951452
1.0209537
1.0031527
0.9607853
1.0918053
0.9512874
1.0843841
0.9497884
0.9992437
1.0085698
1.0403038
0.9045974
1.0089417
0.9848213
1.0424191
1.0369343
0.9671012
1.0138618
1.0077272
1.0837626
1.0554027
1.0422293
1.0094982
0.9412423
0.9115952
0.8915910
1.0497925
1.0311773
0.9241809
1.0304593
0.9408904
0.9900796
1.0431764
1.0376533
0.9919359
1.0947102
0.9460443
0.9571841
0.9873202
0.9439080
0.9951452
1.0209537
1.0031527
0.9607853
1.0918053
0.9512874
1.0843841
0.9497884
0.9992437
1.0085698
1.0403038
0.9045974
1.0089417
0.9848213
1.0424191
1.0369343
0.9671012
1.0138618
1.0077272
1.0837626
1.0554027
1.0422293
1.0094982
0.9412423
0.9115952
0.8915910
1.0497925
1.0311773
0.9241809
1.0304593
0.9408904
0.9900796
1.0431764
1.0376533
0.9919359
1.0947102
0.9460443
0.9571841
0.9873202
0.9439080
0.9951452
1.0209537
1.0031527
0.9607853
1.0918053
0.9512874
1.0843841
0.9497884
0.9992437
1.0085698
1.0403038
0.9045974
1.0089417
0.9848213
1.0424191
1.0369343
0.9671012
1.0138618
1.0077272
1.0837626
1.0554027
1.0422293
1.0094982
0.9412423
0.9115952
0.8915910
1.0497925
1.0311773
0.9241809
1.0304593
0.9408904
0.9900796
1.0431764
1.0376533
0.9919359
1.0947102
0.9460443
0.9571841
0.9873202
0.9439080
0.9951452
1.0209537
1.0031527
0.9607853
1.0918053
0.9512874
1.0843841
0.9497884
0.9992437
1.0085698
1.0403038
0.9045974
1.0089417
0.9848213
1.0424191
1.0369343
0.9671012
1.0138618
1.0077272
1.0837626
1.0554027
1.0422293
1.0094982
0.9412423
0.9115952
0.8915910
1.0497925
1.0311773
0.9241809
1.0304593
0.9408904
0.9900796
1.0431764
1.0376533
0.9919359
1.0947102
0.9460443
0.9571841
0.9873202
0.9439080
0.9951452
1.0209537
1.0031527
0.9607853
1.0918053
0.9512874
1.0843841
0.9497884
0.9992437
1.0085698
1.0403038
0.9045974
1.0089417
0.9848213
1.0424191
1.0369343
0.9671012
1.0138618
1.0077272
1.0837626
1.0554027
1.0422293
1.0094982
0.9412423
0.9115952
0.8915910
1.0497925
1.0311773
0.9241809
1.0304593
0.9408904
0.9900796
1.0431764
1.0376533
0.9919359
1.0947102
0.9460443
0.9571841
0.9873202
0.9439080
0.9951452
1.0209537
1.0031527
0.9607853
1.0918053
0.9512874
1.0843841
0.9497884
0.9992437
1.0085698
1.0403038
0.9045974
1.0089417
0.9848213
1.0424191
1.0369343
0.9671012
1.0138618
1.0077272
1.0837626
1.0554027
1.0422293
1.0094982
0.9412423
0.9115952
0.8915910
1.0497925
1.0311773
0.9241809
1.0304593
0.9408904
0.9900796
1.0431764
1.0376533
0.9919359
1.0947102
0.9460443
0.9571841
0.9873202
0.9439080
0.9951452
1.0209537
1.0031527
0.9607853
1.0918053
0.9512874
1.0843841
0.9497884
0.9992437
1.0085698
1.0403038
0.9045974
1.0089417
0.9848213
1.0424191
1.0369343
0.9671012
1.0138618
1.0077272
1.0837626
1.0554027
1.0422293
1.0094982
0.9412423
0.9115952
0.8915910
1.0497925
1.0311773
0.9241809
1.0304593
0.9408904
0.9900796
1.0431764
1.0376533
0.9919359
1.0947102
0.9460443
0.9571841
0.9873202
0.9439080
0.9951452
1.0209537
1.0031527
0.9607853
1.0918053
0.9512874
1.0843841
0.9497884
0.9992437
1.0085698
1.0403038
0.9045974
1.0089417
0.9848213
1.0424191
1.0369343
0.9671012
1.0138618
1.0077272
1.0837626
1.0554027
1.0422293
1.0094982
0.9412423
0.9115952
0.8915910
1.0497925
1.0311773
0.9241809
1.0304593
0.9408904
0.9900796
1.0431764
1.0376533
0.9919359
1.0947102
0.9460443
0.9571841
0.9873202
0.9439080
0.9951452
1.0209537
1.0031527
0.9607853
1.0918053
0.9512874
1.0843841
0.9497884
0.9992437
1.0085698
1.0403038
0.9045974
1.0089417
0.9848213
1.0424191
1.0369343
0.9671012
1.0138618
1.0077272
1.0837626
1.0554027
1.0422293
1.0094982
0.9412423
0.9115952
0.8915910
1.0497925
1.0311773
0.9241809
1.0304593
0.9408904
0.9900796
1.0431764
1.0376533
0.9919359
1.0947102
0.9460443
0.9571841
0.9873202
0.9439080
0.9951452
1.0209537
1.0031527
0.9607853
1.0918053
0.9512874
1.0843841
0.9497884
0.9992437
1.0085698
1.0403038
0.9045974
1.0089417
0.9848213
1.0424191
1.0369343
0.9671012
1.0138618
1.0077272
1.0837626
1.0554027
1.0422293
1.0094982
0.9412423
0.9115952
0.8915910
1.0497925
1.0311773
0.9241809
1.0304593
0.9408904
0.9900796
1.0431764
1.0376533
0.9919359
1.0947102
0.9460443
0.9571841
0.9873202
0.9439080
0.9951452
1.0209537
1.0031527
0.9607853
1.0918053
0.9512874
1.0843841
0.9497884
0.9992437
1.0085698
1.0403038
0.9045974
1.0089417
0.9848213
1.0424191
1.0369343
0.9671012
1.0138618
1.0077272
1.0837626
1.0554027
1.0422293
1.0094982
0.9412423
0.9115952
0.8915910
1.0497925
1.0311773
0.9241809
1.0304593
0.9408904
0.9900796
1.0431764
1.0376533
0.9919359
1.0947102
0.9460443
0.9571841
0.9873202
0.9439080
0.9951452
1.0209537
1.0031527
0.9607853
1.0918053
0.9512874
1.0843841
0.9497884
0.9992437
1.0085698
1.0403038
0.9045974
1.0089417
0.9848213
1.0424191
1.0369343
0.9671012
1.0138618
1.0077272
1.0837626
1.0554027
1.0422293
1.0094982
0.9412423
0.9115952
0.8915910
1.0497925
1.0311773
0.9241809
1.0304593
0.9408904
0.9900796
1.0431764
1.0376533
0.9919359
1.0947102
0.9460443
0.9571841
0.9873202
0.9439080
0.9951452
1.0209537
1.0031527
0.9607853
1.0918053
0.9512874
1.0843841
0.9497884
0.9992437
1.0085698
1.0403038
0.9045974
1.0089417
0.9848213
1.0424191
1.0369343
0.9671012
1.0138618
1.0077272
1.0837626
1.0554027
1.0422293
1.0094982
0.9412423
0.9115952
0.8915910
1.0497925
1.0311773
0.9241809
1.0304593
0.9408904
0.9900796
1.0431764
1.0376533
0.9919359
1.0947102
0.9460443
0.9571841
0.9873202
0.9439080
0.9951452
1.0209537
1.0031527
0.9607853
1.0918053
0.9512874
1.0843841
0.9497884
0.9992437
1.0085698
1.0403038
0.9045974
1.0089417
0.9848213
1.0424191
1.0369343
0.9671012
1.0138618
1.0077272
1.0837626
1.0554027
1.0422293
1.0094982
0.9412423
0.9115952
0.8915910
1.0497925
1.0311773
0.9241809
1.0304593
0.9408904
0.9900796
1.0431764
1.0376533
0.9919359
1.0947102
0.9460443
0.9571841
0.9873202
0.9439080
0.9951452
1.0209537
1.0031527
0.9607853
1.0918053
0.9512874
1.0843841
0.9497884
0.9992437
1.0085698
1.0403038
0.9045974
1.0089417
0.9848213
1.0424191
1.0369343
0.9671012
1.0138618
1.0077272
1.0837626
1.0554027
1.0422293
1.0094982
0.9412423
0.9115952
0.8915910
1.0497925
1.0311773
0.9241809
1.0304593
0.9408904
0.9900796
1.0431764
1.0376533
0.9919359
1.0947102
0.9460443
0.9571841
0.9873202
0.9439080
0.9951452
1.0209537
1.0031527
0.9607853
1.0918053
0.9512874
1.0843841
0.9497884
0.9992437
1.0085698
1.0403038
0.9045974
1.0089417
0.9848213
1.0424191
1.0369343
0.9671012
1.0138618
1.0077272
1.0837626
1.0554027
1.0422293
1.0094982
0.9412423
0.9115952
0.8915910
1.0497925
1.0311773
0.9241809
1.0304593
0.9408904
0.9900796
1.0431764
1.0376533
0.9919359
1.0947102
0.9460443
0.9571841
0.9873202
0.9439080
0.9951452
1.0209537
1.0031527
0.9607853
1.0918053
0.9512874
1.0843841
0.9497884
0.9992437
1.0085698
1.0403038
0.9045974
1.0089417
0.9848213
1.0424191
1.0369343
0.9671012
1.0138618
1.0077272
1.0837626
1.0554027
1.0422293
1.0094982
0.9412423
0.9115952
0.8915910
1.0497925
1.0311773
0.9241809
1.0304593
0.9408904
0.9900796
1.0431764
1.0376533
0.9919359
1.0947102
0.9460443
0.9571841
0.9873202
0.9439080
0.9951452
1.0209537
1.0031527
0.9607853
1.0918053
0.9512874
1.0843841
0.9497884
0.9992437
1.0085698
1.0403038
0.9045974
1.0089417
0.9848213
1.0424191
1.0369343
0.9671012
1.0138618
1.0077272
1.0837626
1.0554027
1.0422293
1.0094982
0.9412423
0.9115952
0.8915910
1.0497925
1.0311773
0.9241809
1.0304593
0.9408904
0.9900796
1.0431764
1.0376533
0.9919359
1.0947102
0.9460443
0.9571841
0.9873202
0.9439080
0.9951452
1.0209537
1.0031527
0.9607853
1.0918053
0.9512874
1.0843841
0.9497884
0.9992437
1.0085698
1.0403038
0.9045974
1.0089417
0.9848213
1.0424191
1.0369343
0.9671012
1.0138618
1.0077272
1.0837626
1.0554027
1.0422293
1.0094982
0.9412423
0.9115952
0.8915910
1.0497925
1.0311773
0.9241809
1.0304593
0.9408904
0.9900796
1.0431764
1.0376533
0.9919359
1.0947102
0.9460443
0.9571841
0.9873202
0.9439080
0.9951452
1.0209537
1.0031527
0.9607853
1.0918053
0.9512874
1.0843841
0.9497884
0.9992437
1.0085698
1.0403038
0.9045974
1.0089417
0.9848213
1.0424191
1.0369343
0.9671012
1.0138618
1.0077272
1.0837626
1.0554027
1.0422293
1.0094982
0.9412423
0.9115952
0.8915910
1.0497925
1.0311773
0.9241809
1.0304593
0.9408904
0.9900796
1.0431764
1.0376533
0.9919359
1.0947102
0.9460443
0.9571841
0.9873202
0.9439080
0.9951452
1.0209537
1.0031527
0.9607853
1.0918053
0.9512874
1.0843841
0.9497884
0.9992437
1.0085698
1.0403038
0.9045974
1.0089417
0.9848213
1.0424191
1.0369343
0.9671012
1.0138618
1.0077272
1.0837626
1.0554027
1.0422293
1.0094982
0.9412423
0.9115952
0.8915910
1.0497925
1.0311773
0.9241809
1.0304593
0.9408904
0.9900796
1.0431764
1.0376533
0.9919359
1.0947102
0.9460443
0.9571841
0.9873202
0.9439080
0.9951452
1.0209537
1.0031527
0.9607853
1.0918053
0.9512874
1.0843841
0.9497884
0.9992437
1.0085698
1.0403038
0.9045974
1.0089417
0.9848213
1.0424191
1.0369343
0.9671012
1.0138618
1.0077272
1.0837626
1.0554027
1.0422293
1.0094982
0.9412423
0.9115952
0.8915910
1.0497925
1.0311773
0.9241809
1.0304593
0.9408904
0.9900796
1.0431764
1.0376533
0.9919359
1.0947102
0.9460443
0.9571841
0.9873202
0.9439080
0.9951452
1.0209537
1.0031527
0.9607853
1.0918053
0.9512874
1.0843841
0.9497884
0.9992437
1.0085698
1.0403038
0.9045974
1.0089417
0.9848213
1.0424191
1.0369343
0.9671012
1.0138618
1.0077272
1.0837626
1.0554027
1.0422293
1.0094982
0.9412423
0.9115952
0.8915910
1.0497925
1.0311773
0.9241809
1.0304593
0.9408904
0.9900796
1.0431764
1.0376533
0.9919359
1.0947102
0.9460443
0.9571841
0.9873202
0.9439080
0.9951452
1.0209537
1.0031527
0.9607853
1.0918053
0.9512874
1.0843841
0.9497884
0.9992437
1.0085698
1.0403038
0.9045974
1.0089417
0.9848213
1.0424191
1.0369343
0.9671012
1.0138618
1.0077272
1.0837626
1.0554027
1.0422293
1.0094982
0.9412423
0.9115952
0.8915910
1.0497925
1.0311773
0.9241809
1.0304593
0.9408904
0.9900796
1.0431764
1.0376533
0.9919359
1.0947102
0.9460443
0.9571841
0.9873202
0.9439080
0.9951452
1.0209537
1.0031527
0.9607853
1.0918053
0.9512874
1.0843841
0.9497884
0.9992437
1.0085698
1.0403038
0.9045974
1.0089417
0.9848213
1.0424191
1.0369343
0.9671012
1.0138618
1.0077272
1.0837626
1.0554027
1.0422293
1.0094982
0.9412423
0.9115952
0.8915910
1.0497925
1.0311773
0.9241809
1.0304593
0.9408904
0.9900796
1.0431764
1.0376533
0.9919359
1.0947102
0.9460443
0.9571841
0.9873202
0.9439080
0.9951452
1.0209537
1.0031527
0.9607853
1.0918053
0.9512874
1.0843841
0.9497884
0.9992437
1.0085698
1.0403038
0.9045974
1.0089417
0.9848213
1.0424191
1.0369343
0.9671012
1.0138618
1.0077272
1.0837626
1.0554027
1.0422293
1.0094982
0.9412423
0.9115952
0.8915910
1.0497925
1.0311773
0.9241809
1.0304593
0.9408904
0.9900796
1.0431764
1.0376533
0.9919359
1.0947102
0.9460443
0.9571841
0.9873202
0.9439080
0.9951452
1.0209537
1.0031527
0.9607853
1.0918053
0.9512874
1.0843841
0.9497884
0.9992437
1.0085698
1.0403038
0.9045974
1.0089417
0.9848213
1.0424191
1.0369343
0.9671012
1.0138618
1.0077272
1.0837626
1.0554027
1.0422293
1.0094982
0.9412423
0.9115952
0.8915910
1.0497925
1.0311773
0.9241809
1.0304593
0.9408904
0.9900796
1.0431764
1.0376533
0.9919359
1.0947102
0.9460443
0.9571841
0.9873202
0.9439080
0.9951452
1.0209537
1.0031527
0.9607853
1.0918053
0.9512874
1.0843841
0.9497884
0.9992437
1.0085698
1.0403038
0.9045974
1.0089417
0.9848213
1.0424191
1.0369343
0.9671012
1.0138618
1.0077272
1.0837626
1.0554027
1.0422293
1.0094982
0.9412423
0.9115952
0.8915910
1.0497925
1.0311773
0.9241809
1.0304593
0.9408904
0.9900796
1.0431764
1.0376533
0.9919359
1.0947102
0.9460443
0.9571841
0.9873202
0.9439080
0.9951452
1.0209537
1.0031527
0.9607853
1.0918053
0.9512874
1.0843841
0.9497884
0.9992437
1.0085698
1.0403038
0.9045974
1.0089417
0.9848213
1.0424191
1.0369343
0.9671012
1.0138618
1.0077272
1.0837626
1.0554027
1.0422293
1.0094982
0.9412423
0.9115952
0.8915910
1.0497925
1.0311773
0.9241809
1.0304593
0.9408904
0.9900796
1.0431764
1.0376533
0.9919359
1.0947102
0.9460443
0.9571841
0.9873202
0.9439080
0.9951452
1.0209537
1.0031527
0.9607853
1.0918053
0.9512874
1.0843841
0.9497884
0.9992437
1.0085698
1.0403038
0.9045974
1.0089417
0.9848213
1.0424191
1.0369343
0.9671012
1.0138618
1.0077272
1.0837626
1.0554027
1.0422293
1.0094982
0.9412423
0.9115952
0.8915910
1.0497925
1.0311773
0.9241809
1.0304593
0.9408904
0.9900796
1.0431764
1.0376533
0.9919359
1.0947102
0.9460443
0.9571841
0.9873202
0.9439080
0.9951452
1.0209537
1.0031527
0.9607853
1.0918053
0.9512874
1.0843841
0.9497884
0.9992437
1.0085698
1.0403038
0.9045974
1.0089417
0.9848213
1.0424191
1.0369343
0.9671012
1.0138618
1.0077272
1.0837626
1.0554027
1.0422293
1.0094982
0.9412423
0.9115952
0.8915910
1.0497925
1.0311773
0.9241809
1.0304593
0.9408904
0.9900796
1.0431764
1.0376533
0.9919359
1.0947102
0.9460443
0.9571841
0.9873202
0.9439080
0.9951452
1.0209537
1.0031527
0.9607853
1.0918053
0.9512874
1.0843841
0.9497884
0.9992437
1.0085698
1.0403038
0.9045974
1.0089417
0.9848213
1.0424191
1.0369343
0.9671012
1.0138618
1.0077272
1.0837626
1.0554027
1.0422293
1.0094982
0.9412423
0.9115952
0.8915910
1.0497925
1.0311773
0.9241809
1.0304593
0.9408904
0.9900796
1.0431764
1.0376533
0.9919359
1.0947102
0.9460443
0.9571841
0.9873202
0.9439080
0.9951452
1.0209537
1.0031527
0.9607853
1.0918053
0.9512874
1.0843841
0.9497884
0.9992437
1.0085698
1.0403038
0.9045974
1.0089417
0.9848213
1.0424191
1.0369343
0.9671012
1.0138618
1.0077272
1.0837626
1.0554027
1.0422293
1.0094982
0.9412423
0.9115952
0.8915910
1.0497925
1.0311773
0.9241809
1.0304593
0.9408904
0.9900796
1.0431764
1.0376533
0.9919359
1.0947102
0.9460443
0.9571841
0.9873202
0.9439080
0.9951452
1.0209537
1.0031527
0.9607853
1.0918053
0.9512874
1.0843841
0.9497884
0.9992437
1.0085698
1.0403038
0.9045974
1.0089417
0.9848213
1.0424191
1.0369343
0.9671012
1.0138618
1.0077272
1.0837626
1.0554027
1.0422293
1.0094982
0.9412423
0.9115952
0.8915910
1.0497925
1.0311773
0.9241809
1.0304593
0.9408904
0.9900796
1.0431764
1.0376533
0.9919359
1.0947102
0.9460443
0.9571841
0.9873202
0.9439080
0.9951452
1.0209537
1.0031527
0.9607853
1.0918053
0.9512874
1.0843841
0.9497884
0.9992437
1.0085698
1.0403038
0.9045974
1.0089417
0.9848213
1.0424191
1.0369343
0.9671012
1.0138618
1.0077272
1.0837626
1.0554027
1.0422293
1.0094982
0.9412423
0.9115952
0.8915910
1.0497925
1.0311773
0.9241809
1.0304593
0.9408904
0.9900796
1.0431764
1.0376533
0.9919359
1.0947102
0.9460443
0.9571841
0.9873202
0.9439080
0.9951452
1.0209537
1.0031527
0.9607853
1.0918053
0.9512874
1.0843841
0.9497884
0.9992437
1.0085698
1.0403038
0.9045974
1.0089417
0.9848213
1.0424191
1.0369343
0.9671012
1.0138618
1.0077272
1.0837626
1.0554027
1.0422293
1.0094982
0.9412423
0.9115952
0.8915910
1.0497925
1.0311773
0.9241809
1.0304593
0.9408904
0.9900796
1.0431764
1.0376533
0.9919359
1.0947102
0.9460443
0.9571841
0.9873202
0.9439080
0.9951452
1.0209537
1.0031527
0.9607853
1.0918053
0.9512874
1.0843841
0.9497884
0.9992437
1.0085698
1.0403038
0.9045974
1.0089417
0.9848213
1.0424191
1.0369343
0.9671012
1.0138618
1.0077272
1.0837626
1.0554027
1.0422293
1.0094982
0.9412423
0.9115952
0.8915910
1.0497925
1.0311773
0.9241809
1.0304593
0.9408904
0.9900796
1.0431764
1.0376533
0.9919359
1.0947102
0.9460443
0.9571841
0.9873202
0.9439080
0.9951452
1.0209537
1.0031527
0.9607853
1.0918053
0.9512874
1.0843841
0.9497884
0.9992437
1.0085698
1.0403038
0.9045974
1.0089417
0.9848213
1.0424191
1.0369343
0.9671012
1.0138618
1.0077272
1.0837626
1.0554027
1.0422293
1.0094982
0.9412423
0.9115952
0.8915910
1.0497925
1.0311773
0.9241809
1.0304593
0.9408904
0.9900796
1.0431764
1.0376533
0.9919359
1.0947102
0.9460443
0.9571841
0.9873202
0.9439080
0.9951452
1.0209537
1.0031527
0.9607853
1.0918053
0.9512874
1.0843841
0.9497884
0.9992437
1.0085698
1.0403038
0.9045974
1.0089417
0.9848213
1.0424191
1.0369343
0.9671012
1.0138618
1.0077272
1.0837626
1.0554027
1.0422293
1.0094982
0.9412423
0.9115952
0.8915910
1.0497925
1.0311773
0.9241809
1.0304593
0.9408904
0.9900796
1.0431764
1.0376533
0.9919359
1.0947102
0.9460443
0.9571841
0.9873202
0.9439080
0.9951452
1.0209537
1.0031527
0.9607853
1.0918053
0.9512874
1.0843841
0.9497884
0.9992437
1.0085698
1.0403038
0.9045974
1.0089417
0.9848213
1.0424191
1.0369343
0.9671012
1.0138618
1.0077272
1.0837626
1.0554027
1.0422293
1.0094982
0.9412423
0.9115952
0.8915910
1.0497925
1.0311773
0.9241809
1.0304593
0.9408904
0.9900796
1.0431764
1.0376533
0.9919359
1.0947102
0.9460443
0.9571841
0.9873202
0.9439080
0.9951452
1.0209537
1.0031527
0.9607853
1.0918053
0.9512874
1.0843841
0.9497884
0.9992437
1.0085698
1.0403038
0.9045974
1.0089417
0.9848213
1.0424191
1.0369343
0.9671012
1.0138618
1.0077272
1.0837626
1.0554027
1.0422293
1.0094982
0.9412423
0.9115952
0.8915910
1.0497925
1.0311773
0.9241809
1.0304593
0.9408904
0.9900796
1.0431764
1.0376533
0.9919359
1.0947102
0.9460443
0.9571841
0.9873202
0.9439080
0.9951452
1.0209537
1.0031527
0.9607853
1.0918053
0.9512874
1.0843841
0.9497884
0.9992437
1.0085698
1.0403038
0.9045974
1.0089417
0.9848213
1.0424191
1.0369343
0.9671012
1.0138618
1.0077272
1.0837626
1.0554027
1.0422293
1.0094982
0.9412423
0.9115952
0.8915910
1.0497925
1.0311773
0.9241809
1.0304593
0.9408904
0.9900796
1.0431764
1.0376533
0.9919359
1.0947102
0.9460443
0.9571841
0.9873202
0.9439080
0.9951452
1.0209537
1.0031527
0.9607853
1.0918053
0.9512874
1.0843841
0.9497884
0.9992437
1.0085698
1.0403038
0.9045974
1.0089417
0.9848213
1.0424191
1.0369343
0.9671012
1.0138618
1.0077272
1.0837626
1.0554027
1.0422293
1.0094982
0.9412423
0.9115952
0.8915910
1.0497925
1.0311773
0.9241809
1.0304593
0.9408904
0.9900796
1.0431764
1.0376533
0.9919359
1.0947102
0.9460443
0.9571841
0.9873202
0.9439080
0.9951452
1.0209537
1.0031527
0.9607853
1.0918053
0.9512874
1.0843841
0.9497884
0.9992437
1.0085698
1.0403038
0.9045974
1.0089417
0.9848213
1.0424191
1.0369343
0.9671012
1.0138618
1.0077272
1.0837626
1.0554027
1.0422293
1.0094982
0.9412423
0.9115952
0.8915910
1.0497925
1.0311773
0.9241809
1.0304593
0.9408904
0.9900796
1.0431764
1.0376533
0.9919359
1.0947102
0.9460443
0.9571841
0.9873202
0.9439080
0.9951452
1.0209537
1.0031527
0.9607853
1.0918053
0.9512874
1.0843841
0.9497884
0.9992437
1.0085698
1.0403038
0.9045974
1.0089417
0.9848213
1.0424191
1.0369343
0.9671012
1.0138618
1.0077272
1.0837626
1.0554027
1.0422293
1.0094982
0.9412423
0.9115952
0.8915910
1.0497925
1.0311773
0.9241809
1.0304593
0.9408904
0.9900796
1.0431764
1.0376533
0.9919359
1.0947102
0.9460443
0.9571841
0.9873202
0.9439080
0.9951452
1.0209537
1.0031527
0.9607853
1.0918053
0.9512874
1.0843841
0.9497884
0.9992437
1.0085698
1.0403038
0.9045974
1.0089417
0.9848213
1.0424191
1.0369343
0.9671012
1.0138618
1.0077272
1.0837626
1.0554027
1.0422293
1.0094982
0.9412423
0.9115952
0.8915910
1.0497925
1.0311773
0.9241809
1.0304593
0.9408904
0.9900796
1.0431764
1.0376533
0.9919359
1.0947102
0.9460443
0.9571841
0.9873202
0.9439080
0.9951452
1.0209537
1.0031527
0.9607853
1.0918053
0.9512874
1.0843841
0.9497884
0.9992437
1.0085698
1.0403038
0.9045974
1.0089417
0.9848213
1.0424191
1.0369343
0.9671012
1.0138618
1.0077272
1.0837626
1.0554027
1.0422293
1.0094982
0.9412423
0.9115952
0.8915910
1.0497925
1.0311773
0.9241809
1.0304593
0.9408904
0.9900796
1.0431764
1.0376533
0.9919359
1.0947102
0.9460443
0.9571841
0.9873202
0.9439080
0.9951452
1.0209537
1.0031527
0.9607853
1.0918053
0.9512874
1.0843841
0.9497884
0.9992437
1.0085698
1.0403038
0.9045974
1.0089417
0.9848213
1.0424191
1.0369343
0.9671012
1.0138618
1.0077272
1.0837626
1.0554027
1.0422293
1.0094982
0.9412423
0.9115952
0.8915910
1.0497925
1.0311773
0.9241809
1.0304593
0.9408904
0.9900796
1.0431764
1.0376533
0.9919359
1.0947102
0.9460443
0.9571841
0.9873202
0.9439080
0.9951452
1.0209537
1.0031527
0.9607853
1.0918053
0.9512874
1.0843841
0.9497884
0.9992437
1.0085698
1.0403038
0.9045974
1.0089417
0.9848213
1.0424191
1.0369343
0.9671012
1.0138618
1.0077272
1.0837626
1.0554027
1.0422293
1.0094982
0.9412423
0.9115952
0.8915910
1.0497925
1.0311773
0.9241809
1.0304593
0.9408904
0.9900796
1.0431764
1.0376533
0.9919359
1.0947102
0.9460443
0.9571841
0.9873202
0.9439080
0.9951452
1.0209537
1.0031527
0.9607853
1.0918053
0.9512874
1.0843841
0.9497884
0.9992437
1.0085698
1.0403038
0.9045974
1.0089417
0.9848213
1.0424191
1.0369343
0.9671012
1.0138618
1.0077272
1.0837626
1.0554027
1.0422293
1.0094982
0.9412423
0.9115952
0.8915910
1.0497925
1.0311773
0.9241809
