0.4974359
0.4579068
0.5200586
0.4994013
0.5263851
0.5011851
0.4735514
0.5291628
0.5133729
0.5135665
0.5305620
0.5402400
0.4884939
0.5215940
0.4574308
0.4659120
0.5102250
0.4789370
0.5328961
0.5067436
0.5212901
0.4766476
0.5058968
0.4860292
0.4868511
0.5009260
0.5050557
0.5078422
0.5195676
0.4752440
0.5210248
0.5191229
0.5163373
0.5148856
0.5256117
0.5146257
0.4972534
0.5022918
0.4897818
0.5012663
0.4974359
0.4579068
0.5200586
0.4994013
0.5263851
0.5011851
0.4735514
0.5291628
0.5133729
0.5135665
0.5305620
0.5402400
0.4884939
0.5215940
0.4574308
0.4659120
0.5102250
0.4789370
0.5328961
0.5067436
0.5212901
0.4766476
0.5058968
0.4860292
0.4868511
0.5009260
0.5050557
0.5078422
0.5195676
0.4752440
0.5210248
0.5191229
0.5163373
0.5148856
0.5256117
0.5146257
0.4972534
0.5022918
0.4897818
0.5012663
0.4974359
0.4579068
0.5200586
0.4994013
0.5263851
0.5011851
0.4735514
0.5291628
0.5133729
0.5135665
0.5305620
0.5402400
0.4884939
0.5215940
0.4574308
0.4659120
0.5102250
0.4789370
0.5328961
0.5067436
0.5212901
0.4766476
0.5058968
0.4860292
0.4868511
0.5009260
0.5050557
0.5078422
0.5195676
0.4752440
0.5210248
0.5191229
0.5163373
0.5148856
0.5256117
0.5146257
0.4972534
0.5022918
0.4897818
0.5012663
0.4974359
0.4579068
0.5200586
0.4994013
0.5263851
0.5011851
0.4735514
0.5291628
0.5133729
0.5135665
0.5305620
0.5402400
0.4884939
0.5215940
0.4574308
0.4659120
0.5102250
0.4789370
0.5328961
0.5067436
0.5212901
0.4766476
0.5058968
0.4860292
0.4868511
0.5009260
0.5050557
0.5078422
0.5195676
0.4752440
0.5210248
0.5191229
0.5163373
0.5148856
0.5256117
0.5146257
0.4972534
0.5022918
0.4897818
0.5012663
0.4974359
0.4579068
0.5200586
0.4994013
0.5263851
0.5011851
0.4735514
0.5291628
0.5133729
0.5135665
0.5305620
0.5402400
0.4884939
0.5215940
0.4574308
0.4659120
0.5102250
0.4789370
0.5328961
0.5067436
0.5212901
0.4766476
0.5058968
0.4860292
0.4868511
0.5009260
0.5050557
0.5078422
0.5195676
0.4752440
0.5210248
0.5191229
0.5163373
0.5148856
0.5256117
0.5146257
0.4972534
0.5022918
0.4897818
0.5012663
0.4974359
0.4579068
0.5200586
0.4994013
0.5263851
0.5011851
0.4735514
0.5291628
0.5133729
0.5135665
0.5305620
0.5402400
0.4884939
0.5215940
0.4574308
0.4659120
0.5102250
0.4789370
0.5328961
0.5067436
0.5212901
0.4766476
0.5058968
0.4860292
0.4868511
0.5009260
0.5050557
0.5078422
0.5195676
0.4752440
0.5210248
0.5191229
0.5163373
0.5148856
0.5256117
0.5146257
0.4972534
0.5022918
0.4897818
0.5012663
0.4974359
0.4579068
0.5200586
0.4994013
0.5263851
0.5011851
0.4735514
0.5291628
0.5133729
0.5135665
0.5305620
0.5402400
0.4884939
0.5215940
0.4574308
0.4659120
0.5102250
0.4789370
0.5328961
0.5067436
0.5212901
0.4766476
0.5058968
0.4860292
0.4868511
0.5009260
0.5050557
0.5078422
0.5195676
0.4752440
0.5210248
0.5191229
0.5163373
0.5148856
0.5256117
0.5146257
0.4972534
0.5022918
0.4897818
0.5012663
0.4974359
0.4579068
0.5200586
0.4994013
0.5263851
0.5011851
0.4735514
0.5291628
0.5133729
0.5135665
0.5305620
0.5402400
0.4884939
0.5215940
0.4574308
0.4659120
0.5102250
0.4789370
0.5328961
0.5067436
0.5212901
0.4766476
0.5058968
0.4860292
0.4868511
0.5009260
0.5050557
0.5078422
0.5195676
0.4752440
0.5210248
0.5191229
0.5163373
0.5148856
0.5256117
0.5146257
0.4972534
0.5022918
0.4897818
0.5012663
0.4974359
0.4579068
0.5200586
0.4994013
0.5263851
0.5011851
0.4735514
0.5291628
0.5133729
0.5135665
0.5305620
0.5402400
0.4884939
0.5215940
0.4574308
0.4659120
0.5102250
0.4789370
0.5328961
0.5067436
0.5212901
0.4766476
0.5058968
0.4860292
0.4868511
0.5009260
0.5050557
0.5078422
0.5195676
0.4752440
0.5210248
0.5191229
0.5163373
0.5148856
0.5256117
0.5146257
0.4972534
0.5022918
0.4897818
0.5012663
0.4974359
0.4579068
0.5200586
0.4994013
0.5263851
0.5011851
0.4735514
0.5291628
0.5133729
0.5135665
0.5305620
0.5402400
0.4884939
0.5215940
0.4574308
0.4659120
0.5102250
0.4789370
0.5328961
0.5067436
0.5212901
0.4766476
0.5058968
0.4860292
0.4868511
0.5009260
0.5050557
0.5078422
0.5195676
0.4752440
0.5210248
0.5191229
0.5163373
0.5148856
0.5256117
0.5146257
0.4972534
0.5022918
0.4897818
0.5012663
0.4974359
0.4579068
0.5200586
0.4994013
0.5263851
0.5011851
0.4735514
0.5291628
0.5133729
0.5135665
0.5305620
0.5402400
0.4884939
0.5215940
0.4574308
0.4659120
0.5102250
0.4789370
0.5328961
0.5067436
0.5212901
0.4766476
0.5058968
0.4860292
0.4868511
0.5009260
0.5050557
0.5078422
0.5195676
0.4752440
0.5210248
0.5191229
0.5163373
0.5148856
0.5256117
0.5146257
0.4972534
0.5022918
0.4897818
0.5012663
0.4974359
0.4579068
0.5200586
0.4994013
0.5263851
0.5011851
0.4735514
0.5291628
0.5133729
0.5135665
0.5305620
0.5402400
0.4884939
0.5215940
0.4574308
0.4659120
0.5102250
0.4789370
0.5328961
0.5067436
0.5212901
0.4766476
0.5058968
0.4860292
0.4868511
0.5009260
0.5050557
0.5078422
0.5195676
0.4752440
0.5210248
0.5191229
0.5163373
0.5148856
0.5256117
0.5146257
0.4972534
0.5022918
0.4897818
0.5012663
0.4974359
0.4579068
0.5200586
0.4994013
0.5263851
0.5011851
0.4735514
0.5291628
0.5133729
0.5135665
0.5305620
0.5402400
0.4884939
0.5215940
0.4574308
0.4659120
0.5102250
0.4789370
0.5328961
0.5067436
0.5212901
0.4766476
0.5058968
0.4860292
0.4868511
0.5009260
0.5050557
0.5078422
0.5195676
0.4752440
0.5210248
0.5191229
0.5163373
0.5148856
0.5256117
0.5146257
0.4972534
0.5022918
0.4897818
0.5012663
0.4974359
0.4579068
0.5200586
0.4994013
0.5263851
0.5011851
0.4735514
0.5291628
0.5133729
0.5135665
0.5305620
0.5402400
0.4884939
0.5215940
0.4574308
0.4659120
0.5102250
0.4789370
0.5328961
0.5067436
0.5212901
0.4766476
0.5058968
0.4860292
0.4868511
0.5009260
0.5050557
0.5078422
0.5195676
0.4752440
0.5210248
0.5191229
0.5163373
0.5148856
0.5256117
0.5146257
0.4972534
0.5022918
0.4897818
0.5012663
0.4974359
0.4579068
0.5200586
0.4994013
0.5263851
0.5011851
0.4735514
0.5291628
0.5133729
0.5135665
0.5305620
0.5402400
0.4884939
0.5215940
0.4574308
0.4659120
0.5102250
0.4789370
0.5328961
0.5067436
0.5212901
0.4766476
0.5058968
0.4860292
0.4868511
0.5009260
0.5050557
0.5078422
0.5195676
0.4752440
0.5210248
0.5191229
0.5163373
0.5148856
0.5256117
0.5146257
0.4972534
0.5022918
0.4897818
0.5012663
0.4974359
0.4579068
0.5200586
0.4994013
0.5263851
0.5011851
0.4735514
0.5291628
0.5133729
0.5135665
0.5305620
0.5402400
0.4884939
0.5215940
0.4574308
0.4659120
0.5102250
0.4789370
0.5328961
0.5067436
0.5212901
0.4766476
0.5058968
0.4860292
0.4868511
0.5009260
0.5050557
0.5078422
0.5195676
0.4752440
0.5210248
0.5191229
0.5163373
0.5148856
0.5256117
0.5146257
0.4972534
0.5022918
0.4897818
0.5012663
0.4974359
0.4579068
0.5200586
0.4994013
0.5263851
0.5011851
0.4735514
0.5291628
0.5133729
0.5135665
0.5305620
0.5402400
0.4884939
0.5215940
0.4574308
0.4659120
0.5102250
0.4789370
0.5328961
0.5067436
0.5212901
0.4766476
0.5058968
0.4860292
0.4868511
0.5009260
0.5050557
0.5078422
0.5195676
0.4752440
0.5210248
0.5191229
0.5163373
0.5148856
0.5256117
0.5146257
0.4972534
0.5022918
0.4897818
0.5012663
0.4974359
0.4579068
0.5200586
0.4994013
0.5263851
0.5011851
0.4735514
0.5291628
0.5133729
0.5135665
0.5305620
0.5402400
0.4884939
0.5215940
0.4574308
0.4659120
0.5102250
0.4789370
0.5328961
0.5067436
0.5212901
0.4766476
0.5058968
0.4860292
0.4868511
0.5009260
0.5050557
0.5078422
0.5195676
0.4752440
0.5210248
0.5191229
0.5163373
0.5148856
0.5256117
0.5146257
0.4972534
0.5022918
0.4897818
0.5012663
0.4974359
0.4579068
0.5200586
0.4994013
0.5263851
0.5011851
0.4735514
0.5291628
0.5133729
0.5135665
0.5305620
0.5402400
0.4884939
0.5215940
0.4574308
0.4659120
0.5102250
0.4789370
0.5328961
0.5067436
0.5212901
0.4766476
0.5058968
0.4860292
0.4868511
0.5009260
0.5050557
0.5078422
0.5195676
0.4752440
0.5210248
0.5191229
0.5163373
0.5148856
0.5256117
0.5146257
0.4972534
0.5022918
0.4897818
0.5012663
0.4974359
0.4579068
0.5200586
0.4994013
0.5263851
0.5011851
0.4735514
0.5291628
0.5133729
0.5135665
0.5305620
0.5402400
0.4884939
0.5215940
0.4574308
0.4659120
0.5102250
0.4789370
0.5328961
0.5067436
0.5212901
0.4766476
0.5058968
0.4860292
0.4868511
0.5009260
0.5050557
0.5078422
0.5195676
0.4752440
0.5210248
0.5191229
0.5163373
0.5148856
0.5256117
0.5146257
0.4972534
0.5022918
0.4897818
0.5012663
0.4974359
0.4579068
0.5200586
0.4994013
0.5263851
0.5011851
0.4735514
0.5291628
0.5133729
0.5135665
0.5305620
0.5402400
0.4884939
0.5215940
0.4574308
0.4659120
0.5102250
0.4789370
0.5328961
0.5067436
0.5212901
0.4766476
0.5058968
0.4860292
0.4868511
0.5009260
0.5050557
0.5078422
0.5195676
0.4752440
0.5210248
0.5191229
0.5163373
0.5148856
0.5256117
0.5146257
0.4972534
0.5022918
0.4897818
0.5012663
0.4974359
0.4579068
0.5200586
0.4994013
0.5263851
0.5011851
0.4735514
0.5291628
0.5133729
0.5135665
0.5305620
0.5402400
0.4884939
0.5215940
0.4574308
0.4659120
0.5102250
0.4789370
0.5328961
0.5067436
0.5212901
0.4766476
0.5058968
0.4860292
0.4868511
0.5009260
0.5050557
0.5078422
0.5195676
0.4752440
0.5210248
0.5191229
0.5163373
0.5148856
0.5256117
0.5146257
0.4972534
0.5022918
0.4897818
0.5012663
0.4974359
0.4579068
0.5200586
0.4994013
0.5263851
0.5011851
0.4735514
0.5291628
0.5133729
0.5135665
0.5305620
0.5402400
0.4884939
0.5215940
0.4574308
0.4659120
0.5102250
0.4789370
0.5328961
0.5067436
0.5212901
0.4766476
0.5058968
0.4860292
0.4868511
0.5009260
0.5050557
0.5078422
0.5195676
0.4752440
0.5210248
0.5191229
0.5163373
0.5148856
0.5256117
0.5146257
0.4972534
0.5022918
0.4897818
0.5012663
0.4974359
0.4579068
0.5200586
0.4994013
0.5263851
0.5011851
0.4735514
0.5291628
0.5133729
0.5135665
0.5305620
0.5402400
0.4884939
0.5215940
0.4574308
0.4659120
0.5102250
0.4789370
0.5328961
0.5067436
0.5212901
0.4766476
0.5058968
0.4860292
0.4868511
0.5009260
0.5050557
0.5078422
0.5195676
0.4752440
0.5210248
0.5191229
0.5163373
0.5148856
0.5256117
0.5146257
0.4972534
0.5022918
0.4897818
0.5012663
0.4974359
0.4579068
0.5200586
0.4994013
0.5263851
0.5011851
0.4735514
0.5291628
0.5133729
0.5135665
0.5305620
0.5402400
0.4884939
0.5215940
0.4574308
0.4659120
0.5102250
0.4789370
0.5328961
0.5067436
0.5212901
0.4766476
0.5058968
0.4860292
0.4868511
0.5009260
0.5050557
0.5078422
0.5195676
0.4752440
0.5210248
0.5191229
0.5163373
0.5148856
0.5256117
0.5146257
0.4972534
0.5022918
0.4897818
0.5012663
0.4974359
0.4579068
0.5200586
0.4994013
0.5263851
0.5011851
0.4735514
0.5291628
0.5133729
0.5135665
0.5305620
0.5402400
0.4884939
0.5215940
0.4574308
0.4659120
0.5102250
0.4789370
0.5328961
0.5067436
0.5212901
0.4766476
0.5058968
0.4860292
0.4868511
0.5009260
0.5050557
0.5078422
0.5195676
0.4752440
0.5210248
0.5191229
0.5163373
0.5148856
0.5256117
0.5146257
0.4972534
0.5022918
0.4897818
0.5012663
0.4974359
0.4579068
0.5200586
0.4994013
0.5263851
0.5011851
0.4735514
0.5291628
0.5133729
0.5135665
0.5305620
0.5402400
0.4884939
0.5215940
0.4574308
0.4659120
0.5102250
0.4789370
0.5328961
0.5067436
0.5212901
0.4766476
0.5058968
0.4860292
0.4868511
0.5009260
0.5050557
0.5078422
0.5195676
0.4752440
0.5210248
0.5191229
0.5163373
0.5148856
0.5256117
0.5146257
0.4972534
0.5022918
0.4897818
0.5012663
0.4974359
0.4579068
0.5200586
0.4994013
0.5263851
0.5011851
0.4735514
0.5291628
0.5133729
0.5135665
0.5305620
0.5402400
0.4884939
0.5215940
0.4574308
0.4659120
0.5102250
0.4789370
0.5328961
0.5067436
0.5212901
0.4766476
0.5058968
0.4860292
0.4868511
0.5009260
0.5050557
0.5078422
0.5195676
0.4752440
0.5210248
0.5191229
0.5163373
0.5148856
0.5256117
0.5146257
0.4972534
0.5022918
0.4897818
0.5012663
0.4974359
0.4579068
0.5200586
0.4994013
0.5263851
0.5011851
0.4735514
0.5291628
0.5133729
0.5135665
0.5305620
0.5402400
0.4884939
0.5215940
0.4574308
0.4659120
0.5102250
0.4789370
0.5328961
0.5067436
0.5212901
0.4766476
0.5058968
0.4860292
0.4868511
0.5009260
0.5050557
0.5078422
0.5195676
0.4752440
0.5210248
0.5191229
0.5163373
0.5148856
0.5256117
0.5146257
0.4972534
0.5022918
0.4897818
0.5012663
0.4974359
0.4579068
0.5200586
0.4994013
0.5263851
0.5011851
0.4735514
0.5291628
0.5133729
0.5135665
0.5305620
0.5402400
0.4884939
0.5215940
0.4574308
0.4659120
0.5102250
0.4789370
0.5328961
0.5067436
0.5212901
0.4766476
0.5058968
0.4860292
0.4868511
0.5009260
0.5050557
0.5078422
0.5195676
0.4752440
0.5210248
0.5191229
0.5163373
0.5148856
0.5256117
0.5146257
0.4972534
0.5022918
0.4897818
0.5012663
0.4974359
0.4579068
0.5200586
0.4994013
0.5263851
0.5011851
0.4735514
0.5291628
0.5133729
0.5135665
0.5305620
0.5402400
0.4884939
0.5215940
0.4574308
0.4659120
0.5102250
0.4789370
0.5328961
0.5067436
0.5212901
0.4766476
0.5058968
0.4860292
0.4868511
0.5009260
0.5050557
0.5078422
0.5195676
0.4752440
0.5210248
0.5191229
0.5163373
0.5148856
0.5256117
0.5146257
0.4972534
0.5022918
0.4897818
0.5012663
0.4974359
0.4579068
0.5200586
0.4994013
0.5263851
0.5011851
0.4735514
0.5291628
0.5133729
0.5135665
0.5305620
0.5402400
0.4884939
0.5215940
0.4574308
0.4659120
0.5102250
0.4789370
0.5328961
0.5067436
0.5212901
0.4766476
0.5058968
0.4860292
0.4868511
0.5009260
0.5050557
0.5078422
0.5195676
0.4752440
0.5210248
0.5191229
0.5163373
0.5148856
0.5256117
0.5146257
0.4972534
0.5022918
0.4897818
0.5012663
0.4974359
0.4579068
0.5200586
0.4994013
0.5263851
0.5011851
0.4735514
0.5291628
0.5133729
0.5135665
0.5305620
0.5402400
0.4884939
0.5215940
0.4574308
0.4659120
0.5102250
0.4789370
0.5328961
0.5067436
0.5212901
0.4766476
0.5058968
0.4860292
0.4868511
0.5009260
0.5050557
0.5078422
0.5195676
0.4752440
0.5210248
0.5191229
0.5163373
0.5148856
0.5256117
0.5146257
0.4972534
0.5022918
0.4897818
0.5012663
0.4974359
0.4579068
0.5200586
0.4994013
0.5263851
0.5011851
0.4735514
0.5291628
0.5133729
0.5135665
0.5305620
0.5402400
0.4884939
0.5215940
0.4574308
0.4659120
0.5102250
0.4789370
0.5328961
0.5067436
0.5212901
0.4766476
0.5058968
0.4860292
0.4868511
0.5009260
0.5050557
0.5078422
0.5195676
0.4752440
0.5210248
0.5191229
0.5163373
0.5148856
0.5256117
0.5146257
0.4972534
0.5022918
0.4897818
0.5012663
0.4974359
0.4579068
0.5200586
0.4994013
0.5263851
0.5011851
0.4735514
0.5291628
0.5133729
0.5135665
0.5305620
0.5402400
0.4884939
0.5215940
0.4574308
0.4659120
0.5102250
0.4789370
0.5328961
0.5067436
0.5212901
0.4766476
0.5058968
0.4860292
0.4868511
0.5009260
0.5050557
0.5078422
0.5195676
0.4752440
0.5210248
0.5191229
0.5163373
0.5148856
0.5256117
0.5146257
0.4972534
0.5022918
0.4897818
0.5012663
0.4974359
0.4579068
0.5200586
0.4994013
0.5263851
0.5011851
0.4735514
0.5291628
0.5133729
0.5135665
0.5305620
0.5402400
0.4884939
0.5215940
0.4574308
0.4659120
0.5102250
0.4789370
0.5328961
0.5067436
0.5212901
0.4766476
0.5058968
0.4860292
0.4868511
0.5009260
0.5050557
0.5078422
0.5195676
0.4752440
0.5210248
0.5191229
0.5163373
0.5148856
0.5256117
0.5146257
0.4972534
0.5022918
0.4897818
0.5012663
0.4974359
0.4579068
0.5200586
0.4994013
0.5263851
0.5011851
0.4735514
0.5291628
0.5133729
0.5135665
0.5305620
0.5402400
0.4884939
0.5215940
0.4574308
0.4659120
0.5102250
0.4789370
0.5328961
0.5067436
0.5212901
0.4766476
0.5058968
0.4860292
0.4868511
0.5009260
0.5050557
0.5078422
0.5195676
0.4752440
0.5210248
0.5191229
0.5163373
0.5148856
0.5256117
0.5146257
0.4972534
0.5022918
0.4897818
0.5012663
0.4974359
0.4579068
0.5200586
0.4994013
0.5263851
0.5011851
0.4735514
0.5291628
0.5133729
0.5135665
0.5305620
0.5402400
0.4884939
0.5215940
0.4574308
0.4659120
0.5102250
0.4789370
0.5328961
0.5067436
0.5212901
0.4766476
0.5058968
0.4860292
0.4868511
0.5009260
0.5050557
0.5078422
0.5195676
0.4752440
0.5210248
0.5191229
0.5163373
0.5148856
0.5256117
0.5146257
0.4972534
0.5022918
0.4897818
0.5012663
0.4974359
0.4579068
0.5200586
0.4994013
0.5263851
0.5011851
0.4735514
0.5291628
0.5133729
0.5135665
0.5305620
0.5402400
0.4884939
0.5215940
0.4574308
0.4659120
0.5102250
0.4789370
0.5328961
0.5067436
0.5212901
0.4766476
0.5058968
0.4860292
0.4868511
0.5009260
0.5050557
0.5078422
0.5195676
0.4752440
0.5210248
0.5191229
0.5163373
0.5148856
0.5256117
0.5146257
0.4972534
0.5022918
0.4897818
0.5012663
0.4974359
0.4579068
0.5200586
0.4994013
0.5263851
0.5011851
0.4735514
0.5291628
0.5133729
0.5135665
0.5305620
0.5402400
0.4884939
0.5215940
0.4574308
0.4659120
0.5102250
0.4789370
0.5328961
0.5067436
0.5212901
0.4766476
0.5058968
0.4860292
0.4868511
0.5009260
0.5050557
0.5078422
0.5195676
0.4752440
0.5210248
0.5191229
0.5163373
0.5148856
0.5256117
0.5146257
0.4972534
0.5022918
0.4897818
0.5012663
0.4974359
0.4579068
0.5200586
0.4994013
0.5263851
0.5011851
0.4735514
0.5291628
0.5133729
0.5135665
0.5305620
0.5402400
0.4884939
0.5215940
0.4574308
0.4659120
0.5102250
0.4789370
0.5328961
0.5067436
0.5212901
0.4766476
0.5058968
0.4860292
0.4868511
0.5009260
0.5050557
0.5078422
0.5195676
0.4752440
0.5210248
0.5191229
0.5163373
0.5148856
0.5256117
0.5146257
0.4972534
0.5022918
0.4897818
0.5012663
0.4974359
0.4579068
0.5200586
0.4994013
0.5263851
0.5011851
0.4735514
0.5291628
0.5133729
0.5135665
0.5305620
0.5402400
0.4884939
0.5215940
0.4574308
0.4659120
0.5102250
0.4789370
0.5328961
0.5067436
0.5212901
0.4766476
0.5058968
0.4860292
0.4868511
0.5009260
0.5050557
0.5078422
0.5195676
0.4752440
0.5210248
0.5191229
0.5163373
0.5148856
0.5256117
0.5146257
0.4972534
0.5022918
0.4897818
0.5012663
0.4974359
0.4579068
0.5200586
0.4994013
0.5263851
0.5011851
0.4735514
0.5291628
0.5133729
0.5135665
0.5305620
0.5402400
0.4884939
0.5215940
0.4574308
0.4659120
0.5102250
0.4789370
0.5328961
0.5067436
0.5212901
0.4766476
0.5058968
0.4860292
0.4868511
0.5009260
0.5050557
0.5078422
0.5195676
0.4752440
0.5210248
0.5191229
0.5163373
0.5148856
0.5256117
0.5146257
0.4972534
0.5022918
0.4897818
0.5012663
0.4974359
0.4579068
0.5200586
0.4994013
0.5263851
0.5011851
0.4735514
0.5291628
0.5133729
0.5135665
0.5305620
0.5402400
0.4884939
0.5215940
0.4574308
0.4659120
0.5102250
0.4789370
0.5328961
0.5067436
0.5212901
0.4766476
0.5058968
0.4860292
0.4868511
0.5009260
0.5050557
0.5078422
0.5195676
0.4752440
0.5210248
0.5191229
0.5163373
0.5148856
0.5256117
0.5146257
0.4972534
0.5022918
0.4897818
0.5012663
0.4974359
0.4579068
0.5200586
0.4994013
0.5263851
0.5011851
0.4735514
0.5291628
0.5133729
0.5135665
0.5305620
0.5402400
0.4884939
0.5215940
0.4574308
0.4659120
0.5102250
0.4789370
0.5328961
0.5067436
0.5212901
0.4766476
0.5058968
0.4860292
0.4868511
0.5009260
0.5050557
0.5078422
0.5195676
0.4752440
0.5210248
0.5191229
0.5163373
0.5148856
0.5256117
0.5146257
0.4972534
0.5022918
0.4897818
0.5012663
0.4974359
0.4579068
0.5200586
0.4994013
0.5263851
0.5011851
0.4735514
0.5291628
0.5133729
0.5135665
0.5305620
0.5402400
0.4884939
0.5215940
0.4574308
0.4659120
0.5102250
0.4789370
0.5328961
0.5067436
0.5212901
0.4766476
0.5058968
0.4860292
0.4868511
0.5009260
0.5050557
0.5078422
0.5195676
0.4752440
0.5210248
0.5191229
0.5163373
0.5148856
0.5256117
0.5146257
0.4972534
0.5022918
0.4897818
0.5012663
0.4974359
0.4579068
0.5200586
0.4994013
0.5263851
0.5011851
0.4735514
0.5291628
0.5133729
0.5135665
0.5305620
0.5402400
0.4884939
0.5215940
0.4574308
0.4659120
0.5102250
0.4789370
0.5328961
0.5067436
0.5212901
0.4766476
0.5058968
0.4860292
0.4868511
0.5009260
0.5050557
0.5078422
0.5195676
0.4752440
0.5210248
0.5191229
0.5163373
0.5148856
0.5256117
0.5146257
0.4972534
0.5022918
0.4897818
0.5012663
0.4974359
0.4579068
0.5200586
0.4994013
0.5263851
0.5011851
0.4735514
0.5291628
0.5133729
0.5135665
0.5305620
0.5402400
0.4884939
0.5215940
0.4574308
0.4659120
0.5102250
0.4789370
0.5328961
0.5067436
0.5212901
0.4766476
0.5058968
0.4860292
0.4868511
0.5009260
0.5050557
0.5078422
0.5195676
0.4752440
0.5210248
0.5191229
0.5163373
0.5148856
0.5256117
0.5146257
0.4972534
0.5022918
0.4897818
0.5012663
0.4974359
0.4579068
0.5200586
0.4994013
0.5263851
0.5011851
0.4735514
0.5291628
0.5133729
0.5135665
0.5305620
0.5402400
0.4884939
0.5215940
0.4574308
0.4659120
0.5102250
0.4789370
0.5328961
0.5067436
0.5212901
0.4766476
0.5058968
0.4860292
0.4868511
0.5009260
0.5050557
0.5078422
0.5195676
0.4752440
0.5210248
0.5191229
0.5163373
0.5148856
0.5256117
0.5146257
0.4972534
0.5022918
0.4897818
0.5012663
0.4974359
0.4579068
0.5200586
0.4994013
0.5263851
0.5011851
0.4735514
0.5291628
0.5133729
0.5135665
0.5305620
0.5402400
0.4884939
0.5215940
0.4574308
0.4659120
0.5102250
0.4789370
0.5328961
0.5067436
0.5212901
0.4766476
0.5058968
0.4860292
0.4868511
0.5009260
0.5050557
0.5078422
0.5195676
0.4752440
0.5210248
0.5191229
0.5163373
0.5148856
0.5256117
0.5146257
0.4972534
0.5022918
0.4897818
0.5012663
