0.5137957
0.4871560
0.5003363
0.5119807
0.4706695
0.4606137
0.4938712
0.4627132
0.4907579
0.4748571
0.5176606
0.5135100
0.4830130
0.4757712
0.4684547
0.4825001
0.4801372
0.4827096
0.5060473
0.5073248
0.5290753
0.5166232
0.4931302
0.5390347
0.4913261
0.4705707
0.5192490
0.5135311
0.5221208
0.4963875
0.5160599
0.4687395
0.4770355
0.5004305
0.5046787
0.5361672
0.5181768
0.4736108
0.5119296
0.5257122
0.5137957
0.4871560
0.5003363
0.5119807
0.4706695
0.4606137
0.4938712
0.4627132
0.4907579
0.4748571
0.5176606
0.5135100
0.4830130
0.4757712
0.4684547
0.4825001
0.4801372
0.4827096
0.5060473
0.5073248
0.5290753
0.5166232
0.4931302
0.5390347
0.4913261
0.4705707
0.5192490
0.5135311
0.5221208
0.4963875
0.5160599
0.4687395
0.4770355
0.5004305
0.5046787
0.5361672
0.5181768
0.4736108
0.5119296
0.5257122
0.5137957
0.4871560
0.5003363
0.5119807
0.4706695
0.4606137
0.4938712
0.4627132
0.4907579
0.4748571
0.5176606
0.5135100
0.4830130
0.4757712
0.4684547
0.4825001
0.4801372
0.4827096
0.5060473
0.5073248
0.5290753
0.5166232
0.4931302
0.5390347
0.4913261
0.4705707
0.5192490
0.5135311
0.5221208
0.4963875
0.5160599
0.4687395
0.4770355
0.5004305
0.5046787
0.5361672
0.5181768
0.4736108
0.5119296
0.5257122
0.5137957
0.4871560
0.5003363
0.5119807
0.4706695
0.4606137
0.4938712
0.4627132
0.4907579
0.4748571
0.5176606
0.5135100
0.4830130
0.4757712
0.4684547
0.4825001
0.4801372
0.4827096
0.5060473
0.5073248
0.5290753
0.5166232
0.4931302
0.5390347
0.4913261
0.4705707
0.5192490
0.5135311
0.5221208
0.4963875
0.5160599
0.4687395
0.4770355
0.5004305
0.5046787
0.5361672
0.5181768
0.4736108
0.5119296
0.5257122
0.5137957
0.4871560
0.5003363
0.5119807
0.4706695
0.4606137
0.4938712
0.4627132
0.4907579
0.4748571
0.5176606
0.5135100
0.4830130
0.4757712
0.4684547
0.4825001
0.4801372
0.4827096
0.5060473
0.5073248
0.5290753
0.5166232
0.4931302
0.5390347
0.4913261
0.4705707
0.5192490
0.5135311
0.5221208
0.4963875
0.5160599
0.4687395
0.4770355
0.5004305
0.5046787
0.5361672
0.5181768
0.4736108
0.5119296
0.5257122
0.5137957
0.4871560
0.5003363
0.5119807
0.4706695
0.4606137
0.4938712
0.4627132
0.4907579
0.4748571
0.5176606
0.5135100
0.4830130
0.4757712
0.4684547
0.4825001
0.4801372
0.4827096
0.5060473
0.5073248
0.5290753
0.5166232
0.4931302
0.5390347
0.4913261
0.4705707
0.5192490
0.5135311
0.5221208
0.4963875
0.5160599
0.4687395
0.4770355
0.5004305
0.5046787
0.5361672
0.5181768
0.4736108
0.5119296
0.5257122
0.5137957
0.4871560
0.5003363
0.5119807
0.4706695
0.4606137
0.4938712
0.4627132
0.4907579
0.4748571
0.5176606
0.5135100
0.4830130
0.4757712
0.4684547
0.4825001
0.4801372
0.4827096
0.5060473
0.5073248
0.5290753
0.5166232
0.4931302
0.5390347
0.4913261
0.4705707
0.5192490
0.5135311
0.5221208
0.4963875
0.5160599
0.4687395
0.4770355
0.5004305
0.5046787
0.5361672
0.5181768
0.4736108
0.5119296
0.5257122
0.5137957
0.4871560
0.5003363
0.5119807
0.4706695
0.4606137
0.4938712
0.4627132
0.4907579
0.4748571
0.5176606
0.5135100
0.4830130
0.4757712
0.4684547
0.4825001
0.4801372
0.4827096
0.5060473
0.5073248
0.5290753
0.5166232
0.4931302
0.5390347
0.4913261
0.4705707
0.5192490
0.5135311
0.5221208
0.4963875
0.5160599
0.4687395
0.4770355
0.5004305
0.5046787
0.5361672
0.5181768
0.4736108
0.5119296
0.5257122
0.5137957
0.4871560
0.5003363
0.5119807
0.4706695
0.4606137
0.4938712
0.4627132
0.4907579
0.4748571
0.5176606
0.5135100
0.4830130
0.4757712
0.4684547
0.4825001
0.4801372
0.4827096
0.5060473
0.5073248
0.5290753
0.5166232
0.4931302
0.5390347
0.4913261
0.4705707
0.5192490
0.5135311
0.5221208
0.4963875
0.5160599
0.4687395
0.4770355
0.5004305
0.5046787
0.5361672
0.5181768
0.4736108
0.5119296
0.5257122
0.5137957
0.4871560
0.5003363
0.5119807
0.4706695
0.4606137
0.4938712
0.4627132
0.4907579
0.4748571
0.5176606
0.5135100
0.4830130
0.4757712
0.4684547
0.4825001
0.4801372
0.4827096
0.5060473
0.5073248
0.5290753
0.5166232
0.4931302
0.5390347
0.4913261
0.4705707
0.5192490
0.5135311
0.5221208
0.4963875
0.5160599
0.4687395
0.4770355
0.5004305
0.5046787
0.5361672
0.5181768
0.4736108
0.5119296
0.5257122
0.5137957
0.4871560
0.5003363
0.5119807
0.4706695
0.4606137
0.4938712
0.4627132
0.4907579
0.4748571
0.5176606
0.5135100
0.4830130
0.4757712
0.4684547
0.4825001
0.4801372
0.4827096
0.5060473
0.5073248
0.5290753
0.5166232
0.4931302
0.5390347
0.4913261
0.4705707
0.5192490
0.5135311
0.5221208
0.4963875
0.5160599
0.4687395
0.4770355
0.5004305
0.5046787
0.5361672
0.5181768
0.4736108
0.5119296
0.5257122
0.5137957
0.4871560
0.5003363
0.5119807
0.4706695
0.4606137
0.4938712
0.4627132
0.4907579
0.4748571
0.5176606
0.5135100
0.4830130
0.4757712
0.4684547
0.4825001
0.4801372
0.4827096
0.5060473
0.5073248
0.5290753
0.5166232
0.4931302
0.5390347
0.4913261
0.4705707
0.5192490
0.5135311
0.5221208
0.4963875
0.5160599
0.4687395
0.4770355
0.5004305
0.5046787
0.5361672
0.5181768
0.4736108
0.5119296
0.5257122
0.5137957
0.4871560
0.5003363
0.5119807
0.4706695
0.4606137
0.4938712
0.4627132
0.4907579
0.4748571
0.5176606
0.5135100
0.4830130
0.4757712
0.4684547
0.4825001
0.4801372
0.4827096
0.5060473
0.5073248
0.5290753
0.5166232
0.4931302
0.5390347
0.4913261
0.4705707
0.5192490
0.5135311
0.5221208
0.4963875
0.5160599
0.4687395
0.4770355
0.5004305
0.5046787
0.5361672
0.5181768
0.4736108
0.5119296
0.5257122
0.5137957
0.4871560
0.5003363
0.5119807
0.4706695
0.4606137
0.4938712
0.4627132
0.4907579
0.4748571
0.5176606
0.5135100
0.4830130
0.4757712
0.4684547
0.4825001
0.4801372
0.4827096
0.5060473
0.5073248
0.5290753
0.5166232
0.4931302
0.5390347
0.4913261
0.4705707
0.5192490
0.5135311
0.5221208
0.4963875
0.5160599
0.4687395
0.4770355
0.5004305
0.5046787
0.5361672
0.5181768
0.4736108
0.5119296
0.5257122
0.5137957
0.4871560
0.5003363
0.5119807
0.4706695
0.4606137
0.4938712
0.4627132
0.4907579
0.4748571
0.5176606
0.5135100
0.4830130
0.4757712
0.4684547
0.4825001
0.4801372
0.4827096
0.5060473
0.5073248
0.5290753
0.5166232
0.4931302
0.5390347
0.4913261
0.4705707
0.5192490
0.5135311
0.5221208
0.4963875
0.5160599
0.4687395
0.4770355
0.5004305
0.5046787
0.5361672
0.5181768
0.4736108
0.5119296
0.5257122
0.5137957
0.4871560
0.5003363
0.5119807
0.4706695
0.4606137
0.4938712
0.4627132
0.4907579
0.4748571
0.5176606
0.5135100
0.4830130
0.4757712
0.4684547
0.4825001
0.4801372
0.4827096
0.5060473
0.5073248
0.5290753
0.5166232
0.4931302
0.5390347
0.4913261
0.4705707
0.5192490
0.5135311
0.5221208
0.4963875
0.5160599
0.4687395
0.4770355
0.5004305
0.5046787
0.5361672
0.5181768
0.4736108
0.5119296
0.5257122
0.5137957
0.4871560
0.5003363
0.5119807
0.4706695
0.4606137
0.4938712
0.4627132
0.4907579
0.4748571
0.5176606
0.5135100
0.4830130
0.4757712
0.4684547
0.4825001
0.4801372
0.4827096
0.5060473
0.5073248
0.5290753
0.5166232
0.4931302
0.5390347
0.4913261
0.4705707
0.5192490
0.5135311
0.5221208
0.4963875
0.5160599
0.4687395
0.4770355
0.5004305
0.5046787
0.5361672
0.5181768
0.4736108
0.5119296
0.5257122
0.5137957
0.4871560
0.5003363
0.5119807
0.4706695
0.4606137
0.4938712
0.4627132
0.4907579
0.4748571
0.5176606
0.5135100
0.4830130
0.4757712
0.4684547
0.4825001
0.4801372
0.4827096
0.5060473
0.5073248
0.5290753
0.5166232
0.4931302
0.5390347
0.4913261
0.4705707
0.5192490
0.5135311
0.5221208
0.4963875
0.5160599
0.4687395
0.4770355
0.5004305
0.5046787
0.5361672
0.5181768
0.4736108
0.5119296
0.5257122
0.5137957
0.4871560
0.5003363
0.5119807
0.4706695
0.4606137
0.4938712
0.4627132
0.4907579
0.4748571
0.5176606
0.5135100
0.4830130
0.4757712
0.4684547
0.4825001
0.4801372
0.4827096
0.5060473
0.5073248
0.5290753
0.5166232
0.4931302
0.5390347
0.4913261
0.4705707
0.5192490
0.5135311
0.5221208
0.4963875
0.5160599
0.4687395
0.4770355
0.5004305
0.5046787
0.5361672
0.5181768
0.4736108
0.5119296
0.5257122
0.5137957
0.4871560
0.5003363
0.5119807
0.4706695
0.4606137
0.4938712
0.4627132
0.4907579
0.4748571
0.5176606
0.5135100
0.4830130
0.4757712
0.4684547
0.4825001
0.4801372
0.4827096
0.5060473
0.5073248
0.5290753
0.5166232
0.4931302
0.5390347
0.4913261
0.4705707
0.5192490
0.5135311
0.5221208
0.4963875
0.5160599
0.4687395
0.4770355
0.5004305
0.5046787
0.5361672
0.5181768
0.4736108
0.5119296
0.5257122
0.5137957
0.4871560
0.5003363
0.5119807
0.4706695
0.4606137
0.4938712
0.4627132
0.4907579
0.4748571
0.5176606
0.5135100
0.4830130
0.4757712
0.4684547
0.4825001
0.4801372
0.4827096
0.5060473
0.5073248
0.5290753
0.5166232
0.4931302
0.5390347
0.4913261
0.4705707
0.5192490
0.5135311
0.5221208
0.4963875
0.5160599
0.4687395
0.4770355
0.5004305
0.5046787
0.5361672
0.5181768
0.4736108
0.5119296
0.5257122
0.5137957
0.4871560
0.5003363
0.5119807
0.4706695
0.4606137
0.4938712
0.4627132
0.4907579
0.4748571
0.5176606
0.5135100
0.4830130
0.4757712
0.4684547
0.4825001
0.4801372
0.4827096
0.5060473
0.5073248
0.5290753
0.5166232
0.4931302
0.5390347
0.4913261
0.4705707
0.5192490
0.5135311
0.5221208
0.4963875
0.5160599
0.4687395
0.4770355
0.5004305
0.5046787
0.5361672
0.5181768
0.4736108
0.5119296
0.5257122
0.5137957
0.4871560
0.5003363
0.5119807
0.4706695
0.4606137
0.4938712
0.4627132
0.4907579
0.4748571
0.5176606
0.5135100
0.4830130
0.4757712
0.4684547
0.4825001
0.4801372
0.4827096
0.5060473
0.5073248
0.5290753
0.5166232
0.4931302
0.5390347
0.4913261
0.4705707
0.5192490
0.5135311
0.5221208
0.4963875
0.5160599
0.4687395
0.4770355
0.5004305
0.5046787
0.5361672
0.5181768
0.4736108
0.5119296
0.5257122
0.5137957
0.4871560
0.5003363
0.5119807
0.4706695
0.4606137
0.4938712
0.4627132
0.4907579
0.4748571
0.5176606
0.5135100
0.4830130
0.4757712
0.4684547
0.4825001
0.4801372
0.4827096
0.5060473
0.5073248
0.5290753
0.5166232
0.4931302
0.5390347
0.4913261
0.4705707
0.5192490
0.5135311
0.5221208
0.4963875
0.5160599
0.4687395
0.4770355
0.5004305
0.5046787
0.5361672
0.5181768
0.4736108
0.5119296
0.5257122
0.5137957
0.4871560
0.5003363
0.5119807
0.4706695
0.4606137
0.4938712
0.4627132
0.4907579
0.4748571
0.5176606
0.5135100
0.4830130
0.4757712
0.4684547
0.4825001
0.4801372
0.4827096
0.5060473
0.5073248
0.5290753
0.5166232
0.4931302
0.5390347
0.4913261
0.4705707
0.5192490
0.5135311
0.5221208
0.4963875
0.5160599
0.4687395
0.4770355
0.5004305
0.5046787
0.5361672
0.5181768
0.4736108
0.5119296
0.5257122
0.5137957
0.4871560
0.5003363
0.5119807
0.4706695
0.4606137
0.4938712
0.4627132
0.4907579
0.4748571
0.5176606
0.5135100
0.4830130
0.4757712
0.4684547
0.4825001
0.4801372
0.4827096
0.5060473
0.5073248
0.5290753
0.5166232
0.4931302
0.5390347
0.4913261
0.4705707
0.5192490
0.5135311
0.5221208
0.4963875
0.5160599
0.4687395
0.4770355
0.5004305
0.5046787
0.5361672
0.5181768
0.4736108
0.5119296
0.5257122
0.5137957
0.4871560
0.5003363
0.5119807
0.4706695
0.4606137
0.4938712
0.4627132
0.4907579
0.4748571
0.5176606
0.5135100
0.4830130
0.4757712
0.4684547
0.4825001
0.4801372
0.4827096
0.5060473
0.5073248
0.5290753
0.5166232
0.4931302
0.5390347
0.4913261
0.4705707
0.5192490
0.5135311
0.5221208
0.4963875
0.5160599
0.4687395
0.4770355
0.5004305
0.5046787
0.5361672
0.5181768
0.4736108
0.5119296
0.5257122
0.5137957
0.4871560
0.5003363
0.5119807
0.4706695
0.4606137
0.4938712
0.4627132
0.4907579
0.4748571
0.5176606
0.5135100
0.4830130
0.4757712
0.4684547
0.4825001
0.4801372
0.4827096
0.5060473
0.5073248
0.5290753
0.5166232
0.4931302
0.5390347
0.4913261
0.4705707
0.5192490
0.5135311
0.5221208
0.4963875
0.5160599
0.4687395
0.4770355
0.5004305
0.5046787
0.5361672
0.5181768
0.4736108
0.5119296
0.5257122
0.5137957
0.4871560
0.5003363
0.5119807
0.4706695
0.4606137
0.4938712
0.4627132
0.4907579
0.4748571
0.5176606
0.5135100
0.4830130
0.4757712
0.4684547
0.4825001
0.4801372
0.4827096
0.5060473
0.5073248
0.5290753
0.5166232
0.4931302
0.5390347
0.4913261
0.4705707
0.5192490
0.5135311
0.5221208
0.4963875
0.5160599
0.4687395
0.4770355
0.5004305
0.5046787
0.5361672
0.5181768
0.4736108
0.5119296
0.5257122
0.5137957
0.4871560
0.5003363
0.5119807
0.4706695
0.4606137
0.4938712
0.4627132
0.4907579
0.4748571
0.5176606
0.5135100
0.4830130
0.4757712
0.4684547
0.4825001
0.4801372
0.4827096
0.5060473
0.5073248
0.5290753
0.5166232
0.4931302
0.5390347
0.4913261
0.4705707
0.5192490
0.5135311
0.5221208
0.4963875
0.5160599
0.4687395
0.4770355
0.5004305
0.5046787
0.5361672
0.5181768
0.4736108
0.5119296
0.5257122
0.5137957
0.4871560
0.5003363
0.5119807
0.4706695
0.4606137
0.4938712
0.4627132
0.4907579
0.4748571
0.5176606
0.5135100
0.4830130
0.4757712
0.4684547
0.4825001
0.4801372
0.4827096
0.5060473
0.5073248
0.5290753
0.5166232
0.4931302
0.5390347
0.4913261
0.4705707
0.5192490
0.5135311
0.5221208
0.4963875
0.5160599
0.4687395
0.4770355
0.5004305
0.5046787
0.5361672
0.5181768
0.4736108
0.5119296
0.5257122
0.5137957
0.4871560
0.5003363
0.5119807
0.4706695
0.4606137
0.4938712
0.4627132
0.4907579
0.4748571
0.5176606
0.5135100
0.4830130
0.4757712
0.4684547
0.4825001
0.4801372
0.4827096
0.5060473
0.5073248
0.5290753
0.5166232
0.4931302
0.5390347
0.4913261
0.4705707
0.5192490
0.5135311
0.5221208
0.4963875
0.5160599
0.4687395
0.4770355
0.5004305
0.5046787
0.5361672
0.5181768
0.4736108
0.5119296
0.5257122
0.5137957
0.4871560
0.5003363
0.5119807
0.4706695
0.4606137
0.4938712
0.4627132
0.4907579
0.4748571
0.5176606
0.5135100
0.4830130
0.4757712
0.4684547
0.4825001
0.4801372
0.4827096
0.5060473
0.5073248
0.5290753
0.5166232
0.4931302
0.5390347
0.4913261
0.4705707
0.5192490
0.5135311
0.5221208
0.4963875
0.5160599
0.4687395
0.4770355
0.5004305
0.5046787
0.5361672
0.5181768
0.4736108
0.5119296
0.5257122
0.5137957
0.4871560
0.5003363
0.5119807
0.4706695
0.4606137
0.4938712
0.4627132
0.4907579
0.4748571
0.5176606
0.5135100
0.4830130
0.4757712
0.4684547
0.4825001
0.4801372
0.4827096
0.5060473
0.5073248
0.5290753
0.5166232
0.4931302
0.5390347
0.4913261
0.4705707
0.5192490
0.5135311
0.5221208
0.4963875
0.5160599
0.4687395
0.4770355
0.5004305
0.5046787
0.5361672
0.5181768
0.4736108
0.5119296
0.5257122
0.5137957
0.4871560
0.5003363
0.5119807
0.4706695
0.4606137
0.4938712
0.4627132
0.4907579
0.4748571
0.5176606
0.5135100
0.4830130
0.4757712
0.4684547
0.4825001
0.4801372
0.4827096
0.5060473
0.5073248
0.5290753
0.5166232
0.4931302
0.5390347
0.4913261
0.4705707
0.5192490
0.5135311
0.5221208
0.4963875
0.5160599
0.4687395
0.4770355
0.5004305
0.5046787
0.5361672
0.5181768
0.4736108
0.5119296
0.5257122
0.5137957
0.4871560
0.5003363
0.5119807
0.4706695
0.4606137
0.4938712
0.4627132
0.4907579
0.4748571
0.5176606
0.5135100
0.4830130
0.4757712
0.4684547
0.4825001
0.4801372
0.4827096
0.5060473
0.5073248
0.5290753
0.5166232
0.4931302
0.5390347
0.4913261
0.4705707
0.5192490
0.5135311
0.5221208
0.4963875
0.5160599
0.4687395
0.4770355
0.5004305
0.5046787
0.5361672
0.5181768
0.4736108
0.5119296
0.5257122
0.5137957
0.4871560
0.5003363
0.5119807
0.4706695
0.4606137
0.4938712
0.4627132
0.4907579
0.4748571
0.5176606
0.5135100
0.4830130
0.4757712
0.4684547
0.4825001
0.4801372
0.4827096
0.5060473
0.5073248
0.5290753
0.5166232
0.4931302
0.5390347
0.4913261
0.4705707
0.5192490
0.5135311
0.5221208
0.4963875
0.5160599
0.4687395
0.4770355
0.5004305
0.5046787
0.5361672
0.5181768
0.4736108
0.5119296
0.5257122
0.5137957
0.4871560
0.5003363
0.5119807
0.4706695
0.4606137
0.4938712
0.4627132
0.4907579
0.4748571
0.5176606
0.5135100
0.4830130
0.4757712
0.4684547
0.4825001
0.4801372
0.4827096
0.5060473
0.5073248
0.5290753
0.5166232
0.4931302
0.5390347
0.4913261
0.4705707
0.5192490
0.5135311
0.5221208
0.4963875
0.5160599
0.4687395
0.4770355
0.5004305
0.5046787
0.5361672
0.5181768
0.4736108
0.5119296
0.5257122
0.5137957
0.4871560
0.5003363
0.5119807
0.4706695
0.4606137
0.4938712
0.4627132
0.4907579
0.4748571
0.5176606
0.5135100
0.4830130
0.4757712
0.4684547
0.4825001
0.4801372
0.4827096
0.5060473
0.5073248
0.5290753
0.5166232
0.4931302
0.5390347
0.4913261
0.4705707
0.5192490
0.5135311
0.5221208
0.4963875
0.5160599
0.4687395
0.4770355
0.5004305
0.5046787
0.5361672
0.5181768
0.4736108
0.5119296
0.5257122
0.5137957
0.4871560
0.5003363
0.5119807
0.4706695
0.4606137
0.4938712
0.4627132
0.4907579
0.4748571
0.5176606
0.5135100
0.4830130
0.4757712
0.4684547
0.4825001
0.4801372
0.4827096
0.5060473
0.5073248
0.5290753
0.5166232
0.4931302
0.5390347
0.4913261
0.4705707
0.5192490
0.5135311
0.5221208
0.4963875
0.5160599
0.4687395
0.4770355
0.5004305
0.5046787
0.5361672
0.5181768
0.4736108
0.5119296
0.5257122
0.5137957
0.4871560
0.5003363
0.5119807
0.4706695
0.4606137
0.4938712
0.4627132
0.4907579
0.4748571
0.5176606
0.5135100
0.4830130
0.4757712
0.4684547
0.4825001
0.4801372
0.4827096
0.5060473
0.5073248
0.5290753
0.5166232
0.4931302
0.5390347
0.4913261
0.4705707
0.5192490
0.5135311
0.5221208
0.4963875
0.5160599
0.4687395
0.4770355
0.5004305
0.5046787
0.5361672
0.5181768
0.4736108
0.5119296
0.5257122
0.5137957
0.4871560
0.5003363
0.5119807
0.4706695
0.4606137
0.4938712
0.4627132
0.4907579
0.4748571
0.5176606
0.5135100
0.4830130
0.4757712
0.4684547
0.4825001
0.4801372
0.4827096
0.5060473
0.5073248
0.5290753
0.5166232
0.4931302
0.5390347
0.4913261
0.4705707
0.5192490
0.5135311
0.5221208
0.4963875
0.5160599
0.4687395
0.4770355
0.5004305
0.5046787
0.5361672
0.5181768
0.4736108
0.5119296
0.5257122
0.5137957
0.4871560
0.5003363
0.5119807
0.4706695
0.4606137
0.4938712
0.4627132
0.4907579
0.4748571
0.5176606
0.5135100
0.4830130
0.4757712
0.4684547
0.4825001
0.4801372
0.4827096
0.5060473
0.5073248
0.5290753
0.5166232
0.4931302
0.5390347
0.4913261
0.4705707
0.5192490
0.5135311
0.5221208
0.4963875
0.5160599
0.4687395
0.4770355
0.5004305
0.5046787
0.5361672
0.5181768
0.4736108
0.5119296
0.5257122
0.5137957
0.4871560
0.5003363
0.5119807
0.4706695
0.4606137
0.4938712
0.4627132
0.4907579
0.4748571
0.5176606
0.5135100
0.4830130
0.4757712
0.4684547
0.4825001
0.4801372
0.4827096
0.5060473
0.5073248
0.5290753
0.5166232
0.4931302
0.5390347
0.4913261
0.4705707
0.5192490
0.5135311
0.5221208
0.4963875
0.5160599
0.4687395
0.4770355
0.5004305
0.5046787
0.5361672
0.5181768
0.4736108
0.5119296
0.5257122
0.5137957
0.4871560
0.5003363
0.5119807
0.4706695
0.4606137
0.4938712
0.4627132
0.4907579
0.4748571
0.5176606
0.5135100
0.4830130
0.4757712
0.4684547
0.4825001
0.4801372
0.4827096
0.5060473
0.5073248
0.5290753
0.5166232
0.4931302
0.5390347
0.4913261
0.4705707
0.5192490
0.5135311
0.5221208
0.4963875
0.5160599
0.4687395
0.4770355
0.5004305
0.5046787
0.5361672
0.5181768
0.4736108
0.5119296
0.5257122
0.5137957
0.4871560
0.5003363
0.5119807
0.4706695
0.4606137
0.4938712
0.4627132
0.4907579
0.4748571
0.5176606
0.5135100
0.4830130
0.4757712
0.4684547
0.4825001
0.4801372
0.4827096
0.5060473
0.5073248
0.5290753
0.5166232
0.4931302
0.5390347
0.4913261
0.4705707
0.5192490
0.5135311
0.5221208
0.4963875
0.5160599
0.4687395
0.4770355
0.5004305
0.5046787
0.5361672
0.5181768
0.4736108
0.5119296
0.5257122
0.5137957
0.4871560
0.5003363
0.5119807
0.4706695
0.4606137
0.4938712
0.4627132
0.4907579
0.4748571
0.5176606
0.5135100
0.4830130
0.4757712
0.4684547
0.4825001
0.4801372
0.4827096
0.5060473
0.5073248
0.5290753
0.5166232
0.4931302
0.5390347
0.4913261
0.4705707
0.5192490
0.5135311
0.5221208
0.4963875
0.5160599
0.4687395
0.4770355
0.5004305
0.5046787
0.5361672
0.5181768
0.4736108
0.5119296
0.5257122
0.5137957
0.4871560
0.5003363
0.5119807
0.4706695
0.4606137
0.4938712
0.4627132
0.4907579
0.4748571
0.5176606
0.5135100
0.4830130
0.4757712
0.4684547
0.4825001
0.4801372
0.4827096
0.5060473
0.5073248
0.5290753
0.5166232
0.4931302
0.5390347
0.4913261
0.4705707
0.5192490
0.5135311
0.5221208
0.4963875
0.5160599
0.4687395
0.4770355
0.5004305
0.5046787
0.5361672
0.5181768
0.4736108
0.5119296
0.5257122
0.5137957
0.4871560
0.5003363
0.5119807
0.4706695
0.4606137
0.4938712
0.4627132
0.4907579
0.4748571
0.5176606
0.5135100
0.4830130
0.4757712
0.4684547
0.4825001
0.4801372
0.4827096
0.5060473
0.5073248
0.5290753
0.5166232
0.4931302
0.5390347
0.4913261
0.4705707
0.5192490
0.5135311
0.5221208
0.4963875
0.5160599
0.4687395
0.4770355
0.5004305
0.5046787
0.5361672
0.5181768
0.4736108
0.5119296
0.5257122
0.5137957
0.4871560
0.5003363
0.5119807
0.4706695
0.4606137
0.4938712
0.4627132
0.4907579
0.4748571
0.5176606
0.5135100
0.4830130
0.4757712
0.4684547
0.4825001
0.4801372
0.4827096
0.5060473
0.5073248
0.5290753
0.5166232
0.4931302
0.5390347
0.4913261
0.4705707
0.5192490
0.5135311
0.5221208
0.4963875
0.5160599
0.4687395
0.4770355
0.5004305
0.5046787
0.5361672
0.5181768
0.4736108
0.5119296
0.5257122
