0.5206214
0.4985170
0.5113346
0.4740448
0.5504020
0.4774804
0.4722463
0.5149114
0.5041690
0.4922771
0.4697241
0.5003520
0.4827339
0.5376408
0.5345511
0.4784212
0.5001230
0.4552644
0.5346188
0.5114938
0.4822442
0.4926155
0.4986971
0.4777242
0.5108339
0.4968556
0.4927924
0.5004451
0.4630918
0.5055047
0.4717183
0.5266221
0.4967169
0.4935820
0.4706388
0.4688283
0.4955805
0.4680182
0.5280044
0.4978973
0.5206214
0.4985170
0.5113346
0.4740448
0.5504020
0.4774804
0.4722463
0.5149114
0.5041690
0.4922771
0.4697241
0.5003520
0.4827339
0.5376408
0.5345511
0.4784212
0.5001230
0.4552644
0.5346188
0.5114938
0.4822442
0.4926155
0.4986971
0.4777242
0.5108339
0.4968556
0.4927924
0.5004451
0.4630918
0.5055047
0.4717183
0.5266221
0.4967169
0.4935820
0.4706388
0.4688283
0.4955805
0.4680182
0.5280044
0.4978973
0.5206214
0.4985170
0.5113346
0.4740448
0.5504020
0.4774804
0.4722463
0.5149114
0.5041690
0.4922771
0.4697241
0.5003520
0.4827339
0.5376408
0.5345511
0.4784212
0.5001230
0.4552644
0.5346188
0.5114938
0.4822442
0.4926155
0.4986971
0.4777242
0.5108339
0.4968556
0.4927924
0.5004451
0.4630918
0.5055047
0.4717183
0.5266221
0.4967169
0.4935820
0.4706388
0.4688283
0.4955805
0.4680182
0.5280044
0.4978973
0.5206214
0.4985170
0.5113346
0.4740448
0.5504020
0.4774804
0.4722463
0.5149114
0.5041690
0.4922771
0.4697241
0.5003520
0.4827339
0.5376408
0.5345511
0.4784212
0.5001230
0.4552644
0.5346188
0.5114938
0.4822442
0.4926155
0.4986971
0.4777242
0.5108339
0.4968556
0.4927924
0.5004451
0.4630918
0.5055047
0.4717183
0.5266221
0.4967169
0.4935820
0.4706388
0.4688283
0.4955805
0.4680182
0.5280044
0.4978973
0.5206214
0.4985170
0.5113346
0.4740448
0.5504020
0.4774804
0.4722463
0.5149114
0.5041690
0.4922771
0.4697241
0.5003520
0.4827339
0.5376408
0.5345511
0.4784212
0.5001230
0.4552644
0.5346188
0.5114938
0.4822442
0.4926155
0.4986971
0.4777242
0.5108339
0.4968556
0.4927924
0.5004451
0.4630918
0.5055047
0.4717183
0.5266221
0.4967169
0.4935820
0.4706388
0.4688283
0.4955805
0.4680182
0.5280044
0.4978973
0.5206214
0.4985170
0.5113346
0.4740448
0.5504020
0.4774804
0.4722463
0.5149114
0.5041690
0.4922771
0.4697241
0.5003520
0.4827339
0.5376408
0.5345511
0.4784212
0.5001230
0.4552644
0.5346188
0.5114938
0.4822442
0.4926155
0.4986971
0.4777242
0.5108339
0.4968556
0.4927924
0.5004451
0.4630918
0.5055047
0.4717183
0.5266221
0.4967169
0.4935820
0.4706388
0.4688283
0.4955805
0.4680182
0.5280044
0.4978973
0.5206214
0.4985170
0.5113346
0.4740448
0.5504020
0.4774804
0.4722463
0.5149114
0.5041690
0.4922771
0.4697241
0.5003520
0.4827339
0.5376408
0.5345511
0.4784212
0.5001230
0.4552644
0.5346188
0.5114938
0.4822442
0.4926155
0.4986971
0.4777242
0.5108339
0.4968556
0.4927924
0.5004451
0.4630918
0.5055047
0.4717183
0.5266221
0.4967169
0.4935820
0.4706388
0.4688283
0.4955805
0.4680182
0.5280044
0.4978973
0.5206214
0.4985170
0.5113346
0.4740448
0.5504020
0.4774804
0.4722463
0.5149114
0.5041690
0.4922771
0.4697241
0.5003520
0.4827339
0.5376408
0.5345511
0.4784212
0.5001230
0.4552644
0.5346188
0.5114938
0.4822442
0.4926155
0.4986971
0.4777242
0.5108339
0.4968556
0.4927924
0.5004451
0.4630918
0.5055047
0.4717183
0.5266221
0.4967169
0.4935820
0.4706388
0.4688283
0.4955805
0.4680182
0.5280044
0.4978973
0.5206214
0.4985170
0.5113346
0.4740448
0.5504020
0.4774804
0.4722463
0.5149114
0.5041690
0.4922771
0.4697241
0.5003520
0.4827339
0.5376408
0.5345511
0.4784212
0.5001230
0.4552644
0.5346188
0.5114938
0.4822442
0.4926155
0.4986971
0.4777242
0.5108339
0.4968556
0.4927924
0.5004451
0.4630918
0.5055047
0.4717183
0.5266221
0.4967169
0.4935820
0.4706388
0.4688283
0.4955805
0.4680182
0.5280044
0.4978973
0.5206214
0.4985170
0.5113346
0.4740448
0.5504020
0.4774804
0.4722463
0.5149114
0.5041690
0.4922771
0.4697241
0.5003520
0.4827339
0.5376408
0.5345511
0.4784212
0.5001230
0.4552644
0.5346188
0.5114938
0.4822442
0.4926155
0.4986971
0.4777242
0.5108339
0.4968556
0.4927924
0.5004451
0.4630918
0.5055047
0.4717183
0.5266221
0.4967169
0.4935820
0.4706388
0.4688283
0.4955805
0.4680182
0.5280044
0.4978973
0.5206214
0.4985170
0.5113346
0.4740448
0.5504020
0.4774804
0.4722463
0.5149114
0.5041690
0.4922771
0.4697241
0.5003520
0.4827339
0.5376408
0.5345511
0.4784212
0.5001230
0.4552644
0.5346188
0.5114938
0.4822442
0.4926155
0.4986971
0.4777242
0.5108339
0.4968556
0.4927924
0.5004451
0.4630918
0.5055047
0.4717183
0.5266221
0.4967169
0.4935820
0.4706388
0.4688283
0.4955805
0.4680182
0.5280044
0.4978973
0.5206214
0.4985170
0.5113346
0.4740448
0.5504020
0.4774804
0.4722463
0.5149114
0.5041690
0.4922771
0.4697241
0.5003520
0.4827339
0.5376408
0.5345511
0.4784212
0.5001230
0.4552644
0.5346188
0.5114938
0.4822442
0.4926155
0.4986971
0.4777242
0.5108339
0.4968556
0.4927924
0.5004451
0.4630918
0.5055047
0.4717183
0.5266221
0.4967169
0.4935820
0.4706388
0.4688283
0.4955805
0.4680182
0.5280044
0.4978973
0.5206214
0.4985170
0.5113346
0.4740448
0.5504020
0.4774804
0.4722463
0.5149114
0.5041690
0.4922771
0.4697241
0.5003520
0.4827339
0.5376408
0.5345511
0.4784212
0.5001230
0.4552644
0.5346188
0.5114938
0.4822442
0.4926155
0.4986971
0.4777242
0.5108339
0.4968556
0.4927924
0.5004451
0.4630918
0.5055047
0.4717183
0.5266221
0.4967169
0.4935820
0.4706388
0.4688283
0.4955805
0.4680182
0.5280044
0.4978973
0.5206214
0.4985170
0.5113346
0.4740448
0.5504020
0.4774804
0.4722463
0.5149114
0.5041690
0.4922771
0.4697241
0.5003520
0.4827339
0.5376408
0.5345511
0.4784212
0.5001230
0.4552644
0.5346188
0.5114938
0.4822442
0.4926155
0.4986971
0.4777242
0.5108339
0.4968556
0.4927924
0.5004451
0.4630918
0.5055047
0.4717183
0.5266221
0.4967169
0.4935820
0.4706388
0.4688283
0.4955805
0.4680182
0.5280044
0.4978973
0.5206214
0.4985170
0.5113346
0.4740448
0.5504020
0.4774804
0.4722463
0.5149114
0.5041690
0.4922771
0.4697241
0.5003520
0.4827339
0.5376408
0.5345511
0.4784212
0.5001230
0.4552644
0.5346188
0.5114938
0.4822442
0.4926155
0.4986971
0.4777242
0.5108339
0.4968556
0.4927924
0.5004451
0.4630918
0.5055047
0.4717183
0.5266221
0.4967169
0.4935820
0.4706388
0.4688283
0.4955805
0.4680182
0.5280044
0.4978973
0.5206214
0.4985170
0.5113346
0.4740448
0.5504020
0.4774804
0.4722463
0.5149114
0.5041690
0.4922771
0.4697241
0.5003520
0.4827339
0.5376408
0.5345511
0.4784212
0.5001230
0.4552644
0.5346188
0.5114938
0.4822442
0.4926155
0.4986971
0.4777242
0.5108339
0.4968556
0.4927924
0.5004451
0.4630918
0.5055047
0.4717183
0.5266221
0.4967169
0.4935820
0.4706388
0.4688283
0.4955805
0.4680182
0.5280044
0.4978973
0.5206214
0.4985170
0.5113346
0.4740448
0.5504020
0.4774804
0.4722463
0.5149114
0.5041690
0.4922771
0.4697241
0.5003520
0.4827339
0.5376408
0.5345511
0.4784212
0.5001230
0.4552644
0.5346188
0.5114938
0.4822442
0.4926155
0.4986971
0.4777242
0.5108339
0.4968556
0.4927924
0.5004451
0.4630918
0.5055047
0.4717183
0.5266221
0.4967169
0.4935820
0.4706388
0.4688283
0.4955805
0.4680182
0.5280044
0.4978973
0.5206214
0.4985170
0.5113346
0.4740448
0.5504020
0.4774804
0.4722463
0.5149114
0.5041690
0.4922771
0.4697241
0.5003520
0.4827339
0.5376408
0.5345511
0.4784212
0.5001230
0.4552644
0.5346188
0.5114938
0.4822442
0.4926155
0.4986971
0.4777242
0.5108339
0.4968556
0.4927924
0.5004451
0.4630918
0.5055047
0.4717183
0.5266221
0.4967169
0.4935820
0.4706388
0.4688283
0.4955805
0.4680182
0.5280044
0.4978973
0.5206214
0.4985170
0.5113346
0.4740448
0.5504020
0.4774804
0.4722463
0.5149114
0.5041690
0.4922771
0.4697241
0.5003520
0.4827339
0.5376408
0.5345511
0.4784212
0.5001230
0.4552644
0.5346188
0.5114938
0.4822442
0.4926155
0.4986971
0.4777242
0.5108339
0.4968556
0.4927924
0.5004451
0.4630918
0.5055047
0.4717183
0.5266221
0.4967169
0.4935820
0.4706388
0.4688283
0.4955805
0.4680182
0.5280044
0.4978973
0.5206214
0.4985170
0.5113346
0.4740448
0.5504020
0.4774804
0.4722463
0.5149114
0.5041690
0.4922771
0.4697241
0.5003520
0.4827339
0.5376408
0.5345511
0.4784212
0.5001230
0.4552644
0.5346188
0.5114938
0.4822442
0.4926155
0.4986971
0.4777242
0.5108339
0.4968556
0.4927924
0.5004451
0.4630918
0.5055047
0.4717183
0.5266221
0.4967169
0.4935820
0.4706388
0.4688283
0.4955805
0.4680182
0.5280044
0.4978973
0.5206214
0.4985170
0.5113346
0.4740448
0.5504020
0.4774804
0.4722463
0.5149114
0.5041690
0.4922771
0.4697241
0.5003520
0.4827339
0.5376408
0.5345511
0.4784212
0.5001230
0.4552644
0.5346188
0.5114938
0.4822442
0.4926155
0.4986971
0.4777242
0.5108339
0.4968556
0.4927924
0.5004451
0.4630918
0.5055047
0.4717183
0.5266221
0.4967169
0.4935820
0.4706388
0.4688283
0.4955805
0.4680182
0.5280044
0.4978973
0.5206214
0.4985170
0.5113346
0.4740448
0.5504020
0.4774804
0.4722463
0.5149114
0.5041690
0.4922771
0.4697241
0.5003520
0.4827339
0.5376408
0.5345511
0.4784212
0.5001230
0.4552644
0.5346188
0.5114938
0.4822442
0.4926155
0.4986971
0.4777242
0.5108339
0.4968556
0.4927924
0.5004451
0.4630918
0.5055047
0.4717183
0.5266221
0.4967169
0.4935820
0.4706388
0.4688283
0.4955805
0.4680182
0.5280044
0.4978973
0.5206214
0.4985170
0.5113346
0.4740448
0.5504020
0.4774804
0.4722463
0.5149114
0.5041690
0.4922771
0.4697241
0.5003520
0.4827339
0.5376408
0.5345511
0.4784212
0.5001230
0.4552644
0.5346188
0.5114938
0.4822442
0.4926155
0.4986971
0.4777242
0.5108339
0.4968556
0.4927924
0.5004451
0.4630918
0.5055047
0.4717183
0.5266221
0.4967169
0.4935820
0.4706388
0.4688283
0.4955805
0.4680182
0.5280044
0.4978973
0.5206214
0.4985170
0.5113346
0.4740448
0.5504020
0.4774804
0.4722463
0.5149114
0.5041690
0.4922771
0.4697241
0.5003520
0.4827339
0.5376408
0.5345511
0.4784212
0.5001230
0.4552644
0.5346188
0.5114938
0.4822442
0.4926155
0.4986971
0.4777242
0.5108339
0.4968556
0.4927924
0.5004451
0.4630918
0.5055047
0.4717183
0.5266221
0.4967169
0.4935820
0.4706388
0.4688283
0.4955805
0.4680182
0.5280044
0.4978973
0.5206214
0.4985170
0.5113346
0.4740448
0.5504020
0.4774804
0.4722463
0.5149114
0.5041690
0.4922771
0.4697241
0.5003520
0.4827339
0.5376408
0.5345511
0.4784212
0.5001230
0.4552644
0.5346188
0.5114938
0.4822442
0.4926155
0.4986971
0.4777242
0.5108339
0.4968556
0.4927924
0.5004451
0.4630918
0.5055047
0.4717183
0.5266221
0.4967169
0.4935820
0.4706388
0.4688283
0.4955805
0.4680182
0.5280044
0.4978973
0.5206214
0.4985170
0.5113346
0.4740448
0.5504020
0.4774804
0.4722463
0.5149114
0.5041690
0.4922771
0.4697241
0.5003520
0.4827339
0.5376408
0.5345511
0.4784212
0.5001230
0.4552644
0.5346188
0.5114938
0.4822442
0.4926155
0.4986971
0.4777242
0.5108339
0.4968556
0.4927924
0.5004451
0.4630918
0.5055047
0.4717183
0.5266221
0.4967169
0.4935820
0.4706388
0.4688283
0.4955805
0.4680182
0.5280044
0.4978973
0.5206214
0.4985170
0.5113346
0.4740448
0.5504020
0.4774804
0.4722463
0.5149114
0.5041690
0.4922771
0.4697241
0.5003520
0.4827339
0.5376408
0.5345511
0.4784212
0.5001230
0.4552644
0.5346188
0.5114938
0.4822442
0.4926155
0.4986971
0.4777242
0.5108339
0.4968556
0.4927924
0.5004451
0.4630918
0.5055047
0.4717183
0.5266221
0.4967169
0.4935820
0.4706388
0.4688283
0.4955805
0.4680182
0.5280044
0.4978973
0.5206214
0.4985170
0.5113346
0.4740448
0.5504020
0.4774804
0.4722463
0.5149114
0.5041690
0.4922771
0.4697241
0.5003520
0.4827339
0.5376408
0.5345511
0.4784212
0.5001230
0.4552644
0.5346188
0.5114938
0.4822442
0.4926155
0.4986971
0.4777242
0.5108339
0.4968556
0.4927924
0.5004451
0.4630918
0.5055047
0.4717183
0.5266221
0.4967169
0.4935820
0.4706388
0.4688283
0.4955805
0.4680182
0.5280044
0.4978973
0.5206214
0.4985170
0.5113346
0.4740448
0.5504020
0.4774804
0.4722463
0.5149114
0.5041690
0.4922771
0.4697241
0.5003520
0.4827339
0.5376408
0.5345511
0.4784212
0.5001230
0.4552644
0.5346188
0.5114938
0.4822442
0.4926155
0.4986971
0.4777242
0.5108339
0.4968556
0.4927924
0.5004451
0.4630918
0.5055047
0.4717183
0.5266221
0.4967169
0.4935820
0.4706388
0.4688283
0.4955805
0.4680182
0.5280044
0.4978973
0.5206214
0.4985170
0.5113346
0.4740448
0.5504020
0.4774804
0.4722463
0.5149114
0.5041690
0.4922771
0.4697241
0.5003520
0.4827339
0.5376408
0.5345511
0.4784212
0.5001230
0.4552644
0.5346188
0.5114938
0.4822442
0.4926155
0.4986971
0.4777242
0.5108339
0.4968556
0.4927924
0.5004451
0.4630918
0.5055047
0.4717183
0.5266221
0.4967169
0.4935820
0.4706388
0.4688283
0.4955805
0.4680182
0.5280044
0.4978973
0.5206214
0.4985170
0.5113346
0.4740448
0.5504020
0.4774804
0.4722463
0.5149114
0.5041690
0.4922771
0.4697241
0.5003520
0.4827339
0.5376408
0.5345511
0.4784212
0.5001230
0.4552644
0.5346188
0.5114938
0.4822442
0.4926155
0.4986971
0.4777242
0.5108339
0.4968556
0.4927924
0.5004451
0.4630918
0.5055047
0.4717183
0.5266221
0.4967169
0.4935820
0.4706388
0.4688283
0.4955805
0.4680182
0.5280044
0.4978973
0.5206214
0.4985170
0.5113346
0.4740448
0.5504020
0.4774804
0.4722463
0.5149114
0.5041690
0.4922771
0.4697241
0.5003520
0.4827339
0.5376408
0.5345511
0.4784212
0.5001230
0.4552644
0.5346188
0.5114938
0.4822442
0.4926155
0.4986971
0.4777242
0.5108339
0.4968556
0.4927924
0.5004451
0.4630918
0.5055047
0.4717183
0.5266221
0.4967169
0.4935820
0.4706388
0.4688283
0.4955805
0.4680182
0.5280044
0.4978973
0.5206214
0.4985170
0.5113346
0.4740448
0.5504020
0.4774804
0.4722463
0.5149114
0.5041690
0.4922771
0.4697241
0.5003520
0.4827339
0.5376408
0.5345511
0.4784212
0.5001230
0.4552644
0.5346188
0.5114938
0.4822442
0.4926155
0.4986971
0.4777242
0.5108339
0.4968556
0.4927924
0.5004451
0.4630918
0.5055047
0.4717183
0.5266221
0.4967169
0.4935820
0.4706388
0.4688283
0.4955805
0.4680182
0.5280044
0.4978973
0.5206214
0.4985170
0.5113346
0.4740448
0.5504020
0.4774804
0.4722463
0.5149114
0.5041690
0.4922771
0.4697241
0.5003520
0.4827339
0.5376408
0.5345511
0.4784212
0.5001230
0.4552644
0.5346188
0.5114938
0.4822442
0.4926155
0.4986971
0.4777242
0.5108339
0.4968556
0.4927924
0.5004451
0.4630918
0.5055047
0.4717183
0.5266221
0.4967169
0.4935820
0.4706388
0.4688283
0.4955805
0.4680182
0.5280044
0.4978973
0.5206214
0.4985170
0.5113346
0.4740448
0.5504020
0.4774804
0.4722463
0.5149114
0.5041690
0.4922771
0.4697241
0.5003520
0.4827339
0.5376408
0.5345511
0.4784212
0.5001230
0.4552644
0.5346188
0.5114938
0.4822442
0.4926155
0.4986971
0.4777242
0.5108339
0.4968556
0.4927924
0.5004451
0.4630918
0.5055047
0.4717183
0.5266221
0.4967169
0.4935820
0.4706388
0.4688283
0.4955805
0.4680182
0.5280044
0.4978973
0.5206214
0.4985170
0.5113346
0.4740448
0.5504020
0.4774804
0.4722463
0.5149114
0.5041690
0.4922771
0.4697241
0.5003520
0.4827339
0.5376408
0.5345511
0.4784212
0.5001230
0.4552644
0.5346188
0.5114938
0.4822442
0.4926155
0.4986971
0.4777242
0.5108339
0.4968556
0.4927924
0.5004451
0.4630918
0.5055047
0.4717183
0.5266221
0.4967169
0.4935820
0.4706388
0.4688283
0.4955805
0.4680182
0.5280044
0.4978973
0.5206214
0.4985170
0.5113346
0.4740448
0.5504020
0.4774804
0.4722463
0.5149114
0.5041690
0.4922771
0.4697241
0.5003520
0.4827339
0.5376408
0.5345511
0.4784212
0.5001230
0.4552644
0.5346188
0.5114938
0.4822442
0.4926155
0.4986971
0.4777242
0.5108339
0.4968556
0.4927924
0.5004451
0.4630918
0.5055047
0.4717183
0.5266221
0.4967169
0.4935820
0.4706388
0.4688283
0.4955805
0.4680182
0.5280044
0.4978973
0.5206214
0.4985170
0.5113346
0.4740448
0.5504020
0.4774804
0.4722463
0.5149114
0.5041690
0.4922771
0.4697241
0.5003520
0.4827339
0.5376408
0.5345511
0.4784212
0.5001230
0.4552644
0.5346188
0.5114938
0.4822442
0.4926155
0.4986971
0.4777242
0.5108339
0.4968556
0.4927924
0.5004451
0.4630918
0.5055047
0.4717183
0.5266221
0.4967169
0.4935820
0.4706388
0.4688283
0.4955805
0.4680182
0.5280044
0.4978973
0.5206214
0.4985170
0.5113346
0.4740448
0.5504020
0.4774804
0.4722463
0.5149114
0.5041690
0.4922771
0.4697241
0.5003520
0.4827339
0.5376408
0.5345511
0.4784212
0.5001230
0.4552644
0.5346188
0.5114938
0.4822442
0.4926155
0.4986971
0.4777242
0.5108339
0.4968556
0.4927924
0.5004451
0.4630918
0.5055047
0.4717183
0.5266221
0.4967169
0.4935820
0.4706388
0.4688283
0.4955805
0.4680182
0.5280044
0.4978973
0.5206214
0.4985170
0.5113346
0.4740448
0.5504020
0.4774804
0.4722463
0.5149114
0.5041690
0.4922771
0.4697241
0.5003520
0.4827339
0.5376408
0.5345511
0.4784212
0.5001230
0.4552644
0.5346188
0.5114938
0.4822442
0.4926155
0.4986971
0.4777242
0.5108339
0.4968556
0.4927924
0.5004451
0.4630918
0.5055047
0.4717183
0.5266221
0.4967169
0.4935820
0.4706388
0.4688283
0.4955805
0.4680182
0.5280044
0.4978973
0.5206214
0.4985170
0.5113346
0.4740448
0.5504020
0.4774804
0.4722463
0.5149114
0.5041690
0.4922771
0.4697241
0.5003520
0.4827339
0.5376408
0.5345511
0.4784212
0.5001230
0.4552644
0.5346188
0.5114938
0.4822442
0.4926155
0.4986971
0.4777242
0.5108339
0.4968556
0.4927924
0.5004451
0.4630918
0.5055047
0.4717183
0.5266221
0.4967169
0.4935820
0.4706388
0.4688283
0.4955805
0.4680182
0.5280044
0.4978973
0.5206214
0.4985170
0.5113346
0.4740448
0.5504020
0.4774804
0.4722463
0.5149114
0.5041690
0.4922771
0.4697241
0.5003520
0.4827339
0.5376408
0.5345511
0.4784212
0.5001230
0.4552644
0.5346188
0.5114938
0.4822442
0.4926155
0.4986971
0.4777242
0.5108339
0.4968556
0.4927924
0.5004451
0.4630918
0.5055047
0.4717183
0.5266221
0.4967169
0.4935820
0.4706388
0.4688283
0.4955805
0.4680182
0.5280044
0.4978973
0.5206214
0.4985170
0.5113346
0.4740448
0.5504020
0.4774804
0.4722463
0.5149114
0.5041690
0.4922771
0.4697241
0.5003520
0.4827339
0.5376408
0.5345511
0.4784212
0.5001230
0.4552644
0.5346188
0.5114938
0.4822442
0.4926155
0.4986971
0.4777242
0.5108339
0.4968556
0.4927924
0.5004451
0.4630918
0.5055047
0.4717183
0.5266221
0.4967169
0.4935820
0.4706388
0.4688283
0.4955805
0.4680182
0.5280044
0.4978973
0.5206214
0.4985170
0.5113346
0.4740448
0.5504020
0.4774804
0.4722463
0.5149114
0.5041690
0.4922771
0.4697241
0.5003520
0.4827339
0.5376408
0.5345511
0.4784212
0.5001230
0.4552644
0.5346188
0.5114938
0.4822442
0.4926155
0.4986971
0.4777242
0.5108339
0.4968556
0.4927924
0.5004451
0.4630918
0.5055047
0.4717183
0.5266221
0.4967169
0.4935820
0.4706388
0.4688283
0.4955805
0.4680182
0.5280044
0.4978973
0.5206214
0.4985170
0.5113346
0.4740448
0.5504020
0.4774804
0.4722463
0.5149114
0.5041690
0.4922771
0.4697241
0.5003520
0.4827339
0.5376408
0.5345511
0.4784212
0.5001230
0.4552644
0.5346188
0.5114938
0.4822442
0.4926155
0.4986971
0.4777242
0.5108339
0.4968556
0.4927924
0.5004451
0.4630918
0.5055047
0.4717183
0.5266221
0.4967169
0.4935820
0.4706388
0.4688283
0.4955805
0.4680182
0.5280044
0.4978973
0.5206214
0.4985170
0.5113346
0.4740448
0.5504020
0.4774804
0.4722463
0.5149114
0.5041690
0.4922771
0.4697241
0.5003520
0.4827339
0.5376408
0.5345511
0.4784212
0.5001230
0.4552644
0.5346188
0.5114938
0.4822442
0.4926155
0.4986971
0.4777242
0.5108339
0.4968556
0.4927924
0.5004451
0.4630918
0.5055047
0.4717183
0.5266221
0.4967169
0.4935820
0.4706388
0.4688283
0.4955805
0.4680182
0.5280044
0.4978973
0.5206214
0.4985170
0.5113346
0.4740448
0.5504020
0.4774804
0.4722463
0.5149114
0.5041690
0.4922771
0.4697241
0.5003520
0.4827339
0.5376408
0.5345511
0.4784212
0.5001230
0.4552644
0.5346188
0.5114938
0.4822442
0.4926155
0.4986971
0.4777242
0.5108339
0.4968556
0.4927924
0.5004451
0.4630918
0.5055047
0.4717183
0.5266221
0.4967169
0.4935820
0.4706388
0.4688283
0.4955805
0.4680182
0.5280044
0.4978973
0.5206214
0.4985170
0.5113346
0.4740448
0.5504020
0.4774804
0.4722463
0.5149114
0.5041690
0.4922771
0.4697241
0.5003520
0.4827339
0.5376408
0.5345511
0.4784212
0.5001230
0.4552644
0.5346188
0.5114938
0.4822442
0.4926155
0.4986971
0.4777242
0.5108339
0.4968556
0.4927924
0.5004451
0.4630918
0.5055047
0.4717183
0.5266221
0.4967169
0.4935820
0.4706388
0.4688283
0.4955805
0.4680182
0.5280044
0.4978973
0.5206214
0.4985170
0.5113346
0.4740448
0.5504020
0.4774804
0.4722463
0.5149114
0.5041690
0.4922771
0.4697241
0.5003520
0.4827339
0.5376408
0.5345511
0.4784212
0.5001230
0.4552644
0.5346188
0.5114938
0.4822442
0.4926155
0.4986971
0.4777242
0.5108339
0.4968556
0.4927924
0.5004451
0.4630918
0.5055047
0.4717183
0.5266221
0.4967169
0.4935820
0.4706388
0.4688283
0.4955805
0.4680182
0.5280044
0.4978973
0.5206214
0.4985170
0.5113346
0.4740448
0.5504020
0.4774804
0.4722463
0.5149114
0.5041690
0.4922771
0.4697241
0.5003520
0.4827339
0.5376408
0.5345511
0.4784212
0.5001230
0.4552644
0.5346188
0.5114938
0.4822442
0.4926155
0.4986971
0.4777242
0.5108339
0.4968556
0.4927924
0.5004451
0.4630918
0.5055047
0.4717183
0.5266221
0.4967169
0.4935820
0.4706388
0.4688283
0.4955805
0.4680182
0.5280044
0.4978973
