13.890324
14.076069
14.033600
14.636521
13.538651
15.135785
14.062320
15.088304
14.404478
14.668920
14.857224
14.536449
15.850236
14.796493
15.304183
15.099719
16.490328
16.871253
15.327538
15.312107
14.941160
13.353608
13.866602
14.639209
14.707760
13.545872
14.690149
13.821044
12.371821
13.260211
11.852354
12.577152
12.608560
13.201820
11.807537
14.145291
13.800178
13.403753
14.234994
14.721386
14.789483
14.506207
13.692496
15.325919
14.842414
17.304219
16.234423
16.706932
17.827982
17.171873
17.487257
16.365472
18.467811
18.884846
17.875636
17.519125
17.742668
17.825244
19.560848
19.222055
19.758641
19.846766
18.030712
17.917656
19.127658
17.211634
17.702658
16.173473
17.654402
19.172919
19.627998
19.044250
18.793850
19.454795
11.537820
11.660483
12.313706
12.420458
12.040969
12.740746
 8.037185
 7.922644
 7.609095
 7.453937
 7.473128
 6.478838
 7.072709
 7.231269
 6.946829
 9.530874
 9.676689
 9.262877
10.559948
 9.911840
13.436736
13.650685
13.099393
12.169148
13.092704
13.036323
11.567523
12.435094
13.416631
13.341064
13.400456
13.600432
13.870921
14.319211
14.192336
14.596172
16.086669
16.799088
15.468582
14.531541
14.212451
13.918986
12.999405
13.411252
12.741709
18.639821
19.327721
19.361730
17.404169
19.766463
15.349768
15.841374
15.398981
14.715930
15.707370
16.139852
17.505901
16.357998
15.978464
17.011469
15.940101
16.378628
17.197498
15.588883
18.093365
17.043049
16.066955
16.075439
13.888800
14.021701
14.405219
13.534608
14.035857
13.300262
12.285916
12.783120
15.983040
16.015972
15.735664
15.861458
14.752898
15.401633
13.914892
13.658721
12.350157
13.106375
14.891150
12.769594
11.932691
13.633690
14.334390
15.860927
14.072122
13.995386
13.758091
15.492802
16.020272
16.690800
15.270685
15.913915
16.369417
16.399494
16.594732
16.753848
15.536410
17.217114
15.809764
16.397344
18.231833
17.773329
18.504313
18.602045
18.918180
20.621277
14.088583
15.630460
15.246831
13.650384
14.262710
13.805478
15.133466
15.196965
14.612488
14.323266
16.483232
16.178350
14.980473
14.810791
13.890441
13.701977
14.173780
16.866502
17.712660
16.855780
22.052521
22.712128
24.305237
22.130198
23.476853
24.073894
19.110300
14.161791
15.392973
14.989185
14.622012
15.099524
13.844777
14.964515
14.484498
11.800386
12.036742
12.103609
11.918218
13.084643
12.735566
12.017565
14.193064
13.314850
13.525537
13.642739
12.777151
11.590970
12.671128
12.120690
11.497556
11.872162
12.622292
11.834753
11.929586
12.214628
13.219424
13.549551
14.351515
13.099536
14.118789
13.103111
12.714875
12.373360
11.489510
11.801917
12.230771
12.236762
11.683858
12.023029
12.594093
13.406378
12.459311
12.336619
13.356069
13.819288
13.732103
13.990228
12.563657
13.408506
13.756959
13.939866
13.299707
12.970364
13.311258
14.030213
15.091919
14.620899
14.669693
13.427822
14.297462
13.044787
12.175238
13.578088
12.504951
12.554128
12.002858
12.307023
12.437021
12.170424
12.186151
12.609696
12.166911
12.930717
13.358374
13.073170
12.681352
12.062763
14.178140
14.752764
15.125926
15.226608
14.157847
15.197384
15.117078
13.990909
14.747803
15.465206
15.757287
15.824143
16.625600
16.139377
15.651995
15.432548
15.302008
12.971773
11.497644
11.431003
11.443556
11.592231
11.888883
12.053568
12.220048
12.060622
11.921505
11.899929
11.934775
11.822994
12.793865
11.911208
11.435351
12.162745
12.390223
12.464489
12.939856
12.298441
10.753415
10.951369
11.281315
11.199618
14.237535
13.943429
13.779700
14.215366
13.561878
13.825837
13.825117
14.093431
11.770533
12.177569
13.567009
13.460168
13.089566
13.750841
12.997119
13.059674
12.020604
11.692400
12.490924
12.206679
10.966587
10.889108
11.075423
 9.693357
15.871877
16.270362
16.439458
15.289386
15.385505
15.131104
15.461615
14.229499
14.389513
15.511654
13.221344
 9.979739
 9.801125
 9.257028
10.146323
 9.807112
11.873142
10.435049
11.009561
10.517966
10.789491
11.119785
10.920246
19.857975
22.774069
20.533657
20.405367
20.488071
10.962415
12.649481
12.913609
11.533141
12.436426
12.017494
12.549951
11.986289
12.423062
12.289010
12.462058
11.787028
11.871377
11.093996
12.021418
11.650163
11.604646
11.527321
11.710020
10.771044
10.680291
11.236943
10.789170
10.286488
 9.765581
10.372738
10.297960
10.828655
10.420911
12.919791
12.970222
12.571615
12.002252
13.376051
14.201244
13.675616
12.162995
13.492679
13.252319
13.100392
12.620517
13.162758
15.325478
14.468542
13.103960
13.914216
13.285022
13.588643
16.896455
16.299606
17.339467
15.411992
14.946908
15.654017
15.492440
15.338780
15.481826
14.464285
13.841765
13.160548
13.694739
14.601915
15.891144
16.212522
14.758212
12.712970
11.698124
10.711211
10.923153
11.463533
12.172833
10.369231
11.137688
12.080869
12.352607
13.387918
13.123761
12.598807
13.636654
12.554478
12.772855
12.280663
11.412154
12.061973
12.195878
13.313256
12.992905
12.312496
11.816777
15.662971
14.194052
14.734085
15.110146
14.517557
14.477486
14.764927
14.836461
13.882085
15.296523
14.543747
14.527605
15.288874
14.979839
14.640613
15.219799
15.770073
14.861796
15.160938
14.635242
16.171968
15.480862
14.942643
15.787042
14.646769
13.370714
13.302852
11.515287
12.414227
13.498520
12.370844
13.204617
 9.179506
 8.477269
 8.669699
 8.649337
 8.326343
 8.984137
 8.710220
 9.069012
 8.686830
 8.738983
 9.104043
 8.642228
 8.816877
 9.500911
 8.737627
 8.857213
 9.280594
10.227415
10.413223
 9.635903
10.101472
 9.834281
 8.746687
 8.460521
 9.394044
 8.647061
 8.834107
 7.951755
 9.079342
 9.170667
 9.265386
 9.306991
 9.527161
 9.271706
 9.121862
 8.681730
10.703479
10.519042
10.465781
10.474707
10.547967
 9.464865
 9.675570
10.252272
10.748621
 9.752676
 9.960072
 9.291911
10.419736
 8.959662
 8.453910
 9.358900
 8.989426
 9.021044
 9.097626
10.564968
 9.432500
10.114923
 9.113902
 9.879877
 9.567407
 9.581824
 9.399733
 9.323293
 9.213371
 9.456151
 9.059535
 9.946363
 9.492219
 9.420729
 9.430799
 9.279891
 9.334782
 9.550045
 9.712157
 8.860745
 8.818932
 8.770837
 9.484648
13.468032
13.758313
14.169497
13.693586
10.854037
12.038845
11.494816
10.734923
10.649652
11.123157
11.506591
10.969621
11.128439
11.355844
11.578730
12.167770
11.847888
 9.801349
10.381450
10.330972
10.726958
 9.593980
11.125109
11.300775
11.476294
10.723916
12.560572
12.042484
11.621754
11.927016
16.633380
17.022702
17.270584
19.953395
15.254357
18.074864
16.726044
17.376690
16.913231
17.458152
18.934664
18.053653
17.623782
17.703045
11.987662
12.286162
11.983453
12.893188
12.276326
12.683005
14.332676
14.378206
13.547984
12.153666
12.472425
12.330178
11.604335
12.137016
12.236549
12.172724
13.086277
13.062315
11.033288
10.942446
 9.769946
10.371710
10.520544
10.115030
11.321527
10.256376
 9.793518
10.121357
 9.960230
 9.306350
10.128038
 9.218089
 9.287030
 8.863160
 9.673899
 8.692199
 9.267121
 9.552431
 9.353191
10.337200
10.350604
10.456463
10.507563
10.192182
15.813671
17.034531
17.880484
17.914758
17.478914
18.577076
18.366759
19.189897
18.241283
18.104583
17.441462
16.384879
17.142917
18.375576
17.073977
16.207683
17.474124
15.797097
16.687248
16.303847
16.961522
16.606268
16.285061
17.733544
17.478496
18.115986
13.861814
13.517689
15.497694
14.265731
15.375257
14.354748
14.790519
13.225431
15.871285
13.701346
14.857469
14.173002
14.729250
15.440937
16.099277
15.401349
14.490279
13.791932
16.123137
17.056343
19.833041
20.226929
20.792963
21.090279
21.447591
19.658197
18.181693
19.090838
17.464326
17.470430
17.916522
16.905886
17.170441
16.950116
17.820050
16.879116
16.175923
16.504435
17.926793
15.049109
15.953586
16.129697
15.583539
15.038117
17.256699
15.999826
16.781543
15.202289
15.195338
16.547623
15.581753
15.390317
11.420245
11.928077
10.524382
12.816592
12.057674
12.093824
12.136118
11.665310
10.675880
11.408080
11.671731
11.551373
10.534676
11.322466
10.657924
10.583053
12.019860
12.201855
11.637566
11.828250
11.181099
12.726716
13.734560
17.662170
15.565722
13.942547
14.639827
14.222159
14.012135
14.326779
14.268037
14.652782
14.751597
15.044589
15.356514
15.574763
13.667593
15.927796
15.678603
14.304582
15.900647
13.380292
12.899015
14.314048
13.443540
14.008997
11.951954
13.648496
12.140473
12.960520
12.928820
12.833166
14.104254
13.014930
14.194881
11.399575
12.850310
12.438288
11.425880
11.927639
12.655133
10.493332
10.253107
 9.812266
 9.365263
 9.895436
10.045294
11.123228
12.073136
12.032325
12.813381
11.722878
11.279766
11.496313
11.748442
11.696244
11.827313
10.863795
12.013758
10.231387
10.759469
11.578849
11.692029
12.272928
11.342903
11.210368
11.061865
11.849544
11.653733
11.191560
11.511143
10.148906
11.309811
10.422799
11.208109
10.905853
11.205203
11.415774
11.981418
11.553242
11.431257
11.355223
11.403362
11.292750
26.408262
26.817491
18.599523
18.291612
17.774902
18.089839
18.078129
19.673521
22.174157
19.298883
22.447242
21.157008
20.086693
19.317451
18.111706
17.756472
19.260698
19.650382
18.644110
17.943002
23.713773
24.435765
24.052406
23.623948
24.022615
23.077255
13.646692
14.288010
13.357052
13.041108
13.942289
13.903669
13.466548
13.323579
13.036526
13.391074
12.776229
13.181102
12.592523
12.321348
10.607671
10.758933
10.335461
10.326655
12.033818
11.994724
11.835728
11.606259
12.278370
11.601206
11.897741
13.748871
14.813596
13.414612
14.067401
13.495386
14.207557
13.807377
13.961009
13.825556
13.026746
12.201149
12.543907
13.696441
14.069952
13.411904
13.177429
10.362225
 9.830613
 9.686516
10.019680
 9.568967
10.101120
10.600524
 9.946593
11.058435
10.391398
10.837114
10.943921
11.574173
12.399813
12.673054
12.895112
11.649776
11.582110
12.038166
11.053184
11.714300
11.419867
11.055983
11.584758
11.264031
13.375682
12.752147
12.528761
15.621268
14.469403
14.713275
16.060407
13.911489
13.614541
13.711556
13.963121
13.453279
13.522144
14.497843
13.508856
13.951357
15.527230
17.307077
14.698644
13.368321
13.838708
12.247664
13.516617
14.177521
14.401558
13.209121
13.059904
12.880023
15.309040
14.436494
14.008689
12.936718
13.559652
15.003112
13.756309
13.802492
12.202593
12.683733
12.985022
12.980822
12.441591
12.522662
13.858160
12.068417
11.878123
12.396133
13.615706
13.018608
13.545582
14.125643
14.131778
14.246109
13.864783
14.479312
12.731280
13.791125
13.262657
14.305876
14.200072
14.376671
14.514280
14.617835
13.828027
13.804241
13.084519
13.294355
12.757722
13.185625
12.951930
14.021915
14.328883
13.641060
12.385763
13.824537
13.549093
14.623343
13.846647
14.418673
15.159465
14.917283
11.668481
12.128385
11.070159
11.568381
11.626712
11.930302
11.524604
12.509049
12.662162
 9.373049
 9.499227
17.651820
17.839021
18.840590
19.417058
18.189791
16.892407
16.827374
14.258430
13.960598
14.909064
13.571791
12.909609
15.491672
14.588784
14.110566
13.011323
13.703839
14.281079
12.661478
12.836424
13.374999
13.408333
13.261099
12.846155
22.061868
22.574369
21.830133
21.783558
19.982752
24.087993
20.079890
21.519190
22.264116
21.328251
21.719108
21.780020
20.235937
20.886177
20.451770
19.597231
19.970253
19.891350
20.710948
19.798666
18.451234
19.393772
17.786285
19.324864
19.307726
20.147493
19.423238
19.534618
19.637839
21.539295
21.591641
20.223562
22.949223
21.373117
21.260277
22.380415
24.705104
23.722258
22.763568
23.362831
23.493661
22.192145
23.846394
22.437593
22.415170
24.908319
22.204710
15.135144
15.752049
16.921524
17.289900
16.977373
16.446082
16.957378
15.229474
15.881490
18.047135
15.595743
17.586569
17.347911
20.345573
18.915021
21.233394
20.500385
19.189549
17.230852
18.215146
19.622665
18.136009
18.867985
19.538178
17.936191
22.863180
22.874630
21.242292
21.480886
22.407216
21.169651
22.061120
20.500180
20.977741
21.019422
22.413712
22.875911
20.678590
21.934148
21.681276
18.420524
16.995835
18.708190
21.916747
21.240772
20.859694
21.639338
20.433281
21.412471
21.534907
19.932692
20.684329
20.090205
19.215218
18.741138
18.581695
19.587499
18.718364
18.203188
20.991263
21.278571
20.426067
17.406806
18.220807
15.316250
16.320378
16.640249
16.274875
15.803326
14.913425
17.136517
16.488345
17.768500
15.781882
15.919658
16.743141
17.348234
18.472949
16.051252
17.175894
16.373984
16.262207
17.815207
16.363784
21.787532
20.400414
20.821273
21.964669
20.887030
22.244532
20.889372
21.719753
22.558718
22.306492
22.756471
22.081255
15.063858
15.861128
14.653425
14.085073
13.496212
13.754245
14.253380
13.875648
14.432446
14.616085
13.431347
14.000088
14.467675
14.133398
13.252369
12.799051
13.364321
13.607510
18.233323
18.031618
18.595069
18.151099
18.459784
16.664118
17.421508
17.442145
17.075967
18.016217
17.037163
17.274498
17.541976
17.509576
17.858875
17.672013
19.502154
17.927458
18.303162
16.648879
17.757342
18.612016
19.170462
17.882014
18.417786
19.575930
17.261962
17.565933
19.382026
19.530332
19.547342
18.715105
20.102845
19.322393
18.271151
18.895725
20.008863
16.869101
18.072371
14.595464
15.462483
15.394789
14.524715
14.845430
15.518288
15.657354
14.190667
16.281469
14.274986
15.837289
15.718492
14.699020
15.208851
15.391857
15.136982
15.578891
14.922917
15.161512
14.422284
14.292435
15.518584
14.894078
17.105115
17.956933
17.539956
17.939638
17.537848
17.931870
17.079454
17.466775
19.651794
20.861533
20.296998
22.534297
19.296051
19.876307
19.404511
20.261175
19.599936
20.440916
19.291188
19.961126
21.505983
19.368402
18.953833
18.157062
18.727524
19.036593
17.962573
17.765633
18.503834
18.773797
20.053845
18.732973
19.376355
19.032586
18.379149
19.608901
18.291615
19.592436
20.595444
18.754587
18.480847
19.894776
20.638242
18.557257
16.383593
18.968355
17.859691
19.554773
10.692350
10.979653
10.726612
11.180820
10.897563
12.017141
10.863654
11.607743
10.831539
10.714841
11.257437
10.511089
11.436265
 9.342225
10.441247
12.482017
11.363836
10.998067
10.806675
11.156494
10.645468
11.200287
 9.988025
11.166372
11.420582
10.074966
10.752269
10.755293
10.370819
10.388182
 9.978524
10.068714
11.070412
11.001766
11.125382
10.020595
10.702255
10.520663
10.427089
10.398513
10.335462
10.408786
10.809952
10.398580
12.306805
13.439518
13.301502
12.751253
12.456462
10.949945
11.759880
11.560757
11.206135
11.498681
12.568920
12.962323
12.385346
12.697544
11.841482
12.138916
12.039265
12.207760
11.759434
11.572071
11.758591
11.339939
11.074865
10.403507
12.010383
12.078640
12.006474
11.583207
11.068661
11.922860
10.261989
11.617922
11.803036
12.669666
11.485224
11.122756
11.107178
10.418718
10.561356
10.233334
11.851619
10.536705
11.627604
11.843289
12.464877
11.834238
10.178815
10.801384
10.936035
10.824417
11.284428
12.171143
12.642953
12.200058
11.932318
11.966248
11.845350
12.156415
13.064255
12.109617
12.360431
11.696088
12.604110
13.502341
13.711328
12.938573
12.335354
14.238401
12.454030
11.494741
12.096406
11.734617
11.600763
11.497977
11.140443
11.681168
11.160178
11.121872
10.520718
 8.080926
 8.151597
 8.577506
 8.149019
 8.166649
 8.003057
 7.998621
10.528993
11.130844
12.142688
11.379327
12.108311
12.643795
12.495994
11.563780
10.902512
10.982414
10.387275
11.100721
11.010486
11.187615
10.550060
12.000543
10.982084
10.379254
11.839088
11.289696
11.997269
12.893458
11.655105
11.665521
11.891615
12.109621
11.982478
11.532915
10.200341
10.193060
 9.850222
10.899564
10.909138
 9.623232
 9.650667
10.254157
 9.360359
 9.933577
 9.780366
 9.511909
 9.617117
 9.432928
13.045904
13.026463
13.295231
12.915575
12.506072
12.656895
11.433990
13.384635
12.079477
12.816486
13.231682
11.829523
12.796354
12.792753
10.403781
10.524772
12.391221
12.111737
11.570001
12.063621
11.597586
12.327991
11.875688
12.047480
13.001846
12.545560
12.276393
13.404960
 9.813352
 9.437524
10.250476
10.096366
11.603467
12.451881
11.604454
12.464720
12.811137
12.032649
12.481679
 9.755852
10.071572
12.198101
12.098468
12.433859
 9.005761
 9.791932
10.429501
10.615738
10.665731
11.094983
11.122063
11.310003
11.516824
10.863153
11.740079
10.990539
11.464659
10.418480
10.068731
 9.868652
 9.778176
10.830090
11.138664
12.166895
11.843604
12.525695
12.276455
12.954338
13.781077
13.968468
13.004507
14.502012
15.176697
15.164095
13.352677
12.900358
12.690469
13.365922
13.137776
13.511128
12.610649
12.913392
12.881212
12.447386
11.773618
12.250273
13.071061
14.144483
13.007710
13.734139
13.986018
14.080570
12.322479
13.183063
11.808201
12.817051
13.576193
13.018012
13.107740
13.792107
12.757607
13.358215
13.291781
13.236175
11.333825
12.502526
12.099030
12.188307
13.664660
12.799274
12.852279
13.780635
12.875463
13.399285
13.660033
12.711715
13.351733
14.366252
13.593896
13.627490
14.025331
14.742564
15.268143
14.646219
15.635660
14.170093
13.810808
14.696700
14.787193
14.983858
15.362559
14.376988
12.801746
12.599984
13.611903
13.789013
10.498967
10.534735
10.534594
12.772123
12.960960
13.008293
13.080496
15.098411
13.928914
11.611292
11.680569
11.897228
12.254743
11.851501
11.574258
11.965287
11.577595
11.420201
10.949795
12.392907
12.468916
11.586007
12.614683
12.171972
12.000201
12.770470
12.602017
12.235506
13.312474
13.708839
13.260776
12.947086
13.117761
11.517942
11.338563
11.363701
11.383068
11.664876
11.359280
11.847314
11.104064
12.069177
13.113720
12.704148
13.455014
13.013968
12.981029
12.111124
11.929948
12.241882
12.461107
12.318349
 8.403812
 8.470762
 7.790555
 7.664197
 8.192149
 7.380866
 7.926419
 9.025970
10.270839
 9.542118
 9.371592
 9.571509
 8.968634
 8.803352
 9.368385
 8.896455
10.017981
 9.821524
10.070320
10.474652
11.583184
10.873772
11.406608
11.100464
11.361068
13.950821
12.885228
13.616257
14.758207
14.066047
12.877390
13.623872
13.518410
10.080703
10.962320
 9.979240
10.689574
 9.547566
10.496815
 8.577916
 8.843079
 9.201873
 8.786898
 8.926864
 9.018399
10.000032
10.281025
 9.731418
 9.391045
 9.523165
 9.348618
10.026765
 9.657078
10.441609
 9.993793
 9.173960
10.499411
10.661132
10.828795
10.292923
10.492547
10.445499
12.507574
12.756427
14.363348
11.782794
11.353351
11.877656
11.561316
11.108391
10.858434
11.158247
12.145502
11.272833
11.420641
11.999449
11.680418
11.461629
11.366843
10.224711
11.649212
10.733191
12.136559
12.434515
12.359379
13.657905
12.317085
12.510194
11.868772
11.384615
12.289693
11.740205
11.092403
11.354837
10.793231
11.877741
14.242305
11.814445
11.808965
11.357297
12.172974
11.178657
11.420065
16.791371
16.308946
18.178304
17.617175
14.610734
14.889098
13.416934
14.805352
14.360803
14.059264
14.335441
16.728066
16.788858
16.113022
12.517997
12.766892
14.596370
14.304676
14.070442
14.666809
14.294690
14.357354
14.814570
14.292239
13.384177
13.651630
12.989645
12.636362
13.900032
13.249955
14.480525
13.734754
14.705879
13.754879
14.252530
15.235582
15.893130
15.878065
15.135642
16.072883
15.448021
14.148279
14.584630
15.979776
15.827066
15.899209
15.661150
17.037867
15.204709
16.310587
15.129451
15.328361
17.986076
17.705019
17.883633
18.149290
18.917295
18.905384
19.573466
18.130260
18.010198
18.895549
17.939269
19.055116
18.689150
18.707997
18.928850
17.931845
20.150775
22.692343
21.016195
22.185291
20.922673
20.720906
18.343915
18.416063
19.016998
17.630680
17.824411
17.891365
19.343769
17.034204
16.862544
16.111416
17.644001
16.714435
16.434033
15.393380
15.274950
15.897458
15.283640
16.975628
15.887892
14.860989
17.110870
17.509780
17.616494
15.053186
13.587603
14.711683
15.809462
13.766101
15.579029
14.418025
15.159902
15.094513
15.961966
15.543294
16.616642
15.848976
13.990560
16.042176
16.100897
18.093826
17.687937
18.111533
17.291329
 8.149634
 7.388507
 8.191275
 7.802757
 7.738243
 7.655351
 7.069815
 7.805520
 7.691024
 7.389159
 7.518136
 7.345305
 6.498405
 6.707826
 6.306504
 6.778238
 6.283301
 6.593508
 6.745492
 6.824696
 6.714306
 6.394771
 6.189547
 5.977745
 6.491049
 6.459159
 6.567280
 6.878860
10.029143
 9.996135
10.158050
10.413673
 9.821842
10.394398
10.236032
 9.704373
10.388017
10.518188
10.377404
10.966314
10.179198
 9.919103
 7.773901
 8.092277
 8.266099
 7.208663
 7.349861
 8.279103
 8.338614
 8.080417
 8.705600
10.258412
 9.300508
 9.392813
12.340007
12.319806
11.858547
17.474855
16.754980
18.231027
11.817547
14.818008
15.094191
13.678086
13.659665
13.307011
13.412563
13.071610
12.487315
13.288093
13.801635
12.517081
13.814340
12.623153
13.443927
14.592436
13.128854
13.777702
14.717932
14.425209
13.930302
14.373622
15.870179
16.774608
17.863506
17.370430
16.325389
15.752627
15.841349
15.072766
17.270787
16.692765
17.472945
17.272706
16.745528
17.782061
16.647066
16.343197
15.677840
15.908096
15.247300
15.602599
17.234333
19.129039
16.959234
11.607613
11.328730
11.382084
11.729518
11.728195
11.374582
11.927144
11.598180
11.504949
12.039639
11.552803
11.209374
13.872518
12.852452
13.358068
13.291886
12.164204
13.755395
12.057035
12.623892
11.075047
10.580427
11.237388
11.962357
11.695530
11.819349
12.135087
11.811779
11.395559
11.794739
12.533796
17.961637
18.181091
18.236483
17.908580
18.574595
17.853270
18.001444
17.658150
16.834749
18.488817
17.044615
18.433257
16.089901
18.095228
15.157433
16.804046
15.350095
14.182824
13.771454
17.145442
16.242348
15.888595
18.079172
16.883331
15.806064
17.208580
16.303978
15.704046
16.287420
16.761041
15.721003
16.171036
16.094367
15.768070
14.302123
14.092252
15.183619
13.967574
14.806319
14.109896
13.972837
12.485771
12.107528
13.346623
13.591811
14.151905
20.987482
22.123082
22.149282
21.723582
21.519555
18.233847
17.505952
18.223973
18.612104
19.153737
17.523421
18.987580
18.655077
 8.266224
 8.268868
 7.980574
 8.005232
 8.965233
 8.525365
 8.329897
 8.501041
 8.117109
 9.635469
 9.362192
 8.897846
 8.700993
 8.644952
 8.478991
 8.337914
 9.665169
 9.523003
10.389160
 9.828754
10.397826
10.322768
 9.722099
 9.338277
 8.935558
 8.710276
 9.759247
 9.274213
 9.234440
 9.911019
10.568736
10.238416
10.161243
10.529186
10.732759
11.975746
11.186419
11.765333
11.166979
10.898646
11.205055
11.236971
10.479547
10.487422
15.171395
14.205730
14.623672
14.906022
15.454360
15.006142
15.990721
14.431570
14.363747
14.390726
14.188640
14.031449
13.261999
12.845234
15.919763
15.183968
16.763237
15.757871
16.510152
15.670681
21.394456
21.489396
20.894578
21.339628
21.262066
21.436698
22.888066
23.007647
21.054261
12.507184
12.631812
12.868840
13.094047
14.762908
 9.762121
11.213842
10.894834
10.361749
10.285624
10.456923
10.814343
11.406263
11.947368
11.760122
10.123374
10.374465
12.673712
12.244140
12.512896
11.887209
10.996328
11.674297
12.023458
12.359806
11.642692
11.864788
12.797687
12.552461
13.158738
11.917427
12.037060
11.668591
11.569148
12.068998
11.545387
11.919380
11.436493
10.520884
10.603746
10.686749
11.255759
10.937177
11.181258
10.400597
12.374870
12.363101
11.310440
12.057644
11.763029
11.917314
11.307241
11.068242
15.892206
15.400809
14.003232
13.712458
11.627270
12.585305
14.884162
14.453473
15.165744
13.951654
14.867300
15.046025
14.565047
15.453138
14.312435
16.112252
16.084589
14.522410
16.034679
14.473112
10.065405
 9.997870
 9.942661
10.173814
 9.389926
 9.779238
 9.459970
10.263043
10.684804
 9.873890
10.051181
 9.997123
 9.719538
 9.998758
 9.208413
10.328443
 9.880177
 9.033735
 9.829903
 9.062689
 9.101317
 9.149709
 9.790924
 9.342184
 9.681919
10.465327
10.324741
 9.788335
10.349904
15.701935
16.382398
15.657582
16.207441
16.307350
16.953216
16.168031
16.006542
15.812356
20.226865
19.189618
20.443813
19.866161
20.240089
18.633152
21.318294
19.175692
16.099482
17.400091
16.306998
18.168206
16.779502
18.254473
17.402558
17.031095
12.906640
13.315767
13.385026
13.609822
13.370395
16.395593
16.616694
16.576418
16.324183
16.116226
20.383815
21.134367
21.784327
21.607255
21.850768
20.641167
21.270969
12.914247
12.070698
12.845801
12.858453
13.126806
13.769976
12.935317
11.353771
11.801751
11.618520
11.772040
11.733217
13.290719
12.063527
11.593166
12.608966
14.816112
14.545039
14.114856
13.208802
13.697237
14.582909
14.541381
14.862726
14.029626
15.948390
14.033660
14.565550
14.549129
15.161776
13.077818
11.052168
11.950039
11.698036
11.399854
12.086351
11.779383
12.113254
12.221673
11.179335
12.082658
12.178298
12.940432
11.501091
11.938365
11.950054
11.661273
13.165592
13.298517
12.543244
13.024678
12.311352
12.350673
13.046087
13.554510
13.330551
12.686699
12.544136
13.130369
11.580148
11.674570
10.885548
20.694202
20.974631
20.515109
20.429921
20.485320
21.629379
20.489587
19.810933
21.201852
22.070808
17.518289
17.666741
16.542654
18.261077
17.160353
18.005184
18.904478
19.825624
20.831978
17.267435
17.706029
17.960090
18.325726
18.031051
17.926706
20.111606
20.026491
17.873934
19.553663
17.148982
18.428537
18.157779
18.314815
18.171520
18.919178
19.399286
15.991792
16.818617
17.756381
17.087782
17.860890
16.567634
17.431329
19.272492
17.893334
18.049740
18.527447
19.031374
15.921618
15.228268
16.051036
15.846541
14.961848
17.326733
15.730225
17.094506
16.818828
16.694791
16.649702
16.762627
12.279414
11.418698
11.235387
12.734413
12.163352
11.649534
12.160642
12.028334
15.574464
16.114807
16.821163
15.464260
16.178003
16.694723
16.409357
16.329445
15.963042
16.593136
16.974923
16.500540
14.847473
16.456452
15.226047
16.807261
17.653529
15.124638
15.430502
15.842020
16.131021
16.202728
16.543694
15.570972
17.884350
17.004817
16.699122
16.734054
17.318970
17.468331
17.176774
15.576255
16.464017
15.961552
15.859313
17.163432
15.829270
16.769803
15.501599
16.124774
15.512119
15.867137
16.777676
16.479138
17.566610
17.127186
14.565000
14.807275
15.462847
15.692019
15.289729
16.353797
15.946759
21.152721
21.420499
18.848850
20.724200
19.601611
18.696542
19.653128
20.451071
18.907878
19.440216
14.922063
15.057219
14.889443
15.936231
15.241707
16.717604
15.327671
16.661481
16.282936
17.066199
16.662409
15.851202
14.996765
15.598687
14.501987
14.509230
15.155890
13.871037
14.700774
14.415754
17.321464
17.954210
16.578693
15.654884
17.518882
16.286564
15.722094
15.678010
18.863579
17.323590
17.596724
18.158673
16.864226
17.424131
16.811585
16.134384
 7.442497
 8.102355
 7.370447
 7.610174
 8.395646
 9.844960
 9.056787
10.029542
 9.027682
10.009531
 8.686511
10.111526
 9.879279
 9.599936
 9.019113
 8.910502
 9.094344
 9.846229
 9.578511
 8.264377
 8.601620
 8.383052
 8.873652
 9.138648
10.554226
10.904729
 9.002747
 9.263844
 9.788475
13.033674
14.255015
 9.094857
 8.728777
14.591904
14.056457
13.660716
14.058748
13.837458
14.079074
13.953734
12.735102
13.087583
13.831921
13.506241
13.790994
14.110406
13.750916
14.105025
14.746296
13.589362
12.070512
12.251777
12.449928
12.362284
13.930687
12.191091
16.237190
15.175913
15.835517
16.009632
15.140713
15.423922
16.686821
14.883967
15.169449
15.209683
15.651984
15.295982
16.204010
16.910963
16.567974
16.251702
15.317471
16.894847
12.799470
12.983264
14.496477
14.660455
13.610541
13.728005
14.223300
16.527047
15.406145
17.410116
15.648053
16.340405
16.073982
14.008456
14.974636
15.372974
14.175844
14.661369
15.764255
16.956091
16.695424
15.666018
16.122942
14.979006
15.848979
17.856020
16.267379
16.992378
16.186677
17.123282
17.772832
15.293468
13.620149
13.581881
14.425122
16.004153
15.704416
16.541606
15.722002
16.969989
19.419325
16.307947
17.111864
19.055765
20.745324
20.957064
20.973446
19.451214
20.728040
20.675926
20.025698
20.107473
17.814532
16.835795
17.653242
18.137733
17.272730
15.616773
16.701488
16.988093
16.436878
16.515447
16.019303
16.270227
16.401327
16.676529
16.660168
13.990195
15.128643
14.739024
14.520680
19.675600
18.414673
18.356119
17.376115
18.280002
18.737751
18.263806
19.440663
19.620850
19.764151
18.608023
18.423097
18.135310
17.568497
17.743797
17.635452
17.440694
16.258804
16.078151
14.770993
15.493467
15.783096
15.279508
14.693463
14.333059
12.570150
13.678652
13.416095
13.011750
13.800120
12.573416
11.053373
12.478841
12.769304
16.629065
14.930011
15.860408
15.408149
16.289662
15.693169
17.230179
16.420007
15.603200
15.953788
15.942372
13.966819
13.857543
15.283385
14.785779
14.667289
15.175201
15.116160
15.783906
14.754980
15.576472
15.045511
16.986913
15.374094
17.474481
20.922583
20.615772
20.541435
19.996173
20.386935
20.433832
19.887108
18.482789
20.489368
19.061729
19.782324
18.053748
18.108244
19.089987
18.639430
23.291545
13.688027
14.136474
14.243714
13.838606
14.638206
13.588638
13.317366
13.121834
14.008215
13.427203
15.622893
14.786847
15.508239
15.501554
15.728587
14.596993
14.642825
15.080140
15.367277
13.702461
14.727950
12.709550
14.016117
12.729711
13.901229
11.543578
12.460929
12.826986
12.049493
12.388899
12.841586
12.482041
12.652794
12.334263
13.667338
14.468918
14.075925
13.451938
15.485672
14.711185
13.345370
18.023695
16.861386
15.793911
15.946226
15.658403
15.420553
15.220239
16.439986
15.077731
15.416633
15.258214
15.923168
14.718908
16.595576
15.482932
15.717742
16.350323
14.722914
15.356964
14.662469
14.255680
13.905159
15.306479
12.558489
12.806577
12.295777
12.425451
13.130715
12.528136
13.503772
11.550196
11.947175
12.819955
13.164692
13.407316
14.038262
14.379166
13.214450
12.976547
11.662289
13.240655
13.891553
13.340665
11.581740
13.466717
13.156872
13.169366
12.359211
13.219930
13.310402
12.858807
13.305011
12.625255
11.484003
10.551411
12.164903
13.128096
12.708747
12.094641
12.735206
11.933165
12.424649
12.685819
12.445209
11.841499
11.807631
11.318860
11.461664
11.576975
11.806779
11.240175
11.426926
11.241137
10.252972
10.743407
10.806485
11.183211
11.534765
11.832182
11.182361
11.406529
11.332839
16.543217
17.051868
12.962150
12.763404
12.011036
13.781026
13.341749
13.840393
13.059690
14.300319
13.859846
14.809417
14.104036
13.906686
15.230588
10.842191
10.296884
10.559070
11.133974
10.391673
10.797602
11.240082
11.138123
11.200808
11.126866
11.307490
11.086189
11.747938
11.721925
14.426170
13.846928
13.966129
14.184210
14.500463
11.663218
15.008023
13.557473
14.959404
13.898698
13.739198
11.894287
13.372733
13.529767
12.263918
11.243253
12.487661
12.099218
11.716454
13.481289
12.585733
16.944833
17.563469
18.159138
18.138645
16.835973
15.373408
15.501051
15.286076
15.516196
24.053175
24.021910
 8.052195
 8.006771
 8.207881
 8.219331
 8.547548
 8.609776
 8.417131
 8.805485
 8.681740
 8.385750
 8.858702
13.017334
14.149063
14.360742
13.310059
13.984316
14.106448
13.827195
14.579521
16.310317
16.544745
15.492635
15.863749
16.394182
15.610334
16.041198
17.253042
17.088105
16.327734
15.741206
16.048575
15.163601
13.316832
14.167060
14.564844
13.669196
15.338268
14.667672
15.100221
14.337333
14.443888
17.087506
17.117063
16.934447
17.575384
11.248394
11.036633
12.176778
10.797352
12.347287
12.005150
11.928458
11.650988
12.610036
11.765395
12.404593
12.106460
11.526710
10.723853
12.601364
11.729116
11.451455
11.973794
12.431282
12.457324
12.305674
12.197559
11.598385
11.422092
11.858208
12.603057
12.625679
13.406602
12.263187
13.226767
11.805531
12.271807
12.468696
12.548983
12.367088
12.809840
12.588179
10.711687
11.118527
10.982303
11.637893
11.891339
10.943133
12.071698
13.559584
13.511142
14.749340
13.641413
13.470449
12.387187
12.710086
12.774258
12.658104
12.555139
12.717163
12.755496
12.601054
13.225494
14.044027
11.317243
12.570953
10.539209
14.351126
14.098900
13.986609
13.615768
14.240262
13.312279
13.271000
 9.395436
 8.948705
 9.394619
 9.339940
 8.729160
 9.311243
 9.560148
 9.421331
13.435399
13.396805
12.830984
12.950863
12.647431
12.924846
12.415754
12.327656
12.288701
12.461648
12.241790
11.300564
11.806858
11.174220
11.275628
11.738719
10.959846
10.924021
11.472630
11.744922
11.197143
11.639593
12.019254
12.850209
11.815784
10.542967
11.370774
10.431551
10.338913
11.613347
11.715131
11.262606
11.354788
12.246011
11.957206
 9.595025
 9.959357
10.827188
13.317791
15.326934
15.154437
10.945160
10.289243
11.548448
10.830971
11.675341
 9.785958
10.102295
11.164897
10.680929
11.970222
11.478551
10.975360
11.285919
10.850670
10.207220
11.584191
11.237055
12.224872
11.815751
10.477319
10.683059
 9.661745
10.426759
10.936147
10.600974
11.052112
11.375276
11.564618
10.824950
10.635607
11.322477
11.083940
11.293021
11.882625
12.315808
11.046799
12.813423
12.162503
11.179094
11.815341
11.328738
11.076742
11.588951
11.644857
11.606541
13.514367
13.646440
13.649561
13.071659
14.053978
14.197174
11.177758
11.707893
11.056252
11.047347
11.246929
14.296336
14.528303
13.940973
15.470014
12.967487
13.591949
13.157268
12.944355
13.770862
13.021591
13.761575
13.303967
13.775421
14.079108
13.878062
14.272483
13.705903
14.439140
11.250665
10.700591
11.520153
11.549415
11.519703
10.650634
10.706572
11.913999
10.869775
10.037854
10.670646
10.431492
11.586856
11.511372
11.592847
10.561170
12.705232
12.662037
12.382448
 8.882333
 9.124891
 9.620933
 9.923719
 9.729684
 9.732488
 8.790215
 9.909886
 9.251878
10.905629
11.278435
10.354109
10.088788
11.125137
10.611954
10.302683
10.928060
11.245976
10.237122
10.673785
12.694359
10.991252
11.920219
11.358252
14.200835
15.014942
 8.364800
 8.138579
19.086948
17.265702
18.134772
17.477483
15.848009
16.143827
17.075759
16.226864
15.611334
16.783730
16.984021
16.644820
15.895626
16.944144
17.642595
16.999528
16.969566
20.695605
20.975048
20.611561
20.923306
20.732781
19.320471
17.967039
18.821140
18.795781
19.952200
17.275921
17.277102
19.226419
18.559852
18.917429
19.245863
18.410649
17.890068
18.979482
19.461629
18.081609
20.888558
22.052465
19.611491
17.975792
19.504020
19.359314
19.450681
17.722318
22.014918
21.555106
21.307037
21.303488
19.490258
21.748824
20.676494
20.667663
20.343915
20.419177
20.288009
19.802097
18.773127
17.094877
19.667056
17.931710
19.392576
20.199008
21.157862
21.002965
21.173175
21.086589
21.672846
21.765344
19.876173
20.742680
20.521725
21.759280
19.311440
20.093258
20.141778
17.477145
17.987756
18.785905
17.061828
15.937612
17.670877
18.855328
16.864620
17.877554
16.726990
17.058678
19.821261
20.575344
20.598322
19.282395
18.244435
21.146176
22.265546
19.422327
20.447107
20.669541
22.647551
21.744039
21.922800
20.920557
22.143201
21.287011
20.134935
19.425553
21.133269
19.308108
19.375497
20.694684
17.113113
20.051934
 8.581959
 8.481726
 9.904038
 9.415137
 9.151992
 8.329142
12.666055
13.069706
12.809885
13.185761
12.395330
12.731934
13.441372
15.121834
14.731474
10.160165
10.062103
10.470064
13.912832
13.778067
13.355012
13.339764
13.555257
10.273318
10.459111
10.263650
10.141542
10.956205
11.576696
10.785621
12.127098
12.016823
11.925331
11.770088
12.994321
13.497244
13.343794
13.586902
12.212747
13.034427
11.972944
11.760840
12.007903
12.287084
12.967838
12.547292
13.308804
10.432990
11.609179
12.568386
11.985868
12.275639
11.916145
12.249528
11.515957
11.643621
10.771202
10.596439
10.727855
10.932031
11.356356
10.839678
10.471283
11.363206
12.276675
12.261545
13.636808
12.629574
12.644659
13.235737
12.288513
12.395922
11.717132
10.889120
11.724360
10.130362
10.017611
 9.997923
10.543808
10.942318
11.535968
11.195198
10.506547
10.642267
10.694615
12.020115
11.332049
11.705771
12.010142
11.444537
 8.473849
 8.604717
10.270461
 9.750363
10.453147
10.369623
11.065993
10.633057
10.847747
10.707636
10.833753
10.422761
 9.766918
11.336340
10.884941
10.076008
 9.647713
 9.454950
 8.916198
 8.021371
 8.174882
 7.549485
 7.159479
 7.894741
 7.128240
 7.705284
 7.250083
 7.653901
 8.927596
 8.603397
 8.519464
 8.824072
 8.506275
 8.920798
 8.319988
 9.083630
 7.074551
 8.332529
 8.233304
 8.233021
 8.460244
 8.263823
 8.242980
 7.970573
 8.069133
 8.410041
 8.536366
 8.108005
 8.228840
 7.348607
 8.796244
 8.718180
 9.217121
 8.831113
 9.280116
 8.843384
 9.094604
 9.606582
 8.457674
 8.602869
 8.838901
 7.590243
 7.324793
 8.053257
13.265432
13.980016
13.360448
13.722232
12.649971
14.602877
13.730400
12.309219
11.949527
12.937450
12.796932
13.782748
13.157130
13.780375
14.656347
12.132866
10.884646
11.073061
 9.299167
 9.668261
 9.095219
 9.758946
 9.738605
10.623310
10.207168
10.514893
11.133657
10.303215
 9.741156
10.179048
 9.326910
 8.996522
 9.083853
 9.263297
 9.397322
 9.126356
 9.425129
 9.576450
 8.939683
 9.800381
11.567004
11.412137
11.343453
11.233207
11.233269
11.737389
12.292320
 8.862248
 9.522224
 8.941363
 9.467624
 9.532481
 9.240138
 8.641974
 9.691657
 8.323563
 8.660149
 8.173998
 9.075986
 8.869362
 9.573791
 8.827806
 8.769010
 8.294584
 9.004475
12.229280
12.217822
11.296505
12.895327
12.299985
12.595710
12.006507
12.858297
11.809912
11.633522
10.480472
10.274960
10.079581
 9.944260
11.158102
10.128585
11.278922
11.088348
11.228450
11.757962
11.016661
12.160159
11.590875
12.914083
12.573677
11.011841
12.202158
11.473740
12.102857
12.066984
11.155334
12.391201
11.208813
12.207076
12.020435
11.168887
11.246284
 9.850730
10.193709
 9.663540
 9.659504
 9.766717
 9.778311
 8.834012
 9.724649
 9.743239
 9.635429
 9.590811
10.908591
 9.604563
10.765752
11.054502
10.303557
10.467536
10.615432
10.343965
11.710031
11.020474
11.357987
10.949726
11.514628
11.042859
 9.785329
 9.621025
10.364544
10.360762
 9.824076
16.406167
14.061774
13.847139
13.845453
13.523681
14.028493
14.069067
13.835334
13.586316
13.568948
13.633650
13.356155
 9.454708
 9.373911
10.283416
12.673495
13.088032
13.214856
13.590876
 9.170470
 9.586316
 8.962990
 9.236574
 9.660111
 9.455659
 8.603017
10.064518
 9.316773
 9.640002
 8.991607
 9.959495
10.000028
 9.878600
 9.424395
 8.873778
 8.293898
 8.651403
 9.939214
 9.242027
 9.207797
 8.747307
 9.308815
 9.681286
 9.350033
 9.029119
11.030837
 9.771786
 8.943710
 9.655628
 8.333542
 8.363795
 9.251791
 8.596006
 8.386133
 7.727575
 7.883397
 8.020232
 9.936894
 9.270700
 9.883463
 9.814819
 9.356866
 9.302102
 8.524447
 9.650344
 8.645393
 9.050791
10.208019
10.468169
10.530716
10.472390
 9.997755
 9.571642
10.114336
 7.954517
 7.813083
 8.506876
 8.023528
10.626179
10.635980
10.612709
 9.989364
10.772810
 9.460185
10.255603
10.451355
 9.029909
10.038053
 9.033592
 9.961631
11.623612
10.980049
10.332458
11.183955
10.576812
10.768566
10.264218
 9.415758
 9.659493
 9.192981
 9.650940
 9.600022
10.129277
10.453883
10.368652
 9.075133
10.080491
 8.735666
 9.468552
 9.204358
 9.121314
 9.404478
 9.642272
 9.871463
 9.105485
10.276856
 9.246460
 9.335273
 9.223351
 8.645964
 9.532990
10.454816
10.303954
 8.940597
 8.820534
 8.690310
 9.550185
 9.171536
 9.460045
 9.812427
10.277405
10.078470
 9.144881
10.999176
10.357343
 8.927813
 8.884692
 8.542788
 8.166300
 8.706559
 8.852520
 9.143342
 9.603414
 8.588871
 8.793274
 8.975597
 8.687055
 9.545443
 9.102463
10.683438
10.115612
10.772249
 9.666969
 9.395154
10.609518
 8.831134
 9.301121
 9.088842
 9.034438
 9.536142
 8.695500
 9.130389
 8.991533
 8.424360
 8.531845
 8.488668
 8.541796
10.149999
 9.209561
 8.180446
 8.206194
 8.891611
 8.265355
 8.174758
 8.594741
20.680839
19.590444
21.070210
20.975645
21.042004
20.897018
17.705205
17.663309
17.429063
17.254679
16.933427
16.109508
18.306604
18.352793
20.342767
10.404436
11.381299
12.678276
12.835036
12.388870
11.257201
11.360684
18.877967
17.790309
17.187283
16.745406
16.828434
17.546343
10.951234
12.263233
11.673725
11.332196
11.991773
14.066017
14.380800
14.307906
13.776213
11.161405
13.080000
12.729220
13.036275
14.140592
14.451033
14.076571
13.728790
14.001742
14.270099
13.948763
13.634713
13.031533
13.458408
13.553576
13.862799
14.416866
14.099616
14.851824
14.943978
13.086555
14.260906
12.929558
13.920345
13.328339
12.574426
11.418692
10.615016
11.326751
11.616017
11.782411
11.708558
10.726723
11.778370
12.377228
13.510814
12.759745
13.219807
13.645525
12.440937
12.022451
12.738580
11.978510
12.418735
12.939781
13.011889
12.771181
13.347092
12.603556
12.336353
12.919938
12.841765
12.510216
12.453631
12.452062
11.184159
11.396612
12.142878
11.480093
12.377312
11.000204
12.120313
11.794711
11.692375
11.492385
10.688746
11.328665
12.091345
10.530700
11.511359
11.758258
13.374258
13.479608
12.137122
12.923100
12.103118
10.629859
11.672636
11.410092
11.446398
11.395545
11.799910
11.573571
12.072396
10.785225
11.283454
12.543837
20.275135
20.987787
19.933108
19.339616
16.935572
19.067142
18.932939
19.347166
19.436060
17.014168
20.014433
17.035994
17.231156
19.513279
18.345123
17.238446
17.238610
16.926707
15.862580
17.131059
17.508336
17.708906
17.910812
18.014667
18.083740
 9.737456
 9.621213
 9.045683
 9.524892
10.531906
10.960363
10.893029
11.173493
10.752337
15.102142
14.643008
14.838633
14.962832
14.688987
17.438445
16.005348
15.592484
14.136983
14.042482
13.067534
10.173245
10.876803
 9.686939
 9.504378
 9.623177
 9.404202
 9.399664
 9.887306
 9.712132
12.294339
12.244315
13.079669
13.560130
13.421840
12.653364
13.123542
12.662256
12.981784
11.741747
11.058507
11.031225
11.743633
11.950873
12.482921
11.454675
11.233723
12.874319
13.816652
12.655964
13.685402
13.098931
13.302477
13.987390
12.973827
12.517602
11.734837
13.982223
15.117231
15.626426
14.602550
12.572204
13.077967
12.476420
12.290343
12.856513
12.509659
12.368965
12.600141
12.889658
13.544021
13.004944
15.125449
14.787092
14.983065
14.479436
14.679282
11.806853
12.981106
11.956770
12.464726
11.058185
11.199695
11.131426
10.859718
11.830195
10.857936
11.596279
11.435991
11.537435
11.686283
10.630110
11.449018
11.826192
11.347444
 9.547762
 9.670290
 8.559729
 9.114592
 9.844235
 8.874664
 9.311095
 9.248937
 9.324363
10.007450
 9.461543
 9.100616
 8.972254
 9.563992
 9.241327
 9.224184
 9.343584
13.666913
14.793775
13.683531
13.952429
 8.827888
 8.610981
 9.947049
10.201984
 9.744058
 9.777012
10.957078
10.487886
 9.977111
11.242235
10.339985
10.061720
11.467861
10.778853
11.386108
11.007290
10.231991
10.510390
10.282103
 9.960886
11.065429
11.148703
11.154605
11.585020
11.163579
11.148975
11.135100
11.118085
11.616231
10.961251
11.537001
11.064991
10.350159
 9.706461
 9.893097
 9.847761
11.630200
10.577538
10.998668
10.620698
11.486497
10.812958
10.610425
11.276421
11.660266
10.575996
10.835553
10.930823
 7.794419
 8.140264
 8.322658
 7.965645
11.323904
11.146108
10.734174
11.464206
13.541191
12.844673
12.480149
11.807049
 9.873357
10.694793
10.545041
10.252605
10.110033
13.719610
12.939558
13.487002
12.163876
12.871782
12.847211
12.973508
13.034760
11.998469
13.288121
13.114102
14.581503
16.073402
15.122776
15.889987
13.676013
12.694521
13.272522
14.435443
13.642085
14.124042
13.597909
14.185164
14.328692
13.308695
13.888442
13.656987
14.224388
14.974215
12.079277
12.372009
11.775305
13.772288
14.138630
14.714194
13.928861
18.213391
16.508016
10.776280
11.019625
10.175365
11.213762
12.592077
12.153632
12.088517
11.228171
11.343597
10.191025
10.974268
13.800377
13.394278
13.014532
12.790844
14.011784
19.942308
19.936106
20.267911
21.089678
19.517954
16.298258
16.818639
15.908071
15.965370
15.391860
15.027147
15.877420
15.641123
15.653752
15.114385
14.317656
15.769385
17.472262
16.749536
17.876385
15.218273
16.523960
15.903255
17.638150
16.189388
16.345046
13.912147
13.783797
14.843066
13.515514
14.814674
13.968111
14.462469
14.259689
14.018347
14.276225
14.232523
13.801351
13.609443
14.704897
14.620419
13.294890
14.186038
13.740747
12.161926
13.424984
11.792815
12.333078
14.407202
13.399570
14.744807
13.793538
14.014624
14.067403
14.648704
13.122573
12.556222
13.617732
14.203686
12.568779
12.612379
12.793942
12.818536
14.017944
13.691270
13.603221
13.300849
12.645278
13.123551
14.273880
12.742151
14.755684
13.545267
13.718989
13.145416
14.046600
12.439530
13.502648
12.933640
13.344027
12.837758
13.284764
13.145716
12.642982
13.928337
13.641374
13.478468
13.274905
12.309773
12.832172
14.137257
15.083011
14.568917
13.518158
14.662113
15.058794
14.103172
15.057094
14.599063
14.581796
12.943574
14.564879
12.356337
14.256736
14.802195
14.319449
13.738462
13.981245
19.927742
20.126850
19.751701
19.849764
19.220544
17.151488
16.340040
17.079454
18.112189
19.697711
19.895523
19.689992
20.543677
19.752657
19.076035
18.658329
19.892868
18.531390
 9.464727
 8.806977
 9.126663
 9.001030
 9.005366
 9.532075
 8.505848
 9.184143
 8.810763
 8.892145
 9.044982
 9.209825
10.407918
10.092768
 9.381235
 9.016065
 7.102125
 8.211937
 7.769119
 7.848794
 7.767815
 8.208546
 9.271187
 8.746372
 9.834629
10.143851
10.334372
11.196551
10.680722
11.043394
11.350770
12.145808
11.703538
11.865126
10.413233
11.437378
10.845040
10.370002
10.836578
11.429782
11.271187
10.957404
11.022149
10.995057
10.952246
11.289602
10.534668
12.479912
11.950362
12.982983
12.459851
12.553642
12.048455
12.774334
12.477787
11.756533
12.321791
13.010724
10.203638
10.988340
 9.857826
 9.964072
11.692808
11.875119
11.077701
11.393855
11.721854
12.485847
13.596844
12.667446
12.788149
12.816512
16.329132
15.300901
15.551674
16.137344
16.745007
16.587801
16.535593
16.470932
16.844265
17.387718
17.516955
17.626958
18.719543
17.161333
17.351626
18.581560
19.276446
16.824772
18.760880
19.860896
17.863428
17.772807
15.898704
16.063243
16.346683
17.881362
16.521624
18.220672
17.703120
18.458740
16.582522
17.715635
18.196123
18.566043
17.944158
17.576040
19.221519
18.708337
20.136862
18.134104
17.255889
17.162197
15.153534
16.615353
16.021462
17.493676
16.586493
15.304310
17.157908
17.144104
17.071369
16.379506
17.800534
18.360195
17.504877
17.115613
12.823445
12.792631
13.947628
13.159087
14.957991
14.530869
13.627890
13.741010
14.255966
14.928037
15.796638
15.492394
15.813858
13.289166
11.108665
12.316247
11.994142
12.817877
12.158767
12.677210
10.473606
11.601111
11.816228
11.929388
12.472894
15.206715
14.949042
14.379098
15.290362
14.482315
15.403501
16.224148
14.470601
13.232786
13.938543
13.186606
12.622376
12.916408
13.466862
13.034531
10.948854
11.252204
11.180991
11.192018
11.426167
11.793432
11.697324
 8.525926
 8.200068
 7.926148
 8.335763
 8.874721
 7.705355
 8.570260
 9.606795
 8.886225
 9.242584
15.479948
15.491240
15.534458
15.911635
17.313349
16.751211
17.678192
15.533216
14.573142
14.155577
13.957883
14.169610
13.767774
13.531165
14.229364
14.348267
10.227777
 9.586324
 9.816887
 9.870734
10.070052
10.016233
10.613790
11.222689
11.044814
11.451931
10.505291
10.976638
 9.803056
 9.699513
10.057657
 9.439832
10.430255
 9.932882
10.488446
10.836815
10.221702
10.766656
10.206383
 9.918202
10.150418
11.045525
11.477691
11.144684
11.453244
10.714065
13.197431
12.501849
12.703321
 9.741004
10.575984
 9.599059
 9.838419
 9.647300
 9.928052
10.160057
10.448594
10.119784
 9.671053
 9.823820
 7.121147
 7.225788
 6.661477
 7.316783
11.561511
11.061574
12.767149
11.727375
12.407163
11.003561
11.128227
11.674179
11.285192
13.050616
14.124343
13.648337
12.270295
12.641846
11.745450
11.512087
11.561550
11.535684
12.150007
11.930991
11.848965
12.827537
 8.286603
 8.213753
 8.802078
11.520214
 9.909779
 9.635664
10.906213
10.077217
 9.863863
10.281226
 9.735406
 9.529504
10.360704
 9.781728
 9.769193
13.043924
13.517269
13.565221
12.940591
13.378581
11.370944
11.502212
10.979875
10.673279
10.949439
10.634347
11.713258
12.078852
11.917884
11.614602
11.267126
12.374270
11.483452
11.585608
11.520938
11.283805
11.877844
11.706216
12.417568
11.479397
11.027462
10.076584
10.831997
11.099820
11.448401
11.315581
 9.346238
 9.734135
 8.202943
 9.173548
 8.707233
 9.233742
 8.454812
 8.869804
 9.654125
 8.496095
 9.386769
 9.092254
10.354225
10.320428
11.412237
10.576789
10.806738
10.593064
10.919012
10.384253
11.481701
10.664466
11.110479
10.093223
10.604176
10.220973
10.632407
10.096758
10.267788
10.650679
11.864036
10.206612
10.177770
10.604278
10.969075
10.632011
11.567890
11.148775
 8.884065
 8.651864
 8.901950
 8.535370
 9.189764
 8.506727
 8.625684
 8.023507
 8.270496
 8.381431
 8.799076
 8.626207
 8.789075
 8.822771
 9.033513
 8.792011
 9.998633
 9.198867
 9.472712
 9.768276
 9.133590
 9.383263
10.922635
11.097842
10.854475
 9.006709
 8.573972
 9.586642
 9.385214
 9.559612
10.078697
 9.926131
 9.055901
 9.016707
 9.291578
 9.530582
10.061845
 7.694799
 8.321273
 7.649865
 7.675208
 8.121471
 9.276519
 9.583457
 9.174622
 8.375007
 8.949327
 8.041402
 8.501847
 7.852312
 8.139404
 7.882703
 7.583727
 8.323276
 8.087691
 8.748652
 8.412513
 8.715575
 9.386537
 9.121627
 8.844536
10.594033
 9.494133
10.755208
11.338958
 9.578055
10.646137
11.611701
10.616423
11.674702
10.605079
 7.784888
 7.286751
 7.552174
 7.032755
 6.755142
 6.684765
 6.499685
 6.732743
 6.306636
 6.652543
 7.647237
 6.596620
 6.865499
 8.469668
 8.722678
 8.495098
 8.383762
 8.322186
 7.946453
 7.317135
 7.716698
 7.795444
 7.784705
 7.384977
19.219860
19.014358
18.373072
18.905470
18.547863
17.466224
17.673862
18.028919
18.899711
18.329118
16.555824
16.567444
17.765005
17.159658
16.742810
10.888090
10.776846
11.300947
11.001004
10.971141
11.132574
11.353099
11.306465
10.981337
11.642418
11.775960
11.047622
11.572901
11.565944
11.654887
10.941835
10.840333
11.080488
11.499088
11.204415
10.746575
10.480706
11.766752
11.256609
11.212947
11.799846
10.597184
12.120316
13.080149
12.239939
13.654351
13.751086
12.221475
11.593427
12.643076
18.026229
16.750658
16.794749
16.157982
16.513957
15.625296
16.435493
16.193104
16.068173
15.937691
17.657340
17.818898
17.284172
14.811017
15.273195
15.013838
13.438347
13.174269
13.535598
11.128933
10.480197
11.088733
10.524187
10.941083
11.680998
11.250400
11.829629
11.931607
12.402812
12.861839
13.158324
12.227831
11.603047
12.673861
12.830360
12.170723
12.626171
11.975161
 8.573246
 8.175998
 8.373086
10.247347
 9.990128
 9.661204
 9.191498
 8.940064
 9.831062
 9.730912
17.723955
17.616608
18.683901
18.810890
21.140340
20.153861
18.534337
17.657617
18.261771
20.350102
21.015136
20.409714
20.618705
17.250400
18.466822
17.936721
19.057746
19.938709
17.853180
18.626078
17.469452
17.915531
18.102637
18.828255
17.250396
17.921662
19.370011
15.965990
17.023149
16.799251
19.370672
19.874935
20.116439
19.379375
21.118564
19.581033
19.314661
20.331082
18.406704
18.559298
17.509182
18.543306
18.496942
18.778993
20.454866
19.300824
19.556043
21.701211
22.265325
22.399119
21.643055
20.803356
21.293392
20.706424
19.873923
20.852336
22.597339
12.315885
11.599740
12.753560
12.192797
12.950151
11.620316
11.570616
11.400543
11.892313
12.824574
11.643005
12.009572
11.912277
11.969276
13.949692
12.905436
13.336429
13.095682
13.298757
13.400068
12.960750
15.662746
16.155419
15.476158
15.618571
14.636112
14.056070
14.325842
13.080646
13.956374
13.811255
13.598081
14.746722
16.116393
24.505621
24.671590
24.674004
24.925008
15.881405
15.840751
15.442567
16.551367
15.728570
16.137281
15.836291
17.049030
16.542855
17.329630
16.683046
16.468463
15.614529
16.479414
16.065979
16.138618
16.151233
22.347786
21.282525
21.936278
22.242366
21.793098
20.280459
18.272290
17.867015
19.391391
18.591287
19.173920
17.691629
16.611102
15.996880
16.779179
17.284210
17.632753
15.967891
15.460664
14.039800
14.691073
14.599197
14.492679
14.070150
14.817936
14.768889
15.936527
14.753911
14.987556
16.476945
16.571140
15.811620
15.484581
14.190118
15.078004
15.167290
14.913887
15.304948
15.908992
14.186360
14.027907
14.773656
14.491459
14.464187
15.675172
14.630704
14.935912
13.701360
14.195606
14.553491
13.938846
14.439804
13.455165
13.827138
13.311583
13.654839
13.431949
14.841057
14.540658
14.574675
13.810175
14.301507
14.984620
14.475822
14.346739
14.133195
14.584370
15.240708
14.160432
14.264992
14.782757
14.693166
16.130159
16.378811
14.864932
10.538881
10.455622
10.677374
10.826791
11.113123
11.622437
11.461715
11.390192
11.769207
11.996043
11.258510
11.521992
11.344174
11.097789
11.949032
11.524146
13.003386
11.980512
13.300265
13.807751
13.698558
11.796425
12.350937
12.161584
11.360853
11.193193
12.800584
12.013013
12.618595
12.698465
10.708297
12.199707
11.623176
11.129263
12.440832
14.420535
13.241427
12.519256
13.095510
12.013750
13.849367
12.421483
11.826732
12.257451
11.589916
12.270736
12.525530
12.315299
12.550910
11.632076
16.046805
15.079322
17.041991
15.715668
16.076392
15.828827
15.525037
16.577732
15.973930
16.789617
16.758590
13.322910
13.424676
13.511434
13.343350
13.453349
13.423418
14.770779
14.757540
15.525253
 9.798969
10.574436
10.471525
10.299212
 9.550297
13.129188
13.361155
12.135641
11.688728
12.542130
12.300636
10.744194
 9.860174
10.485146
10.178914
10.750466
10.559212
10.663529
12.520539
11.941649
12.165606
15.172686
14.975570
14.924705
14.775641
15.199928
15.435777
13.914984
13.763982
14.558890
15.563074
10.837556
10.850767
11.088558
10.906335
11.703212
12.319717
12.164478
13.967652
14.986480
14.066018
14.640266
14.185704
13.573571
12.760970
13.614310
12.781726
13.359720
13.355866
13.323161
13.923255
13.931595
12.934528
13.216318
13.067686
13.787279
14.236474
13.526114
14.204836
13.428100
14.407894
13.298444
13.364822
10.533675
11.223910
10.412080
 9.733594
10.183827
10.453897
10.493431
10.610072
10.658881
11.373204
11.026874
12.176055
12.399545
12.287273
11.983500
11.911695
12.272694
11.089146
12.192808
12.687837
11.798122
11.268024
12.012794
10.346840
11.069045
10.553796
10.980842
18.224348
18.337794
18.279104
17.893207
18.329993
17.654505
16.442500
16.324615
19.793456
19.947034
18.108909
17.653116
18.945144
17.465667
18.235412
17.780549
18.200603
17.752292
18.359602
17.499624
17.929622
18.799343
17.985929
17.888884
17.445571
18.008716
17.577778
17.749591
18.532056
18.602982
17.829442
18.865769
18.837608
18.260526
17.862282
18.809644
17.773066
17.985066
19.445974
16.390594
17.879370
18.264829
16.743980
17.299316
16.675448
17.516966
16.790689
16.647237
15.819780
15.267592
16.530659
14.528383
15.577062
16.767173
16.637386
16.889839
18.654879
16.142382
15.885900
16.295111
15.960518
16.530671
15.954173
18.241953
18.562660
19.400576
18.311705
17.653552
17.189216
18.377292
19.504253
18.060852
18.163398
18.886441
18.967088
17.036638
17.299872
16.847401
18.073156
19.027366
18.622126
17.422470
19.801620
18.406628
19.430472
18.232978
18.272476
18.967516
18.037310
19.684056
17.896750
19.300813
17.828500
18.504556
19.500717
19.694434
23.090298
20.841628
19.423939
19.735783
19.422972
19.196664
23.219578
23.882596
25.170827
23.592806
24.304089
22.754436
18.509483
18.925579
20.209968
20.234351
18.233048
18.063655
20.243190
22.432514
22.681590
20.227005
21.483605
22.476367
23.405137
21.387607
22.372143
20.467949
22.055313
21.927031
13.230072
14.057309
14.140875
14.823894
14.017664
13.163697
13.942127
16.124336
16.168198
17.011725
15.163887
15.729697
14.043711
15.054402
15.306203
15.651504
15.010572
12.155078
13.642967
12.851867
12.126743
12.646518
13.620013
13.008591
16.021157
16.183723
16.736800
16.171986
16.018986
15.213789
15.320707
15.506414
15.848445
16.117510
16.491627
15.835200
16.574440
15.690179
17.988753
17.640661
17.452614
17.409108
18.749490
18.060025
15.421826
17.333994
15.685357
16.109962
14.539902
13.622911
13.528974
14.048748
16.647940
14.973702
15.520998
15.352985
15.779478
20.371712
21.098863
19.871423
20.919185
22.826428
21.233672
22.413287
22.295884
20.071787
21.105893
22.290239
22.623878
21.882558
22.479572
22.408193
21.499865
21.936158
23.891224
22.508113
11.289296
11.368569
11.954363
12.831156
12.577088
12.226674
12.149532
11.663799
 9.239129
 9.252845
 9.702082
 9.718974
10.048598
 9.216384
12.874426
13.590544
13.268123
12.229532
17.509170
18.441254
16.186806
16.305283
15.919593
16.114703
15.359810
16.130214
19.483955
18.963485
18.376236
18.483703
17.830039
13.360439
13.163261
12.241703
12.358255
13.445419
13.330085
14.277876
12.995389
10.611816
10.334165
10.354256
 9.767112
10.001729
 9.945161
10.595005
10.592264
10.691984
11.805372
11.007757
10.438005
10.628975
11.762114
10.291170
10.235765
10.872572
10.987445
10.357601
10.652028
10.667983
10.585255
10.663640
10.405690
10.789693
 9.853150
 9.611697
 9.489107
 9.300932
 9.473829
 9.240183
11.790177
13.078269
11.780855
11.723396
11.812352
11.283797
10.430957
11.145296
10.281678
10.972337
12.646210
12.279568
12.276307
12.633877
11.250071
12.042482
11.154586
11.389477
12.026652
13.805476
14.804174
13.323159
14.056247
14.272972
13.671319
14.492811
13.810225
13.696383
14.233530
11.717003
11.838080
11.514188
12.359995
12.002504
11.845608
11.383161
11.726026
11.441075
10.592890
11.309749
11.162442
10.784498
11.624525
11.941834
12.059533
11.587752
11.491425
11.070611
11.262878
10.819969
11.042402
11.603566
11.171249
11.962308
10.789786
12.486518
11.890871
12.033666
11.115980
 9.699315
 9.062918
11.671320
11.248284
11.397858
11.423785
10.304131
10.951261
10.673725
11.306333
10.201125
10.769927
11.525949
10.846820
 9.785087
11.622228
10.272575
 9.737136
10.686863
10.802741
10.439154
11.003187
 9.588789
 7.558988
 7.433575
 7.555199
 9.012054
 9.651442
 7.857579
 7.659023
 9.074407
 8.207084
 8.867206
 8.182401
 9.217022
 8.884129
 8.263826
 7.898303
 7.864186
 8.623401
10.068337
 9.999397
10.149479
10.684917
10.987370
10.420599
10.190047
 9.899841
10.540994
10.058932
10.174777
10.265087
10.217993
 8.682882
 8.123963
 7.308046
 7.240685
 7.348192
 7.369344
 7.011206
 7.530012
 7.491393
 6.972356
 7.339723
 7.236849
 6.812731
 7.506725
 7.093743
 6.979543
11.697400
12.288708
12.343226
12.919417
11.527034
11.245189
11.728170
10.052270
11.775055
11.107761
11.331690
10.708128
11.442742
 9.623990
10.705622
10.723289
10.157437
10.394383
10.443352
10.603891
 9.593273
10.005781
10.204606
11.751255
10.876193
10.813125
11.426003
11.070515
10.811745
12.210472
11.030418
11.161831
10.923953
 9.241333
 8.478043
 8.955944
 8.479371
 9.196180
 9.412101
 9.268414
10.185910
 8.708169
 9.109651
 8.108825
 7.358402
 8.567600
 7.883256
 7.849801
 8.675868
 7.954218
 8.308014
 8.723028
 7.895668
 7.778605
 8.296958
 8.574945
 9.926170
11.079430
 9.974553
10.351944
10.138738
15.774108
16.019360
12.194678
11.497109
12.776578
15.644820
15.601211
15.293584
13.899191
15.006408
15.450544
14.555440
14.650342
14.702741
16.270437
15.904913
15.227879
15.052850
14.585859
16.280932
16.036230
16.160747
15.557866
16.538374
17.009671
17.634358
15.337911
17.156925
16.805563
16.425168
16.749945
18.026627
16.123416
17.290285
18.284901
17.915649
16.600419
14.899430
15.560047
13.506372
13.956791
14.702090
14.486810
13.817620
14.279010
20.513537
20.361627
20.472804
23.093798
25.512315
24.782791
23.345418
24.431632
20.146051
21.075361
19.782037
19.455425
21.390491
20.412620
22.381150
22.753755
21.187362
22.241476
22.320112
18.754830
19.036691
19.679168
21.418181
19.307224
21.042634
21.184359
23.631662
22.277172
23.940084
21.049849
23.392894
23.794787
 9.513167
 9.705652
 9.370453
 9.668649
 9.482074
 9.254708
 9.937611
11.560410
10.771611
12.008068
10.048961
10.614184
 9.896064
10.962165
10.153717
10.741049
10.584294
10.100396
10.018363
10.412331
11.549726
 9.822823
 9.908084
10.964029
10.083602
 9.932766
10.238677
10.216716
11.959112
13.502408
12.357810
12.466916
12.965164
11.363258
12.214510
11.970870
11.825086
11.583748
11.803012
11.642815
10.302345
10.284271
 9.921396
11.831387
11.190863
11.487035
10.968177
10.755580
10.847332
10.598630
10.760678
11.477864
11.177764
11.713031
12.146992
12.437965
11.896221
11.412206
10.481537
16.870006
16.817723
15.852359
17.015359
15.563028
16.017536
17.041483
16.355882
14.362660
18.626133
18.944596
17.332781
18.170467
18.807217
18.954848
19.111606
19.949469
19.477372
17.150713
17.392426
17.165559
19.146096
17.983641
18.497272
20.446417
18.858137
19.153661
16.856155
22.608228
23.531143
23.063248
19.852741
17.933692
20.681822
20.755422
19.197398
21.225932
20.084777
20.243197
21.181923
22.559720
21.737608
21.586132
21.308590
21.753517
21.755882
18.489799
17.920304
18.171888
18.065930
20.434804
20.907367
21.634065
20.901331
21.297447
 9.577559
 9.480834
 9.030166
10.275837
10.313197
 9.987992
10.539131
11.242090
10.712788
11.103339
11.534421
 9.562335
10.726534
11.039197
10.202457
11.152994
10.313872
13.423467
12.838306
10.377079
10.152157
10.553379
 9.738949
10.005556
11.273696
10.091568
11.344285
12.520761
11.522821
11.998418
11.380170
13.158697
11.234530
11.752066
11.967349
10.665519
11.038254
13.080992
14.404944
12.850491
13.192516
12.503043
13.558945
12.984541
13.166718
12.459405
11.881352
12.642783
11.578309
11.987702
12.693158
12.235337
11.314726
11.811777
12.681260
12.318117
14.169827
15.072178
14.612120
13.588136
10.859404
10.226011
11.307556
11.523229
10.775047
10.426877
10.164063
10.324555
 9.533274
 9.312365
10.242809
10.965222
11.526116
11.213384
12.238698
11.712769
11.514814
12.235132
11.158378
11.249327
12.218067
11.385935
10.891212
15.185704
16.196843
13.773099
16.168805
15.076362
14.865611
15.272872
14.791695
14.344579
15.149741
15.841810
15.179802
14.092088
14.901804
12.229292
12.740325
12.714624
12.903860
11.665482
12.768549
12.708894
11.997792
12.883226
13.208805
13.023963
13.793973
13.306817
13.112473
13.471140
13.364229
13.444787
13.499027
13.400970
12.822202
12.817183
12.401940
11.483789
12.559819
12.579548
11.742586
12.486955
12.579650
12.184853
12.494801
11.792798
13.040616
13.072280
12.821983
12.457317
13.714531
13.256668
14.047981
14.249402
14.046683
13.871652
13.291213
13.192213
13.894075
13.146802
13.563992
14.504807
14.071770
12.771885
13.135904
13.025007
12.177853
14.949724
14.491224
14.578403
14.966649
15.525502
15.300330
15.658363
15.050782
14.383968
14.315535
14.834449
16.887730
16.394036
15.796529
16.897690
16.492762
17.277179
16.325153
17.014046
15.182335
16.484028
17.815821
16.628738
16.848139
18.661001
19.090893
18.240128
18.925917
18.571726
18.977756
17.219430
18.531767
17.295398
17.433310
16.835406
17.734694
15.797107
15.457179
16.790007
16.971762
18.683110
18.287616
12.811909
11.947600
13.586876
16.399535
15.648551
16.281111
16.301382
15.688353
15.576540
16.225461
16.281757
14.993119
16.818582
 8.974201
 9.398814
10.029643
 9.840327
 9.439686
 9.651661
 9.894429
 9.160286
 9.484058
 9.409592
 9.462224
 9.221448
 7.766513
 7.855713
 8.821833
 8.296898
 8.329096
 8.674099
 7.979425
 7.775804
 7.914874
 8.074467
 7.386620
 9.419903
10.005473
 9.760805
10.333349
 9.293493
10.301542
10.130342
 9.547223
 9.083217
 9.204634
 8.829028
 9.366772
 9.476912
10.842705
10.538913
 9.143812
10.079087
10.419626
10.149028
 9.890226
10.144171
10.986693
 9.796341
 9.914050
10.757336
10.706163
10.329093
10.117626
10.081674
11.173544
11.271267
10.717044
11.202942
12.122666
11.742782
11.877044
11.818647
12.683943
10.767879
11.650721
11.329469
11.602811
11.174830
 9.086762
 9.437094
 8.989494
 9.228548
 9.413195
 9.088961
 9.013072
 8.513806
 8.244505
 9.125231
 8.494993
 8.129940
 8.802795
 8.056991
 8.276233
 8.648360
10.533681
10.355387
12.651400
11.861253
11.323533
11.697261
11.946284
11.717150
11.439156
11.538596
10.678928
11.465121
10.744987
10.443384
 9.512022
 9.837928
 9.624895
 9.310896
 8.811330
 9.470527
 9.213009
 9.194844
 8.975023
 9.858417
10.110906
10.170810
10.515554
10.473399
10.859499
10.838746
11.006223
11.011002
11.159922
10.651556
11.256072
11.029193
11.827941
11.025589
 8.247987
 7.739199
 8.164660
 7.787749
 7.880719
 7.409721
 8.106850
 8.527509
 8.043061
 8.317977
 8.293818
 8.011993
 8.722171
 8.775836
 8.091845
 8.238330
 8.903548
 8.784848
11.028064
12.099830
11.783590
12.013846
12.705212
12.589517
10.611740
11.244828
11.372188
11.499563
12.670522
12.776152
12.516303
11.715205
12.107985
12.778593
11.571703
10.180053
10.698539
10.878796
 9.591559
10.864825
 9.444420
10.474325
10.410369
10.766425
 9.779724
 9.747497
 9.195211
11.011936
 9.948131
10.642731
11.356481
10.780759
11.527018
11.938529
10.532358
10.622772
11.152632
10.643073
10.342857
11.295121
10.745171
11.247003
11.942897
11.151257
11.343205
11.111641
11.259780
11.293945
10.985766
11.160047
12.882954
13.471281
12.204330
12.433409
11.854885
12.741887
11.629016
11.799409
11.742948
13.423381
14.101762
13.943641
13.546650
12.525400
13.587491
12.963495
13.105351
12.953270
 8.440067
 8.364928
 7.838265
 8.013936
 8.676679
 8.498098
 9.465544
 9.222588
 9.907800
 9.728652
 9.355300
10.460297
 9.907146
 9.167990
 9.729522
 7.937305
 8.099576
 7.986741
 7.948776
 7.965933
 7.951284
 7.730147
 8.219411
 8.841321
 8.572115
 8.310634
 8.238825
 7.578588
 7.710019
11.214691
10.292060
11.156562
11.897172
10.657688
10.741180
10.871972
12.656794
12.095142
12.136376
12.388729
11.956339
11.568364
14.793483
14.973724
11.317871
10.258988
11.029700
11.181395
10.417052
12.132077
11.298205
10.763259
11.939537
12.427421
12.013649
12.290595
11.216126
10.981716
 9.268847
10.187534
 9.839030
 9.863396
10.757537
10.585598
11.799592
11.463996
11.386682
15.630141
15.547810
15.628568
15.058701
15.900524
 9.300381
 9.648843
10.509333
 9.623176
 8.621888
 8.812030
 8.135909
 8.888634
 9.526472
 9.286550
 9.289477
 8.596247
 9.752490
 7.312018
 7.919655
 8.948572
 8.550825
 8.858527
 8.605530
 8.602817
 8.246023
 8.874697
 8.878779
 8.443183
 8.597497
 8.652856
 8.887976
 9.139811
 8.530110
 8.263083
 8.762359
 9.306929
 7.488861
 7.059835
 7.275202
 6.996612
 7.523847
 7.401629
 7.456942
 7.558390
 7.355113
 7.594716
 7.240843
 8.152099
 7.302589
 7.839802
 7.724212
 7.832030
 8.007153
 7.658068
 8.029523
 7.960501
 8.111611
 8.202434
 7.116810
 7.655826
11.818168
11.320067
12.867613
13.032864
13.976699
13.057084
13.864084
14.414100
13.801373
14.139738
12.808621
12.904923
13.928986
13.542149
12.168924
13.013782
12.417518
12.641876
11.555172
10.981277
10.914661
11.086718
12.056926
12.333035
11.503728
12.613913
11.494415
12.831494
12.742562
13.506264
10.368371
11.141945
11.917278
11.584742
11.499361
11.976576
10.468324
11.270443
11.541977
11.494802
11.200729
10.813651
11.981324
12.290340
13.132443
12.871775
12.396502
12.520515
16.085326
15.518858
16.152433
15.287622
15.730107
16.072412
16.504426
15.926451
15.971678
16.339790
16.555124
17.397366
20.630467
20.453044
19.542965
15.192162
14.593515
14.418675
16.528642
17.442555
16.004216
16.971686
17.183846
17.413546
16.131424
15.662526
15.777918
15.124205
15.453022
16.278287
15.792967
15.565377
14.691826
15.510458
16.227223
16.740936
16.334891
12.453640
12.339279
12.077557
11.984937
11.865237
12.089967
11.741645
13.112639
12.473591
12.619755
13.388832
12.093646
13.166037
13.642812
15.512599
13.471997
14.482303
14.139229
16.630151
18.415064
17.347033
16.732503
15.434472
16.346450
16.181821
16.371560
16.431586
16.213877
16.243816
20.073918
19.801502
19.078300
19.826360
19.454822
18.331034
16.585768
19.195902
18.095719
17.444596
17.770961
18.091501
18.683262
18.172134
17.991537
15.375274
16.038728
13.706319
15.314716
15.446608
15.345266
13.840979
14.718635
15.178872
15.413357
15.141639
15.740559
16.512602
16.559264
17.056703
15.608232
15.489315
16.525645
16.654166
16.650614
17.787897
17.006759
16.680196
17.655711
17.399998
18.389119
18.655949
19.356885
17.918912
20.354328
19.354305
19.316778
18.802986
18.389830
19.006904
17.819610
19.275761
17.567110
17.930968
18.028369
16.303218
16.418067
17.540838
16.335321
16.937091
16.240610
17.050296
17.767903
17.739427
17.236112
17.605239
19.549729
17.860673
18.619458
18.570398
17.512882
17.466161
17.244547
16.288977
16.820936
16.532055
16.917353
16.998641
16.392272
17.513770
16.218950
16.860667
16.991144
15.848123
17.153010
16.916637
16.396224
17.004943
17.397558
17.060457
15.041422
16.494050
16.415282
17.274956
17.145766
16.548579
18.691461
18.538650
18.019279
17.797257
18.841895
17.684618
18.463133
21.255821
20.319526
20.126093
20.997443
25.132624
26.781491
26.598045
16.677084
16.767314
17.079641
15.186759
15.253758
16.177171
15.222116
15.185500
14.806743
15.509858
14.206072
18.417347
18.205012
17.066510
18.390437
18.605117
17.243876
15.115962
16.520978
16.135085
14.836369
15.434312
15.627916
17.520289
15.189046
16.657277
15.898052
16.577574
15.027412
15.670094
14.936250
14.047296
14.489024
13.265477
14.063563
12.886421
13.829116
13.612631
13.883857
13.795909
13.589779
12.745131
13.867705
11.927615
12.775358
12.205137
12.817941
13.106717
12.805740
14.990105
13.783660
15.161510
15.159978
13.554939
13.094508
12.939553
12.774480
13.483645
13.500896
13.116020
13.163809
13.051208
13.684993
13.831232
14.082130
13.549386
12.427973
12.408260
12.774823
12.263528
11.765781
12.390652
12.820960
12.258188
11.666066
11.635594
11.811494
11.485584
12.184339
12.439995
11.240258
11.834636
11.482802
11.902326
11.285062
11.905808
11.868253
12.283336
13.088344
12.701642
12.208561
13.303848
13.419943
13.174908
12.647720
10.336329
11.082693
11.413893
12.782275
12.599811
12.462023
13.008871
12.665371
12.487437
13.201000
13.169076
12.228780
12.329277
12.699664
13.423709
12.772665
12.223104
15.013233
14.728529
15.068266
15.141142
14.380369
12.781402
13.917587
12.785249
13.312529
13.254287
 9.590700
 9.382356
 8.965527
 9.655708
 9.800273
 8.462439
 9.237731
 9.137137
 9.203972
 9.982633
10.624290
10.494424
10.459589
 9.344234
 8.209769
 8.244485
 8.204096
 8.946310
 9.631562
 9.728599
10.008913
 9.108764
 9.332545
 7.980022
 8.014323
 7.815010
