5.617475
5.517618
5.847945
5.569256
5.476833
5.751265
5.240994
5.648758
5.758344
5.566604
5.633387
5.852074
5.363116
5.199908
5.730834
5.828211
5.249147
5.722647
5.982660
5.356338
5.335466
5.552520
5.623528
5.905730
5.580568
5.748311
5.212005
5.942807
5.146238
5.096530
5.525811
5.646558
5.583859
5.633915
5.727320
5.671506
5.142096
5.322907
5.475852
5.542762
5.617475
5.517618
5.847945
5.569256
5.476833
5.751265
5.240994
5.648758
5.758344
5.566604
5.633387
5.852074
5.363116
5.199908
5.730834
5.828211
5.249147
5.722647
5.982660
5.356338
5.335466
5.552520
5.623528
5.905730
5.580568
5.748311
5.212005
5.942807
5.146238
5.096530
5.525811
5.646558
5.583859
5.633915
5.727320
5.671506
5.142096
5.322907
5.475852
5.542762
5.617475
5.517618
5.847945
5.569256
5.476833
5.751265
5.240994
5.648758
5.758344
5.566604
5.633387
5.852074
5.363116
5.199908
5.730834
5.828211
5.249147
5.722647
5.982660
5.356338
5.335466
5.552520
5.623528
5.905730
5.580568
5.748311
5.212005
5.942807
5.146238
5.096530
5.525811
5.646558
5.583859
5.633915
5.727320
5.671506
5.142096
5.322907
5.475852
5.542762
5.617475
5.517618
5.847945
5.569256
5.476833
5.751265
5.240994
5.648758
5.758344
5.566604
5.633387
5.852074
5.363116
5.199908
5.730834
5.828211
5.249147
5.722647
5.982660
5.356338
5.335466
5.552520
5.623528
5.905730
5.580568
5.748311
5.212005
5.942807
5.146238
5.096530
5.525811
5.646558
5.583859
5.633915
5.727320
5.671506
5.142096
5.322907
5.475852
5.542762
5.617475
5.517618
5.847945
5.569256
5.476833
5.751265
5.240994
5.648758
5.758344
5.566604
5.633387
5.852074
5.363116
5.199908
5.730834
5.828211
5.249147
5.722647
5.982660
5.356338
5.335466
5.552520
5.623528
5.905730
5.580568
5.748311
5.212005
5.942807
5.146238
5.096530
5.525811
5.646558
5.583859
5.633915
5.727320
5.671506
5.142096
5.322907
5.475852
5.542762
5.617475
5.517618
5.847945
5.569256
5.476833
5.751265
5.240994
5.648758
5.758344
5.566604
5.633387
5.852074
5.363116
5.199908
5.730834
5.828211
5.249147
5.722647
5.982660
5.356338
5.335466
5.552520
5.623528
5.905730
5.580568
5.748311
5.212005
5.942807
5.146238
5.096530
5.525811
5.646558
5.583859
5.633915
5.727320
5.671506
5.142096
5.322907
5.475852
5.542762
5.617475
5.517618
5.847945
5.569256
5.476833
5.751265
5.240994
5.648758
5.758344
5.566604
5.633387
5.852074
5.363116
5.199908
5.730834
5.828211
5.249147
5.722647
5.982660
5.356338
5.335466
5.552520
5.623528
5.905730
5.580568
5.748311
5.212005
5.942807
5.146238
5.096530
5.525811
5.646558
5.583859
5.633915
5.727320
5.671506
5.142096
5.322907
5.475852
5.542762
5.617475
5.517618
5.847945
5.569256
5.476833
5.751265
5.240994
5.648758
5.758344
5.566604
5.633387
5.852074
5.363116
5.199908
5.730834
5.828211
5.249147
5.722647
5.982660
5.356338
5.335466
5.552520
5.623528
5.905730
5.580568
5.748311
5.212005
5.942807
5.146238
5.096530
5.525811
5.646558
5.583859
5.633915
5.727320
5.671506
5.142096
5.322907
5.475852
5.542762
5.617475
5.517618
5.847945
5.569256
5.476833
5.751265
5.240994
5.648758
5.758344
5.566604
5.633387
5.852074
5.363116
5.199908
5.730834
5.828211
5.249147
5.722647
5.982660
5.356338
5.335466
5.552520
5.623528
5.905730
5.580568
5.748311
5.212005
5.942807
5.146238
5.096530
5.525811
5.646558
5.583859
5.633915
5.727320
5.671506
5.142096
5.322907
5.475852
5.542762
5.617475
5.517618
5.847945
5.569256
5.476833
5.751265
5.240994
5.648758
5.758344
5.566604
5.633387
5.852074
5.363116
5.199908
5.730834
5.828211
5.249147
5.722647
5.982660
5.356338
5.335466
5.552520
5.623528
5.905730
5.580568
5.748311
5.212005
5.942807
5.146238
5.096530
5.525811
5.646558
5.583859
5.633915
5.727320
5.671506
5.142096
5.322907
5.475852
5.542762
5.617475
5.517618
5.847945
5.569256
5.476833
5.751265
5.240994
5.648758
5.758344
5.566604
5.633387
5.852074
5.363116
5.199908
5.730834
5.828211
5.249147
5.722647
5.982660
5.356338
5.335466
5.552520
5.623528
5.905730
5.580568
5.748311
5.212005
5.942807
5.146238
5.096530
5.525811
5.646558
5.583859
5.633915
5.727320
5.671506
5.142096
5.322907
5.475852
5.542762
5.617475
5.517618
5.847945
5.569256
5.476833
5.751265
5.240994
5.648758
5.758344
5.566604
5.633387
5.852074
5.363116
5.199908
5.730834
5.828211
5.249147
5.722647
5.982660
5.356338
5.335466
5.552520
5.623528
5.905730
5.580568
5.748311
5.212005
5.942807
5.146238
5.096530
5.525811
5.646558
5.583859
5.633915
5.727320
5.671506
5.142096
5.322907
5.475852
5.542762
5.617475
5.517618
5.847945
5.569256
5.476833
5.751265
5.240994
5.648758
5.758344
5.566604
5.633387
5.852074
5.363116
5.199908
5.730834
5.828211
5.249147
5.722647
5.982660
5.356338
5.335466
5.552520
5.623528
5.905730
5.580568
5.748311
5.212005
5.942807
5.146238
5.096530
5.525811
5.646558
5.583859
5.633915
5.727320
5.671506
5.142096
5.322907
5.475852
5.542762
5.617475
5.517618
5.847945
5.569256
5.476833
5.751265
5.240994
5.648758
5.758344
5.566604
5.633387
5.852074
5.363116
5.199908
5.730834
5.828211
5.249147
5.722647
5.982660
5.356338
5.335466
5.552520
5.623528
5.905730
5.580568
5.748311
5.212005
5.942807
5.146238
5.096530
5.525811
5.646558
5.583859
5.633915
5.727320
5.671506
5.142096
5.322907
5.475852
5.542762
5.617475
5.517618
5.847945
5.569256
5.476833
5.751265
5.240994
5.648758
5.758344
5.566604
5.633387
5.852074
5.363116
5.199908
5.730834
5.828211
5.249147
5.722647
5.982660
5.356338
5.335466
5.552520
5.623528
5.905730
5.580568
5.748311
5.212005
5.942807
5.146238
5.096530
5.525811
5.646558
5.583859
5.633915
5.727320
5.671506
5.142096
5.322907
5.475852
5.542762
5.617475
5.517618
5.847945
5.569256
5.476833
5.751265
5.240994
5.648758
5.758344
5.566604
5.633387
5.852074
5.363116
5.199908
5.730834
5.828211
5.249147
5.722647
5.982660
5.356338
5.335466
5.552520
5.623528
5.905730
5.580568
5.748311
5.212005
5.942807
5.146238
5.096530
5.525811
5.646558
5.583859
5.633915
5.727320
5.671506
5.142096
5.322907
5.475852
5.542762
5.617475
5.517618
5.847945
5.569256
5.476833
5.751265
5.240994
5.648758
5.758344
5.566604
5.633387
5.852074
5.363116
5.199908
5.730834
5.828211
5.249147
5.722647
5.982660
5.356338
5.335466
5.552520
5.623528
5.905730
5.580568
5.748311
5.212005
5.942807
5.146238
5.096530
5.525811
5.646558
5.583859
5.633915
5.727320
5.671506
5.142096
5.322907
5.475852
5.542762
5.617475
5.517618
5.847945
5.569256
5.476833
5.751265
5.240994
5.648758
5.758344
5.566604
5.633387
5.852074
5.363116
5.199908
5.730834
5.828211
5.249147
5.722647
5.982660
5.356338
5.335466
5.552520
5.623528
5.905730
5.580568
5.748311
5.212005
5.942807
5.146238
5.096530
5.525811
5.646558
5.583859
5.633915
5.727320
5.671506
5.142096
5.322907
5.475852
5.542762
5.617475
5.517618
5.847945
5.569256
5.476833
5.751265
5.240994
5.648758
5.758344
5.566604
5.633387
5.852074
5.363116
5.199908
5.730834
5.828211
5.249147
5.722647
5.982660
5.356338
5.335466
5.552520
5.623528
5.905730
5.580568
5.748311
5.212005
5.942807
5.146238
5.096530
5.525811
5.646558
5.583859
5.633915
5.727320
5.671506
5.142096
5.322907
5.475852
5.542762
5.617475
5.517618
5.847945
5.569256
5.476833
5.751265
5.240994
5.648758
5.758344
5.566604
5.633387
5.852074
5.363116
5.199908
5.730834
5.828211
5.249147
5.722647
5.982660
5.356338
5.335466
5.552520
5.623528
5.905730
5.580568
5.748311
5.212005
5.942807
5.146238
5.096530
5.525811
5.646558
5.583859
5.633915
5.727320
5.671506
5.142096
5.322907
5.475852
5.542762
5.617475
5.517618
5.847945
5.569256
5.476833
5.751265
5.240994
5.648758
5.758344
5.566604
5.633387
5.852074
5.363116
5.199908
5.730834
5.828211
5.249147
5.722647
5.982660
5.356338
5.335466
5.552520
5.623528
5.905730
5.580568
5.748311
5.212005
5.942807
5.146238
5.096530
5.525811
5.646558
5.583859
5.633915
5.727320
5.671506
5.142096
5.322907
5.475852
5.542762
5.617475
5.517618
5.847945
5.569256
5.476833
5.751265
5.240994
5.648758
5.758344
5.566604
5.633387
5.852074
5.363116
5.199908
5.730834
5.828211
5.249147
5.722647
5.982660
5.356338
5.335466
5.552520
5.623528
5.905730
5.580568
5.748311
5.212005
5.942807
5.146238
5.096530
5.525811
5.646558
5.583859
5.633915
5.727320
5.671506
5.142096
5.322907
5.475852
5.542762
5.617475
5.517618
5.847945
5.569256
5.476833
5.751265
5.240994
5.648758
5.758344
5.566604
5.633387
5.852074
5.363116
5.199908
5.730834
5.828211
5.249147
5.722647
5.982660
5.356338
5.335466
5.552520
5.623528
5.905730
5.580568
5.748311
5.212005
5.942807
5.146238
5.096530
5.525811
5.646558
5.583859
5.633915
5.727320
5.671506
5.142096
5.322907
5.475852
5.542762
5.617475
5.517618
5.847945
5.569256
5.476833
5.751265
5.240994
5.648758
5.758344
5.566604
5.633387
5.852074
5.363116
5.199908
5.730834
5.828211
5.249147
5.722647
5.982660
5.356338
5.335466
5.552520
5.623528
5.905730
5.580568
5.748311
5.212005
5.942807
5.146238
5.096530
5.525811
5.646558
5.583859
5.633915
5.727320
5.671506
5.142096
5.322907
5.475852
5.542762
5.617475
5.517618
5.847945
5.569256
5.476833
5.751265
5.240994
5.648758
5.758344
5.566604
5.633387
5.852074
5.363116
5.199908
5.730834
5.828211
5.249147
5.722647
5.982660
5.356338
5.335466
5.552520
5.623528
5.905730
5.580568
5.748311
5.212005
5.942807
5.146238
5.096530
5.525811
5.646558
5.583859
5.633915
5.727320
5.671506
5.142096
5.322907
5.475852
5.542762
5.617475
5.517618
5.847945
5.569256
5.476833
5.751265
5.240994
5.648758
5.758344
5.566604
5.633387
5.852074
5.363116
5.199908
5.730834
5.828211
5.249147
5.722647
5.982660
5.356338
5.335466
5.552520
5.623528
5.905730
5.580568
5.748311
5.212005
5.942807
5.146238
5.096530
5.525811
5.646558
5.583859
5.633915
5.727320
5.671506
5.142096
5.322907
5.475852
5.542762
5.617475
5.517618
5.847945
5.569256
5.476833
5.751265
5.240994
5.648758
5.758344
5.566604
5.633387
5.852074
5.363116
5.199908
5.730834
5.828211
5.249147
5.722647
5.982660
5.356338
5.335466
5.552520
5.623528
5.905730
5.580568
5.748311
5.212005
5.942807
5.146238
5.096530
5.525811
5.646558
5.583859
5.633915
5.727320
5.671506
5.142096
5.322907
5.475852
5.542762
5.617475
5.517618
5.847945
5.569256
5.476833
5.751265
5.240994
5.648758
5.758344
5.566604
5.633387
5.852074
5.363116
5.199908
5.730834
5.828211
5.249147
5.722647
5.982660
5.356338
5.335466
5.552520
5.623528
5.905730
5.580568
5.748311
5.212005
5.942807
5.146238
5.096530
5.525811
5.646558
5.583859
5.633915
5.727320
5.671506
5.142096
5.322907
5.475852
5.542762
5.617475
5.517618
5.847945
5.569256
5.476833
5.751265
5.240994
5.648758
5.758344
5.566604
5.633387
5.852074
5.363116
5.199908
5.730834
5.828211
5.249147
5.722647
5.982660
5.356338
5.335466
5.552520
5.623528
5.905730
5.580568
5.748311
5.212005
5.942807
5.146238
5.096530
5.525811
5.646558
5.583859
5.633915
5.727320
5.671506
5.142096
5.322907
5.475852
5.542762
5.617475
5.517618
5.847945
5.569256
5.476833
5.751265
5.240994
5.648758
5.758344
5.566604
5.633387
5.852074
5.363116
5.199908
5.730834
5.828211
5.249147
5.722647
5.982660
5.356338
5.335466
5.552520
5.623528
5.905730
5.580568
5.748311
5.212005
5.942807
5.146238
5.096530
5.525811
5.646558
5.583859
5.633915
5.727320
5.671506
5.142096
5.322907
5.475852
5.542762
5.617475
5.517618
5.847945
5.569256
5.476833
5.751265
5.240994
5.648758
5.758344
5.566604
5.633387
5.852074
5.363116
5.199908
5.730834
5.828211
5.249147
5.722647
5.982660
5.356338
5.335466
5.552520
5.623528
5.905730
5.580568
5.748311
5.212005
5.942807
5.146238
5.096530
5.525811
5.646558
5.583859
5.633915
5.727320
5.671506
5.142096
5.322907
5.475852
5.542762
5.617475
5.517618
5.847945
5.569256
5.476833
5.751265
5.240994
5.648758
5.758344
5.566604
5.633387
5.852074
5.363116
5.199908
5.730834
5.828211
5.249147
5.722647
5.982660
5.356338
5.335466
5.552520
5.623528
5.905730
5.580568
5.748311
5.212005
5.942807
5.146238
5.096530
5.525811
5.646558
5.583859
5.633915
5.727320
5.671506
5.142096
5.322907
5.475852
5.542762
5.617475
5.517618
5.847945
5.569256
5.476833
5.751265
5.240994
5.648758
5.758344
5.566604
5.633387
5.852074
5.363116
5.199908
5.730834
5.828211
5.249147
5.722647
5.982660
5.356338
5.335466
5.552520
5.623528
5.905730
5.580568
5.748311
5.212005
5.942807
5.146238
5.096530
5.525811
5.646558
5.583859
5.633915
5.727320
5.671506
5.142096
5.322907
5.475852
5.542762
5.617475
5.517618
5.847945
5.569256
5.476833
5.751265
5.240994
5.648758
5.758344
5.566604
5.633387
5.852074
5.363116
5.199908
5.730834
5.828211
5.249147
5.722647
5.982660
5.356338
5.335466
5.552520
5.623528
5.905730
5.580568
5.748311
5.212005
5.942807
5.146238
5.096530
5.525811
5.646558
5.583859
5.633915
5.727320
5.671506
5.142096
5.322907
5.475852
5.542762
5.617475
5.517618
5.847945
5.569256
5.476833
5.751265
5.240994
5.648758
5.758344
5.566604
5.633387
5.852074
5.363116
5.199908
5.730834
5.828211
5.249147
5.722647
5.982660
5.356338
5.335466
5.552520
5.623528
5.905730
5.580568
5.748311
5.212005
5.942807
5.146238
5.096530
5.525811
5.646558
5.583859
5.633915
5.727320
5.671506
5.142096
5.322907
5.475852
5.542762
5.617475
5.517618
5.847945
5.569256
5.476833
5.751265
5.240994
5.648758
5.758344
5.566604
5.633387
5.852074
5.363116
5.199908
5.730834
5.828211
5.249147
5.722647
5.982660
5.356338
5.335466
5.552520
5.623528
5.905730
5.580568
5.748311
5.212005
5.942807
5.146238
5.096530
5.525811
5.646558
5.583859
5.633915
5.727320
5.671506
5.142096
5.322907
5.475852
5.542762
5.617475
5.517618
5.847945
5.569256
5.476833
5.751265
5.240994
5.648758
5.758344
5.566604
5.633387
5.852074
5.363116
5.199908
5.730834
5.828211
5.249147
5.722647
5.982660
5.356338
5.335466
5.552520
5.623528
5.905730
5.580568
5.748311
5.212005
5.942807
5.146238
5.096530
5.525811
5.646558
5.583859
5.633915
5.727320
5.671506
5.142096
5.322907
5.475852
5.542762
5.617475
5.517618
5.847945
5.569256
5.476833
5.751265
5.240994
5.648758
5.758344
5.566604
5.633387
5.852074
5.363116
5.199908
5.730834
5.828211
5.249147
5.722647
5.982660
5.356338
5.335466
5.552520
5.623528
5.905730
5.580568
5.748311
5.212005
5.942807
5.146238
5.096530
5.525811
5.646558
5.583859
5.633915
5.727320
5.671506
5.142096
5.322907
5.475852
5.542762
5.617475
5.517618
5.847945
5.569256
5.476833
5.751265
5.240994
5.648758
5.758344
5.566604
5.633387
5.852074
5.363116
5.199908
5.730834
5.828211
5.249147
5.722647
5.982660
5.356338
5.335466
5.552520
5.623528
5.905730
5.580568
5.748311
5.212005
5.942807
5.146238
5.096530
5.525811
5.646558
5.583859
5.633915
5.727320
5.671506
5.142096
5.322907
5.475852
5.542762
5.617475
5.517618
5.847945
5.569256
5.476833
5.751265
5.240994
5.648758
5.758344
5.566604
5.633387
5.852074
5.363116
5.199908
5.730834
5.828211
5.249147
5.722647
5.982660
5.356338
5.335466
5.552520
5.623528
5.905730
5.580568
5.748311
5.212005
5.942807
5.146238
5.096530
5.525811
5.646558
5.583859
5.633915
5.727320
5.671506
5.142096
5.322907
5.475852
5.542762
5.617475
5.517618
5.847945
5.569256
5.476833
5.751265
5.240994
5.648758
5.758344
5.566604
5.633387
5.852074
5.363116
5.199908
5.730834
5.828211
5.249147
5.722647
5.982660
5.356338
5.335466
5.552520
5.623528
5.905730
5.580568
5.748311
5.212005
5.942807
5.146238
5.096530
5.525811
5.646558
5.583859
5.633915
5.727320
5.671506
5.142096
5.322907
5.475852
5.542762
5.617475
5.517618
5.847945
5.569256
5.476833
5.751265
5.240994
5.648758
5.758344
5.566604
5.633387
5.852074
5.363116
5.199908
5.730834
5.828211
5.249147
5.722647
5.982660
5.356338
5.335466
5.552520
5.623528
5.905730
5.580568
5.748311
5.212005
5.942807
5.146238
5.096530
5.525811
5.646558
5.583859
5.633915
5.727320
5.671506
5.142096
5.322907
5.475852
5.542762
5.617475
5.517618
5.847945
5.569256
5.476833
5.751265
5.240994
5.648758
5.758344
5.566604
5.633387
5.852074
5.363116
5.199908
5.730834
5.828211
5.249147
5.722647
5.982660
5.356338
5.335466
5.552520
5.623528
5.905730
5.580568
5.748311
5.212005
5.942807
5.146238
5.096530
5.525811
5.646558
5.583859
5.633915
5.727320
5.671506
5.142096
5.322907
5.475852
5.542762
5.617475
5.517618
5.847945
5.569256
5.476833
5.751265
5.240994
5.648758
5.758344
5.566604
5.633387
5.852074
5.363116
5.199908
5.730834
5.828211
5.249147
5.722647
5.982660
5.356338
5.335466
5.552520
5.623528
5.905730
5.580568
5.748311
5.212005
5.942807
5.146238
5.096530
5.525811
5.646558
5.583859
5.633915
5.727320
5.671506
5.142096
5.322907
5.475852
5.542762
5.617475
5.517618
5.847945
5.569256
5.476833
5.751265
5.240994
5.648758
5.758344
5.566604
5.633387
5.852074
5.363116
5.199908
5.730834
5.828211
5.249147
5.722647
5.982660
5.356338
5.335466
5.552520
5.623528
5.905730
5.580568
5.748311
5.212005
5.942807
5.146238
5.096530
5.525811
5.646558
5.583859
5.633915
5.727320
5.671506
5.142096
5.322907
5.475852
5.542762
5.617475
5.517618
5.847945
5.569256
5.476833
5.751265
5.240994
5.648758
5.758344
5.566604
5.633387
5.852074
5.363116
5.199908
5.730834
5.828211
5.249147
5.722647
5.982660
5.356338
5.335466
5.552520
5.623528
5.905730
5.580568
5.748311
5.212005
5.942807
5.146238
5.096530
5.525811
5.646558
5.583859
5.633915
5.727320
5.671506
5.142096
5.322907
5.475852
5.542762
5.617475
5.517618
5.847945
5.569256
5.476833
5.751265
5.240994
5.648758
5.758344
5.566604
5.633387
5.852074
5.363116
5.199908
5.730834
5.828211
5.249147
5.722647
5.982660
5.356338
5.335466
5.552520
5.623528
5.905730
5.580568
5.748311
5.212005
5.942807
5.146238
5.096530
5.525811
5.646558
5.583859
5.633915
5.727320
5.671506
5.142096
5.322907
5.475852
5.542762
5.617475
5.517618
5.847945
5.569256
5.476833
5.751265
5.240994
5.648758
5.758344
5.566604
5.633387
5.852074
5.363116
5.199908
5.730834
5.828211
5.249147
5.722647
5.982660
5.356338
5.335466
5.552520
5.623528
5.905730
5.580568
5.748311
5.212005
5.942807
5.146238
5.096530
5.525811
5.646558
5.583859
5.633915
5.727320
5.671506
5.142096
5.322907
5.475852
5.542762
5.617475
5.517618
5.847945
5.569256
5.476833
5.751265
5.240994
5.648758
5.758344
5.566604
5.633387
5.852074
5.363116
5.199908
5.730834
5.828211
5.249147
5.722647
5.982660
5.356338
5.335466
5.552520
5.623528
5.905730
5.580568
5.748311
5.212005
5.942807
5.146238
5.096530
5.525811
5.646558
5.583859
5.633915
5.727320
5.671506
5.142096
5.322907
5.475852
5.542762
5.617475
5.517618
5.847945
5.569256
5.476833
5.751265
5.240994
5.648758
5.758344
5.566604
5.633387
5.852074
5.363116
5.199908
5.730834
5.828211
5.249147
5.722647
5.982660
5.356338
5.335466
5.552520
5.623528
5.905730
5.580568
5.748311
5.212005
5.942807
5.146238
5.096530
5.525811
5.646558
5.583859
5.633915
5.727320
5.671506
5.142096
5.322907
5.475852
5.542762
