14.812134
15.219801
15.228401
14.940753
13.219538
15.005364
14.320311
13.796031
14.457036
14.297113
14.588490
15.288782
14.675053
15.063050
19.278557
18.383911
19.745185
19.081750
19.560111
19.753512
18.495214
18.649758
17.425441
17.484500
17.122357
19.504493
19.325778
12.868025
11.395098
12.166463
11.526090
12.069046
11.820113
11.303193
11.301767
11.406870
11.096208
11.091150
11.895571
11.501672
11.511466
11.268839
10.786833
12.050815
11.802255
11.919912
12.103018
12.011308
10.817014
12.144450
12.622679
11.863494
11.797949
11.719672
10.898734
11.730335
10.944549
10.778015
10.377928
10.576790
 9.360929
 9.155388
 9.438568
 9.638363
10.575271
10.684339
13.700265
14.099127
13.524002
14.424474
14.620327
14.312826
14.437026
14.407796
16.276536
12.541548
13.163401
12.779996
13.419739
12.769615
13.151570
12.635517
13.468611
12.456298
13.088416
13.862638
13.338959
12.632904
10.453537
11.389583
10.849574
10.360222
11.017912
11.694675
11.884409
12.083479
11.928992
11.341856
11.265171
11.727030
12.889906
11.359839
12.362184
11.449719
12.442819
12.396992
11.702045
11.941195
11.629180
11.620839
12.178679
11.500356
11.816531
12.722077
11.842661
12.398189
11.478701
12.458760
11.995920
13.970004
12.690957
12.984861
12.292514
11.820951
12.684824
12.760767
12.949974
13.211904
14.566024
12.739962
14.247427
14.966794
13.943355
14.784273
14.747662
16.062694
15.988236
16.569421
15.649288
15.779802
17.667774
17.110599
16.788529
16.884158
16.401375
16.031272
16.923123
17.306640
18.271746
18.920434
17.837083
18.366958
17.490388
18.781451
18.199155
15.514345
18.535882
17.971305
19.457362
19.205000
19.203740
15.818419
15.429860
15.250435
14.366181
17.616637
16.202075
16.366092
22.349201
21.717259
20.620528
22.767180
18.522363
18.522530
18.265231
18.284505
20.122252
19.932054
19.513857
19.988621
20.358724
20.649907
21.414415
21.860997
20.880824
21.214326
20.974864
20.902283
15.640787
17.131421
18.441816
17.867408
19.790612
16.413834
17.780312
17.181871
19.788571
20.992301
19.130462
19.004171
18.832536
17.798928
20.176987
19.806292
19.472654
19.861476
21.121769
21.432307
20.385264
22.741498
21.683343
20.764577
20.448471
20.540341
20.496224
22.390731
23.751602
22.663811
24.050005
24.714468
23.419842
24.547034
22.669072
22.536352
23.240904
25.054562
23.549852
22.800180
24.762629
23.747594
20.664598
 8.973484
 8.303658
 8.239015
 9.128970
 8.514032
 8.684295
 9.375291
10.161022
18.485934
18.540700
17.670036
17.258232
19.455080
20.612985
18.948878
18.893282
16.563352
15.539119
15.633809
16.171469
16.436888
18.162781
15.692276
15.689208
16.819102
15.918535
17.222068
18.975037
21.449278
19.088754
18.415701
18.104408
17.768307
15.819050
14.649258
16.168541
18.129344
17.383409
16.780490
16.679489
17.768974
17.685762
16.213703
15.267397
16.675429
17.216202
 9.543109
 9.450675
 9.026811
 9.522788
 9.361963
 9.260229
 9.616031
 9.086660
 8.694910
 9.668874
 8.599254
 8.499418
 8.213940
10.001663
 9.222122
 9.543688
 9.850385
 9.322294
 9.079994
11.956346
11.213981
11.004588
 8.997395
 8.821938
 8.811111
10.007929
10.133794
 9.701876
 9.776360
 9.228722
10.462219
 8.950004
 8.847355
 9.649444
 8.477650
 8.430792
10.565395
10.419357
 9.453740
10.029014
 9.253070
 9.921263
 9.888824
 9.684857
 8.202724
 8.991821
 8.845141
 8.206908
 8.985804
 8.665770
 9.359049
 8.231976
 9.164675
 9.307932
10.243178
10.876323
10.208353
10.371272
11.383782
10.990278
10.997915
10.511363
10.958380
11.640602
10.793415
12.157733
11.654069
12.202471
12.582655
10.878923
12.296547
13.342569
 9.116534
 8.486919
 8.750659
 8.459820
 8.774461
10.360437
 9.734656
 8.761395
 8.478809
 5.534853
 5.613278
 5.820423
 5.931568
 5.756907
 6.249506
 6.349838
 6.543688
 6.370881
17.804948
16.955237
17.047494
16.305357
17.748686
16.676947
15.898202
17.112608
16.533864
15.977968
10.624461
10.478268
11.323415
10.977171
11.847426
11.751082
11.533828
 8.913982
 8.936971
 8.658127
 9.116111
 9.073632
 8.865420
 8.995483
10.708107
10.115207
10.822066
 9.849466
 9.976450
 9.626439
 8.965040
10.261141
11.011993
10.980689
 9.303509
10.639467
10.706432
10.700101
10.405573
11.562373
11.580596
11.981191
11.209457
11.828345
12.793768
11.037587
10.945398
10.626056
10.723161
11.215826
11.894367
12.382054
12.701508
12.880620
12.261709
12.320140
13.501276
12.572785
12.482264
13.169649
11.909094
14.908709
14.074311
14.381653
13.852275
14.290353
15.145496
13.477136
12.744282
12.187754
12.796164
13.126696
15.507689
14.686854
15.106484
14.686484
14.764996
12.682106
12.896622
12.963706
12.687305
13.648780
12.782903
12.631673
12.982154
13.885380
14.331495
12.914917
13.685614
13.717941
14.447122
13.291178
10.598429
10.678016
10.255582
11.230542
11.107929
11.162652
12.516846
11.031891
12.551644
11.950542
11.995214
14.965013
14.938639
14.282139
13.991156
14.291701
13.867615
12.330731
12.283343
13.461167
12.370223
12.090410
12.293594
11.890073
12.152394
12.865545
12.542185
12.058899
11.798430
12.268475
12.787414
12.151673
13.311667
14.064679
12.805412
 9.810113
10.329809
11.117855
10.916771
11.284750
10.941564
11.225448
11.243571
10.511320
10.893804
 9.258653
 9.713027
10.476419
 8.227465
 8.752495
 8.386785
 8.840240
 8.520800
 9.642164
 9.324604
 9.262429
 9.179734
10.479405
10.023421
10.370410
10.070448
10.757796
10.215497
10.549719
10.075301
 9.523601
 9.544888
 9.546984
12.202825
10.980074
12.177245
11.844490
13.237151
14.253798
13.625157
13.649783
10.558056
10.929707
10.306418
10.634542
10.284809
 9.989497
 9.776587
10.848777
10.988778
10.745082
10.478065
10.952700
11.267064
10.614794
11.425934
11.834750
12.067673
12.549112
12.564824
13.250807
13.658247
13.827959
12.673455
13.071581
12.714794
13.318240
13.226901
14.093475
13.907714
14.128896
13.866757
14.011322
13.559367
13.114263
12.566463
13.215802
12.957157
12.891236
13.990312
13.135154
13.280304
13.879067
14.315595
13.089568
14.066920
 9.494904
 9.855901
10.778018
 9.856878
10.268374
10.205700
11.171951
11.038133
10.971914
10.073970
11.344153
10.526850
11.428297
11.969867
10.620383
10.792839
11.354496
10.705857
10.495052
11.440235
10.670402
10.819049
10.516213
10.420970
10.586640
13.276094
13.361847
12.460050
11.568721
12.466496
12.865618
14.304637
13.656227
12.635352
12.984599
12.648974
11.247501
12.195730
12.217073
12.766889
12.780783
13.707507
13.903776
12.728375
11.616825
10.824397
10.416127
10.593653
10.971128
10.169885
12.855201
12.830087
12.182105
11.682155
13.269054
12.221955
13.533091
11.765877
12.358844
11.690619
11.496324
11.719312
11.552718
12.804299
11.719968
10.116574
10.530758
 9.885403
 9.430407
10.567210
10.002512
11.202832
10.677440
11.507128
10.984821
11.825366
12.527047
12.529482
12.735984
12.925258
13.030607
14.712476
15.183603
16.075416
15.139797
15.535928
16.021063
15.505968
12.253718
11.310273
12.806970
11.615148
12.046751
12.656353
11.758475
11.785308
11.653765
10.833468
11.047438
10.464207
11.039155
10.572925
11.425416
11.076225
11.823519
12.345362
11.820088
11.158059
12.018257
11.647213
11.361106
 9.837614
10.746892
10.292911
10.532939
10.746835
11.454233
13.944713
13.289563
14.307695
13.398026
14.783193
14.489832
14.944410
14.778453
17.020421
15.819299
16.305121
17.210824
17.132710
16.370426
16.681672
16.589926
15.901077
16.136241
17.056624
17.175524
16.473769
15.447334
19.815610
18.988757
18.499842
19.668191
17.162546
16.684584
17.128755
18.195464
17.099901
18.843059
16.879309
17.487210
17.782197
16.382184
17.953452
18.918292
18.151706
15.300217
16.392581
16.283353
17.400748
14.982218
16.630346
17.932257
19.162206
18.633970
20.288652
21.076424
19.784697
20.160493
19.556156
19.473876
19.845350
21.529561
20.356582
20.987129
20.534844
19.820258
19.664522
20.466100
20.276607
19.027156
20.014875
18.934469
18.891096
19.524575
19.371355
19.002665
18.163190
16.537482
17.208406
18.272400
17.425172
16.153381
18.538671
19.015931
19.453342
18.458176
18.237683
18.278855
18.044709
18.256839
18.702014
17.408406
17.046588
17.880936
16.912466
15.855024
16.294834
15.875059
16.842183
15.188411
15.165813
15.693886
16.230043
15.923135
16.554241
15.629194
14.358933
15.257076
15.676453
15.317771
16.465228
15.800840
15.235088
15.873595
14.634476
16.255129
15.246837
21.072951
20.708030
13.407463
14.849224
13.680102
15.208233
15.200344
13.929427
16.192092
14.425394
15.342552
16.155071
16.073941
17.991100
16.668233
16.495905
17.080798
17.591438
16.492889
17.822804
17.161092
16.348872
17.389735
18.316791
18.761627
17.969482
18.929575
19.039389
18.923807
18.411899
18.399867
19.080315
14.003596
12.646456
13.250683
12.832066
12.918523
12.729969
12.831395
12.954604
12.410805
12.861793
13.750414
12.999172
13.166490
13.102269
13.032437
14.591175
12.780572
15.017602
14.662896
15.054542
14.995856
16.407583
14.656751
14.138458
13.585231
14.982177
14.249485
15.463079
15.806490
15.638838
15.965027
15.770016
16.394809
16.307945
16.090720
16.008339
16.765405
18.031693
16.478657
17.887325
18.486386
16.053475
16.612394
15.834286
15.207199
17.057713
15.922186
16.652264
15.159518
16.532214
18.127827
17.878301
15.367455
18.270325
17.813811
17.263916
17.593603
16.693120
18.015356
17.110789
16.910663
15.768121
16.679174
13.749132
14.141709
13.921988
14.650794
15.723934
16.774365
14.876642
14.777272
14.465082
14.428193
15.208290
16.822722
17.850480
18.278865
17.036716
19.114363
19.317327
19.317975
16.704525
17.080287
18.076396
18.296761
18.455737
17.995902
18.096482
18.407388
17.463604
16.804436
16.557893
16.426625
20.519511
20.166126
18.958867
19.274156
19.748762
18.453327
22.404074
20.547547
19.991492
20.249343
21.286330
18.856487
18.225204
18.902873
20.167072
11.930752
12.180218
11.863395
11.735084
11.311613
12.488414
12.166623
13.135697
12.111960
12.135163
12.236289
11.632668
12.434882
11.355919
11.731849
11.534093
11.470425
11.882849
12.013116
12.163182
12.892623
14.871199
14.960769
13.761239
13.814656
14.356654
14.018658
13.843248
13.997112
14.592035
14.796813
13.885006
13.572373
17.751936
16.099557
15.187367
16.424552
14.206471
15.257193
14.410660
15.678239
14.043350
16.716208
16.885656
17.699824
18.079534
17.210466
17.412058
17.553531
17.657287
15.667616
17.544409
18.150141
16.596281
18.207730
17.938421
19.011067
18.351607
19.395140
19.990425
19.802100
20.522514
20.243271
15.775955
15.082328
14.446454
13.136927
13.669125
14.130051
14.318825
14.547264
14.285494
15.629693
14.497767
15.213280
15.884665
14.167660
14.758189
14.403789
13.450643
14.552030
14.184713
13.938485
14.404698
14.487941
14.742505
14.576198
14.923312
15.333299
13.655591
14.718819
15.464940
14.542830
14.077121
14.851597
13.658207
15.425726
16.387898
15.672782
14.888398
15.394509
15.005856
15.476558
15.687102
15.788812
16.336068
16.883523
16.221086
15.761024
16.193109
17.391661
16.930244
16.426738
 6.033581
 6.438979
 6.046085
 6.539764
 6.918182
 7.052015
 7.321970
 7.098089
 6.267807
 5.636205
 5.820897
 6.033867
 6.020435
 7.612071
 7.001450
 7.503811
 7.758733
 6.445251
 7.001970
 7.044761
 6.936512
 6.583387
 7.294453
 6.790701
10.221578
10.858282
 8.460029
 8.990963
 9.715525
10.533296
 9.807656
10.851481
 9.275053
 8.958267
 8.788369
 8.914561
 9.496156
 9.696728
 9.041360
 9.319031
 8.990161
 9.517493
 9.063815
 9.694527
10.951651
10.269268
 9.004239
 9.535994
 9.476027
 9.473123
 9.369868
 9.217733
10.460949
 9.653461
10.282601
10.184272
 9.162455
10.169889
 9.773481
 9.916782
 9.054730
10.083014
 9.382220
 9.125722
 9.301947
 9.400596
 9.633245
 9.110245
 9.334620
10.263728
10.087829
10.386605
10.523497
10.307339
 8.390039
 9.250121
 9.384104
10.845718
10.455643
10.656382
10.275782
 8.598647
 8.998588
 9.226678
 9.627861
 8.222443
 8.976414
 8.314083
 9.046945
 8.533554
 8.687789
 8.948981
 9.168856
 8.981996
 8.936158
 7.905925
 8.754746
11.169590
10.881817
10.566310
 9.367122
10.001318
 9.626938
11.590406
11.145013
11.321263
11.590345
11.232750
11.073819
11.636490
11.276842
11.394630
10.550690
11.768192
10.140309
 9.701847
 9.897304
10.081744
 9.689358
11.837863
12.011906
11.408761
12.041443
10.223846
10.441751
 9.795429
 9.612556
 9.945858
10.534308
 9.927915
 9.931336
 9.190714
10.348817
 9.942957
10.196379
 7.626567
 7.263927
 7.218040
 6.769468
 6.938860
 6.604503
 6.481711
 6.419617
 6.652649
 6.912497
 7.881245
 7.610495
 7.094976
 7.161295
 8.014758
 7.687904
 8.020135
 7.748253
 7.345387
 7.275461
 7.124554
 7.663823
11.190474
11.992793
11.679781
10.239301
11.095706
10.695905
12.354047
12.055516
12.351017
11.816542
10.083010
 9.593288
 9.367566
 9.360587
 9.508851
10.520764
 8.620272
 9.691828
10.216432
 9.535789
10.302055
10.910729
10.911789
11.460086
11.520190
 9.020890
 9.132639
 9.494643
 9.750818
10.800406
11.495093
11.372454
10.784884
10.539615
10.422371
10.905977
10.971537
10.937593
10.102888
10.514847
11.200689
11.510179
10.590743
11.032818
10.957420
10.098936
10.900112
 8.576720
 8.770835
 8.342615
 8.491170
 8.852953
 9.160753
 8.939704
 9.465314
 9.732536
 9.933657
 9.851916
 9.455456
 9.605410
 7.300617
 8.033885
 7.578410
 7.562691
 8.985458
 9.165243
 9.320974
 9.569641
13.987549
14.127074
13.166147
14.189245
12.085589
12.745288
12.968453
13.106164
13.647892
14.427330
13.649702
14.041815
11.897788
12.023249
12.232592
13.059585
11.352669
11.140969
11.377872
12.147743
13.017341
13.458457
11.472964
11.467463
11.793712
 9.783010
10.948122
10.229258
 9.848230
 9.690227
 9.672408
 9.379345
 9.035553
 9.134752
 8.900633
 8.808545
 9.790099
 9.493135
13.642744
14.927750
15.102792
13.267074
13.714570
14.082941
14.265345
14.366595
13.552345
14.367657
12.882528
12.238693
13.993835
12.733691
14.442673
12.766885
13.039221
14.011081
15.071406
14.109653
15.410462
15.554462
14.555532
12.858568
14.254428
11.805630
13.207425
12.589146
11.268931
10.997678
11.321368
11.269984
13.134289
12.392223
14.128692
14.384060
13.358634
13.577045
13.685782
13.464677
13.269879
12.986188
13.551188
12.852471
12.275569
12.480726
12.985145
13.520159
14.275056
12.879084
13.649495
12.961998
13.458312
13.358577
13.274407
12.088138
11.686621
12.302921
11.086851
12.354716
12.091168
10.880343
10.387455
 8.963874
10.604940
11.051896
10.963982
10.611238
10.945409
11.560124
10.732475
10.846469
11.206779
10.550972
10.268372
10.693554
10.892225
10.742631
10.437356
11.263572
10.311317
10.298940
10.079775
10.127097
 9.909842
10.184536
 9.752723
11.171402
10.277656
10.586011
11.944623
11.008723
11.942735
11.291535
10.903559
12.369454
12.964163
12.800476
13.279760
13.256906
13.251295
12.908029
13.331653
13.112764
12.882084
14.054849
13.227309
13.087685
12.105246
14.614175
11.831224
12.100259
11.844982
12.610010
11.822586
12.238276
11.696751
12.459545
12.323709
11.875190
13.206664
12.797399
13.832949
14.613024
14.359997
14.458370
14.579763
14.672763
14.881238
13.777857
13.834014
13.491632
13.525775
13.800198
12.502943
13.962274
13.772914
13.988812
13.589921
12.011587
12.639100
12.259499
13.561665
12.813878
13.334089
11.695145
12.100895
13.930383
15.028988
15.777068
 9.412126
 9.547710
 9.189595
 8.401451
 8.764375
 8.342692
 9.981855
 9.745107
10.103929
 9.807230
 8.532965
 8.486439
 9.248143
 8.362530
 9.050373
 9.044741
 8.709427
 8.722242
 8.415511
 8.551226
 8.869147
 8.564548
 8.405840
 8.531191
 8.683920
 7.738243
 7.982360
 8.233054
 7.539287
 7.549937
 7.504161
 8.166086
 7.016513
 6.570370
 7.315821
 6.577185
 7.315614
 7.338568
 6.773192
 6.594109
 6.977889
 7.152024
 9.860754
 9.780660
 9.490901
 9.192662
 9.914732
 9.030189
 9.335643
 9.482956
 9.401534
 8.724613
 8.907728
 8.115937
 7.992556
 8.149143
 8.434708
 7.903596
 9.079290
 8.180715
 8.056336
 7.687386
 8.423609
 8.838572
 8.985626
 9.345605
 9.086070
 8.434609
 8.476980
 8.472706
12.409760
12.546469
12.329829
12.662201
12.080204
12.117896
11.137204
10.833704
10.730838
10.787886
10.366534
10.874029
10.901893
10.853048
10.567886
10.661382
10.873631
11.387287
12.830081
12.053205
12.941722
11.460046
10.621484
10.406002
10.254513
10.910329
10.748011
10.313655
10.441557
10.849357
11.607704
10.659695
11.539586
10.930419
11.661983
11.612600
10.710996
11.070801
11.459485
10.751983
11.340243
11.271769
11.291217
11.353541
11.620988
11.834803
11.792961
11.337637
12.148294
11.570076
11.447247
10.857155
11.537629
11.971542
11.658190
11.459876
11.431247
11.999655
13.036058
12.715248
10.994908
12.344882
12.318881
11.911086
11.633625
11.495738
11.207468
11.922206
11.273957
11.556617
11.685709
11.985588
11.986636
12.392385
12.201505
12.856097
12.776128
12.620761
13.728067
12.701075
14.045478
12.265078
13.709853
14.397981
13.507318
13.214631
12.623001
12.765836
12.262755
13.121770
10.077481
 9.804147
 9.668439
11.434971
11.165038
11.974134
 8.738596
 9.787360
 9.717990
10.877619
10.988116
11.706267
 9.778375
 9.729906
 9.077369
 9.662386
13.893021
12.930376
12.681590
12.356195
13.245526
11.370331
11.995609
11.763075
11.490321
11.272752
10.114059
10.772784
10.848978
 9.216288
 9.065365
 9.637255
 8.476021
 9.216567
 9.434837
 9.729391
 9.400388
 9.423177
 8.365024
 8.518524
 9.045187
 9.387637
 9.551237
 8.963254
 8.882123
 9.328434
 8.565774
 8.912034
 8.893530
 8.774458
11.354168
11.000906
10.414367
10.693159
10.851617
11.211355
11.433448
12.315916
12.909061
13.252785
12.127855
13.354705
12.609406
12.896351
12.678110
12.784704
11.691441
12.619923
11.770448
11.190766
11.556288
13.525834
12.662499
13.473985
13.763739
13.756767
13.879654
13.460458
14.344650
13.570504
13.294871
13.287277
13.561094
13.236090
12.921453
15.373839
15.069140
15.861976
14.721964
16.109789
16.074415
16.816825
17.199608
17.338126
16.233692
16.870832
18.138015
18.420690
18.510496
18.310579
17.673009
17.807779
16.685208
16.459178
16.532070
17.353094
16.353888
16.911613
16.158922
17.233133
16.150499
11.800230
11.541217
12.020256
11.887287
11.388465
12.515525
11.920651
12.614027
12.351920
12.664284
11.856260
11.479631
10.834036
11.156982
10.900975
 9.910393
10.071121
10.086233
 9.778411
10.810749
11.485327
11.024222
12.552351
11.705216
12.083000
11.164636
12.188907
12.576641
12.163491
12.789325
11.911918
11.761228
12.156089
12.517438
11.668712
12.706978
11.850934
11.419412
11.313243
11.980118
10.544140
10.864180
11.624387
11.814513
11.116351
11.503909
11.482307
12.042395
10.935071
11.150157
10.934649
10.174050
10.202860
10.038050
 9.377347
 9.439642
10.236971
10.401056
10.201769
10.783227
10.295147
10.370334
10.357880
 9.764576
10.631715
10.301608
10.843157
11.299429
10.692003
10.255026
 9.921077
10.130672
10.711645
11.174143
10.636395
11.823061
11.395536
11.481212
10.654211
10.528398
10.239269
11.216080
11.160329
 9.955882
10.733491
12.762183
14.481130
13.820557
11.682284
11.749331
11.920103
12.584277
13.300924
12.291959
12.031550
11.553157
10.625413
11.137524
10.586450
 9.943906
12.329441
11.519545
14.356585
15.038411
14.788594
14.947708
14.232426
15.922393
16.140566
15.032261
15.591955
15.131193
15.741748
14.701064
12.365444
14.020314
13.875048
13.649923
15.462817
13.401962
14.397032
10.719887
10.885066
 9.298413
 9.803697
 9.418362
 9.697024
 9.802554
 9.650628
 9.148185
 8.778958
 9.251354
 9.240017
 8.767682
 8.887575
 8.826775
 9.068671
 8.748900
 8.816207
 8.442540
 8.651013
 8.548369
 9.077779
 9.431317
 8.893956
 8.651404
 8.953148
 8.203596
 7.470776
 8.071967
 8.193630
 8.502977
 8.531078
 8.417115
 9.069429
 8.766046
 8.702669
 9.115544
11.313273
11.538888
10.669327
11.814580
10.321246
10.089131
 9.705152
 9.430182
 9.082799
 9.587694
 9.176430
 8.855476
 9.424612
 9.635911
 9.927087
 9.501523
 9.465142
 8.987352
 9.710896
 8.695512
 9.052613
10.055533
 9.183538
 9.616325
10.952702
10.978763
10.516751
11.571373
11.703436
12.643988
12.438687
12.148225
11.194583
11.838365
10.553644
 9.412971
10.074671
10.563688
10.829372
10.268467
11.830837
11.467191
11.624364
 9.967074
 9.751448
10.187407
12.702673
12.132740
13.618072
12.984257
11.207766
10.847402
 8.729074
 8.994621
 9.286904
 9.508760
 9.729387
10.340109
 9.329652
 9.391970
10.066079
10.337689
10.556585
10.696534
 9.699875
10.293373
10.234089
 9.908509
 9.736126
 9.719889
10.259841
10.030741
10.263097
12.173773
11.467983
11.870730
12.380036
11.775229
12.695397
12.220895
12.034136
12.065141
12.121012
12.304894
12.231408
11.291264
11.131489
11.555054
11.376215
13.373194
12.147553
13.422075
13.247457
13.145415
11.854243
12.353036
11.540255
13.204240
12.387848
12.907804
12.818231
11.405859
10.413647
 9.849334
10.734761
10.576593
 9.818871
 9.800799
10.082222
12.612438
11.328284
11.613300
12.171519
12.445029
11.618182
12.216115
11.618230
12.426008
12.108491
11.815344
12.323061
11.721098
11.929668
11.646559
 9.823386
10.125848
10.012457
10.039799
11.070891
10.980560
11.645925
 9.364669
10.287055
 9.906648
 9.528720
 8.626243
 9.135519
 9.350334
10.076993
 8.751810
 9.228044
 9.416304
 9.324881
 9.731058
 8.318902
10.374684
10.604253
10.603834
11.049722
13.865835
13.688799
13.581395
13.902507
13.659542
12.856105
13.402943
13.427602
12.122177
12.644281
12.725669
12.495963
12.761710
 8.192569
 9.451813
 9.214901
 8.233566
 8.932695
 9.384744
 9.161740
 8.461498
 7.291142
 7.513027
 7.092474
 7.927507
 7.312193
 7.251592
 7.143258
 6.852778
 6.742547
 6.498846
 7.530391
 6.802527
 7.695302
 7.054535
 7.180459
 6.985942
 9.940508
 9.772084
11.964696
11.600949
12.545074
11.716604
11.640144
11.784878
11.958944
13.175706
11.718453
13.127074
11.909984
12.448835
12.823043
13.026701
12.370782
12.456373
13.978690
11.229954
11.560095
11.862818
11.353878
11.735928
 8.877417
 8.354636
 7.868128
 8.090901
 8.108033
 8.893341
 9.069879
 9.602085
 8.544424
 8.418418
 8.319285
 8.159277
 8.346295
 7.871909
 8.384153
 8.038989
 8.048081
 8.158398
 7.833372
 8.229800
 7.621756
 7.308053
 7.965708
 8.018702
 7.494778
 7.196741
 7.349131
 8.056146
 7.291278
 8.371660
 7.745418
 8.208086
 8.235349
 7.649617
 7.413682
 7.681143
 7.516355
 7.570634
 7.525026
 7.672021
 7.555089
 9.110527
 9.052556
 8.713887
 9.418710
 9.372392
 9.160487
 8.325675
 8.766670
 8.630745
 9.150518
 8.721759
 8.552374
 8.693189
 8.331993
 7.613495
 8.339500
 8.454199
 8.269556
 7.448799
 7.472684
 8.122696
 7.714067
 8.813646
 8.078387
 8.461875
 7.679193
 7.283190
 8.234357
 7.611348
 7.665442
 7.733654
 7.382911
 7.779673
 8.548605
 7.719965
 9.189463
 8.595598
 8.230637
 9.204383
 8.802840
 9.722525
 8.855460
 9.187119
 8.788764
 8.945606
 9.355938
 8.952548
 9.250515
 9.538416
 9.168332
 8.816069
 9.401833
 8.741414
 9.055020
 9.310493
 8.916784
 8.441587
 8.628094
 9.466463
 8.548191
 8.039928
 9.031040
 8.769359
 9.587066
 9.641902
 9.090647
 8.386011
 8.975858
 8.923387
 9.513007
 9.113182
 9.344341
10.061318
 9.124698
 9.699548
 9.442918
 9.809496
 9.862850
 9.824995
10.140602
 9.568992
10.031159
 8.860029
 8.798471
 9.777985
 9.009209
 8.709733
 8.482536
 9.826823
 9.706612
 9.481206
10.126065
 9.916856
 9.955781
 9.217127
 9.923893
 9.138482
 8.937064
 9.103949
 8.582039
 9.122725
 9.627279
 9.117333
 9.389621
 9.972036
10.033745
 9.927157
 9.524006
10.612520
10.603676
 9.796446
10.412539
12.393484
12.061969
11.458500
11.123396
11.086768
11.154730
11.360568
11.873567
11.465567
10.483504
11.811371
11.423579
11.779130
12.466329
11.177465
11.711326
11.389625
13.075715
11.498723
12.996146
13.665389
13.078760
12.264521
12.141029
12.394521
12.488705
12.606117
11.634515
13.273079
13.242609
11.464538
12.816441
11.756308
12.714035
13.444351
13.521706
13.620899
12.513699
12.557596
10.682429
10.210513
10.408430
11.001003
10.070727
10.182180
11.119221
12.109139
12.317915
12.305944
12.710649
12.701392
12.448956
13.413817
10.804854
10.749343
10.743396
11.554531
10.911822
15.942138
14.273804
17.104909
15.638066
15.720940
16.062938
16.297560
14.586619
15.277488
13.797800
17.271731
15.764513
16.198227
16.855152
16.930987
16.169261
15.440024
16.083220
14.479977
14.028185
13.395789
14.130083
14.177467
13.884627
13.620980
13.376121
13.813004
14.352445
10.955240
10.272093
11.767597
12.866574
12.572229
13.475593
12.393533
11.947105
12.059464
12.473950
12.041594
12.081831
12.370755
10.964163
11.276201
10.758117
11.190260
11.737007
12.772236
12.271209
12.128221
13.293647
13.811103
13.745622
14.686914
14.533672
13.960882
11.988984
12.796010
12.364935
12.455547
12.042992
11.598324
11.836900
13.636036
13.602210
13.024949
13.602379
12.382563
12.675739
12.047821
12.576943
12.515466
12.294238
12.009044
11.827297
11.811050
12.059790
12.334071
11.985728
11.479891
12.002958
10.518366
10.413459
10.532901
12.249738
11.764723
12.358745
12.177833
12.147470
12.877260
12.480657
12.333561
12.180848
11.845336
18.998890
18.483260
19.186268
17.118871
16.970559
17.898882
18.303398
17.554851
17.658352
19.911168
16.835691
16.542996
17.656818
18.301984
18.069704
20.197422
14.110520
12.588791
14.125496
14.737314
14.658575
13.945452
12.729009
12.958946
12.652355
13.282349
13.911774
15.021042
13.214053
15.354057
13.817724
13.076071
12.131838
11.872228
13.229653
12.030164
12.134410
13.732983
15.741147
14.979981
15.474860
15.318475
14.893064
15.012958
15.583957
14.607665
14.562997
14.974973
13.557205
14.020049
14.339114
13.938712
13.863871
13.317937
12.242263
13.896892
13.584530
14.000228
11.933763
13.272290
14.203131
13.694137
14.279865
13.074976
12.793425
13.170259
13.582446
13.718399
13.130187
11.425158
11.197752
11.479146
10.860286
11.186943
11.384312
11.020208
 9.348761
 9.963953
 9.641157
11.440074
11.148690
10.423700
10.270238
10.230617
10.074622
10.241935
 9.515388
 9.628579
10.653473
10.481483
10.157234
 9.694828
 9.741375
 9.486056
 9.265297
 9.761160
 8.761666
 9.399708
 9.726383
 9.815758
10.293253
10.266426
 9.689433
 9.966930
22.541631
21.066449
22.549977
20.786947
10.874376
11.053187
11.703986
10.711593
11.960770
11.139397
11.515510
11.603334
14.357595
14.549902
13.868593
14.847219
14.663572
14.196509
13.838891
13.505995
13.588075
13.023193
13.462021
14.137355
15.137708
15.789039
16.123812
15.268009
16.305522
16.323832
16.569339
15.607974
15.720273
13.840453
14.886993
13.844758
13.900326
14.235986
13.956874
12.994919
14.504727
14.431892
14.489708
15.534833
16.067644
14.622331
12.606572
13.196301
13.749520
13.228092
13.341987
12.857565
11.900525
11.761523
10.877457
11.790461
11.644330
11.487382
10.899668
11.731450
10.690084
10.841933
 9.888812
10.350192
10.756940
15.614405
13.610296
14.454636
14.195626
13.996491
14.596954
12.835362
13.609721
14.101226
13.564924
14.461511
 7.438822
 7.207748
 7.906528
 7.816787
 8.759692
 8.443178
 8.817553
 9.249172
 8.594791
 8.464463
 9.181544
 8.645381
 8.552503
11.038847
10.955000
10.471722
 7.299503
 7.502513
 7.887574
 7.882130
 7.544829
 8.143644
 8.079736
 8.615097
 8.099600
 8.329764
 8.006251
 8.091972
 8.724906
 8.697144
 9.397545
 8.048973
 8.220498
 9.188054
 9.119788
 8.859002
 7.934105
 8.529517
 9.397313
 9.299838
 9.019156
 9.316006
 9.872097
10.162161
 8.468226
 8.070416
 8.445620
 8.061880
 7.763622
 8.500423
 8.323387
 8.470443
 8.719512
 9.007379
 9.349604
 9.789092
 9.036235
 9.155854
 9.131118
 9.464768
10.434284
10.074505
10.564357
10.494312
 9.740969
10.138390
10.073553
 9.101482
 8.090599
 8.446307
 8.298148
 9.502124
 9.436008
10.157359
10.088531
 9.728062
14.391673
15.351583
14.599697
14.331120
13.581708
13.995759
14.067114
15.228400
13.213865
12.143940
13.447614
13.018397
13.352467
11.204490
11.300644
12.143704
12.007721
12.357172
13.048008
12.233229
11.977304
12.846850
13.811456
12.682435
13.738162
12.658386
12.990109
13.377979
13.900792
14.443386
13.787847
15.618721
14.930425
15.739669
13.161453
14.949656
15.315349
13.892327
14.749645
13.492424
13.060376
13.176915
13.904167
13.914088
13.438241
14.376517
14.251685
14.481094
15.878551
14.933636
15.263093
15.162974
14.827908
16.543279
16.283395
16.503413
16.746621
15.042720
14.579541
14.934794
15.486124
15.682983
14.188263
14.163272
13.744720
14.430466
12.633409
12.427742
13.488002
13.623440
12.635507
12.504622
13.818446
13.081470
12.400253
13.255026
13.044072
14.351052
13.496110
13.111519
12.127140
11.938234
12.948304
11.019088
11.262654
11.096294
10.760663
13.392668
12.898851
13.587190
11.596549
11.550069
10.628925
13.002956
13.411717
12.652530
12.389851
12.781379
12.042068
12.067144
11.648769
12.848713
12.957333
13.762739
13.518626
13.674467
13.593497
13.267319
12.673106
14.580487
14.683458
13.896097
13.387624
13.753482
14.435631
14.593274
12.166002
11.889377
12.697138
12.471667
11.948321
12.878999
12.953270
13.569947
19.606251
18.034933
20.420315
20.323184
19.575847
20.970990
19.223334
14.696738
15.709919
15.684372
14.961706
15.388934
12.391334
14.053389
13.402965
12.401456
13.901321
13.335040
12.791467
11.246460
11.258648
10.571832
11.779983
10.936055
11.949615
13.922741
13.893616
14.143877
15.530346
14.546928
14.091570
18.844343
20.188802
19.197327
17.593721
16.989026
15.179280
17.152226
18.325400
17.294420
14.687817
14.665001
14.124037
14.596041
14.778080
14.605870
14.443971
14.287361
14.998929
14.188949
14.603377
13.727938
14.203402
13.601962
13.751737
15.123592
14.132868
13.748656
14.668766
14.228951
14.971701
13.707708
14.337190
13.410658
12.609607
14.002435
13.796620
13.800838
12.389697
13.467396
12.623136
12.771444
13.379884
12.215209
13.450162
12.781447
12.972693
13.800444
12.391194
12.268531
13.380643
13.309350
13.015335
13.058657
13.149133
13.708303
13.255113
11.811485
13.108204
14.282936
12.909688
13.592845
12.844129
12.146765
12.726053
14.704672
13.855683
15.504494
15.275084
15.362035
15.691472
13.998222
13.347090
13.516850
14.719973
14.083531
13.966585
14.313515
15.186062
15.593497
14.238707
16.848539
16.893236
16.646294
16.466966
16.930445
17.042352
17.164576
11.504376
10.335560
11.057291
10.504756
11.239439
11.355690
10.894972
11.511390
10.939901
10.994321
 9.743651
10.379251
 9.888607
 8.576407
 8.984437
 8.487691
 9.542231
 9.504687
 9.552805
10.128514
 8.271359
 8.468485
 8.322031
 8.079217
 9.109314
 9.506588
 9.573439
 9.005545
 9.623025
 9.503045
21.482094
24.408002
21.156966
20.489089
18.937475
18.814457
19.002624
18.604967
17.585075
20.642627
22.312288
22.878682
22.422653
22.882038
23.465144
21.053150
20.840551
20.079950
19.803030
19.948878
20.279840
19.486778
20.201219
18.119547
16.973922
16.977337
18.429080
17.739748
17.725317
17.223755
17.380297
17.988549
18.621102
18.102603
18.686379
13.202380
12.229694
12.555907
11.828852
12.139028
11.631291
11.523896
12.826445
11.501895
12.636372
12.270994
12.547836
15.306008
15.097097
15.957580
20.969696
21.088809
21.272397
20.687482
18.713749
18.221983
18.925552
18.667936
18.352937
14.192037
14.928071
13.587657
13.967170
15.271718
21.043505
19.969999
20.136447
20.468540
19.917774
17.318475
18.864932
19.050051
18.218680
18.621744
17.684069
17.543187
19.566415
18.932464
19.634792
19.545391
20.124071
16.821219
18.207864
18.924045
18.825902
17.409048
18.402613
23.686111
23.164258
22.954990
15.318962
15.203473
15.095957
14.540617
17.211832
18.354025
17.584838
16.671701
16.190357
16.584347
17.282969
18.265986
16.206230
15.978684
15.577436
15.025986
16.712198
16.878342
16.443300
17.622014
16.544080
16.310287
17.239886
17.281214
16.515280
16.969554
18.956251
16.463667
17.740433
18.305873
19.041690
18.088967
17.902901
19.074754
17.757639
13.321454
12.946748
12.633035
10.923934
10.529340
10.956148
10.590671
11.231988
10.233890
10.602212
11.235136
11.326462
10.914330
10.739712
10.395889
10.083950
11.341289
10.910414
 9.705524
 9.820122
 9.474680
 9.549159
 9.689087
10.265276
 9.502491
10.193420
10.416126
 9.544026
 9.866040
10.354274
10.006366
 9.690317
10.738106
10.348211
10.382256
10.390787
11.492297
11.683786
10.021703
10.302629
10.209997
10.120907
11.033020
10.943679
10.844526
10.294322
 9.804219
10.897421
10.556397
10.591688
 9.695225
11.799403
12.161357
11.761081
11.342800
11.137257
12.009366
11.673221
12.082781
11.684673
12.054657
11.667434
11.675790
10.536320
12.045601
11.907264
12.398974
11.829979
12.956739
12.245644
 9.853461
 9.326373
 9.922861
 9.817302
 8.919306
10.353300
 9.968609
 8.722831
 8.833366
 9.117181
 9.058722
 9.152495
 9.666278
 9.139934
14.211084
14.522922
13.420901
13.286572
13.234393
14.851486
14.093115
14.154285
12.278548
13.625545
15.506189
14.626784
15.387888
15.993808
15.456287
14.461363
14.066239
13.726358
13.972313
15.766330
13.669154
15.185383
14.867580
13.202054
15.988988
15.409545
15.537687
15.799154
15.511300
18.596489
17.428351
17.636983
18.449835
19.002308
18.697166
18.455398
18.655200
20.099112
18.369433
12.582833
11.031337
12.034284
13.016976
10.976183
11.270503
11.807700
11.675285
11.363321
12.566536
11.938042
11.832829
11.204723
12.096345
11.755513
10.783073
11.851319
12.156986
11.226770
12.752091
14.127655
12.890329
13.373761
11.893391
13.189527
11.024351
11.493557
10.805199
11.489952
10.965904
11.757740
11.241008
11.075341
10.471029
10.198375
10.659597
10.499748
10.375277
11.276067
10.407743
11.223829
11.443200
11.501455
11.000812
11.029965
10.778431
10.799124
10.243989
 8.807998
 9.574849
10.332053
 9.998798
 7.672381
 7.841688
 8.076301
 8.874861
 8.981557
 9.784644
11.757890
11.341186
12.746578
13.211648
12.401323
12.739453
12.790520
12.403236
12.235007
12.302121
12.752582
11.606920
10.416073
11.759224
10.798359
10.813012
10.205716
11.029901
10.738404
11.118306
10.693727
11.389591
10.377425
 9.886150
10.207588
 9.693253
 9.765854
10.272450
10.814541
10.639420
10.037011
11.596809
17.086777
16.336790
15.905463
16.565042
16.525718
17.214410
17.189227
14.076956
16.209210
14.658950
14.336360
14.075900
15.450421
15.627353
15.183388
16.107216
17.387894
16.319456
17.317565
15.075244
16.048063
14.126350
14.189610
15.943834
15.086777
14.587260
14.734471
15.252082
14.951820
14.693668
15.687664
14.145739
14.309979
14.803195
14.994417
14.539053
12.923350
12.251683
11.184301
10.672159
11.121674
12.842137
12.036323
12.482260
11.519021
11.976405
10.946010
11.753069
12.276379
11.055505
12.850748
13.005896
13.192965
12.826206
12.889813
13.566063
13.335706
12.901345
13.918721
13.737631
13.140964
11.951345
12.895637
12.614530
13.176804
13.625691
12.460304
13.243103
14.595530
14.232548
12.957788
13.550247
13.413898
11.415319
12.692000
12.592506
12.636199
11.994700
12.366983
11.557299
12.388018
11.983817
11.926096
12.689762
14.293206
14.536850
14.130779
13.724944
13.759148
14.799608
14.665478
14.611957
13.449420
14.141794
12.578915
15.147979
14.043286
15.710779
16.132859
16.801643
16.396640
15.453883
16.348097
17.752747
15.184544
14.699190
14.419899
14.312584
13.685553
17.045527
14.995430
10.951022
10.284865
 9.482885
 9.516432
 9.452963
 9.375251
 9.959357
 9.635071
 8.706699
 9.215991
 9.029973
 9.365292
 9.917678
 9.924192
 9.494214
 9.061285
 9.567446
 8.105797
 9.317821
 9.060372
 8.795785
13.169848
13.822093
12.714008
12.521159
13.249427
12.929109
12.369991
13.017303
12.261897
12.783461
14.642515
14.316592
14.370255
13.690499
13.983090
14.987795
14.622228
14.430531
13.396436
14.189135
14.681292
14.683242
15.077760
14.156283
13.374467
16.196917
15.958448
15.333795
14.732819
16.123714
15.901483
 9.961749
10.017044
10.247272
 9.554051
 9.389390
 9.176453
 8.888371
 8.473288
 9.331980
 8.605059
 9.313787
 8.684545
 8.640605
 8.075940
 7.998002
 7.895752
 8.691722
 8.750795
 8.824175
 8.930143
 9.382066
 8.856464
 8.406426
10.503572
10.367535
 9.091617
 9.259385
 8.644134
 8.414245
 8.866372
 8.967364
 9.484976
 9.220241
 8.894657
 8.955054
 9.180773
 9.160834
 9.326279
 9.355531
 8.719654
 8.908013
 8.734997
 8.855579
 8.142776
 9.411571
 9.750378
 9.305357
 9.575572
 8.917409
 9.849518
 8.608284
 7.855947
 8.051754
 8.057138
 8.740093
 9.068605
 8.685044
 9.594612
 8.806160
 8.526054
10.514049
10.300747
 9.910247
10.630337
10.288218
 9.854725
10.194839
10.134895
10.251186
10.646584
10.161147
11.267378
10.863990
 9.718058
 9.503092
 9.719148
 9.244291
 9.193906
 9.824005
 9.521977
 9.277989
10.067350
10.123125
 9.525116
 9.331268
 9.587800
 9.320531
10.134142
10.699021
10.526251
10.810403
10.692515
10.571725
12.176552
12.529437
13.373730
12.488161
12.578489
13.106923
13.125402
11.847093
12.178059
13.020046
13.163523
12.773495
12.766673
12.130755
10.095782
10.383667
10.891638
10.578999
10.264815
10.621297
10.524016
10.206572
10.593537
 9.768474
 9.389037
 9.957490
10.427608
 9.956285
10.140114
12.744708
11.626575
11.244012
11.934268
12.704202
11.595100
11.537553
11.683099
10.869022
12.103179
12.981523
12.741889
13.492511
13.359199
12.915846
11.063132
11.679188
10.618344
10.693693
11.564410
12.023993
12.012687
11.889913
11.911180
11.768019
11.302739
12.486445
11.964292
14.170571
13.143360
12.946934
13.087737
13.852586
13.252730
12.772223
12.357117
12.734960
14.091761
12.706659
12.458326
12.888063
11.834185
12.645406
12.999141
11.760180
11.692136
13.226725
11.855459
11.471517
12.290369
11.903680
11.539192
11.472761
10.822353
11.372204
11.712164
11.141345
12.016648
10.549112
10.648062
11.279512
 9.411343
 9.166680
 8.868315
 8.714222
16.491336
15.603961
15.464497
15.722642
15.844485
16.577812
16.371590
16.475112
15.136885
15.242488
16.503297
15.463292
16.456598
15.769269
15.196727
14.979761
15.630475
15.886603
15.463979
14.629080
15.914600
14.655021
14.528174
14.377424
13.978884
13.690627
14.995876
13.865847
 9.039289
10.225455
10.115519
 9.933349
10.021441
 9.752882
10.263540
10.409197
10.185348
11.036890
10.193134
10.986495
10.584784
10.782120
11.243476
11.395506
11.262633
11.020415
11.033849
10.343309
11.263825
11.807490
10.884377
10.951387
10.629974
18.503447
17.883502
18.969268
18.999905
18.011576
19.300730
18.926778
19.884083
20.063307
18.790583
17.817287
15.266667
15.602149
16.920448
16.764826
16.265125
16.710573
15.636041
16.674261
16.438945
19.428342
18.709347
18.815465
21.446802
19.928598
19.939786
19.562975
22.571079
21.755368
20.149376
19.640971
20.176663
20.684603
18.379000
21.914438
22.067087
15.837991
17.324157
22.432660
23.322213
22.781241
22.776973
23.617069
21.693190
26.450211
26.091445
25.677726
24.978457
25.352199
25.698123
25.980442
25.009388
23.878869
24.978238
21.256963
22.429000
21.581590
21.705104
20.763630
24.365574
23.651379
23.781191
24.945523
19.801614
21.263201
19.921629
19.442399
20.402982
20.984751
20.675430
18.956025
20.278312
20.781016
19.729484
21.021825
19.872184
20.099280
20.341703
18.598394
18.011876
16.953397
17.553728
17.650560
18.350675
18.857172
20.337979
18.977381
17.410486
19.727398
19.377381
19.339419
19.562054
21.846183
19.190712
18.943935
20.793663
20.311851
22.632111
19.836766
13.935019
13.108021
13.703905
13.223810
14.454034
13.444952
17.539257
18.907811
19.717730
13.424110
16.036598
16.030253
16.816139
15.767082
15.464114
15.201064
16.250036
15.440188
15.711778
15.949320
15.402935
15.812696
15.222129
15.072541
14.769978
11.834548
10.641444
11.176528
10.505019
10.919199
10.433905
11.352404
12.733149
13.845098
14.276558
12.972904
12.312366
12.405255
12.948964
12.110712
14.134244
13.467238
12.953560
12.726700
12.834622
12.889892
13.251230
12.305414
13.260285
12.569125
13.486511
11.657133
11.241725
11.347733
11.419604
12.226332
11.745495
10.883140
11.534430
11.101333
11.880857
11.951932
12.468350
11.699949
12.011436
12.334643
11.891345
12.911005
12.649721
13.274119
12.882933
12.167398
12.166469
12.467449
12.693920
12.957448
13.102993
13.173935
14.018876
13.388622
 8.120758
 8.384470
 8.345337
 8.906915
 8.964169
10.036830
 9.758144
10.040996
 9.713423
 9.056868
 9.519467
 9.068719
 9.476275
 9.503036
 9.481777
 9.982876
 8.615374
 8.378582
 8.693216
 9.163606
 8.365871
 8.684708
 8.656018
 8.868453
 8.242456
 8.159132
 8.458836
 8.877696
 8.038178
 7.746842
 7.692525
 7.766129
 8.406079
 8.060759
 8.265698
 8.306591
 8.559252
 8.425832
 7.202341
 7.833121
 7.472993
12.240464
13.375098
13.043937
13.170912
13.638362
11.305261
11.321495
11.397100
11.629554
10.952684
10.853632
10.493490
11.051049
15.751823
16.412969
17.110501
16.171489
17.452425
16.516252
16.031225
16.656944
16.937320
14.081652
11.752917
11.808679
11.077336
10.727077
11.544146
11.277774
11.041379
13.129232
13.615294
12.367299
13.332557
13.882524
12.935401
12.084382
11.932087
11.799508
11.744977
10.638069
11.390359
12.132547
11.547833
12.316097
10.048642
 9.804136
10.577304
 7.148563
 6.678541
 7.430414
 7.047987
 8.002419
 8.077577
 8.307188
 9.357481
 8.741124
 7.642281
 8.319303
 7.840601
 8.362003
 8.473735
 7.734735
 8.451862
 8.264322
 8.652544
 8.232533
 7.799511
 8.894333
 8.940920
 9.486838
 9.191830
 9.753562
 8.480999
 8.775234
 8.095127
 8.538875
 8.568617
 8.216036
 8.462535
 8.369876
 7.220689
 7.114630
 7.224050
 7.184305
 7.739870
 7.659115
 7.372825
 5.910725
 6.276776
 6.227166
 6.499021
 6.581104
11.114468
10.970981
11.033520
12.166269
12.723635
12.528756
13.046877
12.800933
12.746040
13.144280
12.178385
12.123014
12.878681
13.694556
12.930651
16.359847
14.464008
15.084780
17.558125
17.365853
17.872606
18.086762
16.815833
18.497429
16.144293
17.998531
18.089068
17.006633
16.187990
16.053886
15.960809
16.079767
17.159922
15.611191
16.642904
14.321600
16.046065
16.377566
14.886482
14.461183
21.383290
22.891104
22.036980
22.726629
20.008167
20.075028
20.798213
19.203718
16.849857
16.481217
15.957924
16.335699
18.555514
19.792466
16.113863
16.244396
16.610210
16.106046
17.458887
17.706481
16.375284
13.789395
13.703906
18.116703
16.801509
16.374908
16.719479
17.892986
18.795177
18.696698
17.940236
16.696378
17.162104
17.277051
19.308183
18.748224
19.874637
17.454493
16.937133
16.978284
16.334577
18.614783
19.425158
20.582202
18.482691
20.027053
20.177931
21.380858
22.576000
21.578461
21.556845
21.493957
16.463155
16.799403
17.030284
15.408518
15.062087
15.412462
16.402311
16.640559
14.338385
13.974730
15.410982
19.202222
17.962563
18.501930
18.891683
15.745559
15.251577
15.449205
16.575410
16.184397
16.593206
15.549756
17.273583
21.097629
22.957655
22.991543
20.498087
21.241361
21.873194
20.935573
23.396771
20.899987
24.030803
21.543947
19.062115
20.046000
19.472857
19.555617
20.728580
21.788037
20.548523
19.105411
19.692843
20.632378
20.307688
21.289410
22.230611
21.375812
21.130149
21.738810
21.162120
21.219769
22.657004
21.437103
21.412189
21.783026
17.660841
16.327306
14.323208
16.025896
15.705704
16.726654
16.487031
15.024610
16.999817
15.602854
13.726621
14.503500
13.673978
13.284231
13.740074
14.365624
13.404186
14.477881
14.561406
13.255630
14.152463
15.210881
15.498680
14.933818
14.529830
16.102124
16.572164
16.106676
16.069957
16.206327
16.260134
16.237080
16.251410
16.767943
18.125679
20.674626
19.526361
18.946944
20.198096
19.084623
19.515511
18.750647
17.776960
18.580660
20.319881
19.644070
20.766463
20.130108
17.810854
18.368831
18.610035
19.366309
18.650687
18.651883
19.201328
19.018026
19.051107
17.783405
18.954331
12.588446
12.510076
11.315641
12.071122
13.295140
12.682341
10.836171
11.060434
10.096894
10.258194
11.149058
11.377186
10.391776
10.523252
10.171566
10.540630
10.044948
10.770369
11.587161
11.384625
10.963461
10.585763
11.638842
11.074001
11.970179
11.952459
10.341741
11.327399
11.069824
18.439396
21.539400
21.841384
20.736171
15.374592
13.571471
15.704588
15.542246
14.620329
16.445287
16.223728
15.411338
16.766408
18.694237
18.880407
17.920091
18.683555
15.449793
17.190277
18.443217
16.675213
17.844403
16.876378
15.788052
14.776647
15.683745
14.595276
15.470323
15.328612
15.205594
14.191283
14.325230
14.704259
14.638921
12.216748
13.741680
14.002664
14.315922
14.286589
15.106962
13.856672
14.275749
12.259385
13.829598
12.513200
12.890638
12.086187
12.337818
12.067791
14.837096
14.386773
13.247972
13.638071
13.819720
13.345084
13.243303
13.201285
11.975637
13.234763
13.339438
11.752299
12.120723
11.777855
13.683615
13.166333
14.757472
14.347879
11.764994
12.661932
12.459921
13.441922
13.348580
13.212499
13.636068
13.734153
13.978840
13.828988
12.948145
13.164970
12.835891
12.621988
11.789936
12.931669
13.226779
13.702448
12.072846
14.208609
11.806625
11.240759
12.239285
15.099952
16.167791
16.450017
14.824496
14.591606
14.278427
13.041298
15.720262
14.262748
15.374120
15.582464
17.555513
16.769674
15.678811
15.913906
17.530739
15.411705
16.005383
16.962636
15.355770
16.426496
14.279850
15.579741
15.862244
14.648406
14.937135
15.223966
16.323580
17.063529
17.650079
17.213672
17.404944
17.964753
18.763205
18.028461
17.363660
17.597607
17.231023
16.682229
15.978810
18.302370
15.476488
15.576551
15.310835
16.408605
16.790440
16.496418
16.554313
15.253057
15.690469
18.242956
16.018371
16.920855
16.006994
17.627942
18.132392
16.848313
16.484719
18.006052
13.576653
13.361436
13.031258
13.799023
13.821394
13.981446
13.657087
13.505784
14.586180
12.524958
13.601175
14.589477
14.085329
14.835043
13.900153
11.521056
11.547062
11.665514
11.969587
12.176401
11.716357
11.588346
11.516581
12.290331
12.096683
13.004409
13.209217
13.152498
12.605426
12.824675
10.786032
10.257327
10.608427
10.374307
10.277679
10.663177
10.801579
10.892394
10.055484
10.209920
10.357274
10.903220
10.873092
10.247826
10.809884
10.698135
10.226395
10.428926
 9.508353
10.823735
10.898559
10.821620
 9.543873
 9.843998
10.049357
10.132600
10.575104
11.499323
11.138461
11.456382
10.524957
10.826084
14.067772
16.267465
16.142823
14.940951
17.145353
16.579770
16.094620
15.624198
14.847150
15.704865
16.611179
15.362361
16.117198
14.747377
13.115921
12.044732
12.573365
12.307622
13.281958
13.987382
13.514922
14.564298
14.478582
16.661674
14.951095
16.625261
15.413629
15.753796
16.654978
18.443824
16.124393
17.154779
17.291533
17.051251
17.270544
16.012395
15.175060
16.104753
16.169222
17.437979
16.337704
16.653323
17.138895
16.446281
17.290435
13.821474
14.431816
15.459693
13.948265
13.995168
15.263841
12.809851
14.657370
14.365023
14.712731
14.089916
14.340297
10.573812
10.901068
10.670170
11.344619
10.588878
12.033368
12.484132
13.072227
12.674502
12.511224
12.228151
12.597197
12.325944
11.677744
12.523389
12.270922
12.016786
12.147415
12.704413
14.466915
14.078690
12.980912
13.942694
14.480504
12.273935
13.670592
12.530159
13.715537
11.731846
11.338491
19.834879
18.791287
17.082571
18.914378
19.055227
18.737124
19.677325
16.611230
20.366252
20.248788
18.855742
18.832696
19.957013
20.561900
19.102159
19.194457
21.678575
18.928848
19.873213
20.386918
18.628281
18.481309
18.331809
19.963735
18.274582
16.871983
17.524929
18.968151
16.765445
17.337347
18.436598
12.785208
12.854607
13.663528
11.545648
13.927104
13.448969
13.298061
13.458202
12.986626
12.121985
12.205118
12.121472
11.838163
16.925822
17.121761
17.118282
17.487683
17.044882
16.857816
16.633157
16.260688
16.384670
16.064594
16.568203
15.190260
15.476313
16.426526
14.106752
14.395798
16.188132
14.989402
14.985371
14.924863
15.088141
14.671798
15.464310
14.702082
15.238755
13.472813
14.242110
12.499367
12.838346
13.172593
13.607857
12.592567
12.696519
12.211860
12.269885
13.842975
14.930951
13.676453
13.907220
10.444231
10.157804
10.224908
11.023141
11.716482
 8.228052
 8.224176
 8.167589
 9.699405
 9.989880
 9.090883
 9.526457
 9.085453
10.122905
 9.672333
 9.575926
10.172131
10.438547
10.218045
10.292713
 8.651605
 9.344807
 9.320331
10.345439
 9.970284
 9.958884
 9.761068
10.734444
10.255984
10.506307
11.313425
 9.974816
 9.773265
10.237915
10.045016
 9.735567
 9.821620
 9.835227
 8.524853
 9.111465
 8.531232
 9.309637
 9.144538
10.031210
10.571896
 9.562147
 9.030756
 8.727654
 9.455850
 9.112440
 8.982029
 9.278599
16.115352
16.228766
17.692200
17.057658
17.089773
17.055369
17.395324
17.040918
17.121755
16.985127
16.233665
17.733452
17.296572
15.791930
16.864091
15.946036
17.460535
17.741804
15.967220
17.355401
16.462747
18.964254
18.193096
18.993529
17.253908
18.114092
16.364277
17.693495
16.556543
17.746844
17.812071
18.432831
19.279704
14.440906
15.450334
14.564865
12.748114
12.836279
12.734024
12.086463
12.847886
12.670579
12.512562
14.362629
14.847053
12.216274
11.191071
11.776168
11.618542
11.620928
11.459404
11.459194
10.536867
13.285718
 9.750392
 9.796401
 9.994854
10.111733
10.711618
10.754497
12.854432
12.261291
12.377005
13.198419
13.105404
12.512771
12.620339
11.303004
12.715917
12.462428
12.296244
11.712430
11.618328
12.246556
12.879764
12.311729
14.879153
14.945147
14.531648
15.071420
14.085472
13.363459
12.817590
13.481104
13.543244
13.644156
14.166596
12.194940
12.634270
11.821699
12.639494
11.218871
11.880066
11.165931
11.172995
10.177666
11.108637
11.373460
11.066176
11.556780
11.145262
12.857036
12.292212
13.482437
12.817097
14.389491
14.584041
14.770995
15.382848
14.848389
13.011029
12.290853
13.893164
14.350315
13.922623
13.227670
13.926290
12.960183
13.396809
12.759666
12.502121
13.272368
13.285441
11.433449
12.930457
11.517915
12.173658
13.390322
12.705844
12.798439
13.161996
11.955508
11.224665
11.085872
12.116660
11.767545
11.749356
11.885577
14.539483
15.063522
15.635163
16.745027
17.060713
14.926379
14.314924
17.360787
19.337696
18.974592
17.268724
22.749331
22.397567
23.791291
20.172422
19.598450
20.224673
20.458734
20.276273
20.252179
20.517524
22.892025
19.915427
20.662684
22.404841
20.346073
22.408011
19.081087
20.240722
19.183822
18.759938
20.520739
19.090471
20.328735
19.384087
14.562663
14.254179
14.208674
14.198068
15.455747
14.239588
15.816422
14.625560
14.146632
14.530308
14.654693
14.292709
12.411663
14.273922
13.912584
13.848894
13.711456
13.425020
16.464891
16.596291
16.010128
17.609768
17.449712
19.286439
20.781582
20.563158
18.911493
18.233945
17.962596
19.638215
19.628343
19.315519
19.140519
17.235102
18.441883
21.063840
21.946041
21.343604
20.203777
19.650098
22.298928
16.025249
14.999059
17.117985
16.253548
16.872028
17.245884
16.744789
16.952855
18.357337
19.032337
17.687213
18.843623
18.351789
17.799794
18.501791
18.037513
17.940656
20.694007
19.070626
19.965012
20.081277
18.643746
17.639097
18.025982
18.903259
17.509763
18.022498
17.770880
19.154055
18.757298
18.886670
17.172708
17.711251
18.437632
17.443289
16.912739
14.518460
14.931405
14.747749
16.253424
14.779622
13.580465
14.750409
15.189387
16.651891
16.600249
16.889646
16.611204
16.043899
15.126132
15.758967
15.942907
18.255323
18.951300
18.330237
18.846022
19.244321
18.930378
17.921700
17.301929
17.925771
18.034050
18.312975
18.106786
17.036566
17.747884
17.772401
17.383321
17.507884
17.586713
16.983917
18.510870
16.109999
18.758439
20.153265
18.846925
18.973529
21.173593
18.104041
19.527709
19.714269
20.134033
18.688106
19.543986
11.548433
11.556633
12.201478
12.246240
11.424143
11.652875
12.204232
11.091982
10.568713
11.656453
11.099064
10.690929
11.875442
11.912588
12.595109
12.313376
12.089069
10.994607
10.970087
10.886535
12.338025
11.571426
12.500657
12.619802
12.357906
11.806785
10.996971
11.998916
12.070362
12.549675
13.358918
13.055278
13.840089
13.563979
13.086901
14.166855
13.730560
11.982592
13.201668
12.443169
13.850364
13.681666
12.024114
13.209943
13.168212
13.266600
12.860626
13.253715
12.934692
12.624795
12.291594
12.994883
12.822450
12.008697
12.421011
11.706092
10.888595
11.281748
10.401908
10.827546
10.616191
10.036731
10.774705
11.094297
10.996132
11.637608
11.409537
11.626884
11.923423
 8.295890
 8.714562
 9.704224
 9.186953
 8.834060
 9.930255
 9.329101
 9.193489
10.502016
 9.341202
11.450170
10.014553
11.219776
11.025331
12.707301
11.977280
12.026437
11.904562
12.845600
11.402570
11.804631
11.818380
12.197269
11.835504
10.854241
11.626420
11.818197
16.987271
17.796174
16.716935
14.614311
15.886361
16.451572
16.456269
13.514590
12.653261
18.794044
17.671651
18.254238
18.743625
19.898529
19.843038
16.329348
16.632486
16.774936
16.305633
16.596458
16.656285
17.225811
14.678589
14.982890
15.395100
14.841926
15.102146
14.843195
14.621242
15.931351
16.372872
15.963328
14.332006
14.895677
15.095761
15.508347
15.610552
15.548178
17.537853
16.470701
15.945490
16.106388
17.661639
17.791274
17.116325
16.557285
10.795409
10.429171
11.151272
11.407671
11.901555
11.461596
11.066795
11.429251
11.100915
11.650201
11.021208
11.855839
10.900794
11.427429
11.597786
11.903412
14.658894
13.449219
14.376633
14.050300
 9.970243
11.250953
11.274254
13.394499
12.903062
12.172401
12.073217
11.831487
12.552880
12.175354
12.379729
11.390537
13.048290
13.026889
14.415460
14.924003
12.391838
13.222026
12.324015
13.059020
11.748090
12.606435
12.882461
12.375830
12.820900
12.617024
11.866220
12.626941
12.359070
12.372410
12.063296
12.261449
12.403867
12.573989
12.782342
12.905518
12.404307
11.845470
13.721820
13.502598
15.066579
15.433631
15.339364
14.241736
15.456366
14.675040
15.348433
14.587525
15.056279
15.051156
14.684425
13.880224
14.418131
13.879249
13.681582
14.414423
14.289206
13.976210
16.008226
14.929615
14.977803
18.381580
18.772686
18.805357
18.765004
16.684608
17.474547
17.519590
15.721717
16.980440
16.123851
16.227587
16.890885
15.502577
14.316626
14.359813
14.519210
15.171994
14.263077
14.617573
13.646367
14.853455
11.516809
12.737732
11.737220
12.683965
12.458385
13.795808
13.372300
14.915470
13.276774
13.883309
11.914354
13.554688
13.293233
13.135130
13.105152
13.647032
12.683092
13.689779
13.500796
14.642536
14.442572
13.313383
12.645447
13.688131
12.861215
12.592346
12.778879
14.021555
14.857680
13.578093
14.020613
13.767596
13.404667
12.861781
14.287220
13.667583
14.231904
13.790075
11.492114
11.264399
 9.562873
10.110673
 9.266640
10.212338
10.818986
10.122808
10.441863
 9.520425
 9.562908
 9.820940
 9.956425
10.613586
10.447620
10.132895
10.179920
 9.885911
10.373905
 9.989945
10.626694
11.062694
10.789174
11.070593
11.521850
11.604077
11.232354
10.228648
11.061552
11.272849
10.693947
12.047342
10.136310
11.055789
10.579071
10.850363
10.417874
10.992367
11.299613
10.107509
10.232489
10.268593
 9.630149
 9.107174
 8.615055
 8.688436
 8.938720
10.667533
10.499038
11.003259
10.268479
 9.781429
10.209340
10.866955
10.118456
10.363016
 9.934117
12.664070
13.034582
12.585133
13.135941
12.364409
13.652097
13.362894
 9.640190
 9.235688
 9.183157
 9.626256
 9.069036
10.071029
10.001101
 9.493199
 9.611225
 9.634413
 9.880835
 9.102607
 9.181064
 9.271697
 8.981300
10.482240
10.745325
10.783589
10.798179
10.660237
11.507889
10.579584
10.544237
10.886502
10.432715
10.042179
 9.011428
 9.983187
11.173675
11.132696
10.997385
10.884042
 7.958700
 8.647016
 8.090698
 8.468445
15.377145
15.614227
15.402413
14.901700
16.240058
15.764713
14.955001
15.766921
15.118697
16.686410
15.536361
15.366550
16.541256
16.360353
15.394735
17.509428
16.387838
15.628153
16.336053
16.328945
16.019806
15.672625
15.708459
15.428846
15.720234
14.024063
15.825791
14.567261
14.528991
14.051214
14.746650
13.951579
15.273146
14.771087
15.690432
14.566694
15.244468
14.111021
14.267985
13.846104
13.647828
14.928673
14.671859
14.473254
14.413288
14.917412
13.887846
14.014168
15.383468
15.068232
11.457023
11.849815
12.182568
11.428453
12.146475
10.427911
11.042845
10.595384
11.366691
10.339152
10.829780
10.702636
11.384103
12.215485
12.030513
11.723219
13.239897
13.851717
13.838725
14.979479
14.985781
14.716179
14.924058
14.978083
15.570984
14.973268
14.334668
15.285566
13.927995
13.037385
13.337800
14.285168
13.791843
15.099694
14.712698
15.709258
15.259705
17.026870
15.994359
15.876703
15.168236
15.636507
14.107370
15.980924
14.085581
14.110834
14.666430
15.125206
14.799355
12.154613
11.576689
11.628518
12.114997
11.664961
12.796386
11.573528
10.973273
11.795981
11.179202
11.127784
10.423835
11.097291
12.858954
11.717475
15.539856
16.325084
16.641140
14.639646
15.142695
15.798727
15.878251
10.583994
10.616697
10.375322
10.967395
10.929904
11.277938
10.511273
10.928683
11.193972
10.826729
11.107544
12.954337
12.602251
12.363237
12.486755
11.513931
11.317575
11.272705
11.463074
10.900252
10.523785
10.755526
10.766915
13.434443
12.125672
12.529971
12.322357
12.209215
12.401020
11.788378
12.215697
13.051958
12.746083
12.860393
13.305630
12.828713
12.336170
11.667676
11.556784
11.325932
12.019760
11.585190
11.281352
20.768602
21.773251
17.390117
18.039442
18.562482
17.156018
15.676723
14.313964
14.561101
14.464257
13.392841
13.996291
14.333905
13.664067
13.716504
17.883373
18.097104
17.672997
15.387109
15.413655
15.709223
15.661363
14.296998
14.217404
14.768449
15.034861
15.327212
13.830921
14.755578
15.536177
13.884596
13.983095
11.050239
10.646268
11.325364
10.989856
11.599024
11.359451
11.022707
11.138425
11.992787
11.459662
11.277634
11.699834
10.604595
12.426001
12.670232
14.539530
12.989457
13.243887
13.268889
13.453914
13.355243
11.005293
10.316163
11.178780
10.608689
11.003817
11.576567
11.312605
12.185096
10.868284
10.775923
10.847829
 8.682530
 9.078603
 8.848684
 9.180772
 9.028660
 9.422286
 8.539000
 8.265577
 9.258658
 9.000785
 9.523785
10.008512
10.188293
 9.281711
15.626381
14.988594
15.585083
16.176957
15.175788
15.264311
15.345557
16.749369
15.824090
15.976267
15.295405
15.927007
15.472261
15.789188
19.369480
18.806158
18.732733
18.360694
17.743701
17.237372
17.159360
17.700637
16.797526
19.348478
19.243491
21.082969
18.524087
19.426864
19.142673
17.953297
17.378307
17.708104
17.318406
18.473231
14.621675
14.029813
13.592728
14.259690
14.397990
14.461462
16.874907
16.639556
16.588896
16.139874
16.105379
14.017800
14.116951
13.433790
13.438839
16.639059
15.990890
15.091472
17.413249
17.589101
15.590042
16.095852
15.538506
15.380715
16.536714
16.173183
15.871098
15.158296
15.154694
15.811640
16.059288
15.150014
12.617402
13.719819
12.800091
13.142298
13.348126
13.851813
13.523631
13.536377
12.691352
14.704782
13.950017
13.880354
16.586485
17.023201
17.702404
16.910685
18.628682
15.608134
17.962253
14.599403
16.190502
14.602451
15.150764
15.369993
13.677738
14.567435
18.390621
19.714156
19.558960
19.715366
20.170251
18.584934
18.174494
19.885850
19.574236
19.407030
19.972459
19.503311
18.726707
19.675862
19.658116
19.362824
16.816537
18.003780
19.038530
18.069342
17.376707
18.907093
20.343306
19.775177
17.639737
18.516327
18.249462
17.226377
12.892732
12.194452
12.443003
13.059276
12.399898
13.843782
12.041987
12.061707
13.000738
13.421486
16.816032
14.885185
16.782501
16.789651
15.363152
15.987998
15.653962
14.714561
14.511287
13.903628
13.961194
13.511005
14.272000
14.098406
13.497216
14.311768
15.175996
14.054232
16.007559
15.686862
15.340008
15.574794
16.531645
13.714287
13.640736
14.390318
14.105471
14.036683
13.446714
14.574391
18.001858
15.531708
16.065793
16.267442
16.856592
17.055114
16.493196
17.943056
18.258684
17.117964
17.696448
17.102238
14.775049
15.414049
15.505271
14.732652
18.545129
17.984044
18.105718
17.713726
18.116116
17.479833
22.010345
21.643081
22.285636
23.333785
13.734491
12.689370
12.763342
12.634777
12.102448
13.720615
13.543422
13.106995
11.377764
10.259736
10.525673
10.419991
11.027279
10.662022
11.050957
12.736437
12.518834
 9.364316
 9.793809
10.003209
 9.546214
 9.226918
 9.084490
19.737649
20.099356
21.102904
21.383179
20.785541
20.826505
17.900808
18.566608
19.166463
18.609922
22.893717
21.792431
20.599471
21.404410
21.637260
20.190656
18.935340
20.253923
20.684034
20.795327
22.206206
21.831083
20.121454
20.348216
21.516357
22.028114
22.585823
21.430672
20.775086
18.963047
21.046569
23.313162
22.366790
23.113556
21.472118
23.170823
22.121358
19.844609
21.462403
22.343443
19.235482
20.928859
19.979171
19.964680
19.078293
18.123810
19.172388
15.752984
15.563051
15.124483
15.101809
14.777551
15.213520
15.831815
15.211573
14.849723
14.781345
14.757264
15.047374
14.234663
14.356796
14.778163
14.443072
16.455353
16.800237
15.691020
16.709797
16.203995
16.355858
14.179148
15.349979
14.627834
14.243639
15.386788
15.016895
15.078516
20.114653
18.935288
19.395873
20.571873
21.179267
20.281768
19.229811
21.087954
20.868182
19.550621
20.616261
20.065812
22.663354
23.567402
23.237266
23.332469
22.427375
21.525140
24.622749
19.087476
18.630470
20.144751
15.700171
15.175698
15.607287
19.483475
 9.408769
10.355627
10.799359
 9.853639
 9.343254
 9.104508
17.203000
17.964693
15.554755
15.726565
15.645529
16.194959
16.165974
15.655182
16.729228
15.497329
19.592175
18.588891
16.787755
18.422382
17.718719
18.258601
18.243568
18.514063
17.328844
17.453167
18.788792
18.976860
18.369395
17.669847
18.493887
14.099535
15.783729
15.019157
15.877785
16.471202
16.884980
16.687034
16.509545
16.694094
15.670163
14.043337
15.126514
13.803357
14.525231
15.176211
16.443649
16.647589
17.882759
17.001265
17.637616
17.047414
17.276967
18.146857
16.851841
17.276724
15.557982
16.636759
17.232609
14.791079
15.492880
15.614215
14.977932
14.277929
15.558749
19.795672
17.103371
16.460807
18.959071
17.415607
17.291822
16.984315
14.438747
13.762221
14.211567
13.846416
13.951545
14.420411
15.244578
15.453620
16.104337
16.574836
16.496473
16.445369
17.073057
17.108180
17.335309
17.136285
17.624489
16.711868
16.986293
14.869174
15.297635
15.693722
14.521267
14.918139
15.704235
15.649114
16.692815
16.651967
17.426880
19.141496
18.091450
19.445452
18.012082
19.013631
18.477164
18.636108
19.234831
19.486138
19.564686
17.739968
18.794491
17.974988
19.009694
18.742269
 9.175932
 8.588570
 8.989322
 8.708767
 9.279662
 8.836574
 8.717135
 9.002791
 9.293835
 8.030154
 8.638164
 7.800107
 8.163988
 8.424611
 7.729558
 8.710685
 7.846499
 8.421758
 7.915866
 7.959817
 7.802564
 7.683805
 8.345960
 9.224407
 8.739243
 9.193389
 9.205295
 8.811890
 8.191790
 7.288999
 7.440563
 7.668920
12.529161
13.386745
12.885922
12.526838
13.170749
12.846477
12.078200
11.659576
12.322031
12.153433
12.975746
14.017043
13.333939
13.763151
14.108461
13.051041
15.660550
14.694866
14.247607
14.317183
13.104384
12.971065
12.356169
11.482665
12.368889
12.961524
12.752037
11.414876
12.874689
12.350956
12.503052
11.881929
12.664506
13.542852
12.441975
14.652097
15.108089
15.402730
15.258004
16.193930
15.264811
14.719065
15.579468
14.864533
14.449470
17.521721
11.466705
11.759760
12.705077
11.745405
11.900140
10.810995
16.331531
16.288662
16.190635
16.206662
16.922064
17.662846
17.110581
16.374667
16.888750
15.978325
16.339269
16.279463
16.047330
19.112640
20.603825
21.168122
19.955641
20.098785
20.074112
20.038820
21.779845
24.824231
25.325998
22.963736
25.278398
22.940326
19.875040
21.714689
20.842885
20.449808
19.904561
21.497596
19.608292
21.112881
20.013402
14.258656
13.722416
13.946500
11.701233
12.126345
12.481501
12.230057
11.662948
11.979178
12.137164
12.694884
11.976991
12.056937
12.227204
12.001613
12.127488
11.725134
14.366991
14.297879
13.471079
12.521933
13.571477
13.344746
13.589169
12.812214
12.144634
12.342558
12.068769
12.498211
22.160396
21.110807
20.860396
20.824805
20.915335
21.017535
20.200286
20.912913
19.623080
21.745432
21.259210
21.361302
23.025898
21.130100
22.169183
21.961567
12.070703
11.896157
11.712381
13.161899
11.187408
11.966855
13.588987
12.782111
12.956024
12.128638
12.407985
11.615015
13.130627
11.379730
11.492476
10.745672
10.723298
11.147887
11.324288
11.766186
12.269560
12.536858
13.370891
13.168134
13.522481
13.902060
13.834375
15.256242
14.780784
14.433199
13.882747
15.059970
13.856418
16.425814
14.943141
14.561086
13.568801
14.020241
13.833486
15.035362
12.498892
13.289161
13.541166
12.298311
11.465253
13.960309
12.978728
14.515171
13.145801
14.080733
14.214121
13.769331
14.073623
15.433447
15.327828
15.858156
16.711757
15.566362
14.420080
16.374381
15.492787
16.292671
16.339670
15.822386
13.238219
14.240806
13.733472
14.386396
16.560341
14.896145
15.408044
16.513010
13.024147
13.825863
13.651697
13.152398
13.898100
14.145555
14.407870
14.013149
13.392227
13.894753
13.094967
16.168270
15.777610
16.346062
14.796376
16.158837
17.351151
15.201740
13.890501
14.214178
14.164895
14.326894
13.945512
13.575124
13.492977
13.477665
12.696356
12.340461
13.177131
12.407561
12.718942
12.353676
12.639712
13.293383
12.823914
12.696167
11.365704
11.802198
10.657251
12.120165
11.263827
 9.806020
10.020444
10.384152
10.242897
10.281292
10.084626
 9.513841
 9.813456
 9.494395
11.050664
 9.287561
10.027320
 9.828918
 9.610568
 9.758311
10.023222
10.000585
 9.829066
11.140829
 9.776331
 9.467908
13.343363
13.655060
13.443879
13.334141
13.522188
13.425283
14.224561
13.536993
13.151925
12.507229
13.136727
12.888902
13.652159
13.552911
13.934859
14.300999
12.803533
13.414076
13.497269
12.561088
13.342573
12.566258
13.149295
12.286057
12.842851
12.857356
17.543618
17.935598
17.010373
18.364682
18.285818
17.676856
16.682394
16.829830
17.617784
17.156921
16.736709
17.260644
17.258497
18.419724
18.469147
15.755660
17.581599
15.587622
16.399616
15.655460
16.830893
17.434067
15.384801
15.081270
15.471804
14.999282
14.991260
15.450772
14.487859
14.347011
16.086684
13.529509
13.759675
11.688273
11.868069
12.122058
12.350916
11.670681
12.868009
13.641400
12.125044
14.246615
14.098957
12.485578
13.439497
15.739578
15.381833
15.731966
16.372410
17.161131
18.674799
17.477702
17.701175
17.622673
17.240813
19.356643
20.806652
21.202381
14.974539
16.586665
16.032765
16.064842
16.467534
15.752865
16.479950
19.483540
19.556274
17.948529
19.778778
19.046274
20.450805
19.272837
19.535022
21.209504
21.894629
20.803594
21.072686
21.117911
18.520285
19.049457
14.959364
13.752477
14.856664
14.704630
15.004492
15.040946
17.343101
16.561955
17.476032
17.400957
16.679457
16.190287
16.411511
16.444951
15.894470
17.778434
18.019036
15.902577
14.452030
14.039945
14.944875
15.078945
14.351904
15.462703
14.789069
14.736121
14.797047
14.637509
14.790584
14.205995
19.002999
16.818715
16.319383
16.812587
16.293702
16.268340
17.380564
17.237589
15.647450
14.221575
13.456396
14.691106
15.286981
14.068389
15.792549
14.580297
16.796897
16.658404
14.967027
16.442666
17.959939
16.620168
16.657778
15.474900
17.134736
15.641686
17.152126
16.489574
15.468819
16.695619
16.491615
16.083996
17.029330
16.732764
16.421748
17.524276
17.234408
16.669408
16.737092
18.681318
17.671663
16.891904
16.050121
16.072746
16.655092
15.553573
16.370587
16.541785
15.514755
16.208256
15.065926
14.839790
16.072175
16.011400
23.426820
20.108676
21.410255
21.701928
21.768754
14.131646
14.536529
13.535469
14.345375
13.814772
14.246171
14.262153
13.064557
17.235215
16.554862
16.591247
15.739318
17.150545
15.592361
14.491526
14.987436
15.128575
15.419807
17.372795
15.993749
16.235768
16.316496
16.369109
15.867769
16.712703
16.597040
16.510298
17.541683
15.006221
16.364158
16.524478
18.744334
19.198049
19.288181
22.269021
21.683645
22.222373
22.537941
21.845833
23.820672
20.676484
21.447497
22.348206
20.682714
22.971324
24.226409
22.427418
24.116125
21.835988
21.898838
23.991195
22.862854
22.854083
22.432909
21.812750
19.272138
21.049086
21.210178
19.007871
18.567058
19.005613
23.102144
20.855154
22.976184
22.315232
23.627148
23.305285
14.165281
13.792611
14.391758
15.410527
15.073516
15.697753
16.111956
15.141443
14.392779
15.150228
15.884404
16.690807
17.160670
15.407951
17.452969
16.560392
16.571781
16.959828
15.663674
16.629595
17.206193
17.447308
20.784395
20.864556
18.726941
17.021723
20.429480
18.504009
19.070944
19.900787
19.195676
19.488778
18.079722
11.575864
11.511116
10.974786
13.428179
11.885547
14.184839
14.141621
14.877615
13.466458
14.356772
14.686257
15.208985
13.292674
13.264354
14.100574
13.550342
14.419901
14.288228
13.942920
14.113413
13.397305
14.332583
13.697252
14.181276
14.221207
14.117663
13.819267
14.378798
13.165693
12.730051
13.613704
12.829033
13.173961
13.221075
13.653267
20.685709
20.639973
19.483929
17.616429
19.147289
17.609674
18.336854
18.987560
18.640001
19.166667
18.853146
19.274508
17.122112
18.142171
18.086280
16.950875
17.743796
16.736462
17.897753
17.628137
17.924965
20.135901
18.311017
19.848757
20.250670
19.852606
19.306776
19.845814
18.629264
20.890883
18.973109
19.105478
18.160742
19.063526
18.205387
18.044303
22.121439
13.870863
13.151322
13.249310
13.130013
13.083875
14.231550
14.027238
13.843802
14.900383
14.589763
14.908208
13.710302
14.199121
15.469815
14.025187
14.651956
13.797772
14.100271
13.864922
14.502869
14.228462
15.057742
14.628613
14.561647
17.498090
18.050990
16.924460
16.265430
16.694048
17.016623
13.499989
13.764045
14.790323
14.611877
14.456538
15.091103
14.415705
13.312432
13.816145
13.681373
13.581540
13.898768
13.383907
12.989071
12.908698
13.482454
14.001754
13.069443
12.586081
11.752751
12.641232
12.713796
13.072540
11.968157
12.547395
11.634034
12.206555
12.958256
12.727599
13.367458
11.372759
11.753588
11.941134
10.960875
11.645960
11.542895
11.288412
11.953461
11.530789
11.015720
11.782497
14.440740
14.354957
14.006078
14.904928
13.808556
14.742653
14.322758
13.834280
12.965034
14.634650
12.577055
15.158127
14.032506
15.040965
14.500306
13.365004
13.215869
13.485789
13.081263
13.334922
13.115690
13.294278
12.762644
16.605649
17.119148
16.419361
14.392516
13.768344
14.546017
12.677709
13.747109
13.089687
13.602196
18.357525
18.901267
18.368517
16.446173
18.411279
17.545222
17.792944
18.748243
19.472283
19.783827
19.863086
18.086679
18.049782
12.889693
13.869155
12.883906
13.151028
12.627765
13.234816
11.409392
11.880938
12.229001
12.592180
13.145874
13.669804
12.966612
12.878008
13.064725
13.085332
12.631945
12.778086
12.397028
13.220713
12.240592
12.252607
12.424862
12.159572
11.668459
12.701766
13.897901
11.557114
12.035050
11.833573
11.138033
11.203746
12.132331
11.886932
12.095961
12.011217
11.563976
11.623469
10.987967
11.102907
13.406795
12.386187
13.426167
13.432742
13.128078
13.177856
13.585282
19.774030
18.784196
21.102343
19.042840
19.749215
21.028657
21.356191
19.900011
21.571602
22.480637
22.889610
18.878624
19.903352
19.925979
20.792007
16.258796
16.871968
16.665557
16.417713
15.075940
15.804935
15.898097
16.830430
13.254471
13.923450
13.730862
14.311790
13.662360
13.236824
12.606375
12.265817
12.538855
12.965200
13.042209
15.016970
14.216508
14.538541
13.506495
12.725032
12.315384
12.361260
11.543322
11.763568
12.061121
19.170682
20.471258
18.885953
12.030558
12.540960
12.188320
12.539269
13.139608
11.917823
13.003522
