0.3170526
0.3145248
0.2862202
0.3022224
0.2998484
0.2931062
0.3026175
0.2916024
0.2992591
0.2990210
0.2776866
0.2916376
0.2835999
0.2661418
0.3244406
0.3143974
0.3235171
0.2953584
0.3042220
0.2915347
0.2930733
0.2798248
0.3170504
0.3083506
0.2992708
0.2922881
0.2902041
0.2877273
0.3059906
0.2904123
0.3057604
0.3068542
0.3080133
0.2844158
0.3088135
0.3226216
0.3017744
0.3126254
0.3095020
0.3114381
0.3170526
0.3145248
0.2862202
0.3022224
0.2998484
0.2931062
0.3026175
0.2916024
0.2992591
0.2990210
0.2776866
0.2916376
0.2835999
0.2661418
0.3244406
0.3143974
0.3235171
0.2953584
0.3042220
0.2915347
0.2930733
0.2798248
0.3170504
0.3083506
0.2992708
0.2922881
0.2902041
0.2877273
0.3059906
0.2904123
0.3057604
0.3068542
0.3080133
0.2844158
0.3088135
0.3226216
0.3017744
0.3126254
0.3095020
0.3114381
0.3170526
0.3145248
0.2862202
0.3022224
0.2998484
0.2931062
0.3026175
0.2916024
0.2992591
0.2990210
0.2776866
0.2916376
0.2835999
0.2661418
0.3244406
0.3143974
0.3235171
0.2953584
0.3042220
0.2915347
0.2930733
0.2798248
0.3170504
0.3083506
0.2992708
0.2922881
0.2902041
0.2877273
0.3059906
0.2904123
0.3057604
0.3068542
0.3080133
0.2844158
0.3088135
0.3226216
0.3017744
0.3126254
0.3095020
0.3114381
0.3170526
0.3145248
0.2862202
0.3022224
0.2998484
0.2931062
0.3026175
0.2916024
0.2992591
0.2990210
0.2776866
0.2916376
0.2835999
0.2661418
0.3244406
0.3143974
0.3235171
0.2953584
0.3042220
0.2915347
0.2930733
0.2798248
0.3170504
0.3083506
0.2992708
0.2922881
0.2902041
0.2877273
0.3059906
0.2904123
0.3057604
0.3068542
0.3080133
0.2844158
0.3088135
0.3226216
0.3017744
0.3126254
0.3095020
0.3114381
0.3170526
0.3145248
0.2862202
0.3022224
0.2998484
0.2931062
0.3026175
0.2916024
0.2992591
0.2990210
0.2776866
0.2916376
0.2835999
0.2661418
0.3244406
0.3143974
0.3235171
0.2953584
0.3042220
0.2915347
0.2930733
0.2798248
0.3170504
0.3083506
0.2992708
0.2922881
0.2902041
0.2877273
0.3059906
0.2904123
0.3057604
0.3068542
0.3080133
0.2844158
0.3088135
0.3226216
0.3017744
0.3126254
0.3095020
0.3114381
0.3170526
0.3145248
0.2862202
0.3022224
0.2998484
0.2931062
0.3026175
0.2916024
0.2992591
0.2990210
0.2776866
0.2916376
0.2835999
0.2661418
0.3244406
0.3143974
0.3235171
0.2953584
0.3042220
0.2915347
0.2930733
0.2798248
0.3170504
0.3083506
0.2992708
0.2922881
0.2902041
0.2877273
0.3059906
0.2904123
0.3057604
0.3068542
0.3080133
0.2844158
0.3088135
0.3226216
0.3017744
0.3126254
0.3095020
0.3114381
0.3170526
0.3145248
0.2862202
0.3022224
0.2998484
0.2931062
0.3026175
0.2916024
0.2992591
0.2990210
0.2776866
0.2916376
0.2835999
0.2661418
0.3244406
0.3143974
0.3235171
0.2953584
0.3042220
0.2915347
0.2930733
0.2798248
0.3170504
0.3083506
0.2992708
0.2922881
0.2902041
0.2877273
0.3059906
0.2904123
0.3057604
0.3068542
0.3080133
0.2844158
0.3088135
0.3226216
0.3017744
0.3126254
0.3095020
0.3114381
0.3170526
0.3145248
0.2862202
0.3022224
0.2998484
0.2931062
0.3026175
0.2916024
0.2992591
0.2990210
0.2776866
0.2916376
0.2835999
0.2661418
0.3244406
0.3143974
0.3235171
0.2953584
0.3042220
0.2915347
0.2930733
0.2798248
0.3170504
0.3083506
0.2992708
0.2922881
0.2902041
0.2877273
0.3059906
0.2904123
0.3057604
0.3068542
0.3080133
0.2844158
0.3088135
0.3226216
0.3017744
0.3126254
0.3095020
0.3114381
0.3170526
0.3145248
0.2862202
0.3022224
0.2998484
0.2931062
0.3026175
0.2916024
0.2992591
0.2990210
0.2776866
0.2916376
0.2835999
0.2661418
0.3244406
0.3143974
0.3235171
0.2953584
0.3042220
0.2915347
0.2930733
0.2798248
0.3170504
0.3083506
0.2992708
0.2922881
0.2902041
0.2877273
0.3059906
0.2904123
0.3057604
0.3068542
0.3080133
0.2844158
0.3088135
0.3226216
0.3017744
0.3126254
0.3095020
0.3114381
0.3170526
0.3145248
0.2862202
0.3022224
0.2998484
0.2931062
0.3026175
0.2916024
0.2992591
0.2990210
0.2776866
0.2916376
0.2835999
0.2661418
0.3244406
0.3143974
0.3235171
0.2953584
0.3042220
0.2915347
0.2930733
0.2798248
0.3170504
0.3083506
0.2992708
0.2922881
0.2902041
0.2877273
0.3059906
0.2904123
0.3057604
0.3068542
0.3080133
0.2844158
0.3088135
0.3226216
0.3017744
0.3126254
0.3095020
0.3114381
0.3170526
0.3145248
0.2862202
0.3022224
0.2998484
0.2931062
0.3026175
0.2916024
0.2992591
0.2990210
0.2776866
0.2916376
0.2835999
0.2661418
0.3244406
0.3143974
0.3235171
0.2953584
0.3042220
0.2915347
0.2930733
0.2798248
0.3170504
0.3083506
0.2992708
0.2922881
0.2902041
0.2877273
0.3059906
0.2904123
0.3057604
0.3068542
0.3080133
0.2844158
0.3088135
0.3226216
0.3017744
0.3126254
0.3095020
0.3114381
0.3170526
0.3145248
0.2862202
0.3022224
0.2998484
0.2931062
0.3026175
0.2916024
0.2992591
0.2990210
0.2776866
0.2916376
0.2835999
0.2661418
0.3244406
0.3143974
0.3235171
0.2953584
0.3042220
0.2915347
0.2930733
0.2798248
0.3170504
0.3083506
0.2992708
0.2922881
0.2902041
0.2877273
0.3059906
0.2904123
0.3057604
0.3068542
0.3080133
0.2844158
0.3088135
0.3226216
0.3017744
0.3126254
0.3095020
0.3114381
0.3170526
0.3145248
0.2862202
0.3022224
0.2998484
0.2931062
0.3026175
0.2916024
0.2992591
0.2990210
0.2776866
0.2916376
0.2835999
0.2661418
0.3244406
0.3143974
0.3235171
0.2953584
0.3042220
0.2915347
0.2930733
0.2798248
0.3170504
0.3083506
0.2992708
0.2922881
0.2902041
0.2877273
0.3059906
0.2904123
0.3057604
0.3068542
0.3080133
0.2844158
0.3088135
0.3226216
0.3017744
0.3126254
0.3095020
0.3114381
0.3170526
0.3145248
0.2862202
0.3022224
0.2998484
0.2931062
0.3026175
0.2916024
0.2992591
0.2990210
0.2776866
0.2916376
0.2835999
0.2661418
0.3244406
0.3143974
0.3235171
0.2953584
0.3042220
0.2915347
0.2930733
0.2798248
0.3170504
0.3083506
0.2992708
0.2922881
0.2902041
0.2877273
0.3059906
0.2904123
0.3057604
0.3068542
0.3080133
0.2844158
0.3088135
0.3226216
0.3017744
0.3126254
0.3095020
0.3114381
0.3170526
0.3145248
0.2862202
0.3022224
0.2998484
0.2931062
0.3026175
0.2916024
0.2992591
0.2990210
0.2776866
0.2916376
0.2835999
0.2661418
0.3244406
0.3143974
0.3235171
0.2953584
0.3042220
0.2915347
0.2930733
0.2798248
0.3170504
0.3083506
0.2992708
0.2922881
0.2902041
0.2877273
0.3059906
0.2904123
0.3057604
0.3068542
0.3080133
0.2844158
0.3088135
0.3226216
0.3017744
0.3126254
0.3095020
0.3114381
0.3170526
0.3145248
0.2862202
0.3022224
0.2998484
0.2931062
0.3026175
0.2916024
0.2992591
0.2990210
0.2776866
0.2916376
0.2835999
0.2661418
0.3244406
0.3143974
0.3235171
0.2953584
0.3042220
0.2915347
0.2930733
0.2798248
0.3170504
0.3083506
0.2992708
0.2922881
0.2902041
0.2877273
0.3059906
0.2904123
0.3057604
0.3068542
0.3080133
0.2844158
0.3088135
0.3226216
0.3017744
0.3126254
0.3095020
0.3114381
0.3170526
0.3145248
0.2862202
0.3022224
0.2998484
0.2931062
0.3026175
0.2916024
0.2992591
0.2990210
0.2776866
0.2916376
0.2835999
0.2661418
0.3244406
0.3143974
0.3235171
0.2953584
0.3042220
0.2915347
0.2930733
0.2798248
0.3170504
0.3083506
0.2992708
0.2922881
0.2902041
0.2877273
0.3059906
0.2904123
0.3057604
0.3068542
0.3080133
0.2844158
0.3088135
0.3226216
0.3017744
0.3126254
0.3095020
0.3114381
0.3170526
0.3145248
0.2862202
0.3022224
0.2998484
0.2931062
0.3026175
0.2916024
0.2992591
0.2990210
0.2776866
0.2916376
0.2835999
0.2661418
0.3244406
0.3143974
0.3235171
0.2953584
0.3042220
0.2915347
0.2930733
0.2798248
0.3170504
0.3083506
0.2992708
0.2922881
0.2902041
0.2877273
0.3059906
0.2904123
0.3057604
0.3068542
0.3080133
0.2844158
0.3088135
0.3226216
0.3017744
0.3126254
0.3095020
0.3114381
0.3170526
0.3145248
0.2862202
0.3022224
0.2998484
0.2931062
0.3026175
0.2916024
0.2992591
0.2990210
0.2776866
0.2916376
0.2835999
0.2661418
0.3244406
0.3143974
0.3235171
0.2953584
0.3042220
0.2915347
0.2930733
0.2798248
0.3170504
0.3083506
0.2992708
0.2922881
0.2902041
0.2877273
0.3059906
0.2904123
0.3057604
0.3068542
0.3080133
0.2844158
0.3088135
0.3226216
0.3017744
0.3126254
0.3095020
0.3114381
0.3170526
0.3145248
0.2862202
0.3022224
0.2998484
0.2931062
0.3026175
0.2916024
0.2992591
0.2990210
0.2776866
0.2916376
0.2835999
0.2661418
0.3244406
0.3143974
0.3235171
0.2953584
0.3042220
0.2915347
0.2930733
0.2798248
0.3170504
0.3083506
0.2992708
0.2922881
0.2902041
0.2877273
0.3059906
0.2904123
0.3057604
0.3068542
0.3080133
0.2844158
0.3088135
0.3226216
0.3017744
0.3126254
0.3095020
0.3114381
0.3170526
0.3145248
0.2862202
0.3022224
0.2998484
0.2931062
0.3026175
0.2916024
0.2992591
0.2990210
0.2776866
0.2916376
0.2835999
0.2661418
0.3244406
0.3143974
0.3235171
0.2953584
0.3042220
0.2915347
0.2930733
0.2798248
0.3170504
0.3083506
0.2992708
0.2922881
0.2902041
0.2877273
0.3059906
0.2904123
0.3057604
0.3068542
0.3080133
0.2844158
0.3088135
0.3226216
0.3017744
0.3126254
0.3095020
0.3114381
0.3170526
0.3145248
0.2862202
0.3022224
0.2998484
0.2931062
0.3026175
0.2916024
0.2992591
0.2990210
0.2776866
0.2916376
0.2835999
0.2661418
0.3244406
0.3143974
0.3235171
0.2953584
0.3042220
0.2915347
0.2930733
0.2798248
0.3170504
0.3083506
0.2992708
0.2922881
0.2902041
0.2877273
0.3059906
0.2904123
0.3057604
0.3068542
0.3080133
0.2844158
0.3088135
0.3226216
0.3017744
0.3126254
0.3095020
0.3114381
0.3170526
0.3145248
0.2862202
0.3022224
0.2998484
0.2931062
0.3026175
0.2916024
0.2992591
0.2990210
0.2776866
0.2916376
0.2835999
0.2661418
0.3244406
0.3143974
0.3235171
0.2953584
0.3042220
0.2915347
0.2930733
0.2798248
0.3170504
0.3083506
0.2992708
0.2922881
0.2902041
0.2877273
0.3059906
0.2904123
0.3057604
0.3068542
0.3080133
0.2844158
0.3088135
0.3226216
0.3017744
0.3126254
0.3095020
0.3114381
0.3170526
0.3145248
0.2862202
0.3022224
0.2998484
0.2931062
0.3026175
0.2916024
0.2992591
0.2990210
0.2776866
0.2916376
0.2835999
0.2661418
0.3244406
0.3143974
0.3235171
0.2953584
0.3042220
0.2915347
0.2930733
0.2798248
0.3170504
0.3083506
0.2992708
0.2922881
0.2902041
0.2877273
0.3059906
0.2904123
0.3057604
0.3068542
0.3080133
0.2844158
0.3088135
0.3226216
0.3017744
0.3126254
0.3095020
0.3114381
0.3170526
0.3145248
0.2862202
0.3022224
0.2998484
0.2931062
0.3026175
0.2916024
0.2992591
0.2990210
0.2776866
0.2916376
0.2835999
0.2661418
0.3244406
0.3143974
0.3235171
0.2953584
0.3042220
0.2915347
0.2930733
0.2798248
0.3170504
0.3083506
0.2992708
0.2922881
0.2902041
0.2877273
0.3059906
0.2904123
0.3057604
0.3068542
0.3080133
0.2844158
0.3088135
0.3226216
0.3017744
0.3126254
0.3095020
0.3114381
0.3170526
0.3145248
0.2862202
0.3022224
0.2998484
0.2931062
0.3026175
0.2916024
0.2992591
0.2990210
0.2776866
0.2916376
0.2835999
0.2661418
0.3244406
0.3143974
0.3235171
0.2953584
0.3042220
0.2915347
0.2930733
0.2798248
0.3170504
0.3083506
0.2992708
0.2922881
0.2902041
0.2877273
0.3059906
0.2904123
0.3057604
0.3068542
0.3080133
0.2844158
0.3088135
0.3226216
0.3017744
0.3126254
0.3095020
0.3114381
0.3170526
0.3145248
0.2862202
0.3022224
0.2998484
0.2931062
0.3026175
0.2916024
0.2992591
0.2990210
0.2776866
0.2916376
0.2835999
0.2661418
0.3244406
0.3143974
0.3235171
0.2953584
0.3042220
0.2915347
0.2930733
0.2798248
0.3170504
0.3083506
0.2992708
0.2922881
0.2902041
0.2877273
0.3059906
0.2904123
0.3057604
0.3068542
0.3080133
0.2844158
0.3088135
0.3226216
0.3017744
0.3126254
0.3095020
0.3114381
0.3170526
0.3145248
0.2862202
0.3022224
0.2998484
0.2931062
0.3026175
0.2916024
0.2992591
0.2990210
0.2776866
0.2916376
0.2835999
0.2661418
0.3244406
0.3143974
0.3235171
0.2953584
0.3042220
0.2915347
0.2930733
0.2798248
0.3170504
0.3083506
0.2992708
0.2922881
0.2902041
0.2877273
0.3059906
0.2904123
0.3057604
0.3068542
0.3080133
0.2844158
0.3088135
0.3226216
0.3017744
0.3126254
0.3095020
0.3114381
0.3170526
0.3145248
0.2862202
0.3022224
0.2998484
0.2931062
0.3026175
0.2916024
0.2992591
0.2990210
0.2776866
0.2916376
0.2835999
0.2661418
0.3244406
0.3143974
0.3235171
0.2953584
0.3042220
0.2915347
0.2930733
0.2798248
0.3170504
0.3083506
0.2992708
0.2922881
0.2902041
0.2877273
0.3059906
0.2904123
0.3057604
0.3068542
0.3080133
0.2844158
0.3088135
0.3226216
0.3017744
0.3126254
0.3095020
0.3114381
0.3170526
0.3145248
0.2862202
0.3022224
0.2998484
0.2931062
0.3026175
0.2916024
0.2992591
0.2990210
0.2776866
0.2916376
0.2835999
0.2661418
0.3244406
0.3143974
0.3235171
0.2953584
0.3042220
0.2915347
0.2930733
0.2798248
0.3170504
0.3083506
0.2992708
0.2922881
0.2902041
0.2877273
0.3059906
0.2904123
0.3057604
0.3068542
0.3080133
0.2844158
0.3088135
0.3226216
0.3017744
0.3126254
0.3095020
0.3114381
0.3170526
0.3145248
0.2862202
0.3022224
0.2998484
0.2931062
0.3026175
0.2916024
0.2992591
0.2990210
0.2776866
0.2916376
0.2835999
0.2661418
0.3244406
0.3143974
0.3235171
0.2953584
0.3042220
0.2915347
0.2930733
0.2798248
0.3170504
0.3083506
0.2992708
0.2922881
0.2902041
0.2877273
0.3059906
0.2904123
0.3057604
0.3068542
0.3080133
0.2844158
0.3088135
0.3226216
0.3017744
0.3126254
0.3095020
0.3114381
0.3170526
0.3145248
0.2862202
0.3022224
0.2998484
0.2931062
0.3026175
0.2916024
0.2992591
0.2990210
0.2776866
0.2916376
0.2835999
0.2661418
0.3244406
0.3143974
0.3235171
0.2953584
0.3042220
0.2915347
0.2930733
0.2798248
0.3170504
0.3083506
0.2992708
0.2922881
0.2902041
0.2877273
0.3059906
0.2904123
0.3057604
0.3068542
0.3080133
0.2844158
0.3088135
0.3226216
0.3017744
0.3126254
0.3095020
0.3114381
0.3170526
0.3145248
0.2862202
0.3022224
0.2998484
0.2931062
0.3026175
0.2916024
0.2992591
0.2990210
0.2776866
0.2916376
0.2835999
0.2661418
0.3244406
0.3143974
0.3235171
0.2953584
0.3042220
0.2915347
0.2930733
0.2798248
0.3170504
0.3083506
0.2992708
0.2922881
0.2902041
0.2877273
0.3059906
0.2904123
0.3057604
0.3068542
0.3080133
0.2844158
0.3088135
0.3226216
0.3017744
0.3126254
0.3095020
0.3114381
0.3170526
0.3145248
0.2862202
0.3022224
0.2998484
0.2931062
0.3026175
0.2916024
0.2992591
0.2990210
0.2776866
0.2916376
0.2835999
0.2661418
0.3244406
0.3143974
0.3235171
0.2953584
0.3042220
0.2915347
0.2930733
0.2798248
0.3170504
0.3083506
0.2992708
0.2922881
0.2902041
0.2877273
0.3059906
0.2904123
0.3057604
0.3068542
0.3080133
0.2844158
0.3088135
0.3226216
0.3017744
0.3126254
0.3095020
0.3114381
0.3170526
0.3145248
0.2862202
0.3022224
0.2998484
0.2931062
0.3026175
0.2916024
0.2992591
0.2990210
0.2776866
0.2916376
0.2835999
0.2661418
0.3244406
0.3143974
0.3235171
0.2953584
0.3042220
0.2915347
0.2930733
0.2798248
0.3170504
0.3083506
0.2992708
0.2922881
0.2902041
0.2877273
0.3059906
0.2904123
0.3057604
0.3068542
0.3080133
0.2844158
0.3088135
0.3226216
0.3017744
0.3126254
0.3095020
0.3114381
0.3170526
0.3145248
0.2862202
0.3022224
0.2998484
0.2931062
0.3026175
0.2916024
0.2992591
0.2990210
0.2776866
0.2916376
0.2835999
0.2661418
0.3244406
0.3143974
0.3235171
0.2953584
0.3042220
0.2915347
0.2930733
0.2798248
0.3170504
0.3083506
0.2992708
0.2922881
0.2902041
0.2877273
0.3059906
0.2904123
0.3057604
0.3068542
0.3080133
0.2844158
0.3088135
0.3226216
0.3017744
0.3126254
0.3095020
0.3114381
0.3170526
0.3145248
0.2862202
0.3022224
0.2998484
0.2931062
0.3026175
0.2916024
0.2992591
0.2990210
0.2776866
0.2916376
0.2835999
0.2661418
0.3244406
0.3143974
0.3235171
0.2953584
0.3042220
0.2915347
0.2930733
0.2798248
0.3170504
0.3083506
0.2992708
0.2922881
0.2902041
0.2877273
0.3059906
0.2904123
0.3057604
0.3068542
0.3080133
0.2844158
0.3088135
0.3226216
0.3017744
0.3126254
0.3095020
0.3114381
0.3170526
0.3145248
0.2862202
0.3022224
0.2998484
0.2931062
0.3026175
0.2916024
0.2992591
0.2990210
0.2776866
0.2916376
0.2835999
0.2661418
0.3244406
0.3143974
0.3235171
0.2953584
0.3042220
0.2915347
0.2930733
0.2798248
0.3170504
0.3083506
0.2992708
0.2922881
0.2902041
0.2877273
0.3059906
0.2904123
0.3057604
0.3068542
0.3080133
0.2844158
0.3088135
0.3226216
0.3017744
0.3126254
0.3095020
0.3114381
0.3170526
0.3145248
0.2862202
0.3022224
0.2998484
0.2931062
0.3026175
0.2916024
0.2992591
0.2990210
0.2776866
0.2916376
0.2835999
0.2661418
0.3244406
0.3143974
0.3235171
0.2953584
0.3042220
0.2915347
0.2930733
0.2798248
0.3170504
0.3083506
0.2992708
0.2922881
0.2902041
0.2877273
0.3059906
0.2904123
0.3057604
0.3068542
0.3080133
0.2844158
0.3088135
0.3226216
0.3017744
0.3126254
0.3095020
0.3114381
0.3170526
0.3145248
0.2862202
0.3022224
0.2998484
0.2931062
0.3026175
0.2916024
0.2992591
0.2990210
0.2776866
0.2916376
0.2835999
0.2661418
0.3244406
0.3143974
0.3235171
0.2953584
0.3042220
0.2915347
0.2930733
0.2798248
0.3170504
0.3083506
0.2992708
0.2922881
0.2902041
0.2877273
0.3059906
0.2904123
0.3057604
0.3068542
0.3080133
0.2844158
0.3088135
0.3226216
0.3017744
0.3126254
0.3095020
0.3114381
0.3170526
0.3145248
0.2862202
0.3022224
0.2998484
0.2931062
0.3026175
0.2916024
0.2992591
0.2990210
0.2776866
0.2916376
0.2835999
0.2661418
0.3244406
0.3143974
0.3235171
0.2953584
0.3042220
0.2915347
0.2930733
0.2798248
0.3170504
0.3083506
0.2992708
0.2922881
0.2902041
0.2877273
0.3059906
0.2904123
0.3057604
0.3068542
0.3080133
0.2844158
0.3088135
0.3226216
0.3017744
0.3126254
0.3095020
0.3114381
0.3170526
0.3145248
0.2862202
0.3022224
0.2998484
0.2931062
0.3026175
0.2916024
0.2992591
0.2990210
0.2776866
0.2916376
0.2835999
0.2661418
0.3244406
0.3143974
0.3235171
0.2953584
0.3042220
0.2915347
0.2930733
0.2798248
0.3170504
0.3083506
0.2992708
0.2922881
0.2902041
0.2877273
0.3059906
0.2904123
0.3057604
0.3068542
0.3080133
0.2844158
0.3088135
0.3226216
0.3017744
0.3126254
0.3095020
0.3114381
0.3170526
0.3145248
0.2862202
0.3022224
0.2998484
0.2931062
0.3026175
0.2916024
0.2992591
0.2990210
0.2776866
0.2916376
0.2835999
0.2661418
0.3244406
0.3143974
0.3235171
0.2953584
0.3042220
0.2915347
0.2930733
0.2798248
0.3170504
0.3083506
0.2992708
0.2922881
0.2902041
0.2877273
0.3059906
0.2904123
0.3057604
0.3068542
0.3080133
0.2844158
0.3088135
0.3226216
0.3017744
0.3126254
0.3095020
0.3114381
0.3170526
0.3145248
0.2862202
0.3022224
0.2998484
0.2931062
0.3026175
0.2916024
0.2992591
0.2990210
0.2776866
0.2916376
0.2835999
0.2661418
0.3244406
0.3143974
0.3235171
0.2953584
0.3042220
0.2915347
0.2930733
0.2798248
0.3170504
0.3083506
0.2992708
0.2922881
0.2902041
0.2877273
0.3059906
0.2904123
0.3057604
0.3068542
0.3080133
0.2844158
0.3088135
0.3226216
0.3017744
0.3126254
0.3095020
0.3114381
0.3170526
0.3145248
0.2862202
0.3022224
0.2998484
0.2931062
0.3026175
0.2916024
0.2992591
0.2990210
0.2776866
0.2916376
0.2835999
0.2661418
0.3244406
0.3143974
0.3235171
0.2953584
0.3042220
0.2915347
0.2930733
0.2798248
0.3170504
0.3083506
0.2992708
0.2922881
0.2902041
0.2877273
0.3059906
0.2904123
0.3057604
0.3068542
0.3080133
0.2844158
0.3088135
0.3226216
0.3017744
0.3126254
0.3095020
0.3114381
0.3170526
0.3145248
0.2862202
0.3022224
0.2998484
0.2931062
0.3026175
0.2916024
0.2992591
0.2990210
0.2776866
0.2916376
0.2835999
0.2661418
0.3244406
0.3143974
0.3235171
0.2953584
0.3042220
0.2915347
0.2930733
0.2798248
0.3170504
0.3083506
0.2992708
0.2922881
0.2902041
0.2877273
0.3059906
0.2904123
0.3057604
0.3068542
0.3080133
0.2844158
0.3088135
0.3226216
0.3017744
0.3126254
0.3095020
0.3114381
0.3170526
0.3145248
0.2862202
0.3022224
0.2998484
0.2931062
0.3026175
0.2916024
0.2992591
0.2990210
0.2776866
0.2916376
0.2835999
0.2661418
0.3244406
0.3143974
0.3235171
0.2953584
0.3042220
0.2915347
0.2930733
0.2798248
0.3170504
0.3083506
0.2992708
0.2922881
0.2902041
0.2877273
0.3059906
0.2904123
0.3057604
0.3068542
0.3080133
0.2844158
0.3088135
0.3226216
0.3017744
0.3126254
0.3095020
0.3114381
0.3170526
0.3145248
0.2862202
0.3022224
0.2998484
0.2931062
0.3026175
0.2916024
0.2992591
0.2990210
0.2776866
0.2916376
0.2835999
0.2661418
0.3244406
0.3143974
0.3235171
0.2953584
0.3042220
0.2915347
0.2930733
0.2798248
0.3170504
0.3083506
0.2992708
0.2922881
0.2902041
0.2877273
0.3059906
0.2904123
0.3057604
0.3068542
0.3080133
0.2844158
0.3088135
0.3226216
0.3017744
0.3126254
0.3095020
0.3114381
0.3170526
0.3145248
0.2862202
0.3022224
0.2998484
0.2931062
0.3026175
0.2916024
0.2992591
0.2990210
0.2776866
0.2916376
0.2835999
0.2661418
0.3244406
0.3143974
0.3235171
0.2953584
0.3042220
0.2915347
0.2930733
0.2798248
0.3170504
0.3083506
0.2992708
0.2922881
0.2902041
0.2877273
0.3059906
0.2904123
0.3057604
0.3068542
0.3080133
0.2844158
0.3088135
0.3226216
0.3017744
0.3126254
0.3095020
0.3114381
0.3170526
0.3145248
0.2862202
0.3022224
0.2998484
0.2931062
0.3026175
0.2916024
0.2992591
0.2990210
0.2776866
0.2916376
0.2835999
0.2661418
0.3244406
0.3143974
0.3235171
0.2953584
0.3042220
0.2915347
0.2930733
0.2798248
0.3170504
0.3083506
0.2992708
0.2922881
0.2902041
0.2877273
0.3059906
0.2904123
0.3057604
0.3068542
0.3080133
0.2844158
0.3088135
0.3226216
0.3017744
0.3126254
0.3095020
0.3114381
