0.9940904
0.9118730
1.0161330
1.0548918
1.0431956
1.0580855
0.9987972
1.0117983
1.0565482
0.9812415
0.8987248
0.9607889
1.0316133
0.9832931
1.0041744
1.0294239
0.9693734
0.9860657
0.9189147
1.0129423
0.9634083
0.9847985
0.9640191
0.9626127
0.9949730
1.0190924
1.0799678
1.0243525
1.0673478
1.0020613
0.9675637
0.9877223
0.9259603
0.9547831
1.0511389
0.9693799
0.9620472
0.9396731
1.0116236
0.9888944
0.9940904
0.9118730
1.0161330
1.0548918
1.0431956
1.0580855
0.9987972
1.0117983
1.0565482
0.9812415
0.8987248
0.9607889
1.0316133
0.9832931
1.0041744
1.0294239
0.9693734
0.9860657
0.9189147
1.0129423
0.9634083
0.9847985
0.9640191
0.9626127
0.9949730
1.0190924
1.0799678
1.0243525
1.0673478
1.0020613
0.9675637
0.9877223
0.9259603
0.9547831
1.0511389
0.9693799
0.9620472
0.9396731
1.0116236
0.9888944
0.9940904
0.9118730
1.0161330
1.0548918
1.0431956
1.0580855
0.9987972
1.0117983
1.0565482
0.9812415
0.8987248
0.9607889
1.0316133
0.9832931
1.0041744
1.0294239
0.9693734
0.9860657
0.9189147
1.0129423
0.9634083
0.9847985
0.9640191
0.9626127
0.9949730
1.0190924
1.0799678
1.0243525
1.0673478
1.0020613
0.9675637
0.9877223
0.9259603
0.9547831
1.0511389
0.9693799
0.9620472
0.9396731
1.0116236
0.9888944
0.9940904
0.9118730
1.0161330
1.0548918
1.0431956
1.0580855
0.9987972
1.0117983
1.0565482
0.9812415
0.8987248
0.9607889
1.0316133
0.9832931
1.0041744
1.0294239
0.9693734
0.9860657
0.9189147
1.0129423
0.9634083
0.9847985
0.9640191
0.9626127
0.9949730
1.0190924
1.0799678
1.0243525
1.0673478
1.0020613
0.9675637
0.9877223
0.9259603
0.9547831
1.0511389
0.9693799
0.9620472
0.9396731
1.0116236
0.9888944
0.9940904
0.9118730
1.0161330
1.0548918
1.0431956
1.0580855
0.9987972
1.0117983
1.0565482
0.9812415
0.8987248
0.9607889
1.0316133
0.9832931
1.0041744
1.0294239
0.9693734
0.9860657
0.9189147
1.0129423
0.9634083
0.9847985
0.9640191
0.9626127
0.9949730
1.0190924
1.0799678
1.0243525
1.0673478
1.0020613
0.9675637
0.9877223
0.9259603
0.9547831
1.0511389
0.9693799
0.9620472
0.9396731
1.0116236
0.9888944
0.9940904
0.9118730
1.0161330
1.0548918
1.0431956
1.0580855
0.9987972
1.0117983
1.0565482
0.9812415
0.8987248
0.9607889
1.0316133
0.9832931
1.0041744
1.0294239
0.9693734
0.9860657
0.9189147
1.0129423
0.9634083
0.9847985
0.9640191
0.9626127
0.9949730
1.0190924
1.0799678
1.0243525
1.0673478
1.0020613
0.9675637
0.9877223
0.9259603
0.9547831
1.0511389
0.9693799
0.9620472
0.9396731
1.0116236
0.9888944
0.9940904
0.9118730
1.0161330
1.0548918
1.0431956
1.0580855
0.9987972
1.0117983
1.0565482
0.9812415
0.8987248
0.9607889
1.0316133
0.9832931
1.0041744
1.0294239
0.9693734
0.9860657
0.9189147
1.0129423
0.9634083
0.9847985
0.9640191
0.9626127
0.9949730
1.0190924
1.0799678
1.0243525
1.0673478
1.0020613
0.9675637
0.9877223
0.9259603
0.9547831
1.0511389
0.9693799
0.9620472
0.9396731
1.0116236
0.9888944
0.9940904
0.9118730
1.0161330
1.0548918
1.0431956
1.0580855
0.9987972
1.0117983
1.0565482
0.9812415
0.8987248
0.9607889
1.0316133
0.9832931
1.0041744
1.0294239
0.9693734
0.9860657
0.9189147
1.0129423
0.9634083
0.9847985
0.9640191
0.9626127
0.9949730
1.0190924
1.0799678
1.0243525
1.0673478
1.0020613
0.9675637
0.9877223
0.9259603
0.9547831
1.0511389
0.9693799
0.9620472
0.9396731
1.0116236
0.9888944
0.9940904
0.9118730
1.0161330
1.0548918
1.0431956
1.0580855
0.9987972
1.0117983
1.0565482
0.9812415
0.8987248
0.9607889
1.0316133
0.9832931
1.0041744
1.0294239
0.9693734
0.9860657
0.9189147
1.0129423
0.9634083
0.9847985
0.9640191
0.9626127
0.9949730
1.0190924
1.0799678
1.0243525
1.0673478
1.0020613
0.9675637
0.9877223
0.9259603
0.9547831
1.0511389
0.9693799
0.9620472
0.9396731
1.0116236
0.9888944
0.9940904
0.9118730
1.0161330
1.0548918
1.0431956
1.0580855
0.9987972
1.0117983
1.0565482
0.9812415
0.8987248
0.9607889
1.0316133
0.9832931
1.0041744
1.0294239
0.9693734
0.9860657
0.9189147
1.0129423
0.9634083
0.9847985
0.9640191
0.9626127
0.9949730
1.0190924
1.0799678
1.0243525
1.0673478
1.0020613
0.9675637
0.9877223
0.9259603
0.9547831
1.0511389
0.9693799
0.9620472
0.9396731
1.0116236
0.9888944
0.9940904
0.9118730
1.0161330
1.0548918
1.0431956
1.0580855
0.9987972
1.0117983
1.0565482
0.9812415
0.8987248
0.9607889
1.0316133
0.9832931
1.0041744
1.0294239
0.9693734
0.9860657
0.9189147
1.0129423
0.9634083
0.9847985
0.9640191
0.9626127
0.9949730
1.0190924
1.0799678
1.0243525
1.0673478
1.0020613
0.9675637
0.9877223
0.9259603
0.9547831
1.0511389
0.9693799
0.9620472
0.9396731
1.0116236
0.9888944
0.9940904
0.9118730
1.0161330
1.0548918
1.0431956
1.0580855
0.9987972
1.0117983
1.0565482
0.9812415
0.8987248
0.9607889
1.0316133
0.9832931
1.0041744
1.0294239
0.9693734
0.9860657
0.9189147
1.0129423
0.9634083
0.9847985
0.9640191
0.9626127
0.9949730
1.0190924
1.0799678
1.0243525
1.0673478
1.0020613
0.9675637
0.9877223
0.9259603
0.9547831
1.0511389
0.9693799
0.9620472
0.9396731
1.0116236
0.9888944
0.9940904
0.9118730
1.0161330
1.0548918
1.0431956
1.0580855
0.9987972
1.0117983
1.0565482
0.9812415
0.8987248
0.9607889
1.0316133
0.9832931
1.0041744
1.0294239
0.9693734
0.9860657
0.9189147
1.0129423
0.9634083
0.9847985
0.9640191
0.9626127
0.9949730
1.0190924
1.0799678
1.0243525
1.0673478
1.0020613
0.9675637
0.9877223
0.9259603
0.9547831
1.0511389
0.9693799
0.9620472
0.9396731
1.0116236
0.9888944
0.9940904
0.9118730
1.0161330
1.0548918
1.0431956
1.0580855
0.9987972
1.0117983
1.0565482
0.9812415
0.8987248
0.9607889
1.0316133
0.9832931
1.0041744
1.0294239
0.9693734
0.9860657
0.9189147
1.0129423
0.9634083
0.9847985
0.9640191
0.9626127
0.9949730
1.0190924
1.0799678
1.0243525
1.0673478
1.0020613
0.9675637
0.9877223
0.9259603
0.9547831
1.0511389
0.9693799
0.9620472
0.9396731
1.0116236
0.9888944
0.9940904
0.9118730
1.0161330
1.0548918
1.0431956
1.0580855
0.9987972
1.0117983
1.0565482
0.9812415
0.8987248
0.9607889
1.0316133
0.9832931
1.0041744
1.0294239
0.9693734
0.9860657
0.9189147
1.0129423
0.9634083
0.9847985
0.9640191
0.9626127
0.9949730
1.0190924
1.0799678
1.0243525
1.0673478
1.0020613
0.9675637
0.9877223
0.9259603
0.9547831
1.0511389
0.9693799
0.9620472
0.9396731
1.0116236
0.9888944
0.9940904
0.9118730
1.0161330
1.0548918
1.0431956
1.0580855
0.9987972
1.0117983
1.0565482
0.9812415
0.8987248
0.9607889
1.0316133
0.9832931
1.0041744
1.0294239
0.9693734
0.9860657
0.9189147
1.0129423
0.9634083
0.9847985
0.9640191
0.9626127
0.9949730
1.0190924
1.0799678
1.0243525
1.0673478
1.0020613
0.9675637
0.9877223
0.9259603
0.9547831
1.0511389
0.9693799
0.9620472
0.9396731
1.0116236
0.9888944
0.9940904
0.9118730
1.0161330
1.0548918
1.0431956
1.0580855
0.9987972
1.0117983
1.0565482
0.9812415
0.8987248
0.9607889
1.0316133
0.9832931
1.0041744
1.0294239
0.9693734
0.9860657
0.9189147
1.0129423
0.9634083
0.9847985
0.9640191
0.9626127
0.9949730
1.0190924
1.0799678
1.0243525
1.0673478
1.0020613
0.9675637
0.9877223
0.9259603
0.9547831
1.0511389
0.9693799
0.9620472
0.9396731
1.0116236
0.9888944
0.9940904
0.9118730
1.0161330
1.0548918
1.0431956
1.0580855
0.9987972
1.0117983
1.0565482
0.9812415
0.8987248
0.9607889
1.0316133
0.9832931
1.0041744
1.0294239
0.9693734
0.9860657
0.9189147
1.0129423
0.9634083
0.9847985
0.9640191
0.9626127
0.9949730
1.0190924
1.0799678
1.0243525
1.0673478
1.0020613
0.9675637
0.9877223
0.9259603
0.9547831
1.0511389
0.9693799
0.9620472
0.9396731
1.0116236
0.9888944
0.9940904
0.9118730
1.0161330
1.0548918
1.0431956
1.0580855
0.9987972
1.0117983
1.0565482
0.9812415
0.8987248
0.9607889
1.0316133
0.9832931
1.0041744
1.0294239
0.9693734
0.9860657
0.9189147
1.0129423
0.9634083
0.9847985
0.9640191
0.9626127
0.9949730
1.0190924
1.0799678
1.0243525
1.0673478
1.0020613
0.9675637
0.9877223
0.9259603
0.9547831
1.0511389
0.9693799
0.9620472
0.9396731
1.0116236
0.9888944
0.9940904
0.9118730
1.0161330
1.0548918
1.0431956
1.0580855
0.9987972
1.0117983
1.0565482
0.9812415
0.8987248
0.9607889
1.0316133
0.9832931
1.0041744
1.0294239
0.9693734
0.9860657
0.9189147
1.0129423
0.9634083
0.9847985
0.9640191
0.9626127
0.9949730
1.0190924
1.0799678
1.0243525
1.0673478
1.0020613
0.9675637
0.9877223
0.9259603
0.9547831
1.0511389
0.9693799
0.9620472
0.9396731
1.0116236
0.9888944
0.9940904
0.9118730
1.0161330
1.0548918
1.0431956
1.0580855
0.9987972
1.0117983
1.0565482
0.9812415
0.8987248
0.9607889
1.0316133
0.9832931
1.0041744
1.0294239
0.9693734
0.9860657
0.9189147
1.0129423
0.9634083
0.9847985
0.9640191
0.9626127
0.9949730
1.0190924
1.0799678
1.0243525
1.0673478
1.0020613
0.9675637
0.9877223
0.9259603
0.9547831
1.0511389
0.9693799
0.9620472
0.9396731
1.0116236
0.9888944
0.9940904
0.9118730
1.0161330
1.0548918
1.0431956
1.0580855
0.9987972
1.0117983
1.0565482
0.9812415
0.8987248
0.9607889
1.0316133
0.9832931
1.0041744
1.0294239
0.9693734
0.9860657
0.9189147
1.0129423
0.9634083
0.9847985
0.9640191
0.9626127
0.9949730
1.0190924
1.0799678
1.0243525
1.0673478
1.0020613
0.9675637
0.9877223
0.9259603
0.9547831
1.0511389
0.9693799
0.9620472
0.9396731
1.0116236
0.9888944
0.9940904
0.9118730
1.0161330
1.0548918
1.0431956
1.0580855
0.9987972
1.0117983
1.0565482
0.9812415
0.8987248
0.9607889
1.0316133
0.9832931
1.0041744
1.0294239
0.9693734
0.9860657
0.9189147
1.0129423
0.9634083
0.9847985
0.9640191
0.9626127
0.9949730
1.0190924
1.0799678
1.0243525
1.0673478
1.0020613
0.9675637
0.9877223
0.9259603
0.9547831
1.0511389
0.9693799
0.9620472
0.9396731
1.0116236
0.9888944
0.9940904
0.9118730
1.0161330
1.0548918
1.0431956
1.0580855
0.9987972
1.0117983
1.0565482
0.9812415
0.8987248
0.9607889
1.0316133
0.9832931
1.0041744
1.0294239
0.9693734
0.9860657
0.9189147
1.0129423
0.9634083
0.9847985
0.9640191
0.9626127
0.9949730
1.0190924
1.0799678
1.0243525
1.0673478
1.0020613
0.9675637
0.9877223
0.9259603
0.9547831
1.0511389
0.9693799
0.9620472
0.9396731
1.0116236
0.9888944
0.9940904
0.9118730
1.0161330
1.0548918
1.0431956
1.0580855
0.9987972
1.0117983
1.0565482
0.9812415
0.8987248
0.9607889
1.0316133
0.9832931
1.0041744
1.0294239
0.9693734
0.9860657
0.9189147
1.0129423
0.9634083
0.9847985
0.9640191
0.9626127
0.9949730
1.0190924
1.0799678
1.0243525
1.0673478
1.0020613
0.9675637
0.9877223
0.9259603
0.9547831
1.0511389
0.9693799
0.9620472
0.9396731
1.0116236
0.9888944
0.9940904
0.9118730
1.0161330
1.0548918
1.0431956
1.0580855
0.9987972
1.0117983
1.0565482
0.9812415
0.8987248
0.9607889
1.0316133
0.9832931
1.0041744
1.0294239
0.9693734
0.9860657
0.9189147
1.0129423
0.9634083
0.9847985
0.9640191
0.9626127
0.9949730
1.0190924
1.0799678
1.0243525
1.0673478
1.0020613
0.9675637
0.9877223
0.9259603
0.9547831
1.0511389
0.9693799
0.9620472
0.9396731
1.0116236
0.9888944
0.9940904
0.9118730
1.0161330
1.0548918
1.0431956
1.0580855
0.9987972
1.0117983
1.0565482
0.9812415
0.8987248
0.9607889
1.0316133
0.9832931
1.0041744
1.0294239
0.9693734
0.9860657
0.9189147
1.0129423
0.9634083
0.9847985
0.9640191
0.9626127
0.9949730
1.0190924
1.0799678
1.0243525
1.0673478
1.0020613
0.9675637
0.9877223
0.9259603
0.9547831
1.0511389
0.9693799
0.9620472
0.9396731
1.0116236
0.9888944
0.9940904
0.9118730
1.0161330
1.0548918
1.0431956
1.0580855
0.9987972
1.0117983
1.0565482
0.9812415
0.8987248
0.9607889
1.0316133
0.9832931
1.0041744
1.0294239
0.9693734
0.9860657
0.9189147
1.0129423
0.9634083
0.9847985
0.9640191
0.9626127
0.9949730
1.0190924
1.0799678
1.0243525
1.0673478
1.0020613
0.9675637
0.9877223
0.9259603
0.9547831
1.0511389
0.9693799
0.9620472
0.9396731
1.0116236
0.9888944
0.9940904
0.9118730
1.0161330
1.0548918
1.0431956
1.0580855
0.9987972
1.0117983
1.0565482
0.9812415
0.8987248
0.9607889
1.0316133
0.9832931
1.0041744
1.0294239
0.9693734
0.9860657
0.9189147
1.0129423
0.9634083
0.9847985
0.9640191
0.9626127
0.9949730
1.0190924
1.0799678
1.0243525
1.0673478
1.0020613
0.9675637
0.9877223
0.9259603
0.9547831
1.0511389
0.9693799
0.9620472
0.9396731
1.0116236
0.9888944
0.9940904
0.9118730
1.0161330
1.0548918
1.0431956
1.0580855
0.9987972
1.0117983
1.0565482
0.9812415
0.8987248
0.9607889
1.0316133
0.9832931
1.0041744
1.0294239
0.9693734
0.9860657
0.9189147
1.0129423
0.9634083
0.9847985
0.9640191
0.9626127
0.9949730
1.0190924
1.0799678
1.0243525
1.0673478
1.0020613
0.9675637
0.9877223
0.9259603
0.9547831
1.0511389
0.9693799
0.9620472
0.9396731
1.0116236
0.9888944
0.9940904
0.9118730
1.0161330
1.0548918
1.0431956
1.0580855
0.9987972
1.0117983
1.0565482
0.9812415
0.8987248
0.9607889
1.0316133
0.9832931
1.0041744
1.0294239
0.9693734
0.9860657
0.9189147
1.0129423
0.9634083
0.9847985
0.9640191
0.9626127
0.9949730
1.0190924
1.0799678
1.0243525
1.0673478
1.0020613
0.9675637
0.9877223
0.9259603
0.9547831
1.0511389
0.9693799
0.9620472
0.9396731
1.0116236
0.9888944
0.9940904
0.9118730
1.0161330
1.0548918
1.0431956
1.0580855
0.9987972
1.0117983
1.0565482
0.9812415
0.8987248
0.9607889
1.0316133
0.9832931
1.0041744
1.0294239
0.9693734
0.9860657
0.9189147
1.0129423
0.9634083
0.9847985
0.9640191
0.9626127
0.9949730
1.0190924
1.0799678
1.0243525
1.0673478
1.0020613
0.9675637
0.9877223
0.9259603
0.9547831
1.0511389
0.9693799
0.9620472
0.9396731
1.0116236
0.9888944
0.9940904
0.9118730
1.0161330
1.0548918
1.0431956
1.0580855
0.9987972
1.0117983
1.0565482
0.9812415
0.8987248
0.9607889
1.0316133
0.9832931
1.0041744
1.0294239
0.9693734
0.9860657
0.9189147
1.0129423
0.9634083
0.9847985
0.9640191
0.9626127
0.9949730
1.0190924
1.0799678
1.0243525
1.0673478
1.0020613
0.9675637
0.9877223
0.9259603
0.9547831
1.0511389
0.9693799
0.9620472
0.9396731
1.0116236
0.9888944
0.9940904
0.9118730
1.0161330
1.0548918
1.0431956
1.0580855
0.9987972
1.0117983
1.0565482
0.9812415
0.8987248
0.9607889
1.0316133
0.9832931
1.0041744
1.0294239
0.9693734
0.9860657
0.9189147
1.0129423
0.9634083
0.9847985
0.9640191
0.9626127
0.9949730
1.0190924
1.0799678
1.0243525
1.0673478
1.0020613
0.9675637
0.9877223
0.9259603
0.9547831
1.0511389
0.9693799
0.9620472
0.9396731
1.0116236
0.9888944
0.9940904
0.9118730
1.0161330
1.0548918
1.0431956
1.0580855
0.9987972
1.0117983
1.0565482
0.9812415
0.8987248
0.9607889
1.0316133
0.9832931
1.0041744
1.0294239
0.9693734
0.9860657
0.9189147
1.0129423
0.9634083
0.9847985
0.9640191
0.9626127
0.9949730
1.0190924
1.0799678
1.0243525
1.0673478
1.0020613
0.9675637
0.9877223
0.9259603
0.9547831
1.0511389
0.9693799
0.9620472
0.9396731
1.0116236
0.9888944
0.9940904
0.9118730
1.0161330
1.0548918
1.0431956
1.0580855
0.9987972
1.0117983
1.0565482
0.9812415
0.8987248
0.9607889
1.0316133
0.9832931
1.0041744
1.0294239
0.9693734
0.9860657
0.9189147
1.0129423
0.9634083
0.9847985
0.9640191
0.9626127
0.9949730
1.0190924
1.0799678
1.0243525
1.0673478
1.0020613
0.9675637
0.9877223
0.9259603
0.9547831
1.0511389
0.9693799
0.9620472
0.9396731
1.0116236
0.9888944
0.9940904
0.9118730
1.0161330
1.0548918
1.0431956
1.0580855
0.9987972
1.0117983
1.0565482
0.9812415
0.8987248
0.9607889
1.0316133
0.9832931
1.0041744
1.0294239
0.9693734
0.9860657
0.9189147
1.0129423
0.9634083
0.9847985
0.9640191
0.9626127
0.9949730
1.0190924
1.0799678
1.0243525
1.0673478
1.0020613
0.9675637
0.9877223
0.9259603
0.9547831
1.0511389
0.9693799
0.9620472
0.9396731
1.0116236
0.9888944
0.9940904
0.9118730
1.0161330
1.0548918
1.0431956
1.0580855
0.9987972
1.0117983
1.0565482
0.9812415
0.8987248
0.9607889
1.0316133
0.9832931
1.0041744
1.0294239
0.9693734
0.9860657
0.9189147
1.0129423
0.9634083
0.9847985
0.9640191
0.9626127
0.9949730
1.0190924
1.0799678
1.0243525
1.0673478
1.0020613
0.9675637
0.9877223
0.9259603
0.9547831
1.0511389
0.9693799
0.9620472
0.9396731
1.0116236
0.9888944
0.9940904
0.9118730
1.0161330
1.0548918
1.0431956
1.0580855
0.9987972
1.0117983
1.0565482
0.9812415
0.8987248
0.9607889
1.0316133
0.9832931
1.0041744
1.0294239
0.9693734
0.9860657
0.9189147
1.0129423
0.9634083
0.9847985
0.9640191
0.9626127
0.9949730
1.0190924
1.0799678
1.0243525
1.0673478
1.0020613
0.9675637
0.9877223
0.9259603
0.9547831
1.0511389
0.9693799
0.9620472
0.9396731
1.0116236
0.9888944
0.9940904
0.9118730
1.0161330
1.0548918
1.0431956
1.0580855
0.9987972
1.0117983
1.0565482
0.9812415
0.8987248
0.9607889
1.0316133
0.9832931
1.0041744
1.0294239
0.9693734
0.9860657
0.9189147
1.0129423
0.9634083
0.9847985
0.9640191
0.9626127
0.9949730
1.0190924
1.0799678
1.0243525
1.0673478
1.0020613
0.9675637
0.9877223
0.9259603
0.9547831
1.0511389
0.9693799
0.9620472
0.9396731
1.0116236
0.9888944
0.9940904
0.9118730
1.0161330
1.0548918
1.0431956
1.0580855
0.9987972
1.0117983
1.0565482
0.9812415
0.8987248
0.9607889
1.0316133
0.9832931
1.0041744
1.0294239
0.9693734
0.9860657
0.9189147
1.0129423
0.9634083
0.9847985
0.9640191
0.9626127
0.9949730
1.0190924
1.0799678
1.0243525
1.0673478
1.0020613
0.9675637
0.9877223
0.9259603
0.9547831
1.0511389
0.9693799
0.9620472
0.9396731
1.0116236
0.9888944
0.9940904
0.9118730
1.0161330
1.0548918
1.0431956
1.0580855
0.9987972
1.0117983
1.0565482
0.9812415
0.8987248
0.9607889
1.0316133
0.9832931
1.0041744
1.0294239
0.9693734
0.9860657
0.9189147
1.0129423
0.9634083
0.9847985
0.9640191
0.9626127
0.9949730
1.0190924
1.0799678
1.0243525
1.0673478
1.0020613
0.9675637
0.9877223
0.9259603
0.9547831
1.0511389
0.9693799
0.9620472
0.9396731
1.0116236
0.9888944
0.9940904
0.9118730
1.0161330
1.0548918
1.0431956
1.0580855
0.9987972
1.0117983
1.0565482
0.9812415
0.8987248
0.9607889
1.0316133
0.9832931
1.0041744
1.0294239
0.9693734
0.9860657
0.9189147
1.0129423
0.9634083
0.9847985
0.9640191
0.9626127
0.9949730
1.0190924
1.0799678
1.0243525
1.0673478
1.0020613
0.9675637
0.9877223
0.9259603
0.9547831
1.0511389
0.9693799
0.9620472
0.9396731
1.0116236
0.9888944
0.9940904
0.9118730
1.0161330
1.0548918
1.0431956
1.0580855
0.9987972
1.0117983
1.0565482
0.9812415
0.8987248
0.9607889
1.0316133
0.9832931
1.0041744
1.0294239
0.9693734
0.9860657
0.9189147
1.0129423
0.9634083
0.9847985
0.9640191
0.9626127
0.9949730
1.0190924
1.0799678
1.0243525
1.0673478
1.0020613
0.9675637
0.9877223
0.9259603
0.9547831
1.0511389
0.9693799
0.9620472
0.9396731
1.0116236
0.9888944
0.9940904
0.9118730
1.0161330
1.0548918
1.0431956
1.0580855
0.9987972
1.0117983
1.0565482
0.9812415
0.8987248
0.9607889
1.0316133
0.9832931
1.0041744
1.0294239
0.9693734
0.9860657
0.9189147
1.0129423
0.9634083
0.9847985
0.9640191
0.9626127
0.9949730
1.0190924
1.0799678
1.0243525
1.0673478
1.0020613
0.9675637
0.9877223
0.9259603
0.9547831
1.0511389
0.9693799
0.9620472
0.9396731
1.0116236
0.9888944
0.9940904
0.9118730
1.0161330
1.0548918
1.0431956
1.0580855
0.9987972
1.0117983
1.0565482
0.9812415
0.8987248
0.9607889
1.0316133
0.9832931
1.0041744
1.0294239
0.9693734
0.9860657
0.9189147
1.0129423
0.9634083
0.9847985
0.9640191
0.9626127
0.9949730
1.0190924
1.0799678
1.0243525
1.0673478
1.0020613
0.9675637
0.9877223
0.9259603
0.9547831
1.0511389
0.9693799
0.9620472
0.9396731
1.0116236
0.9888944
0.9940904
0.9118730
1.0161330
1.0548918
1.0431956
1.0580855
0.9987972
1.0117983
1.0565482
0.9812415
0.8987248
0.9607889
1.0316133
0.9832931
1.0041744
1.0294239
0.9693734
0.9860657
0.9189147
1.0129423
0.9634083
0.9847985
0.9640191
0.9626127
0.9949730
1.0190924
1.0799678
1.0243525
1.0673478
1.0020613
0.9675637
0.9877223
0.9259603
0.9547831
1.0511389
0.9693799
0.9620472
0.9396731
1.0116236
0.9888944
0.9940904
0.9118730
1.0161330
1.0548918
1.0431956
1.0580855
0.9987972
1.0117983
1.0565482
0.9812415
0.8987248
0.9607889
1.0316133
0.9832931
1.0041744
1.0294239
0.9693734
0.9860657
0.9189147
1.0129423
0.9634083
0.9847985
0.9640191
0.9626127
0.9949730
1.0190924
1.0799678
1.0243525
1.0673478
1.0020613
0.9675637
0.9877223
0.9259603
0.9547831
1.0511389
0.9693799
0.9620472
0.9396731
1.0116236
0.9888944
0.9940904
0.9118730
1.0161330
1.0548918
1.0431956
1.0580855
0.9987972
1.0117983
1.0565482
0.9812415
0.8987248
0.9607889
1.0316133
0.9832931
1.0041744
1.0294239
0.9693734
0.9860657
0.9189147
1.0129423
0.9634083
0.9847985
0.9640191
0.9626127
0.9949730
1.0190924
1.0799678
1.0243525
1.0673478
1.0020613
0.9675637
0.9877223
0.9259603
0.9547831
1.0511389
0.9693799
0.9620472
0.9396731
1.0116236
0.9888944
0.9940904
0.9118730
1.0161330
1.0548918
1.0431956
1.0580855
0.9987972
1.0117983
1.0565482
0.9812415
0.8987248
0.9607889
1.0316133
0.9832931
1.0041744
1.0294239
0.9693734
0.9860657
0.9189147
1.0129423
0.9634083
0.9847985
0.9640191
0.9626127
0.9949730
1.0190924
1.0799678
1.0243525
1.0673478
1.0020613
0.9675637
0.9877223
0.9259603
0.9547831
1.0511389
0.9693799
0.9620472
0.9396731
1.0116236
0.9888944
