5.320171
5.347417
5.373188
5.592758
5.496426
5.374476
5.763186
5.239244
5.587259
5.442086
5.760907
5.773453
6.046647
5.470275
5.522967
5.844484
5.673279
5.234661
5.298962
5.521245
5.241327
5.640653
5.808629
6.009399
5.935987
5.424882
5.643799
5.815532
5.706757
5.672022
5.658324
5.671692
5.711187
5.766495
5.643527
5.875057
5.446044
5.696957
5.687592
5.253152
5.320171
5.347417
5.373188
5.592758
5.496426
5.374476
5.763186
5.239244
5.587259
5.442086
5.760907
5.773453
6.046647
5.470275
5.522967
5.844484
5.673279
5.234661
5.298962
5.521245
5.241327
5.640653
5.808629
6.009399
5.935987
5.424882
5.643799
5.815532
5.706757
5.672022
5.658324
5.671692
5.711187
5.766495
5.643527
5.875057
5.446044
5.696957
5.687592
5.253152
5.320171
5.347417
5.373188
5.592758
5.496426
5.374476
5.763186
5.239244
5.587259
5.442086
5.760907
5.773453
6.046647
5.470275
5.522967
5.844484
5.673279
5.234661
5.298962
5.521245
5.241327
5.640653
5.808629
6.009399
5.935987
5.424882
5.643799
5.815532
5.706757
5.672022
5.658324
5.671692
5.711187
5.766495
5.643527
5.875057
5.446044
5.696957
5.687592
5.253152
5.320171
5.347417
5.373188
5.592758
5.496426
5.374476
5.763186
5.239244
5.587259
5.442086
5.760907
5.773453
6.046647
5.470275
5.522967
5.844484
5.673279
5.234661
5.298962
5.521245
5.241327
5.640653
5.808629
6.009399
5.935987
5.424882
5.643799
5.815532
5.706757
5.672022
5.658324
5.671692
5.711187
5.766495
5.643527
5.875057
5.446044
5.696957
5.687592
5.253152
5.320171
5.347417
5.373188
5.592758
5.496426
5.374476
5.763186
5.239244
5.587259
5.442086
5.760907
5.773453
6.046647
5.470275
5.522967
5.844484
5.673279
5.234661
5.298962
5.521245
5.241327
5.640653
5.808629
6.009399
5.935987
5.424882
5.643799
5.815532
5.706757
5.672022
5.658324
5.671692
5.711187
5.766495
5.643527
5.875057
5.446044
5.696957
5.687592
5.253152
5.320171
5.347417
5.373188
5.592758
5.496426
5.374476
5.763186
5.239244
5.587259
5.442086
5.760907
5.773453
6.046647
5.470275
5.522967
5.844484
5.673279
5.234661
5.298962
5.521245
5.241327
5.640653
5.808629
6.009399
5.935987
5.424882
5.643799
5.815532
5.706757
5.672022
5.658324
5.671692
5.711187
5.766495
5.643527
5.875057
5.446044
5.696957
5.687592
5.253152
5.320171
5.347417
5.373188
5.592758
5.496426
5.374476
5.763186
5.239244
5.587259
5.442086
5.760907
5.773453
6.046647
5.470275
5.522967
5.844484
5.673279
5.234661
5.298962
5.521245
5.241327
5.640653
5.808629
6.009399
5.935987
5.424882
5.643799
5.815532
5.706757
5.672022
5.658324
5.671692
5.711187
5.766495
5.643527
5.875057
5.446044
5.696957
5.687592
5.253152
5.320171
5.347417
5.373188
5.592758
5.496426
5.374476
5.763186
5.239244
5.587259
5.442086
5.760907
5.773453
6.046647
5.470275
5.522967
5.844484
5.673279
5.234661
5.298962
5.521245
5.241327
5.640653
5.808629
6.009399
5.935987
5.424882
5.643799
5.815532
5.706757
5.672022
5.658324
5.671692
5.711187
5.766495
5.643527
5.875057
5.446044
5.696957
5.687592
5.253152
5.320171
5.347417
5.373188
5.592758
5.496426
5.374476
5.763186
5.239244
5.587259
5.442086
5.760907
5.773453
6.046647
5.470275
5.522967
5.844484
5.673279
5.234661
5.298962
5.521245
5.241327
5.640653
5.808629
6.009399
5.935987
5.424882
5.643799
5.815532
5.706757
5.672022
5.658324
5.671692
5.711187
5.766495
5.643527
5.875057
5.446044
5.696957
5.687592
5.253152
5.320171
5.347417
5.373188
5.592758
5.496426
5.374476
5.763186
5.239244
5.587259
5.442086
5.760907
5.773453
6.046647
5.470275
5.522967
5.844484
5.673279
5.234661
5.298962
5.521245
5.241327
5.640653
5.808629
6.009399
5.935987
5.424882
5.643799
5.815532
5.706757
5.672022
5.658324
5.671692
5.711187
5.766495
5.643527
5.875057
5.446044
5.696957
5.687592
5.253152
5.320171
5.347417
5.373188
5.592758
5.496426
5.374476
5.763186
5.239244
5.587259
5.442086
5.760907
5.773453
6.046647
5.470275
5.522967
5.844484
5.673279
5.234661
5.298962
5.521245
5.241327
5.640653
5.808629
6.009399
5.935987
5.424882
5.643799
5.815532
5.706757
5.672022
5.658324
5.671692
5.711187
5.766495
5.643527
5.875057
5.446044
5.696957
5.687592
5.253152
5.320171
5.347417
5.373188
5.592758
5.496426
5.374476
5.763186
5.239244
5.587259
5.442086
5.760907
5.773453
6.046647
5.470275
5.522967
5.844484
5.673279
5.234661
5.298962
5.521245
5.241327
5.640653
5.808629
6.009399
5.935987
5.424882
5.643799
5.815532
5.706757
5.672022
5.658324
5.671692
5.711187
5.766495
5.643527
5.875057
5.446044
5.696957
5.687592
5.253152
5.320171
5.347417
5.373188
5.592758
5.496426
5.374476
5.763186
5.239244
5.587259
5.442086
5.760907
5.773453
6.046647
5.470275
5.522967
5.844484
5.673279
5.234661
5.298962
5.521245
5.241327
5.640653
5.808629
6.009399
5.935987
5.424882
5.643799
5.815532
5.706757
5.672022
5.658324
5.671692
5.711187
5.766495
5.643527
5.875057
5.446044
5.696957
5.687592
5.253152
5.320171
5.347417
5.373188
5.592758
5.496426
5.374476
5.763186
5.239244
5.587259
5.442086
5.760907
5.773453
6.046647
5.470275
5.522967
5.844484
5.673279
5.234661
5.298962
5.521245
5.241327
5.640653
5.808629
6.009399
5.935987
5.424882
5.643799
5.815532
5.706757
5.672022
5.658324
5.671692
5.711187
5.766495
5.643527
5.875057
5.446044
5.696957
5.687592
5.253152
5.320171
5.347417
5.373188
5.592758
5.496426
5.374476
5.763186
5.239244
5.587259
5.442086
5.760907
5.773453
6.046647
5.470275
5.522967
5.844484
5.673279
5.234661
5.298962
5.521245
5.241327
5.640653
5.808629
6.009399
5.935987
5.424882
5.643799
5.815532
5.706757
5.672022
5.658324
5.671692
5.711187
5.766495
5.643527
5.875057
5.446044
5.696957
5.687592
5.253152
5.320171
5.347417
5.373188
5.592758
5.496426
5.374476
5.763186
5.239244
5.587259
5.442086
5.760907
5.773453
6.046647
5.470275
5.522967
5.844484
5.673279
5.234661
5.298962
5.521245
5.241327
5.640653
5.808629
6.009399
5.935987
5.424882
5.643799
5.815532
5.706757
5.672022
5.658324
5.671692
5.711187
5.766495
5.643527
5.875057
5.446044
5.696957
5.687592
5.253152
5.320171
5.347417
5.373188
5.592758
5.496426
5.374476
5.763186
5.239244
5.587259
5.442086
5.760907
5.773453
6.046647
5.470275
5.522967
5.844484
5.673279
5.234661
5.298962
5.521245
5.241327
5.640653
5.808629
6.009399
5.935987
5.424882
5.643799
5.815532
5.706757
5.672022
5.658324
5.671692
5.711187
5.766495
5.643527
5.875057
5.446044
5.696957
5.687592
5.253152
5.320171
5.347417
5.373188
5.592758
5.496426
5.374476
5.763186
5.239244
5.587259
5.442086
5.760907
5.773453
6.046647
5.470275
5.522967
5.844484
5.673279
5.234661
5.298962
5.521245
5.241327
5.640653
5.808629
6.009399
5.935987
5.424882
5.643799
5.815532
5.706757
5.672022
5.658324
5.671692
5.711187
5.766495
5.643527
5.875057
5.446044
5.696957
5.687592
5.253152
5.320171
5.347417
5.373188
5.592758
5.496426
5.374476
5.763186
5.239244
5.587259
5.442086
5.760907
5.773453
6.046647
5.470275
5.522967
5.844484
5.673279
5.234661
5.298962
5.521245
5.241327
5.640653
5.808629
6.009399
5.935987
5.424882
5.643799
5.815532
5.706757
5.672022
5.658324
5.671692
5.711187
5.766495
5.643527
5.875057
5.446044
5.696957
5.687592
5.253152
5.320171
5.347417
5.373188
5.592758
5.496426
5.374476
5.763186
5.239244
5.587259
5.442086
5.760907
5.773453
6.046647
5.470275
5.522967
5.844484
5.673279
5.234661
5.298962
5.521245
5.241327
5.640653
5.808629
6.009399
5.935987
5.424882
5.643799
5.815532
5.706757
5.672022
5.658324
5.671692
5.711187
5.766495
5.643527
5.875057
5.446044
5.696957
5.687592
5.253152
5.320171
5.347417
5.373188
5.592758
5.496426
5.374476
5.763186
5.239244
5.587259
5.442086
5.760907
5.773453
6.046647
5.470275
5.522967
5.844484
5.673279
5.234661
5.298962
5.521245
5.241327
5.640653
5.808629
6.009399
5.935987
5.424882
5.643799
5.815532
5.706757
5.672022
5.658324
5.671692
5.711187
5.766495
5.643527
5.875057
5.446044
5.696957
5.687592
5.253152
5.320171
5.347417
5.373188
5.592758
5.496426
5.374476
5.763186
5.239244
5.587259
5.442086
5.760907
5.773453
6.046647
5.470275
5.522967
5.844484
5.673279
5.234661
5.298962
5.521245
5.241327
5.640653
5.808629
6.009399
5.935987
5.424882
5.643799
5.815532
5.706757
5.672022
5.658324
5.671692
5.711187
5.766495
5.643527
5.875057
5.446044
5.696957
5.687592
5.253152
5.320171
5.347417
5.373188
5.592758
5.496426
5.374476
5.763186
5.239244
5.587259
5.442086
5.760907
5.773453
6.046647
5.470275
5.522967
5.844484
5.673279
5.234661
5.298962
5.521245
5.241327
5.640653
5.808629
6.009399
5.935987
5.424882
5.643799
5.815532
5.706757
5.672022
5.658324
5.671692
5.711187
5.766495
5.643527
5.875057
5.446044
5.696957
5.687592
5.253152
5.320171
5.347417
5.373188
5.592758
5.496426
5.374476
5.763186
5.239244
5.587259
5.442086
5.760907
5.773453
6.046647
5.470275
5.522967
5.844484
5.673279
5.234661
5.298962
5.521245
5.241327
5.640653
5.808629
6.009399
5.935987
5.424882
5.643799
5.815532
5.706757
5.672022
5.658324
5.671692
5.711187
5.766495
5.643527
5.875057
5.446044
5.696957
5.687592
5.253152
5.320171
5.347417
5.373188
5.592758
5.496426
5.374476
5.763186
5.239244
5.587259
5.442086
5.760907
5.773453
6.046647
5.470275
5.522967
5.844484
5.673279
5.234661
5.298962
5.521245
5.241327
5.640653
5.808629
6.009399
5.935987
5.424882
5.643799
5.815532
5.706757
5.672022
5.658324
5.671692
5.711187
5.766495
5.643527
5.875057
5.446044
5.696957
5.687592
5.253152
5.320171
5.347417
5.373188
5.592758
5.496426
5.374476
5.763186
5.239244
5.587259
5.442086
5.760907
5.773453
6.046647
5.470275
5.522967
5.844484
5.673279
5.234661
5.298962
5.521245
5.241327
5.640653
5.808629
6.009399
5.935987
5.424882
5.643799
5.815532
5.706757
5.672022
5.658324
5.671692
5.711187
5.766495
5.643527
5.875057
5.446044
5.696957
5.687592
5.253152
5.320171
5.347417
5.373188
5.592758
5.496426
5.374476
5.763186
5.239244
5.587259
5.442086
5.760907
5.773453
6.046647
5.470275
5.522967
5.844484
5.673279
5.234661
5.298962
5.521245
5.241327
5.640653
5.808629
6.009399
5.935987
5.424882
5.643799
5.815532
5.706757
5.672022
5.658324
5.671692
5.711187
5.766495
5.643527
5.875057
5.446044
5.696957
5.687592
5.253152
5.320171
5.347417
5.373188
5.592758
5.496426
5.374476
5.763186
5.239244
5.587259
5.442086
5.760907
5.773453
6.046647
5.470275
5.522967
5.844484
5.673279
5.234661
5.298962
5.521245
5.241327
5.640653
5.808629
6.009399
5.935987
5.424882
5.643799
5.815532
5.706757
5.672022
5.658324
5.671692
5.711187
5.766495
5.643527
5.875057
5.446044
5.696957
5.687592
5.253152
5.320171
5.347417
5.373188
5.592758
5.496426
5.374476
5.763186
5.239244
5.587259
5.442086
5.760907
5.773453
6.046647
5.470275
5.522967
5.844484
5.673279
5.234661
5.298962
5.521245
5.241327
5.640653
5.808629
6.009399
5.935987
5.424882
5.643799
5.815532
5.706757
5.672022
5.658324
5.671692
5.711187
5.766495
5.643527
5.875057
5.446044
5.696957
5.687592
5.253152
5.320171
5.347417
5.373188
5.592758
5.496426
5.374476
5.763186
5.239244
5.587259
5.442086
5.760907
5.773453
6.046647
5.470275
5.522967
5.844484
5.673279
5.234661
5.298962
5.521245
5.241327
5.640653
5.808629
6.009399
5.935987
5.424882
5.643799
5.815532
5.706757
5.672022
5.658324
5.671692
5.711187
5.766495
5.643527
5.875057
5.446044
5.696957
5.687592
5.253152
5.320171
5.347417
5.373188
5.592758
5.496426
5.374476
5.763186
5.239244
5.587259
5.442086
5.760907
5.773453
6.046647
5.470275
5.522967
5.844484
5.673279
5.234661
5.298962
5.521245
5.241327
5.640653
5.808629
6.009399
5.935987
5.424882
5.643799
5.815532
5.706757
5.672022
5.658324
5.671692
5.711187
5.766495
5.643527
5.875057
5.446044
5.696957
5.687592
5.253152
5.320171
5.347417
5.373188
5.592758
5.496426
5.374476
5.763186
5.239244
5.587259
5.442086
5.760907
5.773453
6.046647
5.470275
5.522967
5.844484
5.673279
5.234661
5.298962
5.521245
5.241327
5.640653
5.808629
6.009399
5.935987
5.424882
5.643799
5.815532
5.706757
5.672022
5.658324
5.671692
5.711187
5.766495
5.643527
5.875057
5.446044
5.696957
5.687592
5.253152
5.320171
5.347417
5.373188
5.592758
5.496426
5.374476
5.763186
5.239244
5.587259
5.442086
5.760907
5.773453
6.046647
5.470275
5.522967
5.844484
5.673279
5.234661
5.298962
5.521245
5.241327
5.640653
5.808629
6.009399
5.935987
5.424882
5.643799
5.815532
5.706757
5.672022
5.658324
5.671692
5.711187
5.766495
5.643527
5.875057
5.446044
5.696957
5.687592
5.253152
5.320171
5.347417
5.373188
5.592758
5.496426
5.374476
5.763186
5.239244
5.587259
5.442086
5.760907
5.773453
6.046647
5.470275
5.522967
5.844484
5.673279
5.234661
5.298962
5.521245
5.241327
5.640653
5.808629
6.009399
5.935987
5.424882
5.643799
5.815532
5.706757
5.672022
5.658324
5.671692
5.711187
5.766495
5.643527
5.875057
5.446044
5.696957
5.687592
5.253152
5.320171
5.347417
5.373188
5.592758
5.496426
5.374476
5.763186
5.239244
5.587259
5.442086
5.760907
5.773453
6.046647
5.470275
5.522967
5.844484
5.673279
5.234661
5.298962
5.521245
5.241327
5.640653
5.808629
6.009399
5.935987
5.424882
5.643799
5.815532
5.706757
5.672022
5.658324
5.671692
5.711187
5.766495
5.643527
5.875057
5.446044
5.696957
5.687592
5.253152
5.320171
5.347417
5.373188
5.592758
5.496426
5.374476
5.763186
5.239244
5.587259
5.442086
5.760907
5.773453
6.046647
5.470275
5.522967
5.844484
5.673279
5.234661
5.298962
5.521245
5.241327
5.640653
5.808629
6.009399
5.935987
5.424882
5.643799
5.815532
5.706757
5.672022
5.658324
5.671692
5.711187
5.766495
5.643527
5.875057
5.446044
5.696957
5.687592
5.253152
5.320171
5.347417
5.373188
5.592758
5.496426
5.374476
5.763186
5.239244
5.587259
5.442086
5.760907
5.773453
6.046647
5.470275
5.522967
5.844484
5.673279
5.234661
5.298962
5.521245
5.241327
5.640653
5.808629
6.009399
5.935987
5.424882
5.643799
5.815532
5.706757
5.672022
5.658324
5.671692
5.711187
5.766495
5.643527
5.875057
5.446044
5.696957
5.687592
5.253152
5.320171
5.347417
5.373188
5.592758
5.496426
5.374476
5.763186
5.239244
5.587259
5.442086
5.760907
5.773453
6.046647
5.470275
5.522967
5.844484
5.673279
5.234661
5.298962
5.521245
5.241327
5.640653
5.808629
6.009399
5.935987
5.424882
5.643799
5.815532
5.706757
5.672022
5.658324
5.671692
5.711187
5.766495
5.643527
5.875057
5.446044
5.696957
5.687592
5.253152
5.320171
5.347417
5.373188
5.592758
5.496426
5.374476
5.763186
5.239244
5.587259
5.442086
5.760907
5.773453
6.046647
5.470275
5.522967
5.844484
5.673279
5.234661
5.298962
5.521245
5.241327
5.640653
5.808629
6.009399
5.935987
5.424882
5.643799
5.815532
5.706757
5.672022
5.658324
5.671692
5.711187
5.766495
5.643527
5.875057
5.446044
5.696957
5.687592
5.253152
5.320171
5.347417
5.373188
5.592758
5.496426
5.374476
5.763186
5.239244
5.587259
5.442086
5.760907
5.773453
6.046647
5.470275
5.522967
5.844484
5.673279
5.234661
5.298962
5.521245
5.241327
5.640653
5.808629
6.009399
5.935987
5.424882
5.643799
5.815532
5.706757
5.672022
5.658324
5.671692
5.711187
5.766495
5.643527
5.875057
5.446044
5.696957
5.687592
5.253152
5.320171
5.347417
5.373188
5.592758
5.496426
5.374476
5.763186
5.239244
5.587259
5.442086
5.760907
5.773453
6.046647
5.470275
5.522967
5.844484
5.673279
5.234661
5.298962
5.521245
5.241327
5.640653
5.808629
6.009399
5.935987
5.424882
5.643799
5.815532
5.706757
5.672022
5.658324
5.671692
5.711187
5.766495
5.643527
5.875057
5.446044
5.696957
5.687592
5.253152
5.320171
5.347417
5.373188
5.592758
5.496426
5.374476
5.763186
5.239244
5.587259
5.442086
5.760907
5.773453
6.046647
5.470275
5.522967
5.844484
5.673279
5.234661
5.298962
5.521245
5.241327
5.640653
5.808629
6.009399
5.935987
5.424882
5.643799
5.815532
5.706757
5.672022
5.658324
5.671692
5.711187
5.766495
5.643527
5.875057
5.446044
5.696957
5.687592
5.253152
5.320171
5.347417
5.373188
5.592758
5.496426
5.374476
5.763186
5.239244
5.587259
5.442086
5.760907
5.773453
6.046647
5.470275
5.522967
5.844484
5.673279
5.234661
5.298962
5.521245
5.241327
5.640653
5.808629
6.009399
5.935987
5.424882
5.643799
5.815532
5.706757
5.672022
5.658324
5.671692
5.711187
5.766495
5.643527
5.875057
5.446044
5.696957
5.687592
5.253152
5.320171
5.347417
5.373188
5.592758
5.496426
5.374476
5.763186
5.239244
5.587259
5.442086
5.760907
5.773453
6.046647
5.470275
5.522967
5.844484
5.673279
5.234661
5.298962
5.521245
5.241327
5.640653
5.808629
6.009399
5.935987
5.424882
5.643799
5.815532
5.706757
5.672022
5.658324
5.671692
5.711187
5.766495
5.643527
5.875057
5.446044
5.696957
5.687592
5.253152
5.320171
5.347417
5.373188
5.592758
5.496426
5.374476
5.763186
5.239244
5.587259
5.442086
5.760907
5.773453
6.046647
5.470275
5.522967
5.844484
5.673279
5.234661
5.298962
5.521245
5.241327
5.640653
5.808629
6.009399
5.935987
5.424882
5.643799
5.815532
5.706757
5.672022
5.658324
5.671692
5.711187
5.766495
5.643527
5.875057
5.446044
5.696957
5.687592
5.253152
5.320171
5.347417
5.373188
5.592758
5.496426
5.374476
5.763186
5.239244
5.587259
5.442086
5.760907
5.773453
6.046647
5.470275
5.522967
5.844484
5.673279
5.234661
5.298962
5.521245
5.241327
5.640653
5.808629
6.009399
5.935987
5.424882
5.643799
5.815532
5.706757
5.672022
5.658324
5.671692
5.711187
5.766495
5.643527
5.875057
5.446044
5.696957
5.687592
5.253152
5.320171
5.347417
5.373188
5.592758
5.496426
5.374476
5.763186
5.239244
5.587259
5.442086
5.760907
5.773453
6.046647
5.470275
5.522967
5.844484
5.673279
5.234661
5.298962
5.521245
5.241327
5.640653
5.808629
6.009399
5.935987
5.424882
5.643799
5.815532
5.706757
5.672022
5.658324
5.671692
5.711187
5.766495
5.643527
5.875057
5.446044
5.696957
5.687592
5.253152
5.320171
5.347417
5.373188
5.592758
5.496426
5.374476
5.763186
5.239244
5.587259
5.442086
5.760907
5.773453
6.046647
5.470275
5.522967
5.844484
5.673279
5.234661
5.298962
5.521245
5.241327
5.640653
5.808629
6.009399
5.935987
5.424882
5.643799
5.815532
5.706757
5.672022
5.658324
5.671692
5.711187
5.766495
5.643527
5.875057
5.446044
5.696957
5.687592
5.253152
5.320171
5.347417
5.373188
5.592758
5.496426
5.374476
5.763186
5.239244
5.587259
5.442086
5.760907
5.773453
6.046647
5.470275
5.522967
5.844484
5.673279
5.234661
5.298962
5.521245
5.241327
5.640653
5.808629
6.009399
5.935987
5.424882
5.643799
5.815532
5.706757
5.672022
5.658324
5.671692
5.711187
5.766495
5.643527
5.875057
5.446044
5.696957
5.687592
5.253152
5.320171
5.347417
5.373188
5.592758
5.496426
5.374476
5.763186
5.239244
5.587259
5.442086
5.760907
5.773453
6.046647
5.470275
5.522967
5.844484
5.673279
5.234661
5.298962
5.521245
5.241327
5.640653
5.808629
6.009399
5.935987
5.424882
5.643799
5.815532
5.706757
5.672022
5.658324
5.671692
5.711187
5.766495
5.643527
5.875057
5.446044
5.696957
5.687592
5.253152
