0.5114697
0.5179683
0.5057188
0.5179802
0.4852572
0.5224883
0.5235691
0.5106714
0.4920285
0.5117997
0.4528136
0.4568413
0.5164560
0.5153265
0.5039865
0.4763125
0.4890804
0.4901395
0.5038251
0.5133792
0.5152771
0.4786755
0.4546757
0.5008088
0.5128489
0.4879542
0.5131018
0.4891394
0.4996132
0.4958490
0.5105564
0.5041710
0.4974931
0.5060874
0.4881915
0.4570103
0.4877131
0.5112018
0.5047797
0.5226709
0.5114697
0.5179683
0.5057188
0.5179802
0.4852572
0.5224883
0.5235691
0.5106714
0.4920285
0.5117997
0.4528136
0.4568413
0.5164560
0.5153265
0.5039865
0.4763125
0.4890804
0.4901395
0.5038251
0.5133792
0.5152771
0.4786755
0.4546757
0.5008088
0.5128489
0.4879542
0.5131018
0.4891394
0.4996132
0.4958490
0.5105564
0.5041710
0.4974931
0.5060874
0.4881915
0.4570103
0.4877131
0.5112018
0.5047797
0.5226709
0.5114697
0.5179683
0.5057188
0.5179802
0.4852572
0.5224883
0.5235691
0.5106714
0.4920285
0.5117997
0.4528136
0.4568413
0.5164560
0.5153265
0.5039865
0.4763125
0.4890804
0.4901395
0.5038251
0.5133792
0.5152771
0.4786755
0.4546757
0.5008088
0.5128489
0.4879542
0.5131018
0.4891394
0.4996132
0.4958490
0.5105564
0.5041710
0.4974931
0.5060874
0.4881915
0.4570103
0.4877131
0.5112018
0.5047797
0.5226709
0.5114697
0.5179683
0.5057188
0.5179802
0.4852572
0.5224883
0.5235691
0.5106714
0.4920285
0.5117997
0.4528136
0.4568413
0.5164560
0.5153265
0.5039865
0.4763125
0.4890804
0.4901395
0.5038251
0.5133792
0.5152771
0.4786755
0.4546757
0.5008088
0.5128489
0.4879542
0.5131018
0.4891394
0.4996132
0.4958490
0.5105564
0.5041710
0.4974931
0.5060874
0.4881915
0.4570103
0.4877131
0.5112018
0.5047797
0.5226709
0.5114697
0.5179683
0.5057188
0.5179802
0.4852572
0.5224883
0.5235691
0.5106714
0.4920285
0.5117997
0.4528136
0.4568413
0.5164560
0.5153265
0.5039865
0.4763125
0.4890804
0.4901395
0.5038251
0.5133792
0.5152771
0.4786755
0.4546757
0.5008088
0.5128489
0.4879542
0.5131018
0.4891394
0.4996132
0.4958490
0.5105564
0.5041710
0.4974931
0.5060874
0.4881915
0.4570103
0.4877131
0.5112018
0.5047797
0.5226709
0.5114697
0.5179683
0.5057188
0.5179802
0.4852572
0.5224883
0.5235691
0.5106714
0.4920285
0.5117997
0.4528136
0.4568413
0.5164560
0.5153265
0.5039865
0.4763125
0.4890804
0.4901395
0.5038251
0.5133792
0.5152771
0.4786755
0.4546757
0.5008088
0.5128489
0.4879542
0.5131018
0.4891394
0.4996132
0.4958490
0.5105564
0.5041710
0.4974931
0.5060874
0.4881915
0.4570103
0.4877131
0.5112018
0.5047797
0.5226709
0.5114697
0.5179683
0.5057188
0.5179802
0.4852572
0.5224883
0.5235691
0.5106714
0.4920285
0.5117997
0.4528136
0.4568413
0.5164560
0.5153265
0.5039865
0.4763125
0.4890804
0.4901395
0.5038251
0.5133792
0.5152771
0.4786755
0.4546757
0.5008088
0.5128489
0.4879542
0.5131018
0.4891394
0.4996132
0.4958490
0.5105564
0.5041710
0.4974931
0.5060874
0.4881915
0.4570103
0.4877131
0.5112018
0.5047797
0.5226709
0.5114697
0.5179683
0.5057188
0.5179802
0.4852572
0.5224883
0.5235691
0.5106714
0.4920285
0.5117997
0.4528136
0.4568413
0.5164560
0.5153265
0.5039865
0.4763125
0.4890804
0.4901395
0.5038251
0.5133792
0.5152771
0.4786755
0.4546757
0.5008088
0.5128489
0.4879542
0.5131018
0.4891394
0.4996132
0.4958490
0.5105564
0.5041710
0.4974931
0.5060874
0.4881915
0.4570103
0.4877131
0.5112018
0.5047797
0.5226709
0.5114697
0.5179683
0.5057188
0.5179802
0.4852572
0.5224883
0.5235691
0.5106714
0.4920285
0.5117997
0.4528136
0.4568413
0.5164560
0.5153265
0.5039865
0.4763125
0.4890804
0.4901395
0.5038251
0.5133792
0.5152771
0.4786755
0.4546757
0.5008088
0.5128489
0.4879542
0.5131018
0.4891394
0.4996132
0.4958490
0.5105564
0.5041710
0.4974931
0.5060874
0.4881915
0.4570103
0.4877131
0.5112018
0.5047797
0.5226709
0.5114697
0.5179683
0.5057188
0.5179802
0.4852572
0.5224883
0.5235691
0.5106714
0.4920285
0.5117997
0.4528136
0.4568413
0.5164560
0.5153265
0.5039865
0.4763125
0.4890804
0.4901395
0.5038251
0.5133792
0.5152771
0.4786755
0.4546757
0.5008088
0.5128489
0.4879542
0.5131018
0.4891394
0.4996132
0.4958490
0.5105564
0.5041710
0.4974931
0.5060874
0.4881915
0.4570103
0.4877131
0.5112018
0.5047797
0.5226709
0.5114697
0.5179683
0.5057188
0.5179802
0.4852572
0.5224883
0.5235691
0.5106714
0.4920285
0.5117997
0.4528136
0.4568413
0.5164560
0.5153265
0.5039865
0.4763125
0.4890804
0.4901395
0.5038251
0.5133792
0.5152771
0.4786755
0.4546757
0.5008088
0.5128489
0.4879542
0.5131018
0.4891394
0.4996132
0.4958490
0.5105564
0.5041710
0.4974931
0.5060874
0.4881915
0.4570103
0.4877131
0.5112018
0.5047797
0.5226709
0.5114697
0.5179683
0.5057188
0.5179802
0.4852572
0.5224883
0.5235691
0.5106714
0.4920285
0.5117997
0.4528136
0.4568413
0.5164560
0.5153265
0.5039865
0.4763125
0.4890804
0.4901395
0.5038251
0.5133792
0.5152771
0.4786755
0.4546757
0.5008088
0.5128489
0.4879542
0.5131018
0.4891394
0.4996132
0.4958490
0.5105564
0.5041710
0.4974931
0.5060874
0.4881915
0.4570103
0.4877131
0.5112018
0.5047797
0.5226709
0.5114697
0.5179683
0.5057188
0.5179802
0.4852572
0.5224883
0.5235691
0.5106714
0.4920285
0.5117997
0.4528136
0.4568413
0.5164560
0.5153265
0.5039865
0.4763125
0.4890804
0.4901395
0.5038251
0.5133792
0.5152771
0.4786755
0.4546757
0.5008088
0.5128489
0.4879542
0.5131018
0.4891394
0.4996132
0.4958490
0.5105564
0.5041710
0.4974931
0.5060874
0.4881915
0.4570103
0.4877131
0.5112018
0.5047797
0.5226709
0.5114697
0.5179683
0.5057188
0.5179802
0.4852572
0.5224883
0.5235691
0.5106714
0.4920285
0.5117997
0.4528136
0.4568413
0.5164560
0.5153265
0.5039865
0.4763125
0.4890804
0.4901395
0.5038251
0.5133792
0.5152771
0.4786755
0.4546757
0.5008088
0.5128489
0.4879542
0.5131018
0.4891394
0.4996132
0.4958490
0.5105564
0.5041710
0.4974931
0.5060874
0.4881915
0.4570103
0.4877131
0.5112018
0.5047797
0.5226709
0.5114697
0.5179683
0.5057188
0.5179802
0.4852572
0.5224883
0.5235691
0.5106714
0.4920285
0.5117997
0.4528136
0.4568413
0.5164560
0.5153265
0.5039865
0.4763125
0.4890804
0.4901395
0.5038251
0.5133792
0.5152771
0.4786755
0.4546757
0.5008088
0.5128489
0.4879542
0.5131018
0.4891394
0.4996132
0.4958490
0.5105564
0.5041710
0.4974931
0.5060874
0.4881915
0.4570103
0.4877131
0.5112018
0.5047797
0.5226709
0.5114697
0.5179683
0.5057188
0.5179802
0.4852572
0.5224883
0.5235691
0.5106714
0.4920285
0.5117997
0.4528136
0.4568413
0.5164560
0.5153265
0.5039865
0.4763125
0.4890804
0.4901395
0.5038251
0.5133792
0.5152771
0.4786755
0.4546757
0.5008088
0.5128489
0.4879542
0.5131018
0.4891394
0.4996132
0.4958490
0.5105564
0.5041710
0.4974931
0.5060874
0.4881915
0.4570103
0.4877131
0.5112018
0.5047797
0.5226709
0.5114697
0.5179683
0.5057188
0.5179802
0.4852572
0.5224883
0.5235691
0.5106714
0.4920285
0.5117997
0.4528136
0.4568413
0.5164560
0.5153265
0.5039865
0.4763125
0.4890804
0.4901395
0.5038251
0.5133792
0.5152771
0.4786755
0.4546757
0.5008088
0.5128489
0.4879542
0.5131018
0.4891394
0.4996132
0.4958490
0.5105564
0.5041710
0.4974931
0.5060874
0.4881915
0.4570103
0.4877131
0.5112018
0.5047797
0.5226709
0.5114697
0.5179683
0.5057188
0.5179802
0.4852572
0.5224883
0.5235691
0.5106714
0.4920285
0.5117997
0.4528136
0.4568413
0.5164560
0.5153265
0.5039865
0.4763125
0.4890804
0.4901395
0.5038251
0.5133792
0.5152771
0.4786755
0.4546757
0.5008088
0.5128489
0.4879542
0.5131018
0.4891394
0.4996132
0.4958490
0.5105564
0.5041710
0.4974931
0.5060874
0.4881915
0.4570103
0.4877131
0.5112018
0.5047797
0.5226709
0.5114697
0.5179683
0.5057188
0.5179802
0.4852572
0.5224883
0.5235691
0.5106714
0.4920285
0.5117997
0.4528136
0.4568413
0.5164560
0.5153265
0.5039865
0.4763125
0.4890804
0.4901395
0.5038251
0.5133792
0.5152771
0.4786755
0.4546757
0.5008088
0.5128489
0.4879542
0.5131018
0.4891394
0.4996132
0.4958490
0.5105564
0.5041710
0.4974931
0.5060874
0.4881915
0.4570103
0.4877131
0.5112018
0.5047797
0.5226709
0.5114697
0.5179683
0.5057188
0.5179802
0.4852572
0.5224883
0.5235691
0.5106714
0.4920285
0.5117997
0.4528136
0.4568413
0.5164560
0.5153265
0.5039865
0.4763125
0.4890804
0.4901395
0.5038251
0.5133792
0.5152771
0.4786755
0.4546757
0.5008088
0.5128489
0.4879542
0.5131018
0.4891394
0.4996132
0.4958490
0.5105564
0.5041710
0.4974931
0.5060874
0.4881915
0.4570103
0.4877131
0.5112018
0.5047797
0.5226709
0.5114697
0.5179683
0.5057188
0.5179802
0.4852572
0.5224883
0.5235691
0.5106714
0.4920285
0.5117997
0.4528136
0.4568413
0.5164560
0.5153265
0.5039865
0.4763125
0.4890804
0.4901395
0.5038251
0.5133792
0.5152771
0.4786755
0.4546757
0.5008088
0.5128489
0.4879542
0.5131018
0.4891394
0.4996132
0.4958490
0.5105564
0.5041710
0.4974931
0.5060874
0.4881915
0.4570103
0.4877131
0.5112018
0.5047797
0.5226709
0.5114697
0.5179683
0.5057188
0.5179802
0.4852572
0.5224883
0.5235691
0.5106714
0.4920285
0.5117997
0.4528136
0.4568413
0.5164560
0.5153265
0.5039865
0.4763125
0.4890804
0.4901395
0.5038251
0.5133792
0.5152771
0.4786755
0.4546757
0.5008088
0.5128489
0.4879542
0.5131018
0.4891394
0.4996132
0.4958490
0.5105564
0.5041710
0.4974931
0.5060874
0.4881915
0.4570103
0.4877131
0.5112018
0.5047797
0.5226709
0.5114697
0.5179683
0.5057188
0.5179802
0.4852572
0.5224883
0.5235691
0.5106714
0.4920285
0.5117997
0.4528136
0.4568413
0.5164560
0.5153265
0.5039865
0.4763125
0.4890804
0.4901395
0.5038251
0.5133792
0.5152771
0.4786755
0.4546757
0.5008088
0.5128489
0.4879542
0.5131018
0.4891394
0.4996132
0.4958490
0.5105564
0.5041710
0.4974931
0.5060874
0.4881915
0.4570103
0.4877131
0.5112018
0.5047797
0.5226709
0.5114697
0.5179683
0.5057188
0.5179802
0.4852572
0.5224883
0.5235691
0.5106714
0.4920285
0.5117997
0.4528136
0.4568413
0.5164560
0.5153265
0.5039865
0.4763125
0.4890804
0.4901395
0.5038251
0.5133792
0.5152771
0.4786755
0.4546757
0.5008088
0.5128489
0.4879542
0.5131018
0.4891394
0.4996132
0.4958490
0.5105564
0.5041710
0.4974931
0.5060874
0.4881915
0.4570103
0.4877131
0.5112018
0.5047797
0.5226709
0.5114697
0.5179683
0.5057188
0.5179802
0.4852572
0.5224883
0.5235691
0.5106714
0.4920285
0.5117997
0.4528136
0.4568413
0.5164560
0.5153265
0.5039865
0.4763125
0.4890804
0.4901395
0.5038251
0.5133792
0.5152771
0.4786755
0.4546757
0.5008088
0.5128489
0.4879542
0.5131018
0.4891394
0.4996132
0.4958490
0.5105564
0.5041710
0.4974931
0.5060874
0.4881915
0.4570103
0.4877131
0.5112018
0.5047797
0.5226709
0.5114697
0.5179683
0.5057188
0.5179802
0.4852572
0.5224883
0.5235691
0.5106714
0.4920285
0.5117997
0.4528136
0.4568413
0.5164560
0.5153265
0.5039865
0.4763125
0.4890804
0.4901395
0.5038251
0.5133792
0.5152771
0.4786755
0.4546757
0.5008088
0.5128489
0.4879542
0.5131018
0.4891394
0.4996132
0.4958490
0.5105564
0.5041710
0.4974931
0.5060874
0.4881915
0.4570103
0.4877131
0.5112018
0.5047797
0.5226709
0.5114697
0.5179683
0.5057188
0.5179802
0.4852572
0.5224883
0.5235691
0.5106714
0.4920285
0.5117997
0.4528136
0.4568413
0.5164560
0.5153265
0.5039865
0.4763125
0.4890804
0.4901395
0.5038251
0.5133792
0.5152771
0.4786755
0.4546757
0.5008088
0.5128489
0.4879542
0.5131018
0.4891394
0.4996132
0.4958490
0.5105564
0.5041710
0.4974931
0.5060874
0.4881915
0.4570103
0.4877131
0.5112018
0.5047797
0.5226709
0.5114697
0.5179683
0.5057188
0.5179802
0.4852572
0.5224883
0.5235691
0.5106714
0.4920285
0.5117997
0.4528136
0.4568413
0.5164560
0.5153265
0.5039865
0.4763125
0.4890804
0.4901395
0.5038251
0.5133792
0.5152771
0.4786755
0.4546757
0.5008088
0.5128489
0.4879542
0.5131018
0.4891394
0.4996132
0.4958490
0.5105564
0.5041710
0.4974931
0.5060874
0.4881915
0.4570103
0.4877131
0.5112018
0.5047797
0.5226709
0.5114697
0.5179683
0.5057188
0.5179802
0.4852572
0.5224883
0.5235691
0.5106714
0.4920285
0.5117997
0.4528136
0.4568413
0.5164560
0.5153265
0.5039865
0.4763125
0.4890804
0.4901395
0.5038251
0.5133792
0.5152771
0.4786755
0.4546757
0.5008088
0.5128489
0.4879542
0.5131018
0.4891394
0.4996132
0.4958490
0.5105564
0.5041710
0.4974931
0.5060874
0.4881915
0.4570103
0.4877131
0.5112018
0.5047797
0.5226709
0.5114697
0.5179683
0.5057188
0.5179802
0.4852572
0.5224883
0.5235691
0.5106714
0.4920285
0.5117997
0.4528136
0.4568413
0.5164560
0.5153265
0.5039865
0.4763125
0.4890804
0.4901395
0.5038251
0.5133792
0.5152771
0.4786755
0.4546757
0.5008088
0.5128489
0.4879542
0.5131018
0.4891394
0.4996132
0.4958490
0.5105564
0.5041710
0.4974931
0.5060874
0.4881915
0.4570103
0.4877131
0.5112018
0.5047797
0.5226709
0.5114697
0.5179683
0.5057188
0.5179802
0.4852572
0.5224883
0.5235691
0.5106714
0.4920285
0.5117997
0.4528136
0.4568413
0.5164560
0.5153265
0.5039865
0.4763125
0.4890804
0.4901395
0.5038251
0.5133792
0.5152771
0.4786755
0.4546757
0.5008088
0.5128489
0.4879542
0.5131018
0.4891394
0.4996132
0.4958490
0.5105564
0.5041710
0.4974931
0.5060874
0.4881915
0.4570103
0.4877131
0.5112018
0.5047797
0.5226709
0.5114697
0.5179683
0.5057188
0.5179802
0.4852572
0.5224883
0.5235691
0.5106714
0.4920285
0.5117997
0.4528136
0.4568413
0.5164560
0.5153265
0.5039865
0.4763125
0.4890804
0.4901395
0.5038251
0.5133792
0.5152771
0.4786755
0.4546757
0.5008088
0.5128489
0.4879542
0.5131018
0.4891394
0.4996132
0.4958490
0.5105564
0.5041710
0.4974931
0.5060874
0.4881915
0.4570103
0.4877131
0.5112018
0.5047797
0.5226709
0.5114697
0.5179683
0.5057188
0.5179802
0.4852572
0.5224883
0.5235691
0.5106714
0.4920285
0.5117997
0.4528136
0.4568413
0.5164560
0.5153265
0.5039865
0.4763125
0.4890804
0.4901395
0.5038251
0.5133792
0.5152771
0.4786755
0.4546757
0.5008088
0.5128489
0.4879542
0.5131018
0.4891394
0.4996132
0.4958490
0.5105564
0.5041710
0.4974931
0.5060874
0.4881915
0.4570103
0.4877131
0.5112018
0.5047797
0.5226709
0.5114697
0.5179683
0.5057188
0.5179802
0.4852572
0.5224883
0.5235691
0.5106714
0.4920285
0.5117997
0.4528136
0.4568413
0.5164560
0.5153265
0.5039865
0.4763125
0.4890804
0.4901395
0.5038251
0.5133792
0.5152771
0.4786755
0.4546757
0.5008088
0.5128489
0.4879542
0.5131018
0.4891394
0.4996132
0.4958490
0.5105564
0.5041710
0.4974931
0.5060874
0.4881915
0.4570103
0.4877131
0.5112018
0.5047797
0.5226709
0.5114697
0.5179683
0.5057188
0.5179802
0.4852572
0.5224883
0.5235691
0.5106714
0.4920285
0.5117997
0.4528136
0.4568413
0.5164560
0.5153265
0.5039865
0.4763125
0.4890804
0.4901395
0.5038251
0.5133792
0.5152771
0.4786755
0.4546757
0.5008088
0.5128489
0.4879542
0.5131018
0.4891394
0.4996132
0.4958490
0.5105564
0.5041710
0.4974931
0.5060874
0.4881915
0.4570103
0.4877131
0.5112018
0.5047797
0.5226709
0.5114697
0.5179683
0.5057188
0.5179802
0.4852572
0.5224883
0.5235691
0.5106714
0.4920285
0.5117997
0.4528136
0.4568413
0.5164560
0.5153265
0.5039865
0.4763125
0.4890804
0.4901395
0.5038251
0.5133792
0.5152771
0.4786755
0.4546757
0.5008088
0.5128489
0.4879542
0.5131018
0.4891394
0.4996132
0.4958490
0.5105564
0.5041710
0.4974931
0.5060874
0.4881915
0.4570103
0.4877131
0.5112018
0.5047797
0.5226709
0.5114697
0.5179683
0.5057188
0.5179802
0.4852572
0.5224883
0.5235691
0.5106714
0.4920285
0.5117997
0.4528136
0.4568413
0.5164560
0.5153265
0.5039865
0.4763125
0.4890804
0.4901395
0.5038251
0.5133792
0.5152771
0.4786755
0.4546757
0.5008088
0.5128489
0.4879542
0.5131018
0.4891394
0.4996132
0.4958490
0.5105564
0.5041710
0.4974931
0.5060874
0.4881915
0.4570103
0.4877131
0.5112018
0.5047797
0.5226709
0.5114697
0.5179683
0.5057188
0.5179802
0.4852572
0.5224883
0.5235691
0.5106714
0.4920285
0.5117997
0.4528136
0.4568413
0.5164560
0.5153265
0.5039865
0.4763125
0.4890804
0.4901395
0.5038251
0.5133792
0.5152771
0.4786755
0.4546757
0.5008088
0.5128489
0.4879542
0.5131018
0.4891394
0.4996132
0.4958490
0.5105564
0.5041710
0.4974931
0.5060874
0.4881915
0.4570103
0.4877131
0.5112018
0.5047797
0.5226709
0.5114697
0.5179683
0.5057188
0.5179802
0.4852572
0.5224883
0.5235691
0.5106714
0.4920285
0.5117997
0.4528136
0.4568413
0.5164560
0.5153265
0.5039865
0.4763125
0.4890804
0.4901395
0.5038251
0.5133792
0.5152771
0.4786755
0.4546757
0.5008088
0.5128489
0.4879542
0.5131018
0.4891394
0.4996132
0.4958490
0.5105564
0.5041710
0.4974931
0.5060874
0.4881915
0.4570103
0.4877131
0.5112018
0.5047797
0.5226709
0.5114697
0.5179683
0.5057188
0.5179802
0.4852572
0.5224883
0.5235691
0.5106714
0.4920285
0.5117997
0.4528136
0.4568413
0.5164560
0.5153265
0.5039865
0.4763125
0.4890804
0.4901395
0.5038251
0.5133792
0.5152771
0.4786755
0.4546757
0.5008088
0.5128489
0.4879542
0.5131018
0.4891394
0.4996132
0.4958490
0.5105564
0.5041710
0.4974931
0.5060874
0.4881915
0.4570103
0.4877131
0.5112018
0.5047797
0.5226709
0.5114697
0.5179683
0.5057188
0.5179802
0.4852572
0.5224883
0.5235691
0.5106714
0.4920285
0.5117997
0.4528136
0.4568413
0.5164560
0.5153265
0.5039865
0.4763125
0.4890804
0.4901395
0.5038251
0.5133792
0.5152771
0.4786755
0.4546757
0.5008088
0.5128489
0.4879542
0.5131018
0.4891394
0.4996132
0.4958490
0.5105564
0.5041710
0.4974931
0.5060874
0.4881915
0.4570103
0.4877131
0.5112018
0.5047797
0.5226709
0.5114697
0.5179683
0.5057188
0.5179802
0.4852572
0.5224883
0.5235691
0.5106714
0.4920285
0.5117997
0.4528136
0.4568413
0.5164560
0.5153265
0.5039865
0.4763125
0.4890804
0.4901395
0.5038251
0.5133792
0.5152771
0.4786755
0.4546757
0.5008088
0.5128489
0.4879542
0.5131018
0.4891394
0.4996132
0.4958490
0.5105564
0.5041710
0.4974931
0.5060874
0.4881915
0.4570103
0.4877131
0.5112018
0.5047797
0.5226709
0.5114697
0.5179683
0.5057188
0.5179802
0.4852572
0.5224883
0.5235691
0.5106714
0.4920285
0.5117997
0.4528136
0.4568413
0.5164560
0.5153265
0.5039865
0.4763125
0.4890804
0.4901395
0.5038251
0.5133792
0.5152771
0.4786755
0.4546757
0.5008088
0.5128489
0.4879542
0.5131018
0.4891394
0.4996132
0.4958490
0.5105564
0.5041710
0.4974931
0.5060874
0.4881915
0.4570103
0.4877131
0.5112018
0.5047797
0.5226709
0.5114697
0.5179683
0.5057188
0.5179802
0.4852572
0.5224883
0.5235691
0.5106714
0.4920285
0.5117997
0.4528136
0.4568413
0.5164560
0.5153265
0.5039865
0.4763125
0.4890804
0.4901395
0.5038251
0.5133792
0.5152771
0.4786755
0.4546757
0.5008088
0.5128489
0.4879542
0.5131018
0.4891394
0.4996132
0.4958490
0.5105564
0.5041710
0.4974931
0.5060874
0.4881915
0.4570103
0.4877131
0.5112018
0.5047797
0.5226709
0.5114697
0.5179683
0.5057188
0.5179802
0.4852572
0.5224883
0.5235691
0.5106714
0.4920285
0.5117997
0.4528136
0.4568413
0.5164560
0.5153265
0.5039865
0.4763125
0.4890804
0.4901395
0.5038251
0.5133792
0.5152771
0.4786755
0.4546757
0.5008088
0.5128489
0.4879542
0.5131018
0.4891394
0.4996132
0.4958490
0.5105564
0.5041710
0.4974931
0.5060874
0.4881915
0.4570103
0.4877131
0.5112018
0.5047797
0.5226709
0.5114697
0.5179683
0.5057188
0.5179802
0.4852572
0.5224883
0.5235691
0.5106714
0.4920285
0.5117997
0.4528136
0.4568413
0.5164560
0.5153265
0.5039865
0.4763125
0.4890804
0.4901395
0.5038251
0.5133792
0.5152771
0.4786755
0.4546757
0.5008088
0.5128489
0.4879542
0.5131018
0.4891394
0.4996132
0.4958490
0.5105564
0.5041710
0.4974931
0.5060874
0.4881915
0.4570103
0.4877131
0.5112018
0.5047797
0.5226709
0.5114697
0.5179683
0.5057188
0.5179802
0.4852572
0.5224883
0.5235691
0.5106714
0.4920285
0.5117997
0.4528136
0.4568413
0.5164560
0.5153265
0.5039865
0.4763125
0.4890804
0.4901395
0.5038251
0.5133792
0.5152771
0.4786755
0.4546757
0.5008088
0.5128489
0.4879542
0.5131018
0.4891394
0.4996132
0.4958490
0.5105564
0.5041710
0.4974931
0.5060874
0.4881915
0.4570103
0.4877131
0.5112018
0.5047797
0.5226709
0.5114697
0.5179683
0.5057188
0.5179802
0.4852572
0.5224883
0.5235691
0.5106714
0.4920285
0.5117997
0.4528136
0.4568413
0.5164560
0.5153265
0.5039865
0.4763125
0.4890804
0.4901395
0.5038251
0.5133792
0.5152771
0.4786755
0.4546757
0.5008088
0.5128489
0.4879542
0.5131018
0.4891394
0.4996132
0.4958490
0.5105564
0.5041710
0.4974931
0.5060874
0.4881915
0.4570103
0.4877131
0.5112018
0.5047797
0.5226709
0.5114697
0.5179683
0.5057188
0.5179802
0.4852572
0.5224883
0.5235691
0.5106714
0.4920285
0.5117997
0.4528136
0.4568413
0.5164560
0.5153265
0.5039865
0.4763125
0.4890804
0.4901395
0.5038251
0.5133792
0.5152771
0.4786755
0.4546757
0.5008088
0.5128489
0.4879542
0.5131018
0.4891394
0.4996132
0.4958490
0.5105564
0.5041710
0.4974931
0.5060874
0.4881915
0.4570103
0.4877131
0.5112018
0.5047797
0.5226709
0.5114697
0.5179683
0.5057188
0.5179802
0.4852572
0.5224883
0.5235691
0.5106714
0.4920285
0.5117997
0.4528136
0.4568413
0.5164560
0.5153265
0.5039865
0.4763125
0.4890804
0.4901395
0.5038251
0.5133792
0.5152771
0.4786755
0.4546757
0.5008088
0.5128489
0.4879542
0.5131018
0.4891394
0.4996132
0.4958490
0.5105564
0.5041710
0.4974931
0.5060874
0.4881915
0.4570103
0.4877131
0.5112018
0.5047797
0.5226709
