0.4790238
0.5044563
0.4885857
0.4806246
0.5235712
0.5154786
0.5105599
0.4916794
0.4946488
0.5078909
0.4915926
0.5068037
0.5135509
0.4822380
0.5196114
0.5256795
0.5016215
0.4884809
0.4642700
0.5045165
0.5265481
0.4952606
0.5214312
0.5065419
0.4937808
0.4983182
0.5048204
0.5034557
0.5405164
0.4872446
0.4885184
0.5104811
0.5289977
0.4788898
0.4687651
0.5134260
0.5144924
0.5022773
0.4979747
0.5186273
0.4790238
0.5044563
0.4885857
0.4806246
0.5235712
0.5154786
0.5105599
0.4916794
0.4946488
0.5078909
0.4915926
0.5068037
0.5135509
0.4822380
0.5196114
0.5256795
0.5016215
0.4884809
0.4642700
0.5045165
0.5265481
0.4952606
0.5214312
0.5065419
0.4937808
0.4983182
0.5048204
0.5034557
0.5405164
0.4872446
0.4885184
0.5104811
0.5289977
0.4788898
0.4687651
0.5134260
0.5144924
0.5022773
0.4979747
0.5186273
0.4790238
0.5044563
0.4885857
0.4806246
0.5235712
0.5154786
0.5105599
0.4916794
0.4946488
0.5078909
0.4915926
0.5068037
0.5135509
0.4822380
0.5196114
0.5256795
0.5016215
0.4884809
0.4642700
0.5045165
0.5265481
0.4952606
0.5214312
0.5065419
0.4937808
0.4983182
0.5048204
0.5034557
0.5405164
0.4872446
0.4885184
0.5104811
0.5289977
0.4788898
0.4687651
0.5134260
0.5144924
0.5022773
0.4979747
0.5186273
0.4790238
0.5044563
0.4885857
0.4806246
0.5235712
0.5154786
0.5105599
0.4916794
0.4946488
0.5078909
0.4915926
0.5068037
0.5135509
0.4822380
0.5196114
0.5256795
0.5016215
0.4884809
0.4642700
0.5045165
0.5265481
0.4952606
0.5214312
0.5065419
0.4937808
0.4983182
0.5048204
0.5034557
0.5405164
0.4872446
0.4885184
0.5104811
0.5289977
0.4788898
0.4687651
0.5134260
0.5144924
0.5022773
0.4979747
0.5186273
0.4790238
0.5044563
0.4885857
0.4806246
0.5235712
0.5154786
0.5105599
0.4916794
0.4946488
0.5078909
0.4915926
0.5068037
0.5135509
0.4822380
0.5196114
0.5256795
0.5016215
0.4884809
0.4642700
0.5045165
0.5265481
0.4952606
0.5214312
0.5065419
0.4937808
0.4983182
0.5048204
0.5034557
0.5405164
0.4872446
0.4885184
0.5104811
0.5289977
0.4788898
0.4687651
0.5134260
0.5144924
0.5022773
0.4979747
0.5186273
0.4790238
0.5044563
0.4885857
0.4806246
0.5235712
0.5154786
0.5105599
0.4916794
0.4946488
0.5078909
0.4915926
0.5068037
0.5135509
0.4822380
0.5196114
0.5256795
0.5016215
0.4884809
0.4642700
0.5045165
0.5265481
0.4952606
0.5214312
0.5065419
0.4937808
0.4983182
0.5048204
0.5034557
0.5405164
0.4872446
0.4885184
0.5104811
0.5289977
0.4788898
0.4687651
0.5134260
0.5144924
0.5022773
0.4979747
0.5186273
0.4790238
0.5044563
0.4885857
0.4806246
0.5235712
0.5154786
0.5105599
0.4916794
0.4946488
0.5078909
0.4915926
0.5068037
0.5135509
0.4822380
0.5196114
0.5256795
0.5016215
0.4884809
0.4642700
0.5045165
0.5265481
0.4952606
0.5214312
0.5065419
0.4937808
0.4983182
0.5048204
0.5034557
0.5405164
0.4872446
0.4885184
0.5104811
0.5289977
0.4788898
0.4687651
0.5134260
0.5144924
0.5022773
0.4979747
0.5186273
0.4790238
0.5044563
0.4885857
0.4806246
0.5235712
0.5154786
0.5105599
0.4916794
0.4946488
0.5078909
0.4915926
0.5068037
0.5135509
0.4822380
0.5196114
0.5256795
0.5016215
0.4884809
0.4642700
0.5045165
0.5265481
0.4952606
0.5214312
0.5065419
0.4937808
0.4983182
0.5048204
0.5034557
0.5405164
0.4872446
0.4885184
0.5104811
0.5289977
0.4788898
0.4687651
0.5134260
0.5144924
0.5022773
0.4979747
0.5186273
0.4790238
0.5044563
0.4885857
0.4806246
0.5235712
0.5154786
0.5105599
0.4916794
0.4946488
0.5078909
0.4915926
0.5068037
0.5135509
0.4822380
0.5196114
0.5256795
0.5016215
0.4884809
0.4642700
0.5045165
0.5265481
0.4952606
0.5214312
0.5065419
0.4937808
0.4983182
0.5048204
0.5034557
0.5405164
0.4872446
0.4885184
0.5104811
0.5289977
0.4788898
0.4687651
0.5134260
0.5144924
0.5022773
0.4979747
0.5186273
0.4790238
0.5044563
0.4885857
0.4806246
0.5235712
0.5154786
0.5105599
0.4916794
0.4946488
0.5078909
0.4915926
0.5068037
0.5135509
0.4822380
0.5196114
0.5256795
0.5016215
0.4884809
0.4642700
0.5045165
0.5265481
0.4952606
0.5214312
0.5065419
0.4937808
0.4983182
0.5048204
0.5034557
0.5405164
0.4872446
0.4885184
0.5104811
0.5289977
0.4788898
0.4687651
0.5134260
0.5144924
0.5022773
0.4979747
0.5186273
0.4790238
0.5044563
0.4885857
0.4806246
0.5235712
0.5154786
0.5105599
0.4916794
0.4946488
0.5078909
0.4915926
0.5068037
0.5135509
0.4822380
0.5196114
0.5256795
0.5016215
0.4884809
0.4642700
0.5045165
0.5265481
0.4952606
0.5214312
0.5065419
0.4937808
0.4983182
0.5048204
0.5034557
0.5405164
0.4872446
0.4885184
0.5104811
0.5289977
0.4788898
0.4687651
0.5134260
0.5144924
0.5022773
0.4979747
0.5186273
0.4790238
0.5044563
0.4885857
0.4806246
0.5235712
0.5154786
0.5105599
0.4916794
0.4946488
0.5078909
0.4915926
0.5068037
0.5135509
0.4822380
0.5196114
0.5256795
0.5016215
0.4884809
0.4642700
0.5045165
0.5265481
0.4952606
0.5214312
0.5065419
0.4937808
0.4983182
0.5048204
0.5034557
0.5405164
0.4872446
0.4885184
0.5104811
0.5289977
0.4788898
0.4687651
0.5134260
0.5144924
0.5022773
0.4979747
0.5186273
0.4790238
0.5044563
0.4885857
0.4806246
0.5235712
0.5154786
0.5105599
0.4916794
0.4946488
0.5078909
0.4915926
0.5068037
0.5135509
0.4822380
0.5196114
0.5256795
0.5016215
0.4884809
0.4642700
0.5045165
0.5265481
0.4952606
0.5214312
0.5065419
0.4937808
0.4983182
0.5048204
0.5034557
0.5405164
0.4872446
0.4885184
0.5104811
0.5289977
0.4788898
0.4687651
0.5134260
0.5144924
0.5022773
0.4979747
0.5186273
0.4790238
0.5044563
0.4885857
0.4806246
0.5235712
0.5154786
0.5105599
0.4916794
0.4946488
0.5078909
0.4915926
0.5068037
0.5135509
0.4822380
0.5196114
0.5256795
0.5016215
0.4884809
0.4642700
0.5045165
0.5265481
0.4952606
0.5214312
0.5065419
0.4937808
0.4983182
0.5048204
0.5034557
0.5405164
0.4872446
0.4885184
0.5104811
0.5289977
0.4788898
0.4687651
0.5134260
0.5144924
0.5022773
0.4979747
0.5186273
0.4790238
0.5044563
0.4885857
0.4806246
0.5235712
0.5154786
0.5105599
0.4916794
0.4946488
0.5078909
0.4915926
0.5068037
0.5135509
0.4822380
0.5196114
0.5256795
0.5016215
0.4884809
0.4642700
0.5045165
0.5265481
0.4952606
0.5214312
0.5065419
0.4937808
0.4983182
0.5048204
0.5034557
0.5405164
0.4872446
0.4885184
0.5104811
0.5289977
0.4788898
0.4687651
0.5134260
0.5144924
0.5022773
0.4979747
0.5186273
0.4790238
0.5044563
0.4885857
0.4806246
0.5235712
0.5154786
0.5105599
0.4916794
0.4946488
0.5078909
0.4915926
0.5068037
0.5135509
0.4822380
0.5196114
0.5256795
0.5016215
0.4884809
0.4642700
0.5045165
0.5265481
0.4952606
0.5214312
0.5065419
0.4937808
0.4983182
0.5048204
0.5034557
0.5405164
0.4872446
0.4885184
0.5104811
0.5289977
0.4788898
0.4687651
0.5134260
0.5144924
0.5022773
0.4979747
0.5186273
0.4790238
0.5044563
0.4885857
0.4806246
0.5235712
0.5154786
0.5105599
0.4916794
0.4946488
0.5078909
0.4915926
0.5068037
0.5135509
0.4822380
0.5196114
0.5256795
0.5016215
0.4884809
0.4642700
0.5045165
0.5265481
0.4952606
0.5214312
0.5065419
0.4937808
0.4983182
0.5048204
0.5034557
0.5405164
0.4872446
0.4885184
0.5104811
0.5289977
0.4788898
0.4687651
0.5134260
0.5144924
0.5022773
0.4979747
0.5186273
0.4790238
0.5044563
0.4885857
0.4806246
0.5235712
0.5154786
0.5105599
0.4916794
0.4946488
0.5078909
0.4915926
0.5068037
0.5135509
0.4822380
0.5196114
0.5256795
0.5016215
0.4884809
0.4642700
0.5045165
0.5265481
0.4952606
0.5214312
0.5065419
0.4937808
0.4983182
0.5048204
0.5034557
0.5405164
0.4872446
0.4885184
0.5104811
0.5289977
0.4788898
0.4687651
0.5134260
0.5144924
0.5022773
0.4979747
0.5186273
0.4790238
0.5044563
0.4885857
0.4806246
0.5235712
0.5154786
0.5105599
0.4916794
0.4946488
0.5078909
0.4915926
0.5068037
0.5135509
0.4822380
0.5196114
0.5256795
0.5016215
0.4884809
0.4642700
0.5045165
0.5265481
0.4952606
0.5214312
0.5065419
0.4937808
0.4983182
0.5048204
0.5034557
0.5405164
0.4872446
0.4885184
0.5104811
0.5289977
0.4788898
0.4687651
0.5134260
0.5144924
0.5022773
0.4979747
0.5186273
0.4790238
0.5044563
0.4885857
0.4806246
0.5235712
0.5154786
0.5105599
0.4916794
0.4946488
0.5078909
0.4915926
0.5068037
0.5135509
0.4822380
0.5196114
0.5256795
0.5016215
0.4884809
0.4642700
0.5045165
0.5265481
0.4952606
0.5214312
0.5065419
0.4937808
0.4983182
0.5048204
0.5034557
0.5405164
0.4872446
0.4885184
0.5104811
0.5289977
0.4788898
0.4687651
0.5134260
0.5144924
0.5022773
0.4979747
0.5186273
0.4790238
0.5044563
0.4885857
0.4806246
0.5235712
0.5154786
0.5105599
0.4916794
0.4946488
0.5078909
0.4915926
0.5068037
0.5135509
0.4822380
0.5196114
0.5256795
0.5016215
0.4884809
0.4642700
0.5045165
0.5265481
0.4952606
0.5214312
0.5065419
0.4937808
0.4983182
0.5048204
0.5034557
0.5405164
0.4872446
0.4885184
0.5104811
0.5289977
0.4788898
0.4687651
0.5134260
0.5144924
0.5022773
0.4979747
0.5186273
0.4790238
0.5044563
0.4885857
0.4806246
0.5235712
0.5154786
0.5105599
0.4916794
0.4946488
0.5078909
0.4915926
0.5068037
0.5135509
0.4822380
0.5196114
0.5256795
0.5016215
0.4884809
0.4642700
0.5045165
0.5265481
0.4952606
0.5214312
0.5065419
0.4937808
0.4983182
0.5048204
0.5034557
0.5405164
0.4872446
0.4885184
0.5104811
0.5289977
0.4788898
0.4687651
0.5134260
0.5144924
0.5022773
0.4979747
0.5186273
0.4790238
0.5044563
0.4885857
0.4806246
0.5235712
0.5154786
0.5105599
0.4916794
0.4946488
0.5078909
0.4915926
0.5068037
0.5135509
0.4822380
0.5196114
0.5256795
0.5016215
0.4884809
0.4642700
0.5045165
0.5265481
0.4952606
0.5214312
0.5065419
0.4937808
0.4983182
0.5048204
0.5034557
0.5405164
0.4872446
0.4885184
0.5104811
0.5289977
0.4788898
0.4687651
0.5134260
0.5144924
0.5022773
0.4979747
0.5186273
0.4790238
0.5044563
0.4885857
0.4806246
0.5235712
0.5154786
0.5105599
0.4916794
0.4946488
0.5078909
0.4915926
0.5068037
0.5135509
0.4822380
0.5196114
0.5256795
0.5016215
0.4884809
0.4642700
0.5045165
0.5265481
0.4952606
0.5214312
0.5065419
0.4937808
0.4983182
0.5048204
0.5034557
0.5405164
0.4872446
0.4885184
0.5104811
0.5289977
0.4788898
0.4687651
0.5134260
0.5144924
0.5022773
0.4979747
0.5186273
0.4790238
0.5044563
0.4885857
0.4806246
0.5235712
0.5154786
0.5105599
0.4916794
0.4946488
0.5078909
0.4915926
0.5068037
0.5135509
0.4822380
0.5196114
0.5256795
0.5016215
0.4884809
0.4642700
0.5045165
0.5265481
0.4952606
0.5214312
0.5065419
0.4937808
0.4983182
0.5048204
0.5034557
0.5405164
0.4872446
0.4885184
0.5104811
0.5289977
0.4788898
0.4687651
0.5134260
0.5144924
0.5022773
0.4979747
0.5186273
0.4790238
0.5044563
0.4885857
0.4806246
0.5235712
0.5154786
0.5105599
0.4916794
0.4946488
0.5078909
0.4915926
0.5068037
0.5135509
0.4822380
0.5196114
0.5256795
0.5016215
0.4884809
0.4642700
0.5045165
0.5265481
0.4952606
0.5214312
0.5065419
0.4937808
0.4983182
0.5048204
0.5034557
0.5405164
0.4872446
0.4885184
0.5104811
0.5289977
0.4788898
0.4687651
0.5134260
0.5144924
0.5022773
0.4979747
0.5186273
0.4790238
0.5044563
0.4885857
0.4806246
0.5235712
0.5154786
0.5105599
0.4916794
0.4946488
0.5078909
0.4915926
0.5068037
0.5135509
0.4822380
0.5196114
0.5256795
0.5016215
0.4884809
0.4642700
0.5045165
0.5265481
0.4952606
0.5214312
0.5065419
0.4937808
0.4983182
0.5048204
0.5034557
0.5405164
0.4872446
0.4885184
0.5104811
0.5289977
0.4788898
0.4687651
0.5134260
0.5144924
0.5022773
0.4979747
0.5186273
0.4790238
0.5044563
0.4885857
0.4806246
0.5235712
0.5154786
0.5105599
0.4916794
0.4946488
0.5078909
0.4915926
0.5068037
0.5135509
0.4822380
0.5196114
0.5256795
0.5016215
0.4884809
0.4642700
0.5045165
0.5265481
0.4952606
0.5214312
0.5065419
0.4937808
0.4983182
0.5048204
0.5034557
0.5405164
0.4872446
0.4885184
0.5104811
0.5289977
0.4788898
0.4687651
0.5134260
0.5144924
0.5022773
0.4979747
0.5186273
0.4790238
0.5044563
0.4885857
0.4806246
0.5235712
0.5154786
0.5105599
0.4916794
0.4946488
0.5078909
0.4915926
0.5068037
0.5135509
0.4822380
0.5196114
0.5256795
0.5016215
0.4884809
0.4642700
0.5045165
0.5265481
0.4952606
0.5214312
0.5065419
0.4937808
0.4983182
0.5048204
0.5034557
0.5405164
0.4872446
0.4885184
0.5104811
0.5289977
0.4788898
0.4687651
0.5134260
0.5144924
0.5022773
0.4979747
0.5186273
0.4790238
0.5044563
0.4885857
0.4806246
0.5235712
0.5154786
0.5105599
0.4916794
0.4946488
0.5078909
0.4915926
0.5068037
0.5135509
0.4822380
0.5196114
0.5256795
0.5016215
0.4884809
0.4642700
0.5045165
0.5265481
0.4952606
0.5214312
0.5065419
0.4937808
0.4983182
0.5048204
0.5034557
0.5405164
0.4872446
0.4885184
0.5104811
0.5289977
0.4788898
0.4687651
0.5134260
0.5144924
0.5022773
0.4979747
0.5186273
0.4790238
0.5044563
0.4885857
0.4806246
0.5235712
0.5154786
0.5105599
0.4916794
0.4946488
0.5078909
0.4915926
0.5068037
0.5135509
0.4822380
0.5196114
0.5256795
0.5016215
0.4884809
0.4642700
0.5045165
0.5265481
0.4952606
0.5214312
0.5065419
0.4937808
0.4983182
0.5048204
0.5034557
0.5405164
0.4872446
0.4885184
0.5104811
0.5289977
0.4788898
0.4687651
0.5134260
0.5144924
0.5022773
0.4979747
0.5186273
0.4790238
0.5044563
0.4885857
0.4806246
0.5235712
0.5154786
0.5105599
0.4916794
0.4946488
0.5078909
0.4915926
0.5068037
0.5135509
0.4822380
0.5196114
0.5256795
0.5016215
0.4884809
0.4642700
0.5045165
0.5265481
0.4952606
0.5214312
0.5065419
0.4937808
0.4983182
0.5048204
0.5034557
0.5405164
0.4872446
0.4885184
0.5104811
0.5289977
0.4788898
0.4687651
0.5134260
0.5144924
0.5022773
0.4979747
0.5186273
0.4790238
0.5044563
0.4885857
0.4806246
0.5235712
0.5154786
0.5105599
0.4916794
0.4946488
0.5078909
0.4915926
0.5068037
0.5135509
0.4822380
0.5196114
0.5256795
0.5016215
0.4884809
0.4642700
0.5045165
0.5265481
0.4952606
0.5214312
0.5065419
0.4937808
0.4983182
0.5048204
0.5034557
0.5405164
0.4872446
0.4885184
0.5104811
0.5289977
0.4788898
0.4687651
0.5134260
0.5144924
0.5022773
0.4979747
0.5186273
0.4790238
0.5044563
0.4885857
0.4806246
0.5235712
0.5154786
0.5105599
0.4916794
0.4946488
0.5078909
0.4915926
0.5068037
0.5135509
0.4822380
0.5196114
0.5256795
0.5016215
0.4884809
0.4642700
0.5045165
0.5265481
0.4952606
0.5214312
0.5065419
0.4937808
0.4983182
0.5048204
0.5034557
0.5405164
0.4872446
0.4885184
0.5104811
0.5289977
0.4788898
0.4687651
0.5134260
0.5144924
0.5022773
0.4979747
0.5186273
0.4790238
0.5044563
0.4885857
0.4806246
0.5235712
0.5154786
0.5105599
0.4916794
0.4946488
0.5078909
0.4915926
0.5068037
0.5135509
0.4822380
0.5196114
0.5256795
0.5016215
0.4884809
0.4642700
0.5045165
0.5265481
0.4952606
0.5214312
0.5065419
0.4937808
0.4983182
0.5048204
0.5034557
0.5405164
0.4872446
0.4885184
0.5104811
0.5289977
0.4788898
0.4687651
0.5134260
0.5144924
0.5022773
0.4979747
0.5186273
0.4790238
0.5044563
0.4885857
0.4806246
0.5235712
0.5154786
0.5105599
0.4916794
0.4946488
0.5078909
0.4915926
0.5068037
0.5135509
0.4822380
0.5196114
0.5256795
0.5016215
0.4884809
0.4642700
0.5045165
0.5265481
0.4952606
0.5214312
0.5065419
0.4937808
0.4983182
0.5048204
0.5034557
0.5405164
0.4872446
0.4885184
0.5104811
0.5289977
0.4788898
0.4687651
0.5134260
0.5144924
0.5022773
0.4979747
0.5186273
0.4790238
0.5044563
0.4885857
0.4806246
0.5235712
0.5154786
0.5105599
0.4916794
0.4946488
0.5078909
0.4915926
0.5068037
0.5135509
0.4822380
0.5196114
0.5256795
0.5016215
0.4884809
0.4642700
0.5045165
0.5265481
0.4952606
0.5214312
0.5065419
0.4937808
0.4983182
0.5048204
0.5034557
0.5405164
0.4872446
0.4885184
0.5104811
0.5289977
0.4788898
0.4687651
0.5134260
0.5144924
0.5022773
0.4979747
0.5186273
0.4790238
0.5044563
0.4885857
0.4806246
0.5235712
0.5154786
0.5105599
0.4916794
0.4946488
0.5078909
0.4915926
0.5068037
0.5135509
0.4822380
0.5196114
0.5256795
0.5016215
0.4884809
0.4642700
0.5045165
0.5265481
0.4952606
0.5214312
0.5065419
0.4937808
0.4983182
0.5048204
0.5034557
0.5405164
0.4872446
0.4885184
0.5104811
0.5289977
0.4788898
0.4687651
0.5134260
0.5144924
0.5022773
0.4979747
0.5186273
0.4790238
0.5044563
0.4885857
0.4806246
0.5235712
0.5154786
0.5105599
0.4916794
0.4946488
0.5078909
0.4915926
0.5068037
0.5135509
0.4822380
0.5196114
0.5256795
0.5016215
0.4884809
0.4642700
0.5045165
0.5265481
0.4952606
0.5214312
0.5065419
0.4937808
0.4983182
0.5048204
0.5034557
0.5405164
0.4872446
0.4885184
0.5104811
0.5289977
0.4788898
0.4687651
0.5134260
0.5144924
0.5022773
0.4979747
0.5186273
0.4790238
0.5044563
0.4885857
0.4806246
0.5235712
0.5154786
0.5105599
0.4916794
0.4946488
0.5078909
0.4915926
0.5068037
0.5135509
0.4822380
0.5196114
0.5256795
0.5016215
0.4884809
0.4642700
0.5045165
0.5265481
0.4952606
0.5214312
0.5065419
0.4937808
0.4983182
0.5048204
0.5034557
0.5405164
0.4872446
0.4885184
0.5104811
0.5289977
0.4788898
0.4687651
0.5134260
0.5144924
0.5022773
0.4979747
0.5186273
0.4790238
0.5044563
0.4885857
0.4806246
0.5235712
0.5154786
0.5105599
0.4916794
0.4946488
0.5078909
0.4915926
0.5068037
0.5135509
0.4822380
0.5196114
0.5256795
0.5016215
0.4884809
0.4642700
0.5045165
0.5265481
0.4952606
0.5214312
0.5065419
0.4937808
0.4983182
0.5048204
0.5034557
0.5405164
0.4872446
0.4885184
0.5104811
0.5289977
0.4788898
0.4687651
0.5134260
0.5144924
0.5022773
0.4979747
0.5186273
0.4790238
0.5044563
0.4885857
0.4806246
0.5235712
0.5154786
0.5105599
0.4916794
0.4946488
0.5078909
0.4915926
0.5068037
0.5135509
0.4822380
0.5196114
0.5256795
0.5016215
0.4884809
0.4642700
0.5045165
0.5265481
0.4952606
0.5214312
0.5065419
0.4937808
0.4983182
0.5048204
0.5034557
0.5405164
0.4872446
0.4885184
0.5104811
0.5289977
0.4788898
0.4687651
0.5134260
0.5144924
0.5022773
0.4979747
0.5186273
0.4790238
0.5044563
0.4885857
0.4806246
0.5235712
0.5154786
0.5105599
0.4916794
0.4946488
0.5078909
0.4915926
0.5068037
0.5135509
0.4822380
0.5196114
0.5256795
0.5016215
0.4884809
0.4642700
0.5045165
0.5265481
0.4952606
0.5214312
0.5065419
0.4937808
0.4983182
0.5048204
0.5034557
0.5405164
0.4872446
0.4885184
0.5104811
0.5289977
0.4788898
0.4687651
0.5134260
0.5144924
0.5022773
0.4979747
0.5186273
0.4790238
0.5044563
0.4885857
0.4806246
0.5235712
0.5154786
0.5105599
0.4916794
0.4946488
0.5078909
0.4915926
0.5068037
0.5135509
0.4822380
0.5196114
0.5256795
0.5016215
0.4884809
0.4642700
0.5045165
0.5265481
0.4952606
0.5214312
0.5065419
0.4937808
0.4983182
0.5048204
0.5034557
0.5405164
0.4872446
0.4885184
0.5104811
0.5289977
0.4788898
0.4687651
0.5134260
0.5144924
0.5022773
0.4979747
0.5186273
0.4790238
0.5044563
0.4885857
0.4806246
0.5235712
0.5154786
0.5105599
0.4916794
0.4946488
0.5078909
0.4915926
0.5068037
0.5135509
0.4822380
0.5196114
0.5256795
0.5016215
0.4884809
0.4642700
0.5045165
0.5265481
0.4952606
0.5214312
0.5065419
0.4937808
0.4983182
0.5048204
0.5034557
0.5405164
0.4872446
0.4885184
0.5104811
0.5289977
0.4788898
0.4687651
0.5134260
0.5144924
0.5022773
0.4979747
0.5186273
0.4790238
0.5044563
0.4885857
0.4806246
0.5235712
0.5154786
0.5105599
0.4916794
0.4946488
0.5078909
0.4915926
0.5068037
0.5135509
0.4822380
0.5196114
0.5256795
0.5016215
0.4884809
0.4642700
0.5045165
0.5265481
0.4952606
0.5214312
0.5065419
0.4937808
0.4983182
0.5048204
0.5034557
0.5405164
0.4872446
0.4885184
0.5104811
0.5289977
0.4788898
0.4687651
0.5134260
0.5144924
0.5022773
0.4979747
0.5186273
0.4790238
0.5044563
0.4885857
0.4806246
0.5235712
0.5154786
0.5105599
0.4916794
0.4946488
0.5078909
0.4915926
0.5068037
0.5135509
0.4822380
0.5196114
0.5256795
0.5016215
0.4884809
0.4642700
0.5045165
0.5265481
0.4952606
0.5214312
0.5065419
0.4937808
0.4983182
0.5048204
0.5034557
0.5405164
0.4872446
0.4885184
0.5104811
0.5289977
0.4788898
0.4687651
0.5134260
0.5144924
0.5022773
0.4979747
0.5186273
0.4790238
0.5044563
0.4885857
0.4806246
0.5235712
0.5154786
0.5105599
0.4916794
0.4946488
0.5078909
0.4915926
0.5068037
0.5135509
0.4822380
0.5196114
0.5256795
0.5016215
0.4884809
0.4642700
0.5045165
0.5265481
0.4952606
0.5214312
0.5065419
0.4937808
0.4983182
0.5048204
0.5034557
0.5405164
0.4872446
0.4885184
0.5104811
0.5289977
0.4788898
0.4687651
0.5134260
0.5144924
0.5022773
0.4979747
0.5186273
0.4790238
0.5044563
0.4885857
0.4806246
0.5235712
0.5154786
0.5105599
0.4916794
0.4946488
0.5078909
0.4915926
0.5068037
0.5135509
0.4822380
0.5196114
0.5256795
0.5016215
0.4884809
0.4642700
0.5045165
0.5265481
0.4952606
0.5214312
0.5065419
0.4937808
0.4983182
0.5048204
0.5034557
0.5405164
0.4872446
0.4885184
0.5104811
0.5289977
0.4788898
0.4687651
0.5134260
0.5144924
0.5022773
0.4979747
0.5186273
0.4790238
0.5044563
0.4885857
0.4806246
0.5235712
0.5154786
0.5105599
0.4916794
0.4946488
0.5078909
0.4915926
0.5068037
0.5135509
0.4822380
0.5196114
0.5256795
0.5016215
0.4884809
0.4642700
0.5045165
0.5265481
0.4952606
0.5214312
0.5065419
0.4937808
0.4983182
0.5048204
0.5034557
0.5405164
0.4872446
0.4885184
0.5104811
0.5289977
0.4788898
0.4687651
0.5134260
0.5144924
0.5022773
0.4979747
0.5186273
