22.25676
21.53805
21.40004
30.38402
31.22497
31.86214
32.95871
30.65626
32.43800
31.84662
31.63223
31.49661
31.40603
28.87430
31.67315
22.57271
25.11368
23.89399
21.63042
21.65311
21.00575
22.52649
22.13927
23.11425
22.11263
30.35675
32.22251
30.09366
31.76748
35.33446
36.53134
34.44455
36.31589
37.59683
36.50161
34.08308
38.90519
35.64050
37.70359
40.18417
33.17150
35.84304
35.37833
33.76285
32.95450
34.68313
39.61208
34.76053
37.28980
36.21282
36.17147
32.71659
33.83402
35.92016
32.63171
32.98513
30.61000
31.47292
32.80040
32.93919
34.33335
30.25268
31.09788
32.02503
30.60896
34.61635
30.46318
32.84725
30.45956
34.55386
35.26220
35.25086
34.50902
36.27016
31.74076
32.92299
35.56236
34.66297
33.22113
35.35745
37.28005
33.99205
37.31088
36.04247
35.76787
38.75252
36.74927
34.40135
35.56786
31.82876
32.76659
34.78365
35.07736
35.43506
35.19329
36.85075
34.75050
36.21095
31.37435
28.76905
28.27531
31.85560
34.35967
33.70085
32.61480
32.56876
31.54819
32.70257
31.58174
32.79558
33.34225
34.04156
34.51076
36.01376
36.14528
35.86234
35.93695
32.84093
31.11158
34.43329
32.63373
33.39359
31.92117
31.43916
34.14210
33.90594
28.36873
29.25679
29.72638
31.49457
29.50339
28.51463
27.65481
26.48114
27.34940
27.96521
26.97390
27.05323
23.34125
26.82846
25.04597
25.40522
26.00774
25.95283
25.21005
26.31087
27.30098
25.78200
21.14016
21.51452
20.15538
22.45283
20.31282
21.84670
27.36166
28.31163
25.71891
29.59780
28.14476
29.27051
25.70757
26.81888
24.86746
25.52429
26.52029
25.57344
26.51213
25.67711
26.95288
28.00574
32.71201
31.40235
29.54379
31.23983
29.20838
30.03642
28.80382
32.34982
34.98752
32.11654
32.48185
34.04852
31.62492
29.41043
30.08979
28.29862
31.56052
28.84015
31.26929
36.03892
30.93686
31.06434
31.00356
31.05527
33.64809
29.40489
32.42641
30.04705
28.14508
29.48380
29.82573
28.73143
43.84100
46.32819
43.40205
42.28560
45.03201
44.37198
44.40640
35.40645
32.54051
35.15224
35.51183
36.55193
35.33219
36.79655
30.46302
31.61947
28.89775
33.33993
31.68410
37.12651
36.78494
34.79353
34.50497
35.54852
38.66202
40.97632
40.50080
31.97227
33.39414
32.46153
31.62249
29.63485
31.22219
31.09861
30.76212
30.54631
29.79417
30.53109
32.09735
33.00435
31.82740
31.87683
30.46818
35.15528
30.95314
32.92685
34.24417
34.50993
33.22111
31.08580
30.50458
29.84171
31.56199
32.67161
30.12258
30.98838
31.48507
28.71814
30.20546
30.19028
31.01749
30.05626
30.27205
31.65829
36.16972
35.53352
35.27883
34.81441
35.20005
34.27404
35.19367
33.89016
35.72888
33.80251
32.74274
36.55436
37.69912
36.22492
34.74635
32.09280
33.67339
33.98765
34.62754
33.88378
31.04750
29.26267
30.15822
32.25470
30.92889
31.05990
30.10440
30.79408
32.30728
31.42886
31.32838
31.58425
35.21865
38.60760
38.00518
33.49931
37.63888
41.77065
41.65702
43.77261
44.03840
46.23848
45.43700
40.62350
44.52986
44.63707
44.26498
33.71497
33.56471
35.53210
35.76918
36.10749
41.40197
37.08616
34.62233
37.15618
31.25687
34.68619
33.75800
38.76882
42.26866
37.12075
42.45244
34.01130
34.38263
34.32491
33.75891
31.97545
32.02691
30.97931
31.62234
31.62333
32.42453
33.35134
33.76149
33.07335
34.18234
36.40568
35.03352
34.06683
36.08827
37.95131
38.05098
36.78043
37.46647
37.03919
37.01840
36.52871
34.77893
36.90879
33.45715
34.91128
36.83319
35.12841
34.95891
37.36129
36.86002
33.46880
34.62380
34.20458
35.10119
33.90291
35.38035
35.22448
35.48659
39.40265
37.24710
35.20454
36.26035
38.60716
36.48455
31.90647
34.12432
35.29501
34.97684
30.29093
32.29013
32.52615
33.27518
35.89047
32.23111
29.79068
29.88524
30.59180
29.49452
30.47182
29.30284
28.29587
28.22715
30.56658
30.59428
30.10540
30.77125
28.53654
26.79342
41.90342
42.19865
38.74857
41.19401
39.70700
39.69686
39.26567
40.01743
38.13589
38.85317
42.04718
40.52466
41.13337
42.68451
37.94225
40.30975
35.15384
37.33112
35.76766
33.91611
35.47642
35.85857
36.51842
34.78884
34.30420
36.14832
37.14767
36.10600
34.86189
36.70389
37.94122
33.30442
33.78522
33.85964
34.76859
35.48989
36.50484
38.17561
36.70320
35.34738
37.75045
34.56716
20.96706
21.21025
21.82426
22.37663
20.84544
22.87287
22.95045
21.92763
17.76869
17.73181
17.75356
16.41112
17.33821
32.61499
31.17314
34.56951
35.82798
36.93198
33.67444
34.26128
35.03534
35.59755
31.63117
34.42621
31.69389
32.78350
32.98475
32.89297
33.86478
34.00562
29.65637
32.45611
32.65760
32.73241
32.64957
29.87224
31.37373
31.13734
33.16577
29.72896
33.56121
29.52079
31.65730
31.81413
31.68898
32.57683
30.28293
32.95047
30.76215
30.94825
31.78889
31.01377
31.67903
31.49411
34.07794
35.80680
34.79971
34.24823
32.44212
34.91315
38.58125
36.23087
37.63839
37.39549
36.08667
32.41081
26.60161
26.64374
27.15753
27.53182
27.67117
29.20804
28.53272
27.40119
28.56775
29.20554
27.14247
27.58110
32.66938
30.59701
31.77958
30.55331
29.63061
29.72073
30.30712
27.74219
26.52016
28.43666
28.23270
27.69120
26.86753
26.29885
26.35648
26.13134
26.11461
23.50816
24.62610
26.02512
25.16488
25.15133
27.66274
27.74869
27.30924
27.26186
27.18065
29.36187
27.63793
32.13800
30.83028
28.31312
27.02892
23.77128
24.54022
23.33302
21.32863
21.23423
23.62428
22.55709
22.39982
23.86626
24.17788
23.70126
22.95109
21.16951
20.99566
21.88189
22.97515
22.37172
23.10494
21.62391
22.05215
23.33798
23.41972
22.23989
22.22746
23.62690
22.69589
19.26578
20.63208
19.89239
20.49701
21.65030
21.10821
22.34012
20.89760
20.18855
19.64112
18.37386
19.61252
29.13599
30.69037
31.04154
29.50065
29.02591
27.61720
29.11021
30.54508
33.68590
33.63210
24.74517
25.55538
25.61902
24.57158
25.74675
26.40807
26.30626
24.64721
25.48635
24.73007
25.25883
27.87887
28.76394
28.12979
28.13644
29.16973
28.27168
27.27430
25.68136
26.33248
27.96139
27.95785
35.18568
34.45950
36.44898
34.22282
34.65329
32.69388
32.63873
34.74812
27.92125
29.68060
28.92107
33.92118
32.90788
34.22385
31.50324
31.02084
32.58064
30.22099
31.22513
28.19715
29.19095
29.43816
31.86546
32.79310
34.42004
32.78748
32.63726
31.29292
31.85112
31.12167
31.96427
32.92039
35.68134
35.65735
35.10698
34.27185
31.62071
35.24557
34.59176
32.85938
23.13330
24.06906
22.69473
23.86930
28.52277
26.98105
33.89126
32.69517
31.89922
32.12613
35.03935
36.08578
34.72344
34.00229
37.31225
34.39332
32.90649
35.87827
35.99421
35.16790
35.33561
36.37551
38.77585
34.55378
37.44533
33.15672
33.27536
34.39354
32.54414
33.06833
35.85917
31.92831
33.50865
33.63383
31.94953
35.21710
37.03933
34.50548
22.64648
23.00832
25.89632
24.42829
24.72800
29.56585
30.84392
32.40215
31.47400
28.83516
33.54663
30.89393
32.73722
31.11462
32.64398
32.87374
35.13601
36.11104
36.36310
35.73616
36.09395
35.25229
34.48390
34.92801
35.12527
33.71715
35.35770
33.67830
39.13866
39.30812
41.08104
39.51864
42.60834
36.44019
41.40478
41.02209
38.66208
30.15746
33.99383
33.79664
33.59949
32.24819
33.39750
35.62502
33.62602
36.73175
34.51239
34.94676
36.77675
36.25128
40.41129
36.75183
37.02910
37.52221
35.71932
36.51872
32.32289
30.71682
33.65653
31.82387
33.77792
32.27697
32.49813
27.33677
28.54571
29.29456
28.44380
28.74597
42.86622
42.22378
42.20443
42.43106
42.26500
44.04610
44.15524
45.06917
46.89329
41.72933
42.00111
43.92003
29.53110
30.28363
31.33550
35.08238
37.62590
36.82419
33.74723
34.45976
36.22045
36.21441
30.61614
31.27836
33.43631
31.15979
30.41939
31.57954
30.39241
28.80797
25.94967
30.67158
29.34754
30.63116
27.44096
31.75607
29.11341
31.16176
31.07326
28.41773
32.69024
39.08592
36.85115
38.64326
37.41777
36.41814
37.78907
36.28356
38.29044
35.88486
36.37349
37.25502
33.76528
35.71425
35.44058
35.41182
35.23047
39.01395
46.95618
42.43511
40.05760
42.74666
44.89670
41.18066
43.91468
46.27163
43.61054
41.71599
29.03060
28.31896
28.04496
27.86618
27.35598
28.86897
27.81197
28.78357
29.50082
31.59367
29.60612
30.17673
31.52540
28.84996
29.50881
31.44133
27.96319
35.65223
37.34104
36.49828
35.03572
34.62107
32.38515
30.94809
33.65419
32.06798
31.72029
30.19030
31.95959
35.05227
36.59910
30.58735
28.05854
30.74688
30.62242
32.93287
33.19635
35.32762
31.93287
34.01982
31.88001
33.30405
34.59840
34.84406
35.56306
35.38260
30.10530
30.93569
31.99354
30.78419
44.06115
41.27626
39.89022
44.02719
38.10567
40.52932
39.08507
40.53362
38.72526
40.53528
39.47134
42.06033
38.55098
38.70620
40.91486
43.30575
45.75278
39.04240
28.51916
26.50006
28.98386
29.84813
25.40859
27.38346
26.36635
26.46670
26.77922
26.79906
27.68989
26.97964
26.52278
26.08977
29.43678
30.62703
30.16629
29.71713
31.78539
31.30912
28.74453
31.04924
30.09446
21.22612
20.27125
21.38628
21.06349
23.73595
23.12264
23.65335
21.66805
22.93710
21.60577
22.41708
20.38389
17.32295
17.37832
17.42248
16.95777
17.31063
17.79293
18.59752
18.65145
18.65306
17.66286
16.43126
16.27834
28.77693
27.04561
28.63252
28.06432
27.76878
29.75771
30.76901
30.05699
28.98207
28.76308
28.86872
33.15507
31.57946
31.51432
27.54114
28.59938
29.81081
26.55002
27.34299
28.73718
27.18946
26.61240
28.21314
32.06215
30.97982
29.32979
29.30493
26.79761
24.62802
26.69857
30.70219
29.76769
29.46758
26.69774
27.91023
28.43780
30.43887
28.72866
28.84682
28.38313
28.65248
27.03074
27.89135
25.83278
27.07439
31.08151
30.67127
27.57606
28.20170
28.09523
29.65941
29.19713
28.55352
26.71569
34.26186
34.30582
34.13373
31.99582
29.81884
28.65105
28.21408
31.09076
31.39888
29.54311
35.24435
33.43185
32.49669
34.88604
34.70479
34.48589
33.66183
35.21988
18.53292
19.28555
18.78469
18.71862
19.87214
21.24045
21.79159
21.02845
33.70411
35.58578
32.70487
29.91450
34.17054
35.13762
35.40433
36.66863
35.55157
36.12590
35.72569
35.39754
34.28898
35.12218
38.07340
35.92427
35.40766
39.18676
37.99126
38.89066
38.58416
39.37035
37.79317
40.60411
42.05063
40.01431
41.78299
40.31617
38.87344
38.74728
37.65144
39.06118
39.37507
40.69702
39.08949
39.99375
35.01281
36.41857
40.12238
39.00738
37.91821
37.63518
39.81170
36.96138
37.50689
37.74288
41.54223
33.76186
36.93122
33.28672
37.67876
35.35941
36.92917
35.65075
35.89273
36.29392
34.77692
35.48583
33.49836
36.74553
36.65606
41.54396
43.24946
41.05444
38.60076
41.92532
40.88862
41.25729
41.91789
41.91012
27.21951
24.50429
26.96491
25.65977
28.01915
24.41850
34.47229
35.00630
32.66081
29.98602
33.55676
31.75189
29.63767
29.39102
28.42178
29.77002
29.76948
29.18224
31.39814
29.85498
29.02110
28.99550
27.76549
29.40549
27.81403
28.30912
28.85071
31.67887
30.91906
31.36459
38.71058
37.16085
40.56674
36.46109
37.42407
36.74542
37.40054
31.51826
32.40460
30.55020
34.20647
31.31285
33.18803
31.45297
34.58141
32.80206
30.83386
31.91927
32.86997
33.41533
35.62346
33.95269
33.33954
32.24351
34.66162
30.55778
34.83670
35.26751
35.26113
33.82063
33.28416
34.52951
30.28752
28.81224
31.05069
30.76427
35.84106
32.12143
37.86432
39.47020
39.80183
32.03571
32.99918
30.93044
30.54370
28.99764
30.36499
32.41507
32.96120
37.44453
34.49962
35.71370
35.03310
37.51629
37.10700
34.69692
29.73378
28.71893
29.48137
30.91568
30.64277
27.88358
33.06834
32.11313
31.18597
33.91361
29.44022
28.51802
32.34855
33.06084
33.63820
37.94957
36.93392
39.45338
34.08247
37.47482
36.25014
35.75716
36.71514
32.75982
32.85407
34.01046
33.23171
42.04326
39.68346
38.95947
36.58020
37.42964
38.73771
34.97060
35.77981
35.09151
37.24959
34.20308
31.24307
33.80859
37.48962
35.06183
34.90648
35.48149
36.16846
35.91935
35.34751
20.71705
20.23463
19.90275
20.63053
20.71058
21.47172
22.84779
23.24862
20.17615
21.86113
22.57396
21.22451
22.49153
22.88108
22.08442
21.86610
22.54579
33.13719
34.34057
35.40062
33.30916
42.16615
41.50277
41.15735
39.20054
42.01554
41.68750
41.22638
44.97326
39.45035
41.80823
38.18699
41.04570
34.19822
38.07886
37.17391
37.52700
36.61339
38.47546
37.69400
39.81241
41.03298
39.13189
40.12550
39.32146
39.55417
38.47895
34.21134
36.01543
35.28610
35.05840
34.18975
33.47406
36.21990
32.41639
38.48099
39.14069
40.37759
38.42945
38.29585
38.05676
38.00563
37.67014
40.71914
34.82975
38.57791
37.54563
36.92058
37.81068
37.92294
32.55101
39.38487
36.75782
36.15135
35.88637
32.53131
34.00511
37.10839
34.84078
33.37037
35.24519
35.96386
34.45272
35.56467
34.31545
33.80688
37.92621
37.43593
35.87713
37.49772
36.76377
35.55162
36.27957
37.71770
39.10971
35.81974
39.76023
27.09479
27.36506
29.77561
28.06027
27.96975
27.71349
31.42842
31.75825
29.32080
32.45536
30.20600
36.14013
34.00082
34.62301
27.22510
28.16169
28.30532
28.35454
29.67451
29.17477
28.71900
27.38313
27.19628
27.16101
27.95252
26.87879
25.43629
25.96036
23.59214
24.47668
26.09194
22.89203
25.48399
24.70103
27.60730
26.40057
27.55039
26.92216
27.65845
25.87591
21.06773
23.26688
22.67760
24.72046
27.05036
25.69046
23.85800
27.21332
29.31631
28.53549
28.56197
29.23871
29.00420
28.32444
29.62778
28.35771
29.28857
30.01547
28.20651
27.86662
27.48326
27.03990
27.98294
26.05934
27.16691
25.77560
30.97425
32.79318
31.03964
32.05079
33.44388
36.11695
33.18643
35.19072
36.83737
33.54637
22.10388
18.30505
18.45024
16.65686
23.03579
21.80387
21.84577
23.69743
22.34537
22.59220
24.38125
22.48290
21.86425
21.95933
23.41960
23.90493
21.92694
20.51146
19.49516
20.80140
19.65213
21.05038
20.04871
19.51232
24.59351
25.41990
23.92377
24.53277
25.72922
25.00854
22.89580
23.81405
23.46500
23.22799
24.27119
25.33888
23.41129
25.77666
24.50485
24.16136
23.59250
23.83543
25.33453
28.61697
28.38178
30.45087
27.65254
27.97297
30.21591
28.72988
25.03731
29.35514
30.15098
28.58336
28.27972
29.93188
24.60722
22.46681
25.77990
24.12372
28.88822
27.25590
29.15508
26.91337
27.27242
26.84840
37.52790
35.44572
35.73234
34.83912
35.72710
38.15532
35.07424
39.16636
39.09591
39.46767
33.93538
35.97036
36.92017
35.75063
38.23983
40.17725
38.17994
38.70443
36.70350
38.92654
38.58426
35.97622
38.03359
37.01400
33.51929
36.21578
35.57563
34.35396
33.68820
36.91686
33.27020
36.88633
31.84988
34.60479
40.73720
41.39807
43.12449
45.46564
41.65765
38.41405
39.09474
39.48026
35.52531
39.06972
38.65619
39.77154
35.96298
34.43009
33.91571
33.00432
38.18597
38.92930
39.54949
36.75780
35.81658
36.38320
38.22094
28.68455
30.89965
31.33300
31.42922
30.55331
32.45152
32.18067
32.26769
30.54981
29.08987
29.67895
30.37339
31.22928
34.44252
33.12673
33.13297
19.75234
18.85024
19.24634
20.16232
21.03897
20.24031
19.95287
20.59713
21.60992
22.76133
21.65583
22.44589
21.17563
22.64741
23.33596
22.53754
21.57682
21.25517
21.95210
25.19408
23.51454
20.47431
25.52038
27.34740
28.21758
24.02499
25.34664
25.42069
25.89892
26.10599
28.19395
23.35925
25.38445
22.33911
22.25324
24.11112
22.98901
24.10662
23.54950
23.35441
22.00530
21.79447
20.85772
23.27202
24.14223
25.32749
25.81763
24.23477
40.81192
43.10318
41.64838
43.08263
35.35404
38.64423
36.79812
33.36007
35.08692
36.51115
30.82026
30.43600
31.74301
30.94271
29.95142
30.93153
31.89690
30.84827
32.48911
32.03114
25.02245
26.40149
24.73447
25.79190
25.38701
27.46681
25.37728
27.58543
24.16448
24.56004
27.24576
27.35593
26.52717
28.64483
22.39348
23.91466
23.04499
23.08501
24.02996
23.30292
21.51243
24.31401
23.79299
21.38551
20.77562
23.29106
22.56680
22.19394
21.98901
21.78540
23.83382
24.40662
23.70269
24.84218
38.18283
38.51062
24.72305
23.28412
26.16449
23.05552
24.88609
25.62633
29.37229
29.34938
28.74141
28.35841
27.27764
29.38657
27.88640
24.02660
26.29310
25.99314
26.15897
28.89519
28.67429
26.87771
26.53894
27.65543
27.69758
28.10631
25.36721
29.15263
27.31834
26.37689
27.26740
26.07884
26.60316
26.57712
29.73904
28.79612
33.04512
36.57340
34.62104
35.34522
34.73968
35.84831
34.00779
38.19831
36.88951
37.34846
34.25265
37.65006
34.55955
36.24619
35.52883
35.24580
37.19335
34.74432
37.48829
36.51128
34.42189
30.45835
28.75879
30.16590
18.26941
18.32837
16.61272
18.42372
17.47833
18.00397
17.37128
18.20089
16.30659
17.70341
14.89237
16.99648
15.37782
15.39376
15.71958
15.12897
14.59935
15.61566
15.87378
15.67102
15.43859
16.15946
16.22959
16.99974
17.30081
14.99576
16.32322
15.73066
14.48640
13.27896
14.08148
13.50859
24.98175
23.89208
26.88623
27.64223
25.67010
25.82350
25.59466
27.25698
27.16042
25.80267
23.35309
23.93727
24.01432
23.01777
23.53925
22.76045
24.45985
23.59793
22.32531
22.86227
24.29967
22.96263
23.00081
25.04085
24.44485
26.29677
26.65234
25.58273
26.88035
26.97099
29.27516
28.83041
28.37973
29.39404
29.15150
29.40210
30.04318
23.57174
22.48858
22.77430
25.12956
25.31558
24.73676
24.64427
19.57348
19.90701
19.30519
17.49008
19.19560
18.77833
21.70507
21.04642
21.63198
20.94554
22.97313
20.06209
21.98820
21.92099
21.96827
17.10399
16.92970
16.28790
17.88219
18.02675
17.03382
17.98249
26.38255
24.92189
26.23227
26.47400
23.03936
21.72955
22.61466
22.07260
21.67253
22.88244
24.30861
20.87655
20.74658
19.83016
19.53843
19.20231
19.99406
19.91832
21.54284
20.76085
20.44493
20.31245
21.56627
20.69470
26.97610
27.11385
26.73007
30.32522
20.49711
21.33133
19.48468
21.07517
22.89844
20.72561
30.10263
29.24669
29.54365
28.35609
27.54831
31.29610
33.19978
32.77450
33.13279
32.14595
31.37213
33.25706
32.88621
33.84738
34.25455
32.85619
33.01091
34.21186
33.02475
34.27490
36.73300
34.82723
35.82427
35.77781
34.11207
31.65397
35.88185
33.82107
35.01344
32.77181
31.95060
34.73236
34.44618
33.27967
34.06171
38.20797
34.42879
30.38555
30.93370
31.25001
30.92761
32.15618
32.43115
36.26834
35.00409
33.64796
20.65744
21.89023
19.66356
21.33519
21.83310
20.64945
21.22461
28.96591
29.69386
32.31974
31.26514
30.68240
29.15047
27.47898
28.44074
28.91079
24.77127
27.22934
27.96642
24.99558
24.86016
27.33197
26.19708
29.85680
29.44985
29.90608
28.24181
27.65331
26.76103
26.12339
29.20150
28.03541
29.06477
28.65760
29.79888
28.74841
28.19444
30.44425
24.31346
26.90346
25.60325
26.66440
26.28753
26.83885
29.14152
26.97949
24.46435
24.04305
27.98678
28.92764
24.16955
27.07126
27.11052
24.36096
22.42345
23.74628
24.30817
21.94869
24.13379
22.57928
23.12496
22.40489
22.54291
24.50996
27.37418
25.37274
25.64469
25.75788
24.61390
25.68010
25.15021
23.36567
22.83160
22.94677
24.33787
23.82091
25.36476
23.35582
23.92080
24.70144
24.71541
21.97412
24.31117
23.93463
23.40191
22.86391
24.75016
26.04417
26.03899
27.04511
29.43611
27.02038
25.01105
25.62678
25.65260
24.94386
26.35036
25.51570
24.53305
24.53454
26.10871
26.17101
33.89124
26.73089
30.49427
28.31434
29.59459
25.85847
27.84482
28.66013
30.08101
28.22416
28.54857
29.08098
30.16923
29.90315
28.57642
28.96934
29.98206
30.28220
27.57226
29.62909
27.45037
28.04698
28.02447
28.39789
27.69318
27.25686
30.72887
33.23326
31.38211
28.37914
28.81036
33.73643
31.23472
34.47118
28.97835
30.77968
29.65063
30.41826
30.49922
29.59137
30.99203
29.75701
29.11467
30.23144
32.16982
32.75652
31.35762
29.14395
33.20417
32.40080
36.06154
35.27878
34.70847
27.14235
27.23237
28.10450
30.32906
29.10579
32.38554
32.93422
32.73191
33.72329
34.04978
31.58368
31.87071
31.62538
32.68570
31.55730
32.06719
31.98913
32.05875
35.05732
36.11192
35.22949
36.72153
37.71648
38.85999
32.89231
35.87497
33.28325
38.35530
39.77548
39.10200
40.96447
41.84547
38.21510
41.25555
32.95846
32.37575
21.39125
21.34027
21.55698
21.56398
19.80995
19.57908
26.94469
23.89299
23.44359
20.66383
19.55531
19.41201
19.89042
19.76870
18.93395
20.23497
19.71631
19.45701
18.67466
16.99330
17.40443
17.33553
16.79752
19.63955
22.04362
22.64137
21.09404
21.02927
21.10816
14.97799
15.91604
15.91940
16.21478
15.80221
15.92674
17.04764
15.84299
16.54081
39.67765
37.90375
39.45769
35.38779
36.71143
36.29862
38.37392
38.44775
41.06783
35.16580
37.21681
38.40449
32.43990
32.48724
29.96996
31.46326
31.92677
32.16356
32.31200
33.70702
33.23366
31.70652
30.10332
31.61132
34.00344
32.35937
33.54369
31.86307
30.73644
32.09190
31.20188
33.05044
30.84975
26.18690
25.97723
27.58016
28.11758
28.12913
30.67897
27.39081
27.56062
28.23188
26.79233
31.39975
30.86586
30.91977
30.11947
29.48985
31.28433
30.96102
28.27090
26.83515
29.24024
29.76708
29.38697
28.50892
22.95444
21.98055
20.60337
21.72036
23.13684
23.14831
23.95188
21.94445
23.25477
23.88334
23.79198
22.11007
21.94279
23.12838
21.13967
22.63282
19.69248
19.87488
19.13699
17.20139
22.24185
20.97472
22.47674
21.69884
21.09388
22.68384
23.23271
22.43436
22.15547
22.68605
24.14793
21.80684
23.48805
21.10501
20.94659
22.01780
20.64017
22.35983
22.01295
21.74065
23.70777
22.62162
21.75492
21.39931
23.40841
23.04536
22.86528
24.49062
24.31469
21.61965
23.66922
21.33888
22.27320
23.25526
21.78793
21.44124
23.64417
21.93901
21.29370
22.18508
24.27439
23.08751
24.83100
25.11856
23.83960
23.56868
22.33618
22.10908
21.09113
22.83518
23.53244
23.42240
23.82058
22.99456
23.38163
25.10550
27.10906
26.23986
25.50437
26.18488
24.21146
26.74568
25.29751
25.79440
25.68973
23.61384
24.24000
25.18778
24.94261
24.31882
25.48177
26.81588
25.14292
42.43380
37.19263
36.87603
41.14000
43.76757
40.06893
41.40297
43.49323
41.44709
39.28883
41.10186
41.87005
42.34208
39.84968
38.15227
42.16402
42.34962
38.88703
43.51970
38.80624
43.42084
40.72901
37.92126
33.93170
38.65405
37.80222
40.49441
36.57203
40.10441
38.40970
33.36060
34.89385
33.46753
33.05780
32.73663
32.63117
33.90945
31.60838
32.30475
32.84217
34.28076
34.38683
36.16831
34.93155
35.67189
38.14619
38.06020
38.09925
31.57812
34.97075
33.64873
35.45933
38.00077
34.72423
30.36436
34.19668
37.58325
36.10972
36.32547
34.79975
41.88793
42.15628
43.30261
36.89392
40.01981
40.03837
40.33758
39.03132
39.41825
36.75012
36.55407
35.01063
37.22493
34.95432
38.75185
39.42709
38.64767
36.22909
27.31794
27.92684
31.00678
31.10795
30.36344
28.16328
30.38914
28.71306
31.31683
29.01533
29.87998
28.95148
27.49352
30.09409
29.50731
31.08638
45.40713
44.74350
47.69592
44.77676
43.15199
42.76735
45.92096
44.15330
39.07044
38.80887
39.93919
37.49714
36.98438
36.50100
42.98527
42.50193
39.82245
38.88454
41.69186
42.83673
40.55303
39.78453
39.11277
41.57207
41.87007
33.74652
35.66341
33.71859
35.49863
33.47056
34.50903
33.52313
35.36705
31.35499
34.88631
32.97895
31.13795
32.87197
31.83533
30.29766
28.98278
27.50667
31.53037
29.71328
37.07908
35.55737
36.58111
40.29766
35.81267
41.36610
37.00064
29.97608
30.70410
30.42598
29.62172
29.32987
28.25523
32.67854
32.30535
32.08164
33.95452
34.37123
35.21409
35.66133
37.10980
32.74337
35.49072
37.27255
30.98375
32.15762
32.69719
31.09295
31.16596
33.66634
38.28575
38.23239
36.57042
38.56615
35.49966
38.93056
38.81047
28.84014
33.29216
32.16909
30.74262
25.55679
23.89430
24.28487
23.63836
24.38319
23.66911
27.54314
30.28784
29.25316
30.34480
30.90870
25.60468
29.22335
32.02802
30.54747
32.48865
30.22724
30.58227
35.25301
33.78084
34.87632
31.49880
31.55836
32.19691
31.36467
24.53181
25.31521
24.98874
22.38382
25.11193
29.51890
30.20934
34.05818
33.93614
30.99904
31.73173
33.72083
35.01632
36.98140
33.16450
35.54232
34.28529
35.48780
36.06081
35.48967
35.85220
34.61209
35.02604
36.44366
34.41842
30.99086
32.61296
31.90765
34.10785
31.29302
32.72793
35.21169
33.06936
32.57142
32.54342
32.53488
32.08085
29.42204
31.71156
35.06494
31.21141
33.69332
32.55840
30.49555
33.76471
34.50477
31.15056
34.43902
31.82422
34.51020
34.55804
35.97673
36.00089
39.67656
40.82748
41.32927
44.37901
44.68495
44.49117
42.81285
47.29253
44.88343
37.01340
38.48220
35.07340
38.66899
36.23611
40.31112
32.18418
33.75563
30.77601
36.49075
35.06799
35.52964
40.02651
36.02476
40.43112
37.11431
36.18254
37.11577
38.22376
36.71539
36.22621
36.40106
33.10302
38.06359
33.73756
36.93739
32.89981
31.04435
32.26668
32.17148
32.56985
35.35511
33.50303
37.14015
34.55675
33.67373
32.88005
33.38964
31.52097
33.66087
30.68856
31.18197
32.94494
33.67081
33.15793
31.05211
36.17895
34.96525
36.31221
36.01188
35.00527
32.35910
33.06088
34.99939
34.64087
33.64298
33.57968
28.90453
28.96522
29.65024
30.13597
29.37400
30.48693
28.20563
27.38487
28.00645
28.55436
31.34156
30.18173
31.36866
30.11882
30.98538
26.62695
27.95459
26.36328
28.20271
27.09358
26.58974
26.94316
28.37238
26.48986
25.00521
26.97969
26.89472
27.03021
25.26399
24.38318
26.72358
28.02743
28.97846
27.71854
27.67788
25.25656
27.66293
26.75903
26.81746
28.48384
29.38048
29.54860
28.28137
30.58906
30.51289
30.07947
31.20633
37.71455
35.82344
37.65787
36.65994
33.99961
32.55434
33.07490
34.98096
27.83659
30.43189
27.79455
28.29436
29.47972
31.81232
28.39823
29.42214
25.63092
31.11842
30.59170
30.66328
30.77264
31.68265
30.02894
31.54493
31.42918
32.78991
29.21750
31.75677
30.08262
31.84013
29.74579
36.90499
38.33103
37.37005
33.19810
37.50163
34.46678
36.35665
31.50228
35.36424
35.23596
35.02704
30.70414
33.61830
33.75803
34.61846
35.99768
35.52638
35.50419
38.05366
36.33644
35.56580
34.40876
28.81140
29.18439
30.95406
31.85049
30.62315
31.38927
34.55885
33.90088
34.45528
37.20313
36.92746
32.67170
35.39689
38.22167
35.15124
36.13201
36.85705
35.55335
37.04181
37.92665
36.87275
39.29777
39.28553
39.04584
40.63220
39.07513
38.49898
37.26480
41.35846
37.28288
39.91967
39.54844
38.63310
37.21331
36.17447
36.62871
37.89309
29.78438
32.63091
29.70173
29.78932
34.45900
33.36149
34.02626
35.08744
25.30802
27.08803
24.82702
24.85903
25.88208
21.97157
23.52690
23.82173
23.26988
24.12677
24.57452
25.10758
25.10270
27.38615
27.76126
27.85197
26.75810
25.77731
27.02152
25.89976
25.48991
24.74442
23.28739
24.48916
24.98646
24.02355
23.65736
24.16222
24.29049
25.96678
24.91149
30.63780
28.67696
30.56114
30.49568
30.51740
29.01726
29.24610
29.53356
31.16621
29.96023
28.75720
28.20909
28.31401
25.85058
27.84948
30.06333
28.61660
30.73988
27.22172
23.12782
23.57156
22.80501
22.80878
22.15158
22.43811
22.79791
21.43765
25.45867
26.70753
22.96656
24.47512
23.38952
23.53799
22.48388
22.84421
23.38774
21.72688
22.09911
21.27879
22.41153
22.49652
26.08334
25.61738
24.21192
24.33355
22.12580
27.33233
25.18181
24.12465
25.74111
25.01261
26.08861
23.52600
22.36083
24.22309
23.86851
22.62716
23.91276
24.40591
24.13262
26.98161
26.42447
27.53500
28.45876
27.10806
35.51741
33.88459
39.11724
39.67935
38.20490
35.18216
35.06288
32.77226
34.74585
22.63481
24.34679
22.16979
23.16620
23.73064
25.58582
25.14249
26.58172
25.28107
26.71638
26.15901
28.19593
26.63141
27.41806
26.42226
27.55136
26.04745
26.79324
27.67875
25.87342
28.17891
24.13466
26.36525
29.31656
26.75266
26.15939
25.90797
24.79306
24.27279
24.11264
24.71525
24.47519
23.56024
23.48334
24.42816
22.86853
22.69872
22.13148
24.01195
22.65874
37.04428
36.09186
35.91764
36.31858
35.37287
37.06734
36.46420
37.16241
40.16948
37.83479
39.08108
38.36631
36.01670
35.08218
32.49776
33.68848
35.27471
35.44709
34.54479
36.55764
36.91039
33.77207
35.09198
34.38797
34.89306
34.00916
33.24854
34.67874
32.67954
35.84709
33.74176
31.77194
31.63421
31.77402
29.92190
30.70971
29.99237
33.03250
33.56234
30.00853
36.18895
30.64148
32.89244
32.18776
32.46615
33.65190
31.30219
32.29252
34.29788
28.01688
30.87483
27.60648
29.20114
29.74920
29.69089
27.87821
29.40349
26.29244
27.56541
26.42623
32.86560
34.84685
33.77733
30.83376
31.10276
30.25667
28.76782
30.11466
28.50416
30.00639
29.44719
35.16533
33.64650
33.96158
33.28915
30.65083
31.40293
33.89795
33.71964
31.66442
36.10389
37.06055
38.98756
39.46958
34.27804
37.09613
33.78677
32.09327
34.13279
34.34613
32.81768
34.73271
28.36467
28.07215
28.04482
26.23148
25.96050
25.86998
27.65556
30.42777
26.80209
29.80926
27.66397
30.83515
32.38630
23.66514
26.01888
25.81631
26.77510
24.28647
28.28967
26.90444
26.60478
27.57126
25.26218
23.71531
25.62060
26.10670
36.88115
32.05842
30.44167
28.52811
29.94057
27.47669
29.43198
23.31837
26.74402
26.71896
26.84470
27.61563
26.91993
29.32283
28.34238
27.76945
27.60303
30.34200
31.51789
31.16456
30.51704
30.40858
31.40621
32.52593
33.92220
34.27747
31.48591
28.78491
30.83245
30.05222
29.91472
36.93444
40.18867
37.94832
36.62334
34.75753
35.44813
37.11347
31.33513
33.15178
30.18953
29.86864
33.57110
30.60831
31.81276
31.52393
30.94931
31.34918
30.29224
30.46586
32.95277
31.20607
31.33729
30.99051
30.31645
30.61866
36.86465
38.25337
38.77051
34.34410
37.46469
36.99726
37.25622
36.03726
34.46629
31.08536
35.10208
31.45920
32.49720
32.57821
32.83617
31.54338
33.61366
33.93397
31.12083
33.48153
27.90621
28.72120
28.60797
30.21589
28.98186
30.11853
31.22365
30.72154
28.93280
31.96255
31.04133
30.57323
28.29587
28.91900
30.88619
28.56749
30.96079
32.64577
29.34460
29.23614
30.33608
31.56972
27.90910
31.48042
30.90372
30.89194
30.60275
29.54498
29.96598
32.32412
31.48426
30.78730
30.60864
30.81772
32.53847
30.67853
31.54627
30.44527
35.37719
32.70990
16.60853
17.12893
16.39065
17.36583
15.12970
15.87644
15.28310
17.06554
17.22983
15.61011
15.08585
16.84350
16.66463
16.81908
16.54241
21.73480
21.71476
20.97275
21.50554
22.09877
20.75030
19.88347
21.78377
19.90082
21.69393
20.56442
21.60638
19.46358
18.63341
18.70780
18.84527
18.34511
18.09373
20.52564
20.74515
19.61646
20.42858
19.95149
20.52107
19.01997
20.23773
21.31335
21.37739
20.82800
21.46596
22.23710
23.10942
20.15360
19.62359
19.16953
20.86808
19.56299
20.71754
19.66232
20.17800
19.06797
19.69883
20.39946
22.12753
21.13235
20.52048
18.05601
18.87497
19.44606
18.27393
18.66482
18.94387
18.23956
17.61449
19.20290
19.72425
20.47582
17.93246
18.83954
22.15796
22.58603
23.04547
23.48993
21.78413
21.01113
20.03259
20.66510
19.93145
20.45994
22.76408
21.73999
21.70789
22.24201
24.81392
23.00505
23.49459
23.12110
23.49179
23.84737
24.19576
13.62965
13.83990
13.80111
13.92689
15.00742
14.05983
14.63232
14.16254
15.89558
14.91959
15.51231
18.77291
17.84131
19.02423
17.58343
15.37962
17.68307
14.33442
13.96616
15.78956
14.90087
15.05691
13.40796
14.12968
14.57069
14.96332
14.59250
13.87451
14.77140
15.13773
16.03661
15.03413
15.75522
14.65026
14.85303
15.44123
14.45288
16.28374
17.81009
15.93047
16.00753
16.13311
16.06637
15.79310
15.63863
15.67216
16.14642
15.42074
16.47321
16.85790
16.90717
16.83555
15.55455
16.89549
16.95168
16.22221
14.67372
14.83700
15.17730
14.46632
18.40437
16.68677
16.84446
18.20572
15.83318
16.97728
16.29648
23.27576
21.56604
24.31152
24.00280
24.13466
24.15371
24.00707
25.19253
24.66278
27.50929
29.07981
27.35011
27.69436
26.94353
28.17660
27.15970
25.62339
27.14145
24.33031
26.95737
25.55947
26.46570
26.95407
24.22662
25.67516
26.50227
26.02050
23.70643
24.72021
23.54508
25.83777
25.06758
23.25433
24.97020
26.66170
24.76444
27.37802
28.32773
26.43535
25.97698
26.54221
26.59201
25.44675
27.61764
27.65769
28.02332
26.81672
26.68914
25.40394
25.04812
23.97089
23.77971
25.21269
24.34225
28.71126
28.21142
43.37408
41.06176
41.03839
39.98350
38.29844
38.63953
40.61139
38.35382
38.74354
38.82334
37.30701
37.33745
36.33973
37.04907
37.02763
38.05324
34.47086
37.57696
36.62235
38.33803
33.70352
34.57519
34.83734
34.97113
34.37738
35.64134
36.25735
33.70051
27.69011
27.54620
28.05581
31.03697
28.89782
30.80904
30.63592
30.29986
28.75223
31.54146
30.40470
32.43656
29.29359
32.07500
27.78399
28.86337
30.48352
31.77117
28.16236
27.56572
26.73174
27.32645
26.39525
28.99015
34.26940
29.84503
29.65805
27.51135
29.36069
25.19762
23.82758
24.61767
23.53929
23.62769
24.71546
21.54907
22.64538
25.63362
26.11902
22.87707
26.28645
25.26477
26.35731
24.79979
32.25051
35.97927
34.54896
34.12624
33.70731
34.58093
37.10774
38.95450
38.03782
38.17193
37.02681
35.58041
34.04684
32.79117
32.00074
34.26885
32.98325
32.71612
31.65648
35.03637
35.04113
27.65708
28.76834
27.97376
29.15095
31.33523
30.07805
28.91865
29.60267
31.18744
32.86174
31.52628
36.50820
34.52353
28.89267
30.81748
28.78792
31.29999
27.87129
29.18235
29.49467
35.61117
35.18940
38.66169
38.47735
35.85922
19.95638
21.50496
20.67783
21.07073
21.76481
24.57455
22.47511
23.36645
23.33940
23.54035
22.81146
26.20046
25.43084
26.56306
26.51649
27.06731
26.52684
26.00382
19.42962
20.46725
19.56226
20.25625
21.60921
21.13333
19.07612
17.40090
20.22822
20.58824
24.29057
22.38762
22.08995
23.93004
22.78066
24.60028
23.95894
23.47713
23.35796
23.87309
20.32655
21.42488
21.23202
21.61574
19.85812
20.91275
20.94548
18.47874
23.25708
21.68690
23.54033
24.89417
23.97104
28.36586
27.66756
25.80292
26.81389
26.35774
28.08589
28.86137
29.03308
30.25634
29.40476
28.43366
24.94197
24.00333
23.28363
23.87300
23.64322
27.44438
26.97801
26.56980
25.23863
25.68305
24.58811
25.04334
24.48317
24.61788
23.83437
23.51105
24.94453
26.60647
24.00843
25.19528
26.77885
25.32451
25.60538
27.84055
23.96898
23.14005
22.42969
26.05335
25.90638
22.28912
21.84399
23.17971
25.56686
27.28165
25.91376
27.56452
26.46566
26.53085
23.47281
25.83667
28.16061
27.77885
24.99003
23.71313
21.06289
21.19894
22.86742
22.39839
23.98004
24.78030
22.20343
20.57863
22.63178
30.01754
30.72234
31.31850
30.25779
29.18035
27.70052
29.41989
30.32390
28.71666
42.75366
38.26610
41.39935
40.64078
42.10674
37.33180
39.74099
31.60701
32.41851
29.04276
33.59579
33.60676
23.82205
25.31896
24.90236
22.02003
21.63870
21.25942
23.31500
21.90934
22.64873
22.27810
22.54619
23.48259
21.99895
21.38699
23.10005
22.51665
21.06841
23.33649
22.59744
22.77324
22.90248
27.45599
26.51995
29.21644
30.01936
29.34229
24.21069
25.69893
24.74050
23.78320
27.04073
27.50027
27.11528
27.55441
26.71237
28.48064
25.47328
28.47512
27.42590
26.87653
27.41429
28.52747
26.83562
28.92900
27.92559
30.98252
28.75740
29.17522
25.27905
26.67396
29.68661
28.94017
30.05950
29.81435
29.07264
27.90687
27.43075
28.21898
28.75788
27.22316
28.36546
28.66814
27.99251
24.94350
25.96302
27.81833
39.35717
36.50459
35.83793
35.82665
41.09746
36.46781
32.61244
35.76867
38.31381
36.16646
39.11423
41.66077
39.64547
39.86202
39.47394
39.65174
37.67631
34.74711
37.39871
40.09608
39.10320
40.11700
38.70788
38.88341
39.96980
40.86374
38.17319
34.52340
37.58844
38.36821
37.17661
39.32478
38.77792
38.58451
38.48389
38.84625
37.20639
39.89982
38.85280
39.09252
40.90310
44.36627
42.39710
43.90161
43.59222
41.99500
43.48538
39.43877
39.40921
38.45659
40.58604
38.55488
36.53846
40.08717
33.99900
34.76403
33.99392
33.55674
32.70208
33.85739
33.83939
34.71096
33.97197
32.04914
32.02670
30.50573
32.24651
30.97140
31.53310
32.60850
32.10498
30.76540
32.33248
31.56269
30.53958
32.09009
30.87631
29.51277
29.32664
28.65869
28.98317
29.92472
31.30271
29.34072
36.22461
38.58673
38.57411
37.09307
20.43186
20.47907
20.67851
25.89967
25.93902
25.80499
25.48833
26.40049
24.71079
23.20049
25.09066
25.75699
24.54592
24.74951
23.29878
25.07385
27.03460
26.24797
19.53807
20.72576
18.92266
20.42364
20.89958
19.79080
33.62002
35.47578
36.00124
36.19687
36.02913
32.96557
34.06251
35.26785
34.86130
35.71621
35.19121
33.43948
36.74943
32.47109
35.83348
33.12596
32.35718
37.15626
33.81306
36.28507
34.35005
37.11497
33.14566
34.67967
33.51000
33.60630
37.44371
33.34193
29.18216
34.68245
32.85790
32.66725
32.99113
35.42872
34.83056
37.08563
33.14860
28.65718
31.08942
33.58214
33.13638
35.49674
32.55302
33.53612
32.90335
34.76644
39.25939
40.92893
40.52655
42.39699
37.66337
41.42815
39.70474
39.75939
39.79853
42.33153
40.34938
42.28705
37.12918
34.78193
34.39655
32.86630
35.14012
33.39780
34.47747
31.55418
32.77315
34.86177
31.38474
32.47030
31.29142
32.85275
33.99308
31.45909
34.77468
33.98800
34.80210
33.34833
34.30605
33.60243
31.54133
30.18290
32.62310
31.70080
31.78379
32.17162
28.31339
30.56401
29.98546
29.24251
30.71301
32.74631
30.85800
28.63797
26.28652
29.07636
25.09123
24.54391
22.44149
25.47021
26.34141
25.42454
26.91547
28.45409
28.54740
27.62468
25.27516
26.13317
27.15658
25.42954
25.03860
25.01674
26.87991
24.80036
28.44772
26.31373
25.72252
26.22420
31.74629
29.70126
31.32225
28.96316
29.33375
28.71059
28.61217
29.79947
27.22034
28.05322
28.25632
28.08946
29.06050
28.71821
29.28370
27.71024
27.05738
25.45251
27.79045
27.88398
29.77032
29.14962
29.04640
29.39779
29.40920
29.63870
29.79843
30.11464
28.43729
29.60822
29.73675
28.80004
40.52516
42.07121
42.43366
40.65254
43.10606
43.74144
41.48004
40.84604
34.76789
37.32680
34.45607
35.38873
35.25582
38.72481
38.15906
38.17330
38.20298
40.31360
42.94512
41.60967
28.55875
30.58942
27.16521
32.47367
33.89963
30.68264
32.73134
32.72121
31.72228
31.79401
33.91990
33.97586
29.80333
30.73011
29.78738
28.12308
29.86092
29.71018
29.55540
31.38927
30.50981
29.64330
31.17356
29.57662
30.93515
31.90722
32.34461
38.50204
39.47316
41.93088
38.21872
37.44888
39.29078
38.55387
38.32723
42.63668
39.33673
41.84680
37.98646
35.41586
36.78388
37.40984
38.82172
36.49620
37.21605
37.15161
40.37445
41.23673
39.69864
42.50009
45.36459
43.77640
46.79849
41.64971
37.71829
39.71840
40.01588
40.85703
41.02219
39.44675
31.65082
32.12310
31.86687
33.34037
34.92490
32.11657
33.78277
33.26798
32.15687
35.83883
34.73469
47.09735
46.92352
47.07925
45.19743
47.27609
49.22117
47.25822
43.44490
48.45863
42.86337
46.83274
42.01729
46.68487
43.05936
44.80068
40.87386
43.76008
40.60990
44.55057
44.70188
43.24487
45.37839
25.97484
29.36499
32.32887
31.54726
31.16219
30.28363
30.81987
32.46776
32.82036
32.25528
33.67043
31.35711
32.18868
32.38963
31.88602
32.02396
30.68722
29.68556
28.28933
30.18719
29.80284
29.18449
31.42914
31.78073
29.35651
30.66717
31.76373
33.09628
32.95663
30.49528
34.25802
28.90851
27.52060
30.56756
31.20135
35.97758
36.21518
29.68430
29.42177
28.99037
29.17447
29.09493
28.28940
27.00521
28.57538
30.64082
26.02220
25.33450
25.52999
23.69050
25.80838
24.94442
26.88758
29.49934
29.17158
29.67797
28.03434
31.08609
30.34449
31.10107
33.00381
33.25167
32.21589
35.18883
33.28712
32.55836
31.70099
35.39552
32.43405
32.04543
30.03744
31.55599
31.95003
32.81885
33.28980
33.18553
32.45184
34.42900
33.66303
32.94598
31.89794
37.22142
35.00602
36.48519
35.77032
39.07147
29.33016
28.06380
28.05472
27.36889
28.43448
28.28657
27.08349
26.58034
29.47984
29.48215
29.02831
28.15213
30.89912
29.03814
26.64592
28.68649
28.45980
31.23824
30.07703
27.51296
26.36178
27.43661
29.02123
29.04788
30.76936
27.89370
28.95195
29.72482
28.26728
28.49465
27.47043
27.92472
29.59200
29.93467
31.04102
31.99524
31.05312
29.41019
30.69927
30.14492
30.87349
28.62820
30.43072
28.74997
28.30857
30.54845
31.67728
31.28321
30.79107
32.30147
34.71846
31.69737
34.32254
36.61349
36.87944
39.56961
36.70334
36.72419
39.72607
39.70268
41.58967
40.62868
40.22248
40.14620
41.41180
40.05168
38.58757
36.57413
37.36939
36.56048
37.09373
38.63692
37.27154
34.65272
35.22531
37.08954
41.73101
39.95075
38.17731
39.84143
33.77168
32.20848
34.33104
35.89732
33.82998
33.56584
33.33444
26.29702
29.30929
27.81943
26.24355
28.08990
25.46194
25.83005
28.34300
24.70979
25.57590
26.03944
26.72713
26.12244
26.43916
28.44438
28.47627
27.34357
29.96918
28.97251
30.56440
29.18615
28.14677
29.71973
29.80038
30.05833
30.51173
29.10585
28.94828
30.59806
31.91915
29.52465
29.56687
29.40278
26.39566
27.44314
24.86790
25.93026
25.05968
29.78813
27.41714
26.78796
26.46154
28.44637
30.02092
26.08131
27.96984
27.35016
28.58885
28.37784
26.33044
28.00255
30.08362
30.16689
33.64000
32.15140
31.65078
29.92597
31.41563
30.29718
28.95591
26.41116
24.11210
26.76488
23.84610
25.73208
23.96771
32.74735
32.38925
30.26364
33.02055
33.31918
33.15882
28.16405
25.59848
25.63391
27.29122
26.66273
28.37079
28.49514
27.59396
30.96059
28.59575
26.30527
28.43997
27.68754
28.29357
28.14604
30.45284
32.80892
32.44051
34.63216
35.47467
36.94349
32.77498
34.09308
29.26833
26.44661
28.04809
27.71823
27.53236
26.84166
36.11996
36.63063
36.71769
36.84864
38.77973
36.27490
35.40124
35.06054
16.49133
16.98897
17.82664
17.13914
16.58438
17.92965
34.73944
36.62652
36.94036
35.06138
34.31641
32.63677
35.85086
37.70756
37.56020
36.80394
35.87113
35.24160
36.19220
36.33442
33.63075
36.48328
36.13842
34.12951
28.95391
26.92953
28.79908
28.99043
26.90878
38.90740
36.02537
35.03019
37.51381
38.96875
38.01462
34.84832
39.47986
27.51613
26.58328
27.69466
29.20283
28.45905
28.97768
26.77963
27.22712
27.12367
26.27999
27.10744
27.51889
26.49305
27.45758
26.40074
32.35486
32.50152
31.47215
28.28848
32.07582
31.76840
32.55379
30.22619
30.16873
34.85106
33.53775
28.09517
27.34273
31.87531
25.99988
30.31694
26.56142
28.45134
29.69015
27.85652
28.81803
27.84479
28.64065
29.44525
30.79948
29.39713
30.07731
32.42221
34.32315
34.39871
31.82543
32.16307
32.73312
30.59580
34.32382
32.37632
32.77312
35.85135
30.71937
30.89333
28.53545
27.82428
27.99838
28.53055
28.20401
29.79508
29.36028
27.27921
38.43551
38.29053
30.69387
30.77396
32.37289
30.31012
33.34290
32.29740
34.61006
33.36307
31.67609
32.31396
32.30451
37.04046
34.27695
34.51556
34.84082
34.29731
31.82118
31.53804
32.28345
33.23872
31.04831
29.06732
34.23525
31.60157
30.12994
31.50779
29.50760
30.87841
32.93121
34.72939
36.18904
34.93238
35.71074
35.97733
34.34899
33.52907
35.62139
35.56845
35.63958
37.25796
34.05910
34.42900
37.59247
34.69892
34.70596
35.72640
35.59037
37.20848
35.92605
32.74360
32.26538
34.91992
34.81929
31.10195
30.27176
29.29760
30.16273
36.63872
34.94319
34.47627
30.23038
30.19143
31.32590
32.79690
31.27788
30.53363
32.65014
33.86564
32.81475
30.49746
28.14019
29.19335
27.81398
26.23065
23.65287
21.96681
23.95367
23.72678
25.53305
25.00378
21.77519
22.72216
22.32856
22.59235
21.35238
20.28751
20.45685
22.32421
22.59343
21.60448
21.98658
20.52028
21.73125
21.04445
20.48439
21.79819
23.08530
23.48998
22.98256
22.27599
24.98686
24.34500
24.02230
23.47462
24.45553
22.48611
24.15711
24.70603
24.97226
24.54176
23.33919
24.28287
25.14893
25.73073
23.01489
19.25315
19.22923
18.58022
18.33631
19.97779
20.40658
18.41590
19.45085
19.98353
19.11053
21.45257
20.28436
26.46490
28.26542
26.15809
25.54836
25.65208
26.65616
24.35282
26.17653
27.08088
31.22227
29.63632
33.15342
31.17451
31.45820
31.81041
32.08113
32.82528
32.69960
30.59558
29.63382
28.49674
27.75541
30.17470
30.55241
29.50121
27.80189
24.91797
24.34166
23.59844
24.83801
22.36599
23.74406
24.43824
24.73876
25.54849
26.61091
26.29099
21.23003
20.35549
21.97140
22.40455
26.71394
23.87268
22.43897
23.76425
21.85729
24.75515
23.01641
24.08755
27.85092
29.04276
27.28567
28.20144
27.08398
26.75582
27.63918
28.87661
25.31288
24.29920
26.27664
33.50013
33.34373
33.13022
32.92078
31.75677
28.95164
29.59301
31.02326
29.47678
31.18261
31.74620
26.91645
27.31957
32.41775
31.10636
31.11635
31.61895
30.77214
29.92689
32.83967
34.06378
32.31404
31.76218
33.38541
24.61561
23.21373
24.90161
22.48599
22.93121
25.97645
27.88265
26.23390
26.87392
26.71630
25.35363
25.47938
27.47474
27.01900
25.94668
27.32841
24.68223
26.37903
27.60298
27.62600
26.94106
27.89063
27.91241
26.67342
27.31289
28.05087
33.89932
32.11421
33.37592
30.76453
32.45242
38.19863
38.34658
39.06517
35.44619
35.84700
33.63654
36.16735
36.78704
37.46899
35.62516
37.00950
37.03911
38.45755
35.37415
38.32859
38.30956
38.19975
31.01186
29.55920
31.90945
33.24837
35.69748
32.94435
34.18207
29.36708
28.69156
27.66451
31.60208
30.60105
31.10588
31.25908
32.17516
32.01470
31.23167
33.79155
31.92310
32.89223
34.81617
37.24854
31.73867
33.07328
34.60003
34.14285
33.37165
33.42690
40.01492
36.43059
37.46434
40.56544
36.32066
36.05082
38.29285
40.46462
41.36746
38.55588
37.39258
39.19748
36.31356
38.78431
39.88122
37.53827
37.17671
41.95157
39.04994
37.92291
39.28353
29.13026
30.86915
30.69252
31.27740
33.55639
29.09762
31.03210
33.10389
32.37747
30.01802
31.92696
29.64136
29.43666
26.55676
29.04962
28.77589
27.89452
27.79938
27.68939
27.64979
29.31689
28.68880
28.95262
33.43810
33.56093
31.42410
31.77856
31.22530
34.90619
36.97174
35.28043
31.11510
30.36028
31.53882
30.23888
35.03135
32.86791
33.29974
30.30879
31.55021
33.63854
31.44962
31.85828
34.12626
33.79176
33.63926
32.89270
34.33449
33.09727
36.21410
33.84997
36.32319
38.95337
37.61935
41.54934
40.76641
39.36597
37.08571
37.08807
36.79151
36.12080
38.64779
35.93694
34.84499
38.03258
40.97105
39.34866
39.09220
36.54716
41.20233
36.45190
36.78689
38.50322
28.23534
29.15614
27.95033
32.53128
33.69452
29.68712
29.50005
28.87680
29.50038
28.12800
29.67004
28.41988
29.03177
26.70330
29.61072
28.97304
27.96402
28.10641
38.36699
32.67076
34.33120
34.69489
31.19602
33.90294
34.63554
41.09261
39.42597
37.97301
38.90902
37.19096
39.02094
39.64112
40.61472
39.82059
38.99075
32.50695
30.66625
33.55518
32.29884
30.89195
36.77804
34.22718
34.92953
34.85797
39.41080
39.40725
37.66516
35.19668
39.09412
36.77951
39.05302
40.43957
41.47607
26.84360
29.81885
29.42321
29.02635
28.85363
28.89747
31.73064
29.29815
28.83697
31.31517
30.14541
27.59068
31.43384
31.82461
33.66149
32.73914
31.79354
31.88191
29.55533
31.08318
29.84400
30.67601
31.92152
31.42886
33.14118
35.01251
33.98309
30.54357
31.51621
28.78868
28.05424
28.96448
28.55372
25.88653
28.79945
27.60125
27.03903
28.27678
28.57218
27.20708
27.66869
28.68441
29.49051
37.19297
37.78616
36.72169
37.13809
37.14628
41.11138
32.35771
33.52020
31.74554
28.58876
30.21219
32.75890
37.81189
34.50022
35.32601
34.26624
35.53225
31.59570
32.94167
36.60535
35.22019
35.55424
41.46264
42.88227
41.01080
39.23472
38.27068
40.39294
41.69443
35.55092
36.40129
35.96325
38.30135
35.86202
33.88323
34.09273
32.74237
34.61848
33.21576
35.20869
31.71479
36.01773
32.60418
26.01911
27.03936
26.47029
28.37868
28.02240
26.97936
27.04261
26.60745
27.77064
25.16288
26.23805
24.17404
28.82449
26.71223
28.67071
23.51820
22.89874
21.28133
21.94385
23.86856
29.36427
27.94125
29.37337
29.19088
26.34365
26.59835
33.04562
31.74914
31.40093
31.84516
31.53131
33.46589
34.18715
31.42885
31.07330
27.56565
38.45804
38.89422
38.73369
37.03231
37.07053
32.88621
34.31697
35.48635
36.81918
37.69466
34.73799
34.32111
33.96276
34.29397
35.04317
34.37668
35.96841
37.85583
37.32944
37.47725
37.16577
36.29237
33.49747
34.81702
36.20505
35.66351
35.26942
34.17693
36.10579
35.78950
35.05813
33.03496
37.22344
33.75530
33.39210
31.24670
29.28645
31.60875
30.90054
31.29155
34.85538
31.56049
33.31822
30.68192
32.85756
28.40062
27.42575
27.88177
29.30878
28.80487
31.15754
28.86693
30.06196
30.05845
30.43302
27.05980
25.81643
25.54665
24.23072
24.60862
39.89251
39.50121
40.63650
39.34513
38.96621
26.48614
28.53405
27.83353
28.55505
27.15140
27.94617
30.98373
32.24922
25.41716
26.24513
27.98628
27.56562
27.26108
27.21131
25.91794
26.15608
28.21073
24.59650
28.04520
26.83990
28.50563
25.97273
26.15570
24.86339
27.77466
26.18687
25.44208
26.19759
27.87315
28.81648
25.93861
26.92923
29.01033
26.79629
27.40304
28.01775
31.78258
31.10378
33.77383
34.57649
31.04908
31.91064
32.65876
25.53825
27.59929
24.55750
26.39591
26.59942
25.32696
24.44360
24.40062
24.97524
26.06039
33.39663
33.38003
32.51220
34.09423
33.21751
35.57299
35.34121
38.34683
35.51989
37.03356
37.89919
27.78066
27.51677
28.08612
30.42969
25.93380
25.46331
26.23138
25.76243
25.68781
28.25232
27.42415
30.84625
32.19403
30.37971
31.50567
31.05698
31.39650
31.72966
28.69217
34.30623
33.53229
35.21049
33.04206
37.34126
31.65853
37.05992
37.43495
35.33663
35.82641
32.73392
33.91097
32.94152
32.08329
33.78179
32.68049
33.14446
36.02868
38.94771
38.27741
42.16321
38.92074
41.79820
41.41389
40.47431
38.96251
38.52239
39.43587
35.85234
34.15130
35.11729
34.17132
37.41509
35.72440
32.73310
33.18694
32.93106
32.29473
36.25667
34.08915
30.94996
35.86172
33.02086
35.07031
35.64854
37.58054
35.53013
37.07274
36.54132
35.56769
39.45895
38.83398
41.70760
41.15416
37.24999
35.47978
35.47116
35.31514
35.98493
35.24693
37.60377
39.55691
38.08055
36.05413
37.94647
41.11019
38.58971
39.50116
40.19618
30.68124
33.57322
33.17544
36.42488
35.03569
30.48992
38.39799
34.98219
37.09378
34.32138
37.83063
39.64008
37.42561
42.71944
41.51518
40.07394
38.46933
35.97156
36.66798
35.18394
35.30929
34.24057
34.01418
36.45264
37.82570
37.77925
37.00815
37.56886
39.38040
35.26644
33.43469
34.56896
35.74840
32.56327
32.91936
35.63683
33.11063
33.13506
37.53596
35.06239
33.69764
35.78627
35.96066
35.60807
37.80100
35.88705
35.33539
33.37809
33.10742
31.48082
32.74873
34.19852
32.77505
20.26381
19.62755
23.19822
20.28795
21.46766
20.33146
21.90817
20.81104
19.18352
22.16228
21.19406
25.78503
25.30547
26.78742
24.83504
25.74304
25.14293
27.44264
26.99517
27.63632
25.71126
28.11953
27.98441
27.83386
25.28876
25.34482
23.25633
22.08003
22.56996
21.33491
23.39248
21.40972
20.65726
23.59046
22.14387
24.11359
23.39558
24.75044
23.30262
23.19293
23.52858
22.63402
22.48054
23.25940
23.92944
25.19860
23.15276
24.55283
23.53765
23.94696
23.53304
24.96625
23.20060
22.44910
25.54245
23.30170
24.74844
24.69346
23.57076
23.57214
25.35844
22.81683
22.34614
24.15465
22.20628
23.06375
21.47295
20.78052
19.67339
19.45275
18.62440
23.59703
22.91317
22.02426
22.50562
22.56358
23.28590
22.30374
22.71464
21.63963
18.36202
18.61941
18.35550
18.68376
17.69394
17.59918
18.01003
17.59670
19.28852
21.77646
19.17561
20.18319
17.20156
17.66992
17.08694
16.88728
17.37984
17.60574
18.13504
18.15808
18.13744
19.62220
18.34857
16.82974
16.62735
17.13771
14.51741
16.61744
15.29947
15.89578
16.26320
15.30727
15.65873
15.86792
14.52712
13.94310
16.26816
16.33046
18.35600
17.98397
19.03326
20.95058
19.96190
20.83699
22.69987
21.46774
21.69783
20.42371
19.46727
26.91988
25.51411
24.57402
25.96149
25.82155
24.54452
28.51989
24.66327
25.29817
25.56098
29.03088
27.56215
25.58210
27.79987
28.10408
27.44708
27.60583
27.34488
28.94733
29.43179
30.94984
29.68691
32.17716
33.72648
33.02133
29.44605
32.02400
29.34403
29.80839
32.43341
31.18165
30.93323
31.04446
31.10396
18.80872
18.53989
18.75416
18.76243
18.63951
19.53232
21.18808
20.95386
20.87874
25.19142
25.11376
25.91231
28.77386
28.72742
29.18873
28.48965
27.21205
27.59053
28.47481
26.60615
26.89183
27.08529
27.56250
24.31858
22.77306
24.06240
26.40888
24.34985
24.13198
24.09381
23.94928
29.65864
29.32358
32.31357
29.83629
29.94376
30.57707
29.87018
28.17384
26.36721
27.66081
31.86530
29.41881
29.54615
28.72139
28.97453
28.73292
28.66657
27.94386
28.05819
27.31352
29.77448
26.68473
24.33266
26.59544
24.27119
24.28272
27.20999
25.74845
26.51642
25.95530
29.12449
27.18812
29.03466
27.69484
25.41749
23.78952
25.51048
26.09895
24.18882
24.90908
23.06032
25.92343
25.09005
24.14537
25.57761
24.10973
23.95698
26.12057
25.60464
25.09495
21.50455
19.22702
20.61205
23.09229
21.91654
23.37701
23.60106
24.74665
23.75936
23.12429
22.41704
21.19452
20.37103
22.93629
21.63271
22.07551
20.41960
24.15029
28.60875
27.51574
27.76516
26.63965
26.09216
21.72211
23.90928
21.86247
20.26795
19.06443
18.84954
19.74356
20.38223
19.44391
21.97219
19.66974
19.98301
19.72374
20.33675
25.94627
26.32028
26.92257
25.33121
27.47492
28.29450
26.60074
26.61254
27.42824
26.56809
26.43794
28.06762
25.57031
27.03446
25.94006
26.34350
25.37417
24.90046
26.15704
27.08442
26.89633
25.00491
21.96865
23.00190
20.94434
21.50916
22.08582
20.69859
21.61961
23.62471
21.76701
23.41836
23.73055
21.27748
20.95706
21.92497
19.66643
20.53623
22.11328
22.53493
22.73732
23.65653
27.64755
28.52078
28.79074
30.05445
27.31363
33.93288
33.87323
31.80520
31.78582
35.55673
28.75353
27.86208
28.60222
28.51506
33.68562
32.23752
32.33351
31.38782
33.30895
37.39075
34.93530
33.77986
34.23871
26.34470
28.21417
27.36912
28.57458
25.18052
24.25532
26.96706
23.67111
24.67719
26.53876
25.51728
27.75452
24.53660
25.51396
29.56735
28.93939
29.78562
30.47304
29.05657
30.07693
27.68271
27.41210
27.02796
25.66958
24.89905
24.28511
29.65221
31.33021
31.14239
32.49671
32.01188
30.99539
30.26473
33.99055
31.37694
31.24296
30.57200
32.18859
30.55055
33.50632
30.67344
27.00800
28.49394
29.77281
28.18011
26.55625
28.31551
27.31946
26.78445
27.17546
29.80427
30.30917
30.23943
32.80351
30.77120
30.77158
30.83807
32.41372
27.84743
32.26139
33.27127
31.65296
32.63458
27.50096
27.55361
30.08263
32.35038
31.66767
30.62273
29.94098
31.47886
33.16635
33.88527
30.67291
30.77827
32.48171
31.90375
31.08470
39.62233
41.27277
42.64132
38.89440
40.00096
38.43680
38.12427
42.35006
42.97529
40.42751
40.87899
38.30197
40.89826
42.46154
42.59940
45.66809
41.91761
45.17955
40.87083
41.20230
44.20707
46.38422
40.01993
40.48094
37.80996
39.47769
37.72125
39.47731
30.92068
34.44069
34.85012
35.33206
30.14749
34.64359
35.25367
32.72629
34.07070
32.92405
34.02430
35.78654
35.84158
34.20012
31.63053
29.67754
28.61775
27.83384
28.63007
29.80241
31.08167
28.88096
29.04077
29.09456
28.31836
26.60823
29.00481
28.81822
32.14789
30.30174
31.04973
30.83675
30.81506
29.91952
30.95881
29.54422
30.17884
32.37793
33.08651
33.98567
33.59458
32.95872
34.00882
34.62872
34.48957
32.48131
33.24295
34.93811
34.41648
32.62111
32.52660
31.16643
34.20288
34.75931
31.20143
31.58162
32.79612
32.98038
32.89602
31.16454
26.95694
27.37213
25.85812
26.90275
25.96210
25.02909
25.50339
25.65577
23.61815
23.75279
24.83512
25.84982
24.59462
26.43712
25.49355
26.06060
25.57754
27.78699
25.37265
29.68845
25.95970
27.02525
26.32800
26.80345
26.44682
26.86821
24.95057
25.99138
25.17566
24.78761
29.38801
30.65740
29.84049
29.37472
29.04706
31.00867
30.82360
25.80270
27.61207
26.67417
26.88247
25.81134
24.56687
26.58680
26.19266
26.75816
26.07828
26.48967
25.00306
25.90092
27.37989
22.26334
22.21665
21.89122
22.62374
21.22841
16.80200
18.33880
17.78878
15.10511
15.01573
26.12786
26.14591
30.52694
29.41135
28.60187
33.28208
28.08309
32.22728
31.74783
31.77273
28.27421
29.41365
28.23734
31.59088
28.18560
24.70566
23.27264
24.79079
23.09005
23.64671
25.22637
23.04579
22.48432
21.89885
23.62321
25.27967
20.96148
23.77943
23.43788
23.68279
23.78280
35.82566
37.86948
37.07637
35.03037
37.48949
33.74059
38.75742
39.81048
38.16337
25.62452
24.73914
22.47908
23.55445
23.92294
23.36153
27.55054
28.40663
27.87421
27.02725
30.22115
26.90120
27.82637
27.73486
28.37263
25.13680
27.33130
35.08954
35.43289
31.10255
31.13392
34.22736
34.93505
34.49808
35.72837
36.30782
33.94813
36.33760
32.96969
33.01814
33.23936
33.17920
30.93473
32.75314
30.57115
32.50283
32.94908
31.20869
30.76773
32.09605
31.35622
30.43211
31.35362
28.93819
31.62197
29.30260
27.36198
35.07430
35.53021
35.39446
35.03225
30.56865
33.84448
34.08516
37.82917
38.32119
37.92332
38.20754
40.89045
37.52409
33.74232
30.64009
32.69762
31.73849
32.60530
31.08558
32.46993
30.19836
27.97366
26.58075
37.34961
38.91742
36.39014
34.58338
37.30016
35.27406
39.37205
38.81753
34.38465
31.89472
34.74161
33.16671
29.99112
38.84534
41.73539
39.00135
40.98769
42.92265
40.81258
42.30148
43.72514
42.68634
32.26086
34.97414
34.39768
33.01065
35.85377
37.63063
34.69120
29.81984
35.56443
36.07091
33.27730
33.39440
34.50695
35.96312
37.16199
36.12912
38.92352
36.74254
39.36627
38.83345
37.36335
37.66374
39.56508
39.19496
33.50597
39.18087
30.86991
29.76549
32.14312
33.91655
35.38664
36.20364
35.37019
35.10589
32.88009
34.75483
34.59215
33.88349
34.82379
33.08686
34.36193
37.14434
32.79560
33.61991
32.41592
33.82043
33.26567
31.78380
30.10501
31.61836
32.60202
31.41469
36.31148
37.31468
36.02342
35.71697
32.15221
32.13586
31.05145
32.79540
30.83716
34.24179
35.13586
32.70107
33.66729
34.91410
32.41481
31.04670
33.49486
31.43258
33.49491
32.09031
30.66253
33.73690
32.50844
32.44503
33.26758
35.24060
30.88986
38.49950
38.38229
35.49184
36.08496
34.17236
34.22618
34.73429
31.39448
31.69234
30.91358
32.93623
27.96753
28.73049
31.90633
33.58071
31.59614
28.34409
33.19066
31.59214
37.25212
35.69150
35.29131
34.71433
37.17014
35.99176
32.09069
33.23786
31.53065
33.84943
33.19131
32.85589
33.54063
32.94545
34.82376
32.80448
32.44300
24.25156
23.40613
22.78313
23.00548
24.59200
22.31709
20.49781
22.89279
24.92091
21.49631
22.66609
23.95314
22.85268
31.95120
34.13651
32.46452
33.81256
29.40847
32.27482
33.10248
32.92011
34.83072
36.69178
35.38179
36.61135
36.73696
34.44421
34.89494
36.83080
34.83875
35.49962
33.94629
37.65133
36.53670
35.20182
34.05193
36.79298
34.65890
38.12046
37.95210
35.83564
36.62577
36.77677
37.48350
39.47374
35.14815
31.70313
29.94842
30.78996
32.95099
28.20485
26.43093
27.27403
25.60616
27.34172
27.51201
31.35117
32.81399
31.24995
27.78493
29.20132
34.43149
33.07474
32.82019
29.38919
30.25782
28.60006
28.69944
30.00568
32.24653
32.20450
29.48194
29.53865
26.92499
29.08218
31.27068
29.07013
27.82022
23.99657
24.74636
28.41216
25.81608
25.61518
28.00959
28.87289
26.68942
27.05841
29.47915
29.71464
28.89773
29.07382
28.12029
28.76707
28.27335
28.69841
28.82843
33.06601
32.25562
34.48961
32.91753
34.54962
31.73066
32.87612
36.67916
37.70096
41.10993
37.48300
40.07003
38.45572
42.38836
39.04649
38.51547
35.73326
35.87049
39.64794
39.35950
40.54521
38.12003
38.84030
38.49741
35.81306
36.01654
36.04745
37.25188
40.24011
35.88099
37.18832
40.68639
36.13232
35.43145
35.19822
33.73420
37.37346
37.27673
36.74694
32.70322
36.69961
36.13700
35.41377
37.49279
33.10710
32.85144
34.26857
35.49971
34.08284
35.20616
36.08785
33.41852
35.77867
35.70410
34.17317
32.99310
35.88550
36.65905
38.13491
39.41685
34.23084
36.93654
33.85100
36.21725
33.06716
33.89366
33.77354
33.87860
33.29100
32.44218
32.18914
33.29471
31.40854
33.11592
30.63381
29.61974
28.39316
30.68662
28.65320
27.88897
28.43723
27.98191
23.31435
23.27661
22.24622
20.79522
32.13901
28.73446
31.49925
31.36269
28.72958
29.22048
30.67258
28.28968
29.96535
33.04573
34.12903
33.92715
33.02458
34.64128
32.28185
34.55416
41.73864
44.29869
41.94335
34.89108
38.58528
32.53232
33.74428
34.83674
35.40041
36.95185
37.73136
33.83048
36.45662
36.87165
35.39553
35.53960
31.07684
32.89221
28.95397
27.29126
26.17867
27.04682
26.93805
37.34717
37.71845
38.57849
34.05581
34.48836
37.12394
36.29888
36.76781
36.87362
38.55887
37.92090
38.14171
