0.5136876
0.4937510
0.5308113
0.5048739
0.4845814
0.5267829
0.5206889
0.4867718
0.5148981
0.5142189
0.4923916
0.5038638
0.5192064
0.5239987
0.5379486
0.5017304
0.5016949
0.5223085
0.5036635
0.4720341
0.5065773
0.5119524
0.4677533
0.4982419
0.5254255
0.4621040
0.5319717
0.5223249
0.4947458
0.4652893
0.4848055
0.5012655
0.4836694
0.5214949
0.4826162
0.5010565
0.5187250
0.4712236
0.4947990
0.5282012
0.5136876
0.4937510
0.5308113
0.5048739
0.4845814
0.5267829
0.5206889
0.4867718
0.5148981
0.5142189
0.4923916
0.5038638
0.5192064
0.5239987
0.5379486
0.5017304
0.5016949
0.5223085
0.5036635
0.4720341
0.5065773
0.5119524
0.4677533
0.4982419
0.5254255
0.4621040
0.5319717
0.5223249
0.4947458
0.4652893
0.4848055
0.5012655
0.4836694
0.5214949
0.4826162
0.5010565
0.5187250
0.4712236
0.4947990
0.5282012
0.5136876
0.4937510
0.5308113
0.5048739
0.4845814
0.5267829
0.5206889
0.4867718
0.5148981
0.5142189
0.4923916
0.5038638
0.5192064
0.5239987
0.5379486
0.5017304
0.5016949
0.5223085
0.5036635
0.4720341
0.5065773
0.5119524
0.4677533
0.4982419
0.5254255
0.4621040
0.5319717
0.5223249
0.4947458
0.4652893
0.4848055
0.5012655
0.4836694
0.5214949
0.4826162
0.5010565
0.5187250
0.4712236
0.4947990
0.5282012
0.5136876
0.4937510
0.5308113
0.5048739
0.4845814
0.5267829
0.5206889
0.4867718
0.5148981
0.5142189
0.4923916
0.5038638
0.5192064
0.5239987
0.5379486
0.5017304
0.5016949
0.5223085
0.5036635
0.4720341
0.5065773
0.5119524
0.4677533
0.4982419
0.5254255
0.4621040
0.5319717
0.5223249
0.4947458
0.4652893
0.4848055
0.5012655
0.4836694
0.5214949
0.4826162
0.5010565
0.5187250
0.4712236
0.4947990
0.5282012
0.5136876
0.4937510
0.5308113
0.5048739
0.4845814
0.5267829
0.5206889
0.4867718
0.5148981
0.5142189
0.4923916
0.5038638
0.5192064
0.5239987
0.5379486
0.5017304
0.5016949
0.5223085
0.5036635
0.4720341
0.5065773
0.5119524
0.4677533
0.4982419
0.5254255
0.4621040
0.5319717
0.5223249
0.4947458
0.4652893
0.4848055
0.5012655
0.4836694
0.5214949
0.4826162
0.5010565
0.5187250
0.4712236
0.4947990
0.5282012
0.5136876
0.4937510
0.5308113
0.5048739
0.4845814
0.5267829
0.5206889
0.4867718
0.5148981
0.5142189
0.4923916
0.5038638
0.5192064
0.5239987
0.5379486
0.5017304
0.5016949
0.5223085
0.5036635
0.4720341
0.5065773
0.5119524
0.4677533
0.4982419
0.5254255
0.4621040
0.5319717
0.5223249
0.4947458
0.4652893
0.4848055
0.5012655
0.4836694
0.5214949
0.4826162
0.5010565
0.5187250
0.4712236
0.4947990
0.5282012
0.5136876
0.4937510
0.5308113
0.5048739
0.4845814
0.5267829
0.5206889
0.4867718
0.5148981
0.5142189
0.4923916
0.5038638
0.5192064
0.5239987
0.5379486
0.5017304
0.5016949
0.5223085
0.5036635
0.4720341
0.5065773
0.5119524
0.4677533
0.4982419
0.5254255
0.4621040
0.5319717
0.5223249
0.4947458
0.4652893
0.4848055
0.5012655
0.4836694
0.5214949
0.4826162
0.5010565
0.5187250
0.4712236
0.4947990
0.5282012
0.5136876
0.4937510
0.5308113
0.5048739
0.4845814
0.5267829
0.5206889
0.4867718
0.5148981
0.5142189
0.4923916
0.5038638
0.5192064
0.5239987
0.5379486
0.5017304
0.5016949
0.5223085
0.5036635
0.4720341
0.5065773
0.5119524
0.4677533
0.4982419
0.5254255
0.4621040
0.5319717
0.5223249
0.4947458
0.4652893
0.4848055
0.5012655
0.4836694
0.5214949
0.4826162
0.5010565
0.5187250
0.4712236
0.4947990
0.5282012
0.5136876
0.4937510
0.5308113
0.5048739
0.4845814
0.5267829
0.5206889
0.4867718
0.5148981
0.5142189
0.4923916
0.5038638
0.5192064
0.5239987
0.5379486
0.5017304
0.5016949
0.5223085
0.5036635
0.4720341
0.5065773
0.5119524
0.4677533
0.4982419
0.5254255
0.4621040
0.5319717
0.5223249
0.4947458
0.4652893
0.4848055
0.5012655
0.4836694
0.5214949
0.4826162
0.5010565
0.5187250
0.4712236
0.4947990
0.5282012
0.5136876
0.4937510
0.5308113
0.5048739
0.4845814
0.5267829
0.5206889
0.4867718
0.5148981
0.5142189
0.4923916
0.5038638
0.5192064
0.5239987
0.5379486
0.5017304
0.5016949
0.5223085
0.5036635
0.4720341
0.5065773
0.5119524
0.4677533
0.4982419
0.5254255
0.4621040
0.5319717
0.5223249
0.4947458
0.4652893
0.4848055
0.5012655
0.4836694
0.5214949
0.4826162
0.5010565
0.5187250
0.4712236
0.4947990
0.5282012
0.5136876
0.4937510
0.5308113
0.5048739
0.4845814
0.5267829
0.5206889
0.4867718
0.5148981
0.5142189
0.4923916
0.5038638
0.5192064
0.5239987
0.5379486
0.5017304
0.5016949
0.5223085
0.5036635
0.4720341
0.5065773
0.5119524
0.4677533
0.4982419
0.5254255
0.4621040
0.5319717
0.5223249
0.4947458
0.4652893
0.4848055
0.5012655
0.4836694
0.5214949
0.4826162
0.5010565
0.5187250
0.4712236
0.4947990
0.5282012
0.5136876
0.4937510
0.5308113
0.5048739
0.4845814
0.5267829
0.5206889
0.4867718
0.5148981
0.5142189
0.4923916
0.5038638
0.5192064
0.5239987
0.5379486
0.5017304
0.5016949
0.5223085
0.5036635
0.4720341
0.5065773
0.5119524
0.4677533
0.4982419
0.5254255
0.4621040
0.5319717
0.5223249
0.4947458
0.4652893
0.4848055
0.5012655
0.4836694
0.5214949
0.4826162
0.5010565
0.5187250
0.4712236
0.4947990
0.5282012
0.5136876
0.4937510
0.5308113
0.5048739
0.4845814
0.5267829
0.5206889
0.4867718
0.5148981
0.5142189
0.4923916
0.5038638
0.5192064
0.5239987
0.5379486
0.5017304
0.5016949
0.5223085
0.5036635
0.4720341
0.5065773
0.5119524
0.4677533
0.4982419
0.5254255
0.4621040
0.5319717
0.5223249
0.4947458
0.4652893
0.4848055
0.5012655
0.4836694
0.5214949
0.4826162
0.5010565
0.5187250
0.4712236
0.4947990
0.5282012
0.5136876
0.4937510
0.5308113
0.5048739
0.4845814
0.5267829
0.5206889
0.4867718
0.5148981
0.5142189
0.4923916
0.5038638
0.5192064
0.5239987
0.5379486
0.5017304
0.5016949
0.5223085
0.5036635
0.4720341
0.5065773
0.5119524
0.4677533
0.4982419
0.5254255
0.4621040
0.5319717
0.5223249
0.4947458
0.4652893
0.4848055
0.5012655
0.4836694
0.5214949
0.4826162
0.5010565
0.5187250
0.4712236
0.4947990
0.5282012
0.5136876
0.4937510
0.5308113
0.5048739
0.4845814
0.5267829
0.5206889
0.4867718
0.5148981
0.5142189
0.4923916
0.5038638
0.5192064
0.5239987
0.5379486
0.5017304
0.5016949
0.5223085
0.5036635
0.4720341
0.5065773
0.5119524
0.4677533
0.4982419
0.5254255
0.4621040
0.5319717
0.5223249
0.4947458
0.4652893
0.4848055
0.5012655
0.4836694
0.5214949
0.4826162
0.5010565
0.5187250
0.4712236
0.4947990
0.5282012
0.5136876
0.4937510
0.5308113
0.5048739
0.4845814
0.5267829
0.5206889
0.4867718
0.5148981
0.5142189
0.4923916
0.5038638
0.5192064
0.5239987
0.5379486
0.5017304
0.5016949
0.5223085
0.5036635
0.4720341
0.5065773
0.5119524
0.4677533
0.4982419
0.5254255
0.4621040
0.5319717
0.5223249
0.4947458
0.4652893
0.4848055
0.5012655
0.4836694
0.5214949
0.4826162
0.5010565
0.5187250
0.4712236
0.4947990
0.5282012
0.5136876
0.4937510
0.5308113
0.5048739
0.4845814
0.5267829
0.5206889
0.4867718
0.5148981
0.5142189
0.4923916
0.5038638
0.5192064
0.5239987
0.5379486
0.5017304
0.5016949
0.5223085
0.5036635
0.4720341
0.5065773
0.5119524
0.4677533
0.4982419
0.5254255
0.4621040
0.5319717
0.5223249
0.4947458
0.4652893
0.4848055
0.5012655
0.4836694
0.5214949
0.4826162
0.5010565
0.5187250
0.4712236
0.4947990
0.5282012
0.5136876
0.4937510
0.5308113
0.5048739
0.4845814
0.5267829
0.5206889
0.4867718
0.5148981
0.5142189
0.4923916
0.5038638
0.5192064
0.5239987
0.5379486
0.5017304
0.5016949
0.5223085
0.5036635
0.4720341
0.5065773
0.5119524
0.4677533
0.4982419
0.5254255
0.4621040
0.5319717
0.5223249
0.4947458
0.4652893
0.4848055
0.5012655
0.4836694
0.5214949
0.4826162
0.5010565
0.5187250
0.4712236
0.4947990
0.5282012
0.5136876
0.4937510
0.5308113
0.5048739
0.4845814
0.5267829
0.5206889
0.4867718
0.5148981
0.5142189
0.4923916
0.5038638
0.5192064
0.5239987
0.5379486
0.5017304
0.5016949
0.5223085
0.5036635
0.4720341
0.5065773
0.5119524
0.4677533
0.4982419
0.5254255
0.4621040
0.5319717
0.5223249
0.4947458
0.4652893
0.4848055
0.5012655
0.4836694
0.5214949
0.4826162
0.5010565
0.5187250
0.4712236
0.4947990
0.5282012
0.5136876
0.4937510
0.5308113
0.5048739
0.4845814
0.5267829
0.5206889
0.4867718
0.5148981
0.5142189
0.4923916
0.5038638
0.5192064
0.5239987
0.5379486
0.5017304
0.5016949
0.5223085
0.5036635
0.4720341
0.5065773
0.5119524
0.4677533
0.4982419
0.5254255
0.4621040
0.5319717
0.5223249
0.4947458
0.4652893
0.4848055
0.5012655
0.4836694
0.5214949
0.4826162
0.5010565
0.5187250
0.4712236
0.4947990
0.5282012
0.5136876
0.4937510
0.5308113
0.5048739
0.4845814
0.5267829
0.5206889
0.4867718
0.5148981
0.5142189
0.4923916
0.5038638
0.5192064
0.5239987
0.5379486
0.5017304
0.5016949
0.5223085
0.5036635
0.4720341
0.5065773
0.5119524
0.4677533
0.4982419
0.5254255
0.4621040
0.5319717
0.5223249
0.4947458
0.4652893
0.4848055
0.5012655
0.4836694
0.5214949
0.4826162
0.5010565
0.5187250
0.4712236
0.4947990
0.5282012
0.5136876
0.4937510
0.5308113
0.5048739
0.4845814
0.5267829
0.5206889
0.4867718
0.5148981
0.5142189
0.4923916
0.5038638
0.5192064
0.5239987
0.5379486
0.5017304
0.5016949
0.5223085
0.5036635
0.4720341
0.5065773
0.5119524
0.4677533
0.4982419
0.5254255
0.4621040
0.5319717
0.5223249
0.4947458
0.4652893
0.4848055
0.5012655
0.4836694
0.5214949
0.4826162
0.5010565
0.5187250
0.4712236
0.4947990
0.5282012
0.5136876
0.4937510
0.5308113
0.5048739
0.4845814
0.5267829
0.5206889
0.4867718
0.5148981
0.5142189
0.4923916
0.5038638
0.5192064
0.5239987
0.5379486
0.5017304
0.5016949
0.5223085
0.5036635
0.4720341
0.5065773
0.5119524
0.4677533
0.4982419
0.5254255
0.4621040
0.5319717
0.5223249
0.4947458
0.4652893
0.4848055
0.5012655
0.4836694
0.5214949
0.4826162
0.5010565
0.5187250
0.4712236
0.4947990
0.5282012
0.5136876
0.4937510
0.5308113
0.5048739
0.4845814
0.5267829
0.5206889
0.4867718
0.5148981
0.5142189
0.4923916
0.5038638
0.5192064
0.5239987
0.5379486
0.5017304
0.5016949
0.5223085
0.5036635
0.4720341
0.5065773
0.5119524
0.4677533
0.4982419
0.5254255
0.4621040
0.5319717
0.5223249
0.4947458
0.4652893
0.4848055
0.5012655
0.4836694
0.5214949
0.4826162
0.5010565
0.5187250
0.4712236
0.4947990
0.5282012
0.5136876
0.4937510
0.5308113
0.5048739
0.4845814
0.5267829
0.5206889
0.4867718
0.5148981
0.5142189
0.4923916
0.5038638
0.5192064
0.5239987
0.5379486
0.5017304
0.5016949
0.5223085
0.5036635
0.4720341
0.5065773
0.5119524
0.4677533
0.4982419
0.5254255
0.4621040
0.5319717
0.5223249
0.4947458
0.4652893
0.4848055
0.5012655
0.4836694
0.5214949
0.4826162
0.5010565
0.5187250
0.4712236
0.4947990
0.5282012
0.5136876
0.4937510
0.5308113
0.5048739
0.4845814
0.5267829
0.5206889
0.4867718
0.5148981
0.5142189
0.4923916
0.5038638
0.5192064
0.5239987
0.5379486
0.5017304
0.5016949
0.5223085
0.5036635
0.4720341
0.5065773
0.5119524
0.4677533
0.4982419
0.5254255
0.4621040
0.5319717
0.5223249
0.4947458
0.4652893
0.4848055
0.5012655
0.4836694
0.5214949
0.4826162
0.5010565
0.5187250
0.4712236
0.4947990
0.5282012
0.5136876
0.4937510
0.5308113
0.5048739
0.4845814
0.5267829
0.5206889
0.4867718
0.5148981
0.5142189
0.4923916
0.5038638
0.5192064
0.5239987
0.5379486
0.5017304
0.5016949
0.5223085
0.5036635
0.4720341
0.5065773
0.5119524
0.4677533
0.4982419
0.5254255
0.4621040
0.5319717
0.5223249
0.4947458
0.4652893
0.4848055
0.5012655
0.4836694
0.5214949
0.4826162
0.5010565
0.5187250
0.4712236
0.4947990
0.5282012
0.5136876
0.4937510
0.5308113
0.5048739
0.4845814
0.5267829
0.5206889
0.4867718
0.5148981
0.5142189
0.4923916
0.5038638
0.5192064
0.5239987
0.5379486
0.5017304
0.5016949
0.5223085
0.5036635
0.4720341
0.5065773
0.5119524
0.4677533
0.4982419
0.5254255
0.4621040
0.5319717
0.5223249
0.4947458
0.4652893
0.4848055
0.5012655
0.4836694
0.5214949
0.4826162
0.5010565
0.5187250
0.4712236
0.4947990
0.5282012
0.5136876
0.4937510
0.5308113
0.5048739
0.4845814
0.5267829
0.5206889
0.4867718
0.5148981
0.5142189
0.4923916
0.5038638
0.5192064
0.5239987
0.5379486
0.5017304
0.5016949
0.5223085
0.5036635
0.4720341
0.5065773
0.5119524
0.4677533
0.4982419
0.5254255
0.4621040
0.5319717
0.5223249
0.4947458
0.4652893
0.4848055
0.5012655
0.4836694
0.5214949
0.4826162
0.5010565
0.5187250
0.4712236
0.4947990
0.5282012
0.5136876
0.4937510
0.5308113
0.5048739
0.4845814
0.5267829
0.5206889
0.4867718
0.5148981
0.5142189
0.4923916
0.5038638
0.5192064
0.5239987
0.5379486
0.5017304
0.5016949
0.5223085
0.5036635
0.4720341
0.5065773
0.5119524
0.4677533
0.4982419
0.5254255
0.4621040
0.5319717
0.5223249
0.4947458
0.4652893
0.4848055
0.5012655
0.4836694
0.5214949
0.4826162
0.5010565
0.5187250
0.4712236
0.4947990
0.5282012
0.5136876
0.4937510
0.5308113
0.5048739
0.4845814
0.5267829
0.5206889
0.4867718
0.5148981
0.5142189
0.4923916
0.5038638
0.5192064
0.5239987
0.5379486
0.5017304
0.5016949
0.5223085
0.5036635
0.4720341
0.5065773
0.5119524
0.4677533
0.4982419
0.5254255
0.4621040
0.5319717
0.5223249
0.4947458
0.4652893
0.4848055
0.5012655
0.4836694
0.5214949
0.4826162
0.5010565
0.5187250
0.4712236
0.4947990
0.5282012
0.5136876
0.4937510
0.5308113
0.5048739
0.4845814
0.5267829
0.5206889
0.4867718
0.5148981
0.5142189
0.4923916
0.5038638
0.5192064
0.5239987
0.5379486
0.5017304
0.5016949
0.5223085
0.5036635
0.4720341
0.5065773
0.5119524
0.4677533
0.4982419
0.5254255
0.4621040
0.5319717
0.5223249
0.4947458
0.4652893
0.4848055
0.5012655
0.4836694
0.5214949
0.4826162
0.5010565
0.5187250
0.4712236
0.4947990
0.5282012
0.5136876
0.4937510
0.5308113
0.5048739
0.4845814
0.5267829
0.5206889
0.4867718
0.5148981
0.5142189
0.4923916
0.5038638
0.5192064
0.5239987
0.5379486
0.5017304
0.5016949
0.5223085
0.5036635
0.4720341
0.5065773
0.5119524
0.4677533
0.4982419
0.5254255
0.4621040
0.5319717
0.5223249
0.4947458
0.4652893
0.4848055
0.5012655
0.4836694
0.5214949
0.4826162
0.5010565
0.5187250
0.4712236
0.4947990
0.5282012
0.5136876
0.4937510
0.5308113
0.5048739
0.4845814
0.5267829
0.5206889
0.4867718
0.5148981
0.5142189
0.4923916
0.5038638
0.5192064
0.5239987
0.5379486
0.5017304
0.5016949
0.5223085
0.5036635
0.4720341
0.5065773
0.5119524
0.4677533
0.4982419
0.5254255
0.4621040
0.5319717
0.5223249
0.4947458
0.4652893
0.4848055
0.5012655
0.4836694
0.5214949
0.4826162
0.5010565
0.5187250
0.4712236
0.4947990
0.5282012
0.5136876
0.4937510
0.5308113
0.5048739
0.4845814
0.5267829
0.5206889
0.4867718
0.5148981
0.5142189
0.4923916
0.5038638
0.5192064
0.5239987
0.5379486
0.5017304
0.5016949
0.5223085
0.5036635
0.4720341
0.5065773
0.5119524
0.4677533
0.4982419
0.5254255
0.4621040
0.5319717
0.5223249
0.4947458
0.4652893
0.4848055
0.5012655
0.4836694
0.5214949
0.4826162
0.5010565
0.5187250
0.4712236
0.4947990
0.5282012
0.5136876
0.4937510
0.5308113
0.5048739
0.4845814
0.5267829
0.5206889
0.4867718
0.5148981
0.5142189
0.4923916
0.5038638
0.5192064
0.5239987
0.5379486
0.5017304
0.5016949
0.5223085
0.5036635
0.4720341
0.5065773
0.5119524
0.4677533
0.4982419
0.5254255
0.4621040
0.5319717
0.5223249
0.4947458
0.4652893
0.4848055
0.5012655
0.4836694
0.5214949
0.4826162
0.5010565
0.5187250
0.4712236
0.4947990
0.5282012
0.5136876
0.4937510
0.5308113
0.5048739
0.4845814
0.5267829
0.5206889
0.4867718
0.5148981
0.5142189
0.4923916
0.5038638
0.5192064
0.5239987
0.5379486
0.5017304
0.5016949
0.5223085
0.5036635
0.4720341
0.5065773
0.5119524
0.4677533
0.4982419
0.5254255
0.4621040
0.5319717
0.5223249
0.4947458
0.4652893
0.4848055
0.5012655
0.4836694
0.5214949
0.4826162
0.5010565
0.5187250
0.4712236
0.4947990
0.5282012
0.5136876
0.4937510
0.5308113
0.5048739
0.4845814
0.5267829
0.5206889
0.4867718
0.5148981
0.5142189
0.4923916
0.5038638
0.5192064
0.5239987
0.5379486
0.5017304
0.5016949
0.5223085
0.5036635
0.4720341
0.5065773
0.5119524
0.4677533
0.4982419
0.5254255
0.4621040
0.5319717
0.5223249
0.4947458
0.4652893
0.4848055
0.5012655
0.4836694
0.5214949
0.4826162
0.5010565
0.5187250
0.4712236
0.4947990
0.5282012
0.5136876
0.4937510
0.5308113
0.5048739
0.4845814
0.5267829
0.5206889
0.4867718
0.5148981
0.5142189
0.4923916
0.5038638
0.5192064
0.5239987
0.5379486
0.5017304
0.5016949
0.5223085
0.5036635
0.4720341
0.5065773
0.5119524
0.4677533
0.4982419
0.5254255
0.4621040
0.5319717
0.5223249
0.4947458
0.4652893
0.4848055
0.5012655
0.4836694
0.5214949
0.4826162
0.5010565
0.5187250
0.4712236
0.4947990
0.5282012
0.5136876
0.4937510
0.5308113
0.5048739
0.4845814
0.5267829
0.5206889
0.4867718
0.5148981
0.5142189
0.4923916
0.5038638
0.5192064
0.5239987
0.5379486
0.5017304
0.5016949
0.5223085
0.5036635
0.4720341
0.5065773
0.5119524
0.4677533
0.4982419
0.5254255
0.4621040
0.5319717
0.5223249
0.4947458
0.4652893
0.4848055
0.5012655
0.4836694
0.5214949
0.4826162
0.5010565
0.5187250
0.4712236
0.4947990
0.5282012
0.5136876
0.4937510
0.5308113
0.5048739
0.4845814
0.5267829
0.5206889
0.4867718
0.5148981
0.5142189
0.4923916
0.5038638
0.5192064
0.5239987
0.5379486
0.5017304
0.5016949
0.5223085
0.5036635
0.4720341
0.5065773
0.5119524
0.4677533
0.4982419
0.5254255
0.4621040
0.5319717
0.5223249
0.4947458
0.4652893
0.4848055
0.5012655
0.4836694
0.5214949
0.4826162
0.5010565
0.5187250
0.4712236
0.4947990
0.5282012
0.5136876
0.4937510
0.5308113
0.5048739
0.4845814
0.5267829
0.5206889
0.4867718
0.5148981
0.5142189
0.4923916
0.5038638
0.5192064
0.5239987
0.5379486
0.5017304
0.5016949
0.5223085
0.5036635
0.4720341
0.5065773
0.5119524
0.4677533
0.4982419
0.5254255
0.4621040
0.5319717
0.5223249
0.4947458
0.4652893
0.4848055
0.5012655
0.4836694
0.5214949
0.4826162
0.5010565
0.5187250
0.4712236
0.4947990
0.5282012
0.5136876
0.4937510
0.5308113
0.5048739
0.4845814
0.5267829
0.5206889
0.4867718
0.5148981
0.5142189
0.4923916
0.5038638
0.5192064
0.5239987
0.5379486
0.5017304
0.5016949
0.5223085
0.5036635
0.4720341
0.5065773
0.5119524
0.4677533
0.4982419
0.5254255
0.4621040
0.5319717
0.5223249
0.4947458
0.4652893
0.4848055
0.5012655
0.4836694
0.5214949
0.4826162
0.5010565
0.5187250
0.4712236
0.4947990
0.5282012
0.5136876
0.4937510
0.5308113
0.5048739
0.4845814
0.5267829
0.5206889
0.4867718
0.5148981
0.5142189
0.4923916
0.5038638
0.5192064
0.5239987
0.5379486
0.5017304
0.5016949
0.5223085
0.5036635
0.4720341
0.5065773
0.5119524
0.4677533
0.4982419
0.5254255
0.4621040
0.5319717
0.5223249
0.4947458
0.4652893
0.4848055
0.5012655
0.4836694
0.5214949
0.4826162
0.5010565
0.5187250
0.4712236
0.4947990
0.5282012
0.5136876
0.4937510
0.5308113
0.5048739
0.4845814
0.5267829
0.5206889
0.4867718
0.5148981
0.5142189
0.4923916
0.5038638
0.5192064
0.5239987
0.5379486
0.5017304
0.5016949
0.5223085
0.5036635
0.4720341
0.5065773
0.5119524
0.4677533
0.4982419
0.5254255
0.4621040
0.5319717
0.5223249
0.4947458
0.4652893
0.4848055
0.5012655
0.4836694
0.5214949
0.4826162
0.5010565
0.5187250
0.4712236
0.4947990
0.5282012
0.5136876
0.4937510
0.5308113
0.5048739
0.4845814
0.5267829
0.5206889
0.4867718
0.5148981
0.5142189
0.4923916
0.5038638
0.5192064
0.5239987
0.5379486
0.5017304
0.5016949
0.5223085
0.5036635
0.4720341
0.5065773
0.5119524
0.4677533
0.4982419
0.5254255
0.4621040
0.5319717
0.5223249
0.4947458
0.4652893
0.4848055
0.5012655
0.4836694
0.5214949
0.4826162
0.5010565
0.5187250
0.4712236
0.4947990
0.5282012
0.5136876
0.4937510
0.5308113
0.5048739
0.4845814
0.5267829
0.5206889
0.4867718
0.5148981
0.5142189
0.4923916
0.5038638
0.5192064
0.5239987
0.5379486
0.5017304
0.5016949
0.5223085
0.5036635
0.4720341
0.5065773
0.5119524
0.4677533
0.4982419
0.5254255
0.4621040
0.5319717
0.5223249
0.4947458
0.4652893
0.4848055
0.5012655
0.4836694
0.5214949
0.4826162
0.5010565
0.5187250
0.4712236
0.4947990
0.5282012
0.5136876
0.4937510
0.5308113
0.5048739
0.4845814
0.5267829
0.5206889
0.4867718
0.5148981
0.5142189
0.4923916
0.5038638
0.5192064
0.5239987
0.5379486
0.5017304
0.5016949
0.5223085
0.5036635
0.4720341
0.5065773
0.5119524
0.4677533
0.4982419
0.5254255
0.4621040
0.5319717
0.5223249
0.4947458
0.4652893
0.4848055
0.5012655
0.4836694
0.5214949
0.4826162
0.5010565
0.5187250
0.4712236
0.4947990
0.5282012
0.5136876
0.4937510
0.5308113
0.5048739
0.4845814
0.5267829
0.5206889
0.4867718
0.5148981
0.5142189
0.4923916
0.5038638
0.5192064
0.5239987
0.5379486
0.5017304
0.5016949
0.5223085
0.5036635
0.4720341
0.5065773
0.5119524
0.4677533
0.4982419
0.5254255
0.4621040
0.5319717
0.5223249
0.4947458
0.4652893
0.4848055
0.5012655
0.4836694
0.5214949
0.4826162
0.5010565
0.5187250
0.4712236
0.4947990
0.5282012
0.5136876
0.4937510
0.5308113
0.5048739
0.4845814
0.5267829
0.5206889
0.4867718
0.5148981
0.5142189
0.4923916
0.5038638
0.5192064
0.5239987
0.5379486
0.5017304
0.5016949
0.5223085
0.5036635
0.4720341
0.5065773
0.5119524
0.4677533
0.4982419
0.5254255
0.4621040
0.5319717
0.5223249
0.4947458
0.4652893
0.4848055
0.5012655
0.4836694
0.5214949
0.4826162
0.5010565
0.5187250
0.4712236
0.4947990
0.5282012
