13.410111
14.714254
14.027668
14.048770
13.990553
13.823801
14.192144
15.560564
14.896540
15.468393
14.749640
16.153047
15.400512
15.238574
15.196918
14.815896
15.035615
14.980598
14.967095
14.074142
15.276254
14.634742
14.551984
13.690192
14.903917
14.574145
14.003368
14.865915
13.741428
13.430555
15.582500
14.102869
14.468893
14.677695
15.296532
16.027579
15.036645
15.360733
16.125807
16.234515
14.933174
15.947003
15.018405
15.326848
14.081799
14.139549
12.822265
13.233974
13.397621
13.053234
13.542579
14.605881
14.957745
14.908634
15.433005
15.708131
16.109343
16.080119
16.823502
17.493412
17.725053
17.612731
16.740006
15.956559
15.366761
15.500212
15.749171
13.350843
12.873269
14.982636
13.677014
13.439325
13.848808
14.329881
13.630433
14.028504
15.241219
15.873320
15.839193
16.375929
15.907823
16.651609
15.693279
15.862528
16.313933
15.637668
16.200771
16.869673
16.842663
15.995137
16.755077
17.035242
17.430725
16.783873
17.621004
16.633902
17.402670
17.011528
16.922138
16.857541
18.305081
17.999457
16.664071
15.912898
16.650637
14.456291
16.959853
16.053457
16.729290
15.033130
16.027028
15.096992
14.566586
14.188428
14.372411
14.803866
15.006594
14.547331
15.500975
15.944908
17.007126
12.045170
11.692806
13.045116
11.797897
13.930343
12.856716
14.076678
14.401330
13.633834
14.374853
14.267064
13.923423
14.043277
11.611507
11.445293
12.187179
11.935359
16.214760
14.802298
14.907129
14.048679
12.665360
12.842442
13.818896
12.827191
12.243611
12.508409
11.585510
11.090209
10.604350
11.649977
12.067957
11.356761
13.241436
12.637559
12.049031
13.163736
13.709471
11.587484
11.585899
11.892441
10.404147
11.849135
10.397391
10.024964
10.772921
10.121698
11.279538
10.865627
10.781709
10.809975
11.003399
10.225920
11.180160
19.232174
18.737181
17.441756
17.225950
18.775393
17.700658
16.300408
17.755239
17.042169
17.710354
25.113823
25.908926
23.045045
25.636454
24.043800
26.567804
25.552211
26.047573
23.642728
22.691664
22.558028
23.011579
21.047136
24.450541
22.915364
24.756077
23.165660
23.452199
24.845806
23.569092
23.740470
23.824680
23.286190
25.503966
24.279646
22.853197
22.130996
22.890410
22.820931
23.331474
23.371637
23.142105
19.473748
18.996285
20.348912
17.000226
17.324867
17.203034
17.942008
15.536402
16.469123
16.599315
14.988315
16.432177
16.897975
15.434060
17.706299
16.834538
16.824281
17.463483
17.852818
20.348263
18.844196
19.414570
19.548705
20.143220
19.199241
20.430870
17.466430
16.500761
16.822091
17.855001
15.295544
17.640211
17.218264
16.847941
19.533865
20.559325
19.004836
20.615962
19.392943
20.025571
18.282058
17.900183
18.233192
16.753676
18.923313
19.040256
19.874175
19.845308
20.457441
19.196682
20.039549
19.586823
21.072829
20.551679
21.063694
20.194274
21.289815
20.349159
18.843410
20.074779
20.014453
21.396171
19.309384
 9.376845
15.100183
14.773048
13.794416
13.242985
13.998772
14.243617
14.827535
14.596690
14.177671
14.887451
14.711163
14.195362
14.147633
13.822373
13.914213
14.862406
14.602138
14.496844
13.413641
13.083225
14.143411
13.871785
13.141648
12.759474
15.045826
13.371555
13.637617
13.135234
12.791164
13.063802
13.172803
12.329832
11.438801
11.160817
11.432965
11.336769
12.444760
12.125991
11.510446
12.625008
11.343788
 9.931694
11.305475
11.865803
11.720443
11.636366
11.068188
11.707052
12.593663
12.077408
10.317556
11.636466
12.137818
11.834876
11.888589
10.736719
10.601996
 9.377176
10.171577
 9.885910
10.392005
 9.553720
 9.627864
10.140523
10.158456
10.504934
14.189650
14.043898
13.687879
14.493696
14.935637
14.980141
13.978600
14.736751
14.511837
15.417548
14.527522
14.168399
15.051215
14.944204
14.621114
15.731269
16.861493
16.733050
16.945500
18.101817
17.639246
18.143224
17.096720
17.429864
17.187995
18.285492
16.449365
16.266123
15.964757
17.058876
15.568873
16.488194
15.744852
15.664876
15.364975
15.938002
16.248653
15.890910
14.844263
16.357706
15.717405
15.380190
15.203644
15.809919
15.347305
15.564231
16.955707
16.599906
17.649495
15.375980
16.256776
16.474750
16.821503
16.507799
14.155846
16.313005
17.386262
16.301251
15.751439
24.888778
24.324708
23.530573
23.107018
23.882424
22.174530
23.016557
22.432815
22.559655
21.419732
20.231066
21.451169
21.939224
20.930318
22.372443
23.569435
24.337820
22.809870
21.598902
22.363152
21.319204
21.620524
22.399397
20.458620
19.896426
20.293246
19.865882
19.052500
19.220386
21.063499
19.585914
18.806565
19.365733
19.562159
19.833654
19.317859
20.019628
19.111168
18.193465
16.836227
17.533748
17.912735
16.919165
18.520705
17.663161
19.248273
18.095879
19.253889
17.999863
20.157940
20.471813
20.812431
20.300007
19.509556
20.138096
17.120893
16.016295
17.227440
15.777978
16.156110
16.910551
16.791224
17.668053
15.928094
16.173841
17.189455
16.767730
16.511663
15.792800
18.534472
17.871814
18.166831
17.629721
18.486725
17.808307
17.678763
13.278901
14.109580
13.883047
14.290025
12.995117
15.726201
15.501996
15.598122
15.235233
14.332541
15.478569
15.353694
15.945040
15.712157
12.963054
13.575055
13.354883
14.527388
15.998038
15.590363
15.073147
14.614040
15.030109
14.327238
14.742433
15.255074
15.790971
14.243349
15.644432
15.405347
16.022977
15.250728
13.521479
12.740811
16.930058
17.031082
16.648411
18.057899
17.135938
17.639648
17.816021
16.709025
17.474758
15.003226
17.252479
19.736849
19.534672
18.417895
17.998843
19.259100
19.328569
21.073161
22.152731
20.905565
20.588688
19.635047
18.820476
20.170183
21.183741
19.677608
20.257935
19.631914
19.340910
18.190528
18.773804
19.648296
19.765585
20.257766
20.824730
19.884063
20.674121
21.404539
20.536195
20.817663
22.684689
21.684964
23.713952
13.774263
13.496345
13.582806
13.187800
15.573923
17.018243
16.362051
17.420942
16.973222
18.777050
18.098448
18.597682
19.892990
18.498410
19.233100
19.505674
19.366486
20.163202
18.353588
19.318095
16.959710
17.351025
16.527466
18.530832
17.028025
16.670886
17.114715
19.189659
18.838518
20.159870
20.402347
20.517099
20.623611
19.828384
18.062447
21.167039
20.045436
21.420568
18.041094
17.773580
17.072853
17.709964
19.053591
18.188423
18.401163
19.405071
17.182118
18.273516
18.345610
22.929917
22.963668
22.538104
22.523521
21.498335
23.058361
22.933983
22.762891
18.788604
18.457190
19.630512
19.101138
17.666026
19.920085
20.052469
19.025798
20.126615
18.910386
19.807959
20.131809
19.959329
19.734622
20.279265
19.013522
19.655031
20.764263
18.560342
19.154755
19.222268
18.397830
17.542299
19.109910
18.008715
17.835110
19.014514
20.671912
19.858438
20.476056
23.220078
23.163826
23.562077
22.235873
20.849918
24.538064
22.716628
24.089315
23.131185
20.830557
19.027498
19.155263
20.922375
20.297623
20.017964
22.559020
21.583245
22.821235
23.790203
21.245759
22.137394
18.951050
19.152283
18.719161
19.933163
19.058026
18.256557
18.774210
18.424340
16.863865
18.309531
17.726084
20.637753
14.003994
13.594704
16.029267
14.632849
14.536518
15.749826
15.511751
15.998334
15.074798
16.080030
17.827690
13.944638
14.562221
14.783737
14.603982
15.453643
13.850000
13.816972
15.083169
14.365549
15.754308
15.142492
15.744652
15.790844
16.741930
16.417414
14.943804
16.357403
15.320164
16.295091
15.382083
14.346307
15.835918
16.869757
16.851381
17.076510
16.445095
15.976091
15.527298
17.801570
15.440695
14.836892
14.799644
18.751673
18.354711
17.199997
17.736942
18.053263
18.192130
18.513865
17.819247
18.620430
18.324103
18.493358
17.933985
17.175325
17.718520
16.942715
17.255478
16.685942
17.401352
17.959210
18.942207
19.193992
18.018659
19.594658
20.121126
19.186068
19.249535
18.949212
19.630179
20.743435
20.500362
20.608069
20.203638
20.636195
20.439026
20.988688
21.031266
20.069008
21.062981
22.602011
22.389267
22.384000
21.781597
23.085000
23.015963
19.710445
21.023831
21.147279
22.883766
20.554032
21.873975
20.818914
22.971303
20.150681
21.346645
21.156460
21.398824
21.191269
20.579439
20.693041
22.221432
20.796448
22.019020
21.403144
21.150370
20.437798
20.884612
20.465305
20.145747
20.719007
21.813377
20.231363
19.783908
19.210002
18.151158
20.501998
21.518305
19.974690
20.566931
19.659269
19.861473
18.821099
19.756241
18.624130
20.333027
20.059076
20.695923
21.143793
19.566985
19.327023
18.223721
17.930977
18.937519
19.181898
18.587552
19.315461
19.171819
18.223319
19.165527
18.307108
19.704706
19.095076
18.760329
18.839983
15.248665
15.623364
15.403359
16.592356
15.172027
15.504800
19.043749
21.259644
20.740097
21.168996
21.324437
19.312402
21.424132
17.840473
16.104377
16.180925
16.567346
17.670730
16.657163
17.828355
16.899212
17.563950
16.698295
16.099892
15.824950
16.330090
17.694358
17.667979
16.865498
18.224797
17.375683
17.452158
17.739190
17.627333
18.544028
17.046274
18.387047
16.982287
17.387832
18.652969
17.830166
18.240503
17.704657
17.275928
18.720123
18.567936
17.295392
17.809823
18.565478
18.726818
18.957308
17.306482
18.124705
17.134780
17.542140
19.426564
20.373323
19.004358
18.291543
19.423779
20.132752
20.621553
21.967815
21.395039
19.182269
20.252869
19.849795
20.333309
19.562004
18.876633
20.097062
20.331612
19.907012
18.668182
19.729670
18.399717
17.105822
18.164609
17.341631
16.399831
16.667251
18.097239
16.172618
16.544535
16.800081
16.967229
15.809953
17.702548
18.234928
17.527279
15.313553
16.689424
18.700140
17.268543
19.576962
17.908531
18.089629
18.284529
19.459400
17.502719
18.276970
18.445866
18.734953
18.829078
18.248202
19.598270
20.768462
19.176619
19.256287
18.638985
16.958879
18.280090
14.127942
14.015643
14.908958
13.782017
13.162204
13.386447
14.977529
14.084685
13.747662
14.283110
14.250853
14.905153
13.697862
14.013943
13.068606
12.854539
14.080164
12.432494
12.378424
18.543611
17.806079
18.681266
19.116842
18.366475
19.333368
10.906216
10.858928
10.187237
11.201323
11.287143
11.192762
12.976326
12.376523
12.384231
12.029732
11.334233
12.781793
11.582148
11.772054
12.201240
11.579874
11.005359
11.911956
10.990933
10.456399
11.487344
11.469566
10.468896
10.442913
11.217649
12.033021
11.420493
12.042014
11.189529
11.207796
10.276039
10.405719
10.354506
10.398257
10.298126
10.359524
10.177760
10.295196
15.548989
14.327494
15.111905
14.507579
14.569411
14.210409
14.339981
15.091048
14.971913
14.641511
15.707923
14.964510
15.043513
14.001317
15.444998
12.648141
12.505884
12.504023
12.357982
12.479254
12.523016
12.205513
11.751845
12.246427
11.491417
11.598889
12.807215
11.535227
10.852740
15.060882
15.742123
15.529264
16.014329
16.291933
16.054582
15.155122
14.761498
14.245712
15.401712
14.107805
14.070715
13.811724
15.131724
14.938694
14.742540
16.172113
15.704996
16.134731
17.052088
15.465356
16.474694
17.668874
16.004040
13.410086
12.925016
12.811877
12.704103
12.707265
17.604918
17.857760
17.673589
18.325147
18.064003
17.896937
18.492495
18.090783
18.429106
17.861118
16.668903
19.812557
16.830008
16.734723
17.504188
16.923265
16.845522
14.216513
13.885183
14.647108
13.771334
14.544941
15.625046
15.436733
15.726139
14.499352
14.988621
16.149941
14.848329
16.293991
15.449275
15.815867
15.616320
15.614221
14.811672
15.778809
19.874396
18.518048
21.752790
20.492614
18.894933
19.712259
18.906910
18.688013
20.183880
19.655398
20.507919
19.832553
18.969215
18.808918
18.805611
19.491973
19.525203
19.120512
18.224384
19.091923
18.634580
19.694546
18.439915
17.858310
18.293046
18.066167
18.064028
17.330635
17.711084
17.641642
19.420969
19.495976
14.966328
15.535968
14.508382
15.232131
15.261202
10.898513
10.728935
 9.642893
10.860357
10.787220
10.242690
10.876255
16.827647
16.634814
17.295526
17.716887
16.709603
17.122345
17.201006
16.353261
17.456748
16.451489
16.129739
16.018733
16.839200
17.607427
16.633149
17.104366
17.544877
24.287200
25.387863
24.412281
22.799071
23.772883
23.054379
23.326489
23.026903
21.702865
24.000537
21.833481
23.057491
24.169142
22.185827
21.873245
22.950223
23.199526
22.970165
24.172283
23.566969
23.951715
22.873050
23.551688
23.143524
19.744156
19.987130
19.916819
19.286777
19.546593
19.315066
18.553327
19.000277
18.843725
17.891649
20.197595
19.469124
19.362538
21.562239
22.390901
22.035706
17.356624
18.149782
18.979395
18.016631
18.289385
16.819529
17.082667
17.514002
16.128534
16.560709
15.736065
20.806134
19.960424
19.358713
20.237576
19.248107
19.915841
19.018373
21.000466
21.349853
19.730957
16.920497
18.543150
18.757339
18.479089
18.363170
16.931278
17.645562
16.017275
16.872142
16.551871
17.782045
16.284888
16.805523
17.633439
17.346130
16.786887
18.580147
18.762801
18.657863
18.948153
17.766567
19.216994
16.688967
17.322759
16.797227
16.668034
18.393386
16.404812
16.418964
15.869061
17.003386
16.631606
16.818374
16.312298
15.098223
15.935410
16.913130
16.242952
17.660249
16.683202
18.746683
17.259419
17.277891
18.935893
17.384247
17.760954
18.112346
18.602893
18.636628
17.324149
16.346047
17.184861
16.738451
16.979580
17.560006
17.072426
17.544386
16.582799
17.663554
17.864434
16.578792
17.937456
19.162241
23.140358
22.444104
23.406852
22.394505
23.348456
21.702844
22.653695
21.945077
22.642133
22.322162
26.163804
26.695525
23.863168
24.218178
13.679571
13.269780
13.315385
14.393323
13.961424
13.775133
13.942051
17.029277
15.919057
16.933374
17.471758
16.884847
15.134169
15.629716
16.296371
15.398502
15.497270
16.479313
15.476277
15.471565
14.889520
15.134019
15.522273
14.261665
14.865553
13.773155
14.571917
14.621808
14.587618
14.505110
14.930489
14.731254
15.102041
14.998781
15.449905
15.485031
14.358025
15.335613
14.525175
14.473053
15.838698
15.396546
15.092103
14.883054
16.233379
15.573729
15.875661
16.413544
20.710849
20.076097
21.557153
20.215274
19.790466
21.322670
20.600433
20.919077
19.620223
19.861588
19.682355
18.533781
19.958763
20.177392
21.254302
21.941862
21.353884
20.945512
20.153821
20.124033
20.961071
21.729783
20.365733
21.769614
19.462796
20.350432
20.593941
21.193064
20.125681
21.148784
21.370488
18.641799
18.922712
21.751291
22.083185
22.919223
22.838484
23.098029
22.214675
22.948051
24.577354
22.394915
21.237553
20.871883
20.958672
21.187283
22.645677
21.033976
20.486404
20.203543
20.576644
21.240970
22.535925
20.239424
20.908608
22.203087
20.160906
20.024053
20.826682
22.730972
20.309185
22.765239
21.094505
23.339382
20.049441
19.994973
18.836152
14.366473
13.722496
14.831603
14.175213
13.606182
13.774164
13.676887
12.898694
14.264367
13.419404
13.935960
13.901964
13.823297
15.338111
14.401493
12.949596
14.561758
14.362004
14.309421
14.366297
14.395471
16.156343
16.027411
15.400524
16.229939
15.664535
14.667408
15.269514
14.906660
15.577846
11.379795
12.185158
12.329263
11.764731
21.214914
23.032484
22.481670
21.583029
21.966671
21.809818
15.780799
17.407152
16.356858
16.405964
19.132084
18.651967
18.443685
18.096266
16.897454
17.404247
17.945240
19.482222
19.005393
19.720161
19.742299
21.195383
18.690094
18.159991
20.569037
19.008888
19.337692
20.117979
18.120556
18.979728
19.856487
18.517613
18.515551
18.752553
18.496018
17.679738
18.863769
16.688309
16.709659
17.236001
18.643040
18.286080
17.625057
18.688848
17.574021
17.227343
18.963683
17.737885
19.046579
18.533162
19.345499
19.485201
22.020698
20.903175
20.278784
19.538493
21.711419
21.643063
21.473705
22.628292
20.460074
20.149087
20.983868
21.071311
15.477293
15.427408
15.896447
15.289116
16.577160
15.741462
16.409812
15.065864
18.405900
16.964741
18.958422
16.851219
18.690884
17.453623
18.204649
17.387595
16.892100
19.635817
18.498317
18.113666
19.046818
19.326940
15.965425
17.194302
15.932408
15.435948
15.340064
18.036539
18.576026
22.902260
22.601129
22.757885
22.733316
21.820004
22.258478
23.273477
22.453386
24.240072
22.229729
22.048619
21.693587
20.088681
23.320916
21.558184
21.241962
22.836397
22.767258
23.511774
22.187698
22.833189
24.046392
21.278200
22.547622
23.047579
23.953968
23.944155
19.939849
19.776693
20.135509
19.801971
20.278232
19.392650
19.033003
21.333728
20.141242
21.098811
20.483578
20.245114
18.703894
18.434495
21.271696
20.224250
21.473775
19.879548
21.448551
17.543043
17.193118
18.533798
17.699014
18.319650
16.857247
16.141804
17.178135
16.138776
15.880283
16.265782
16.431921
17.229989
17.053290
17.996952
19.476021
18.658444
17.893830
19.044589
18.971813
19.006274
21.291093
19.589468
18.799457
18.894149
19.504227
17.595546
15.642610
16.761988
16.166711
16.459457
15.674056
15.894887
16.468734
16.282038
15.482782
14.445165
15.637058
16.080333
15.153186
15.611151
14.959726
16.108479
16.845042
17.176714
16.903205
17.364852
17.488408
18.346647
16.316924
16.227069
16.468697
17.386055
18.740573
18.198887
17.950082
17.287275
18.744851
19.829558
19.757309
20.800947
20.746650
19.186973
19.332642
17.902346
17.902493
15.886390
16.398608
16.788396
16.819842
14.899937
16.460496
15.912200
16.100111
17.648683
18.487738
16.439108
15.841816
16.295087
16.796848
16.172913
18.016241
16.951930
16.620403
17.147051
17.570820
16.842406
17.932528
16.858603
16.567710
18.772075
18.145992
18.230479
17.363291
17.578107
19.130683
16.220351
16.507613
16.243702
16.497244
17.126915
17.707391
18.535801
17.023945
17.918332
18.802845
18.751414
18.012640
19.692624
16.899816
18.198078
17.984506
16.187548
15.567444
15.855936
15.522417
15.709639
14.706839
16.841991
17.551926
15.936101
14.261235
14.671879
13.951854
14.602086
15.112783
13.955722
15.818522
16.708832
15.203773
16.634716
16.172392
16.752324
15.898141
17.317500
18.788864
17.929306
18.832524
18.792062
19.522923
17.305627
18.401717
18.071624
18.824618
19.018742
20.054752
18.236926
18.959827
19.962825
21.656629
20.552380
19.825126
19.153150
19.595054
17.559026
17.532572
18.092194
17.433966
18.528520
17.808144
17.963326
19.233690
19.192806
20.505272
19.569873
21.147999
19.644877
19.492977
19.677095
18.437691
19.905836
21.609262
21.293448
22.317815
22.013554
21.119672
21.554337
22.754616
22.608377
23.457353
19.866790
21.350243
20.932102
20.831570
21.487979
21.484249
21.215899
18.014724
17.909139
17.819269
19.020111
17.701792
17.739242
17.607423
15.306429
14.621047
14.119093
15.393754
15.033911
16.048522
14.869431
14.624550
15.395514
15.231024
15.801264
15.112367
15.220476
16.072120
14.608443
14.347849
15.035807
15.412349
14.093648
15.487202
15.599002
15.181375
15.639541
15.035260
13.594127
13.871725
13.545269
13.934655
14.188599
13.963766
15.582503
15.123093
14.569806
15.033054
14.748704
13.714357
21.414474
19.474085
20.774120
20.615211
19.681507
20.905818
21.886346
20.341863
19.282496
19.832835
20.125817
20.893902
19.740220
21.826160
21.234957
20.831010
21.846042
21.995868
22.273561
21.205189
22.162357
22.677636
21.261391
22.098828
24.197377
21.272760
20.835145
19.733279
21.117362
21.494895
21.234492
20.429437
21.730325
22.478356
22.254281
23.377785
21.597176
22.817537
21.515678
21.711744
16.790343
16.147392
16.857095
16.990120
16.983727
16.280096
17.325738
19.746348
18.419251
17.033729
16.959976
16.343264
18.098252
16.842818
16.773952
16.161512
22.705043
21.991964
22.041268
22.813674
24.693183
22.416634
22.911499
23.168745
23.472393
23.435756
22.941940
21.214928
22.069686
23.600711
21.630092
20.107607
20.447279
19.850967
21.462062
23.509955
23.634328
23.909160
23.409420
23.821366
24.057670
21.434767
20.423110
20.160040
20.470826
19.900175
20.404477
20.343969
19.864126
22.055326
21.240136
21.617898
19.748829
20.585072
21.487474
19.293592
20.703745
13.427263
12.547817
12.888761
12.937125
12.383072
12.304456
13.369345
12.347855
14.300689
15.489369
14.294603
15.953047
14.790345
15.252869
13.729538
14.319138
13.382352
13.373183
14.123066
13.650094
14.505931
14.099270
14.929425
14.747272
14.386582
13.406342
14.562668
13.566143
19.112933
20.402672
19.688954
19.406143
18.963319
19.683747
19.666761
19.012322
16.989204
18.120041
17.408072
17.759706
16.955618
16.439109
19.372746
19.414118
19.266314
19.422445
19.185849
19.589673
18.912404
19.383523
20.392919
19.538191
17.626397
17.519374
16.090290
16.868384
17.246268
17.061406
17.686153
16.740841
16.024183
15.939038
17.841651
15.645024
15.361118
16.121265
16.436553
15.231575
14.810851
14.227072
15.311817
16.267855
16.075444
15.883424
15.649746
15.534579
15.123002
12.693467
12.359643
12.422771
11.616773
11.894745
12.544005
12.086916
12.809970
11.624978
11.156971
10.276143
11.813854
10.410166
10.996307
11.130460
11.610268
11.219365
11.607547
11.491430
10.829621
12.129530
12.019859
11.377087
11.679330
12.611104
11.812199
11.534613
11.610183
13.135302
13.211892
13.436704
13.014659
12.502824
13.417421
13.357764
12.503420
12.539392
13.529429
13.909303
13.459897
13.674056
12.616614
13.081624
11.206773
11.032535
11.190610
10.754965
11.746935
10.444705
10.474361
10.965163
11.283797
10.765956
10.805759
10.553817
11.236480
11.406860
11.291319
10.685001
11.438602
 9.409131
 8.856535
 8.860280
 9.104660
 9.414083
10.446363
10.347012
 9.472189
12.135175
11.093095
10.916782
11.609444
11.069645
10.667884
11.541486
11.430550
11.371103
10.684568
10.763546
10.401299
10.871256
10.719580
10.631064
10.367366
10.505705
14.379670
14.640884
14.200423
13.516419
12.971696
14.211980
12.032664
12.678229
12.765777
12.395884
13.415032
12.831132
13.239695
13.223244
13.357840
12.882419
11.857349
12.591638
14.756935
15.617896
14.530670
14.959482
16.081168
12.988840
12.527295
11.998076
13.087505
11.860834
12.777455
12.838962
12.795902
13.199073
12.938848
13.597675
12.597016
13.399109
13.756300
13.584848
12.516851
13.306962
13.382410
12.644784
13.068218
12.450151
13.155158
12.253804
14.312283
14.119561
13.231084
14.205486
15.429709
14.642522
15.394300
13.606148
15.035162
14.778909
16.893320
19.423211
21.799480
19.731533
21.271238
21.865012
21.298173
20.956099
20.224480
20.270108
19.742913
21.067261
21.750083
20.893283
17.377542
17.419975
16.482919
16.970019
16.984661
15.968986
16.156497
16.184164
16.037700
16.425651
14.816424
14.264082
14.527936
15.713163
15.356192
18.125545
18.185446
16.416438
17.807764
21.501104
21.815127
20.050138
21.227255
19.284816
20.303847
22.564043
19.852559
19.165136
22.698099
20.428133
19.825297
21.758948
20.390616
20.585518
20.891415
19.623259
20.859346
26.205695
24.961518
22.766386
24.796031
23.238664
27.329586
19.380706
21.272772
20.031450
19.495659
19.377839
21.742754
22.397637
21.052685
23.238851
20.870249
20.479371
22.539276
22.427076
21.816103
21.428056
20.135430
21.162675
22.939834
19.949056
21.233360
23.560137
21.072692
22.129910
22.045500
21.244777
21.523192
21.759018
21.228651
21.619164
20.602173
19.522316
20.325404
19.728761
19.001424
21.186259
20.703784
20.270050
20.180091
20.531247
20.742348
18.688815
17.165124
19.287173
19.061346
18.262295
18.634346
19.770487
21.062265
20.725238
20.060201
19.306191
20.404913
18.357583
20.250929
20.684368
19.736382
18.550076
19.599328
19.679122
19.038174
18.528856
19.282101
19.614617
18.467822
18.502602
18.750746
18.161620
18.696752
16.835565
19.402297
16.902789
18.325417
19.025138
17.842850
17.685563
21.653635
21.877733
23.201145
22.084369
21.240626
23.763751
15.335768
16.518975
15.515048
14.971892
14.982822
17.014498
14.815752
15.221904
16.033530
16.008336
16.283689
15.411688
14.682205
13.759941
14.910644
15.033699
14.090239
14.700158
15.602831
14.525613
13.186829
14.417353
14.706748
13.862111
14.772369
13.908816
14.958001
14.450829
14.843204
14.980966
14.996386
14.375977
14.230886
14.189552
14.146253
13.291204
13.829358
13.566279
13.862766
15.545717
14.824288
14.950656
14.270975
15.501322
15.427824
15.508557
13.983051
14.625957
13.766609
14.321966
14.565192
15.413482
14.875105
15.130182
15.325475
15.103291
14.965800
14.700339
15.228489
15.761234
17.258176
16.190253
16.506492
15.839732
12.094836
12.565790
12.917620
12.612855
11.856915
12.416857
12.432403
11.855345
12.584676
12.363247
13.164128
12.682878
21.713832
20.765541
23.796395
23.118847
21.882188
22.872378
21.976892
18.667005
19.439103
19.449887
20.400015
21.797118
20.574236
20.829693
20.686555
20.083749
20.629924
19.094692
19.969590
19.720624
19.250146
19.210162
18.883609
21.780000
21.218779
22.375646
20.457775
20.895595
22.796395
21.384701
19.032873
22.494888
22.476436
23.457783
23.929259
22.778477
23.947984
22.900896
22.570989
22.863691
21.737623
15.070847
15.214873
14.972793
18.921578
17.728521
17.621696
18.073092
18.173521
18.204651
18.066285
18.944601
19.301456
19.187008
19.053000
17.937260
18.721704
18.467643
18.750407
17.811389
18.336440
19.105495
20.150639
19.713107
18.211721
18.662642
21.984687
22.054612
20.477516
22.604098
22.517480
21.490702
21.034509
22.494654
21.011666
21.353782
20.405522
20.742773
19.618831
20.337227
21.333417
20.640009
21.698126
22.350429
20.074890
24.571254
21.915210
23.328559
20.920634
22.426378
24.396263
26.475674
25.350747
23.901423
26.374255
25.181625
26.592380
25.993702
22.384372
25.115298
24.082123
22.070557
22.984976
24.141950
24.633541
24.178973
23.079655
23.002645
24.000484
17.191988
17.787037
17.216706
15.820958
16.872608
14.802730
15.135188
15.191653
13.317408
15.104388
14.567712
14.391745
14.339221
15.318291
13.884651
14.615199
14.462606
14.473612
13.485763
15.545685
13.484259
14.268454
15.553096
15.201759
15.248525
15.355400
14.501195
15.039774
15.455130
15.703023
14.373446
15.625520
15.889079
14.353242
18.459423
19.148618
18.437850
18.686165
17.629490
15.529878
15.502928
16.565940
16.610189
16.748421
15.516938
15.916547
16.866084
15.769373
15.400437
20.584493
21.294490
20.589812
21.694211
21.454381
21.457918
21.917169
21.446820
20.860743
22.305093
22.669472
23.453829
23.099502
23.805990
23.849859
24.242199
25.675763
24.211054
21.354250
21.764474
20.711384
21.051743
21.147184
21.478104
20.897934
22.821118
21.816281
21.839806
21.962766
20.941882
22.607086
22.185058
14.217880
15.517616
15.826822
16.595510
17.744981
18.458302
18.117299
20.053176
18.322526
18.938195
12.801792
12.570920
13.101984
12.114191
12.784825
13.109479
12.646139
13.350488
12.265552
12.465429
13.244354
11.387831
11.360153
12.009874
14.611002
13.359299
14.599001
12.532411
11.274883
11.223392
12.600005
12.319508
12.209363
12.023235
11.929414
12.832749
12.583802
12.886599
12.829512
13.307302
11.632755
10.378055
10.196680
10.051850
 9.931930
10.344560
10.797986
12.478492
11.419645
12.563247
11.532477
10.455519
 9.491493
10.983768
14.672514
14.384826
15.038136
13.740345
20.799495
20.389303
19.459479
21.516228
19.918263
20.190191
21.009956
20.160464
20.516485
21.281501
24.234336
23.828036
22.420320
21.989967
21.622883
23.947101
23.512999
23.840951
24.822292
22.759792
20.720043
23.414199
22.720619
23.343044
24.098358
23.009804
23.433887
23.502210
23.012873
23.268684
24.528881
22.771291
23.801061
23.879856
19.203576
17.301699
18.054797
17.297062
17.357384
18.306417
18.831761
18.737387
17.509622
19.862709
18.621929
18.313172
17.325873
17.827884
17.845757
18.305423
18.351113
18.928388
18.846809
18.076256
18.533712
18.751340
17.481028
18.542798
17.730647
16.688544
18.662931
17.673471
19.402241
18.008030
18.829138
19.278322
18.830888
20.294764
19.628781
19.835439
20.207290
20.059099
21.325481
20.988669
21.755600
21.605288
21.064160
21.927696
22.059315
22.100219
22.708992
21.377251
19.810251
18.520211
21.608348
20.747798
18.878029
17.872760
17.878744
18.878604
19.750043
18.807448
20.627531
19.394861
19.909489
13.625001
15.205747
15.440299
14.998313
14.449070
13.812451
15.864312
14.681867
16.528033
15.338615
15.622627
16.261390
15.137425
15.300683
14.841218
16.644827
13.962069
13.623637
14.007080
19.493956
18.196375
18.926342
18.014406
18.182721
14.811834
15.296349
14.331565
14.594030
14.483585
15.911048
15.860392
15.567270
15.264578
16.813052
16.073021
15.005875
15.452843
15.520630
14.427821
16.092372
14.972017
16.745717
15.725813
15.836992
15.427587
15.995026
15.656309
16.713971
14.660713
13.748479
13.626510
14.682622
14.987457
14.560621
15.239893
14.584630
13.983480
14.380648
13.713090
13.829795
14.046130
15.513359
15.191761
14.866004
15.072232
16.136394
16.195225
16.468688
17.594349
16.267406
17.486295
15.674877
15.052886
15.640569
20.707290
19.911365
21.315223
20.389350
21.515752
20.631827
18.340109
18.343752
17.617867
18.819230
18.318731
21.682892
21.068564
21.846419
22.742534
20.575849
20.498826
20.493951
21.142475
21.413081
21.339050
19.207727
17.381372
20.716138
17.796848
17.869216
17.081164
19.038338
18.381819
20.432311
20.001670
19.651825
18.958060
17.276793
20.018544
20.985419
19.788074
19.897691
19.639758
20.656399
21.191502
19.545835
21.264309
20.649611
20.345407
20.684242
19.665570
19.644299
20.185956
21.973408
22.341526
20.735436
19.805636
24.164862
23.886144
24.173134
25.623500
24.691046
14.413264
12.297334
13.687526
20.066221
18.902082
19.789730
18.076635
18.742436
19.089631
18.222288
18.919523
21.374567
19.585167
18.270003
19.005792
16.042311
15.860433
16.457533
14.566014
13.576041
14.056081
13.348373
13.865025
13.970502
15.624395
15.061814
16.497226
15.571286
15.739665
15.386107
14.506956
15.616178
16.555056
17.418872
16.476462
16.777858
17.770072
15.906358
15.595951
16.611779
15.739516
15.995260
16.629245
16.290410
16.715411
17.950044
16.572721
16.784896
16.372186
16.541687
17.749811
17.027876
17.324213
16.033644
15.821164
17.015406
15.923672
24.049752
23.932610
25.151561
25.750888
23.737532
24.005185
23.798122
22.884802
22.825066
22.019324
21.524125
22.889389
22.839664
21.720425
22.328092
22.363467
22.278720
22.884726
22.712033
22.784252
21.745583
21.441069
22.359864
23.669698
23.233025
22.902101
23.676488
22.585066
26.532355
27.210417
26.035718
26.283695
24.803918
25.066518
23.065871
22.790962
23.308302
21.900579
22.175840
24.528151
22.443735
20.884179
20.837143
20.263019
20.559410
20.104072
19.920639
21.237652
19.562489
19.937895
19.393460
20.797316
20.078666
21.312680
19.298046
20.433553
17.021602
18.599256
20.067710
18.756164
18.235687
19.469273
19.934063
19.543863
19.543224
19.592888
18.544556
22.608487
20.164468
20.800782
20.457997
22.152476
20.649003
19.710139
21.073686
18.089596
20.292855
19.478823
21.307714
17.737029
19.262117
18.970862
18.989271
20.034153
18.908024
18.494150
19.684066
18.038323
19.147203
16.487105
17.941521
17.423553
17.952029
17.756234
16.649137
17.077690
 9.273141
 8.772294
 9.044846
 9.389503
 9.831144
20.391224
24.781970
22.452552
24.206942
22.154762
22.669603
24.607012
19.044101
18.674059
18.320925
19.219150
17.031975
17.793015
18.318784
17.558283
17.843163
18.275111
17.767932
18.753170
18.123671
21.449783
20.043077
21.280446
21.097869
19.183266
19.608333
21.231599
18.600098
19.566845
18.519249
18.689591
18.182408
19.520410
18.908751
18.410718
18.830523
18.439957
19.920538
19.873014
19.192724
19.131257
19.570812
19.630873
18.370442
19.394624
19.874273
18.113516
19.577517
18.601521
14.777135
15.237248
16.722937
15.550788
17.503983
17.318881
17.565013
17.800563
17.770058
17.120293
15.307807
14.627373
15.242893
16.130225
16.753413
15.602363
15.910786
16.149842
15.633004
16.496214
21.738468
23.588352
21.293261
20.916331
21.771318
20.075064
21.627530
21.538168
20.775960
21.549712
19.839748
21.865142
25.281882
23.721704
24.814461
23.926925
24.441860
24.158740
24.603158
25.844263
23.457994
21.405508
23.285228
22.465050
22.836931
24.769620
22.596081
20.944150
22.481066
22.304029
24.944087
24.230673
18.313999
17.747938
16.303585
17.123371
18.791850
16.652834
17.347520
19.552194
21.132128
18.773617
20.479677
17.075402
17.552942
18.017106
17.019339
18.815313
18.693064
20.119076
17.925625
19.353406
20.447173
20.656570
21.354917
22.036905
21.814250
22.364136
21.427357
20.219652
20.440224
20.622622
22.357639
23.018260
23.661059
25.059886
25.293793
25.824204
22.929662
23.193659
23.021755
25.280352
23.045016
22.721961
21.818157
24.705662
24.091859
22.946487
21.327618
23.561588
23.841280
23.413835
22.954129
22.063441
23.141206
21.265417
22.426319
21.519511
21.995902
21.116147
23.193107
17.028398
15.984687
17.214788
16.297943
19.631311
21.334353
21.319644
19.943593
19.573704
19.908448
17.879128
19.409061
17.858972
18.223219
17.117993
17.971460
18.809178
17.836618
17.557869
14.397270
15.042572
16.286962
14.291425
14.861908
14.399285
19.265010
18.637428
18.739855
18.184665
18.669607
19.045223
18.734381
18.140585
18.131205
17.450988
19.678815
17.885201
19.009373
17.719673
18.935833
18.708686
17.601487
18.472809
19.894841
19.554693
20.456145
18.228421
20.331188
19.969486
18.323965
20.048907
19.705258
17.912649
18.773901
19.528656
17.759435
18.911668
20.011610
19.026335
17.662727
17.691199
16.627831
18.406212
17.070304
15.766827
16.636633
15.852768
15.443401
16.956912
17.667106
16.261364
16.572558
16.636595
15.579014
24.095463
25.177454
21.279690
22.947966
21.485226
23.680392
22.737170
23.433720
22.566981
16.734377
16.997927
17.028787
16.801389
17.161809
19.772921
18.110340
19.320589
17.687869
16.481717
19.342882
19.534545
19.238679
20.750905
19.474942
19.636997
18.667579
17.502112
18.619103
18.184594
19.412430
19.551114
19.691770
20.119069
18.927882
17.733828
18.179601
17.445768
18.091200
20.980802
20.681574
21.318649
21.490553
20.466287
18.829271
21.501800
22.772202
20.301282
21.887171
21.490684
20.406760
20.979716
21.739942
21.802807
21.024952
22.021222
20.927779
21.495125
19.895255
21.918825
20.979492
18.161558
17.734069
17.105330
18.276904
17.690210
18.760184
15.667659
15.894881
15.937882
15.451702
15.105126
15.321857
15.674553
20.460737
20.181105
19.716834
19.298965
18.570442
19.060477
18.473588
19.373549
20.335902
17.666307
20.358702
19.728040
19.265909
20.695955
20.499267
18.790171
20.879900
19.830070
19.470773
20.691840
20.025466
20.891996
20.826749
21.675594
21.681052
23.576077
22.581390
24.006922
22.660501
22.387371
23.028164
22.246877
22.578399
24.433501
19.246704
23.035685
23.247669
22.309372
23.859675
22.206561
22.714991
24.890933
18.753538
18.498846
18.206451
17.118496
17.810402
18.103884
17.922203
18.394810
16.793890
18.812107
18.767904
18.770586
18.483009
20.933451
18.416072
19.730616
20.518441
19.635764
19.487629
19.702845
19.998752
18.589703
18.655730
19.437215
17.767842
19.328842
20.312678
20.256894
22.104677
21.170881
22.123308
22.183413
22.072843
21.335272
22.060359
21.289994
21.967398
21.383580
21.353248
21.912434
21.522761
21.719819
21.437765
23.496131
21.928640
21.893270
22.328900
21.902341
21.819986
21.466131
22.996204
22.876423
24.833543
25.250656
25.132463
24.467095
24.173578
19.290341
18.839384
18.834183
17.671882
17.495484
18.682527
17.330394
17.387879
18.075342
17.684962
19.354254
20.423553
20.377232
20.960540
21.048714
19.294752
20.326152
20.625112
19.762136
21.780118
19.830806
18.553710
19.075927
18.031059
17.958490
19.112570
19.018953
18.408868
17.385582
19.738580
19.678170
19.527706
19.790024
19.825432
19.083284
18.210787
17.224600
16.893931
17.299520
16.288905
15.535387
15.523716
16.425989
16.708791
16.471167
15.618060
15.976589
16.133332
15.734564
15.397834
17.141669
14.895914
14.819436
14.727454
14.522265
14.820399
14.852959
14.393694
15.179553
14.149006
15.309472
14.951843
14.964613
14.655853
20.320358
18.722640
18.680798
19.059631
18.756848
20.089074
19.620878
18.730653
18.319517
17.231561
19.059101
18.846776
18.174478
19.125767
16.521490
16.246693
15.908739
22.222565
20.694269
21.533578
21.032842
13.589965
14.886138
13.704921
14.732588
14.758552
15.336848
13.478825
13.833880
14.145595
16.049539
14.231005
14.819346
14.917343
15.261647
15.796950
15.638908
15.093564
13.913946
19.368788
20.771096
19.330402
18.167890
19.838743
18.622645
19.585353
15.585278
16.164916
16.481932
15.442260
15.672585
16.210221
17.010247
16.059031
15.578871
16.943795
16.227895
15.761922
16.484921
16.711907
18.930164
17.611310
17.101833
18.131064
17.534389
16.695820
18.037890
17.371834
17.838038
17.983039
17.409874
15.460624
17.282812
15.439714
15.980126
15.787559
15.329234
15.802110
15.390750
16.444423
14.974627
14.240451
15.478833
15.206550
15.538691
15.729390
15.913374
14.933387
16.633373
15.327032
15.661874
17.643727
16.767002
16.679961
17.740167
18.096161
16.108540
17.827464
16.319042
15.867575
15.591477
17.506848
17.319720
19.566050
17.866738
17.919565
17.229984
15.885458
16.483331
16.825273
17.405293
18.327572
18.153971
17.890751
17.112230
16.678920
16.853518
18.317050
18.348426
18.874633
18.609583
18.761490
18.361295
18.360970
18.951731
18.785529
17.991570
17.842741
18.750309
17.997097
18.770054
17.586779
18.450420
21.241478
19.314439
19.716255
19.223976
17.971082
19.791741
20.574414
19.664145
20.513774
14.248647
13.482440
13.780722
15.109335
15.021312
14.429533
15.027021
15.580023
14.441232
15.137835
18.856923
17.750738
17.570850
18.145797
18.214497
17.059210
16.147192
16.016573
17.892362
16.922565
17.085655
16.412807
16.293612
16.483933
16.628195
16.086680
16.175086
17.572561
15.836920
16.107814
15.423734
15.812924
22.323875
21.433287
20.074933
19.189473
18.238708
19.351042
18.180389
19.287164
20.595836
18.951388
20.594619
20.196237
19.232541
19.405778
21.117798
19.750123
19.120322
19.167481
20.576155
20.053983
18.224054
19.361069
18.019690
19.418183
18.000488
18.447946
19.596291
17.247344
17.180509
16.575144
16.508902
16.147061
17.415137
17.779717
18.837730
18.869480
18.724136
18.441387
19.611294
19.379842
17.807066
16.453059
17.902695
18.309567
18.941276
16.851730
17.712691
13.929504
14.537212
13.586992
14.127873
18.814884
18.859418
18.222530
17.983497
18.107641
17.895496
18.733940
17.325649
20.311680
19.287337
18.168755
18.878782
17.226950
17.632791
18.119727
17.667770
18.122603
16.565144
16.437416
16.644960
17.949282
19.100312
19.678894
18.952441
19.283070
20.164725
18.653708
14.905327
13.756112
15.942036
15.402985
16.323427
15.545969
16.025491
14.666663
14.796776
15.241026
14.049953
15.109853
16.147230
20.109728
19.461948
20.808233
20.829864
19.944224
18.588172
20.006647
18.282613
17.978032
19.640453
19.725956
19.133729
18.232695
15.378408
15.093609
14.974207
15.836687
16.149036
14.940726
15.335524
14.673861
14.878437
14.130706
14.941261
15.115807
13.777923
15.613983
15.168448
15.735718
15.022918
16.449891
15.874605
15.864375
16.203013
15.157185
16.225667
16.759832
16.454783
15.712103
14.114562
14.409671
14.310524
15.649267
15.373428
15.283812
15.083848
13.919367
17.564729
20.124371
19.211535
19.700531
20.650856
21.246143
20.371661
19.556814
20.535432
18.473536
20.367876
21.006353
20.815451
19.667052
20.933958
21.000612
19.580119
19.747300
19.097346
20.847302
19.996926
21.148668
21.830849
20.121973
19.095592
20.768210
20.516148
19.721514
18.977547
19.577880
21.218026
21.507307
20.023346
20.911632
20.742090
20.804483
19.973432
19.478331
19.895883
20.402567
20.497732
19.434456
18.751981
21.056629
20.544983
20.792964
21.001524
21.749171
21.204710
21.416872
18.694741
20.296909
20.299315
20.002127
17.670459
13.284959
14.174750
13.551391
13.915063
14.071326
14.245157
10.981442
12.857318
12.550624
12.928723
12.862941
12.228377
13.592135
13.851743
14.578443
13.897671
15.525625
14.679279
14.333472
12.715778
12.234413
12.194338
12.790640
12.531188
12.356942
12.438727
12.275604
12.175355
11.609404
11.705439
12.283191
12.517097
12.361346
12.243954
12.461125
12.534017
12.756260
12.550295
12.248104
12.262742
13.681881
12.479813
12.334660
12.259362
 9.307980
 8.583544
 9.458485
 8.789151
 8.518847
 9.156198
 9.828335
 9.313594
10.782543
10.558892
10.607319
10.233712
10.421760
 9.394685
 9.562442
10.544581
10.646654
 9.569993
 9.329810
10.118108
 9.830785
 9.265456
 9.111736
 8.809082
 9.326406
 9.631190
10.201345
 9.919349
 9.360326
10.333406
10.692870
 9.470681
10.854925
10.587268
10.644488
10.895948
10.435812
 9.435519
 9.298392
10.116849
 9.670388
10.334430
10.009934
10.572973
 9.530448
10.071415
15.274905
14.590240
14.305117
16.024995
14.483334
15.174900
16.241241
15.320473
15.102183
15.028050
13.921175
14.522260
15.025267
14.261962
14.209943
14.420287
15.378949
14.689725
16.060512
16.752522
16.131686
15.569418
16.323802
16.619575
17.451296
15.424820
15.897036
16.489968
15.447520
16.645336
14.566812
14.010414
15.011239
14.326701
14.984518
14.701302
15.489065
16.643229
15.714121
15.840128
15.571382
15.891972
17.012419
16.043191
19.579231
19.349578
20.490477
19.273830
20.313146
20.713235
20.104374
19.760699
18.236557
20.409282
19.650120
19.037642
18.705182
18.893684
18.543799
19.473129
20.437573
19.208748
19.035360
18.839382
18.313387
17.425023
19.032305
17.834485
17.343949
17.852255
16.666526
18.306666
17.873043
13.341434
13.330257
13.531054
13.903078
16.825139
16.865460
17.254511
16.251779
17.135044
18.655347
18.326619
18.011622
18.944835
19.240182
18.250842
18.302514
17.935866
18.278867
17.926127
17.951174
18.416006
18.800089
17.827460
18.041514
19.213894
18.349890
18.794730
17.195255
17.495888
16.471731
16.650739
17.340116
17.202435
18.131286
16.609672
17.721452
16.649345
16.430397
16.212008
16.947184
15.701524
16.368742
15.188185
11.708930
12.800223
12.962983
12.413773
12.831746
12.461366
12.823825
12.328287
12.190043
12.000486
20.113144
19.239768
21.124828
20.536532
20.653518
20.512797
17.532948
17.292079
16.776544
16.463576
18.125698
18.243367
18.224039
18.931536
18.035551
19.313646
19.318635
13.322005
13.253832
13.185958
12.562622
12.874129
13.414601
12.317581
12.765978
12.595575
12.730375
13.757550
13.517325
12.715909
12.498977
19.408417
17.219636
19.746637
16.800641
16.526994
16.138417
16.853456
17.649850
16.555432
16.848803
15.140105
16.869907
17.474112
16.100596
15.913177
15.088356
16.440264
15.139124
15.891472
16.088723
18.268622
17.986952
15.891777
16.990978
16.338130
17.099746
17.601959
17.327897
17.138775
16.895922
16.892690
18.125729
18.041580
16.601080
17.185451
17.514613
18.026349
16.805589
16.554467
20.299583
19.656379
21.249635
20.982404
21.030705
18.772398
20.981461
18.387071
18.772512
19.112287
19.077809
23.582912
23.648084
23.850541
17.786169
18.464866
16.139876
16.465226
17.117219
18.143654
16.335805
18.565634
18.827118
18.399595
18.887489
20.667710
17.968888
20.392520
18.611988
20.951056
21.465669
21.132597
20.325243
20.289762
20.295835
20.087333
19.873588
21.513029
19.533816
20.883893
20.337527
21.469222
21.589332
21.707292
22.014550
19.613474
20.231417
19.923300
19.441292
19.010815
20.490587
20.139729
18.282156
19.789687
19.053642
18.294219
18.248289
18.443896
18.670477
18.732906
16.961469
16.716373
18.741874
18.843278
18.369857
16.603308
17.984772
16.574711
17.531584
17.504969
17.233706
19.221666
16.996059
17.752444
17.915544
18.135499
18.626955
21.619688
21.164174
22.468862
23.039471
22.477539
23.021629
13.738133
13.762577
13.351345
14.239535
14.114757
13.108877
13.674078
13.473975
13.212978
13.351212
14.011999
15.094660
15.033428
15.271308
14.727151
16.071888
15.029694
15.536136
14.036690
21.443572
19.889001
20.638029
21.398087
21.920919
21.706972
21.603563
21.777682
20.972049
22.556976
17.253954
17.580619
15.674556
16.742844
18.380345
16.750487
15.995489
14.665587
13.829121
14.684158
14.839528
13.897936
14.538384
15.843361
13.999300
15.696663
15.195445
13.879931
14.586572
14.272884
14.953523
14.790154
15.092073
13.386966
14.978372
13.825755
14.941703
13.952229
20.554648
19.678916
20.233551
20.666845
19.600449
18.868978
22.658902
20.567872
18.399330
19.913652
19.945122
20.733726
21.304277
19.565899
20.181608
20.835770
20.985952
18.797341
21.382985
19.272543
20.460991
20.858468
19.745934
17.808786
18.591283
18.576140
18.968481
18.082149
19.257614
18.618718
21.184233
20.935316
19.150487
19.827545
19.374321
19.987401
20.886501
21.455529
19.491888
21.323084
20.154038
21.290112
22.228571
20.898315
 9.838253
 9.046859
10.193556
 9.352789
 9.575010
 9.741278
 8.756277
 9.010760
 8.705302
 9.451981
 8.662030
 9.304121
 8.825635
 9.145419
 9.654312
 9.563665
 9.692647
 9.762384
 9.823793
11.514399
11.620123
10.580527
10.807290
10.803134
10.510459
10.615863
10.145846
10.237512
10.531180
10.811772
10.991426
10.871338
10.797771
10.697666
 9.977960
10.981590
10.342532
10.698894
10.180264
 8.558278
 9.176271
 9.635729
 9.500334
 9.029026
 9.192312
10.288769
10.520487
 9.605638
 9.117470
10.025705
15.961095
16.036389
16.137220
15.947614
16.051214
15.658458
15.824378
15.049074
15.200074
14.964974
15.504667
14.046104
13.947807
14.456398
14.248986
14.694081
13.951227
14.985901
16.083348
16.701953
17.423044
16.056386
17.664045
17.492420
15.539800
16.592618
15.495949
15.410164
15.785185
14.430453
16.538571
14.417978
14.955052
15.295294
14.994498
15.902379
14.869325
14.677303
14.256867
14.822532
15.451590
14.698941
15.174268
15.263151
15.587335
15.389662
14.770929
23.151799
24.158231
23.130685
23.409837
23.223099
23.418396
24.068116
22.759844
22.189465
23.180271
23.077877
23.886500
14.788181
16.347622
15.828489
16.666789
16.438027
16.298543
15.441423
15.248372
15.535924
15.308445
14.140324
15.331155
15.830674
16.741677
15.772376
16.153344
14.158470
15.243548
18.071404
17.043974
16.901303
16.794006
17.631123
18.145489
18.450696
17.290422
17.759400
18.215435
19.071587
18.239688
18.435962
17.227954
17.261490
18.225236
16.930366
17.495535
17.259904
17.973444
19.662379
17.952875
16.622187
18.745573
18.558461
16.518104
16.772270
17.012076
19.004910
18.512801
18.137620
19.477615
18.873115
18.307778
19.327497
16.775718
18.314202
17.400447
17.126606
19.707267
19.384793
19.382878
19.374704
19.538833
19.624256
20.175756
19.107866
20.403175
20.596941
19.678061
19.945332
18.009675
20.909055
20.210862
21.104144
20.672940
19.528482
20.227014
20.919437
19.657435
20.116004
20.482314
20.870777
19.761026
19.162609
19.789908
20.458718
20.136385
19.601386
19.332679
20.301275
16.518976
16.804076
17.773762
16.171239
17.156860
16.368822
17.445057
19.401738
18.018234
20.374897
18.366947
17.719021
17.516821
17.565975
18.916641
19.040763
18.865121
18.523679
18.099203
18.562737
18.224201
19.988977
18.150660
18.832436
19.813449
18.683463
18.755112
20.265559
20.004417
19.426060
19.333903
20.734850
19.699140
23.684249
22.699081
25.569749
22.471291
24.686138
23.767404
23.416056
24.437955
25.107174
13.701071
13.580195
13.352896
13.902849
13.397841
14.187287
13.395505
13.819368
13.686245
14.588430
14.481220
14.929968
13.444082
13.534016
13.710086
14.565259
13.366363
13.289978
14.407223
15.515382
11.874750
12.505818
11.467014
11.606568
12.062469
11.645455
12.219325
12.417736
16.172777
15.277399
14.448581
15.302369
13.794839
13.524788
15.113255
14.328942
12.353710
13.658013
13.858971
13.921333
13.684101
12.863266
12.434695
13.152418
13.813591
12.726335
13.910476
12.915033
14.729968
14.658667
15.800741
15.128326
14.350216
15.879112
14.805534
14.640916
14.798420
16.612566
16.476324
17.250392
16.418649
13.619960
14.208311
13.414504
14.177509
14.420024
14.317100
13.711303
14.226455
15.198832
14.089348
14.950222
14.433886
14.423528
14.056347
14.551172
16.364953
17.293452
15.792982
16.603954
15.932852
16.628924
19.021671
17.595117
18.718054
17.817101
17.439278
17.855573
17.625356
18.216696
16.433081
17.000523
16.055143
16.356273
16.726878
20.425632
19.049991
19.383058
19.032379
20.283737
21.196912
19.405407
21.249774
19.344653
21.121459
20.267210
20.049425
19.273321
21.062310
21.851649
20.851301
18.133677
16.916870
17.621650
16.410698
17.262215
16.431930
15.963853
18.226786
19.012892
18.264964
16.515822
17.593371
17.959947
16.991098
16.243372
16.584444
17.046538
16.713468
16.807464
15.557455
15.105770
23.638070
22.230164
24.350849
23.179151
23.160040
21.292090
24.399889
22.861205
21.802816
22.291293
24.189596
21.656096
24.262046
23.107620
21.738788
21.826332
21.881523
23.269265
19.756724
18.990982
19.510656
16.884033
19.061270
17.063657
19.164873
19.112601
19.411537
19.872914
19.833645
20.939519
19.234623
18.473295
17.978613
18.609672
24.335802
22.406242
23.745078
24.696797
21.673036
24.219598
22.877203
23.500532
17.741044
18.681486
19.045234
19.142147
22.900972
22.170994
22.316481
20.451492
22.559982
23.155414
20.393173
21.257185
21.644144
20.968323
23.664997
22.923203
21.781793
23.269083
23.358328
22.114018
23.802212
22.221293
25.282524
24.637588
22.635912
22.733659
20.750020
22.782848
22.987169
21.438457
22.289390
21.177311
21.763232
22.729629
21.887575
22.172290
22.010837
23.641672
22.411474
22.499182
21.983789
17.107773
17.943899
18.096397
16.443948
17.684490
17.447389
16.765666
18.272547
17.247440
17.152077
17.246071
16.807249
17.359130
16.004916
16.134474
16.730652
15.587438
17.294709
16.499705
18.670787
19.775485
19.499721
20.811502
18.884752
18.868819
19.068269
17.624670
19.004525
19.055877
18.783448
20.084791
18.920484
19.748315
20.097814
17.371681
17.146874
17.392194
17.284755
16.154594
16.566614
18.725316
17.860310
17.245320
20.494095
20.756552
20.457565
21.643088
21.228530
23.405095
22.483723
22.425691
22.186827
23.938238
21.625637
21.243702
24.119426
18.924434
17.798442
19.505602
19.776807
22.750140
21.913852
21.104517
21.355798
20.727894
20.182108
23.329674
22.117446
20.084416
20.498445
19.953637
21.424534
21.666936
21.817404
21.114722
21.329725
20.235163
21.237187
21.752910
21.352361
21.307135
22.118308
23.901232
23.524181
22.049439
21.670173
23.309780
18.898697
19.567564
17.842393
18.395577
20.746000
19.352885
19.008769
19.616352
20.754141
20.352230
21.654632
19.900850
20.463221
20.276584
20.354076
21.716378
21.434688
19.968316
21.162606
21.052318
21.905115
21.395268
19.663488
19.038583
22.596527
21.161560
23.018759
24.851139
22.330991
24.434355
22.001343
22.724104
24.526912
18.933187
20.052548
21.978896
21.187911
19.737791
21.276268
21.786709
21.427497
22.595771
22.834587
21.077868
20.391305
14.851699
15.550483
16.327777
15.976293
15.587337
14.648053
14.649612
15.999218
15.640870
16.407581
16.766423
17.190092
16.010209
17.576401
16.156568
17.106408
16.261803
18.174900
20.674028
22.390323
20.814830
21.090087
21.351076
22.237529
21.352638
15.667667
16.346331
16.333111
15.591151
16.551583
15.665843
17.504418
15.718371
15.312196
15.982524
16.352116
16.936888
15.277431
14.764926
16.469184
16.445080
16.642218
17.317484
15.679984
16.160476
17.418925
16.551889
16.329080
17.350583
16.586532
18.555625
17.640491
17.471142
18.501703
17.665014
17.597914
17.190310
17.920253
21.675978
22.837858
24.485999
21.053408
23.098501
23.067187
23.757822
21.015801
21.102617
21.647077
21.101796
21.986652
19.058988
20.695939
21.076076
19.659257
19.599788
19.733236
18.803671
20.443708
19.603199
18.840184
19.946354
20.222739
19.891423
22.340949
22.510002
21.598467
23.706517
22.215006
22.661597
17.855374
17.335970
18.049469
17.883774
18.165438
17.921211
18.980487
22.128237
22.045429
22.147182
21.332175
22.849850
22.340582
24.153637
22.329740
22.305071
19.543693
18.217926
18.773623
17.512123
16.865820
17.709827
17.885253
17.829943
18.755651
20.341305
19.423584
20.229606
20.848377
19.037888
20.234097
19.118509
18.868240
20.244171
20.973779
16.273096
17.528860
18.035771
17.759849
18.502878
17.748206
16.783460
19.970398
20.649880
19.389558
19.346816
19.568876
19.954784
18.659558
20.466964
19.476053
18.215850
18.698001
19.751327
19.211904
19.504653
18.991735
19.438958
18.057621
19.545463
20.228224
19.169866
16.366617
19.328326
16.113444
18.790400
18.180939
18.730174
18.918489
18.328479
19.174285
18.983500
19.745726
18.470630
16.983707
18.706819
18.062729
17.725661
19.173169
17.774939
18.045061
16.940321
19.467124
18.816427
18.059691
18.580779
18.438208
18.485119
18.240218
18.490444
18.537937
17.954692
16.630244
18.445137
16.513699
17.053092
17.956439
17.523775
18.268422
17.797913
18.471449
16.492683
18.599098
16.920593
17.195757
18.827542
16.210795
17.706116
16.663398
16.647419
17.572255
17.328451
18.048557
16.708942
17.232213
17.709971
16.831628
18.485078
16.803044
18.274767
17.917499
19.769760
20.863432
19.034591
18.880486
20.254822
18.390787
19.657733
18.691793
16.717057
17.417286
18.294486
18.633529
18.310658
18.459193
17.858973
18.059680
18.969251
18.145123
19.680972
20.700193
20.893097
20.671990
16.987996
16.834146
13.833051
13.800700
13.539519
14.568613
13.663721
12.367499
12.667151
12.697092
13.942850
12.288401
21.973993
20.478250
21.173844
21.405204
22.142018
19.803509
17.800031
19.542289
18.844779
18.823935
19.167526
19.313917
18.501956
18.891808
20.263340
18.602463
18.211906
20.446003
20.754024
19.122480
21.049611
19.187686
19.103883
18.124189
17.544051
17.069636
16.817266
17.348480
18.961777
19.049468
19.401919
19.831540
19.162390
21.001888
18.689084
19.214637
19.262371
18.632003
19.140325
19.420730
19.739310
19.507549
19.619183
20.298180
19.907822
19.569990
20.971996
20.100613
20.617085
20.412296
20.442888
20.385672
21.846860
21.503312
21.820663
19.696261
19.929414
17.433997
19.253433
19.160143
19.647610
17.695659
18.290158
18.532007
18.165529
16.640035
18.430580
19.121260
17.620441
19.474081
20.198865
19.909269
19.442969
17.360507
18.163627
18.223939
18.175079
18.789433
17.454938
17.968967
18.576547
19.580300
18.267913
18.770887
18.791896
17.548935
18.893622
18.774606
19.537412
19.521682
21.249866
20.323560
19.525324
20.066674
19.672107
19.852783
18.930488
20.066754
19.946546
19.290668
17.843926
18.386635
17.864653
18.163457
16.660377
17.310810
17.063421
17.916157
18.132570
17.309027
18.641137
18.155414
18.551269
18.593944
18.452457
18.289085
19.100261
18.358755
18.937825
19.330833
19.475803
20.121171
20.520718
20.860045
20.070088
20.424464
21.619031
21.339850
19.402085
21.252215
18.714877
18.688053
19.211905
18.777839
19.391717
18.116174
15.199560
14.766965
14.761922
15.102135
15.449740
15.029612
15.351332
15.555148
16.098416
15.603417
15.104053
15.573903
15.002620
14.795020
15.564855
14.501692
15.071410
15.860641
15.037985
15.627118
17.548633
16.830532
16.774940
17.268645
16.046731
16.469152
16.308389
16.784261
16.113098
16.029435
16.437158
16.192283
16.182176
14.746468
15.196770
16.818268
15.769633
15.706486
15.346679
14.867816
17.478019
16.600438
16.555082
16.285887
17.167993
16.218299
15.540308
16.337401
16.034427
15.958550
17.584269
17.093845
17.203492
17.899694
17.838167
18.617224
18.077736
18.332067
19.395807
16.489265
17.326311
18.574743
18.191079
18.051844
18.196204
18.584096
16.334879
16.146090
17.418825
16.450292
15.414549
16.899731
16.108920
17.171938
17.342204
16.126031
16.862743
16.500746
15.856804
16.774030
16.062079
17.109726
15.765906
16.895541
16.267778
16.755531
15.079520
15.767551
15.943367
17.181917
16.261848
15.757483
17.795154
18.045127
17.780386
17.020634
18.308584
17.527989
18.960993
16.995101
16.866732
16.907383
17.240830
18.854399
16.731824
15.841328
17.032516
16.194820
17.106461
16.254059
15.772678
16.148640
16.110621
15.275859
14.810284
18.955363
19.214564
18.495455
17.818705
19.029039
17.819985
17.891259
17.886860
18.458062
17.451802
18.426169
17.356534
18.251607
17.119455
16.663613
15.478371
17.436416
16.847229
16.643313
17.373395
18.816485
15.016253
15.095037
15.744935
16.142947
14.983501
15.359790
19.413631
19.163816
19.980826
23.691399
23.165464
22.696431
21.616417
22.961370
22.675349
20.201447
19.798337
20.742904
17.982745
18.369632
19.269080
19.297229
19.862450
19.077912
19.811902
17.855111
20.125121
17.973282
19.526992
17.316688
18.122007
18.493487
18.359627
20.474144
19.314080
19.242764
21.216992
19.897499
21.292861
20.493477
18.306847
17.140098
18.598075
17.888753
19.850877
18.688367
19.134411
18.584490
18.428093
19.274649
18.197311
16.976179
18.201918
18.645851
17.512938
16.134314
16.250681
16.143736
17.258125
15.056250
16.000410
16.196210
16.436517
15.006296
16.314015
19.116401
18.918905
19.891510
18.085323
18.855568
17.961025
19.667956
17.552955
15.676449
16.513039
17.565713
16.294931
15.867902
16.032616
17.639066
17.173342
16.528697
15.681015
16.972850
16.378062
17.980544
17.640941
15.170212
16.265406
15.774459
15.321377
14.817384
15.226648
14.555872
15.246117
17.858453
18.696280
19.647862
19.116198
19.252335
18.299766
18.846344
18.625905
18.757917
18.024930
18.661698
17.896791
17.926065
18.315508
18.580135
17.663425
18.126043
18.724193
19.490841
19.647943
14.671168
14.874247
16.061519
16.013568
15.363691
14.816657
14.582467
15.747577
16.031295
15.484333
15.841659
15.286713
19.508477
18.737982
19.548067
18.802288
19.842130
17.582742
17.269353
17.520776
18.440611
19.140224
18.903343
19.006581
18.533068
18.089285
17.946477
17.423021
17.274954
18.582715
18.126851
18.621722
17.250619
17.501880
17.444359
17.270168
18.670846
17.306500
16.596339
15.854067
16.282673
17.779350
18.180305
17.872212
18.488381
18.883530
17.511507
18.908790
18.191776
18.841199
18.300758
17.620815
18.661969
18.688717
18.660651
20.109016
19.885400
20.816708
20.449486
20.822517
20.496694
20.065427
17.531605
16.140249
17.422406
15.731488
18.214582
17.026458
10.888626
 9.842851
10.889845
 9.818802
10.062300
 9.707622
 9.250221
 8.756287
 9.798830
 9.048895
 9.757488
 9.095166
10.068188
 9.677554
 9.517521
11.133065
11.419568
10.761030
11.021331
11.142773
10.821578
11.910473
11.642190
12.897246
12.623820
11.780940
12.578246
11.860510
11.943465
11.767090
12.320038
15.161631
15.006953
13.860059
14.439798
14.728686
14.675076
15.843789
16.655050
15.996622
16.491377
14.936296
16.488431
16.308470
16.466962
15.227659
17.446398
17.089926
16.312445
17.844708
18.580254
16.639659
16.163848
17.877524
16.303733
18.064680
15.640144
15.960972
17.841762
16.526195
15.937724
17.815643
16.632784
15.632253
17.599789
17.896904
16.882906
15.034098
15.135710
15.030367
14.809161
14.338870
15.605752
16.193527
15.057110
13.895706
14.673568
14.629078
15.165053
13.859599
15.054376
13.901175
16.559576
16.098417
16.744550
16.120871
13.591278
13.384371
13.135561
14.446982
15.029406
13.617902
14.383630
13.048015
12.400551
13.737651
15.310399
14.012396
13.316388
14.442739
13.896871
15.217107
13.475837
14.271759
14.067532
14.399388
16.233043
14.810530
17.305581
17.685978
17.618249
16.876428
17.643747
18.397450
17.985005
16.864744
18.482509
17.968513
18.941835
18.868191
17.000664
17.509377
15.821901
16.203812
18.476980
18.327003
18.364459
19.009815
17.704701
19.742719
18.892791
19.278958
18.665110
17.298519
16.765503
17.190854
17.397249
17.450706
18.269494
17.963888
18.298961
17.387637
20.055501
22.416148
21.482990
20.060596
20.919935
19.667574
19.860621
12.206503
12.646619
11.868636
11.646119
11.580361
11.779870
11.355239
11.471706
11.665977
11.744029
10.941783
12.049543
13.814437
12.633780
12.456866
12.146385
12.000760
11.462805
11.403056
13.025511
11.655868
12.041191
18.054615
19.156826
18.003195
16.728327
15.165779
14.159548
14.769178
15.288482
15.676876
15.325460
14.146437
14.940356
20.668404
18.666413
19.516959
21.509344
19.808337
22.366379
19.833622
20.205725
21.344220
18.934434
17.878961
17.699563
17.069241
17.983296
17.961472
17.115523
16.009159
16.565789
19.304911
19.990463
19.951937
13.948875
13.089398
12.913769
13.048517
13.592775
13.312347
13.411926
13.736835
12.417887
12.467781
12.623820
12.212022
12.412222
12.408771
12.327477
13.095763
15.000215
14.203057
13.320809
14.960994
20.744065
20.959995
19.828860
19.975497
12.832817
13.608254
13.415181
13.327291
12.127563
12.872028
12.489100
13.135964
12.462922
11.883052
12.803860
12.480832
12.287193
13.311269
11.145446
11.425786
11.757461
11.770435
11.311924
11.525578
11.547142
12.120816
13.948543
13.088346
12.874158
11.308769
11.055282
11.440649
11.130947
11.347639
11.200743
11.442002
11.744050
11.793400
11.522697
11.713037
12.724922
11.428799
12.266214
11.472264
11.941327
12.319373
13.342892
13.065798
12.107390
12.034142
12.503430
11.491673
12.347953
12.029716
11.849417
11.672406
12.356868
12.093879
12.215755
18.981605
18.330878
18.390489
18.788369
18.473301
18.664419
18.479400
18.646035
20.731254
19.971532
19.534145
20.390945
17.236422
17.949757
18.029874
18.633587
17.159167
18.272407
16.935559
19.051025
17.822437
18.101968
17.804112
18.708156
17.805462
17.254274
17.384003
17.693127
17.099075
17.776418
17.711761
16.636136
15.490652
16.880452
16.704610
16.077043
15.394015
18.901127
18.973756
20.082508
19.477272
17.225247
18.806112
18.371688
19.250006
18.458796
17.224450
19.478833
20.912478
21.362320
19.748637
19.715348
20.494999
14.749270
13.529067
16.156986
14.515051
14.606218
14.804120
14.542467
13.616545
13.483155
14.439341
19.746772
19.085915
19.420935
20.881403
19.906462
15.831532
16.771070
17.416169
17.440679
16.701677
16.817708
16.651828
16.930776
16.378472
16.938490
16.435145
17.406148
16.766910
16.188683
15.940597
16.769749
17.656651
15.349286
16.578413
16.849322
16.138109
16.310105
16.356014
14.628703
16.571986
17.070657
17.763512
16.870105
16.649565
16.496617
17.048372
16.319618
16.989385
16.170580
15.594557
15.575339
16.779065
17.123697
16.130348
15.178562
15.732297
15.865216
15.167817
17.068184
15.544514
16.405031
15.661847
16.655669
16.839657
16.427576
15.800478
17.047966
16.037691
16.053145
16.355883
16.095661
16.748388
15.860689
14.319537
15.740780
14.639603
14.977009
19.192037
18.266966
18.373510
16.986001
18.385488
18.036926
19.614294
19.489041
18.242678
19.064702
21.318253
21.765360
21.861252
20.009592
20.523610
23.700750
21.652761
22.656592
15.795391
17.180276
16.251820
17.811347
16.923023
17.118621
16.782461
17.340976
17.830248
17.194064
16.355716
16.490929
14.945531
16.510212
16.086411
17.245706
16.395535
17.265063
16.559918
16.227991
15.545296
17.574443
14.900324
15.735904
15.044785
13.948579
14.633268
14.814898
16.116595
15.664866
16.064629
15.338112
15.968757
14.837731
16.403300
15.930317
15.683079
15.829140
15.193789
20.071924
21.607365
20.814807
21.415812
22.927520
22.282139
17.406554
18.567917
22.048909
20.762652
19.876626
19.698585
20.187912
22.059953
21.700643
20.784832
22.426082
23.016701
22.001168
20.762519
18.677240
21.146899
19.818634
19.615706
20.481156
20.267055
20.784479
21.185503
16.922202
17.017939
18.227818
17.826152
17.506861
17.790251
17.236638
16.824862
17.382627
17.754123
19.119978
17.718046
18.809060
17.241304
17.921877
16.025988
15.940169
15.955093
16.194562
15.274673
16.270574
15.815019
16.334207
14.310396
16.589128
15.205124
19.910779
17.597562
18.783645
17.059090
18.761543
16.973595
18.205264
17.641685
18.534992
18.332036
17.422617
24.900373
23.845167
24.565048
25.376671
24.422017
26.032910
21.961158
24.146398
20.787986
22.449327
21.882743
21.785518
21.211309
21.996388
21.358895
21.111781
20.827805
16.919933
16.611981
16.102029
16.165713
18.583878
16.264417
17.478224
18.233374
17.219354
18.407190
17.448630
16.252087
18.340498
16.302779
17.549598
17.512919
16.772920
15.511188
14.631313
14.872252
15.920187
18.786273
15.816814
17.209450
13.710570
15.352206
13.463877
13.795615
14.380201
15.019858
14.289599
15.160902
15.222064
15.277338
15.574991
14.858964
15.818685
15.021532
15.296884
15.277564
15.095899
14.346709
13.519402
15.000462
13.283907
13.175444
17.802355
16.624924
16.012406
16.566438
15.747503
16.166047
16.178549
15.964364
15.586580
17.847111
18.347519
17.823650
18.200890
19.096577
18.517133
19.385632
17.601271
17.938212
17.127603
17.843633
17.846562
14.128346
13.639486
14.031489
13.967362
13.225745
14.177407
13.766302
13.999163
15.575320
17.019613
15.138915
15.974765
16.578685
16.174631
15.159028
16.791771
16.411243
15.236951
14.451191
15.559491
14.398485
16.219056
16.937124
17.130501
16.657537
17.798891
16.299330
16.586270
17.231574
16.173856
17.039842
15.733181
14.779568
15.512209
14.793960
15.618059
14.018369
14.519938
14.654156
16.647816
18.145838
16.497525
15.262881
15.982661
16.912604
15.684450
20.485464
19.005311
20.593624
20.759655
19.939439
20.022646
19.576024
20.852481
19.427988
17.565602
20.425805
19.737758
20.544246
18.337317
19.556104
20.274838
18.650903
19.420174
20.519049
20.357098
18.676369
18.250897
21.370530
20.052262
20.582124
22.024891
18.819506
21.256104
20.329080
18.683830
19.817540
21.347154
20.054262
21.238247
19.168993
20.524830
20.012893
21.250899
19.661204
19.989909
21.314084
19.043197
19.994270
21.209299
19.912893
21.768264
20.814963
22.597364
22.188783
22.981328
21.496361
22.034741
23.075021
23.105257
26.020529
24.078206
22.948000
22.466667
24.294749
24.603633
19.103244
18.809498
19.202801
18.724833
17.370113
18.846609
17.744920
19.733927
17.450201
19.514428
20.412248
18.597074
19.315920
20.787082
19.972161
19.678914
20.487366
19.107658
17.992971
19.175775
17.362844
19.398496
18.254310
18.477171
18.542397
17.446966
17.820176
18.756351
18.394459
17.484124
18.364969
17.001222
18.205224
20.315000
20.811645
20.285347
20.839949
15.855762
17.410579
15.833103
16.796002
15.866732
16.680751
16.731799
15.639657
16.267235
16.640180
16.600065
17.803034
15.473779
15.347291
15.332462
14.388411
16.571436
15.469118
14.801783
13.625430
14.349850
14.656203
13.907809
14.946941
15.423722
15.731668
15.390398
15.757196
15.999344
16.977233
16.643174
17.820779
17.184202
17.722324
17.047413
16.527944
16.794070
15.541016
16.921497
16.004176
16.770094
16.163452
16.156127
15.876200
16.157156
18.075346
18.230438
19.180980
18.287739
18.130880
17.823802
18.511709
17.645229
18.621551
18.457831
16.893645
17.778644
17.662469
16.210072
18.022411
17.146491
19.149900
18.578332
18.465844
18.769185
19.747998
17.993790
17.337389
16.938972
18.877423
18.612871
18.848271
18.775882
17.619653
19.832201
18.253464
19.751108
19.471073
17.915931
19.063958
18.221711
17.011870
17.690898
17.931641
16.785951
19.992801
18.315484
16.231837
17.590551
16.453279
17.011227
16.592520
16.383097
21.272850
22.060378
22.226595
22.699998
21.188674
23.971954
23.521778
23.344549
23.114460
23.222920
21.971038
24.380853
24.555302
21.233806
24.708234
24.160632
24.381720
22.896913
23.272139
24.414119
22.118158
20.733578
21.261906
22.955418
23.221776
22.571873
22.518286
22.804928
20.539008
15.444135
14.309197
15.164266
14.960911
15.725730
15.625685
14.455906
14.178804
14.187416
15.745587
15.589648
15.250413
15.448723
14.962426
16.322792
15.592192
14.905271
15.499580
15.151716
14.387347
14.316489
14.511774
15.173705
14.581126
16.708492
17.096428
17.313361
17.175380
15.998555
17.367134
16.677678
17.226453
17.072007
16.700697
15.637562
16.243939
16.583367
18.055783
16.354682
16.384488
16.078833
15.809526
19.039126
17.263239
17.957312
17.996614
14.175000
14.557078
13.979013
15.712365
15.583626
15.717875
15.088202
15.917891
15.779050
15.110968
14.957517
14.775705
14.994779
13.828698
14.225969
13.485229
13.595942
13.175686
14.717155
16.711473
15.996337
15.502754
15.582659
14.293865
13.614841
15.242983
14.791010
14.563391
15.264516
14.219123
14.834011
14.934695
14.082025
14.384673
13.440056
16.819594
15.753040
16.083678
15.737415
15.445496
15.645343
17.335611
16.294372
15.952951
15.416644
15.178014
17.302684
16.383352
16.477781
15.526387
16.822584
15.687977
16.608113
16.047034
17.004641
17.472086
15.719133
19.595283
17.438223
14.709393
15.586677
15.824459
19.433570
20.077704
20.268874
20.276518
19.428066
19.185809
16.801953
16.267401
15.621574
16.109524
16.007796
17.045139
16.494632
16.333766
15.624640
20.045052
18.587669
19.266961
19.534578
18.904106
17.442173
18.187392
17.682634
17.533805
17.547775
17.078675
17.227342
16.105203
16.926841
16.700361
17.331829
15.306526
16.293077
16.908212
17.240725
15.730383
17.351136
17.059316
26.488794
26.534372
26.999038
25.798135
25.486877
27.574365
22.137198
26.153634
23.545950
23.541812
22.901006
22.550384
22.208681
24.098111
24.652820
22.224427
20.987100
20.391569
24.668888
21.880694
21.540945
23.030385
22.335032
20.826971
21.913805
20.370942
19.848707
20.742662
21.100428
21.058627
20.894974
20.232323
21.238610
20.068845
24.164507
20.566595
16.049846
15.707848
15.910715
17.309893
16.227899
16.847384
16.293548
15.889925
16.741869
17.966191
17.956973
16.787007
16.618928
17.070984
16.698500
16.385685
18.018615
17.475440
19.815864
19.488298
19.270155
19.899156
20.748559
19.205454
18.162442
18.556329
17.657299
19.260731
19.232916
21.586893
21.327087
21.565363
21.696610
21.624341
21.518614
20.445751
20.637329
21.365309
20.232113
18.940635
20.595931
22.500601
20.044252
21.535530
21.425479
18.113822
18.516308
19.398394
18.996362
18.691277
18.856267
19.308627
20.606658
19.755036
21.173461
18.690120
19.618723
18.775000
19.024591
17.530373
17.837801
20.773484
20.653914
20.979737
19.235040
20.478042
19.514630
22.628890
20.494766
18.909546
19.507485
19.829791
20.495266
20.571414
19.325193
20.080849
19.408407
21.047171
19.484954
20.200896
18.922434
19.286242
19.996543
19.494468
19.345044
19.006795
17.411157
19.904068
18.020333
19.486458
18.725685
19.491041
19.243016
18.575462
17.661846
18.974820
16.657535
17.905472
18.028955
19.775051
20.100960
20.716392
19.185718
21.009754
 9.221878
 9.271118
 8.580259
 9.346626
 9.340852
 8.960811
 9.802375
11.513117
11.025912
12.076082
11.281801
14.713322
14.828266
14.093488
14.996127
14.041317
15.470397
13.576370
13.232475
14.066023
14.748925
14.838945
14.507986
14.059634
14.490531
15.025531
13.691090
16.143043
14.393199
15.413029
16.278796
14.577518
15.312356
14.410458
15.371158
13.893052
13.956130
14.539254
13.956355
14.490848
14.593524
14.141174
15.033971
15.119343
14.874428
14.854511
14.146788
13.903401
15.052790
16.009186
16.641920
16.310221
15.785392
17.125735
15.955612
18.230917
17.171110
17.791906
16.152785
18.096764
16.368978
15.746512
17.082857
17.605902
18.228788
17.307222
16.602259
17.340301
18.042275
16.979332
17.420567
16.854289
16.833416
17.714787
17.099130
16.818317
13.884562
13.590795
13.066786
12.718102
13.412543
13.465968
13.735426
11.866022
13.330244
13.625393
12.916916
13.375056
14.075754
14.530332
14.740694
14.177975
13.087077
13.152837
13.577033
13.494185
13.409929
18.878284
19.231196
18.277652
18.155005
15.218236
16.832280
16.488712
16.685575
17.089237
16.448156
16.763106
15.738604
16.458272
17.726970
17.286678
15.924568
18.371265
17.923700
19.440244
18.450244
15.691344
17.477928
17.015986
16.623457
16.081924
17.328658
16.354286
17.012173
17.869272
19.105801
16.277020
17.172929
20.480162
19.415257
21.773225
19.157354
19.270982
20.904969
22.158784
20.297612
19.902101
20.068896
20.499544
20.128348
19.783923
19.462974
20.034265
19.267877
20.023533
20.438546
20.103737
21.293822
19.807624
14.897096
14.213438
13.729349
14.685856
13.449548
13.838030
14.185554
14.472579
15.936093
15.255949
14.806260
14.501131
13.360735
15.567102
20.871826
21.026771
21.073225
22.477826
22.006244
19.366480
19.390065
19.967469
22.271190
21.135865
20.929780
21.565790
23.060224
22.620209
24.448580
24.534499
23.911647
22.788441
15.075436
14.342640
14.508691
15.167521
14.400328
14.192594
15.718872
14.774630
16.017992
14.914287
14.846083
16.768808
15.789051
16.823170
16.275556
17.003168
17.018244
16.215056
15.954135
16.818050
16.224725
15.527981
16.292033
16.329848
16.190218
16.617401
17.090121
16.675736
16.945896
17.524734
15.290910
15.443449
16.225231
16.089629
16.179654
15.763178
15.592216
14.974382
13.945220
14.344454
13.856168
13.715156
13.640120
12.355366
13.868071
13.275187
16.584667
17.107340
16.533774
17.139760
17.098022
16.463155
17.624636
17.255616
15.740496
17.787492
18.676504
14.663607
15.603310
15.431662
17.797012
18.328267
17.114047
18.028498
17.327586
17.254167
16.242746
16.044696
10.552866
11.328860
12.107835
12.049383
12.197988
10.976464
11.193707
12.560215
10.813170
11.587325
12.211144
12.289865
12.119426
12.222530
12.034336
12.008742
12.736526
11.202748
12.888141
20.270654
20.286630
20.130678
15.918049
14.934312
16.842711
15.524890
16.516415
16.665326
15.489566
15.419843
15.137519
15.072041
14.893996
16.690241
14.743325
15.463280
14.412939
15.447827
15.642826
15.435508
15.478289
15.029864
15.597352
16.352455
16.467504
15.335363
14.784085
15.346042
15.920478
14.073047
14.657076
16.320478
15.343282
16.018902
16.159896
16.049536
16.116212
14.939584
12.742157
12.838767
11.853332
12.621871
13.470983
13.348039
13.362973
13.369858
13.201188
13.141249
13.227455
12.869114
12.376207
12.720177
11.953281
12.249620
11.622080
14.417579
13.996665
13.675682
13.115275
13.658530
13.730409
14.112575
16.797890
17.191613
16.953877
16.227532
20.008263
21.478869
20.482739
21.456011
19.381707
19.731877
19.596049
18.519238
18.677731
19.358028
20.380374
20.298278
19.846582
19.727905
18.272050
20.099544
19.300536
17.949771
18.550669
19.438769
19.540354
18.176787
19.419819
17.951633
19.499847
19.064854
20.235074
19.233712
21.002913
20.477463
21.656786
19.715497
21.859076
19.217871
20.585768
20.085546
19.482720
19.401709
18.448346
20.014578
19.190663
19.015951
20.046918
20.181381
18.417216
20.564765
20.675142
20.612990
20.275222
19.581483
22.450714
17.676172
18.868689
18.937457
18.378749
17.113767
18.613038
17.620110
19.299814
18.178828
18.165446
18.057348
17.425032
17.424619
17.670346
17.832159
18.648099
17.278140
17.535774
17.381926
16.759402
17.523991
16.496337
16.754839
17.726422
20.067986
20.960684
20.086805
20.521911
20.231615
20.229836
19.638103
19.711918
21.227017
21.225056
21.212032
20.391659
21.534573
20.199016
21.852439
21.586209
20.947598
18.851949
18.219510
22.136171
22.382728
21.640482
22.501230
24.376372
22.850596
23.262493
23.333753
20.923208
22.673025
19.278539
20.679088
20.025993
20.385415
21.144364
19.600079
19.968810
19.381516
19.387220
20.180744
19.396157
19.518052
18.202384
19.002640
17.566892
21.028366
21.017367
19.074468
21.056619
19.404799
19.893566
20.864321
22.606408
20.091941
20.213826
19.865784
19.726840
20.367849
19.681676
19.144768
19.032129
20.875307
22.016336
18.755728
18.125307
18.328458
19.437854
18.728418
18.894086
20.215589
20.302799
22.456110
21.543983
21.611746
20.206835
22.318187
21.473013
20.847641
22.702270
22.936522
21.777101
20.489855
21.954638
20.382529
21.262851
19.281826
21.425133
20.316849
20.868150
19.121016
20.801770
20.571011
20.585424
22.050553
19.345927
19.880786
21.025981
21.524175
20.602367
21.147092
20.766621
19.025095
21.012045
18.350621
20.565340
20.887572
21.114296
21.870342
21.242175
21.000494
20.672123
19.433397
20.055455
19.729368
20.975671
21.144218
19.179883
19.667459
15.653676
14.054219
15.140654
14.622104
15.398443
14.262451
13.995805
14.861303
14.848370
15.379636
15.753909
15.926835
15.204239
15.089726
14.694970
16.502777
14.371329
15.555658
15.069348
16.111808
16.415511
16.120485
15.720814
18.481173
17.619100
17.198010
18.472656
20.674723
18.729579
20.908154
19.984484
19.924483
20.779036
20.460426
20.633997
21.962780
22.934258
23.726793
22.727000
24.903529
25.031721
25.873406
24.078012
23.371385
25.166377
25.739654
25.411663
25.074506
23.121627
25.501806
24.829071
25.142469
21.870912
13.296363
12.361479
13.124578
11.858732
12.360392
12.029582
13.078847
12.681084
12.753659
12.695175
12.804572
15.109162
14.927238
14.740067
14.398180
14.024135
14.195629
15.058044
15.392829
15.354669
14.256230
14.769161
15.824322
14.819902
13.789088
15.336419
14.814054
13.523139
14.338746
14.296201
14.949663
15.265476
14.930930
14.046850
15.621926
12.245570
13.006467
11.520169
13.611146
13.031438
12.823639
14.846834
15.438735
14.743548
14.875976
11.972161
12.488010
11.616365
11.871591
12.883695
11.446494
12.558621
12.374521
14.766569
14.061729
14.321259
13.801734
15.606286
19.885611
18.493743
18.626059
16.994163
19.014183
18.834633
18.035140
18.572530
19.565476
19.268681
18.347163
17.979850
12.331954
12.093055
11.743336
11.793059
12.356121
10.582640
11.344586
11.345009
10.716910
10.478481
10.794886
10.525630
10.931326
 9.979986
 9.855607
11.445121
10.988458
12.470734
10.925439
11.116513
11.546008
12.619947
12.732150
13.151425
12.371945
12.888994
13.352265
14.632524
14.540210
13.651492
13.550433
14.790404
13.735999
14.283231
15.193325
12.857642
13.559833
14.111681
13.779519
12.674172
13.950361
12.798377
14.105381
13.066028
13.992805
12.906078
13.093587
12.210153
12.460285
13.112034
12.111089
12.734073
12.792862
12.375583
13.020625
12.568948
12.328738
13.084056
13.264031
12.757273
10.752930
10.599972
 9.537066
11.300717
11.087603
10.643833
11.755809
11.436402
11.949055
11.260933
11.191481
11.298331
11.508789
11.156204
11.607280
11.196097
13.357332
12.535134
12.721958
13.213550
13.145013
12.851910
17.995539
20.760341
19.131517
16.588779
16.390055
15.426939
16.956987
16.249068
15.830585
14.819249
15.417140
16.564571
14.338755
16.124945
15.075683
14.891723
16.365133
16.167811
17.811711
17.254650
17.286425
18.600442
16.485826
16.502227
16.654778
17.221614
17.968148
17.212893
17.295126
17.441673
17.365161
15.640253
18.796730
16.039680
17.482663
18.539666
19.035977
18.943353
18.566455
20.041268
19.135951
20.819257
19.451521
20.775961
20.207048
22.065711
20.442120
22.001441
21.370649
20.450523
21.546757
12.692204
12.827295
12.732948
12.114586
12.376380
12.172500
10.233696
 9.547186
 9.645115
10.105636
 9.945247
 9.652099
10.460933
10.263681
 9.634197
10.348775
11.380428
10.907127
20.201523
20.493072
21.357450
20.624097
21.850099
20.721378
20.221816
20.311264
20.473403
22.823313
20.293743
19.688042
20.116843
21.248692
19.815494
21.321889
22.063675
20.509390
21.867169
20.677958
22.338224
22.240850
19.899705
20.392843
19.466414
17.343324
17.109584
17.938185
17.320900
16.337940
16.683627
16.597546
17.200978
18.324241
16.977187
16.524318
16.479480
17.325981
17.450127
16.536886
15.667330
16.282238
15.182527
15.311580
18.391299
18.987286
18.624106
18.141174
19.709202
20.902011
19.620461
20.250726
20.491528
19.955626
20.469917
20.444379
20.860831
20.176561
20.168885
17.741200
17.786891
18.240452
17.241532
16.597333
17.070580
17.777589
17.186120
18.416792
16.782538
16.817997
15.887421
16.629763
17.401135
15.816506
14.889398
13.654630
14.766593
15.813149
14.498916
14.904518
19.086614
19.791658
17.710364
17.209151
19.377348
18.326988
18.729050
15.407855
15.968098
17.116471
16.511394
16.140058
17.764943
16.858442
15.831408
16.895113
16.685913
15.683073
16.507283
15.646783
17.507497
16.572730
16.287032
16.381270
18.195858
17.048646
18.813481
17.403684
17.454046
15.931839
18.415845
16.211668
16.831503
17.052743
17.329171
16.686003
16.513557
17.946040
15.860421
17.072841
15.427894
17.726190
16.072420
16.715013
17.785278
16.248826
17.138966
16.842740
17.592498
17.112951
15.635376
16.809152
17.603360
16.844071
17.058206
15.716382
16.820770
16.468628
15.688301
15.388138
19.924102
19.141670
19.808243
19.291993
18.712124
19.112620
19.267260
17.878678
18.780286
18.035081
17.924709
19.321513
19.378243
17.697690
19.796243
18.748546
19.524299
17.812775
18.319791
19.768545
17.564512
17.725668
20.512124
19.336163
19.708933
20.357691
20.323285
20.240150
20.610454
19.613488
19.020572
18.600334
19.314095
16.912564
19.312483
18.246057
17.959657
17.301127
18.943584
24.507104
23.297879
24.025649
23.198579
23.588414
23.774895
24.840251
26.104624
25.460034
26.686225
26.439283
24.853194
23.649312
22.552675
23.786813
23.046633
21.991247
20.964642
22.741742
21.945748
21.384745
21.023490
22.005016
14.288790
14.925778
14.571132
14.469082
13.230383
13.249085
14.594513
12.262325
12.576944
13.112348
13.320703
13.695685
13.235253
12.151022
13.173563
12.100906
12.752845
12.858065
12.723597
13.066755
12.631294
13.604763
11.137118
10.822893
11.783246
12.385999
11.474550
12.429665
11.264303
13.321149
13.727622
12.998022
13.520573
11.658462
11.711188
12.417183
12.052001
12.111691
11.164131
11.409415
12.124368
11.965113
13.133244
12.628449
11.985723
10.739779
13.020073
12.157790
14.344164
13.962233
11.319748
11.591687
12.143718
12.645271
11.668621
17.023450
15.273412
16.465812
16.134107
16.193475
17.551943
15.932686
17.196923
16.986216
18.192847
18.017153
17.260110
16.680703
17.172240
16.182184
17.476819
17.760034
17.864208
18.737916
16.372395
16.108827
17.589016
17.830390
18.265181
16.857088
15.349798
16.208042
14.696800
15.690179
15.887987
16.406953
