14.412786
14.908337
15.054565
14.619508
14.863742
14.936161
14.769815
15.215796
15.529009
15.574203
13.930349
15.456546
15.415203
13.569287
15.658462
15.493310
16.229824
14.905330
16.127191
15.866483
15.199561
15.027543
15.947640
16.158837
16.688267
11.723532
12.367591
11.903702
13.246965
13.101289
12.724074
13.186863
13.253955
13.133662
12.384207
13.132696
13.213012
12.885175
13.666611
13.870899
14.090931
13.705381
15.106379
14.319896
18.682976
18.480659
17.578250
15.584708
17.294920
16.008364
15.218304
13.848223
15.700839
13.821090
14.967605
15.616462
13.566408
15.338977
15.479149
15.386658
13.326312
15.122434
20.913276
20.939433
20.587773
19.527477
21.911752
21.412783
18.939035
18.269971
19.139720
17.686587
18.733124
18.809643
17.579823
18.939219
19.656669
19.164215
19.157813
20.142900
17.884288
18.812766
16.818300
18.112399
17.367929
18.171056
20.585865
18.660504
19.902559
19.230933
20.213978
18.048887
17.881062
18.537848
19.086345
19.210784
18.998151
18.069727
20.295038
18.633578
19.159815
19.656625
20.257442
19.292578
20.991762
21.175234
20.494083
17.978497
18.089168
20.128009
20.197929
19.614316
19.681076
20.335296
20.044883
19.114000
19.811755
19.240483
18.427883
18.878657
21.502710
19.279678
19.423394
20.366478
21.628579
20.555008
21.919204
20.040314
12.099300
11.861593
13.778379
12.742867
12.365726
12.328376
12.527041
13.001153
11.121549
12.342385
11.832339
12.464785
12.084163
11.956666
11.829731
12.133373
12.689880
12.875644
13.194696
12.538769
12.080835
12.116564
11.722878
13.534274
13.030368
13.977391
12.451974
13.076517
12.984106
12.023479
13.441540
12.564140
13.792871
17.256440
17.824347
18.612044
17.820240
17.922267
18.908689
18.276485
18.282188
17.246473
11.177395
11.380173
11.492275
11.108333
13.836268
14.286800
15.695675
14.425473
15.215340
15.115812
13.952896
14.674421
14.516185
12.672608
12.876047
12.734350
13.742191
13.764369
13.059526
13.485877
12.379719
12.869942
14.111959
15.202169
15.352209
15.954992
15.944052
16.555902
13.721252
12.509040
11.928785
13.554503
12.860600
13.549521
11.939530
12.849847
11.962710
12.416062
16.607713
14.128751
15.976314
16.769739
15.766946
15.303199
16.565692
16.256985
16.972444
15.688193
17.494699
17.381974
16.719945
15.766560
16.728243
14.409040
13.002568
13.722402
13.768246
13.695921
14.030526
13.328060
12.474369
11.913304
11.902510
12.457014
12.594521
12.869720
11.868139
12.427573
11.899413
12.673548
11.454289
11.955069
12.744325
12.844890
12.222027
12.452242
12.324257
12.017886
11.717976
12.560117
11.795426
11.587737
11.832205
12.802049
11.904342
12.221782
10.814649
10.341829
 9.824126
 9.770982
 9.174292
 9.889696
 9.638631
 9.649054
11.739406
11.565444
11.421995
11.419957
11.414314
11.198332
12.251955
 9.798206
10.179790
10.390936
 9.380922
 9.557988
10.284333
10.386032
 8.887473
 8.719489
 8.132751
 9.906328
 9.692916
10.074932
 8.932262
 9.744574
 8.089233
 7.901220
 8.240637
 7.927567
 8.318684
 8.856213
 8.631240
 9.869144
 9.282110
 9.284576
 9.141405
 9.640143
 9.815721
 9.988492
 9.231212
 9.163706
 9.303089
 8.838681
 9.517060
17.638161
18.450924
19.422021
17.980247
18.776084
19.260069
14.100140
14.586179
13.898087
13.423700
13.953255
12.458238
14.055125
15.900397
14.810346
13.546065
13.633999
13.764345
13.615954
14.476395
13.156884
13.849321
13.964796
14.389749
15.855023
16.738067
17.082588
16.426012
15.791202
15.445727
15.733293
16.578323
15.645309
17.146235
15.900356
17.588250
15.323436
16.919692
16.471428
15.160017
16.540590
19.258871
18.531665
19.190674
18.122424
18.663259
18.073601
20.103463
20.520253
18.989426
19.723869
18.159128
19.969696
17.253447
18.730595
18.668416
17.748938
19.407593
19.136694
18.004957
18.774412
19.054982
17.552010
17.958555
18.299232
20.029677
19.698068
14.183276
16.859423
16.842059
17.348082
17.529641
16.772937
16.955477
17.747815
16.390461
17.066182
15.370787
15.754028
18.229068
16.583222
16.696191
15.975905
19.132379
19.508839
17.928001
19.592710
20.083481
21.077746
21.604133
20.862127
19.593441
21.969177
21.661506
20.340794
19.726468
21.849515
20.689362
21.824167
21.984338
22.046380
22.691186
22.517517
21.148272
23.278892
22.680090
23.498746
22.148801
22.996621
22.603437
22.360839
24.122175
23.100404
25.021043
23.739231
21.993024
22.236864
20.224860
19.720350
21.160986
20.843081
19.314123
19.564997
20.727315
20.412633
26.321251
23.277197
23.665497
22.259504
20.845626
21.964051
23.283044
22.007780
21.250717
20.717373
21.293556
20.459841
21.898706
20.929700
19.929653
20.530417
24.264492
23.393068
25.546752
21.293283
20.481385
20.670346
20.785750
20.649915
20.854305
23.356514
24.683661
21.876024
21.651177
21.686963
21.427624
20.588069
22.751970
21.956394
22.780642
20.789857
22.139324
20.022561
21.626596
21.392511
21.445020
20.567968
20.479096
21.284150
19.935064
19.729772
20.255162
21.666084
22.158937
21.946300
19.717489
19.917136
20.145924
22.554001
21.939531
23.074108
21.869306
21.180593
20.728017
20.608293
21.840540
21.609243
21.837025
20.830432
22.230916
22.540411
20.845987
22.023517
21.047890
24.131082
24.778738
25.504890
24.842124
24.122288
16.770170
14.934148
14.862619
14.992049
15.558947
14.743562
14.462090
15.104589
14.507246
14.668852
18.481306
18.588007
18.884709
16.881021
16.400327
17.493620
17.856039
17.560748
19.448780
17.025422
17.342278
17.863804
15.502433
15.439309
19.529410
19.462333
17.686397
19.669648
17.839819
17.179082
18.074432
19.524416
20.172263
21.244448
19.355601
19.195060
16.305907
16.674450
16.119642
16.685424
19.871737
20.750949
19.886384
17.725781
17.994458
17.157065
16.569930
17.786157
17.241629
18.336354
18.309082
18.026295
18.379585
15.214341
15.299918
14.792346
17.617500
17.956546
17.703793
18.716678
18.487936
16.715856
18.904273
19.411023
19.419381
20.581235
17.115472
16.905061
17.735995
17.054644
17.974141
18.680844
12.725589
12.677737
12.214251
12.441121
12.338771
11.273133
11.388754
14.046345
14.416735
13.301822
12.219071
12.815811
12.139802
11.891162
12.372289
11.340333
11.610106
12.655479
12.670451
12.616017
13.215132
12.863291
12.980401
11.670150
12.704903
13.913444
15.414422
12.291896
12.026741
12.965473
12.630282
12.465461
12.139604
11.914068
14.726231
13.881907
14.285008
15.193874
15.994676
15.219824
15.036506
14.021535
16.643748
15.110864
14.541050
14.168049
13.714540
14.834447
14.210271
13.929518
10.738288
10.562064
10.906077
11.712479
10.801655
10.242885
10.150824
 9.929475
10.509040
 9.655438
 9.633586
 9.467040
10.148245
 9.818574
 9.423679
 8.907457
 9.354701
 8.884481
 8.634724
 9.370746
 9.289810
11.209351
10.689500
10.346636
10.496620
10.355842
16.810515
16.676028
16.988437
17.480231
15.504711
16.048662
16.202803
16.620923
15.969916
15.015325
13.712177
15.071974
17.196362
18.765147
18.557456
16.811808
16.355113
18.329918
17.163329
13.104595
13.431172
12.801637
12.978385
12.525619
12.224909
12.923065
12.624891
12.631196
12.477402
12.870077
11.908134
12.418632
13.879649
13.099147
13.289056
12.064835
13.695513
13.613203
12.198871
12.297020
12.602389
13.496783
14.044089
13.497132
12.632113
12.683573
12.287986
13.253407
12.097850
11.954378
12.006241
11.953263
11.359170
11.483200
10.184173
11.244990
13.386771
13.985950
14.164668
12.519336
12.776090
12.039791
12.470219
11.981212
11.891982
12.447813
12.391627
10.584601
12.028556
11.023844
12.388998
11.408679
10.102599
11.296876
11.209054
10.926679
 9.781543
 9.544974
 9.181031
 9.604666
10.392368
10.641289
11.845220
10.537030
10.851603
11.672924
10.999207
10.844887
10.684587
11.135747
10.575056
11.302726
10.828733
12.074963
11.425412
11.997073
11.891400
11.981225
10.591662
12.588971
 9.844593
 9.678246
 9.490211
 8.594096
 8.988970
 9.985802
10.105720
10.763858
10.784797
10.219751
10.351964
10.335313
10.670475
14.490460
14.652451
14.080492
13.088901
15.277289
14.617809
15.108429
16.036884
14.246059
13.583360
13.980426
 9.942974
 9.498047
 9.306923
 9.283950
 8.851544
 9.671941
 9.640434
10.091879
 9.318451
 9.515457
 9.126661
 9.216794
 9.288024
 8.929763
 8.243856
 9.283687
 8.937649
 9.075103
 8.685827
 7.609121
 7.383960
 7.231896
 7.164034
13.861956
14.408517
12.142404
11.727213
11.709588
12.075448
11.079746
11.327059
11.958755
10.779767
10.322301
12.743824
12.381617
11.835063
12.810574
12.946141
10.850376
11.299643
13.734001
14.331451
13.329924
14.131604
13.945135
13.186169
12.307066
12.628163
12.339528
12.885337
11.921596
13.000204
12.551136
11.511888
11.027802
13.490353
12.810607
13.413203
13.569140
12.910360
12.697657
12.418153
11.880707
11.759191
11.763104
12.256700
12.654785
11.489262
12.500397
12.380510
12.920296
12.773621
12.894537
12.367456
13.561741
13.738297
13.657588
13.500082
12.168981
13.379156
14.208074
11.676340
11.391421
10.844373
12.861190
13.035883
13.278345
 9.455880
 9.652101
 9.827248
 9.503824
 9.380774
 9.372730
18.999511
17.799045
19.880972
19.532742
17.993812
18.408782
18.189851
17.848695
19.493399
19.358669
18.496730
18.960652
18.002714
14.289550
13.760128
14.116829
12.787672
14.620149
13.386100
14.279612
13.816532
13.058422
15.352965
14.198942
14.215860
13.880841
13.807974
14.283930
13.726814
14.009563
13.324005
13.334082
12.572119
11.601613
12.719754
11.776420
12.601709
11.571713
12.230929
13.489111
12.837124
12.662832
12.108276
12.893227
12.529622
12.820361
11.609042
12.704245
12.177992
12.922897
16.565415
18.425826
18.626459
18.367851
17.404716
19.393006
21.174663
21.210840
19.475187
17.870957
18.575472
19.397407
18.804952
19.541575
19.765609
20.603778
20.673841
22.646221
22.332120
21.463821
20.537575
19.741566
20.534323
20.038797
18.334818
12.741772
13.970988
12.733775
13.743453
13.664586
14.210056
13.544707
14.875612
14.052067
15.700986
15.401745
13.620718
14.130922
14.618376
13.215358
14.415668
15.696024
14.615459
14.513688
15.420021
14.827715
15.272502
14.804542
13.615224
12.772987
13.664032
14.760286
12.998183
12.016388
12.810957
18.799268
19.680429
18.571696
18.575865
18.044634
18.308186
18.226656
17.736472
17.255967
17.641876
18.098417
17.347408
18.539669
17.291842
12.437727
13.342719
10.779346
11.764144
10.716669
11.742062
11.158744
10.775283
10.793894
12.206608
12.654536
12.233624
11.855381
13.153586
12.805967
17.073914
17.722202
16.563562
16.494675
17.372294
15.884255
16.490704
16.775826
17.018234
16.047220
16.701786
15.457974
14.629710
15.355659
12.860367
12.289460
13.023610
13.910768
12.667663
11.881903
12.316459
12.162542
12.279873
17.527548
18.342040
17.531901
18.289688
16.621396
16.304304
13.512674
13.988561
11.832482
12.848794
12.760215
12.476176
12.549083
12.327535
11.878734
12.383624
11.987718
11.725971
12.402960
11.576215
11.336821
11.432537
11.708934
11.246715
12.095376
12.292338
13.683598
13.108446
12.603783
12.154570
12.939207
13.550434
14.018457
13.038117
14.001666
14.735155
13.285213
13.324089
13.951426
12.975489
14.385793
12.920471
13.806767
13.663022
13.012932
13.116001
13.067738
12.538623
13.060264
12.406584
13.525809
13.686209
13.885474
13.326452
12.679350
13.325303
13.575534
14.693373
13.835649
13.834052
16.869411
15.714356
13.220641
14.559171
13.677934
14.224975
14.068382
15.010656
13.937132
14.759223
14.201084
15.086742
14.535478
14.059696
16.624209
15.692995
13.445435
13.388692
13.476491
11.207117
12.400357
11.845495
11.662906
12.841841
11.502676
11.555202
13.269860
13.014613
13.029825
14.712526
13.456154
12.671253
13.757822
13.281826
12.732183
13.604168
12.784867
13.659183
12.045677
13.278699
14.454587
12.700777
13.256175
12.326317
25.148172
27.132583
24.381756
24.266425
25.685921
25.417199
21.940553
21.983893
20.919128
20.883932
20.243360
18.140113
19.898054
19.868003
18.216393
20.144999
21.012113
19.151696
18.951030
18.959574
18.946852
18.682774
18.917997
19.346650
18.853255
20.046654
20.343351
19.513681
20.549616
20.529204
19.599208
14.072327
13.946223
13.509578
12.596915
13.804353
12.652382
14.118210
14.913909
15.724010
15.273897
14.149620
16.142283
16.826033
16.385284
16.052587
13.368805
14.079242
14.133507
13.882318
12.968497
12.841715
13.169374
13.698946
13.791143
14.929903
15.902712
13.492347
16.028145
15.011411
15.363903
15.940441
16.586661
15.657869
16.892575
16.756778
16.121050
16.994389
16.533218
22.081543
23.444108
23.504213
22.230405
22.642516
21.649483
21.849377
21.750533
21.539472
20.195426
21.954286
21.546107
22.351442
20.562168
22.111554
23.486459
23.657472
23.028491
22.951674
24.137843
28.638551
27.501086
25.892279
29.841621
28.534720
29.583107
27.338061
28.296358
27.607032
28.107344
27.704750
26.661943
23.966035
26.562913
25.702339
24.418685
 8.878198
 9.048385
 8.027317
 8.500641
 7.970698
 7.353213
 7.876083
 7.826787
 8.266078
 7.902639
15.785417
15.632061
12.951262
13.912935
15.347276
15.177237
13.848524
15.055432
16.106763
16.870985
18.878010
20.739339
20.451965
20.019025
19.466837
18.545587
18.515697
19.085380
18.973872
17.176504
20.455474
22.382392
20.789922
20.859876
22.626317
20.713575
21.769835
21.972536
19.679925
20.703697
20.019606
20.714096
21.186625
19.466059
22.114720
18.868432
18.826639
20.350705
20.378354
21.163015
26.080764
28.161555
27.675704
25.906410
27.989444
27.295864
26.467697
24.976517
28.859360
27.384872
29.173600
30.007603
31.929208
30.825191
32.994792
31.821717
31.761844
30.973801
32.022103
30.501372
31.935433
20.467659
20.697269
21.882523
20.795098
19.898404
19.713925
19.415154
18.791140
19.504574
20.220909
16.316226
15.878680
15.685800
16.391074
15.864872
17.315196
16.844472
15.893851
17.456254
16.189844
16.747649
15.733571
17.404722
15.657187
17.047820
16.919905
15.313670
16.273843
15.249858
14.710398
14.350595
17.283589
17.512496
15.754689
16.151403
17.617483
16.594254
16.234132
10.135208
10.062810
10.504725
10.574394
10.419710
11.504736
10.872948
10.505643
10.409546
10.270516
10.419472
11.017706
10.928270
10.861111
11.775172
10.816581
10.859568
11.481514
10.727766
 9.976828
11.162600
10.702096
10.005834
10.922595
10.714059
11.035625
11.766019
12.034180
17.896817
16.066343
16.936092
17.346868
18.107651
18.638194
19.267170
18.710058
18.847799
18.461338
16.324698
15.649724
15.901048
16.216576
15.544400
15.630954
15.016926
14.624366
15.175193
14.134090
14.891182
13.624840
13.828491
14.324499
13.424095
15.126801
13.576044
16.445375
14.739682
15.045086
14.156314
15.091146
13.911625
15.154641
14.037226
14.617978
13.993676
13.522609
15.817549
15.584553
14.578410
14.783324
15.747788
14.442007
18.263895
19.226658
16.924218
17.212991
18.490644
17.081428
17.850049
17.064985
17.194947
17.098982
18.029698
17.846757
16.860755
17.862612
17.573432
17.997384
15.351070
15.052463
15.406397
14.615587
15.701253
14.839182
16.142771
15.511163
16.427270
17.189184
16.226331
16.376924
15.209276
13.623658
13.720423
14.240644
13.660207
14.761063
13.620779
14.131845
16.329223
16.910105
16.162142
15.995117
13.224753
13.437973
12.968933
13.467104
12.772699
14.564673
14.502309
13.912573
14.481593
14.715376
15.380577
15.802274
18.170860
16.732860
16.307540
15.971892
16.873758
16.635115
19.769647
20.471449
21.528287
21.080848
20.721509
18.534452
17.684408
19.001658
18.295874
20.356655
19.594823
20.944862
21.458358
21.048842
21.098127
20.096262
21.713376
20.329173
20.692940
19.980283
20.856743
20.317333
22.047763
21.575342
23.935058
14.780400
13.885307
14.982432
13.124792
12.271370
12.407470
12.494551
14.462266
14.910822
14.308897
14.489580
14.340572
13.276644
13.760495
14.259410
13.514861
14.231108
14.340864
14.373855
14.158204
14.603730
15.299118
13.846956
13.535918
14.178756
13.845599
12.723487
12.644262
12.544288
12.420407
13.517224
14.523364
14.133610
14.081011
13.974276
12.966321
13.059380
13.143898
13.431633
12.576138
11.901164
12.726012
12.213489
12.308752
12.872485
12.324558
13.801219
11.743485
11.452767
11.910989
11.629506
10.744875
11.286237
10.899487
11.773129
11.272076
11.570515
11.568223
11.275118
11.871036
11.799151
13.416146
12.981174
12.901113
12.470488
12.868663
13.836135
14.309217
14.879307
14.816305
11.065519
10.785818
11.082067
11.493158
10.735516
19.283193
19.123223
18.950436
17.976625
16.100083
15.962982
16.830184
16.333648
16.139714
18.269412
17.277951
17.982730
18.496123
18.642420
18.527408
18.679072
18.129978
19.180147
18.625437
19.450012
24.534066
25.532567
27.856308
24.945120
24.371618
24.471451
22.563747
22.044284
20.917442
23.532298
22.169732
20.465039
23.053539
23.730171
21.899752
22.775140
24.038040
24.246263
23.733713
23.599553
23.752105
22.998355
24.351969
23.141984
22.046729
20.788654
22.122618
21.322334
20.653554
19.159802
21.056907
21.275646
23.027878
21.181936
22.466015
20.229290
19.535028
20.991642
22.195285
21.639100
21.176373
22.117712
12.517348
13.384098
12.599937
14.384547
12.330145
11.941725
11.967371
12.736354
18.007365
17.634794
18.019399
16.495194
17.872006
17.427873
16.884744
15.837955
16.429078
16.751193
15.357588
17.332198
15.299391
16.520319
16.835497
17.109178
18.572910
15.926444
16.781268
13.756661
14.851108
14.426710
15.253171
14.647723
15.181138
15.852561
15.568907
16.710124
16.960368
13.671975
12.780087
13.330471
15.563621
16.729516
16.245967
16.304230
15.957055
16.910807
16.416875
16.719376
18.304577
17.522614
17.590148
19.376837
18.302931
19.952672
20.003599
19.976883
19.554581
18.026871
19.540426
18.405523
19.825717
19.523715
19.903022
18.377524
17.713540
14.328983
13.597709
14.285199
13.933196
13.683685
13.868088
13.318628
14.558824
14.229831
14.961238
17.297979
19.447762
18.089508
18.475307
19.420224
18.686469
17.968686
16.845135
17.023075
18.547574
19.246941
18.393580
17.989136
18.785903
20.222964
18.144922
17.033782
19.406501
20.581750
19.920228
17.363051
16.867342
17.861842
19.573439
19.497449
18.432787
20.166597
20.434902
18.114559
19.413686
17.733051
19.191413
18.294665
19.879162
18.772272
16.852278
16.343739
17.851628
16.452076
19.076972
17.507721
19.561623
19.217124
17.549719
17.105225
14.929977
15.499531
14.320770
14.601315
16.953886
20.036176
18.309768
21.484859
20.953004
20.181997
20.066935
19.472597
18.170144
17.542138
17.672242
16.368750
16.698567
14.104141
13.293111
13.115858
12.329814
13.716183
13.564218
13.205158
13.828884
15.410975
14.559584
15.299165
15.659474
14.675168
13.864841
15.168925
15.093318
14.918645
15.430839
17.283198
16.174080
15.318983
16.760020
16.630108
16.534888
16.641876
17.174824
15.800411
17.483390
15.620487
16.237681
17.842818
17.086725
16.313940
14.945150
16.441638
15.704347
24.369805
24.126905
20.653457
21.608806
21.549806
20.426557
11.681719
11.641334
11.043957
11.923625
11.843013
12.492251
11.754377
12.829901
12.170854
12.609997
12.543657
11.905384
11.997996
11.022361
11.762226
11.206345
11.708297
11.810204
12.149790
11.906849
12.175264
12.293605
12.337805
12.314627
17.499725
17.693705
17.892335
17.636526
17.026233
17.995176
17.569784
17.016179
16.629840
16.995973
17.641028
19.322959
17.952383
17.215615
12.715362
12.383444
12.956888
12.064766
12.250201
13.004217
13.110500
11.782624
14.593399
14.885980
13.967390
13.431070
14.192085
15.220870
15.220276
14.266763
15.328887
15.301554
14.201270
15.078901
14.237892
13.711264
14.250925
13.928109
15.312296
13.289163
15.245840
14.406671
14.092043
15.395917
13.741183
14.627967
13.251803
12.895558
14.508152
16.096450
15.160410
15.456745
15.347097
16.076085
15.159176
14.878472
15.261086
14.469436
16.903887
18.184869
17.011058
16.675777
16.406121
15.357967
16.810430
16.031756
16.717255
15.282650
14.779203
16.279263
16.877720
16.010485
15.658477
25.564627
23.186071
24.818806
24.495037
22.195233
21.843370
20.045859
19.095962
21.614591
20.453242
17.324089
18.895695
22.829771
23.015819
22.617941
23.195153
23.566007
21.433144
23.350240
23.776789
23.359441
22.994998
23.190361
23.166548
23.017216
22.797961
22.026541
20.527757
21.695944
21.403854
23.935784
20.137953
20.600866
21.005244
19.675761
20.591572
22.097314
21.508303
21.946674
22.328334
22.623549
21.026420
21.993397
21.280173
20.218388
19.835740
20.170477
19.118873
22.638682
24.015632
22.294643
23.774613
25.767625
28.145644
23.150522
24.901985
23.541495
24.693788
24.936847
25.626006
24.894418
24.029487
23.307590
24.201482
23.103036
23.524312
21.823608
24.508212
24.189836
24.733802
21.731400
24.549585
24.980387
26.013155
24.404277
26.056927
26.233077
24.633061
26.723194
25.249471
25.116895
25.879389
26.303543
25.886930
26.423415
26.539548
27.333582
26.628169
25.574806
27.490301
25.029228
26.832221
26.692383
26.088923
25.061410
22.432173
23.537459
22.500223
23.726031
21.444911
22.051947
24.983853
24.099548
23.431626
23.227222
24.170851
23.717247
25.889607
23.138721
23.535688
23.824072
16.845762
17.215813
16.543129
16.773081
14.165837
15.293616
14.383454
14.755352
13.996905
14.594587
13.857657
13.280855
15.267186
13.536631
14.625755
14.131132
13.804863
15.286168
14.368829
15.684403
13.915252
14.713844
15.364312
15.301610
14.340794
14.015291
16.201259
15.160957
15.711793
15.280640
15.671516
14.576097
16.940366
17.426182
15.580596
15.777938
15.685016
17.242738
15.336228
14.633442
14.836749
15.146571
14.937626
15.741741
14.990740
15.045370
15.575867
13.871686
14.123655
13.631813
14.437127
21.413495
21.786124
21.721785
20.894954
21.330286
20.914563
20.085817
21.408090
22.439274
21.407254
21.705512
21.856709
22.531735
20.048299
21.171683
19.645749
20.752916
19.319516
17.918886
18.642764
17.984510
18.435022
17.622884
20.614359
19.309443
20.476920
 8.275536
10.049563
 8.955704
10.018100
 9.759218
 9.131144
 8.168231
 8.055192
 8.353515
10.017834
10.185273
10.262690
10.123185
17.292506
18.673724
18.031802
18.207784
17.404571
17.795446
17.170801
15.923190
15.852213
16.178234
17.096156
15.738128
17.267608
21.410030
19.308730
20.826619
20.123674
19.665859
16.092851
15.644216
16.398064
18.729667
20.430024
20.565238
18.697599
19.315088
18.945370
18.236926
18.268795
17.080070
17.910513
18.166446
18.589422
17.715309
18.477719
17.517404
17.241694
18.225150
16.166306
16.521441
15.830863
17.401672
16.807706
15.692531
17.688407
19.701727
20.529839
19.310376
19.976094
18.738806
20.734654
18.542508
18.751993
19.882004
19.471726
21.010391
21.456229
21.684981
21.323081
20.460412
22.467912
20.755738
21.175308
23.171511
19.434135
20.109306
19.762629
23.853770
25.400670
23.746950
24.665276
24.818840
23.378861
24.816232
25.147152
23.053724
23.074026
23.555933
22.722850
24.639241
23.613244
21.806377
21.190408
21.592791
21.223799
22.878751
21.144342
23.103787
24.123509
23.976468
24.111024
20.463542
22.186318
22.772053
25.847622
24.793841
28.883455
26.865992
21.925015
22.629549
22.888859
22.260607
21.968017
21.178802
20.905240
23.297948
23.968686
 9.644576
 9.796474
14.018852
13.664692
13.869821
12.987089
13.455236
13.787133
13.406775
12.005274
13.528545
13.228584
12.711769
12.579294
14.109930
13.807636
13.778287
13.187905
14.259272
14.506550
13.534297
15.436577
12.563574
13.180893
12.213686
11.855009
11.705163
10.732273
11.486003
14.762875
15.216451
16.257355
15.152146
14.212039
19.461669
17.565634
18.707685
19.924555
18.568495
17.912722
18.742604
16.366564
16.798781
17.202201
17.153848
17.885831
16.580288
16.959344
17.592382
17.332761
17.789257
14.683384
16.067681
14.682541
15.869545
14.086737
14.534244
14.183633
14.537034
15.263054
14.624712
15.598900
16.814941
15.765436
16.313386
16.267671
21.654035
22.426793
18.458469
19.521534
16.626405
17.522243
17.055409
15.140267
15.809667
16.332088
19.072858
17.699075
14.920172
15.817625
14.759703
15.676325
17.279061
17.517804
16.010443
20.699371
20.170468
20.436721
20.888357
20.566293
19.032772
18.062901
19.621173
19.040019
20.252166
19.282346
19.783639
18.782788
19.449676
18.561299
18.911188
18.613229
17.325486
18.271468
17.465696
18.057532
19.178759
17.919998
19.807080
19.367787
18.060566
17.955783
18.376561
17.585774
18.906732
17.579925
16.926604
18.355832
18.325772
18.482289
18.783532
18.502628
13.761702
14.156502
13.193084
13.904827
14.527401
14.263371
13.736904
13.745267
 8.919023
 8.656445
 9.505632
10.021052
11.347573
10.053696
10.510866
10.230539
11.341247
11.462110
11.503869
10.829616
10.881102
10.169680
10.241876
 9.930958
10.131224
10.533307
 8.607200
 8.741027
 9.079743
 8.996823
 8.283524
 8.433396
 8.493144
10.519533
10.572877
11.296126
10.283197
 9.854252
10.515605
10.751195
10.895579
11.251905
10.547999
11.585005
10.576637
10.614054
10.150975
11.294661
12.062795
13.074411
11.959878
12.727101
11.580077
10.804170
11.226209
12.267404
11.667973
11.155472
11.976977
10.984722
10.698476
10.117564
10.812501
11.074515
11.760964
12.704538
11.910038
11.598283
12.918448
11.734321
11.812461
11.629016
12.533565
12.694229
12.417017
12.371543
11.974643
11.412780
12.655023
12.168456
11.183472
11.648274
11.253045
11.724372
11.774289
11.364478
12.544550
12.743772
13.077688
12.377370
14.122171
13.117532
13.008490
12.150047
13.352371
13.549994
12.760066
13.941866
12.959631
13.081430
10.535932
10.125497
10.763643
10.709347
10.435743
 9.462050
16.700342
16.345217
15.231868
16.483801
17.541771
17.363094
17.755210
19.012040
18.851790
18.101207
18.145705
17.261458
18.079866
17.997096
17.483232
17.010089
15.794380
16.910027
17.252838
16.482317
17.578556
 9.180097
 9.866373
 9.217910
 8.962921
 8.639046
 8.507508
 9.105044
 9.102743
 9.336133
 8.450206
 7.937284
 8.076074
 7.554535
 7.636724
 9.030877
 8.454198
 8.950795
 8.629977
 8.614329
 9.261285
 9.175821
 8.743416
 8.635483
 9.023797
 9.799065
10.363173
10.010671
 9.839390
 9.637975
 9.027860
 9.835145
 9.033223
 9.854908
 9.551307
 9.465174
 9.139577
 9.095431
 7.527263
 7.720791
 8.189948
 7.899697
 8.269216
 7.691417
 7.826077
 7.828699
 7.870918
 8.161078
 7.315616
 7.607833
 8.518171
14.465207
13.280105
12.658604
15.852024
15.760554
15.994295
16.384441
15.665884
16.789571
15.696096
14.872346
15.638951
15.118912
14.800994
14.002233
13.411716
13.468537
13.322700
13.977141
12.160157
13.408375
13.887228
13.177460
12.639736
12.907379
13.168675
11.789653
13.870321
14.017133
14.375457
13.641565
11.285508
11.638507
11.591680
12.141632
12.625846
13.072314
12.530677
12.550788
11.546064
12.285107
11.154476
11.813613
11.569113
12.505494
11.257046
10.492388
11.361559
16.235283
15.792699
15.165261
15.808815
16.164194
15.661410
15.008467
13.924627
14.855942
13.781796
14.987963
15.414776
15.911679
14.732869
14.704080
13.712853
13.255714
14.775154
13.544261
15.772519
15.380661
14.510274
15.359459
14.687536
13.984375
16.941849
17.713647
16.698224
17.891990
17.853048
17.982289
16.868169
15.934575
17.043234
16.082802
15.594105
15.835953
14.516877
13.163371
14.171603
13.318472
13.851221
13.993609
13.984309
14.167878
12.926557
13.305107
13.574576
12.734631
12.816273
13.736998
13.118753
13.041950
13.345619
12.983365
12.711738
13.317229
13.001769
12.538093
12.427477
12.102763
12.688874
12.899254
12.440079
11.741185
12.341930
12.707532
12.131282
12.243414
11.703345
12.552421
11.879766
12.092682
12.429297
12.488558
12.920446
12.579906
12.080032
12.631594
13.289976
12.462853
11.850093
11.857559
11.911072
12.814758
12.364903
13.446096
12.816580
12.524820
12.192229
11.429716
11.241351
11.601459
10.704243
10.538401
10.617286
 9.701816
10.907322
10.697054
13.581208
12.856345
12.361043
13.484330
13.119915
12.847120
20.150012
19.228740
20.480865
19.784427
21.982767
22.935479
21.977391
22.307162
22.245547
20.276732
27.440283
24.012251
25.660388
25.571999
23.929981
24.012208
24.258507
23.960028
25.183755
22.438454
25.510147
24.995815
26.925046
26.836588
25.933583
26.558209
26.355027
26.092455
26.943797
24.517230
32.291147
31.222067
30.926641
28.621241
29.670702
30.535258
28.736311
29.168181
29.163208
31.242833
29.288214
27.656695
29.539169
27.755944
28.299074
28.373605
27.103248
28.908648
28.494675
30.410088
39.151825
39.192826
39.969232
37.839180
25.518375
22.644255
26.171441
24.627256
25.406726
29.797990
31.938727
31.944898
33.004727
27.726899
29.840818
26.834160
28.444889
32.781727
34.834577
32.128919
33.156657
32.651089
32.414497
29.666043
34.164779
30.793931
33.200811
31.098653
29.673871
28.802187
29.197586
23.575646
23.805087
24.156613
26.316883
24.151998
22.741661
22.979323
26.236214
26.737433
25.980214
25.761417
25.258162
24.584818
23.375294
23.144414
16.673739
16.452967
16.745928
18.448407
18.036036
18.138860
19.022067
19.594896
18.313454
18.650254
18.558670
19.884967
19.063091
18.029948
19.790503
19.252657
19.380508
20.529340
18.615863
17.507462
17.585310
19.717377
16.971023
17.878578
18.071019
18.426124
18.686767
18.607894
19.145576
15.737018
16.913061
15.619458
16.266361
14.992750
15.528615
16.075448
16.804713
15.458340
16.432408
17.691373
16.481290
16.201927
16.152786
16.212634
15.630564
16.123923
15.215168
15.101013
14.970989
15.376142
16.033399
15.608421
15.086702
14.824393
13.995602
15.097011
14.699323
14.865132
14.983182
14.712425
14.434119
19.293079
19.463603
19.831896
19.806254
18.818144
20.445176
20.863319
21.190839
21.009058
21.353518
19.686608
20.010383
18.955405
19.429824
19.753002
20.772800
20.139243
20.372417
22.206248
20.824946
19.585958
19.507420
18.883462
19.992287
19.984049
19.648106
18.510766
26.912416
27.468019
26.887890
18.488848
18.435392
19.289627
20.360048
21.593123
20.644240
20.765250
20.639188
22.686092
20.095662
20.865118
20.770371
21.373826
19.490282
20.255948
19.701508
19.779031
18.537536
18.890593
17.645966
17.602719
18.386845
17.145803
19.476042
18.892789
19.268543
17.997024
19.010833
19.192648
19.164086
15.054835
14.853610
16.415642
13.733463
14.350350
14.425192
14.690703
15.037669
15.006633
15.342805
17.691085
17.965807
17.979604
17.197663
17.010379
16.729020
15.914137
15.692693
18.164716
17.658230
17.607597
15.248451
14.203108
14.244498
15.353364
14.560218
15.360788
15.102372
14.848377
16.528058
15.642224
16.094941
15.392762
13.887602
13.958849
13.975845
12.913128
14.140701
13.886600
13.633008
14.218038
13.921321
13.357881
12.817509
12.911983
12.874026
15.327900
14.112923
14.239223
14.602556
14.914265
14.223630
15.901959
14.376877
15.425319
16.286489
15.184237
15.493890
15.026090
14.754596
15.408386
15.796307
18.396771
17.518300
17.383057
16.765813
18.606142
17.720379
18.444873
16.595887
18.326335
17.147301
18.091570
17.399203
17.028810
19.217505
18.296871
18.063546
18.847014
17.689327
17.814963
13.532717
14.265259
14.169453
13.413762
14.360425
14.681423
14.300514
12.608491
13.512806
12.142620
18.337298
18.843979
18.616985
19.853694
21.277665
21.038863
20.367657
20.863921
21.133176
19.454836
20.798996
21.206022
18.829591
20.977905
22.427607
21.465848
17.670854
16.400145
18.303286
18.086415
17.916118
19.331344
19.899457
18.275170
18.458049
18.214752
16.997220
17.932317
17.411134
18.335158
14.771374
14.017154
15.325534
16.505757
16.196639
16.710174
16.146204
16.453429
13.824365
13.479563
13.827322
13.875453
14.067835
14.619775
15.696348
14.538078
14.545591
15.726390
14.907484
14.612913
14.632308
16.833798
15.388786
16.087243
16.743487
16.727421
15.907318
15.274553
15.936848
16.045033
16.390399
16.081535
16.158640
18.995375
19.952249
20.058090
19.038504
17.556863
18.124696
18.703981
18.328324
17.842468
19.672754
20.899962
20.267751
19.397390
19.582216
19.018966
20.084624
20.217488
20.224665
20.312996
18.760110
12.674142
13.218845
12.578809
11.739390
12.571363
12.054024
12.998427
12.822750
12.868903
13.815236
11.574997
13.290274
13.573928
12.974271
13.231765
11.757392
11.939251
12.193557
11.354544
11.334047
12.649243
12.148647
12.035166
12.001912
12.325546
11.765239
12.269382
 9.984034
11.188252
10.431045
10.537605
10.758746
 9.796711
10.225659
11.116352
11.336256
10.726888
10.010661
10.705781
10.747074
10.733761
11.169439
11.974296
11.086079
11.111680
10.492016
10.526676
10.896507
11.165629
10.448140
10.035314
11.479346
11.099854
11.379933
10.173521
11.042822
11.383192
11.237065
12.335993
11.968851
12.618445
12.930510
11.898156
12.003578
11.125336
12.964847
10.746311
11.417546
11.215677
11.380917
11.361698
12.483395
12.556751
16.768362
16.182477
16.970323
15.760918
17.083467
16.552523
17.092456
11.788556
12.841951
12.734868
12.853546
11.841564
13.563520
12.124955
12.222331
12.851169
12.736809
13.687863
13.082323
14.313126
14.560916
14.683009
11.053966
10.900673
11.197481
11.870681
 8.311999
 7.925581
 8.455050
 8.634316
 8.333671
 8.615767
 7.140902
 7.178061
 7.973965
 7.037564
 7.298508
 7.019411
 7.607888
 7.322964
 7.439435
 8.143989
 8.060413
 7.798600
 6.819167
 6.919974
 5.699656
 5.931354
 6.905979
 6.847891
15.964539
14.892227
14.705971
14.828040
16.824189
12.924334
12.420645
13.488499
13.781575
12.639010
12.416501
12.861497
12.320008
12.299066
12.174910
12.754226
13.031627
12.218228
12.886904
12.685212
12.094484
12.976079
12.200862
13.275661
12.662155
12.435106
13.653871
13.904059
13.132673
14.825075
14.056187
15.366102
14.896625
14.982113
15.553207
15.154217
14.913543
15.300933
14.942990
14.362992
14.836772
13.942011
14.760227
13.667863
14.024407
11.012451
11.591296
10.950398
11.292624
11.519312
11.666626
12.460329
11.582000
12.018636
12.224606
11.930694
11.395319
12.019911
11.309312
10.197052
11.672673
 9.943082
10.909252
10.817094
15.863488
15.321130
15.297739
14.496604
14.623675
13.674650
12.999422
13.232796
13.082531
13.706596
16.558275
15.373372
15.549780
14.655893
15.801172
16.049148
14.563449
14.424076
14.069611
13.861001
14.266826
14.536134
14.503223
14.017433
14.654653
15.362183
15.572373
14.747405
15.273936
14.445556
14.775764
15.812730
15.945571
14.941848
15.680878
15.593419
15.734531
16.102250
16.760462
15.026590
15.752789
10.790573
11.320699
11.533121
10.819536
10.362641
11.979200
12.635917
12.095047
11.647449
12.322395
12.966596
12.446327
10.147518
10.574899
 8.960604
10.070413
10.041708
 9.417172
 9.221161
10.493511
11.688114
10.474455
11.248075
10.448700
11.400431
11.325058
11.193497
10.340392
10.173525
10.455429
 9.656529
 9.804801
10.044635
11.017594
10.260040
11.978683
11.306289
11.789512
18.961708
19.372274
20.651062
20.565539
20.533359
20.997690
20.310162
22.273156
22.047793
21.191295
20.720222
20.805182
19.571888
18.665991
18.867588
20.470480
20.580623
19.907375
19.290414
19.180424
19.067224
20.327103
19.220622
18.322696
18.759028
22.347059
22.602452
21.319983
22.220901
21.919869
21.893255
19.277241
21.797874
20.399706
20.699195
20.985127
20.630185
16.426915
14.799933
16.311960
16.015910
14.995515
15.941500
15.716383
17.281667
15.135401
20.211734
19.963005
20.130364
19.563157
19.534853
21.064776
20.664999
20.122598
18.909193
19.965765
21.074488
19.877363
20.268141
19.439248
23.126406
21.865715
20.966949
19.688839
20.679327
21.094047
22.808275
 8.687973
 8.581375
 9.208229
11.317457
11.071894
10.420894
10.774726
10.518141
11.300175
 9.412488
 9.723707
 9.303362
 9.727448
12.459677
12.626841
11.827976
10.936627
10.584026
12.084994
 9.391086
 9.455254
10.389539
 9.445698
 8.988355
 9.533909
 9.178908
 9.056103
10.333352
10.458167
10.313689
10.427235
10.305205
10.712312
10.467093
10.240258
10.995584
11.007116
12.047306
11.729424
11.457735
11.268997
10.613708
10.530671
10.687121
11.684187
11.077618
10.496043
11.875441
11.243070
10.622698
11.545805
11.947559
11.090588
10.546608
11.038508
11.787500
12.018560
11.667432
10.613850
10.353851
 9.706916
11.734119
11.767248
11.989491
10.948237
11.843064
13.007633
13.264221
12.182292
12.471114
13.223766
11.995068
11.399822
14.518656
14.230253
14.077053
15.701447
14.351357
14.370222
12.996487
13.426476
13.913634
14.373945
14.109411
14.167488
14.026286
13.307417
15.192686
15.626884
15.081346
15.322720
14.649980
15.922977
16.964211
12.767779
13.849029
13.116709
12.686687
12.619275
12.106802
12.925914
14.837685
14.769255
14.447006
15.956316
16.445593
15.374970
13.691192
11.845556
12.540205
11.793427
12.158655
12.126902
12.944258
13.092205
12.600418
12.963468
12.659251
13.692758
14.159156
13.696021
12.513168
12.996616
13.947207
13.729804
13.016526
12.230856
13.285504
12.321262
 7.932714
 8.725813
 8.125686
 8.168759
 8.704207
 8.682541
 9.414549
 7.859943
 8.984061
 8.301441
 7.756256
 8.452040
 8.023346
 9.069214
 9.283193
 9.252835
 8.752453
 8.837255
 8.598569
 7.830839
 8.273320
 7.940718
 7.599212
 7.162033
 7.119568
 9.022411
 8.989603
 9.040962
 8.648152
 8.173632
 7.898860
 8.272714
 8.044974
 9.060219
 8.433272
 8.352753
 8.993407
 8.319789
 7.503024
 7.884535
 7.822066
 7.887423
 8.249976
 7.514205
 8.163729
 8.909097
 8.494196
 8.632381
 8.352988
 7.611201
 8.758517
 6.629105
 7.341132
 7.055950
16.041402
16.214876
16.525839
16.029778
15.115049
15.120815
16.846703
14.512926
13.846888
14.624559
13.246082
12.268017
13.019932
13.821807
14.446301
13.653215
15.228955
14.976157
13.863368
16.285901
13.856237
14.621509
14.555509
14.576931
14.217640
14.886966
15.348254
14.611139
13.830263
13.118744
13.888209
13.285984
13.551514
17.078633
15.844027
16.352133
15.146161
15.518173
15.518471
15.993900
15.226119
16.341023
15.174093
16.043283
15.685934
16.411414
16.648491
17.550552
16.777373
15.605545
17.324439
16.477444
17.323512
17.222858
12.068039
12.293182
12.389312
11.814749
13.097949
11.202143
11.199220
11.714296
11.969147
11.334936
12.083372
13.223513
12.883669
14.010213
13.907916
14.620472
13.554467
15.110166
13.891720
15.678672
11.876895
11.216426
10.419368
11.447168
10.757890
10.599120
10.252936
10.417330
10.404861
10.674140
11.218253
 9.886018
 9.396124
 9.665870
10.029873
10.382444
10.392439
 7.988080
 7.810836
 6.348519
 6.915793
 7.118981
 6.951802
 7.172405
 7.114280
 7.867286
 7.066909
 8.502497
 8.688301
 9.001385
 7.795960
 7.821833
 8.502496
 7.194456
 7.168122
 7.193364
 6.804506
 6.714198
 9.032204
 8.255314
 9.117226
 8.811403
 8.260827
 8.231597
 8.165324
 7.957710
19.201012
20.764010
19.670647
19.227170
19.549696
19.937851
20.175422
18.573371
19.909525
20.070444
21.517476
27.218369
28.693897
28.814905
27.986514
25.181274
25.866545
17.980762
18.805681
17.617594
17.962557
22.134565
23.247890
22.750943
21.787124
21.680914
22.904808
19.910274
23.989651
23.139101
25.373137
24.265837
26.110555
22.968559
22.570615
22.529907
24.171246
22.702809
23.539543
22.264557
23.736646
23.948035
23.281846
23.728120
21.728196
18.420557
17.791501
17.348369
17.317665
18.197096
16.413098
17.570950
18.162951
19.342143
18.350951
19.848959
18.945337
18.667748
18.049519
19.199671
17.874994
15.752779
17.018281
16.687574
19.206887
18.867249
19.630369
19.140600
18.056669
17.915278
18.554095
18.439357
17.860274
16.303469
17.742191
25.582453
20.809862
23.451120
24.507687
24.116091
22.320470
21.657248
20.685961
21.485736
21.801712
21.591464
21.952631
22.769915
24.122108
22.223160
23.709762
23.000667
22.681428
23.997550
24.006201
23.470608
23.530064
24.556715
24.026559
25.016520
22.428147
23.119446
21.366835
20.520558
21.585020
22.611676
23.429585
25.034387
26.437562
25.967435
26.579126
24.953856
24.025275
23.675801
24.959946
22.027874
22.323987
24.632415
25.246068
23.538676
24.579089
23.156209
24.160509
21.983925
24.483542
24.075246
23.229790
22.627333
23.641079
23.147997
22.553101
22.979967
22.110541
26.175857
23.349506
23.581402
23.739391
23.606380
22.397704
23.444202
22.278856
23.642574
21.838798
24.232636
22.508587
22.989143
23.556018
23.086634
25.232299
22.106717
24.448542
29.100949
27.889742
28.301724
28.127592
23.065900
21.037428
22.786786
22.904246
22.438202
23.150192
22.335586
23.290823
20.843170
21.627147
20.352367
21.802421
20.326866
20.597952
19.578422
19.699772
19.794276
20.312499
19.297832
12.904106
12.521791
11.485741
12.063956
12.385565
12.195157
12.717848
12.320921
12.968079
13.557886
12.951171
13.683526
14.479571
14.624602
14.123275
13.658112
11.324018
11.696977
11.690975
10.625549
11.432074
11.304476
11.030941
14.530546
14.188119
15.739631
13.817949
13.385414
14.132169
13.979763
13.027783
13.254217
14.136766
13.997769
13.127651
13.912667
13.811471
13.964025
12.783105
12.650914
13.630384
13.119468
13.479549
13.871429
13.097962
12.990298
12.896256
13.487713
13.647836
13.366204
13.397438
12.291436
12.366150
13.391098
13.661441
14.125807
13.684159
14.827495
14.851134
13.940686
15.392938
15.100531
13.920374
12.170064
12.745677
12.687825
13.295926
13.243084
11.770437
11.061282
12.038534
10.539157
10.997530
10.364061
 8.979743
 9.188364
10.985487
10.512483
10.837671
10.475186
10.321826
10.731153
15.089685
15.135325
17.817696
15.997102
16.043507
16.867283
16.773487
17.772231
16.939066
16.986293
16.538619
18.488140
18.008241
11.116178
11.015706
11.057751
11.919437
11.769887
10.890338
11.073243
11.539313
10.440635
10.734147
12.022154
12.651183
12.731997
12.008991
12.460598
11.862431
12.783320
13.775733
12.573546
12.627907
12.807796
12.754035
12.752718
13.089550
13.274500
12.735432
14.045412
10.775933
10.115504
10.789428
11.064096
10.431626
10.459074
11.857872
13.048911
13.462763
14.040426
10.739996
11.596984
11.367666
12.631828
12.630857
11.454225
11.239107
10.763703
10.502161
10.665688
11.180333
23.956254
21.158170
20.514146
21.293841
19.059035
19.676874
20.542692
19.738308
20.433109
21.544819
20.347590
20.363641
22.072676
22.630771
21.253909
21.277466
20.536813
22.612929
21.442262
21.810172
22.009544
22.098971
24.900006
23.049494
23.676114
22.776076
23.494387
22.679242
19.267665
20.187365
20.855885
24.206323
20.999290
21.605539
24.292691
23.023642
21.885298
22.440032
22.098124
22.739164
23.101885
21.120312
21.536654
21.414149
21.653047
22.817283
23.505860
22.296991
23.098329
21.398345
23.792351
25.884539
23.983704
23.937876
25.243947
22.478420
22.773600
22.638001
21.359589
22.505660
25.386093
26.144373
28.711770
28.536829
29.949645
27.529845
27.936980
27.218799
27.313136
26.494847
28.490918
21.112959
22.338809
22.413304
21.644176
22.368634
21.430871
22.615147
21.899816
21.683301
24.151020
23.635856
24.890133
25.780711
18.318808
20.811917
18.003134
19.141034
18.288601
19.538219
17.201285
19.437611
17.011843
19.667426
19.612819
20.235081
22.845810
21.744477
23.229261
22.101275
24.987672
26.231327
26.099814
24.957306
25.374185
22.597424
22.999127
21.952824
23.229605
24.149603
23.645161
22.664800
23.809687
21.409580
22.596701
23.778653
21.654957
21.117192
20.811087
24.058831
25.348032
25.156263
25.333678
23.037403
24.349525
23.262879
24.308904
25.575414
23.480875
21.712756
21.250810
23.042381
19.159882
19.666025
20.571057
20.549734
19.460814
16.925419
18.628911
17.987432
19.161836
20.279229
20.848601
19.833101
19.971565
19.659778
18.811345
17.333981
16.375032
17.749682
17.937357
18.057016
18.078904
17.295998
18.655084
18.081084
16.767127
16.944942
18.680824
17.826023
17.404007
18.891218
19.222271
19.333114
18.378147
19.498600
19.079385
18.208130
18.774412
19.746481
19.499651
19.769546
17.960685
18.178363
17.022353
24.580630
24.384543
26.270756
24.988964
23.416243
28.297220
27.713195
27.717237
26.857158
26.453892
27.924301
25.564453
26.491199
24.805216
26.057462
25.600037
25.042714
25.077909
22.139702
24.324602
24.299794
24.921023
23.330074
24.519318
24.038346
25.405718
23.825496
24.399468
23.143938
23.900439
22.157934
23.722342
26.243789
25.296258
26.283343
26.377246
25.140570
26.530223
27.479339
26.796284
19.700208
21.548196
19.043893
20.713589
16.029335
15.064948
15.587665
14.403124
15.848383
15.210609
15.295890
16.224157
16.297266
15.485671
15.925801
15.360476
16.178324
26.822406
24.805024
24.716620
24.236633
27.379492
26.125384
25.166488
24.865735
24.082333
24.932542
27.350084
26.988767
27.051277
21.563458
20.566119
20.378972
19.349583
19.733930
20.805892
21.433908
18.916430
19.134468
19.350377
23.703256
24.105008
25.029666
24.414261
24.477409
24.678808
23.819782
24.523322
24.743334
22.252549
24.129100
24.267863
24.856241
23.672943
23.061957
23.038398
23.966204
23.791663
25.442960
23.980819
24.305355
25.297713
21.911140
21.301308
22.791226
22.268032
23.139176
15.088850
15.086353
14.492803
14.803853
15.689194
15.039974
15.482677
15.969032
14.690066
16.003571
16.287360
15.099047
15.814453
16.045308
15.854936
15.774826
18.207259
15.809490
15.923944
15.749928
16.133874
16.631029
14.938488
17.493676
18.190269
21.379628
22.524927
21.152859
21.561794
22.155317
19.910210
22.268798
23.004515
22.229083
23.526331
22.659931
24.051563
23.834865
24.818024
24.963633
24.965677
24.412752
24.635020
25.393546
28.552185
27.413138
24.638483
25.251310
26.684509
24.623314
16.820245
19.549639
17.804298
19.427313
18.004186
18.108614
19.072759
15.044330
14.589757
14.098266
13.801556
15.739817
12.424579
12.546756
12.458613
14.159444
12.662851
14.989686
14.348720
14.147620
14.472033
12.971876
13.623456
13.662894
15.697395
15.316420
16.690304
16.657094
15.458946
14.737484
15.223145
15.320081
14.454939
13.819572
13.461467
14.585510
13.249180
13.519391
13.532456
18.589207
18.565405
17.970589
17.609274
15.574881
 8.910155
 8.911343
 9.125786
 9.028289
 9.065391
 9.388164
 8.802480
 9.452571
 8.908531
 8.978831
 9.083560
 6.748117
 6.276157
 6.483835
 6.593832
 7.705581
 7.351130
 7.359349
 6.906647
 7.010090
 7.419294
 6.789338
 7.079396
 7.080071
 7.014634
 7.355544
 7.554343
15.054110
14.735919
15.374271
16.654193
15.339038
14.697635
15.275394
16.030023
15.924611
14.017262
15.020740
16.108752
14.284222
13.819646
14.810065
15.892959
15.134847
15.219997
13.674197
14.108497
14.385566
14.313238
12.544627
13.911858
13.515690
13.131158
13.010705
12.674714
12.990836
13.173154
12.126995
13.195090
13.237244
13.850018
13.584367
14.264140
12.146853
13.805780
12.773338
13.321275
14.075384
15.837037
15.645283
15.142384
15.087411
14.991188
15.310494
14.906203
15.362243
15.775154
15.265295
15.343616
15.594661
16.469221
16.178108
15.240901
16.885234
15.333087
14.898137
14.942450
14.702076
15.700700
12.057728
12.633897
11.503348
11.418630
12.797073
11.716573
12.693838
11.835148
11.883456
12.966745
10.845004
12.486346
13.628629
12.866596
11.956193
11.457534
11.852762
11.994655
12.337552
12.020118
11.993856
12.583501
16.618850
16.134627
14.794495
14.806425
15.011769
13.985955
13.712230
14.274612
14.574443
15.185360
16.082502
14.069052
14.754436
15.326733
15.659828
12.599920
13.551704
14.378452
13.753220
21.263805
19.750224
20.268731
18.339535
18.275191
19.656057
20.681923
21.642756
20.827034
22.795557
21.740584
21.260978
21.111930
20.256701
20.857394
19.743143
19.557468
20.663932
20.477778
21.041099
19.978137
20.925368
26.115300
24.063449
23.831060
22.642385
28.843689
25.566650
27.819000
26.967900
27.316790
27.732727
27.193525
28.327702
24.977289
23.895789
26.006528
27.892098
25.972388
25.235073
24.931274
25.251749
24.657699
19.449522
17.351656
16.653505
17.550590
16.341355
18.042265
18.603795
18.393399
17.966933
17.639354
18.067506
19.288472
19.097898
18.261451
17.581980
17.513478
19.970087
19.749965
18.577491
19.101330
19.575403
19.048990
18.501054
18.365685
18.305934
19.757962
18.331105
17.822427
18.494370
19.172679
20.609317
20.045965
18.956232
20.133301
17.904244
16.801927
17.465551
16.028981
16.605872
17.298267
17.614195
19.391477
18.903273
19.206586
14.986499
15.477681
14.811755
14.574500
15.024084
14.766569
16.461559
15.301101
13.558594
13.072056
14.520529
14.052619
15.320967
15.831243
15.005618
14.909828
14.991751
16.214128
15.533274
16.077509
17.282001
15.387929
16.228670
16.047092
16.375039
17.654104
15.649057
17.041345
18.444621
17.944802
16.635331
14.463141
14.472450
14.115524
12.991625
13.422882
13.612347
13.862105
15.753168
16.454119
17.404977
17.126162
17.031993
16.604182
16.715857
16.106874
17.118722
18.537943
17.958232
18.287844
17.929338
14.197053
15.167737
14.832272
15.472530
14.359200
13.412035
14.911775
13.625263
13.740240
14.703878
13.857567
16.745030
17.055342
16.562392
16.639554
15.848116
15.908664
15.399015
16.447200
15.976878
16.127086
18.136535
16.379223
16.016933
15.768417
16.151850
15.971039
15.040307
16.095481
15.196994
14.622914
16.133586
15.519963
14.240369
15.563173
13.493482
12.484472
11.429951
11.179955
11.365249
12.009638
11.624109
11.001392
 9.453504
 9.937772
10.086626
11.759950
10.620305
10.860490
10.910517
11.276307
10.163221
10.800058
11.305370
11.650451
11.586888
11.670980
11.713616
12.041261
11.581564
11.895566
11.628207
14.495812
13.280025
14.201894
13.307718
14.867986
14.863978
13.925337
14.043780
15.362134
14.955254
16.174419
16.322560
15.573956
11.002309
10.232742
10.781376
11.132039
10.114986
10.662846
 9.429048
10.512599
10.030366
13.422566
12.900957
13.402030
12.783212
12.825468
12.648330
12.544421
12.896733
12.589921
11.657546
12.121044
12.175222
12.723253
12.272591
12.609087
12.964050
11.817443
13.032212
12.090242
12.495908
12.077816
12.771220
13.117901
12.584800
12.078708
11.204975
11.250131
10.859459
11.731557
12.025425
12.035913
12.359801
11.618084
12.971750
12.895432
12.804381
10.069857
11.047332
12.168837
11.825118
11.228057
10.754701
11.006468
10.993389
13.137683
12.866632
12.435274
12.744767
12.343104
12.260623
12.100238
 9.007049
 8.894467
 9.084130
 9.382343
 9.705134
 9.789987
 8.158257
 8.273825
 8.581586
 7.651237
 7.573206
 7.824344
 7.876623
 8.279532
 8.425412
 9.045458
 8.886166
 8.256602
 7.868928
 7.912341
 9.780710
10.260888
10.166745
10.283691
 9.089527
 9.931588
 9.649403
 9.414661
 9.729955
 9.705671
10.016963
 9.033778
 8.564265
 8.636455
 8.574274
 8.588402
 8.836806
 9.432769
 9.263152
 8.834402
 9.216396
 9.559736
 9.259001
 8.616825
 7.880479
 7.594725
 7.753962
 7.608134
 8.169510
 7.107197
10.140856
 9.322638
10.320450
10.602152
 9.561211
10.344625
 9.346529
13.031523
13.850749
13.896186
13.602026
14.297804
14.158524
13.671282
14.525869
10.928890
11.049227
10.607632
10.734035
10.555372
10.551830
10.665972
 9.588817
10.222907
14.735200
13.570920
13.966995
14.204827
13.164676
11.987999
12.471799
11.561720
11.779235
12.056556
11.547241
11.740754
14.808791
15.742531
14.051504
13.818540
 9.432297
 9.217516
 9.667009
 8.814257
 9.315752
 9.167978
10.432148
10.023010
11.288446
10.082216
 8.390148
 8.753292
10.176919
 9.308240
 9.320052
 9.561659
10.550325
10.875355
16.813916
14.995475
16.399251
15.147043
15.111392
14.730257
15.108336
15.125273
15.116721
14.877560
13.570108
14.132315
13.888153
14.537109
15.569032
14.555330
14.389690
14.847866
14.493852
14.710221
14.998715
14.031720
15.774978
14.842518
15.330941
14.584279
15.820571
16.512335
15.840022
16.249353
16.067780
16.818270
17.505183
16.977361
16.753795
12.309930
15.277548
15.134508
14.687606
14.585508
15.437255
15.992523
15.514418
18.651777
19.000075
19.549784
19.078400
18.248158
19.368564
19.180503
18.764251
18.374211
19.393084
17.996354
18.687170
15.944441
16.967243
16.038366
16.128830
16.091523
15.488474
16.576960
15.206685
15.318821
11.820083
12.333259
11.895860
12.237742
12.318290
11.817305
12.849012
12.666756
12.599600
13.210712
13.397743
14.157309
13.167820
22.593844
21.160693
21.484348
23.447683
22.043162
22.334777
21.806984
23.774952
22.998537
17.144547
10.821609
11.039742
11.510579
12.873697
12.692513
 9.392420
 9.403108
 9.731944
 9.200403
17.326468
17.037198
15.907048
16.961898
16.418306
18.599947
19.326422
18.523038
17.909811
18.341242
17.017588
18.180976
18.985935
14.950596
14.984723
15.720951
15.521825
15.952012
15.759327
16.749025
15.653438
16.477953
18.684786
18.481251
18.464051
20.331048
18.206448
20.068712
18.948724
17.826044
13.771885
13.120382
14.424901
14.316336
13.148184
13.445809
14.155983
24.617452
25.891330
15.693377
15.071949
15.876130
16.045068
14.510400
14.480006
15.944962
15.569050
15.642845
15.437510
16.240241
15.761340
15.101680
16.213396
15.971222
14.568697
14.720372
15.898672
15.800734
16.191532
14.997659
13.740997
15.546090
14.215876
16.470382
14.460813
15.089600
24.082090
23.969676
25.106083
24.417567
25.064484
23.809816
24.191935
27.263670
27.585057
26.438655
25.999231
21.783112
23.798427
21.354974
22.317295
24.104401
24.128839
23.920485
24.194934
26.900422
26.959852
26.578842
24.883539
26.589044
26.189268
16.959394
16.201163
17.443766
16.366193
15.500992
16.581236
13.783195
14.818209
14.060053
15.298175
15.132503
16.007669
14.760863
17.314975
14.602124
13.818159
14.339005
14.487229
14.604593
14.002485
15.243322
13.887150
14.149352
15.405754
14.469229
15.619873
16.574296
16.597816
15.273602
13.741170
13.812439
14.796639
14.247798
15.795322
16.063820
15.679222
15.383602
14.522151
17.714626
16.111940
17.000540
15.846944
14.383521
14.181448
15.165916
14.546005
15.038942
15.336437
16.200475
14.157710
16.209140
16.124998
14.038470
15.321109
15.461126
16.699284
16.236793
17.071578
17.009736
17.702153
17.442949
15.747031
17.833886
17.416058
17.750113
19.372231
19.779813
19.144311
19.935058
19.967265
19.977875
17.679426
19.456583
18.529025
20.453256
20.326035
20.463323
14.857409
13.973154
15.556864
15.826033
14.279052
16.624468
16.077901
15.122739
17.341058
16.712326
15.169150
14.425556
13.817960
15.156561
14.207793
13.744534
14.479770
13.895792
14.091258
13.370533
17.000304
17.781032
19.056454
18.803321
11.250932
11.658083
11.257094
11.804316
10.816508
10.963203
10.932577
10.705827
11.948683
11.833544
12.439771
13.183861
12.816908
12.759216
14.219322
13.966197
13.868207
14.088578
13.203460
12.775052
13.364408
13.803269
13.543250
15.416332
14.807909
13.245433
13.255971
12.230312
12.871972
12.542380
12.911969
15.473872
14.933421
14.600278
14.836177
13.236833
14.451052
14.591762
13.991096
13.122357
11.862852
13.997789
12.926278
11.636751
14.107904
13.844422
13.050695
13.696982
14.061618
14.487158
14.139874
11.832646
12.832933
12.538127
14.472813
13.420805
13.871842
13.536885
13.658461
13.959928
12.950740
15.192284
13.720319
14.404774
13.602209
13.875477
15.007447
14.056688
13.366364
13.647238
13.743738
14.051102
13.931821
13.639324
12.250890
12.750583
13.349886
13.317854
13.527122
11.984196
13.120553
13.090138
11.937876
11.926450
13.537570
13.272848
15.907788
16.581628
17.809368
16.830962
18.255240
17.215755
17.808368
16.729693
18.518763
17.296155
17.242357
16.918771
15.859966
15.307415
16.554632
15.983031
12.464321
12.517207
16.289810
17.060720
16.144087
15.692976
16.379648
14.850828
14.035283
12.762866
12.473908
14.076630
13.400178
14.731395
13.202082
13.113097
13.107381
13.070369
13.783100
13.108869
12.886162
12.427382
13.848718
15.693004
14.780521
15.902058
15.715288
13.670595
14.037295
18.871733
17.441266
16.161824
14.999569
14.928227
15.328052
15.866619
17.307420
17.574555
17.115002
17.047853
18.835837
14.740003
13.929319
13.469728
14.510339
14.612836
14.597754
15.080686
14.730265
13.473926
14.623412
13.276192
13.689613
12.907439
14.710381
14.622735
14.886785
13.400220
14.098383
11.890488
12.158807
13.615244
13.453219
13.355671
15.040551
14.754233
13.194188
12.721301
12.923311
13.332396
12.451888
13.723584
13.593654
15.044423
16.530604
14.975484
15.249374
15.693195
15.406488
14.951392
11.361487
11.152197
11.470152
10.868486
11.224224
11.178261
11.250461
12.592788
11.330249
12.301520
11.369437
12.607143
11.489899
11.170713
12.187682
10.851215
10.095051
10.654227
11.427956
12.051371
11.096396
21.118650
21.210034
20.992437
20.443688
21.669819
22.727910
22.416283
23.332179
22.583938
22.425983
21.856990
23.715740
22.192030
22.614360
23.343671
21.528966
22.154764
21.612628
22.554834
17.436106
16.899861
17.813994
17.651850
17.693035
17.296069
16.341953
16.834945
16.411360
16.571309
16.705111
17.710172
19.735561
19.603319
18.669722
23.599175
22.556990
23.803993
23.198256
20.703714
22.017652
24.117133
21.659073
24.071368
24.092034
24.157634
25.506587
24.304321
25.328474
23.482420
25.365926
25.537184
22.316019
23.481423
23.371943
25.652169
26.611052
21.405996
21.277141
21.251236
22.551957
21.066736
22.943109
23.088710
21.530533
23.165797
22.150673
21.030038
20.301954
20.382880
19.537096
20.916612
21.004151
21.320335
21.729128
15.474506
17.296254
17.634507
17.064070
16.471749
17.568002
16.861417
17.783669
17.042856
17.454761
21.775594
23.005223
21.851503
22.098618
21.806853
20.988339
21.102447
20.706799
21.895620
21.115857
21.030431
21.972333
18.893368
20.170428
21.705638
22.021929
21.315246
25.553072
23.628264
25.015183
24.535388
24.260668
25.519854
23.159995
23.386893
22.707540
24.114875
23.493195
25.400141
24.902897
23.976533
23.888455
26.203663
23.492221
23.952000
24.122073
23.253459
23.838661
24.964622
24.800370
16.702554
15.181289
16.270475
16.573233
16.454966
18.349896
18.331672
18.846843
18.671106
17.593617
16.776065
17.676264
17.827749
17.086571
17.432424
17.427692
17.431810
18.083205
16.679185
16.895045
17.623804
16.959423
16.059383
18.643274
18.863386
18.863540
19.188572
19.372092
17.072912
18.798383
18.872548
17.359543
17.241251
17.008938
15.647979
18.008461
17.106876
17.382772
16.033206
16.955584
17.657233
17.073301
18.543331
18.856003
17.860686
17.987379
19.110718
18.662729
19.593230
16.518096
17.887964
16.057018
16.361323
17.482023
16.745493
17.512489
17.489663
16.772043
20.992457
21.536740
20.535512
19.626416
20.902419
19.246367
19.887389
18.483406
17.686625
20.415791
19.596094
20.117579
21.587985
18.667222
17.057239
17.159541
15.485340
15.869549
17.354893
15.868191
15.407924
17.713425
17.776930
15.818553
21.166383
23.561897
26.557861
27.786416
24.593518
25.051129
26.062120
25.320329
25.949376
27.067829
27.250829
26.723974
27.192536
26.937294
22.786566
25.180629
23.704350
25.170024
23.028101
25.251122
26.891143
25.701752
23.297050
23.902141
22.506223
22.151425
25.354389
24.901895
22.937749
24.974349
24.008427
24.476199
20.949495
22.175114
23.544791
22.487413
23.798176
24.352752
24.577549
23.918781
23.219978
23.984540
24.727156
16.128602
16.212291
16.590313
19.090982
19.282613
19.960067
20.601247
18.854802
19.934724
17.675691
18.143358
18.910630
20.152678
21.061337
18.915208
18.334856
19.034090
18.846571
19.582319
18.668737
18.690015
20.621709
16.901634
17.664144
18.245643
18.945351
18.425023
17.985050
18.138051
15.916170
23.334543
21.524927
20.672819
23.042845
23.845670
21.774231
20.933699
20.213398
21.393270
21.209302
21.272756
21.905374
21.013938
20.180325
22.390234
21.810800
22.231628
21.991595
22.436399
24.074991
22.010115
22.145786
23.316080
21.587007
22.696743
22.426651
21.778508
23.024607
18.337878
17.783018
19.411228
19.227389
17.404932
20.888289
20.277533
20.739158
20.493595
19.746356
19.839001
23.022654
22.963567
23.074134
23.574486
21.884173
24.604250
24.033680
22.602592
23.499985
23.657517
22.664271
24.939753
24.406481
21.667158
22.676345
23.200032
22.074431
23.124943
22.057921
23.930554
20.846475
23.246705
22.204538
21.653042
22.846327
26.462824
27.079968
26.362929
26.725910
25.297447
27.033645
26.124108
24.884263
23.439555
19.071727
19.315764
18.910365
21.924333
21.696386
21.368805
22.563596
20.227999
22.852976
22.488919
21.086950
21.328024
21.643398
21.808270
23.265924
23.690552
21.350525
22.317772
20.920618
19.744392
21.666907
21.550200
21.288806
20.329539
18.456488
22.264013
21.660829
22.191714
21.674946
22.544069
23.671188
23.397104
22.328438
22.651614
20.975618
23.182481
11.646684
11.144627
11.336959
13.491434
14.747810
12.169978
12.604983
11.787669
13.199267
11.553328
14.932493
14.520490
14.849454
14.986736
14.322625
15.047177
15.095651
14.022163
10.984038
10.851842
11.633905
11.390208
11.633642
11.425526
11.761042
10.442387
11.478725
12.751092
12.640196
12.729336
17.606473
18.456896
19.288527
18.744964
19.123724
16.257769
16.617595
16.203251
18.073320
17.542227
17.545221
16.930734
17.845268
17.299113
16.927618
17.284361
17.256864
14.760265
15.335696
16.163474
16.175879
16.725064
16.910088
15.349333
15.663333
15.795891
15.280945
14.466105
14.175099
15.052685
16.094987
16.456839
15.856570
14.175840
15.549857
19.007050
18.309391
18.309731
19.958212
17.266863
17.990964
18.345081
20.317146
19.469759
18.947499
19.201807
16.225861
16.420672
23.556529
23.138069
23.889557
17.306640
17.982334
16.328880
16.461652
16.798910
18.002239
17.009943
18.150435
20.101088
19.275196
17.299652
18.611027
18.613702
18.578759
19.724847
18.547515
19.298952
18.583305
19.466458
18.828835
19.659016
19.173681
19.677593
15.446140
15.142977
14.547173
20.619579
19.721252
20.572365
19.367104
17.974880
17.437040
17.675181
17.555783
18.058470
16.892018
18.407278
17.441950
17.957771
18.680445
18.165671
11.893186
12.510070
12.137417
12.747316
13.113969
13.037456
12.236203
11.244739
11.975563
12.158872
12.451390
12.443916
10.624360
11.787261
10.527039
11.258138
11.036885
11.169717
18.824291
17.614004
18.302178
19.196887
19.847423
16.823813
18.949977
19.710046
18.076150
23.567092
22.633126
23.322203
23.477024
21.885017
23.048980
21.193685
26.011065
26.030704
26.057295
21.354632
21.453756
21.427709
21.527597
20.092443
21.188627
20.711122
21.363671
21.084149
20.241219
20.412804
21.212594
21.646853
20.775574
20.805732
21.370746
21.245232
21.971349
20.309871
21.220252
23.172731
20.716732
21.572992
21.367480
23.063172
18.360055
19.003448
20.657646
19.746819
18.624541
19.377282
19.265405
19.941946
19.475694
24.440224
25.160496
25.548459
22.938330
23.285845
16.642051
15.832164
16.082964
14.953442
16.047251
15.669257
16.603612
15.661354
16.567381
14.746629
14.697669
14.321102
13.905580
14.972636
14.956414
14.364607
15.449237
15.614503
14.837707
21.091718
20.982840
20.938924
20.495209
18.864497
21.310022
20.269291
21.138350
19.315320
21.266214
23.580567
24.609233
18.199772
18.765066
21.425250
21.918288
19.989477
22.606099
20.016859
22.514080
22.936384
21.401021
20.968602
19.451751
19.324271
19.208590
18.657715
19.366095
30.230022
28.792348
30.911480
29.100851
30.487596
28.623174
24.266317
23.926509
24.777365
24.479237
23.554753
25.208703
25.188521
26.322630
27.292966
25.520751
25.343287
26.322194
20.269133
18.707519
18.308347
15.343390
15.139465
16.244615
15.232324
16.633448
16.478556
18.154495
17.401528
16.242936
16.340666
16.697033
18.070029
23.842024
24.445634
25.068712
24.392106
24.794249
26.565637
23.494143
23.815799
23.188729
22.895937
23.503661
22.956215
21.577804
18.487457
18.603893
18.399043
19.079406
18.732329
19.605212
19.666080
17.282181
17.989816
27.264343
25.630931
24.654274
25.635222
26.285379
23.078435
23.293718
21.508450
22.006547
19.160526
20.198095
19.543340
17.998723
20.794130
18.096703
23.880211
24.746252
24.996849
20.612401
20.310036
21.419536
20.839328
20.701821
22.061690
21.093125
19.680792
20.102661
20.943521
21.480372
20.512932
17.185652
18.250485
17.769731
16.862998
10.547743
10.867552
 9.516840
10.931685
10.906479
11.075120
10.271145
11.100128
10.335438
10.105076
11.223829
10.894623
11.073831
11.488602
11.110604
 9.726991
11.228440
 9.709913
 9.670005
10.088297
10.366423
10.573828
10.585536
11.285946
11.311464
11.013236
10.892691
10.844916
16.051827
14.654568
15.708218
14.759799
16.030981
14.453252
14.656437
15.530298
15.807300
16.511127
14.310205
15.508935
16.695553
15.398573
15.643700
14.271583
15.461972
16.080960
14.919317
15.506884
14.717108
15.590028
15.288301
16.092971
13.803815
15.079102
13.630554
14.953812
14.817515
13.571366
21.431862
22.369346
20.627431
18.405768
18.686863
19.578589
14.760484
15.856716
16.309528
16.824255
17.270136
16.131529
17.019513
15.117394
16.456000
15.529022
16.205757
17.612197
16.208748
17.104810
15.926397
15.643580
16.409492
18.859294
22.445272
21.369706
21.242729
21.038073
21.284531
19.934719
21.043625
21.528930
21.713147
22.006211
21.790208
21.571438
24.207073
23.701771
23.015342
23.385541
24.849180
23.945885
21.708969
22.287167
20.942591
23.858205
23.237886
22.925030
22.455410
21.174690
20.600135
19.131858
18.599339
19.279814
20.569361
17.807931
17.766922
17.781381
18.348177
20.155601
18.667845
18.957630
18.413998
19.179668
21.745010
20.391445
22.879810
21.175217
16.434038
18.040571
14.461095
14.087631
14.955491
14.321830
18.805173
18.779146
17.565937
16.532743
16.578812
17.066871
17.192492
22.831985
22.937032
22.834967
24.658557
23.821215
24.794613
24.538550
23.601009
14.696402
14.812132
15.027220
14.441260
13.542436
13.286115
13.890043
14.012058
13.352941
14.035837
13.368943
16.280244
14.978664
15.891364
14.953815
16.672657
19.240388
20.902007
20.315472
19.591725
19.307831
20.289495
19.280667
20.602639
14.898291
15.239691
15.769265
15.080785
15.161382
14.858420
15.679950
15.965084
15.520197
14.964394
18.467677
17.516895
17.896259
17.900409
22.895192
22.528160
19.859068
20.587766
21.160024
18.490008
20.276332
20.145017
19.769265
20.050637
20.360091
21.044259
19.928006
20.068886
19.984355
18.927906
20.048529
19.429478
21.476394
23.212073
22.578368
22.482864
14.391416
15.032646
14.703528
16.116236
15.477022
14.074263
14.758970
14.248408
14.198907
16.071323
15.178114
16.612982
14.831072
15.306618
16.874399
15.967665
16.279499
15.788219
14.724853
15.922275
15.745559
15.026653
16.044405
16.820244
13.395344
15.967092
16.682660
16.259898
13.482404
14.587456
13.451741
12.974860
14.036578
14.599627
13.816709
13.971229
14.214496
14.262062
14.199912
13.744081
13.276413
14.518802
14.018839
13.450711
14.038941
13.987529
16.840260
16.378817
15.558825
15.689602
14.914879
15.568448
16.780707
14.674798
14.703495
15.517680
17.579704
18.209244
18.971153
17.450777
18.124743
18.182891
19.055236
18.887577
19.176773
19.295018
18.970625
18.593808
20.884205
17.915475
20.129795
19.085579
15.585799
15.244194
15.718580
13.842200
15.489657
16.747016
16.437455
17.309252
17.457064
14.916434
15.258414
14.934359
15.120711
15.649968
14.806986
16.688806
14.169840
14.674531
14.003235
14.490218
14.064874
14.437167
14.815028
13.701574
20.570085
20.394315
19.732287
16.086162
16.665319
15.658550
16.170127
16.551639
15.274188
16.740840
16.367547
16.357463
16.389381
17.390746
16.054898
16.191562
14.390303
16.401037
15.817568
16.583598
16.635935
16.945953
16.097679
15.755938
16.243528
14.997631
17.624733
17.418372
16.253524
17.412879
17.312632
17.999667
18.309785
17.676675
17.513650
18.026981
18.206502
17.514243
18.462968
17.062440
12.946236
12.248806
12.959047
12.671078
13.392399
13.419688
11.751704
13.339506
12.888944
12.365326
11.926148
12.278231
12.001418
11.976314
14.571646
15.380728
14.293290
13.392216
13.489964
13.127748
13.286840
12.516865
