0.9899355
0.9999426
1.0261393
0.9418450
1.0609522
0.9917303
1.0486845
0.9996064
1.0427426
1.0275608
1.0070055
1.0286796
0.9734125
0.9640721
1.0070564
1.0347528
0.9713277
1.0393976
1.0162002
0.9645634
0.9844826
1.0218130
1.0130079
1.0236362
0.9613547
1.0027564
0.9958032
1.0040319
0.9461269
1.0629209
0.9970870
1.0017495
1.0524032
0.9689580
1.0072149
1.0449229
0.9852618
0.9770361
1.0293464
0.9690565
0.9899355
0.9999426
1.0261393
0.9418450
1.0609522
0.9917303
1.0486845
0.9996064
1.0427426
1.0275608
1.0070055
1.0286796
0.9734125
0.9640721
1.0070564
1.0347528
0.9713277
1.0393976
1.0162002
0.9645634
0.9844826
1.0218130
1.0130079
1.0236362
0.9613547
1.0027564
0.9958032
1.0040319
0.9461269
1.0629209
0.9970870
1.0017495
1.0524032
0.9689580
1.0072149
1.0449229
0.9852618
0.9770361
1.0293464
0.9690565
0.9899355
0.9999426
1.0261393
0.9418450
1.0609522
0.9917303
1.0486845
0.9996064
1.0427426
1.0275608
1.0070055
1.0286796
0.9734125
0.9640721
1.0070564
1.0347528
0.9713277
1.0393976
1.0162002
0.9645634
0.9844826
1.0218130
1.0130079
1.0236362
0.9613547
1.0027564
0.9958032
1.0040319
0.9461269
1.0629209
0.9970870
1.0017495
1.0524032
0.9689580
1.0072149
1.0449229
0.9852618
0.9770361
1.0293464
0.9690565
0.9899355
0.9999426
1.0261393
0.9418450
1.0609522
0.9917303
1.0486845
0.9996064
1.0427426
1.0275608
1.0070055
1.0286796
0.9734125
0.9640721
1.0070564
1.0347528
0.9713277
1.0393976
1.0162002
0.9645634
0.9844826
1.0218130
1.0130079
1.0236362
0.9613547
1.0027564
0.9958032
1.0040319
0.9461269
1.0629209
0.9970870
1.0017495
1.0524032
0.9689580
1.0072149
1.0449229
0.9852618
0.9770361
1.0293464
0.9690565
0.9899355
0.9999426
1.0261393
0.9418450
1.0609522
0.9917303
1.0486845
0.9996064
1.0427426
1.0275608
1.0070055
1.0286796
0.9734125
0.9640721
1.0070564
1.0347528
0.9713277
1.0393976
1.0162002
0.9645634
0.9844826
1.0218130
1.0130079
1.0236362
0.9613547
1.0027564
0.9958032
1.0040319
0.9461269
1.0629209
0.9970870
1.0017495
1.0524032
0.9689580
1.0072149
1.0449229
0.9852618
0.9770361
1.0293464
0.9690565
0.9899355
0.9999426
1.0261393
0.9418450
1.0609522
0.9917303
1.0486845
0.9996064
1.0427426
1.0275608
1.0070055
1.0286796
0.9734125
0.9640721
1.0070564
1.0347528
0.9713277
1.0393976
1.0162002
0.9645634
0.9844826
1.0218130
1.0130079
1.0236362
0.9613547
1.0027564
0.9958032
1.0040319
0.9461269
1.0629209
0.9970870
1.0017495
1.0524032
0.9689580
1.0072149
1.0449229
0.9852618
0.9770361
1.0293464
0.9690565
0.9899355
0.9999426
1.0261393
0.9418450
1.0609522
0.9917303
1.0486845
0.9996064
1.0427426
1.0275608
1.0070055
1.0286796
0.9734125
0.9640721
1.0070564
1.0347528
0.9713277
1.0393976
1.0162002
0.9645634
0.9844826
1.0218130
1.0130079
1.0236362
0.9613547
1.0027564
0.9958032
1.0040319
0.9461269
1.0629209
0.9970870
1.0017495
1.0524032
0.9689580
1.0072149
1.0449229
0.9852618
0.9770361
1.0293464
0.9690565
0.9899355
0.9999426
1.0261393
0.9418450
1.0609522
0.9917303
1.0486845
0.9996064
1.0427426
1.0275608
1.0070055
1.0286796
0.9734125
0.9640721
1.0070564
1.0347528
0.9713277
1.0393976
1.0162002
0.9645634
0.9844826
1.0218130
1.0130079
1.0236362
0.9613547
1.0027564
0.9958032
1.0040319
0.9461269
1.0629209
0.9970870
1.0017495
1.0524032
0.9689580
1.0072149
1.0449229
0.9852618
0.9770361
1.0293464
0.9690565
0.9899355
0.9999426
1.0261393
0.9418450
1.0609522
0.9917303
1.0486845
0.9996064
1.0427426
1.0275608
1.0070055
1.0286796
0.9734125
0.9640721
1.0070564
1.0347528
0.9713277
1.0393976
1.0162002
0.9645634
0.9844826
1.0218130
1.0130079
1.0236362
0.9613547
1.0027564
0.9958032
1.0040319
0.9461269
1.0629209
0.9970870
1.0017495
1.0524032
0.9689580
1.0072149
1.0449229
0.9852618
0.9770361
1.0293464
0.9690565
0.9899355
0.9999426
1.0261393
0.9418450
1.0609522
0.9917303
1.0486845
0.9996064
1.0427426
1.0275608
1.0070055
1.0286796
0.9734125
0.9640721
1.0070564
1.0347528
0.9713277
1.0393976
1.0162002
0.9645634
0.9844826
1.0218130
1.0130079
1.0236362
0.9613547
1.0027564
0.9958032
1.0040319
0.9461269
1.0629209
0.9970870
1.0017495
1.0524032
0.9689580
1.0072149
1.0449229
0.9852618
0.9770361
1.0293464
0.9690565
0.9899355
0.9999426
1.0261393
0.9418450
1.0609522
0.9917303
1.0486845
0.9996064
1.0427426
1.0275608
1.0070055
1.0286796
0.9734125
0.9640721
1.0070564
1.0347528
0.9713277
1.0393976
1.0162002
0.9645634
0.9844826
1.0218130
1.0130079
1.0236362
0.9613547
1.0027564
0.9958032
1.0040319
0.9461269
1.0629209
0.9970870
1.0017495
1.0524032
0.9689580
1.0072149
1.0449229
0.9852618
0.9770361
1.0293464
0.9690565
0.9899355
0.9999426
1.0261393
0.9418450
1.0609522
0.9917303
1.0486845
0.9996064
1.0427426
1.0275608
1.0070055
1.0286796
0.9734125
0.9640721
1.0070564
1.0347528
0.9713277
1.0393976
1.0162002
0.9645634
0.9844826
1.0218130
1.0130079
1.0236362
0.9613547
1.0027564
0.9958032
1.0040319
0.9461269
1.0629209
0.9970870
1.0017495
1.0524032
0.9689580
1.0072149
1.0449229
0.9852618
0.9770361
1.0293464
0.9690565
0.9899355
0.9999426
1.0261393
0.9418450
1.0609522
0.9917303
1.0486845
0.9996064
1.0427426
1.0275608
1.0070055
1.0286796
0.9734125
0.9640721
1.0070564
1.0347528
0.9713277
1.0393976
1.0162002
0.9645634
0.9844826
1.0218130
1.0130079
1.0236362
0.9613547
1.0027564
0.9958032
1.0040319
0.9461269
1.0629209
0.9970870
1.0017495
1.0524032
0.9689580
1.0072149
1.0449229
0.9852618
0.9770361
1.0293464
0.9690565
0.9899355
0.9999426
1.0261393
0.9418450
1.0609522
0.9917303
1.0486845
0.9996064
1.0427426
1.0275608
1.0070055
1.0286796
0.9734125
0.9640721
1.0070564
1.0347528
0.9713277
1.0393976
1.0162002
0.9645634
0.9844826
1.0218130
1.0130079
1.0236362
0.9613547
1.0027564
0.9958032
1.0040319
0.9461269
1.0629209
0.9970870
1.0017495
1.0524032
0.9689580
1.0072149
1.0449229
0.9852618
0.9770361
1.0293464
0.9690565
0.9899355
0.9999426
1.0261393
0.9418450
1.0609522
0.9917303
1.0486845
0.9996064
1.0427426
1.0275608
1.0070055
1.0286796
0.9734125
0.9640721
1.0070564
1.0347528
0.9713277
1.0393976
1.0162002
0.9645634
0.9844826
1.0218130
1.0130079
1.0236362
0.9613547
1.0027564
0.9958032
1.0040319
0.9461269
1.0629209
0.9970870
1.0017495
1.0524032
0.9689580
1.0072149
1.0449229
0.9852618
0.9770361
1.0293464
0.9690565
0.9899355
0.9999426
1.0261393
0.9418450
1.0609522
0.9917303
1.0486845
0.9996064
1.0427426
1.0275608
1.0070055
1.0286796
0.9734125
0.9640721
1.0070564
1.0347528
0.9713277
1.0393976
1.0162002
0.9645634
0.9844826
1.0218130
1.0130079
1.0236362
0.9613547
1.0027564
0.9958032
1.0040319
0.9461269
1.0629209
0.9970870
1.0017495
1.0524032
0.9689580
1.0072149
1.0449229
0.9852618
0.9770361
1.0293464
0.9690565
0.9899355
0.9999426
1.0261393
0.9418450
1.0609522
0.9917303
1.0486845
0.9996064
1.0427426
1.0275608
1.0070055
1.0286796
0.9734125
0.9640721
1.0070564
1.0347528
0.9713277
1.0393976
1.0162002
0.9645634
0.9844826
1.0218130
1.0130079
1.0236362
0.9613547
1.0027564
0.9958032
1.0040319
0.9461269
1.0629209
0.9970870
1.0017495
1.0524032
0.9689580
1.0072149
1.0449229
0.9852618
0.9770361
1.0293464
0.9690565
0.9899355
0.9999426
1.0261393
0.9418450
1.0609522
0.9917303
1.0486845
0.9996064
1.0427426
1.0275608
1.0070055
1.0286796
0.9734125
0.9640721
1.0070564
1.0347528
0.9713277
1.0393976
1.0162002
0.9645634
0.9844826
1.0218130
1.0130079
1.0236362
0.9613547
1.0027564
0.9958032
1.0040319
0.9461269
1.0629209
0.9970870
1.0017495
1.0524032
0.9689580
1.0072149
1.0449229
0.9852618
0.9770361
1.0293464
0.9690565
0.9899355
0.9999426
1.0261393
0.9418450
1.0609522
0.9917303
1.0486845
0.9996064
1.0427426
1.0275608
1.0070055
1.0286796
0.9734125
0.9640721
1.0070564
1.0347528
0.9713277
1.0393976
1.0162002
0.9645634
0.9844826
1.0218130
1.0130079
1.0236362
0.9613547
1.0027564
0.9958032
1.0040319
0.9461269
1.0629209
0.9970870
1.0017495
1.0524032
0.9689580
1.0072149
1.0449229
0.9852618
0.9770361
1.0293464
0.9690565
0.9899355
0.9999426
1.0261393
0.9418450
1.0609522
0.9917303
1.0486845
0.9996064
1.0427426
1.0275608
1.0070055
1.0286796
0.9734125
0.9640721
1.0070564
1.0347528
0.9713277
1.0393976
1.0162002
0.9645634
0.9844826
1.0218130
1.0130079
1.0236362
0.9613547
1.0027564
0.9958032
1.0040319
0.9461269
1.0629209
0.9970870
1.0017495
1.0524032
0.9689580
1.0072149
1.0449229
0.9852618
0.9770361
1.0293464
0.9690565
0.9899355
0.9999426
1.0261393
0.9418450
1.0609522
0.9917303
1.0486845
0.9996064
1.0427426
1.0275608
1.0070055
1.0286796
0.9734125
0.9640721
1.0070564
1.0347528
0.9713277
1.0393976
1.0162002
0.9645634
0.9844826
1.0218130
1.0130079
1.0236362
0.9613547
1.0027564
0.9958032
1.0040319
0.9461269
1.0629209
0.9970870
1.0017495
1.0524032
0.9689580
1.0072149
1.0449229
0.9852618
0.9770361
1.0293464
0.9690565
0.9899355
0.9999426
1.0261393
0.9418450
1.0609522
0.9917303
1.0486845
0.9996064
1.0427426
1.0275608
1.0070055
1.0286796
0.9734125
0.9640721
1.0070564
1.0347528
0.9713277
1.0393976
1.0162002
0.9645634
0.9844826
1.0218130
1.0130079
1.0236362
0.9613547
1.0027564
0.9958032
1.0040319
0.9461269
1.0629209
0.9970870
1.0017495
1.0524032
0.9689580
1.0072149
1.0449229
0.9852618
0.9770361
1.0293464
0.9690565
0.9899355
0.9999426
1.0261393
0.9418450
1.0609522
0.9917303
1.0486845
0.9996064
1.0427426
1.0275608
1.0070055
1.0286796
0.9734125
0.9640721
1.0070564
1.0347528
0.9713277
1.0393976
1.0162002
0.9645634
0.9844826
1.0218130
1.0130079
1.0236362
0.9613547
1.0027564
0.9958032
1.0040319
0.9461269
1.0629209
0.9970870
1.0017495
1.0524032
0.9689580
1.0072149
1.0449229
0.9852618
0.9770361
1.0293464
0.9690565
0.9899355
0.9999426
1.0261393
0.9418450
1.0609522
0.9917303
1.0486845
0.9996064
1.0427426
1.0275608
1.0070055
1.0286796
0.9734125
0.9640721
1.0070564
1.0347528
0.9713277
1.0393976
1.0162002
0.9645634
0.9844826
1.0218130
1.0130079
1.0236362
0.9613547
1.0027564
0.9958032
1.0040319
0.9461269
1.0629209
0.9970870
1.0017495
1.0524032
0.9689580
1.0072149
1.0449229
0.9852618
0.9770361
1.0293464
0.9690565
0.9899355
0.9999426
1.0261393
0.9418450
1.0609522
0.9917303
1.0486845
0.9996064
1.0427426
1.0275608
1.0070055
1.0286796
0.9734125
0.9640721
1.0070564
1.0347528
0.9713277
1.0393976
1.0162002
0.9645634
0.9844826
1.0218130
1.0130079
1.0236362
0.9613547
1.0027564
0.9958032
1.0040319
0.9461269
1.0629209
0.9970870
1.0017495
1.0524032
0.9689580
1.0072149
1.0449229
0.9852618
0.9770361
1.0293464
0.9690565
0.9899355
0.9999426
1.0261393
0.9418450
1.0609522
0.9917303
1.0486845
0.9996064
1.0427426
1.0275608
1.0070055
1.0286796
0.9734125
0.9640721
1.0070564
1.0347528
0.9713277
1.0393976
1.0162002
0.9645634
0.9844826
1.0218130
1.0130079
1.0236362
0.9613547
1.0027564
0.9958032
1.0040319
0.9461269
1.0629209
0.9970870
1.0017495
1.0524032
0.9689580
1.0072149
1.0449229
0.9852618
0.9770361
1.0293464
0.9690565
0.9899355
0.9999426
1.0261393
0.9418450
1.0609522
0.9917303
1.0486845
0.9996064
1.0427426
1.0275608
1.0070055
1.0286796
0.9734125
0.9640721
1.0070564
1.0347528
0.9713277
1.0393976
1.0162002
0.9645634
0.9844826
1.0218130
1.0130079
1.0236362
0.9613547
1.0027564
0.9958032
1.0040319
0.9461269
1.0629209
0.9970870
1.0017495
1.0524032
0.9689580
1.0072149
1.0449229
0.9852618
0.9770361
1.0293464
0.9690565
0.9899355
0.9999426
1.0261393
0.9418450
1.0609522
0.9917303
1.0486845
0.9996064
1.0427426
1.0275608
1.0070055
1.0286796
0.9734125
0.9640721
1.0070564
1.0347528
0.9713277
1.0393976
1.0162002
0.9645634
0.9844826
1.0218130
1.0130079
1.0236362
0.9613547
1.0027564
0.9958032
1.0040319
0.9461269
1.0629209
0.9970870
1.0017495
1.0524032
0.9689580
1.0072149
1.0449229
0.9852618
0.9770361
1.0293464
0.9690565
0.9899355
0.9999426
1.0261393
0.9418450
1.0609522
0.9917303
1.0486845
0.9996064
1.0427426
1.0275608
1.0070055
1.0286796
0.9734125
0.9640721
1.0070564
1.0347528
0.9713277
1.0393976
1.0162002
0.9645634
0.9844826
1.0218130
1.0130079
1.0236362
0.9613547
1.0027564
0.9958032
1.0040319
0.9461269
1.0629209
0.9970870
1.0017495
1.0524032
0.9689580
1.0072149
1.0449229
0.9852618
0.9770361
1.0293464
0.9690565
0.9899355
0.9999426
1.0261393
0.9418450
1.0609522
0.9917303
1.0486845
0.9996064
1.0427426
1.0275608
1.0070055
1.0286796
0.9734125
0.9640721
1.0070564
1.0347528
0.9713277
1.0393976
1.0162002
0.9645634
0.9844826
1.0218130
1.0130079
1.0236362
0.9613547
1.0027564
0.9958032
1.0040319
0.9461269
1.0629209
0.9970870
1.0017495
1.0524032
0.9689580
1.0072149
1.0449229
0.9852618
0.9770361
1.0293464
0.9690565
0.9899355
0.9999426
1.0261393
0.9418450
1.0609522
0.9917303
1.0486845
0.9996064
1.0427426
1.0275608
1.0070055
1.0286796
0.9734125
0.9640721
1.0070564
1.0347528
0.9713277
1.0393976
1.0162002
0.9645634
0.9844826
1.0218130
1.0130079
1.0236362
0.9613547
1.0027564
0.9958032
1.0040319
0.9461269
1.0629209
0.9970870
1.0017495
1.0524032
0.9689580
1.0072149
1.0449229
0.9852618
0.9770361
1.0293464
0.9690565
0.9899355
0.9999426
1.0261393
0.9418450
1.0609522
0.9917303
1.0486845
0.9996064
1.0427426
1.0275608
1.0070055
1.0286796
0.9734125
0.9640721
1.0070564
1.0347528
0.9713277
1.0393976
1.0162002
0.9645634
0.9844826
1.0218130
1.0130079
1.0236362
0.9613547
1.0027564
0.9958032
1.0040319
0.9461269
1.0629209
0.9970870
1.0017495
1.0524032
0.9689580
1.0072149
1.0449229
0.9852618
0.9770361
1.0293464
0.9690565
0.9899355
0.9999426
1.0261393
0.9418450
1.0609522
0.9917303
1.0486845
0.9996064
1.0427426
1.0275608
1.0070055
1.0286796
0.9734125
0.9640721
1.0070564
1.0347528
0.9713277
1.0393976
1.0162002
0.9645634
0.9844826
1.0218130
1.0130079
1.0236362
0.9613547
1.0027564
0.9958032
1.0040319
0.9461269
1.0629209
0.9970870
1.0017495
1.0524032
0.9689580
1.0072149
1.0449229
0.9852618
0.9770361
1.0293464
0.9690565
0.9899355
0.9999426
1.0261393
0.9418450
1.0609522
0.9917303
1.0486845
0.9996064
1.0427426
1.0275608
1.0070055
1.0286796
0.9734125
0.9640721
1.0070564
1.0347528
0.9713277
1.0393976
1.0162002
0.9645634
0.9844826
1.0218130
1.0130079
1.0236362
0.9613547
1.0027564
0.9958032
1.0040319
0.9461269
1.0629209
0.9970870
1.0017495
1.0524032
0.9689580
1.0072149
1.0449229
0.9852618
0.9770361
1.0293464
0.9690565
0.9899355
0.9999426
1.0261393
0.9418450
1.0609522
0.9917303
1.0486845
0.9996064
1.0427426
1.0275608
1.0070055
1.0286796
0.9734125
0.9640721
1.0070564
1.0347528
0.9713277
1.0393976
1.0162002
0.9645634
0.9844826
1.0218130
1.0130079
1.0236362
0.9613547
1.0027564
0.9958032
1.0040319
0.9461269
1.0629209
0.9970870
1.0017495
1.0524032
0.9689580
1.0072149
1.0449229
0.9852618
0.9770361
1.0293464
0.9690565
0.9899355
0.9999426
1.0261393
0.9418450
1.0609522
0.9917303
1.0486845
0.9996064
1.0427426
1.0275608
1.0070055
1.0286796
0.9734125
0.9640721
1.0070564
1.0347528
0.9713277
1.0393976
1.0162002
0.9645634
0.9844826
1.0218130
1.0130079
1.0236362
0.9613547
1.0027564
0.9958032
1.0040319
0.9461269
1.0629209
0.9970870
1.0017495
1.0524032
0.9689580
1.0072149
1.0449229
0.9852618
0.9770361
1.0293464
0.9690565
0.9899355
0.9999426
1.0261393
0.9418450
1.0609522
0.9917303
1.0486845
0.9996064
1.0427426
1.0275608
1.0070055
1.0286796
0.9734125
0.9640721
1.0070564
1.0347528
0.9713277
1.0393976
1.0162002
0.9645634
0.9844826
1.0218130
1.0130079
1.0236362
0.9613547
1.0027564
0.9958032
1.0040319
0.9461269
1.0629209
0.9970870
1.0017495
1.0524032
0.9689580
1.0072149
1.0449229
0.9852618
0.9770361
1.0293464
0.9690565
0.9899355
0.9999426
1.0261393
0.9418450
1.0609522
0.9917303
1.0486845
0.9996064
1.0427426
1.0275608
1.0070055
1.0286796
0.9734125
0.9640721
1.0070564
1.0347528
0.9713277
1.0393976
1.0162002
0.9645634
0.9844826
1.0218130
1.0130079
1.0236362
0.9613547
1.0027564
0.9958032
1.0040319
0.9461269
1.0629209
0.9970870
1.0017495
1.0524032
0.9689580
1.0072149
1.0449229
0.9852618
0.9770361
1.0293464
0.9690565
0.9899355
0.9999426
1.0261393
0.9418450
1.0609522
0.9917303
1.0486845
0.9996064
1.0427426
1.0275608
1.0070055
1.0286796
0.9734125
0.9640721
1.0070564
1.0347528
0.9713277
1.0393976
1.0162002
0.9645634
0.9844826
1.0218130
1.0130079
1.0236362
0.9613547
1.0027564
0.9958032
1.0040319
0.9461269
1.0629209
0.9970870
1.0017495
1.0524032
0.9689580
1.0072149
1.0449229
0.9852618
0.9770361
1.0293464
0.9690565
0.9899355
0.9999426
1.0261393
0.9418450
1.0609522
0.9917303
1.0486845
0.9996064
1.0427426
1.0275608
1.0070055
1.0286796
0.9734125
0.9640721
1.0070564
1.0347528
0.9713277
1.0393976
1.0162002
0.9645634
0.9844826
1.0218130
1.0130079
1.0236362
0.9613547
1.0027564
0.9958032
1.0040319
0.9461269
1.0629209
0.9970870
1.0017495
1.0524032
0.9689580
1.0072149
1.0449229
0.9852618
0.9770361
1.0293464
0.9690565
0.9899355
0.9999426
1.0261393
0.9418450
1.0609522
0.9917303
1.0486845
0.9996064
1.0427426
1.0275608
1.0070055
1.0286796
0.9734125
0.9640721
1.0070564
1.0347528
0.9713277
1.0393976
1.0162002
0.9645634
0.9844826
1.0218130
1.0130079
1.0236362
0.9613547
1.0027564
0.9958032
1.0040319
0.9461269
1.0629209
0.9970870
1.0017495
1.0524032
0.9689580
1.0072149
1.0449229
0.9852618
0.9770361
1.0293464
0.9690565
0.9899355
0.9999426
1.0261393
0.9418450
1.0609522
0.9917303
1.0486845
0.9996064
1.0427426
1.0275608
1.0070055
1.0286796
0.9734125
0.9640721
1.0070564
1.0347528
0.9713277
1.0393976
1.0162002
0.9645634
0.9844826
1.0218130
1.0130079
1.0236362
0.9613547
1.0027564
0.9958032
1.0040319
0.9461269
1.0629209
0.9970870
1.0017495
1.0524032
0.9689580
1.0072149
1.0449229
0.9852618
0.9770361
1.0293464
0.9690565
0.9899355
0.9999426
1.0261393
0.9418450
1.0609522
0.9917303
1.0486845
0.9996064
1.0427426
1.0275608
1.0070055
1.0286796
0.9734125
0.9640721
1.0070564
1.0347528
0.9713277
1.0393976
1.0162002
0.9645634
0.9844826
1.0218130
1.0130079
1.0236362
0.9613547
1.0027564
0.9958032
1.0040319
0.9461269
1.0629209
0.9970870
1.0017495
1.0524032
0.9689580
1.0072149
1.0449229
0.9852618
0.9770361
1.0293464
0.9690565
0.9899355
0.9999426
1.0261393
0.9418450
1.0609522
0.9917303
1.0486845
0.9996064
1.0427426
1.0275608
1.0070055
1.0286796
0.9734125
0.9640721
1.0070564
1.0347528
0.9713277
1.0393976
1.0162002
0.9645634
0.9844826
1.0218130
1.0130079
1.0236362
0.9613547
1.0027564
0.9958032
1.0040319
0.9461269
1.0629209
0.9970870
1.0017495
1.0524032
0.9689580
1.0072149
1.0449229
0.9852618
0.9770361
1.0293464
0.9690565
0.9899355
0.9999426
1.0261393
0.9418450
1.0609522
0.9917303
1.0486845
0.9996064
1.0427426
1.0275608
1.0070055
1.0286796
0.9734125
0.9640721
1.0070564
1.0347528
0.9713277
1.0393976
1.0162002
0.9645634
0.9844826
1.0218130
1.0130079
1.0236362
0.9613547
1.0027564
0.9958032
1.0040319
0.9461269
1.0629209
0.9970870
1.0017495
1.0524032
0.9689580
1.0072149
1.0449229
0.9852618
0.9770361
1.0293464
0.9690565
0.9899355
0.9999426
1.0261393
0.9418450
1.0609522
0.9917303
1.0486845
0.9996064
1.0427426
1.0275608
1.0070055
1.0286796
0.9734125
0.9640721
1.0070564
1.0347528
0.9713277
1.0393976
1.0162002
0.9645634
0.9844826
1.0218130
1.0130079
1.0236362
0.9613547
1.0027564
0.9958032
1.0040319
0.9461269
1.0629209
0.9970870
1.0017495
1.0524032
0.9689580
1.0072149
1.0449229
0.9852618
0.9770361
1.0293464
0.9690565
0.9899355
0.9999426
1.0261393
0.9418450
1.0609522
0.9917303
1.0486845
0.9996064
1.0427426
1.0275608
1.0070055
1.0286796
0.9734125
0.9640721
1.0070564
1.0347528
0.9713277
1.0393976
1.0162002
0.9645634
0.9844826
1.0218130
1.0130079
1.0236362
0.9613547
1.0027564
0.9958032
1.0040319
0.9461269
1.0629209
0.9970870
1.0017495
1.0524032
0.9689580
1.0072149
1.0449229
0.9852618
0.9770361
1.0293464
0.9690565
0.9899355
0.9999426
1.0261393
0.9418450
1.0609522
0.9917303
1.0486845
0.9996064
1.0427426
1.0275608
1.0070055
1.0286796
0.9734125
0.9640721
1.0070564
1.0347528
0.9713277
1.0393976
1.0162002
0.9645634
0.9844826
1.0218130
1.0130079
1.0236362
0.9613547
1.0027564
0.9958032
1.0040319
0.9461269
1.0629209
0.9970870
1.0017495
1.0524032
0.9689580
1.0072149
1.0449229
0.9852618
0.9770361
1.0293464
0.9690565
0.9899355
0.9999426
1.0261393
0.9418450
1.0609522
0.9917303
1.0486845
0.9996064
1.0427426
1.0275608
1.0070055
1.0286796
0.9734125
0.9640721
1.0070564
1.0347528
0.9713277
1.0393976
1.0162002
0.9645634
0.9844826
1.0218130
1.0130079
1.0236362
0.9613547
1.0027564
0.9958032
1.0040319
0.9461269
1.0629209
0.9970870
1.0017495
1.0524032
0.9689580
1.0072149
1.0449229
0.9852618
0.9770361
1.0293464
0.9690565
0.9899355
0.9999426
1.0261393
0.9418450
1.0609522
0.9917303
1.0486845
0.9996064
1.0427426
1.0275608
1.0070055
1.0286796
0.9734125
0.9640721
1.0070564
1.0347528
0.9713277
1.0393976
1.0162002
0.9645634
0.9844826
1.0218130
1.0130079
1.0236362
0.9613547
1.0027564
0.9958032
1.0040319
0.9461269
1.0629209
0.9970870
1.0017495
1.0524032
0.9689580
1.0072149
1.0449229
0.9852618
0.9770361
1.0293464
0.9690565
