0.5165525
0.5282055
0.5355277
0.4985127
0.4970329
0.5029350
0.4778375
0.4813066
0.5279533
0.4969001
0.5170083
0.5046628
0.4998673
0.5457605
0.4859223
0.4956670
0.5008403
0.5043563
0.5261439
0.5205634
0.4913467
0.4831988
0.5186654
0.5068687
0.4748607
0.5018527
0.5146579
0.4914509
0.5265467
0.4944906
0.5318338
0.5329416
0.5251874
0.4870771
0.4907539
0.5145783
0.5204703
0.5040066
0.5097193
0.5021639
0.5165525
0.5282055
0.5355277
0.4985127
0.4970329
0.5029350
0.4778375
0.4813066
0.5279533
0.4969001
0.5170083
0.5046628
0.4998673
0.5457605
0.4859223
0.4956670
0.5008403
0.5043563
0.5261439
0.5205634
0.4913467
0.4831988
0.5186654
0.5068687
0.4748607
0.5018527
0.5146579
0.4914509
0.5265467
0.4944906
0.5318338
0.5329416
0.5251874
0.4870771
0.4907539
0.5145783
0.5204703
0.5040066
0.5097193
0.5021639
0.5165525
0.5282055
0.5355277
0.4985127
0.4970329
0.5029350
0.4778375
0.4813066
0.5279533
0.4969001
0.5170083
0.5046628
0.4998673
0.5457605
0.4859223
0.4956670
0.5008403
0.5043563
0.5261439
0.5205634
0.4913467
0.4831988
0.5186654
0.5068687
0.4748607
0.5018527
0.5146579
0.4914509
0.5265467
0.4944906
0.5318338
0.5329416
0.5251874
0.4870771
0.4907539
0.5145783
0.5204703
0.5040066
0.5097193
0.5021639
0.5165525
0.5282055
0.5355277
0.4985127
0.4970329
0.5029350
0.4778375
0.4813066
0.5279533
0.4969001
0.5170083
0.5046628
0.4998673
0.5457605
0.4859223
0.4956670
0.5008403
0.5043563
0.5261439
0.5205634
0.4913467
0.4831988
0.5186654
0.5068687
0.4748607
0.5018527
0.5146579
0.4914509
0.5265467
0.4944906
0.5318338
0.5329416
0.5251874
0.4870771
0.4907539
0.5145783
0.5204703
0.5040066
0.5097193
0.5021639
0.5165525
0.5282055
0.5355277
0.4985127
0.4970329
0.5029350
0.4778375
0.4813066
0.5279533
0.4969001
0.5170083
0.5046628
0.4998673
0.5457605
0.4859223
0.4956670
0.5008403
0.5043563
0.5261439
0.5205634
0.4913467
0.4831988
0.5186654
0.5068687
0.4748607
0.5018527
0.5146579
0.4914509
0.5265467
0.4944906
0.5318338
0.5329416
0.5251874
0.4870771
0.4907539
0.5145783
0.5204703
0.5040066
0.5097193
0.5021639
0.5165525
0.5282055
0.5355277
0.4985127
0.4970329
0.5029350
0.4778375
0.4813066
0.5279533
0.4969001
0.5170083
0.5046628
0.4998673
0.5457605
0.4859223
0.4956670
0.5008403
0.5043563
0.5261439
0.5205634
0.4913467
0.4831988
0.5186654
0.5068687
0.4748607
0.5018527
0.5146579
0.4914509
0.5265467
0.4944906
0.5318338
0.5329416
0.5251874
0.4870771
0.4907539
0.5145783
0.5204703
0.5040066
0.5097193
0.5021639
0.5165525
0.5282055
0.5355277
0.4985127
0.4970329
0.5029350
0.4778375
0.4813066
0.5279533
0.4969001
0.5170083
0.5046628
0.4998673
0.5457605
0.4859223
0.4956670
0.5008403
0.5043563
0.5261439
0.5205634
0.4913467
0.4831988
0.5186654
0.5068687
0.4748607
0.5018527
0.5146579
0.4914509
0.5265467
0.4944906
0.5318338
0.5329416
0.5251874
0.4870771
0.4907539
0.5145783
0.5204703
0.5040066
0.5097193
0.5021639
0.5165525
0.5282055
0.5355277
0.4985127
0.4970329
0.5029350
0.4778375
0.4813066
0.5279533
0.4969001
0.5170083
0.5046628
0.4998673
0.5457605
0.4859223
0.4956670
0.5008403
0.5043563
0.5261439
0.5205634
0.4913467
0.4831988
0.5186654
0.5068687
0.4748607
0.5018527
0.5146579
0.4914509
0.5265467
0.4944906
0.5318338
0.5329416
0.5251874
0.4870771
0.4907539
0.5145783
0.5204703
0.5040066
0.5097193
0.5021639
0.5165525
0.5282055
0.5355277
0.4985127
0.4970329
0.5029350
0.4778375
0.4813066
0.5279533
0.4969001
0.5170083
0.5046628
0.4998673
0.5457605
0.4859223
0.4956670
0.5008403
0.5043563
0.5261439
0.5205634
0.4913467
0.4831988
0.5186654
0.5068687
0.4748607
0.5018527
0.5146579
0.4914509
0.5265467
0.4944906
0.5318338
0.5329416
0.5251874
0.4870771
0.4907539
0.5145783
0.5204703
0.5040066
0.5097193
0.5021639
0.5165525
0.5282055
0.5355277
0.4985127
0.4970329
0.5029350
0.4778375
0.4813066
0.5279533
0.4969001
0.5170083
0.5046628
0.4998673
0.5457605
0.4859223
0.4956670
0.5008403
0.5043563
0.5261439
0.5205634
0.4913467
0.4831988
0.5186654
0.5068687
0.4748607
0.5018527
0.5146579
0.4914509
0.5265467
0.4944906
0.5318338
0.5329416
0.5251874
0.4870771
0.4907539
0.5145783
0.5204703
0.5040066
0.5097193
0.5021639
0.5165525
0.5282055
0.5355277
0.4985127
0.4970329
0.5029350
0.4778375
0.4813066
0.5279533
0.4969001
0.5170083
0.5046628
0.4998673
0.5457605
0.4859223
0.4956670
0.5008403
0.5043563
0.5261439
0.5205634
0.4913467
0.4831988
0.5186654
0.5068687
0.4748607
0.5018527
0.5146579
0.4914509
0.5265467
0.4944906
0.5318338
0.5329416
0.5251874
0.4870771
0.4907539
0.5145783
0.5204703
0.5040066
0.5097193
0.5021639
0.5165525
0.5282055
0.5355277
0.4985127
0.4970329
0.5029350
0.4778375
0.4813066
0.5279533
0.4969001
0.5170083
0.5046628
0.4998673
0.5457605
0.4859223
0.4956670
0.5008403
0.5043563
0.5261439
0.5205634
0.4913467
0.4831988
0.5186654
0.5068687
0.4748607
0.5018527
0.5146579
0.4914509
0.5265467
0.4944906
0.5318338
0.5329416
0.5251874
0.4870771
0.4907539
0.5145783
0.5204703
0.5040066
0.5097193
0.5021639
0.5165525
0.5282055
0.5355277
0.4985127
0.4970329
0.5029350
0.4778375
0.4813066
0.5279533
0.4969001
0.5170083
0.5046628
0.4998673
0.5457605
0.4859223
0.4956670
0.5008403
0.5043563
0.5261439
0.5205634
0.4913467
0.4831988
0.5186654
0.5068687
0.4748607
0.5018527
0.5146579
0.4914509
0.5265467
0.4944906
0.5318338
0.5329416
0.5251874
0.4870771
0.4907539
0.5145783
0.5204703
0.5040066
0.5097193
0.5021639
0.5165525
0.5282055
0.5355277
0.4985127
0.4970329
0.5029350
0.4778375
0.4813066
0.5279533
0.4969001
0.5170083
0.5046628
0.4998673
0.5457605
0.4859223
0.4956670
0.5008403
0.5043563
0.5261439
0.5205634
0.4913467
0.4831988
0.5186654
0.5068687
0.4748607
0.5018527
0.5146579
0.4914509
0.5265467
0.4944906
0.5318338
0.5329416
0.5251874
0.4870771
0.4907539
0.5145783
0.5204703
0.5040066
0.5097193
0.5021639
0.5165525
0.5282055
0.5355277
0.4985127
0.4970329
0.5029350
0.4778375
0.4813066
0.5279533
0.4969001
0.5170083
0.5046628
0.4998673
0.5457605
0.4859223
0.4956670
0.5008403
0.5043563
0.5261439
0.5205634
0.4913467
0.4831988
0.5186654
0.5068687
0.4748607
0.5018527
0.5146579
0.4914509
0.5265467
0.4944906
0.5318338
0.5329416
0.5251874
0.4870771
0.4907539
0.5145783
0.5204703
0.5040066
0.5097193
0.5021639
0.5165525
0.5282055
0.5355277
0.4985127
0.4970329
0.5029350
0.4778375
0.4813066
0.5279533
0.4969001
0.5170083
0.5046628
0.4998673
0.5457605
0.4859223
0.4956670
0.5008403
0.5043563
0.5261439
0.5205634
0.4913467
0.4831988
0.5186654
0.5068687
0.4748607
0.5018527
0.5146579
0.4914509
0.5265467
0.4944906
0.5318338
0.5329416
0.5251874
0.4870771
0.4907539
0.5145783
0.5204703
0.5040066
0.5097193
0.5021639
0.5165525
0.5282055
0.5355277
0.4985127
0.4970329
0.5029350
0.4778375
0.4813066
0.5279533
0.4969001
0.5170083
0.5046628
0.4998673
0.5457605
0.4859223
0.4956670
0.5008403
0.5043563
0.5261439
0.5205634
0.4913467
0.4831988
0.5186654
0.5068687
0.4748607
0.5018527
0.5146579
0.4914509
0.5265467
0.4944906
0.5318338
0.5329416
0.5251874
0.4870771
0.4907539
0.5145783
0.5204703
0.5040066
0.5097193
0.5021639
0.5165525
0.5282055
0.5355277
0.4985127
0.4970329
0.5029350
0.4778375
0.4813066
0.5279533
0.4969001
0.5170083
0.5046628
0.4998673
0.5457605
0.4859223
0.4956670
0.5008403
0.5043563
0.5261439
0.5205634
0.4913467
0.4831988
0.5186654
0.5068687
0.4748607
0.5018527
0.5146579
0.4914509
0.5265467
0.4944906
0.5318338
0.5329416
0.5251874
0.4870771
0.4907539
0.5145783
0.5204703
0.5040066
0.5097193
0.5021639
0.5165525
0.5282055
0.5355277
0.4985127
0.4970329
0.5029350
0.4778375
0.4813066
0.5279533
0.4969001
0.5170083
0.5046628
0.4998673
0.5457605
0.4859223
0.4956670
0.5008403
0.5043563
0.5261439
0.5205634
0.4913467
0.4831988
0.5186654
0.5068687
0.4748607
0.5018527
0.5146579
0.4914509
0.5265467
0.4944906
0.5318338
0.5329416
0.5251874
0.4870771
0.4907539
0.5145783
0.5204703
0.5040066
0.5097193
0.5021639
0.5165525
0.5282055
0.5355277
0.4985127
0.4970329
0.5029350
0.4778375
0.4813066
0.5279533
0.4969001
0.5170083
0.5046628
0.4998673
0.5457605
0.4859223
0.4956670
0.5008403
0.5043563
0.5261439
0.5205634
0.4913467
0.4831988
0.5186654
0.5068687
0.4748607
0.5018527
0.5146579
0.4914509
0.5265467
0.4944906
0.5318338
0.5329416
0.5251874
0.4870771
0.4907539
0.5145783
0.5204703
0.5040066
0.5097193
0.5021639
0.5165525
0.5282055
0.5355277
0.4985127
0.4970329
0.5029350
0.4778375
0.4813066
0.5279533
0.4969001
0.5170083
0.5046628
0.4998673
0.5457605
0.4859223
0.4956670
0.5008403
0.5043563
0.5261439
0.5205634
0.4913467
0.4831988
0.5186654
0.5068687
0.4748607
0.5018527
0.5146579
0.4914509
0.5265467
0.4944906
0.5318338
0.5329416
0.5251874
0.4870771
0.4907539
0.5145783
0.5204703
0.5040066
0.5097193
0.5021639
0.5165525
0.5282055
0.5355277
0.4985127
0.4970329
0.5029350
0.4778375
0.4813066
0.5279533
0.4969001
0.5170083
0.5046628
0.4998673
0.5457605
0.4859223
0.4956670
0.5008403
0.5043563
0.5261439
0.5205634
0.4913467
0.4831988
0.5186654
0.5068687
0.4748607
0.5018527
0.5146579
0.4914509
0.5265467
0.4944906
0.5318338
0.5329416
0.5251874
0.4870771
0.4907539
0.5145783
0.5204703
0.5040066
0.5097193
0.5021639
0.5165525
0.5282055
0.5355277
0.4985127
0.4970329
0.5029350
0.4778375
0.4813066
0.5279533
0.4969001
0.5170083
0.5046628
0.4998673
0.5457605
0.4859223
0.4956670
0.5008403
0.5043563
0.5261439
0.5205634
0.4913467
0.4831988
0.5186654
0.5068687
0.4748607
0.5018527
0.5146579
0.4914509
0.5265467
0.4944906
0.5318338
0.5329416
0.5251874
0.4870771
0.4907539
0.5145783
0.5204703
0.5040066
0.5097193
0.5021639
0.5165525
0.5282055
0.5355277
0.4985127
0.4970329
0.5029350
0.4778375
0.4813066
0.5279533
0.4969001
0.5170083
0.5046628
0.4998673
0.5457605
0.4859223
0.4956670
0.5008403
0.5043563
0.5261439
0.5205634
0.4913467
0.4831988
0.5186654
0.5068687
0.4748607
0.5018527
0.5146579
0.4914509
0.5265467
0.4944906
0.5318338
0.5329416
0.5251874
0.4870771
0.4907539
0.5145783
0.5204703
0.5040066
0.5097193
0.5021639
0.5165525
0.5282055
0.5355277
0.4985127
0.4970329
0.5029350
0.4778375
0.4813066
0.5279533
0.4969001
0.5170083
0.5046628
0.4998673
0.5457605
0.4859223
0.4956670
0.5008403
0.5043563
0.5261439
0.5205634
0.4913467
0.4831988
0.5186654
0.5068687
0.4748607
0.5018527
0.5146579
0.4914509
0.5265467
0.4944906
0.5318338
0.5329416
0.5251874
0.4870771
0.4907539
0.5145783
0.5204703
0.5040066
0.5097193
0.5021639
0.5165525
0.5282055
0.5355277
0.4985127
0.4970329
0.5029350
0.4778375
0.4813066
0.5279533
0.4969001
0.5170083
0.5046628
0.4998673
0.5457605
0.4859223
0.4956670
0.5008403
0.5043563
0.5261439
0.5205634
0.4913467
0.4831988
0.5186654
0.5068687
0.4748607
0.5018527
0.5146579
0.4914509
0.5265467
0.4944906
0.5318338
0.5329416
0.5251874
0.4870771
0.4907539
0.5145783
0.5204703
0.5040066
0.5097193
0.5021639
0.5165525
0.5282055
0.5355277
0.4985127
0.4970329
0.5029350
0.4778375
0.4813066
0.5279533
0.4969001
0.5170083
0.5046628
0.4998673
0.5457605
0.4859223
0.4956670
0.5008403
0.5043563
0.5261439
0.5205634
0.4913467
0.4831988
0.5186654
0.5068687
0.4748607
0.5018527
0.5146579
0.4914509
0.5265467
0.4944906
0.5318338
0.5329416
0.5251874
0.4870771
0.4907539
0.5145783
0.5204703
0.5040066
0.5097193
0.5021639
0.5165525
0.5282055
0.5355277
0.4985127
0.4970329
0.5029350
0.4778375
0.4813066
0.5279533
0.4969001
0.5170083
0.5046628
0.4998673
0.5457605
0.4859223
0.4956670
0.5008403
0.5043563
0.5261439
0.5205634
0.4913467
0.4831988
0.5186654
0.5068687
0.4748607
0.5018527
0.5146579
0.4914509
0.5265467
0.4944906
0.5318338
0.5329416
0.5251874
0.4870771
0.4907539
0.5145783
0.5204703
0.5040066
0.5097193
0.5021639
0.5165525
0.5282055
0.5355277
0.4985127
0.4970329
0.5029350
0.4778375
0.4813066
0.5279533
0.4969001
0.5170083
0.5046628
0.4998673
0.5457605
0.4859223
0.4956670
0.5008403
0.5043563
0.5261439
0.5205634
0.4913467
0.4831988
0.5186654
0.5068687
0.4748607
0.5018527
0.5146579
0.4914509
0.5265467
0.4944906
0.5318338
0.5329416
0.5251874
0.4870771
0.4907539
0.5145783
0.5204703
0.5040066
0.5097193
0.5021639
0.5165525
0.5282055
0.5355277
0.4985127
0.4970329
0.5029350
0.4778375
0.4813066
0.5279533
0.4969001
0.5170083
0.5046628
0.4998673
0.5457605
0.4859223
0.4956670
0.5008403
0.5043563
0.5261439
0.5205634
0.4913467
0.4831988
0.5186654
0.5068687
0.4748607
0.5018527
0.5146579
0.4914509
0.5265467
0.4944906
0.5318338
0.5329416
0.5251874
0.4870771
0.4907539
0.5145783
0.5204703
0.5040066
0.5097193
0.5021639
0.5165525
0.5282055
0.5355277
0.4985127
0.4970329
0.5029350
0.4778375
0.4813066
0.5279533
0.4969001
0.5170083
0.5046628
0.4998673
0.5457605
0.4859223
0.4956670
0.5008403
0.5043563
0.5261439
0.5205634
0.4913467
0.4831988
0.5186654
0.5068687
0.4748607
0.5018527
0.5146579
0.4914509
0.5265467
0.4944906
0.5318338
0.5329416
0.5251874
0.4870771
0.4907539
0.5145783
0.5204703
0.5040066
0.5097193
0.5021639
0.5165525
0.5282055
0.5355277
0.4985127
0.4970329
0.5029350
0.4778375
0.4813066
0.5279533
0.4969001
0.5170083
0.5046628
0.4998673
0.5457605
0.4859223
0.4956670
0.5008403
0.5043563
0.5261439
0.5205634
0.4913467
0.4831988
0.5186654
0.5068687
0.4748607
0.5018527
0.5146579
0.4914509
0.5265467
0.4944906
0.5318338
0.5329416
0.5251874
0.4870771
0.4907539
0.5145783
0.5204703
0.5040066
0.5097193
0.5021639
0.5165525
0.5282055
0.5355277
0.4985127
0.4970329
0.5029350
0.4778375
0.4813066
0.5279533
0.4969001
0.5170083
0.5046628
0.4998673
0.5457605
0.4859223
0.4956670
0.5008403
0.5043563
0.5261439
0.5205634
0.4913467
0.4831988
0.5186654
0.5068687
0.4748607
0.5018527
0.5146579
0.4914509
0.5265467
0.4944906
0.5318338
0.5329416
0.5251874
0.4870771
0.4907539
0.5145783
0.5204703
0.5040066
0.5097193
0.5021639
0.5165525
0.5282055
0.5355277
0.4985127
0.4970329
0.5029350
0.4778375
0.4813066
0.5279533
0.4969001
0.5170083
0.5046628
0.4998673
0.5457605
0.4859223
0.4956670
0.5008403
0.5043563
0.5261439
0.5205634
0.4913467
0.4831988
0.5186654
0.5068687
0.4748607
0.5018527
0.5146579
0.4914509
0.5265467
0.4944906
0.5318338
0.5329416
0.5251874
0.4870771
0.4907539
0.5145783
0.5204703
0.5040066
0.5097193
0.5021639
0.5165525
0.5282055
0.5355277
0.4985127
0.4970329
0.5029350
0.4778375
0.4813066
0.5279533
0.4969001
0.5170083
0.5046628
0.4998673
0.5457605
0.4859223
0.4956670
0.5008403
0.5043563
0.5261439
0.5205634
0.4913467
0.4831988
0.5186654
0.5068687
0.4748607
0.5018527
0.5146579
0.4914509
0.5265467
0.4944906
0.5318338
0.5329416
0.5251874
0.4870771
0.4907539
0.5145783
0.5204703
0.5040066
0.5097193
0.5021639
0.5165525
0.5282055
0.5355277
0.4985127
0.4970329
0.5029350
0.4778375
0.4813066
0.5279533
0.4969001
0.5170083
0.5046628
0.4998673
0.5457605
0.4859223
0.4956670
0.5008403
0.5043563
0.5261439
0.5205634
0.4913467
0.4831988
0.5186654
0.5068687
0.4748607
0.5018527
0.5146579
0.4914509
0.5265467
0.4944906
0.5318338
0.5329416
0.5251874
0.4870771
0.4907539
0.5145783
0.5204703
0.5040066
0.5097193
0.5021639
0.5165525
0.5282055
0.5355277
0.4985127
0.4970329
0.5029350
0.4778375
0.4813066
0.5279533
0.4969001
0.5170083
0.5046628
0.4998673
0.5457605
0.4859223
0.4956670
0.5008403
0.5043563
0.5261439
0.5205634
0.4913467
0.4831988
0.5186654
0.5068687
0.4748607
0.5018527
0.5146579
0.4914509
0.5265467
0.4944906
0.5318338
0.5329416
0.5251874
0.4870771
0.4907539
0.5145783
0.5204703
0.5040066
0.5097193
0.5021639
0.5165525
0.5282055
0.5355277
0.4985127
0.4970329
0.5029350
0.4778375
0.4813066
0.5279533
0.4969001
0.5170083
0.5046628
0.4998673
0.5457605
0.4859223
0.4956670
0.5008403
0.5043563
0.5261439
0.5205634
0.4913467
0.4831988
0.5186654
0.5068687
0.4748607
0.5018527
0.5146579
0.4914509
0.5265467
0.4944906
0.5318338
0.5329416
0.5251874
0.4870771
0.4907539
0.5145783
0.5204703
0.5040066
0.5097193
0.5021639
0.5165525
0.5282055
0.5355277
0.4985127
0.4970329
0.5029350
0.4778375
0.4813066
0.5279533
0.4969001
0.5170083
0.5046628
0.4998673
0.5457605
0.4859223
0.4956670
0.5008403
0.5043563
0.5261439
0.5205634
0.4913467
0.4831988
0.5186654
0.5068687
0.4748607
0.5018527
0.5146579
0.4914509
0.5265467
0.4944906
0.5318338
0.5329416
0.5251874
0.4870771
0.4907539
0.5145783
0.5204703
0.5040066
0.5097193
0.5021639
0.5165525
0.5282055
0.5355277
0.4985127
0.4970329
0.5029350
0.4778375
0.4813066
0.5279533
0.4969001
0.5170083
0.5046628
0.4998673
0.5457605
0.4859223
0.4956670
0.5008403
0.5043563
0.5261439
0.5205634
0.4913467
0.4831988
0.5186654
0.5068687
0.4748607
0.5018527
0.5146579
0.4914509
0.5265467
0.4944906
0.5318338
0.5329416
0.5251874
0.4870771
0.4907539
0.5145783
0.5204703
0.5040066
0.5097193
0.5021639
0.5165525
0.5282055
0.5355277
0.4985127
0.4970329
0.5029350
0.4778375
0.4813066
0.5279533
0.4969001
0.5170083
0.5046628
0.4998673
0.5457605
0.4859223
0.4956670
0.5008403
0.5043563
0.5261439
0.5205634
0.4913467
0.4831988
0.5186654
0.5068687
0.4748607
0.5018527
0.5146579
0.4914509
0.5265467
0.4944906
0.5318338
0.5329416
0.5251874
0.4870771
0.4907539
0.5145783
0.5204703
0.5040066
0.5097193
0.5021639
0.5165525
0.5282055
0.5355277
0.4985127
0.4970329
0.5029350
0.4778375
0.4813066
0.5279533
0.4969001
0.5170083
0.5046628
0.4998673
0.5457605
0.4859223
0.4956670
0.5008403
0.5043563
0.5261439
0.5205634
0.4913467
0.4831988
0.5186654
0.5068687
0.4748607
0.5018527
0.5146579
0.4914509
0.5265467
0.4944906
0.5318338
0.5329416
0.5251874
0.4870771
0.4907539
0.5145783
0.5204703
0.5040066
0.5097193
0.5021639
0.5165525
0.5282055
0.5355277
0.4985127
0.4970329
0.5029350
0.4778375
0.4813066
0.5279533
0.4969001
0.5170083
0.5046628
0.4998673
0.5457605
0.4859223
0.4956670
0.5008403
0.5043563
0.5261439
0.5205634
0.4913467
0.4831988
0.5186654
0.5068687
0.4748607
0.5018527
0.5146579
0.4914509
0.5265467
0.4944906
0.5318338
0.5329416
0.5251874
0.4870771
0.4907539
0.5145783
0.5204703
0.5040066
0.5097193
0.5021639
0.5165525
0.5282055
0.5355277
0.4985127
0.4970329
0.5029350
0.4778375
0.4813066
0.5279533
0.4969001
0.5170083
0.5046628
0.4998673
0.5457605
0.4859223
0.4956670
0.5008403
0.5043563
0.5261439
0.5205634
0.4913467
0.4831988
0.5186654
0.5068687
0.4748607
0.5018527
0.5146579
0.4914509
0.5265467
0.4944906
0.5318338
0.5329416
0.5251874
0.4870771
0.4907539
0.5145783
0.5204703
0.5040066
0.5097193
0.5021639
0.5165525
0.5282055
0.5355277
0.4985127
0.4970329
0.5029350
0.4778375
0.4813066
0.5279533
0.4969001
0.5170083
0.5046628
0.4998673
0.5457605
0.4859223
0.4956670
0.5008403
0.5043563
0.5261439
0.5205634
0.4913467
0.4831988
0.5186654
0.5068687
0.4748607
0.5018527
0.5146579
0.4914509
0.5265467
0.4944906
0.5318338
0.5329416
0.5251874
0.4870771
0.4907539
0.5145783
0.5204703
0.5040066
0.5097193
0.5021639
0.5165525
0.5282055
0.5355277
0.4985127
0.4970329
0.5029350
0.4778375
0.4813066
0.5279533
0.4969001
0.5170083
0.5046628
0.4998673
0.5457605
0.4859223
0.4956670
0.5008403
0.5043563
0.5261439
0.5205634
0.4913467
0.4831988
0.5186654
0.5068687
0.4748607
0.5018527
0.5146579
0.4914509
0.5265467
0.4944906
0.5318338
0.5329416
0.5251874
0.4870771
0.4907539
0.5145783
0.5204703
0.5040066
0.5097193
0.5021639
0.5165525
0.5282055
0.5355277
0.4985127
0.4970329
0.5029350
0.4778375
0.4813066
0.5279533
0.4969001
0.5170083
0.5046628
0.4998673
0.5457605
0.4859223
0.4956670
0.5008403
0.5043563
0.5261439
0.5205634
0.4913467
0.4831988
0.5186654
0.5068687
0.4748607
0.5018527
0.5146579
0.4914509
0.5265467
0.4944906
0.5318338
0.5329416
0.5251874
0.4870771
0.4907539
0.5145783
0.5204703
0.5040066
0.5097193
0.5021639
0.5165525
0.5282055
0.5355277
0.4985127
0.4970329
0.5029350
0.4778375
0.4813066
0.5279533
0.4969001
0.5170083
0.5046628
0.4998673
0.5457605
0.4859223
0.4956670
0.5008403
0.5043563
0.5261439
0.5205634
0.4913467
0.4831988
0.5186654
0.5068687
0.4748607
0.5018527
0.5146579
0.4914509
0.5265467
0.4944906
0.5318338
0.5329416
0.5251874
0.4870771
0.4907539
0.5145783
0.5204703
0.5040066
0.5097193
0.5021639
0.5165525
0.5282055
0.5355277
0.4985127
0.4970329
0.5029350
0.4778375
0.4813066
0.5279533
0.4969001
0.5170083
0.5046628
0.4998673
0.5457605
0.4859223
0.4956670
0.5008403
0.5043563
0.5261439
0.5205634
0.4913467
0.4831988
0.5186654
0.5068687
0.4748607
0.5018527
0.5146579
0.4914509
0.5265467
0.4944906
0.5318338
0.5329416
0.5251874
0.4870771
0.4907539
0.5145783
0.5204703
0.5040066
0.5097193
0.5021639
0.5165525
0.5282055
0.5355277
0.4985127
0.4970329
0.5029350
0.4778375
0.4813066
0.5279533
0.4969001
0.5170083
0.5046628
0.4998673
0.5457605
0.4859223
0.4956670
0.5008403
0.5043563
0.5261439
0.5205634
0.4913467
0.4831988
0.5186654
0.5068687
0.4748607
0.5018527
0.5146579
0.4914509
0.5265467
0.4944906
0.5318338
0.5329416
0.5251874
0.4870771
0.4907539
0.5145783
0.5204703
0.5040066
0.5097193
0.5021639
