0.9958369
0.9922262
0.9618715
0.9939567
0.9760423
0.9795918
1.0377291
0.9521288
0.9710236
1.0092390
0.9706551
1.0149727
0.9420047
1.0336173
1.0484510
1.0304028
1.1087858
1.0449968
0.9831788
0.8999921
0.9982399
1.0246048
1.0322869
1.0316522
1.0236276
1.0422645
1.0013428
0.8998243
1.0634566
0.9970823
1.0974382
0.9727223
0.9698582
1.0423239
0.9665487
1.0494331
0.9957631
1.0672147
1.0400557
1.0114840
0.9958369
0.9922262
0.9618715
0.9939567
0.9760423
0.9795918
1.0377291
0.9521288
0.9710236
1.0092390
0.9706551
1.0149727
0.9420047
1.0336173
1.0484510
1.0304028
1.1087858
1.0449968
0.9831788
0.8999921
0.9982399
1.0246048
1.0322869
1.0316522
1.0236276
1.0422645
1.0013428
0.8998243
1.0634566
0.9970823
1.0974382
0.9727223
0.9698582
1.0423239
0.9665487
1.0494331
0.9957631
1.0672147
1.0400557
1.0114840
0.9958369
0.9922262
0.9618715
0.9939567
0.9760423
0.9795918
1.0377291
0.9521288
0.9710236
1.0092390
0.9706551
1.0149727
0.9420047
1.0336173
1.0484510
1.0304028
1.1087858
1.0449968
0.9831788
0.8999921
0.9982399
1.0246048
1.0322869
1.0316522
1.0236276
1.0422645
1.0013428
0.8998243
1.0634566
0.9970823
1.0974382
0.9727223
0.9698582
1.0423239
0.9665487
1.0494331
0.9957631
1.0672147
1.0400557
1.0114840
0.9958369
0.9922262
0.9618715
0.9939567
0.9760423
0.9795918
1.0377291
0.9521288
0.9710236
1.0092390
0.9706551
1.0149727
0.9420047
1.0336173
1.0484510
1.0304028
1.1087858
1.0449968
0.9831788
0.8999921
0.9982399
1.0246048
1.0322869
1.0316522
1.0236276
1.0422645
1.0013428
0.8998243
1.0634566
0.9970823
1.0974382
0.9727223
0.9698582
1.0423239
0.9665487
1.0494331
0.9957631
1.0672147
1.0400557
1.0114840
0.9958369
0.9922262
0.9618715
0.9939567
0.9760423
0.9795918
1.0377291
0.9521288
0.9710236
1.0092390
0.9706551
1.0149727
0.9420047
1.0336173
1.0484510
1.0304028
1.1087858
1.0449968
0.9831788
0.8999921
0.9982399
1.0246048
1.0322869
1.0316522
1.0236276
1.0422645
1.0013428
0.8998243
1.0634566
0.9970823
1.0974382
0.9727223
0.9698582
1.0423239
0.9665487
1.0494331
0.9957631
1.0672147
1.0400557
1.0114840
0.9958369
0.9922262
0.9618715
0.9939567
0.9760423
0.9795918
1.0377291
0.9521288
0.9710236
1.0092390
0.9706551
1.0149727
0.9420047
1.0336173
1.0484510
1.0304028
1.1087858
1.0449968
0.9831788
0.8999921
0.9982399
1.0246048
1.0322869
1.0316522
1.0236276
1.0422645
1.0013428
0.8998243
1.0634566
0.9970823
1.0974382
0.9727223
0.9698582
1.0423239
0.9665487
1.0494331
0.9957631
1.0672147
1.0400557
1.0114840
0.9958369
0.9922262
0.9618715
0.9939567
0.9760423
0.9795918
1.0377291
0.9521288
0.9710236
1.0092390
0.9706551
1.0149727
0.9420047
1.0336173
1.0484510
1.0304028
1.1087858
1.0449968
0.9831788
0.8999921
0.9982399
1.0246048
1.0322869
1.0316522
1.0236276
1.0422645
1.0013428
0.8998243
1.0634566
0.9970823
1.0974382
0.9727223
0.9698582
1.0423239
0.9665487
1.0494331
0.9957631
1.0672147
1.0400557
1.0114840
0.9958369
0.9922262
0.9618715
0.9939567
0.9760423
0.9795918
1.0377291
0.9521288
0.9710236
1.0092390
0.9706551
1.0149727
0.9420047
1.0336173
1.0484510
1.0304028
1.1087858
1.0449968
0.9831788
0.8999921
0.9982399
1.0246048
1.0322869
1.0316522
1.0236276
1.0422645
1.0013428
0.8998243
1.0634566
0.9970823
1.0974382
0.9727223
0.9698582
1.0423239
0.9665487
1.0494331
0.9957631
1.0672147
1.0400557
1.0114840
0.9958369
0.9922262
0.9618715
0.9939567
0.9760423
0.9795918
1.0377291
0.9521288
0.9710236
1.0092390
0.9706551
1.0149727
0.9420047
1.0336173
1.0484510
1.0304028
1.1087858
1.0449968
0.9831788
0.8999921
0.9982399
1.0246048
1.0322869
1.0316522
1.0236276
1.0422645
1.0013428
0.8998243
1.0634566
0.9970823
1.0974382
0.9727223
0.9698582
1.0423239
0.9665487
1.0494331
0.9957631
1.0672147
1.0400557
1.0114840
0.9958369
0.9922262
0.9618715
0.9939567
0.9760423
0.9795918
1.0377291
0.9521288
0.9710236
1.0092390
0.9706551
1.0149727
0.9420047
1.0336173
1.0484510
1.0304028
1.1087858
1.0449968
0.9831788
0.8999921
0.9982399
1.0246048
1.0322869
1.0316522
1.0236276
1.0422645
1.0013428
0.8998243
1.0634566
0.9970823
1.0974382
0.9727223
0.9698582
1.0423239
0.9665487
1.0494331
0.9957631
1.0672147
1.0400557
1.0114840
0.9958369
0.9922262
0.9618715
0.9939567
0.9760423
0.9795918
1.0377291
0.9521288
0.9710236
1.0092390
0.9706551
1.0149727
0.9420047
1.0336173
1.0484510
1.0304028
1.1087858
1.0449968
0.9831788
0.8999921
0.9982399
1.0246048
1.0322869
1.0316522
1.0236276
1.0422645
1.0013428
0.8998243
1.0634566
0.9970823
1.0974382
0.9727223
0.9698582
1.0423239
0.9665487
1.0494331
0.9957631
1.0672147
1.0400557
1.0114840
0.9958369
0.9922262
0.9618715
0.9939567
0.9760423
0.9795918
1.0377291
0.9521288
0.9710236
1.0092390
0.9706551
1.0149727
0.9420047
1.0336173
1.0484510
1.0304028
1.1087858
1.0449968
0.9831788
0.8999921
0.9982399
1.0246048
1.0322869
1.0316522
1.0236276
1.0422645
1.0013428
0.8998243
1.0634566
0.9970823
1.0974382
0.9727223
0.9698582
1.0423239
0.9665487
1.0494331
0.9957631
1.0672147
1.0400557
1.0114840
0.9958369
0.9922262
0.9618715
0.9939567
0.9760423
0.9795918
1.0377291
0.9521288
0.9710236
1.0092390
0.9706551
1.0149727
0.9420047
1.0336173
1.0484510
1.0304028
1.1087858
1.0449968
0.9831788
0.8999921
0.9982399
1.0246048
1.0322869
1.0316522
1.0236276
1.0422645
1.0013428
0.8998243
1.0634566
0.9970823
1.0974382
0.9727223
0.9698582
1.0423239
0.9665487
1.0494331
0.9957631
1.0672147
1.0400557
1.0114840
0.9958369
0.9922262
0.9618715
0.9939567
0.9760423
0.9795918
1.0377291
0.9521288
0.9710236
1.0092390
0.9706551
1.0149727
0.9420047
1.0336173
1.0484510
1.0304028
1.1087858
1.0449968
0.9831788
0.8999921
0.9982399
1.0246048
1.0322869
1.0316522
1.0236276
1.0422645
1.0013428
0.8998243
1.0634566
0.9970823
1.0974382
0.9727223
0.9698582
1.0423239
0.9665487
1.0494331
0.9957631
1.0672147
1.0400557
1.0114840
0.9958369
0.9922262
0.9618715
0.9939567
0.9760423
0.9795918
1.0377291
0.9521288
0.9710236
1.0092390
0.9706551
1.0149727
0.9420047
1.0336173
1.0484510
1.0304028
1.1087858
1.0449968
0.9831788
0.8999921
0.9982399
1.0246048
1.0322869
1.0316522
1.0236276
1.0422645
1.0013428
0.8998243
1.0634566
0.9970823
1.0974382
0.9727223
0.9698582
1.0423239
0.9665487
1.0494331
0.9957631
1.0672147
1.0400557
1.0114840
0.9958369
0.9922262
0.9618715
0.9939567
0.9760423
0.9795918
1.0377291
0.9521288
0.9710236
1.0092390
0.9706551
1.0149727
0.9420047
1.0336173
1.0484510
1.0304028
1.1087858
1.0449968
0.9831788
0.8999921
0.9982399
1.0246048
1.0322869
1.0316522
1.0236276
1.0422645
1.0013428
0.8998243
1.0634566
0.9970823
1.0974382
0.9727223
0.9698582
1.0423239
0.9665487
1.0494331
0.9957631
1.0672147
1.0400557
1.0114840
0.9958369
0.9922262
0.9618715
0.9939567
0.9760423
0.9795918
1.0377291
0.9521288
0.9710236
1.0092390
0.9706551
1.0149727
0.9420047
1.0336173
1.0484510
1.0304028
1.1087858
1.0449968
0.9831788
0.8999921
0.9982399
1.0246048
1.0322869
1.0316522
1.0236276
1.0422645
1.0013428
0.8998243
1.0634566
0.9970823
1.0974382
0.9727223
0.9698582
1.0423239
0.9665487
1.0494331
0.9957631
1.0672147
1.0400557
1.0114840
0.9958369
0.9922262
0.9618715
0.9939567
0.9760423
0.9795918
1.0377291
0.9521288
0.9710236
1.0092390
0.9706551
1.0149727
0.9420047
1.0336173
1.0484510
1.0304028
1.1087858
1.0449968
0.9831788
0.8999921
0.9982399
1.0246048
1.0322869
1.0316522
1.0236276
1.0422645
1.0013428
0.8998243
1.0634566
0.9970823
1.0974382
0.9727223
0.9698582
1.0423239
0.9665487
1.0494331
0.9957631
1.0672147
1.0400557
1.0114840
0.9958369
0.9922262
0.9618715
0.9939567
0.9760423
0.9795918
1.0377291
0.9521288
0.9710236
1.0092390
0.9706551
1.0149727
0.9420047
1.0336173
1.0484510
1.0304028
1.1087858
1.0449968
0.9831788
0.8999921
0.9982399
1.0246048
1.0322869
1.0316522
1.0236276
1.0422645
1.0013428
0.8998243
1.0634566
0.9970823
1.0974382
0.9727223
0.9698582
1.0423239
0.9665487
1.0494331
0.9957631
1.0672147
1.0400557
1.0114840
0.9958369
0.9922262
0.9618715
0.9939567
0.9760423
0.9795918
1.0377291
0.9521288
0.9710236
1.0092390
0.9706551
1.0149727
0.9420047
1.0336173
1.0484510
1.0304028
1.1087858
1.0449968
0.9831788
0.8999921
0.9982399
1.0246048
1.0322869
1.0316522
1.0236276
1.0422645
1.0013428
0.8998243
1.0634566
0.9970823
1.0974382
0.9727223
0.9698582
1.0423239
0.9665487
1.0494331
0.9957631
1.0672147
1.0400557
1.0114840
0.9958369
0.9922262
0.9618715
0.9939567
0.9760423
0.9795918
1.0377291
0.9521288
0.9710236
1.0092390
0.9706551
1.0149727
0.9420047
1.0336173
1.0484510
1.0304028
1.1087858
1.0449968
0.9831788
0.8999921
0.9982399
1.0246048
1.0322869
1.0316522
1.0236276
1.0422645
1.0013428
0.8998243
1.0634566
0.9970823
1.0974382
0.9727223
0.9698582
1.0423239
0.9665487
1.0494331
0.9957631
1.0672147
1.0400557
1.0114840
0.9958369
0.9922262
0.9618715
0.9939567
0.9760423
0.9795918
1.0377291
0.9521288
0.9710236
1.0092390
0.9706551
1.0149727
0.9420047
1.0336173
1.0484510
1.0304028
1.1087858
1.0449968
0.9831788
0.8999921
0.9982399
1.0246048
1.0322869
1.0316522
1.0236276
1.0422645
1.0013428
0.8998243
1.0634566
0.9970823
1.0974382
0.9727223
0.9698582
1.0423239
0.9665487
1.0494331
0.9957631
1.0672147
1.0400557
1.0114840
0.9958369
0.9922262
0.9618715
0.9939567
0.9760423
0.9795918
1.0377291
0.9521288
0.9710236
1.0092390
0.9706551
1.0149727
0.9420047
1.0336173
1.0484510
1.0304028
1.1087858
1.0449968
0.9831788
0.8999921
0.9982399
1.0246048
1.0322869
1.0316522
1.0236276
1.0422645
1.0013428
0.8998243
1.0634566
0.9970823
1.0974382
0.9727223
0.9698582
1.0423239
0.9665487
1.0494331
0.9957631
1.0672147
1.0400557
1.0114840
0.9958369
0.9922262
0.9618715
0.9939567
0.9760423
0.9795918
1.0377291
0.9521288
0.9710236
1.0092390
0.9706551
1.0149727
0.9420047
1.0336173
1.0484510
1.0304028
1.1087858
1.0449968
0.9831788
0.8999921
0.9982399
1.0246048
1.0322869
1.0316522
1.0236276
1.0422645
1.0013428
0.8998243
1.0634566
0.9970823
1.0974382
0.9727223
0.9698582
1.0423239
0.9665487
1.0494331
0.9957631
1.0672147
1.0400557
1.0114840
0.9958369
0.9922262
0.9618715
0.9939567
0.9760423
0.9795918
1.0377291
0.9521288
0.9710236
1.0092390
0.9706551
1.0149727
0.9420047
1.0336173
1.0484510
1.0304028
1.1087858
1.0449968
0.9831788
0.8999921
0.9982399
1.0246048
1.0322869
1.0316522
1.0236276
1.0422645
1.0013428
0.8998243
1.0634566
0.9970823
1.0974382
0.9727223
0.9698582
1.0423239
0.9665487
1.0494331
0.9957631
1.0672147
1.0400557
1.0114840
0.9958369
0.9922262
0.9618715
0.9939567
0.9760423
0.9795918
1.0377291
0.9521288
0.9710236
1.0092390
0.9706551
1.0149727
0.9420047
1.0336173
1.0484510
1.0304028
1.1087858
1.0449968
0.9831788
0.8999921
0.9982399
1.0246048
1.0322869
1.0316522
1.0236276
1.0422645
1.0013428
0.8998243
1.0634566
0.9970823
1.0974382
0.9727223
0.9698582
1.0423239
0.9665487
1.0494331
0.9957631
1.0672147
1.0400557
1.0114840
0.9958369
0.9922262
0.9618715
0.9939567
0.9760423
0.9795918
1.0377291
0.9521288
0.9710236
1.0092390
0.9706551
1.0149727
0.9420047
1.0336173
1.0484510
1.0304028
1.1087858
1.0449968
0.9831788
0.8999921
0.9982399
1.0246048
1.0322869
1.0316522
1.0236276
1.0422645
1.0013428
0.8998243
1.0634566
0.9970823
1.0974382
0.9727223
0.9698582
1.0423239
0.9665487
1.0494331
0.9957631
1.0672147
1.0400557
1.0114840
0.9958369
0.9922262
0.9618715
0.9939567
0.9760423
0.9795918
1.0377291
0.9521288
0.9710236
1.0092390
0.9706551
1.0149727
0.9420047
1.0336173
1.0484510
1.0304028
1.1087858
1.0449968
0.9831788
0.8999921
0.9982399
1.0246048
1.0322869
1.0316522
1.0236276
1.0422645
1.0013428
0.8998243
1.0634566
0.9970823
1.0974382
0.9727223
0.9698582
1.0423239
0.9665487
1.0494331
0.9957631
1.0672147
1.0400557
1.0114840
0.9958369
0.9922262
0.9618715
0.9939567
0.9760423
0.9795918
1.0377291
0.9521288
0.9710236
1.0092390
0.9706551
1.0149727
0.9420047
1.0336173
1.0484510
1.0304028
1.1087858
1.0449968
0.9831788
0.8999921
0.9982399
1.0246048
1.0322869
1.0316522
1.0236276
1.0422645
1.0013428
0.8998243
1.0634566
0.9970823
1.0974382
0.9727223
0.9698582
1.0423239
0.9665487
1.0494331
0.9957631
1.0672147
1.0400557
1.0114840
0.9958369
0.9922262
0.9618715
0.9939567
0.9760423
0.9795918
1.0377291
0.9521288
0.9710236
1.0092390
0.9706551
1.0149727
0.9420047
1.0336173
1.0484510
1.0304028
1.1087858
1.0449968
0.9831788
0.8999921
0.9982399
1.0246048
1.0322869
1.0316522
1.0236276
1.0422645
1.0013428
0.8998243
1.0634566
0.9970823
1.0974382
0.9727223
0.9698582
1.0423239
0.9665487
1.0494331
0.9957631
1.0672147
1.0400557
1.0114840
0.9958369
0.9922262
0.9618715
0.9939567
0.9760423
0.9795918
1.0377291
0.9521288
0.9710236
1.0092390
0.9706551
1.0149727
0.9420047
1.0336173
1.0484510
1.0304028
1.1087858
1.0449968
0.9831788
0.8999921
0.9982399
1.0246048
1.0322869
1.0316522
1.0236276
1.0422645
1.0013428
0.8998243
1.0634566
0.9970823
1.0974382
0.9727223
0.9698582
1.0423239
0.9665487
1.0494331
0.9957631
1.0672147
1.0400557
1.0114840
0.9958369
0.9922262
0.9618715
0.9939567
0.9760423
0.9795918
1.0377291
0.9521288
0.9710236
1.0092390
0.9706551
1.0149727
0.9420047
1.0336173
1.0484510
1.0304028
1.1087858
1.0449968
0.9831788
0.8999921
0.9982399
1.0246048
1.0322869
1.0316522
1.0236276
1.0422645
1.0013428
0.8998243
1.0634566
0.9970823
1.0974382
0.9727223
0.9698582
1.0423239
0.9665487
1.0494331
0.9957631
1.0672147
1.0400557
1.0114840
0.9958369
0.9922262
0.9618715
0.9939567
0.9760423
0.9795918
1.0377291
0.9521288
0.9710236
1.0092390
0.9706551
1.0149727
0.9420047
1.0336173
1.0484510
1.0304028
1.1087858
1.0449968
0.9831788
0.8999921
0.9982399
1.0246048
1.0322869
1.0316522
1.0236276
1.0422645
1.0013428
0.8998243
1.0634566
0.9970823
1.0974382
0.9727223
0.9698582
1.0423239
0.9665487
1.0494331
0.9957631
1.0672147
1.0400557
1.0114840
0.9958369
0.9922262
0.9618715
0.9939567
0.9760423
0.9795918
1.0377291
0.9521288
0.9710236
1.0092390
0.9706551
1.0149727
0.9420047
1.0336173
1.0484510
1.0304028
1.1087858
1.0449968
0.9831788
0.8999921
0.9982399
1.0246048
1.0322869
1.0316522
1.0236276
1.0422645
1.0013428
0.8998243
1.0634566
0.9970823
1.0974382
0.9727223
0.9698582
1.0423239
0.9665487
1.0494331
0.9957631
1.0672147
1.0400557
1.0114840
0.9958369
0.9922262
0.9618715
0.9939567
0.9760423
0.9795918
1.0377291
0.9521288
0.9710236
1.0092390
0.9706551
1.0149727
0.9420047
1.0336173
1.0484510
1.0304028
1.1087858
1.0449968
0.9831788
0.8999921
0.9982399
1.0246048
1.0322869
1.0316522
1.0236276
1.0422645
1.0013428
0.8998243
1.0634566
0.9970823
1.0974382
0.9727223
0.9698582
1.0423239
0.9665487
1.0494331
0.9957631
1.0672147
1.0400557
1.0114840
0.9958369
0.9922262
0.9618715
0.9939567
0.9760423
0.9795918
1.0377291
0.9521288
0.9710236
1.0092390
0.9706551
1.0149727
0.9420047
1.0336173
1.0484510
1.0304028
1.1087858
1.0449968
0.9831788
0.8999921
0.9982399
1.0246048
1.0322869
1.0316522
1.0236276
1.0422645
1.0013428
0.8998243
1.0634566
0.9970823
1.0974382
0.9727223
0.9698582
1.0423239
0.9665487
1.0494331
0.9957631
1.0672147
1.0400557
1.0114840
0.9958369
0.9922262
0.9618715
0.9939567
0.9760423
0.9795918
1.0377291
0.9521288
0.9710236
1.0092390
0.9706551
1.0149727
0.9420047
1.0336173
1.0484510
1.0304028
1.1087858
1.0449968
0.9831788
0.8999921
0.9982399
1.0246048
1.0322869
1.0316522
1.0236276
1.0422645
1.0013428
0.8998243
1.0634566
0.9970823
1.0974382
0.9727223
0.9698582
1.0423239
0.9665487
1.0494331
0.9957631
1.0672147
1.0400557
1.0114840
0.9958369
0.9922262
0.9618715
0.9939567
0.9760423
0.9795918
1.0377291
0.9521288
0.9710236
1.0092390
0.9706551
1.0149727
0.9420047
1.0336173
1.0484510
1.0304028
1.1087858
1.0449968
0.9831788
0.8999921
0.9982399
1.0246048
1.0322869
1.0316522
1.0236276
1.0422645
1.0013428
0.8998243
1.0634566
0.9970823
1.0974382
0.9727223
0.9698582
1.0423239
0.9665487
1.0494331
0.9957631
1.0672147
1.0400557
1.0114840
0.9958369
0.9922262
0.9618715
0.9939567
0.9760423
0.9795918
1.0377291
0.9521288
0.9710236
1.0092390
0.9706551
1.0149727
0.9420047
1.0336173
1.0484510
1.0304028
1.1087858
1.0449968
0.9831788
0.8999921
0.9982399
1.0246048
1.0322869
1.0316522
1.0236276
1.0422645
1.0013428
0.8998243
1.0634566
0.9970823
1.0974382
0.9727223
0.9698582
1.0423239
0.9665487
1.0494331
0.9957631
1.0672147
1.0400557
1.0114840
0.9958369
0.9922262
0.9618715
0.9939567
0.9760423
0.9795918
1.0377291
0.9521288
0.9710236
1.0092390
0.9706551
1.0149727
0.9420047
1.0336173
1.0484510
1.0304028
1.1087858
1.0449968
0.9831788
0.8999921
0.9982399
1.0246048
1.0322869
1.0316522
1.0236276
1.0422645
1.0013428
0.8998243
1.0634566
0.9970823
1.0974382
0.9727223
0.9698582
1.0423239
0.9665487
1.0494331
0.9957631
1.0672147
1.0400557
1.0114840
0.9958369
0.9922262
0.9618715
0.9939567
0.9760423
0.9795918
1.0377291
0.9521288
0.9710236
1.0092390
0.9706551
1.0149727
0.9420047
1.0336173
1.0484510
1.0304028
1.1087858
1.0449968
0.9831788
0.8999921
0.9982399
1.0246048
1.0322869
1.0316522
1.0236276
1.0422645
1.0013428
0.8998243
1.0634566
0.9970823
1.0974382
0.9727223
0.9698582
1.0423239
0.9665487
1.0494331
0.9957631
1.0672147
1.0400557
1.0114840
0.9958369
0.9922262
0.9618715
0.9939567
0.9760423
0.9795918
1.0377291
0.9521288
0.9710236
1.0092390
0.9706551
1.0149727
0.9420047
1.0336173
1.0484510
1.0304028
1.1087858
1.0449968
0.9831788
0.8999921
0.9982399
1.0246048
1.0322869
1.0316522
1.0236276
1.0422645
1.0013428
0.8998243
1.0634566
0.9970823
1.0974382
0.9727223
0.9698582
1.0423239
0.9665487
1.0494331
0.9957631
1.0672147
1.0400557
1.0114840
0.9958369
0.9922262
0.9618715
0.9939567
0.9760423
0.9795918
1.0377291
0.9521288
0.9710236
1.0092390
0.9706551
1.0149727
0.9420047
1.0336173
1.0484510
1.0304028
1.1087858
1.0449968
0.9831788
0.8999921
0.9982399
1.0246048
1.0322869
1.0316522
1.0236276
1.0422645
1.0013428
0.8998243
1.0634566
0.9970823
1.0974382
0.9727223
0.9698582
1.0423239
0.9665487
1.0494331
0.9957631
1.0672147
1.0400557
1.0114840
0.9958369
0.9922262
0.9618715
0.9939567
0.9760423
0.9795918
1.0377291
0.9521288
0.9710236
1.0092390
0.9706551
1.0149727
0.9420047
1.0336173
1.0484510
1.0304028
1.1087858
1.0449968
0.9831788
0.8999921
0.9982399
1.0246048
1.0322869
1.0316522
1.0236276
1.0422645
1.0013428
0.8998243
1.0634566
0.9970823
1.0974382
0.9727223
0.9698582
1.0423239
0.9665487
1.0494331
0.9957631
1.0672147
1.0400557
1.0114840
0.9958369
0.9922262
0.9618715
0.9939567
0.9760423
0.9795918
1.0377291
0.9521288
0.9710236
1.0092390
0.9706551
1.0149727
0.9420047
1.0336173
1.0484510
1.0304028
1.1087858
1.0449968
0.9831788
0.8999921
0.9982399
1.0246048
1.0322869
1.0316522
1.0236276
1.0422645
1.0013428
0.8998243
1.0634566
0.9970823
1.0974382
0.9727223
0.9698582
1.0423239
0.9665487
1.0494331
0.9957631
1.0672147
1.0400557
1.0114840
0.9958369
0.9922262
0.9618715
0.9939567
0.9760423
0.9795918
1.0377291
0.9521288
0.9710236
1.0092390
0.9706551
1.0149727
0.9420047
1.0336173
1.0484510
1.0304028
1.1087858
1.0449968
0.9831788
0.8999921
0.9982399
1.0246048
1.0322869
1.0316522
1.0236276
1.0422645
1.0013428
0.8998243
1.0634566
0.9970823
1.0974382
0.9727223
0.9698582
1.0423239
0.9665487
1.0494331
0.9957631
1.0672147
1.0400557
1.0114840
0.9958369
0.9922262
0.9618715
0.9939567
0.9760423
0.9795918
1.0377291
0.9521288
0.9710236
1.0092390
0.9706551
1.0149727
0.9420047
1.0336173
1.0484510
1.0304028
1.1087858
1.0449968
0.9831788
0.8999921
0.9982399
1.0246048
1.0322869
1.0316522
1.0236276
1.0422645
1.0013428
0.8998243
1.0634566
0.9970823
1.0974382
0.9727223
0.9698582
1.0423239
0.9665487
1.0494331
0.9957631
1.0672147
1.0400557
1.0114840
0.9958369
0.9922262
0.9618715
0.9939567
0.9760423
0.9795918
1.0377291
0.9521288
0.9710236
1.0092390
0.9706551
1.0149727
0.9420047
1.0336173
1.0484510
1.0304028
1.1087858
1.0449968
0.9831788
0.8999921
0.9982399
1.0246048
1.0322869
1.0316522
1.0236276
1.0422645
1.0013428
0.8998243
1.0634566
0.9970823
1.0974382
0.9727223
0.9698582
1.0423239
0.9665487
1.0494331
0.9957631
1.0672147
1.0400557
1.0114840
0.9958369
0.9922262
0.9618715
0.9939567
0.9760423
0.9795918
1.0377291
0.9521288
0.9710236
1.0092390
0.9706551
1.0149727
0.9420047
1.0336173
1.0484510
1.0304028
1.1087858
1.0449968
0.9831788
0.8999921
0.9982399
1.0246048
1.0322869
1.0316522
1.0236276
1.0422645
1.0013428
0.8998243
1.0634566
0.9970823
1.0974382
0.9727223
0.9698582
1.0423239
0.9665487
1.0494331
0.9957631
1.0672147
1.0400557
1.0114840
0.9958369
0.9922262
0.9618715
0.9939567
0.9760423
0.9795918
1.0377291
0.9521288
0.9710236
1.0092390
0.9706551
1.0149727
0.9420047
1.0336173
1.0484510
1.0304028
1.1087858
1.0449968
0.9831788
0.8999921
0.9982399
1.0246048
1.0322869
1.0316522
1.0236276
1.0422645
1.0013428
0.8998243
1.0634566
0.9970823
1.0974382
0.9727223
0.9698582
1.0423239
0.9665487
1.0494331
0.9957631
1.0672147
1.0400557
1.0114840
