1.0348006
1.0018749
0.9429203
0.9796258
1.0088404
1.0628237
0.9469334
0.9710528
1.0312259
0.9572280
1.0230766
1.0107015
1.0160895
1.0259225
1.0136002
1.0101713
1.0150322
1.0397561
1.0331891
0.9397285
1.0500453
0.9828269
1.0021699
1.0290708
1.0912283
1.0435161
1.0933389
0.9597206
1.0114023
0.9499140
0.9734824
1.0133592
1.0566167
0.9749717
0.9772465
1.0109588
0.9732842
1.0316733
1.0069653
1.0273071
1.0348006
1.0018749
0.9429203
0.9796258
1.0088404
1.0628237
0.9469334
0.9710528
1.0312259
0.9572280
1.0230766
1.0107015
1.0160895
1.0259225
1.0136002
1.0101713
1.0150322
1.0397561
1.0331891
0.9397285
1.0500453
0.9828269
1.0021699
1.0290708
1.0912283
1.0435161
1.0933389
0.9597206
1.0114023
0.9499140
0.9734824
1.0133592
1.0566167
0.9749717
0.9772465
1.0109588
0.9732842
1.0316733
1.0069653
1.0273071
1.0348006
1.0018749
0.9429203
0.9796258
1.0088404
1.0628237
0.9469334
0.9710528
1.0312259
0.9572280
1.0230766
1.0107015
1.0160895
1.0259225
1.0136002
1.0101713
1.0150322
1.0397561
1.0331891
0.9397285
1.0500453
0.9828269
1.0021699
1.0290708
1.0912283
1.0435161
1.0933389
0.9597206
1.0114023
0.9499140
0.9734824
1.0133592
1.0566167
0.9749717
0.9772465
1.0109588
0.9732842
1.0316733
1.0069653
1.0273071
1.0348006
1.0018749
0.9429203
0.9796258
1.0088404
1.0628237
0.9469334
0.9710528
1.0312259
0.9572280
1.0230766
1.0107015
1.0160895
1.0259225
1.0136002
1.0101713
1.0150322
1.0397561
1.0331891
0.9397285
1.0500453
0.9828269
1.0021699
1.0290708
1.0912283
1.0435161
1.0933389
0.9597206
1.0114023
0.9499140
0.9734824
1.0133592
1.0566167
0.9749717
0.9772465
1.0109588
0.9732842
1.0316733
1.0069653
1.0273071
1.0348006
1.0018749
0.9429203
0.9796258
1.0088404
1.0628237
0.9469334
0.9710528
1.0312259
0.9572280
1.0230766
1.0107015
1.0160895
1.0259225
1.0136002
1.0101713
1.0150322
1.0397561
1.0331891
0.9397285
1.0500453
0.9828269
1.0021699
1.0290708
1.0912283
1.0435161
1.0933389
0.9597206
1.0114023
0.9499140
0.9734824
1.0133592
1.0566167
0.9749717
0.9772465
1.0109588
0.9732842
1.0316733
1.0069653
1.0273071
1.0348006
1.0018749
0.9429203
0.9796258
1.0088404
1.0628237
0.9469334
0.9710528
1.0312259
0.9572280
1.0230766
1.0107015
1.0160895
1.0259225
1.0136002
1.0101713
1.0150322
1.0397561
1.0331891
0.9397285
1.0500453
0.9828269
1.0021699
1.0290708
1.0912283
1.0435161
1.0933389
0.9597206
1.0114023
0.9499140
0.9734824
1.0133592
1.0566167
0.9749717
0.9772465
1.0109588
0.9732842
1.0316733
1.0069653
1.0273071
1.0348006
1.0018749
0.9429203
0.9796258
1.0088404
1.0628237
0.9469334
0.9710528
1.0312259
0.9572280
1.0230766
1.0107015
1.0160895
1.0259225
1.0136002
1.0101713
1.0150322
1.0397561
1.0331891
0.9397285
1.0500453
0.9828269
1.0021699
1.0290708
1.0912283
1.0435161
1.0933389
0.9597206
1.0114023
0.9499140
0.9734824
1.0133592
1.0566167
0.9749717
0.9772465
1.0109588
0.9732842
1.0316733
1.0069653
1.0273071
1.0348006
1.0018749
0.9429203
0.9796258
1.0088404
1.0628237
0.9469334
0.9710528
1.0312259
0.9572280
1.0230766
1.0107015
1.0160895
1.0259225
1.0136002
1.0101713
1.0150322
1.0397561
1.0331891
0.9397285
1.0500453
0.9828269
1.0021699
1.0290708
1.0912283
1.0435161
1.0933389
0.9597206
1.0114023
0.9499140
0.9734824
1.0133592
1.0566167
0.9749717
0.9772465
1.0109588
0.9732842
1.0316733
1.0069653
1.0273071
1.0348006
1.0018749
0.9429203
0.9796258
1.0088404
1.0628237
0.9469334
0.9710528
1.0312259
0.9572280
1.0230766
1.0107015
1.0160895
1.0259225
1.0136002
1.0101713
1.0150322
1.0397561
1.0331891
0.9397285
1.0500453
0.9828269
1.0021699
1.0290708
1.0912283
1.0435161
1.0933389
0.9597206
1.0114023
0.9499140
0.9734824
1.0133592
1.0566167
0.9749717
0.9772465
1.0109588
0.9732842
1.0316733
1.0069653
1.0273071
1.0348006
1.0018749
0.9429203
0.9796258
1.0088404
1.0628237
0.9469334
0.9710528
1.0312259
0.9572280
1.0230766
1.0107015
1.0160895
1.0259225
1.0136002
1.0101713
1.0150322
1.0397561
1.0331891
0.9397285
1.0500453
0.9828269
1.0021699
1.0290708
1.0912283
1.0435161
1.0933389
0.9597206
1.0114023
0.9499140
0.9734824
1.0133592
1.0566167
0.9749717
0.9772465
1.0109588
0.9732842
1.0316733
1.0069653
1.0273071
1.0348006
1.0018749
0.9429203
0.9796258
1.0088404
1.0628237
0.9469334
0.9710528
1.0312259
0.9572280
1.0230766
1.0107015
1.0160895
1.0259225
1.0136002
1.0101713
1.0150322
1.0397561
1.0331891
0.9397285
1.0500453
0.9828269
1.0021699
1.0290708
1.0912283
1.0435161
1.0933389
0.9597206
1.0114023
0.9499140
0.9734824
1.0133592
1.0566167
0.9749717
0.9772465
1.0109588
0.9732842
1.0316733
1.0069653
1.0273071
1.0348006
1.0018749
0.9429203
0.9796258
1.0088404
1.0628237
0.9469334
0.9710528
1.0312259
0.9572280
1.0230766
1.0107015
1.0160895
1.0259225
1.0136002
1.0101713
1.0150322
1.0397561
1.0331891
0.9397285
1.0500453
0.9828269
1.0021699
1.0290708
1.0912283
1.0435161
1.0933389
0.9597206
1.0114023
0.9499140
0.9734824
1.0133592
1.0566167
0.9749717
0.9772465
1.0109588
0.9732842
1.0316733
1.0069653
1.0273071
1.0348006
1.0018749
0.9429203
0.9796258
1.0088404
1.0628237
0.9469334
0.9710528
1.0312259
0.9572280
1.0230766
1.0107015
1.0160895
1.0259225
1.0136002
1.0101713
1.0150322
1.0397561
1.0331891
0.9397285
1.0500453
0.9828269
1.0021699
1.0290708
1.0912283
1.0435161
1.0933389
0.9597206
1.0114023
0.9499140
0.9734824
1.0133592
1.0566167
0.9749717
0.9772465
1.0109588
0.9732842
1.0316733
1.0069653
1.0273071
1.0348006
1.0018749
0.9429203
0.9796258
1.0088404
1.0628237
0.9469334
0.9710528
1.0312259
0.9572280
1.0230766
1.0107015
1.0160895
1.0259225
1.0136002
1.0101713
1.0150322
1.0397561
1.0331891
0.9397285
1.0500453
0.9828269
1.0021699
1.0290708
1.0912283
1.0435161
1.0933389
0.9597206
1.0114023
0.9499140
0.9734824
1.0133592
1.0566167
0.9749717
0.9772465
1.0109588
0.9732842
1.0316733
1.0069653
1.0273071
1.0348006
1.0018749
0.9429203
0.9796258
1.0088404
1.0628237
0.9469334
0.9710528
1.0312259
0.9572280
1.0230766
1.0107015
1.0160895
1.0259225
1.0136002
1.0101713
1.0150322
1.0397561
1.0331891
0.9397285
1.0500453
0.9828269
1.0021699
1.0290708
1.0912283
1.0435161
1.0933389
0.9597206
1.0114023
0.9499140
0.9734824
1.0133592
1.0566167
0.9749717
0.9772465
1.0109588
0.9732842
1.0316733
1.0069653
1.0273071
1.0348006
1.0018749
0.9429203
0.9796258
1.0088404
1.0628237
0.9469334
0.9710528
1.0312259
0.9572280
1.0230766
1.0107015
1.0160895
1.0259225
1.0136002
1.0101713
1.0150322
1.0397561
1.0331891
0.9397285
1.0500453
0.9828269
1.0021699
1.0290708
1.0912283
1.0435161
1.0933389
0.9597206
1.0114023
0.9499140
0.9734824
1.0133592
1.0566167
0.9749717
0.9772465
1.0109588
0.9732842
1.0316733
1.0069653
1.0273071
1.0348006
1.0018749
0.9429203
0.9796258
1.0088404
1.0628237
0.9469334
0.9710528
1.0312259
0.9572280
1.0230766
1.0107015
1.0160895
1.0259225
1.0136002
1.0101713
1.0150322
1.0397561
1.0331891
0.9397285
1.0500453
0.9828269
1.0021699
1.0290708
1.0912283
1.0435161
1.0933389
0.9597206
1.0114023
0.9499140
0.9734824
1.0133592
1.0566167
0.9749717
0.9772465
1.0109588
0.9732842
1.0316733
1.0069653
1.0273071
1.0348006
1.0018749
0.9429203
0.9796258
1.0088404
1.0628237
0.9469334
0.9710528
1.0312259
0.9572280
1.0230766
1.0107015
1.0160895
1.0259225
1.0136002
1.0101713
1.0150322
1.0397561
1.0331891
0.9397285
1.0500453
0.9828269
1.0021699
1.0290708
1.0912283
1.0435161
1.0933389
0.9597206
1.0114023
0.9499140
0.9734824
1.0133592
1.0566167
0.9749717
0.9772465
1.0109588
0.9732842
1.0316733
1.0069653
1.0273071
1.0348006
1.0018749
0.9429203
0.9796258
1.0088404
1.0628237
0.9469334
0.9710528
1.0312259
0.9572280
1.0230766
1.0107015
1.0160895
1.0259225
1.0136002
1.0101713
1.0150322
1.0397561
1.0331891
0.9397285
1.0500453
0.9828269
1.0021699
1.0290708
1.0912283
1.0435161
1.0933389
0.9597206
1.0114023
0.9499140
0.9734824
1.0133592
1.0566167
0.9749717
0.9772465
1.0109588
0.9732842
1.0316733
1.0069653
1.0273071
1.0348006
1.0018749
0.9429203
0.9796258
1.0088404
1.0628237
0.9469334
0.9710528
1.0312259
0.9572280
1.0230766
1.0107015
1.0160895
1.0259225
1.0136002
1.0101713
1.0150322
1.0397561
1.0331891
0.9397285
1.0500453
0.9828269
1.0021699
1.0290708
1.0912283
1.0435161
1.0933389
0.9597206
1.0114023
0.9499140
0.9734824
1.0133592
1.0566167
0.9749717
0.9772465
1.0109588
0.9732842
1.0316733
1.0069653
1.0273071
1.0348006
1.0018749
0.9429203
0.9796258
1.0088404
1.0628237
0.9469334
0.9710528
1.0312259
0.9572280
1.0230766
1.0107015
1.0160895
1.0259225
1.0136002
1.0101713
1.0150322
1.0397561
1.0331891
0.9397285
1.0500453
0.9828269
1.0021699
1.0290708
1.0912283
1.0435161
1.0933389
0.9597206
1.0114023
0.9499140
0.9734824
1.0133592
1.0566167
0.9749717
0.9772465
1.0109588
0.9732842
1.0316733
1.0069653
1.0273071
1.0348006
1.0018749
0.9429203
0.9796258
1.0088404
1.0628237
0.9469334
0.9710528
1.0312259
0.9572280
1.0230766
1.0107015
1.0160895
1.0259225
1.0136002
1.0101713
1.0150322
1.0397561
1.0331891
0.9397285
1.0500453
0.9828269
1.0021699
1.0290708
1.0912283
1.0435161
1.0933389
0.9597206
1.0114023
0.9499140
0.9734824
1.0133592
1.0566167
0.9749717
0.9772465
1.0109588
0.9732842
1.0316733
1.0069653
1.0273071
1.0348006
1.0018749
0.9429203
0.9796258
1.0088404
1.0628237
0.9469334
0.9710528
1.0312259
0.9572280
1.0230766
1.0107015
1.0160895
1.0259225
1.0136002
1.0101713
1.0150322
1.0397561
1.0331891
0.9397285
1.0500453
0.9828269
1.0021699
1.0290708
1.0912283
1.0435161
1.0933389
0.9597206
1.0114023
0.9499140
0.9734824
1.0133592
1.0566167
0.9749717
0.9772465
1.0109588
0.9732842
1.0316733
1.0069653
1.0273071
1.0348006
1.0018749
0.9429203
0.9796258
1.0088404
1.0628237
0.9469334
0.9710528
1.0312259
0.9572280
1.0230766
1.0107015
1.0160895
1.0259225
1.0136002
1.0101713
1.0150322
1.0397561
1.0331891
0.9397285
1.0500453
0.9828269
1.0021699
1.0290708
1.0912283
1.0435161
1.0933389
0.9597206
1.0114023
0.9499140
0.9734824
1.0133592
1.0566167
0.9749717
0.9772465
1.0109588
0.9732842
1.0316733
1.0069653
1.0273071
1.0348006
1.0018749
0.9429203
0.9796258
1.0088404
1.0628237
0.9469334
0.9710528
1.0312259
0.9572280
1.0230766
1.0107015
1.0160895
1.0259225
1.0136002
1.0101713
1.0150322
1.0397561
1.0331891
0.9397285
1.0500453
0.9828269
1.0021699
1.0290708
1.0912283
1.0435161
1.0933389
0.9597206
1.0114023
0.9499140
0.9734824
1.0133592
1.0566167
0.9749717
0.9772465
1.0109588
0.9732842
1.0316733
1.0069653
1.0273071
1.0348006
1.0018749
0.9429203
0.9796258
1.0088404
1.0628237
0.9469334
0.9710528
1.0312259
0.9572280
1.0230766
1.0107015
1.0160895
1.0259225
1.0136002
1.0101713
1.0150322
1.0397561
1.0331891
0.9397285
1.0500453
0.9828269
1.0021699
1.0290708
1.0912283
1.0435161
1.0933389
0.9597206
1.0114023
0.9499140
0.9734824
1.0133592
1.0566167
0.9749717
0.9772465
1.0109588
0.9732842
1.0316733
1.0069653
1.0273071
1.0348006
1.0018749
0.9429203
0.9796258
1.0088404
1.0628237
0.9469334
0.9710528
1.0312259
0.9572280
1.0230766
1.0107015
1.0160895
1.0259225
1.0136002
1.0101713
1.0150322
1.0397561
1.0331891
0.9397285
1.0500453
0.9828269
1.0021699
1.0290708
1.0912283
1.0435161
1.0933389
0.9597206
1.0114023
0.9499140
0.9734824
1.0133592
1.0566167
0.9749717
0.9772465
1.0109588
0.9732842
1.0316733
1.0069653
1.0273071
1.0348006
1.0018749
0.9429203
0.9796258
1.0088404
1.0628237
0.9469334
0.9710528
1.0312259
0.9572280
1.0230766
1.0107015
1.0160895
1.0259225
1.0136002
1.0101713
1.0150322
1.0397561
1.0331891
0.9397285
1.0500453
0.9828269
1.0021699
1.0290708
1.0912283
1.0435161
1.0933389
0.9597206
1.0114023
0.9499140
0.9734824
1.0133592
1.0566167
0.9749717
0.9772465
1.0109588
0.9732842
1.0316733
1.0069653
1.0273071
1.0348006
1.0018749
0.9429203
0.9796258
1.0088404
1.0628237
0.9469334
0.9710528
1.0312259
0.9572280
1.0230766
1.0107015
1.0160895
1.0259225
1.0136002
1.0101713
1.0150322
1.0397561
1.0331891
0.9397285
1.0500453
0.9828269
1.0021699
1.0290708
1.0912283
1.0435161
1.0933389
0.9597206
1.0114023
0.9499140
0.9734824
1.0133592
1.0566167
0.9749717
0.9772465
1.0109588
0.9732842
1.0316733
1.0069653
1.0273071
1.0348006
1.0018749
0.9429203
0.9796258
1.0088404
1.0628237
0.9469334
0.9710528
1.0312259
0.9572280
1.0230766
1.0107015
1.0160895
1.0259225
1.0136002
1.0101713
1.0150322
1.0397561
1.0331891
0.9397285
1.0500453
0.9828269
1.0021699
1.0290708
1.0912283
1.0435161
1.0933389
0.9597206
1.0114023
0.9499140
0.9734824
1.0133592
1.0566167
0.9749717
0.9772465
1.0109588
0.9732842
1.0316733
1.0069653
1.0273071
1.0348006
1.0018749
0.9429203
0.9796258
1.0088404
1.0628237
0.9469334
0.9710528
1.0312259
0.9572280
1.0230766
1.0107015
1.0160895
1.0259225
1.0136002
1.0101713
1.0150322
1.0397561
1.0331891
0.9397285
1.0500453
0.9828269
1.0021699
1.0290708
1.0912283
1.0435161
1.0933389
0.9597206
1.0114023
0.9499140
0.9734824
1.0133592
1.0566167
0.9749717
0.9772465
1.0109588
0.9732842
1.0316733
1.0069653
1.0273071
1.0348006
1.0018749
0.9429203
0.9796258
1.0088404
1.0628237
0.9469334
0.9710528
1.0312259
0.9572280
1.0230766
1.0107015
1.0160895
1.0259225
1.0136002
1.0101713
1.0150322
1.0397561
1.0331891
0.9397285
1.0500453
0.9828269
1.0021699
1.0290708
1.0912283
1.0435161
1.0933389
0.9597206
1.0114023
0.9499140
0.9734824
1.0133592
1.0566167
0.9749717
0.9772465
1.0109588
0.9732842
1.0316733
1.0069653
1.0273071
1.0348006
1.0018749
0.9429203
0.9796258
1.0088404
1.0628237
0.9469334
0.9710528
1.0312259
0.9572280
1.0230766
1.0107015
1.0160895
1.0259225
1.0136002
1.0101713
1.0150322
1.0397561
1.0331891
0.9397285
1.0500453
0.9828269
1.0021699
1.0290708
1.0912283
1.0435161
1.0933389
0.9597206
1.0114023
0.9499140
0.9734824
1.0133592
1.0566167
0.9749717
0.9772465
1.0109588
0.9732842
1.0316733
1.0069653
1.0273071
1.0348006
1.0018749
0.9429203
0.9796258
1.0088404
1.0628237
0.9469334
0.9710528
1.0312259
0.9572280
1.0230766
1.0107015
1.0160895
1.0259225
1.0136002
1.0101713
1.0150322
1.0397561
1.0331891
0.9397285
1.0500453
0.9828269
1.0021699
1.0290708
1.0912283
1.0435161
1.0933389
0.9597206
1.0114023
0.9499140
0.9734824
1.0133592
1.0566167
0.9749717
0.9772465
1.0109588
0.9732842
1.0316733
1.0069653
1.0273071
1.0348006
1.0018749
0.9429203
0.9796258
1.0088404
1.0628237
0.9469334
0.9710528
1.0312259
0.9572280
1.0230766
1.0107015
1.0160895
1.0259225
1.0136002
1.0101713
1.0150322
1.0397561
1.0331891
0.9397285
1.0500453
0.9828269
1.0021699
1.0290708
1.0912283
1.0435161
1.0933389
0.9597206
1.0114023
0.9499140
0.9734824
1.0133592
1.0566167
0.9749717
0.9772465
1.0109588
0.9732842
1.0316733
1.0069653
1.0273071
1.0348006
1.0018749
0.9429203
0.9796258
1.0088404
1.0628237
0.9469334
0.9710528
1.0312259
0.9572280
1.0230766
1.0107015
1.0160895
1.0259225
1.0136002
1.0101713
1.0150322
1.0397561
1.0331891
0.9397285
1.0500453
0.9828269
1.0021699
1.0290708
1.0912283
1.0435161
1.0933389
0.9597206
1.0114023
0.9499140
0.9734824
1.0133592
1.0566167
0.9749717
0.9772465
1.0109588
0.9732842
1.0316733
1.0069653
1.0273071
1.0348006
1.0018749
0.9429203
0.9796258
1.0088404
1.0628237
0.9469334
0.9710528
1.0312259
0.9572280
1.0230766
1.0107015
1.0160895
1.0259225
1.0136002
1.0101713
1.0150322
1.0397561
1.0331891
0.9397285
1.0500453
0.9828269
1.0021699
1.0290708
1.0912283
1.0435161
1.0933389
0.9597206
1.0114023
0.9499140
0.9734824
1.0133592
1.0566167
0.9749717
0.9772465
1.0109588
0.9732842
1.0316733
1.0069653
1.0273071
1.0348006
1.0018749
0.9429203
0.9796258
1.0088404
1.0628237
0.9469334
0.9710528
1.0312259
0.9572280
1.0230766
1.0107015
1.0160895
1.0259225
1.0136002
1.0101713
1.0150322
1.0397561
1.0331891
0.9397285
1.0500453
0.9828269
1.0021699
1.0290708
1.0912283
1.0435161
1.0933389
0.9597206
1.0114023
0.9499140
0.9734824
1.0133592
1.0566167
0.9749717
0.9772465
1.0109588
0.9732842
1.0316733
1.0069653
1.0273071
1.0348006
1.0018749
0.9429203
0.9796258
1.0088404
1.0628237
0.9469334
0.9710528
1.0312259
0.9572280
1.0230766
1.0107015
1.0160895
1.0259225
1.0136002
1.0101713
1.0150322
1.0397561
1.0331891
0.9397285
1.0500453
0.9828269
1.0021699
1.0290708
1.0912283
1.0435161
1.0933389
0.9597206
1.0114023
0.9499140
0.9734824
1.0133592
1.0566167
0.9749717
0.9772465
1.0109588
0.9732842
1.0316733
1.0069653
1.0273071
1.0348006
1.0018749
0.9429203
0.9796258
1.0088404
1.0628237
0.9469334
0.9710528
1.0312259
0.9572280
1.0230766
1.0107015
1.0160895
1.0259225
1.0136002
1.0101713
1.0150322
1.0397561
1.0331891
0.9397285
1.0500453
0.9828269
1.0021699
1.0290708
1.0912283
1.0435161
1.0933389
0.9597206
1.0114023
0.9499140
0.9734824
1.0133592
1.0566167
0.9749717
0.9772465
1.0109588
0.9732842
1.0316733
1.0069653
1.0273071
1.0348006
1.0018749
0.9429203
0.9796258
1.0088404
1.0628237
0.9469334
0.9710528
1.0312259
0.9572280
1.0230766
1.0107015
1.0160895
1.0259225
1.0136002
1.0101713
1.0150322
1.0397561
1.0331891
0.9397285
1.0500453
0.9828269
1.0021699
1.0290708
1.0912283
1.0435161
1.0933389
0.9597206
1.0114023
0.9499140
0.9734824
1.0133592
1.0566167
0.9749717
0.9772465
1.0109588
0.9732842
1.0316733
1.0069653
1.0273071
1.0348006
1.0018749
0.9429203
0.9796258
1.0088404
1.0628237
0.9469334
0.9710528
1.0312259
0.9572280
1.0230766
1.0107015
1.0160895
1.0259225
1.0136002
1.0101713
1.0150322
1.0397561
1.0331891
0.9397285
1.0500453
0.9828269
1.0021699
1.0290708
1.0912283
1.0435161
1.0933389
0.9597206
1.0114023
0.9499140
0.9734824
1.0133592
1.0566167
0.9749717
0.9772465
1.0109588
0.9732842
1.0316733
1.0069653
1.0273071
1.0348006
1.0018749
0.9429203
0.9796258
1.0088404
1.0628237
0.9469334
0.9710528
1.0312259
0.9572280
1.0230766
1.0107015
1.0160895
1.0259225
1.0136002
1.0101713
1.0150322
1.0397561
1.0331891
0.9397285
1.0500453
0.9828269
1.0021699
1.0290708
1.0912283
1.0435161
1.0933389
0.9597206
1.0114023
0.9499140
0.9734824
1.0133592
1.0566167
0.9749717
0.9772465
1.0109588
0.9732842
1.0316733
1.0069653
1.0273071
1.0348006
1.0018749
0.9429203
0.9796258
1.0088404
1.0628237
0.9469334
0.9710528
1.0312259
0.9572280
1.0230766
1.0107015
1.0160895
1.0259225
1.0136002
1.0101713
1.0150322
1.0397561
1.0331891
0.9397285
1.0500453
0.9828269
1.0021699
1.0290708
1.0912283
1.0435161
1.0933389
0.9597206
1.0114023
0.9499140
0.9734824
1.0133592
1.0566167
0.9749717
0.9772465
1.0109588
0.9732842
1.0316733
1.0069653
1.0273071
1.0348006
1.0018749
0.9429203
0.9796258
1.0088404
1.0628237
0.9469334
0.9710528
1.0312259
0.9572280
1.0230766
1.0107015
1.0160895
1.0259225
1.0136002
1.0101713
1.0150322
1.0397561
1.0331891
0.9397285
1.0500453
0.9828269
1.0021699
1.0290708
1.0912283
1.0435161
1.0933389
0.9597206
1.0114023
0.9499140
0.9734824
1.0133592
1.0566167
0.9749717
0.9772465
1.0109588
0.9732842
1.0316733
1.0069653
1.0273071
1.0348006
1.0018749
0.9429203
0.9796258
1.0088404
1.0628237
0.9469334
0.9710528
1.0312259
0.9572280
1.0230766
1.0107015
1.0160895
1.0259225
1.0136002
1.0101713
1.0150322
1.0397561
1.0331891
0.9397285
1.0500453
0.9828269
1.0021699
1.0290708
1.0912283
1.0435161
1.0933389
0.9597206
1.0114023
0.9499140
0.9734824
1.0133592
1.0566167
0.9749717
0.9772465
1.0109588
0.9732842
1.0316733
1.0069653
1.0273071
1.0348006
1.0018749
0.9429203
0.9796258
1.0088404
1.0628237
0.9469334
0.9710528
1.0312259
0.9572280
1.0230766
1.0107015
1.0160895
1.0259225
1.0136002
1.0101713
1.0150322
1.0397561
1.0331891
0.9397285
1.0500453
0.9828269
1.0021699
1.0290708
1.0912283
1.0435161
1.0933389
0.9597206
1.0114023
0.9499140
0.9734824
1.0133592
1.0566167
0.9749717
0.9772465
1.0109588
0.9732842
1.0316733
1.0069653
1.0273071
1.0348006
1.0018749
0.9429203
0.9796258
1.0088404
1.0628237
0.9469334
0.9710528
1.0312259
0.9572280
1.0230766
1.0107015
1.0160895
1.0259225
1.0136002
1.0101713
1.0150322
1.0397561
1.0331891
0.9397285
1.0500453
0.9828269
1.0021699
1.0290708
1.0912283
1.0435161
1.0933389
0.9597206
1.0114023
0.9499140
0.9734824
1.0133592
1.0566167
0.9749717
0.9772465
1.0109588
0.9732842
1.0316733
1.0069653
1.0273071
1.0348006
1.0018749
0.9429203
0.9796258
1.0088404
1.0628237
0.9469334
0.9710528
1.0312259
0.9572280
1.0230766
1.0107015
1.0160895
1.0259225
1.0136002
1.0101713
1.0150322
1.0397561
1.0331891
0.9397285
1.0500453
0.9828269
1.0021699
1.0290708
1.0912283
1.0435161
1.0933389
0.9597206
1.0114023
0.9499140
0.9734824
1.0133592
1.0566167
0.9749717
0.9772465
1.0109588
0.9732842
1.0316733
1.0069653
1.0273071
1.0348006
1.0018749
0.9429203
0.9796258
1.0088404
1.0628237
0.9469334
0.9710528
1.0312259
0.9572280
1.0230766
1.0107015
1.0160895
1.0259225
1.0136002
1.0101713
1.0150322
1.0397561
1.0331891
0.9397285
1.0500453
0.9828269
1.0021699
1.0290708
1.0912283
1.0435161
1.0933389
0.9597206
1.0114023
0.9499140
0.9734824
1.0133592
1.0566167
0.9749717
0.9772465
1.0109588
0.9732842
1.0316733
1.0069653
1.0273071
