0.4928014
0.5097756
0.4893282
0.4765121
0.4876829
0.5341368
0.5045777
0.5090883
0.4688305
0.5090856
0.5253216
0.5312853
0.5082051
0.4825231
0.4991052
0.5082552
0.5023311
0.4779676
0.5085508
0.4796625
0.4905714
0.4968762
0.5108432
0.5022727
0.4830495
0.5001244
0.5051698
0.5299332
0.5098536
0.5028203
0.5054058
0.5199173
0.5160275
0.4941168
0.5008900
0.4605548
0.5016150
0.5074313
0.4830310
0.5106414
0.4928014
0.5097756
0.4893282
0.4765121
0.4876829
0.5341368
0.5045777
0.5090883
0.4688305
0.5090856
0.5253216
0.5312853
0.5082051
0.4825231
0.4991052
0.5082552
0.5023311
0.4779676
0.5085508
0.4796625
0.4905714
0.4968762
0.5108432
0.5022727
0.4830495
0.5001244
0.5051698
0.5299332
0.5098536
0.5028203
0.5054058
0.5199173
0.5160275
0.4941168
0.5008900
0.4605548
0.5016150
0.5074313
0.4830310
0.5106414
0.4928014
0.5097756
0.4893282
0.4765121
0.4876829
0.5341368
0.5045777
0.5090883
0.4688305
0.5090856
0.5253216
0.5312853
0.5082051
0.4825231
0.4991052
0.5082552
0.5023311
0.4779676
0.5085508
0.4796625
0.4905714
0.4968762
0.5108432
0.5022727
0.4830495
0.5001244
0.5051698
0.5299332
0.5098536
0.5028203
0.5054058
0.5199173
0.5160275
0.4941168
0.5008900
0.4605548
0.5016150
0.5074313
0.4830310
0.5106414
0.4928014
0.5097756
0.4893282
0.4765121
0.4876829
0.5341368
0.5045777
0.5090883
0.4688305
0.5090856
0.5253216
0.5312853
0.5082051
0.4825231
0.4991052
0.5082552
0.5023311
0.4779676
0.5085508
0.4796625
0.4905714
0.4968762
0.5108432
0.5022727
0.4830495
0.5001244
0.5051698
0.5299332
0.5098536
0.5028203
0.5054058
0.5199173
0.5160275
0.4941168
0.5008900
0.4605548
0.5016150
0.5074313
0.4830310
0.5106414
0.4928014
0.5097756
0.4893282
0.4765121
0.4876829
0.5341368
0.5045777
0.5090883
0.4688305
0.5090856
0.5253216
0.5312853
0.5082051
0.4825231
0.4991052
0.5082552
0.5023311
0.4779676
0.5085508
0.4796625
0.4905714
0.4968762
0.5108432
0.5022727
0.4830495
0.5001244
0.5051698
0.5299332
0.5098536
0.5028203
0.5054058
0.5199173
0.5160275
0.4941168
0.5008900
0.4605548
0.5016150
0.5074313
0.4830310
0.5106414
0.4928014
0.5097756
0.4893282
0.4765121
0.4876829
0.5341368
0.5045777
0.5090883
0.4688305
0.5090856
0.5253216
0.5312853
0.5082051
0.4825231
0.4991052
0.5082552
0.5023311
0.4779676
0.5085508
0.4796625
0.4905714
0.4968762
0.5108432
0.5022727
0.4830495
0.5001244
0.5051698
0.5299332
0.5098536
0.5028203
0.5054058
0.5199173
0.5160275
0.4941168
0.5008900
0.4605548
0.5016150
0.5074313
0.4830310
0.5106414
0.4928014
0.5097756
0.4893282
0.4765121
0.4876829
0.5341368
0.5045777
0.5090883
0.4688305
0.5090856
0.5253216
0.5312853
0.5082051
0.4825231
0.4991052
0.5082552
0.5023311
0.4779676
0.5085508
0.4796625
0.4905714
0.4968762
0.5108432
0.5022727
0.4830495
0.5001244
0.5051698
0.5299332
0.5098536
0.5028203
0.5054058
0.5199173
0.5160275
0.4941168
0.5008900
0.4605548
0.5016150
0.5074313
0.4830310
0.5106414
0.4928014
0.5097756
0.4893282
0.4765121
0.4876829
0.5341368
0.5045777
0.5090883
0.4688305
0.5090856
0.5253216
0.5312853
0.5082051
0.4825231
0.4991052
0.5082552
0.5023311
0.4779676
0.5085508
0.4796625
0.4905714
0.4968762
0.5108432
0.5022727
0.4830495
0.5001244
0.5051698
0.5299332
0.5098536
0.5028203
0.5054058
0.5199173
0.5160275
0.4941168
0.5008900
0.4605548
0.5016150
0.5074313
0.4830310
0.5106414
0.4928014
0.5097756
0.4893282
0.4765121
0.4876829
0.5341368
0.5045777
0.5090883
0.4688305
0.5090856
0.5253216
0.5312853
0.5082051
0.4825231
0.4991052
0.5082552
0.5023311
0.4779676
0.5085508
0.4796625
0.4905714
0.4968762
0.5108432
0.5022727
0.4830495
0.5001244
0.5051698
0.5299332
0.5098536
0.5028203
0.5054058
0.5199173
0.5160275
0.4941168
0.5008900
0.4605548
0.5016150
0.5074313
0.4830310
0.5106414
0.4928014
0.5097756
0.4893282
0.4765121
0.4876829
0.5341368
0.5045777
0.5090883
0.4688305
0.5090856
0.5253216
0.5312853
0.5082051
0.4825231
0.4991052
0.5082552
0.5023311
0.4779676
0.5085508
0.4796625
0.4905714
0.4968762
0.5108432
0.5022727
0.4830495
0.5001244
0.5051698
0.5299332
0.5098536
0.5028203
0.5054058
0.5199173
0.5160275
0.4941168
0.5008900
0.4605548
0.5016150
0.5074313
0.4830310
0.5106414
0.4928014
0.5097756
0.4893282
0.4765121
0.4876829
0.5341368
0.5045777
0.5090883
0.4688305
0.5090856
0.5253216
0.5312853
0.5082051
0.4825231
0.4991052
0.5082552
0.5023311
0.4779676
0.5085508
0.4796625
0.4905714
0.4968762
0.5108432
0.5022727
0.4830495
0.5001244
0.5051698
0.5299332
0.5098536
0.5028203
0.5054058
0.5199173
0.5160275
0.4941168
0.5008900
0.4605548
0.5016150
0.5074313
0.4830310
0.5106414
0.4928014
0.5097756
0.4893282
0.4765121
0.4876829
0.5341368
0.5045777
0.5090883
0.4688305
0.5090856
0.5253216
0.5312853
0.5082051
0.4825231
0.4991052
0.5082552
0.5023311
0.4779676
0.5085508
0.4796625
0.4905714
0.4968762
0.5108432
0.5022727
0.4830495
0.5001244
0.5051698
0.5299332
0.5098536
0.5028203
0.5054058
0.5199173
0.5160275
0.4941168
0.5008900
0.4605548
0.5016150
0.5074313
0.4830310
0.5106414
0.4928014
0.5097756
0.4893282
0.4765121
0.4876829
0.5341368
0.5045777
0.5090883
0.4688305
0.5090856
0.5253216
0.5312853
0.5082051
0.4825231
0.4991052
0.5082552
0.5023311
0.4779676
0.5085508
0.4796625
0.4905714
0.4968762
0.5108432
0.5022727
0.4830495
0.5001244
0.5051698
0.5299332
0.5098536
0.5028203
0.5054058
0.5199173
0.5160275
0.4941168
0.5008900
0.4605548
0.5016150
0.5074313
0.4830310
0.5106414
0.4928014
0.5097756
0.4893282
0.4765121
0.4876829
0.5341368
0.5045777
0.5090883
0.4688305
0.5090856
0.5253216
0.5312853
0.5082051
0.4825231
0.4991052
0.5082552
0.5023311
0.4779676
0.5085508
0.4796625
0.4905714
0.4968762
0.5108432
0.5022727
0.4830495
0.5001244
0.5051698
0.5299332
0.5098536
0.5028203
0.5054058
0.5199173
0.5160275
0.4941168
0.5008900
0.4605548
0.5016150
0.5074313
0.4830310
0.5106414
0.4928014
0.5097756
0.4893282
0.4765121
0.4876829
0.5341368
0.5045777
0.5090883
0.4688305
0.5090856
0.5253216
0.5312853
0.5082051
0.4825231
0.4991052
0.5082552
0.5023311
0.4779676
0.5085508
0.4796625
0.4905714
0.4968762
0.5108432
0.5022727
0.4830495
0.5001244
0.5051698
0.5299332
0.5098536
0.5028203
0.5054058
0.5199173
0.5160275
0.4941168
0.5008900
0.4605548
0.5016150
0.5074313
0.4830310
0.5106414
0.4928014
0.5097756
0.4893282
0.4765121
0.4876829
0.5341368
0.5045777
0.5090883
0.4688305
0.5090856
0.5253216
0.5312853
0.5082051
0.4825231
0.4991052
0.5082552
0.5023311
0.4779676
0.5085508
0.4796625
0.4905714
0.4968762
0.5108432
0.5022727
0.4830495
0.5001244
0.5051698
0.5299332
0.5098536
0.5028203
0.5054058
0.5199173
0.5160275
0.4941168
0.5008900
0.4605548
0.5016150
0.5074313
0.4830310
0.5106414
0.4928014
0.5097756
0.4893282
0.4765121
0.4876829
0.5341368
0.5045777
0.5090883
0.4688305
0.5090856
0.5253216
0.5312853
0.5082051
0.4825231
0.4991052
0.5082552
0.5023311
0.4779676
0.5085508
0.4796625
0.4905714
0.4968762
0.5108432
0.5022727
0.4830495
0.5001244
0.5051698
0.5299332
0.5098536
0.5028203
0.5054058
0.5199173
0.5160275
0.4941168
0.5008900
0.4605548
0.5016150
0.5074313
0.4830310
0.5106414
0.4928014
0.5097756
0.4893282
0.4765121
0.4876829
0.5341368
0.5045777
0.5090883
0.4688305
0.5090856
0.5253216
0.5312853
0.5082051
0.4825231
0.4991052
0.5082552
0.5023311
0.4779676
0.5085508
0.4796625
0.4905714
0.4968762
0.5108432
0.5022727
0.4830495
0.5001244
0.5051698
0.5299332
0.5098536
0.5028203
0.5054058
0.5199173
0.5160275
0.4941168
0.5008900
0.4605548
0.5016150
0.5074313
0.4830310
0.5106414
0.4928014
0.5097756
0.4893282
0.4765121
0.4876829
0.5341368
0.5045777
0.5090883
0.4688305
0.5090856
0.5253216
0.5312853
0.5082051
0.4825231
0.4991052
0.5082552
0.5023311
0.4779676
0.5085508
0.4796625
0.4905714
0.4968762
0.5108432
0.5022727
0.4830495
0.5001244
0.5051698
0.5299332
0.5098536
0.5028203
0.5054058
0.5199173
0.5160275
0.4941168
0.5008900
0.4605548
0.5016150
0.5074313
0.4830310
0.5106414
0.4928014
0.5097756
0.4893282
0.4765121
0.4876829
0.5341368
0.5045777
0.5090883
0.4688305
0.5090856
0.5253216
0.5312853
0.5082051
0.4825231
0.4991052
0.5082552
0.5023311
0.4779676
0.5085508
0.4796625
0.4905714
0.4968762
0.5108432
0.5022727
0.4830495
0.5001244
0.5051698
0.5299332
0.5098536
0.5028203
0.5054058
0.5199173
0.5160275
0.4941168
0.5008900
0.4605548
0.5016150
0.5074313
0.4830310
0.5106414
0.4928014
0.5097756
0.4893282
0.4765121
0.4876829
0.5341368
0.5045777
0.5090883
0.4688305
0.5090856
0.5253216
0.5312853
0.5082051
0.4825231
0.4991052
0.5082552
0.5023311
0.4779676
0.5085508
0.4796625
0.4905714
0.4968762
0.5108432
0.5022727
0.4830495
0.5001244
0.5051698
0.5299332
0.5098536
0.5028203
0.5054058
0.5199173
0.5160275
0.4941168
0.5008900
0.4605548
0.5016150
0.5074313
0.4830310
0.5106414
0.4928014
0.5097756
0.4893282
0.4765121
0.4876829
0.5341368
0.5045777
0.5090883
0.4688305
0.5090856
0.5253216
0.5312853
0.5082051
0.4825231
0.4991052
0.5082552
0.5023311
0.4779676
0.5085508
0.4796625
0.4905714
0.4968762
0.5108432
0.5022727
0.4830495
0.5001244
0.5051698
0.5299332
0.5098536
0.5028203
0.5054058
0.5199173
0.5160275
0.4941168
0.5008900
0.4605548
0.5016150
0.5074313
0.4830310
0.5106414
0.4928014
0.5097756
0.4893282
0.4765121
0.4876829
0.5341368
0.5045777
0.5090883
0.4688305
0.5090856
0.5253216
0.5312853
0.5082051
0.4825231
0.4991052
0.5082552
0.5023311
0.4779676
0.5085508
0.4796625
0.4905714
0.4968762
0.5108432
0.5022727
0.4830495
0.5001244
0.5051698
0.5299332
0.5098536
0.5028203
0.5054058
0.5199173
0.5160275
0.4941168
0.5008900
0.4605548
0.5016150
0.5074313
0.4830310
0.5106414
0.4928014
0.5097756
0.4893282
0.4765121
0.4876829
0.5341368
0.5045777
0.5090883
0.4688305
0.5090856
0.5253216
0.5312853
0.5082051
0.4825231
0.4991052
0.5082552
0.5023311
0.4779676
0.5085508
0.4796625
0.4905714
0.4968762
0.5108432
0.5022727
0.4830495
0.5001244
0.5051698
0.5299332
0.5098536
0.5028203
0.5054058
0.5199173
0.5160275
0.4941168
0.5008900
0.4605548
0.5016150
0.5074313
0.4830310
0.5106414
0.4928014
0.5097756
0.4893282
0.4765121
0.4876829
0.5341368
0.5045777
0.5090883
0.4688305
0.5090856
0.5253216
0.5312853
0.5082051
0.4825231
0.4991052
0.5082552
0.5023311
0.4779676
0.5085508
0.4796625
0.4905714
0.4968762
0.5108432
0.5022727
0.4830495
0.5001244
0.5051698
0.5299332
0.5098536
0.5028203
0.5054058
0.5199173
0.5160275
0.4941168
0.5008900
0.4605548
0.5016150
0.5074313
0.4830310
0.5106414
0.4928014
0.5097756
0.4893282
0.4765121
0.4876829
0.5341368
0.5045777
0.5090883
0.4688305
0.5090856
0.5253216
0.5312853
0.5082051
0.4825231
0.4991052
0.5082552
0.5023311
0.4779676
0.5085508
0.4796625
0.4905714
0.4968762
0.5108432
0.5022727
0.4830495
0.5001244
0.5051698
0.5299332
0.5098536
0.5028203
0.5054058
0.5199173
0.5160275
0.4941168
0.5008900
0.4605548
0.5016150
0.5074313
0.4830310
0.5106414
0.4928014
0.5097756
0.4893282
0.4765121
0.4876829
0.5341368
0.5045777
0.5090883
0.4688305
0.5090856
0.5253216
0.5312853
0.5082051
0.4825231
0.4991052
0.5082552
0.5023311
0.4779676
0.5085508
0.4796625
0.4905714
0.4968762
0.5108432
0.5022727
0.4830495
0.5001244
0.5051698
0.5299332
0.5098536
0.5028203
0.5054058
0.5199173
0.5160275
0.4941168
0.5008900
0.4605548
0.5016150
0.5074313
0.4830310
0.5106414
0.4928014
0.5097756
0.4893282
0.4765121
0.4876829
0.5341368
0.5045777
0.5090883
0.4688305
0.5090856
0.5253216
0.5312853
0.5082051
0.4825231
0.4991052
0.5082552
0.5023311
0.4779676
0.5085508
0.4796625
0.4905714
0.4968762
0.5108432
0.5022727
0.4830495
0.5001244
0.5051698
0.5299332
0.5098536
0.5028203
0.5054058
0.5199173
0.5160275
0.4941168
0.5008900
0.4605548
0.5016150
0.5074313
0.4830310
0.5106414
0.4928014
0.5097756
0.4893282
0.4765121
0.4876829
0.5341368
0.5045777
0.5090883
0.4688305
0.5090856
0.5253216
0.5312853
0.5082051
0.4825231
0.4991052
0.5082552
0.5023311
0.4779676
0.5085508
0.4796625
0.4905714
0.4968762
0.5108432
0.5022727
0.4830495
0.5001244
0.5051698
0.5299332
0.5098536
0.5028203
0.5054058
0.5199173
0.5160275
0.4941168
0.5008900
0.4605548
0.5016150
0.5074313
0.4830310
0.5106414
0.4928014
0.5097756
0.4893282
0.4765121
0.4876829
0.5341368
0.5045777
0.5090883
0.4688305
0.5090856
0.5253216
0.5312853
0.5082051
0.4825231
0.4991052
0.5082552
0.5023311
0.4779676
0.5085508
0.4796625
0.4905714
0.4968762
0.5108432
0.5022727
0.4830495
0.5001244
0.5051698
0.5299332
0.5098536
0.5028203
0.5054058
0.5199173
0.5160275
0.4941168
0.5008900
0.4605548
0.5016150
0.5074313
0.4830310
0.5106414
0.4928014
0.5097756
0.4893282
0.4765121
0.4876829
0.5341368
0.5045777
0.5090883
0.4688305
0.5090856
0.5253216
0.5312853
0.5082051
0.4825231
0.4991052
0.5082552
0.5023311
0.4779676
0.5085508
0.4796625
0.4905714
0.4968762
0.5108432
0.5022727
0.4830495
0.5001244
0.5051698
0.5299332
0.5098536
0.5028203
0.5054058
0.5199173
0.5160275
0.4941168
0.5008900
0.4605548
0.5016150
0.5074313
0.4830310
0.5106414
0.4928014
0.5097756
0.4893282
0.4765121
0.4876829
0.5341368
0.5045777
0.5090883
0.4688305
0.5090856
0.5253216
0.5312853
0.5082051
0.4825231
0.4991052
0.5082552
0.5023311
0.4779676
0.5085508
0.4796625
0.4905714
0.4968762
0.5108432
0.5022727
0.4830495
0.5001244
0.5051698
0.5299332
0.5098536
0.5028203
0.5054058
0.5199173
0.5160275
0.4941168
0.5008900
0.4605548
0.5016150
0.5074313
0.4830310
0.5106414
0.4928014
0.5097756
0.4893282
0.4765121
0.4876829
0.5341368
0.5045777
0.5090883
0.4688305
0.5090856
0.5253216
0.5312853
0.5082051
0.4825231
0.4991052
0.5082552
0.5023311
0.4779676
0.5085508
0.4796625
0.4905714
0.4968762
0.5108432
0.5022727
0.4830495
0.5001244
0.5051698
0.5299332
0.5098536
0.5028203
0.5054058
0.5199173
0.5160275
0.4941168
0.5008900
0.4605548
0.5016150
0.5074313
0.4830310
0.5106414
0.4928014
0.5097756
0.4893282
0.4765121
0.4876829
0.5341368
0.5045777
0.5090883
0.4688305
0.5090856
0.5253216
0.5312853
0.5082051
0.4825231
0.4991052
0.5082552
0.5023311
0.4779676
0.5085508
0.4796625
0.4905714
0.4968762
0.5108432
0.5022727
0.4830495
0.5001244
0.5051698
0.5299332
0.5098536
0.5028203
0.5054058
0.5199173
0.5160275
0.4941168
0.5008900
0.4605548
0.5016150
0.5074313
0.4830310
0.5106414
0.4928014
0.5097756
0.4893282
0.4765121
0.4876829
0.5341368
0.5045777
0.5090883
0.4688305
0.5090856
0.5253216
0.5312853
0.5082051
0.4825231
0.4991052
0.5082552
0.5023311
0.4779676
0.5085508
0.4796625
0.4905714
0.4968762
0.5108432
0.5022727
0.4830495
0.5001244
0.5051698
0.5299332
0.5098536
0.5028203
0.5054058
0.5199173
0.5160275
0.4941168
0.5008900
0.4605548
0.5016150
0.5074313
0.4830310
0.5106414
0.4928014
0.5097756
0.4893282
0.4765121
0.4876829
0.5341368
0.5045777
0.5090883
0.4688305
0.5090856
0.5253216
0.5312853
0.5082051
0.4825231
0.4991052
0.5082552
0.5023311
0.4779676
0.5085508
0.4796625
0.4905714
0.4968762
0.5108432
0.5022727
0.4830495
0.5001244
0.5051698
0.5299332
0.5098536
0.5028203
0.5054058
0.5199173
0.5160275
0.4941168
0.5008900
0.4605548
0.5016150
0.5074313
0.4830310
0.5106414
0.4928014
0.5097756
0.4893282
0.4765121
0.4876829
0.5341368
0.5045777
0.5090883
0.4688305
0.5090856
0.5253216
0.5312853
0.5082051
0.4825231
0.4991052
0.5082552
0.5023311
0.4779676
0.5085508
0.4796625
0.4905714
0.4968762
0.5108432
0.5022727
0.4830495
0.5001244
0.5051698
0.5299332
0.5098536
0.5028203
0.5054058
0.5199173
0.5160275
0.4941168
0.5008900
0.4605548
0.5016150
0.5074313
0.4830310
0.5106414
0.4928014
0.5097756
0.4893282
0.4765121
0.4876829
0.5341368
0.5045777
0.5090883
0.4688305
0.5090856
0.5253216
0.5312853
0.5082051
0.4825231
0.4991052
0.5082552
0.5023311
0.4779676
0.5085508
0.4796625
0.4905714
0.4968762
0.5108432
0.5022727
0.4830495
0.5001244
0.5051698
0.5299332
0.5098536
0.5028203
0.5054058
0.5199173
0.5160275
0.4941168
0.5008900
0.4605548
0.5016150
0.5074313
0.4830310
0.5106414
0.4928014
0.5097756
0.4893282
0.4765121
0.4876829
0.5341368
0.5045777
0.5090883
0.4688305
0.5090856
0.5253216
0.5312853
0.5082051
0.4825231
0.4991052
0.5082552
0.5023311
0.4779676
0.5085508
0.4796625
0.4905714
0.4968762
0.5108432
0.5022727
0.4830495
0.5001244
0.5051698
0.5299332
0.5098536
0.5028203
0.5054058
0.5199173
0.5160275
0.4941168
0.5008900
0.4605548
0.5016150
0.5074313
0.4830310
0.5106414
0.4928014
0.5097756
0.4893282
0.4765121
0.4876829
0.5341368
0.5045777
0.5090883
0.4688305
0.5090856
0.5253216
0.5312853
0.5082051
0.4825231
0.4991052
0.5082552
0.5023311
0.4779676
0.5085508
0.4796625
0.4905714
0.4968762
0.5108432
0.5022727
0.4830495
0.5001244
0.5051698
0.5299332
0.5098536
0.5028203
0.5054058
0.5199173
0.5160275
0.4941168
0.5008900
0.4605548
0.5016150
0.5074313
0.4830310
0.5106414
0.4928014
0.5097756
0.4893282
0.4765121
0.4876829
0.5341368
0.5045777
0.5090883
0.4688305
0.5090856
0.5253216
0.5312853
0.5082051
0.4825231
0.4991052
0.5082552
0.5023311
0.4779676
0.5085508
0.4796625
0.4905714
0.4968762
0.5108432
0.5022727
0.4830495
0.5001244
0.5051698
0.5299332
0.5098536
0.5028203
0.5054058
0.5199173
0.5160275
0.4941168
0.5008900
0.4605548
0.5016150
0.5074313
0.4830310
0.5106414
0.4928014
0.5097756
0.4893282
0.4765121
0.4876829
0.5341368
0.5045777
0.5090883
0.4688305
0.5090856
0.5253216
0.5312853
0.5082051
0.4825231
0.4991052
0.5082552
0.5023311
0.4779676
0.5085508
0.4796625
0.4905714
0.4968762
0.5108432
0.5022727
0.4830495
0.5001244
0.5051698
0.5299332
0.5098536
0.5028203
0.5054058
0.5199173
0.5160275
0.4941168
0.5008900
0.4605548
0.5016150
0.5074313
0.4830310
0.5106414
0.4928014
0.5097756
0.4893282
0.4765121
0.4876829
0.5341368
0.5045777
0.5090883
0.4688305
0.5090856
0.5253216
0.5312853
0.5082051
0.4825231
0.4991052
0.5082552
0.5023311
0.4779676
0.5085508
0.4796625
0.4905714
0.4968762
0.5108432
0.5022727
0.4830495
0.5001244
0.5051698
0.5299332
0.5098536
0.5028203
0.5054058
0.5199173
0.5160275
0.4941168
0.5008900
0.4605548
0.5016150
0.5074313
0.4830310
0.5106414
0.4928014
0.5097756
0.4893282
0.4765121
0.4876829
0.5341368
0.5045777
0.5090883
0.4688305
0.5090856
0.5253216
0.5312853
0.5082051
0.4825231
0.4991052
0.5082552
0.5023311
0.4779676
0.5085508
0.4796625
0.4905714
0.4968762
0.5108432
0.5022727
0.4830495
0.5001244
0.5051698
0.5299332
0.5098536
0.5028203
0.5054058
0.5199173
0.5160275
0.4941168
0.5008900
0.4605548
0.5016150
0.5074313
0.4830310
0.5106414
0.4928014
0.5097756
0.4893282
0.4765121
0.4876829
0.5341368
0.5045777
0.5090883
0.4688305
0.5090856
0.5253216
0.5312853
0.5082051
0.4825231
0.4991052
0.5082552
0.5023311
0.4779676
0.5085508
0.4796625
0.4905714
0.4968762
0.5108432
0.5022727
0.4830495
0.5001244
0.5051698
0.5299332
0.5098536
0.5028203
0.5054058
0.5199173
0.5160275
0.4941168
0.5008900
0.4605548
0.5016150
0.5074313
0.4830310
0.5106414
0.4928014
0.5097756
0.4893282
0.4765121
0.4876829
0.5341368
0.5045777
0.5090883
0.4688305
0.5090856
0.5253216
0.5312853
0.5082051
0.4825231
0.4991052
0.5082552
0.5023311
0.4779676
0.5085508
0.4796625
0.4905714
0.4968762
0.5108432
0.5022727
0.4830495
0.5001244
0.5051698
0.5299332
0.5098536
0.5028203
0.5054058
0.5199173
0.5160275
0.4941168
0.5008900
0.4605548
0.5016150
0.5074313
0.4830310
0.5106414
0.4928014
0.5097756
0.4893282
0.4765121
0.4876829
0.5341368
0.5045777
0.5090883
0.4688305
0.5090856
0.5253216
0.5312853
0.5082051
0.4825231
0.4991052
0.5082552
0.5023311
0.4779676
0.5085508
0.4796625
0.4905714
0.4968762
0.5108432
0.5022727
0.4830495
0.5001244
0.5051698
0.5299332
0.5098536
0.5028203
0.5054058
0.5199173
0.5160275
0.4941168
0.5008900
0.4605548
0.5016150
0.5074313
0.4830310
0.5106414
0.4928014
0.5097756
0.4893282
0.4765121
0.4876829
0.5341368
0.5045777
0.5090883
0.4688305
0.5090856
0.5253216
0.5312853
0.5082051
0.4825231
0.4991052
0.5082552
0.5023311
0.4779676
0.5085508
0.4796625
0.4905714
0.4968762
0.5108432
0.5022727
0.4830495
0.5001244
0.5051698
0.5299332
0.5098536
0.5028203
0.5054058
0.5199173
0.5160275
0.4941168
0.5008900
0.4605548
0.5016150
0.5074313
0.4830310
0.5106414
0.4928014
0.5097756
0.4893282
0.4765121
0.4876829
0.5341368
0.5045777
0.5090883
0.4688305
0.5090856
0.5253216
0.5312853
0.5082051
0.4825231
0.4991052
0.5082552
0.5023311
0.4779676
0.5085508
0.4796625
0.4905714
0.4968762
0.5108432
0.5022727
0.4830495
0.5001244
0.5051698
0.5299332
0.5098536
0.5028203
0.5054058
0.5199173
0.5160275
0.4941168
0.5008900
0.4605548
0.5016150
0.5074313
0.4830310
0.5106414
0.4928014
0.5097756
0.4893282
0.4765121
0.4876829
0.5341368
0.5045777
0.5090883
0.4688305
0.5090856
0.5253216
0.5312853
0.5082051
0.4825231
0.4991052
0.5082552
0.5023311
0.4779676
0.5085508
0.4796625
0.4905714
0.4968762
0.5108432
0.5022727
0.4830495
0.5001244
0.5051698
0.5299332
0.5098536
0.5028203
0.5054058
0.5199173
0.5160275
0.4941168
0.5008900
0.4605548
0.5016150
0.5074313
0.4830310
0.5106414
