0.5101392
0.4780504
0.4898358
0.5038343
0.4958451
0.4974757
0.4869696
0.4854767
0.4797610
0.5343239
0.4979205
0.5119951
0.5078348
0.4907689
0.4886879
0.5380647
0.4945014
0.5257719
0.4982487
0.5072143
0.5138739
0.4695299
0.4630455
0.4885494
0.5035015
0.5065011
0.5244649
0.5204105
0.4948545
0.4853822
0.4786984
0.4637190
0.5265530
0.5196534
0.5036696
0.5083960
0.4974012
0.5031079
0.4741504
0.5094113
0.5101392
0.4780504
0.4898358
0.5038343
0.4958451
0.4974757
0.4869696
0.4854767
0.4797610
0.5343239
0.4979205
0.5119951
0.5078348
0.4907689
0.4886879
0.5380647
0.4945014
0.5257719
0.4982487
0.5072143
0.5138739
0.4695299
0.4630455
0.4885494
0.5035015
0.5065011
0.5244649
0.5204105
0.4948545
0.4853822
0.4786984
0.4637190
0.5265530
0.5196534
0.5036696
0.5083960
0.4974012
0.5031079
0.4741504
0.5094113
0.5101392
0.4780504
0.4898358
0.5038343
0.4958451
0.4974757
0.4869696
0.4854767
0.4797610
0.5343239
0.4979205
0.5119951
0.5078348
0.4907689
0.4886879
0.5380647
0.4945014
0.5257719
0.4982487
0.5072143
0.5138739
0.4695299
0.4630455
0.4885494
0.5035015
0.5065011
0.5244649
0.5204105
0.4948545
0.4853822
0.4786984
0.4637190
0.5265530
0.5196534
0.5036696
0.5083960
0.4974012
0.5031079
0.4741504
0.5094113
0.5101392
0.4780504
0.4898358
0.5038343
0.4958451
0.4974757
0.4869696
0.4854767
0.4797610
0.5343239
0.4979205
0.5119951
0.5078348
0.4907689
0.4886879
0.5380647
0.4945014
0.5257719
0.4982487
0.5072143
0.5138739
0.4695299
0.4630455
0.4885494
0.5035015
0.5065011
0.5244649
0.5204105
0.4948545
0.4853822
0.4786984
0.4637190
0.5265530
0.5196534
0.5036696
0.5083960
0.4974012
0.5031079
0.4741504
0.5094113
0.5101392
0.4780504
0.4898358
0.5038343
0.4958451
0.4974757
0.4869696
0.4854767
0.4797610
0.5343239
0.4979205
0.5119951
0.5078348
0.4907689
0.4886879
0.5380647
0.4945014
0.5257719
0.4982487
0.5072143
0.5138739
0.4695299
0.4630455
0.4885494
0.5035015
0.5065011
0.5244649
0.5204105
0.4948545
0.4853822
0.4786984
0.4637190
0.5265530
0.5196534
0.5036696
0.5083960
0.4974012
0.5031079
0.4741504
0.5094113
0.5101392
0.4780504
0.4898358
0.5038343
0.4958451
0.4974757
0.4869696
0.4854767
0.4797610
0.5343239
0.4979205
0.5119951
0.5078348
0.4907689
0.4886879
0.5380647
0.4945014
0.5257719
0.4982487
0.5072143
0.5138739
0.4695299
0.4630455
0.4885494
0.5035015
0.5065011
0.5244649
0.5204105
0.4948545
0.4853822
0.4786984
0.4637190
0.5265530
0.5196534
0.5036696
0.5083960
0.4974012
0.5031079
0.4741504
0.5094113
0.5101392
0.4780504
0.4898358
0.5038343
0.4958451
0.4974757
0.4869696
0.4854767
0.4797610
0.5343239
0.4979205
0.5119951
0.5078348
0.4907689
0.4886879
0.5380647
0.4945014
0.5257719
0.4982487
0.5072143
0.5138739
0.4695299
0.4630455
0.4885494
0.5035015
0.5065011
0.5244649
0.5204105
0.4948545
0.4853822
0.4786984
0.4637190
0.5265530
0.5196534
0.5036696
0.5083960
0.4974012
0.5031079
0.4741504
0.5094113
0.5101392
0.4780504
0.4898358
0.5038343
0.4958451
0.4974757
0.4869696
0.4854767
0.4797610
0.5343239
0.4979205
0.5119951
0.5078348
0.4907689
0.4886879
0.5380647
0.4945014
0.5257719
0.4982487
0.5072143
0.5138739
0.4695299
0.4630455
0.4885494
0.5035015
0.5065011
0.5244649
0.5204105
0.4948545
0.4853822
0.4786984
0.4637190
0.5265530
0.5196534
0.5036696
0.5083960
0.4974012
0.5031079
0.4741504
0.5094113
0.5101392
0.4780504
0.4898358
0.5038343
0.4958451
0.4974757
0.4869696
0.4854767
0.4797610
0.5343239
0.4979205
0.5119951
0.5078348
0.4907689
0.4886879
0.5380647
0.4945014
0.5257719
0.4982487
0.5072143
0.5138739
0.4695299
0.4630455
0.4885494
0.5035015
0.5065011
0.5244649
0.5204105
0.4948545
0.4853822
0.4786984
0.4637190
0.5265530
0.5196534
0.5036696
0.5083960
0.4974012
0.5031079
0.4741504
0.5094113
0.5101392
0.4780504
0.4898358
0.5038343
0.4958451
0.4974757
0.4869696
0.4854767
0.4797610
0.5343239
0.4979205
0.5119951
0.5078348
0.4907689
0.4886879
0.5380647
0.4945014
0.5257719
0.4982487
0.5072143
0.5138739
0.4695299
0.4630455
0.4885494
0.5035015
0.5065011
0.5244649
0.5204105
0.4948545
0.4853822
0.4786984
0.4637190
0.5265530
0.5196534
0.5036696
0.5083960
0.4974012
0.5031079
0.4741504
0.5094113
0.5101392
0.4780504
0.4898358
0.5038343
0.4958451
0.4974757
0.4869696
0.4854767
0.4797610
0.5343239
0.4979205
0.5119951
0.5078348
0.4907689
0.4886879
0.5380647
0.4945014
0.5257719
0.4982487
0.5072143
0.5138739
0.4695299
0.4630455
0.4885494
0.5035015
0.5065011
0.5244649
0.5204105
0.4948545
0.4853822
0.4786984
0.4637190
0.5265530
0.5196534
0.5036696
0.5083960
0.4974012
0.5031079
0.4741504
0.5094113
0.5101392
0.4780504
0.4898358
0.5038343
0.4958451
0.4974757
0.4869696
0.4854767
0.4797610
0.5343239
0.4979205
0.5119951
0.5078348
0.4907689
0.4886879
0.5380647
0.4945014
0.5257719
0.4982487
0.5072143
0.5138739
0.4695299
0.4630455
0.4885494
0.5035015
0.5065011
0.5244649
0.5204105
0.4948545
0.4853822
0.4786984
0.4637190
0.5265530
0.5196534
0.5036696
0.5083960
0.4974012
0.5031079
0.4741504
0.5094113
0.5101392
0.4780504
0.4898358
0.5038343
0.4958451
0.4974757
0.4869696
0.4854767
0.4797610
0.5343239
0.4979205
0.5119951
0.5078348
0.4907689
0.4886879
0.5380647
0.4945014
0.5257719
0.4982487
0.5072143
0.5138739
0.4695299
0.4630455
0.4885494
0.5035015
0.5065011
0.5244649
0.5204105
0.4948545
0.4853822
0.4786984
0.4637190
0.5265530
0.5196534
0.5036696
0.5083960
0.4974012
0.5031079
0.4741504
0.5094113
0.5101392
0.4780504
0.4898358
0.5038343
0.4958451
0.4974757
0.4869696
0.4854767
0.4797610
0.5343239
0.4979205
0.5119951
0.5078348
0.4907689
0.4886879
0.5380647
0.4945014
0.5257719
0.4982487
0.5072143
0.5138739
0.4695299
0.4630455
0.4885494
0.5035015
0.5065011
0.5244649
0.5204105
0.4948545
0.4853822
0.4786984
0.4637190
0.5265530
0.5196534
0.5036696
0.5083960
0.4974012
0.5031079
0.4741504
0.5094113
0.5101392
0.4780504
0.4898358
0.5038343
0.4958451
0.4974757
0.4869696
0.4854767
0.4797610
0.5343239
0.4979205
0.5119951
0.5078348
0.4907689
0.4886879
0.5380647
0.4945014
0.5257719
0.4982487
0.5072143
0.5138739
0.4695299
0.4630455
0.4885494
0.5035015
0.5065011
0.5244649
0.5204105
0.4948545
0.4853822
0.4786984
0.4637190
0.5265530
0.5196534
0.5036696
0.5083960
0.4974012
0.5031079
0.4741504
0.5094113
0.5101392
0.4780504
0.4898358
0.5038343
0.4958451
0.4974757
0.4869696
0.4854767
0.4797610
0.5343239
0.4979205
0.5119951
0.5078348
0.4907689
0.4886879
0.5380647
0.4945014
0.5257719
0.4982487
0.5072143
0.5138739
0.4695299
0.4630455
0.4885494
0.5035015
0.5065011
0.5244649
0.5204105
0.4948545
0.4853822
0.4786984
0.4637190
0.5265530
0.5196534
0.5036696
0.5083960
0.4974012
0.5031079
0.4741504
0.5094113
0.5101392
0.4780504
0.4898358
0.5038343
0.4958451
0.4974757
0.4869696
0.4854767
0.4797610
0.5343239
0.4979205
0.5119951
0.5078348
0.4907689
0.4886879
0.5380647
0.4945014
0.5257719
0.4982487
0.5072143
0.5138739
0.4695299
0.4630455
0.4885494
0.5035015
0.5065011
0.5244649
0.5204105
0.4948545
0.4853822
0.4786984
0.4637190
0.5265530
0.5196534
0.5036696
0.5083960
0.4974012
0.5031079
0.4741504
0.5094113
0.5101392
0.4780504
0.4898358
0.5038343
0.4958451
0.4974757
0.4869696
0.4854767
0.4797610
0.5343239
0.4979205
0.5119951
0.5078348
0.4907689
0.4886879
0.5380647
0.4945014
0.5257719
0.4982487
0.5072143
0.5138739
0.4695299
0.4630455
0.4885494
0.5035015
0.5065011
0.5244649
0.5204105
0.4948545
0.4853822
0.4786984
0.4637190
0.5265530
0.5196534
0.5036696
0.5083960
0.4974012
0.5031079
0.4741504
0.5094113
0.5101392
0.4780504
0.4898358
0.5038343
0.4958451
0.4974757
0.4869696
0.4854767
0.4797610
0.5343239
0.4979205
0.5119951
0.5078348
0.4907689
0.4886879
0.5380647
0.4945014
0.5257719
0.4982487
0.5072143
0.5138739
0.4695299
0.4630455
0.4885494
0.5035015
0.5065011
0.5244649
0.5204105
0.4948545
0.4853822
0.4786984
0.4637190
0.5265530
0.5196534
0.5036696
0.5083960
0.4974012
0.5031079
0.4741504
0.5094113
0.5101392
0.4780504
0.4898358
0.5038343
0.4958451
0.4974757
0.4869696
0.4854767
0.4797610
0.5343239
0.4979205
0.5119951
0.5078348
0.4907689
0.4886879
0.5380647
0.4945014
0.5257719
0.4982487
0.5072143
0.5138739
0.4695299
0.4630455
0.4885494
0.5035015
0.5065011
0.5244649
0.5204105
0.4948545
0.4853822
0.4786984
0.4637190
0.5265530
0.5196534
0.5036696
0.5083960
0.4974012
0.5031079
0.4741504
0.5094113
0.5101392
0.4780504
0.4898358
0.5038343
0.4958451
0.4974757
0.4869696
0.4854767
0.4797610
0.5343239
0.4979205
0.5119951
0.5078348
0.4907689
0.4886879
0.5380647
0.4945014
0.5257719
0.4982487
0.5072143
0.5138739
0.4695299
0.4630455
0.4885494
0.5035015
0.5065011
0.5244649
0.5204105
0.4948545
0.4853822
0.4786984
0.4637190
0.5265530
0.5196534
0.5036696
0.5083960
0.4974012
0.5031079
0.4741504
0.5094113
0.5101392
0.4780504
0.4898358
0.5038343
0.4958451
0.4974757
0.4869696
0.4854767
0.4797610
0.5343239
0.4979205
0.5119951
0.5078348
0.4907689
0.4886879
0.5380647
0.4945014
0.5257719
0.4982487
0.5072143
0.5138739
0.4695299
0.4630455
0.4885494
0.5035015
0.5065011
0.5244649
0.5204105
0.4948545
0.4853822
0.4786984
0.4637190
0.5265530
0.5196534
0.5036696
0.5083960
0.4974012
0.5031079
0.4741504
0.5094113
0.5101392
0.4780504
0.4898358
0.5038343
0.4958451
0.4974757
0.4869696
0.4854767
0.4797610
0.5343239
0.4979205
0.5119951
0.5078348
0.4907689
0.4886879
0.5380647
0.4945014
0.5257719
0.4982487
0.5072143
0.5138739
0.4695299
0.4630455
0.4885494
0.5035015
0.5065011
0.5244649
0.5204105
0.4948545
0.4853822
0.4786984
0.4637190
0.5265530
0.5196534
0.5036696
0.5083960
0.4974012
0.5031079
0.4741504
0.5094113
0.5101392
0.4780504
0.4898358
0.5038343
0.4958451
0.4974757
0.4869696
0.4854767
0.4797610
0.5343239
0.4979205
0.5119951
0.5078348
0.4907689
0.4886879
0.5380647
0.4945014
0.5257719
0.4982487
0.5072143
0.5138739
0.4695299
0.4630455
0.4885494
0.5035015
0.5065011
0.5244649
0.5204105
0.4948545
0.4853822
0.4786984
0.4637190
0.5265530
0.5196534
0.5036696
0.5083960
0.4974012
0.5031079
0.4741504
0.5094113
0.5101392
0.4780504
0.4898358
0.5038343
0.4958451
0.4974757
0.4869696
0.4854767
0.4797610
0.5343239
0.4979205
0.5119951
0.5078348
0.4907689
0.4886879
0.5380647
0.4945014
0.5257719
0.4982487
0.5072143
0.5138739
0.4695299
0.4630455
0.4885494
0.5035015
0.5065011
0.5244649
0.5204105
0.4948545
0.4853822
0.4786984
0.4637190
0.5265530
0.5196534
0.5036696
0.5083960
0.4974012
0.5031079
0.4741504
0.5094113
0.5101392
0.4780504
0.4898358
0.5038343
0.4958451
0.4974757
0.4869696
0.4854767
0.4797610
0.5343239
0.4979205
0.5119951
0.5078348
0.4907689
0.4886879
0.5380647
0.4945014
0.5257719
0.4982487
0.5072143
0.5138739
0.4695299
0.4630455
0.4885494
0.5035015
0.5065011
0.5244649
0.5204105
0.4948545
0.4853822
0.4786984
0.4637190
0.5265530
0.5196534
0.5036696
0.5083960
0.4974012
0.5031079
0.4741504
0.5094113
0.5101392
0.4780504
0.4898358
0.5038343
0.4958451
0.4974757
0.4869696
0.4854767
0.4797610
0.5343239
0.4979205
0.5119951
0.5078348
0.4907689
0.4886879
0.5380647
0.4945014
0.5257719
0.4982487
0.5072143
0.5138739
0.4695299
0.4630455
0.4885494
0.5035015
0.5065011
0.5244649
0.5204105
0.4948545
0.4853822
0.4786984
0.4637190
0.5265530
0.5196534
0.5036696
0.5083960
0.4974012
0.5031079
0.4741504
0.5094113
0.5101392
0.4780504
0.4898358
0.5038343
0.4958451
0.4974757
0.4869696
0.4854767
0.4797610
0.5343239
0.4979205
0.5119951
0.5078348
0.4907689
0.4886879
0.5380647
0.4945014
0.5257719
0.4982487
0.5072143
0.5138739
0.4695299
0.4630455
0.4885494
0.5035015
0.5065011
0.5244649
0.5204105
0.4948545
0.4853822
0.4786984
0.4637190
0.5265530
0.5196534
0.5036696
0.5083960
0.4974012
0.5031079
0.4741504
0.5094113
0.5101392
0.4780504
0.4898358
0.5038343
0.4958451
0.4974757
0.4869696
0.4854767
0.4797610
0.5343239
0.4979205
0.5119951
0.5078348
0.4907689
0.4886879
0.5380647
0.4945014
0.5257719
0.4982487
0.5072143
0.5138739
0.4695299
0.4630455
0.4885494
0.5035015
0.5065011
0.5244649
0.5204105
0.4948545
0.4853822
0.4786984
0.4637190
0.5265530
0.5196534
0.5036696
0.5083960
0.4974012
0.5031079
0.4741504
0.5094113
0.5101392
0.4780504
0.4898358
0.5038343
0.4958451
0.4974757
0.4869696
0.4854767
0.4797610
0.5343239
0.4979205
0.5119951
0.5078348
0.4907689
0.4886879
0.5380647
0.4945014
0.5257719
0.4982487
0.5072143
0.5138739
0.4695299
0.4630455
0.4885494
0.5035015
0.5065011
0.5244649
0.5204105
0.4948545
0.4853822
0.4786984
0.4637190
0.5265530
0.5196534
0.5036696
0.5083960
0.4974012
0.5031079
0.4741504
0.5094113
0.5101392
0.4780504
0.4898358
0.5038343
0.4958451
0.4974757
0.4869696
0.4854767
0.4797610
0.5343239
0.4979205
0.5119951
0.5078348
0.4907689
0.4886879
0.5380647
0.4945014
0.5257719
0.4982487
0.5072143
0.5138739
0.4695299
0.4630455
0.4885494
0.5035015
0.5065011
0.5244649
0.5204105
0.4948545
0.4853822
0.4786984
0.4637190
0.5265530
0.5196534
0.5036696
0.5083960
0.4974012
0.5031079
0.4741504
0.5094113
0.5101392
0.4780504
0.4898358
0.5038343
0.4958451
0.4974757
0.4869696
0.4854767
0.4797610
0.5343239
0.4979205
0.5119951
0.5078348
0.4907689
0.4886879
0.5380647
0.4945014
0.5257719
0.4982487
0.5072143
0.5138739
0.4695299
0.4630455
0.4885494
0.5035015
0.5065011
0.5244649
0.5204105
0.4948545
0.4853822
0.4786984
0.4637190
0.5265530
0.5196534
0.5036696
0.5083960
0.4974012
0.5031079
0.4741504
0.5094113
0.5101392
0.4780504
0.4898358
0.5038343
0.4958451
0.4974757
0.4869696
0.4854767
0.4797610
0.5343239
0.4979205
0.5119951
0.5078348
0.4907689
0.4886879
0.5380647
0.4945014
0.5257719
0.4982487
0.5072143
0.5138739
0.4695299
0.4630455
0.4885494
0.5035015
0.5065011
0.5244649
0.5204105
0.4948545
0.4853822
0.4786984
0.4637190
0.5265530
0.5196534
0.5036696
0.5083960
0.4974012
0.5031079
0.4741504
0.5094113
0.5101392
0.4780504
0.4898358
0.5038343
0.4958451
0.4974757
0.4869696
0.4854767
0.4797610
0.5343239
0.4979205
0.5119951
0.5078348
0.4907689
0.4886879
0.5380647
0.4945014
0.5257719
0.4982487
0.5072143
0.5138739
0.4695299
0.4630455
0.4885494
0.5035015
0.5065011
0.5244649
0.5204105
0.4948545
0.4853822
0.4786984
0.4637190
0.5265530
0.5196534
0.5036696
0.5083960
0.4974012
0.5031079
0.4741504
0.5094113
0.5101392
0.4780504
0.4898358
0.5038343
0.4958451
0.4974757
0.4869696
0.4854767
0.4797610
0.5343239
0.4979205
0.5119951
0.5078348
0.4907689
0.4886879
0.5380647
0.4945014
0.5257719
0.4982487
0.5072143
0.5138739
0.4695299
0.4630455
0.4885494
0.5035015
0.5065011
0.5244649
0.5204105
0.4948545
0.4853822
0.4786984
0.4637190
0.5265530
0.5196534
0.5036696
0.5083960
0.4974012
0.5031079
0.4741504
0.5094113
0.5101392
0.4780504
0.4898358
0.5038343
0.4958451
0.4974757
0.4869696
0.4854767
0.4797610
0.5343239
0.4979205
0.5119951
0.5078348
0.4907689
0.4886879
0.5380647
0.4945014
0.5257719
0.4982487
0.5072143
0.5138739
0.4695299
0.4630455
0.4885494
0.5035015
0.5065011
0.5244649
0.5204105
0.4948545
0.4853822
0.4786984
0.4637190
0.5265530
0.5196534
0.5036696
0.5083960
0.4974012
0.5031079
0.4741504
0.5094113
0.5101392
0.4780504
0.4898358
0.5038343
0.4958451
0.4974757
0.4869696
0.4854767
0.4797610
0.5343239
0.4979205
0.5119951
0.5078348
0.4907689
0.4886879
0.5380647
0.4945014
0.5257719
0.4982487
0.5072143
0.5138739
0.4695299
0.4630455
0.4885494
0.5035015
0.5065011
0.5244649
0.5204105
0.4948545
0.4853822
0.4786984
0.4637190
0.5265530
0.5196534
0.5036696
0.5083960
0.4974012
0.5031079
0.4741504
0.5094113
0.5101392
0.4780504
0.4898358
0.5038343
0.4958451
0.4974757
0.4869696
0.4854767
0.4797610
0.5343239
0.4979205
0.5119951
0.5078348
0.4907689
0.4886879
0.5380647
0.4945014
0.5257719
0.4982487
0.5072143
0.5138739
0.4695299
0.4630455
0.4885494
0.5035015
0.5065011
0.5244649
0.5204105
0.4948545
0.4853822
0.4786984
0.4637190
0.5265530
0.5196534
0.5036696
0.5083960
0.4974012
0.5031079
0.4741504
0.5094113
0.5101392
0.4780504
0.4898358
0.5038343
0.4958451
0.4974757
0.4869696
0.4854767
0.4797610
0.5343239
0.4979205
0.5119951
0.5078348
0.4907689
0.4886879
0.5380647
0.4945014
0.5257719
0.4982487
0.5072143
0.5138739
0.4695299
0.4630455
0.4885494
0.5035015
0.5065011
0.5244649
0.5204105
0.4948545
0.4853822
0.4786984
0.4637190
0.5265530
0.5196534
0.5036696
0.5083960
0.4974012
0.5031079
0.4741504
0.5094113
0.5101392
0.4780504
0.4898358
0.5038343
0.4958451
0.4974757
0.4869696
0.4854767
0.4797610
0.5343239
0.4979205
0.5119951
0.5078348
0.4907689
0.4886879
0.5380647
0.4945014
0.5257719
0.4982487
0.5072143
0.5138739
0.4695299
0.4630455
0.4885494
0.5035015
0.5065011
0.5244649
0.5204105
0.4948545
0.4853822
0.4786984
0.4637190
0.5265530
0.5196534
0.5036696
0.5083960
0.4974012
0.5031079
0.4741504
0.5094113
0.5101392
0.4780504
0.4898358
0.5038343
0.4958451
0.4974757
0.4869696
0.4854767
0.4797610
0.5343239
0.4979205
0.5119951
0.5078348
0.4907689
0.4886879
0.5380647
0.4945014
0.5257719
0.4982487
0.5072143
0.5138739
0.4695299
0.4630455
0.4885494
0.5035015
0.5065011
0.5244649
0.5204105
0.4948545
0.4853822
0.4786984
0.4637190
0.5265530
0.5196534
0.5036696
0.5083960
0.4974012
0.5031079
0.4741504
0.5094113
0.5101392
0.4780504
0.4898358
0.5038343
0.4958451
0.4974757
0.4869696
0.4854767
0.4797610
0.5343239
0.4979205
0.5119951
0.5078348
0.4907689
0.4886879
0.5380647
0.4945014
0.5257719
0.4982487
0.5072143
0.5138739
0.4695299
0.4630455
0.4885494
0.5035015
0.5065011
0.5244649
0.5204105
0.4948545
0.4853822
0.4786984
0.4637190
0.5265530
0.5196534
0.5036696
0.5083960
0.4974012
0.5031079
0.4741504
0.5094113
0.5101392
0.4780504
0.4898358
0.5038343
0.4958451
0.4974757
0.4869696
0.4854767
0.4797610
0.5343239
0.4979205
0.5119951
0.5078348
0.4907689
0.4886879
0.5380647
0.4945014
0.5257719
0.4982487
0.5072143
0.5138739
0.4695299
0.4630455
0.4885494
0.5035015
0.5065011
0.5244649
0.5204105
0.4948545
0.4853822
0.4786984
0.4637190
0.5265530
0.5196534
0.5036696
0.5083960
0.4974012
0.5031079
0.4741504
0.5094113
0.5101392
0.4780504
0.4898358
0.5038343
0.4958451
0.4974757
0.4869696
0.4854767
0.4797610
0.5343239
0.4979205
0.5119951
0.5078348
0.4907689
0.4886879
0.5380647
0.4945014
0.5257719
0.4982487
0.5072143
0.5138739
0.4695299
0.4630455
0.4885494
0.5035015
0.5065011
0.5244649
0.5204105
0.4948545
0.4853822
0.4786984
0.4637190
0.5265530
0.5196534
0.5036696
0.5083960
0.4974012
0.5031079
0.4741504
0.5094113
0.5101392
0.4780504
0.4898358
0.5038343
0.4958451
0.4974757
0.4869696
0.4854767
0.4797610
0.5343239
0.4979205
0.5119951
0.5078348
0.4907689
0.4886879
0.5380647
0.4945014
0.5257719
0.4982487
0.5072143
0.5138739
0.4695299
0.4630455
0.4885494
0.5035015
0.5065011
0.5244649
0.5204105
0.4948545
0.4853822
0.4786984
0.4637190
0.5265530
0.5196534
0.5036696
0.5083960
0.4974012
0.5031079
0.4741504
0.5094113
0.5101392
0.4780504
0.4898358
0.5038343
0.4958451
0.4974757
0.4869696
0.4854767
0.4797610
0.5343239
0.4979205
0.5119951
0.5078348
0.4907689
0.4886879
0.5380647
0.4945014
0.5257719
0.4982487
0.5072143
0.5138739
0.4695299
0.4630455
0.4885494
0.5035015
0.5065011
0.5244649
0.5204105
0.4948545
0.4853822
0.4786984
0.4637190
0.5265530
0.5196534
0.5036696
0.5083960
0.4974012
0.5031079
0.4741504
0.5094113
0.5101392
0.4780504
0.4898358
0.5038343
0.4958451
0.4974757
0.4869696
0.4854767
0.4797610
0.5343239
0.4979205
0.5119951
0.5078348
0.4907689
0.4886879
0.5380647
0.4945014
0.5257719
0.4982487
0.5072143
0.5138739
0.4695299
0.4630455
0.4885494
0.5035015
0.5065011
0.5244649
0.5204105
0.4948545
0.4853822
0.4786984
0.4637190
0.5265530
0.5196534
0.5036696
0.5083960
0.4974012
0.5031079
0.4741504
0.5094113
0.5101392
0.4780504
0.4898358
0.5038343
0.4958451
0.4974757
0.4869696
0.4854767
0.4797610
0.5343239
0.4979205
0.5119951
0.5078348
0.4907689
0.4886879
0.5380647
0.4945014
0.5257719
0.4982487
0.5072143
0.5138739
0.4695299
0.4630455
0.4885494
0.5035015
0.5065011
0.5244649
0.5204105
0.4948545
0.4853822
0.4786984
0.4637190
0.5265530
0.5196534
0.5036696
0.5083960
0.4974012
0.5031079
0.4741504
0.5094113
0.5101392
0.4780504
0.4898358
0.5038343
0.4958451
0.4974757
0.4869696
0.4854767
0.4797610
0.5343239
0.4979205
0.5119951
0.5078348
0.4907689
0.4886879
0.5380647
0.4945014
0.5257719
0.4982487
0.5072143
0.5138739
0.4695299
0.4630455
0.4885494
0.5035015
0.5065011
0.5244649
0.5204105
0.4948545
0.4853822
0.4786984
0.4637190
0.5265530
0.5196534
0.5036696
0.5083960
0.4974012
0.5031079
0.4741504
0.5094113
0.5101392
0.4780504
0.4898358
0.5038343
0.4958451
0.4974757
0.4869696
0.4854767
0.4797610
0.5343239
0.4979205
0.5119951
0.5078348
0.4907689
0.4886879
0.5380647
0.4945014
0.5257719
0.4982487
0.5072143
0.5138739
0.4695299
0.4630455
0.4885494
0.5035015
0.5065011
0.5244649
0.5204105
0.4948545
0.4853822
0.4786984
0.4637190
0.5265530
0.5196534
0.5036696
0.5083960
0.4974012
0.5031079
0.4741504
0.5094113
