16.006550
15.095535
16.160810
15.718017
15.964459
15.968470
14.034455
13.745640
13.035890
14.454235
15.066322
14.776635
14.467219
14.947521
15.375946
14.247636
15.762840
22.338723
20.802994
21.176775
19.482722
18.343893
21.927363
19.121131
19.444593
19.122717
19.979647
20.936414
21.258565
20.246480
21.838564
21.488005
21.128795
22.134266
21.854202
22.071775
20.878105
20.421370
19.895537
22.539003
21.117319
21.891188
21.142209
22.570248
23.693394
22.747661
23.854870
23.866862
24.355865
24.497126
26.183577
24.032389
24.242752
24.179682
21.335113
20.582448
22.467758
21.911898
21.442736
21.118331
20.760715
21.074408
19.487108
20.187088
19.946494
20.862104
20.640266
18.596499
19.782349
21.806662
20.888907
19.863963
21.048246
19.965799
18.150497
18.138459
19.331538
18.992558
20.408035
19.099183
19.228984
18.664938
20.618783
20.675250
18.830669
20.341177
15.448034
16.827921
18.232543
15.874942
18.035911
18.169885
16.720341
17.201477
17.908818
18.047306
21.041535
19.866300
21.706898
19.389234
20.055406
19.933312
22.057868
21.108140
19.488749
21.380046
21.036111
22.788002
23.191332
22.022909
20.956764
22.990599
24.055128
23.312564
22.173440
21.013050
21.938476
13.757600
13.531143
13.475188
14.337864
13.701196
14.276818
14.869484
14.873924
13.466688
13.376905
13.751122
15.291826
15.340302
12.615468
14.053771
12.331205
17.120823
16.155328
17.866773
15.846375
15.357227
15.671787
15.972560
14.766209
15.758612
16.980016
16.020531
17.807885
16.052949
16.911978
16.402539
15.029227
16.052208
16.439501
15.455247
17.179971
18.160924
15.834549
17.621110
16.899616
17.046093
17.674003
15.693558
15.028227
15.714611
15.461756
15.645845
18.274849
18.289008
17.360858
14.913849
13.740263
13.960260
15.227214
15.642940
13.740207
13.861886
13.233217
13.298489
14.022020
13.898447
14.022544
13.739351
14.348148
14.245804
13.193260
10.359322
10.175682
 9.637979
 9.670339
11.635352
11.931556
13.020664
14.425508
12.247343
13.404701
12.510045
14.789579
14.976100
15.111461
15.856734
14.723657
15.722295
15.922899
15.111488
14.424022
15.350014
15.430902
15.298298
13.636566
13.550917
13.948649
13.600212
14.373865
13.724481
17.044742
16.555939
15.312363
15.474470
16.876593
20.648508
21.108528
14.632481
14.978846
12.564358
12.185344
12.908575
13.204418
12.413028
12.312392
12.291503
13.118405
12.443113
12.002076
11.450877
11.973734
12.063244
11.093845
11.494719
10.564134
10.558729
11.266346
11.577328
10.873806
12.060855
10.888115
12.417887
10.541141
 9.976520
10.756035
11.409253
 9.174453
 8.846210
 8.910986
 8.704476
 9.338057
15.241064
15.648048
16.264427
12.307640
13.521282
13.983990
14.051811
12.193204
12.519114
11.209043
10.429418
10.470340
11.189212
10.281175
10.327827
10.364673
10.921372
10.010549
11.166939
10.455445
 9.869096
13.344551
13.738392
13.650620
12.880304
13.494482
12.878035
13.425382
13.623643
13.353428
15.372581
15.756732
16.342560
15.152248
14.100657
15.066198
14.558022
11.506223
12.125872
11.502291
12.299619
11.278863
11.469993
12.224992
11.505679
12.256672
12.251820
12.004112
11.743557
11.569143
13.025587
12.654157
12.837510
13.759403
13.591154
14.334601
11.124297
10.549842
10.824424
12.667204
12.311733
12.565829
11.413893
11.988388
11.676097
12.297555
12.322858
11.563310
11.120851
10.265368
11.011557
 8.847269
 9.292491
 8.804151
 9.525437
 9.400009
 9.443223
 9.108592
 9.615730
10.474994
10.682946
 9.199954
 9.018028
 9.097524
 8.983587
 8.945683
 9.989478
 9.413875
 8.653103
 8.304851
 8.801580
 8.947501
 8.554850
 9.772671
 9.788403
10.185983
 9.468161
15.583733
15.697959
14.161664
14.961524
15.156141
16.881398
16.617507
15.115413
15.210840
14.542974
15.437733
14.865400
15.725546
13.617728
15.589752
14.557558
14.318835
11.022394
10.353894
11.046521
11.043948
10.474102
11.205331
12.151634
11.744971
11.299354
13.550477
12.164393
12.602982
14.259272
13.096593
12.836933
13.191696
12.926823
12.506654
13.022651
12.831016
15.615644
14.131532
12.947433
13.670485
13.597602
13.014245
12.165998
12.755113
14.480568
13.992190
13.202022
13.264766
13.118055
15.066226
14.420595
13.303815
13.485811
13.835407
13.772308
13.071954
14.114413
13.048740
13.700372
13.236180
14.320804
13.165171
13.575730
12.904677
14.393470
13.936670
13.369259
12.922849
13.441942
13.865654
13.979059
14.038696
13.746519
13.700768
12.778174
11.850780
11.717922
12.414443
11.996634
10.938591
16.116345
16.333291
14.871581
16.817963
17.236220
15.496926
16.144923
14.933525
15.364583
15.478482
15.602177
14.868217
18.079566
16.796656
14.122341
13.963781
13.293018
15.230427
15.448550
13.123865
14.825689
13.597336
15.376024
14.780685
14.129297
13.154937
14.223639
13.555496
12.758747
13.364160
14.042511
13.322554
13.690118
12.964014
13.173295
13.478624
14.159259
12.700621
13.230609
13.274011
12.911995
13.782470
13.460004
13.908390
10.335899
10.309229
11.006423
10.084993
10.260740
 9.443933
 9.926099
 9.496600
 9.681002
 9.673738
 8.576233
 9.882927
 9.096616
 9.257692
 9.392272
10.080897
 9.519709
 9.766468
10.246812
 9.668282
 9.675443
 9.411096
10.246419
 9.960305
 9.949806
10.129907
 8.442327
 8.812369
 8.899374
 9.086892
 8.896990
 8.497088
 8.516481
 8.773800
 8.814788
 9.026384
 8.338359
 9.060113
 9.431326
10.628185
10.140933
10.627474
10.105519
10.350564
 9.688463
10.078942
 9.245424
10.275845
10.726106
 9.299275
 9.701902
11.059600
10.857818
11.137279
11.132258
11.388678
 9.836906
13.313115
14.698528
14.386050
15.636974
13.249094
15.378258
14.471889
14.088365
14.556625
13.740451
15.511997
14.807947
15.616990
15.993366
15.471099
14.631929
15.366670
16.189991
15.426085
16.039653
15.443364
15.692729
15.350181
14.371687
 7.652371
 7.728041
 7.536369
 7.925015
 8.004699
 6.830864
 7.507968
 7.435985
 7.249052
 8.846957
 8.334258
 8.801276
 9.527737
 9.918761
 9.123847
 7.377260
 7.874009
 7.497429
 6.721029
 7.235404
 7.835700
 8.120098
 8.153034
 8.023087
 7.987252
 8.930093
 8.987965
 8.429639
 8.467405
 8.449506
 8.355600
 9.146756
 8.505756
 6.963792
 7.834354
 7.439628
 7.178915
 7.383257
 7.614445
 7.789201
 8.055316
 8.003750
 7.924262
 8.317127
 7.615734
 7.231275
 7.553847
 7.416889
 7.687354
 7.614755
13.570359
13.788309
13.611390
13.222737
12.327470
13.262017
12.069283
12.583557
12.728450
12.918010
12.992297
12.507054
12.327429
12.953473
13.193969
13.844184
 6.710686
 7.223850
 6.511249
 6.768347
 6.993039
 6.611418
 7.950383
 7.959507
 7.068048
 7.318646
 7.245040
 7.259391
 7.113503
 7.214397
 6.788332
 7.704273
 7.250175
 7.839298
 6.679610
 6.820373
 6.486096
 7.278771
 7.889884
 7.195753
 6.614628
 7.147285
 7.262320
 6.473727
 5.951947
 6.505417
 6.691940
 5.842908
 5.949164
 5.997661
 6.854265
 7.041482
 7.662610
 6.908016
 7.298905
 7.032521
 7.002699
 6.734505
 6.385417
 6.197534
 6.456013
 6.837613
 6.950646
 7.427617
 5.066796
 5.478499
 5.942044
 5.239605
 5.560669
 5.719118
 5.583335
 5.854933
 4.749341
 5.063322
 4.907997
 4.929864
 5.261764
 4.979605
 5.294075
 5.202719
 8.588512
 7.379021
 7.052428
 7.411964
 7.426471
 8.205194
 7.437246
 7.813198
 7.317211
 7.635374
18.586231
18.404067
18.300418
19.593015
21.051580
19.389121
20.065061
16.066137
15.726896
18.997208
17.852970
17.359953
16.412590
17.805569
15.088758
15.833377
17.012033
17.353875
16.318237
17.268483
13.828348
13.466246
14.039471
15.598832
14.692542
15.904773
17.086876
13.516151
13.239733
13.718999
15.441150
16.469654
15.933554
16.013792
15.162833
15.679044
15.431295
16.202700
14.838253
15.096128
14.865506
14.630101
16.194856
14.817135
15.346002
15.234643
15.507866
15.274668
14.889665
15.472942
15.133064
11.802622
12.402303
10.165587
10.302749
10.212453
10.603856
12.499718
12.223372
12.114304
11.569339
11.277345
11.313791
10.319403
10.753661
 9.056110
11.066951
10.527324
10.911538
10.501499
10.806727
11.041512
10.205759
10.719784
10.988189
11.479601
10.288663
11.057863
10.791885
10.183410
11.038696
10.831966
11.209627
10.623616
 9.895668
12.457132
12.992944
11.444247
13.031187
12.708054
11.990655
12.665142
12.204252
12.051611
11.618643
12.094167
12.407304
11.261254
12.105415
11.715693
 9.528374
10.207641
 9.826090
 9.740816
 9.559757
 9.463494
10.284449
10.695391
12.036264
11.426880
11.548122
12.169328
10.549458
10.940387
10.700948
10.768980
 8.885150
 8.825754
 9.267620
 9.007495
 8.996436
 8.992129
 8.556295
 8.857378
 9.447154
 9.431179
 9.655605
 9.263102
 8.614368
 9.695979
 9.670230
11.557690
11.631983
12.333421
11.402354
10.283345
 9.914785
10.008614
11.886698
12.161801
11.778643
12.909468
12.118831
12.555706
10.935723
11.523845
12.053514
11.538761
12.002976
11.987861
11.445786
10.898901
10.113640
10.569106
11.444182
11.361438
11.749059
10.863768
12.671706
12.281062
12.255041
11.901586
11.803119
11.398939
 8.919944
 9.314136
 8.897827
 8.269494
 7.824634
 8.921825
 9.104966
 9.253508
 8.875607
 7.934765
 9.407266
 8.396369
 8.416405
 8.504309
 8.162521
 8.223448
 8.686292
 9.476559
 8.435592
 8.903951
 9.083625
 8.297550
 8.715720
 9.405822
 9.132243
 8.674878
 9.329291
 9.349006
 8.802493
 9.508681
 9.321759
 9.772993
 9.098183
 9.804263
 8.703473
 8.667621
 8.683568
 8.444281
 8.888257
 9.892964
 8.837884
 8.047270
 6.725830
 6.143027
 6.383295
 6.676921
 6.515366
 6.671589
 6.834884
 5.533469
 8.613440
 8.623284
 8.890954
 8.692106
 8.512076
 8.604872
 8.113188
 8.181501
 8.325665
 8.272371
 8.321551
 7.464972
 7.148472
 6.864923
 7.018713
 6.692099
 6.738649
 6.368445
 8.211168
 8.431374
 8.198924
 8.616093
 8.402150
 8.845488
 8.666553
 8.334915
 8.741674
 8.452481
 8.462025
 7.777903
 8.504390
 7.977085
 7.939121
 7.556464
 8.436381
 8.307005
 8.729943
 8.725877
 8.948421
 8.784874
 8.085158
 8.920366
 5.684684
 4.906761
 5.437463
 5.656046
 5.922874
 5.746462
12.624894
12.224344
12.159958
11.836551
15.345703
14.768060
14.526515
15.175170
15.167837
15.473249
13.872209
15.383615
15.292153
15.398244
11.997955
12.494547
11.810682
12.127265
12.231458
11.505852
11.724058
11.093536
12.211179
13.890826
13.100146
12.825420
12.436306
12.478591
13.654505
12.818543
13.275761
11.870962
12.702370
12.990978
12.755264
12.555894
16.232398
16.854714
16.615730
18.709578
16.865984
16.862127
16.618073
16.874302
17.628045
14.318948
11.540326
11.728147
11.709364
11.967825
12.488138
13.524583
12.516408
12.460378
12.151393
12.036443
12.241223
12.913086
13.755616
13.964086
13.932654
12.691543
12.677423
13.780343
12.814793
13.541145
11.017310
11.716684
11.041338
10.799952
12.189027
12.051426
13.403943
11.085087
11.290434
10.627995
10.877580
10.964504
10.748694
11.305558
11.779574
12.505465
12.446496
11.809253
11.541877
11.787644
11.341424
12.163004
11.373638
11.736744
12.664407
12.714783
12.061054
11.571455
10.881777
10.773510
11.032337
10.754705
10.468183
10.857881
11.131376
10.623405
10.393112
11.658484
10.547284
11.405598
11.787474
10.732100
10.288293
11.186052
11.376038
11.055326
10.898340
10.957317
11.616147
10.558806
10.788047
11.022770
11.648687
11.182797
11.729573
11.968139
11.499025
15.083575
15.462916
15.340774
15.428082
15.317849
15.368739
14.677813
15.703493
15.740234
16.676752
17.248178
17.438146
17.100522
18.555531
18.803992
18.291191
12.765838
12.292868
14.957526
14.724834
14.137670
12.852031
12.794795
12.991344
13.880141
12.541976
12.365517
11.854885
12.026594
13.474157
12.515435
12.559995
12.154152
12.566102
11.747304
12.343852
11.142474
11.774588
12.286157
12.756853
13.543671
13.204490
13.310912
14.460999
14.519365
14.197430
15.302114
15.345963
14.350051
13.952729
13.735085
12.755584
13.372513
13.694021
14.069608
10.605756
11.239211
11.835084
11.723502
11.359194
11.913711
11.402468
12.207501
11.279558
13.716083
15.081760
13.913692
13.869159
13.737173
14.021751
13.670368
12.579783
11.772218
11.319196
10.815223
11.378056
10.364471
10.847789
10.888791
11.270396
 7.739379
 8.095525
 8.181284
 7.924260
 9.738295
10.143304
 9.491906
 9.713688
 9.343824
10.547265
 9.933616
 9.588148
10.103777
 9.884280
11.241460
10.373071
11.492453
11.048313
10.807586
 9.114903
 8.747493
 8.583569
 7.998878
 7.681513
 7.717665
 7.275781
 7.590965
 9.135776
 8.749807
 8.568871
 8.477802
 8.846690
 8.544832
 9.339743
 8.726502
 8.968202
 8.509125
 9.213548
 9.009017
 8.442182
10.173159
 9.389389
 8.937325
 9.056671
 8.372602
 8.346549
 8.118464
 7.880773
 8.005226
 7.669222
 8.003565
 7.506511
 7.863272
 7.817744
 7.711574
 8.403277
 8.084442
 8.184383
 8.241151
 7.600272
 8.333760
 8.074937
 9.073884
 9.255663
 8.548921
 8.914588
 9.002056
 8.649412
 7.780229
 7.493911
 7.872182
 8.153989
 8.012636
 8.589604
14.081141
14.363757
12.857740
13.761424
13.665964
13.924797
14.306260
12.435682
13.018778
15.140526
14.805931
14.404801
13.875800
13.357734
12.521969
12.951499
13.054852
12.834670
16.707650
15.370601
15.341578
15.434696
15.208998
16.890164
16.657473
16.045149
17.338564
11.888261
12.673567
12.516587
12.864881
11.520709
11.555211
12.676899
11.969507
19.354130
20.711661
19.867777
19.884437
20.091995
19.716304
19.443922
19.673079
20.095180
20.775985
19.049519
18.411623
18.960614
17.997028
19.016436
20.322516
19.630198
14.111812
16.534793
15.264105
15.902632
16.234276
21.509720
21.542006
20.037581
22.692622
21.807290
22.835402
23.093070
23.970756
23.350492
22.698192
22.208279
21.919066
24.353721
20.770602
21.045820
22.081700
22.020036
18.839693
21.535756
20.961687
20.196439
21.104603
18.952958
21.054137
19.634855
17.750345
19.839875
19.539156
20.735656
20.176749
21.045269
19.061651
19.267113
18.808128
19.651417
19.857889
19.335336
20.683994
18.602569
17.316817
18.249450
17.966201
16.173327
17.173320
15.775115
16.274544
16.451958
 8.256235
 9.733724
 8.740106
 9.309397
 9.228352
 9.418671
 9.573046
 9.326101
 8.291176
11.498168
10.436559
10.430666
10.587550
10.991027
11.096273
 9.560558
10.157470
10.663139
11.198190
10.504524
10.507012
10.973474
10.821729
10.499062
10.754509
10.776709
11.200619
10.903326
 9.095059
 9.379470
 9.190233
 8.456415
 8.343861
 8.825271
13.372375
12.894774
13.257266
12.419113
11.879284
11.579842
10.130951
10.751592
11.997760
12.973894
13.100192
12.813119
13.889493
12.795161
14.009614
14.006443
10.349937
10.596700
11.259078
11.561506
10.487574
11.130722
12.491204
13.204726
11.787862
11.242540
12.488198
12.383139
14.026198
13.775301
13.987747
15.383152
15.559105
16.234734
16.723554
17.998352
16.745881
16.720587
18.160594
16.418668
15.471760
14.786561
15.949050
15.725870
15.079299
15.675070
19.591144
18.039380
20.302754
19.751164
19.204072
19.183257
19.727535
16.118732
17.500844
16.421493
17.466246
16.062703
17.506893
17.471456
18.503581
18.045669
17.117660
17.128212
17.432345
18.339172
17.889545
17.853397
17.839005
18.374664
16.704307
17.491905
18.063402
16.544535
14.983327
16.265626
11.868091
13.164070
11.745781
11.825305
12.578069
11.861164
15.315004
15.488376
16.791541
14.540704
14.991982
16.272619
16.648077
17.235645
16.661344
11.212186
11.838045
11.164409
11.138312
10.762170
12.946321
 9.967787
10.855095
10.614000
 9.889422
10.349867
10.151631
11.071416
 9.067717
 9.408121
 9.039102
 9.567429
10.013666
 9.539598
 9.845433
10.551073
10.998173
10.987086
10.904030
14.715616
14.506158
13.622798
14.669142
15.437687
13.672851
14.413864
14.908678
16.414670
14.571757
15.216780
14.876668
15.431152
14.384865
17.318413
17.873676
17.150406
16.738027
16.821892
17.330424
19.960243
20.230889
19.321604
20.693034
19.435037
17.931776
21.206938
20.700724
22.064778
19.851898
18.992164
14.751381
14.512569
13.175460
14.562239
13.537540
13.726962
12.385804
12.869856
11.053707
11.627698
12.528530
11.719188
12.088779
12.202477
13.458260
12.373601
10.934152
11.543238
11.141739
10.428871
11.520119
18.570735
19.629038
19.617234
19.036802
19.367835
19.209641
14.074079
15.196428
15.257823
16.009595
14.069211
15.088251
14.418778
15.452135
15.192160
12.312517
13.074437
12.449415
14.001003
13.204722
13.656430
13.370445
14.557616
13.625967
14.422144
15.444204
15.566180
17.277621
16.951184
14.436708
15.358411
15.247850
15.853366
15.599408
14.573238
15.695174
15.761904
16.012115
14.454734
14.518745
14.348553
14.712988
14.125603
14.452060
14.991417
13.116327
14.438421
14.657918
14.412802
14.556919
13.562244
14.060278
15.189021
13.805252
14.430045
15.880895
14.217965
12.604539
12.116513
12.092790
12.650823
12.501510
11.854490
12.298229
10.255739
10.459397
10.575239
11.487063
11.865754
11.861328
11.689188
10.164140
 9.856151
 9.874636
11.773446
10.800921
10.472533
10.486230
11.108631
10.917665
11.295497
11.991666
11.924360
12.581481
11.875006
12.499032
12.133237
16.136349
15.477943
15.902808
16.271526
15.201687
15.059818
15.147714
15.343615
15.739233
15.674963
16.338612
13.911820
14.215712
13.913374
13.369691
14.119894
15.388578
15.291874
14.568505
14.010859
12.963388
13.833739
13.121550
14.159440
13.398213
13.667916
13.695881
13.910695
14.701853
14.739932
14.328456
12.722536
13.479190
13.277582
13.469979
14.279388
13.154452
13.902913
14.323042
13.935950
13.117575
13.693681
13.577703
13.569982
15.347859
14.242535
15.906665
13.071126
13.836022
12.676736
12.119639
12.655219
12.997780
12.434602
13.404295
18.622388
18.447757
18.612596
18.786700
18.760078
 8.761932
 8.944845
 9.317223
 9.192684
10.818201
10.927431
10.574443
10.035775
10.056525
 9.394463
10.652255
10.643482
 9.990843
10.432039
 9.831532
 9.603866
 9.161605
 9.335546
10.743417
 9.479070
 9.862706
 8.847065
 9.571938
 9.845990
10.876672
 9.459612
 9.691875
 9.850576
 9.082514
 9.041163
 9.233989
 9.868146
 9.414339
 9.028688
 9.126287
18.698336
19.812312
18.481353
19.923876
19.342209
17.477079
19.282207
19.938459
18.272002
20.578031
18.582742
19.097090
20.110195
14.004239
13.997201
14.500716
15.085493
15.284873
15.183005
15.823002
13.938960
13.985043
13.954339
14.719841
13.451028
14.824888
14.232683
14.934903
14.760290
14.872390
14.882364
15.173102
14.934480
14.277743
14.127928
14.737115
14.417918
14.197816
12.361670
12.495464
12.477881
12.827255
12.297880
12.295094
12.974923
11.540696
12.546982
13.915070
12.855911
11.171858
11.797236
20.235616
18.808183
20.868007
19.758273
19.306410
18.678396
18.647898
20.101888
19.604077
20.297832
19.961591
19.510050
18.179861
19.436273
19.631417
19.234466
18.688746
20.808946
19.120562
19.449339
18.891191
19.208045
19.679794
18.570060
18.195148
17.976342
19.705955
19.227601
21.706850
22.164959
22.805323
23.378195
24.922244
24.558220
24.189441
 7.974477
 8.137580
 7.575885
 8.366989
 7.313155
 7.228501
 6.613582
 8.891695
 9.629424
 8.326084
 8.893493
 8.637843
 8.635344
 8.106136
 9.073811
 8.882555
 9.197188
 8.653798
 9.366743
 7.159910
 7.558579
 8.617608
 7.761749
 7.906987
 8.305176
 8.591727
 8.448078
10.384373
 9.886581
 9.984499
 9.832824
10.191883
 9.817394
 9.831812
10.100902
 9.719243
 9.603309
10.108154
10.171754
10.215903
10.384050
10.396691
10.191594
10.010929
10.438232
10.113503
13.929491
15.003626
13.664051
17.017806
17.461656
18.987221
17.438664
18.402436
16.597467
17.154023
16.626750
17.563233
17.785253
17.270375
17.224122
18.535677
17.171385
17.953688
14.595503
14.664335
16.285639
16.410840
15.548950
15.637749
16.182033
15.750447
16.859143
15.998865
15.843350
15.838443
16.424753
17.351398
17.661279
17.963573
18.118082
10.379324
10.657527
11.147883
11.416712
11.724708
10.791386
11.047211
12.625708
11.820553
12.125439
11.631568
12.072321
15.620751
17.516293
16.965505
17.099666
18.029740
16.954522
16.965296
18.909347
18.938266
18.915738
18.984868
17.796183
18.661891
18.322121
16.856141
17.167519
17.372256
17.124944
16.491802
16.407870
16.505592
17.533737
17.731052
17.047788
17.770710
16.163725
16.721954
16.323127
16.972588
15.692736
15.006435
13.883442
15.044556
15.348056
14.935103
14.815119
13.017916
13.470990
14.475501
12.550358
14.424052
15.274913
14.582653
14.873435
14.550735
15.293608
14.719495
14.811908
15.118330
15.010984
14.309431
15.303419
15.491759
16.008467
12.930466
12.775245
12.699169
12.574281
12.721812
12.651698
16.219148
17.278387
18.084485
16.942979
16.781092
 8.095253
 9.026993
 8.550913
 8.125718
 9.045310
 8.037597
 8.657406
 8.849914
 8.328286
 9.312659
 9.898573
 9.372014
 9.467425
 8.613874
 9.722939
 9.740968
 9.221431
 9.998906
 9.411114
 8.990045
 9.439693
 9.719203
 7.897433
 8.192226
 8.005852
 7.668880
 7.682268
 7.443252
 8.185349
 8.159485
 8.355490
 9.434138
 9.349004
 9.802796
 9.811307
 8.883315
 8.635980
 9.046663
 8.477762
 8.873714
 7.063088
 6.712053
 6.619810
 6.851695
 7.149016
 6.690190
 7.186314
12.479066
11.541715
11.202302
11.265239
12.263289
11.683765
11.992413
11.116737
12.008973
11.905169
11.265031
11.172409
11.384422
11.868571
11.489497
11.405022
21.653660
22.615232
21.825443
21.772979
22.750221
22.152990
21.519901
21.219346
21.844664
20.437581
18.617412
18.163860
19.909043
19.045105
19.657856
19.078233
20.637092
21.053031
21.814348
22.513658
20.164394
21.641170
21.371105
21.702023
20.897183
20.610601
22.201883
22.437780
23.469307
22.438663
23.431834
17.819153
17.726525
16.770010
17.181431
16.633833
19.073810
20.877424
19.137136
17.875041
18.800158
21.417417
21.193733
21.302491
21.228424
22.644615
22.450888
23.513316
23.885548
24.191131
22.594241
20.361126
22.403398
22.229861
21.764760
21.666289
21.445782
16.734464
18.843636
22.645211
22.863025
22.300534
23.459234
22.950209
22.615792
22.397266
24.522355
22.965991
23.368772
21.468168
19.832054
20.843616
20.513915
21.767972
10.333023
10.340806
 9.935237
10.385197
10.583492
10.833129
13.212627
14.116538
13.303874
12.906296
13.510775
12.899375
12.409395
12.622181
11.577875
11.979896
12.379136
11.890531
12.365534
12.455668
12.448291
12.143681
12.647601
11.923754
13.748524
11.866085
12.422505
 9.563675
10.166139
10.456181
10.241728
10.518585
10.099346
10.062641
 9.559906
 9.803279
 9.176626
10.059004
 9.331380
 8.590028
 8.427928
 8.259727
 9.537335
 9.431414
 9.343627
 9.812778
11.288508
11.055002
10.297872
10.533783
10.796724
10.128467
 9.624713
10.003379
 9.373949
 9.170578
 9.103948
10.012138
10.437543
10.287025
10.900046
10.175423
10.493582
 7.681309
 8.113868
 8.398320
 8.429972
 8.912278
 9.280099
 9.644040
 9.830116
 9.391941
10.115840
10.260223
 8.944716
 9.007106
 9.302619
 9.076946
 8.981342
 8.842498
13.947459
13.405143
14.016558
13.555384
12.553205
12.927977
12.353124
11.521817
11.954243
11.565712
13.892918
14.296036
13.920645
15.203984
14.362007
15.479085
14.987925
14.427500
12.003766
12.751161
12.381189
12.068033
11.070536
11.540291
11.634567
11.108216
11.745037
11.298964
13.265365
13.387790
13.977120
15.061704
15.026764
14.828073
11.624238
12.332091
11.770481
11.238209
11.541184
12.197927
14.062334
13.726296
13.350763
14.638241
12.933577
13.792014
13.631702
13.396168
12.996273
12.745934
14.620508
12.844698
13.624748
12.972245
13.964725
12.129028
13.264573
12.613285
12.939371
11.973527
12.020598
14.766697
15.020828
14.729635
16.297874
15.883335
16.111606
15.441116
16.436497
15.854412
15.669536
15.224084
15.653927
15.659097
15.594594
16.501015
14.967680
15.381221
15.284653
15.432730
14.271187
15.234814
14.442804
14.477496
 8.113447
 8.453262
 8.719842
 7.904800
 8.071582
 8.318012
 8.432328
 8.637177
 8.403580
 8.426717
 7.338726
 8.287304
 8.032795
 8.358552
 7.851809
 8.773596
 7.431867
 8.791196
 7.216205
 7.738263
 7.691014
 7.205597
 8.007642
 8.098828
 7.752161
 8.268936
 7.929187
 8.059054
 7.027779
 7.837901
 7.504533
 7.579958
 6.649365
 6.683954
 6.306566
 8.334836
 7.176292
 8.020273
 7.593477
 7.281647
 8.377504
 7.207349
 7.977166
 7.720004
 7.814070
 7.601848
 6.937025
 7.195700
 6.803535
 6.765973
 6.984870
 7.073019
 6.787267
 7.143344
 7.256405
 6.896734
 6.967964
 7.462845
 8.468978
 8.049582
 7.730371
 8.294746
 8.715605
10.004264
 9.737827
 9.897056
 9.601883
 8.949893
 9.073193
 8.991728
 7.650164
 7.859740
 7.869790
 7.394532
 7.512709
 9.299807
10.185868
 9.336508
 9.920382
 7.211779
 7.533206
 7.430103
 7.056942
 7.163394
 8.343495
 8.956322
 8.989430
 8.329025
 8.616731
 8.121393
 8.649356
 8.989885
 8.931648
 8.520238
 8.859723
 8.346162
 8.930395
 9.028895
 8.815859
 9.734039
10.136458
10.251764
10.108737
 9.450401
 8.250225
 8.806956
 8.823026
 9.189639
 9.211646
 9.456154
10.076769
10.290134
10.590458
 9.885344
10.647249
10.828619
 9.966092
10.671909
10.439299
10.170648
 9.783752
10.547548
 8.901590
10.358763
 9.977553
 9.393315
10.046838
 9.883570
 9.048199
 9.525256
 9.855786
 9.489819
 8.913376
 8.542996
 8.588231
 9.501383
10.859062
10.573942
 9.537122
 9.993337
10.174322
10.555765
13.583468
12.482121
13.395617
13.914370
13.532677
21.276924
20.861499
21.517490
17.914550
17.747135
17.306581
18.817015
17.895833
19.010511
20.070538
18.506843
18.722640
23.037684
24.206230
23.539374
24.209729
23.075150
16.686846
18.691167
18.565467
18.402375
21.230907
19.055782
20.350047
18.197980
19.347308
18.801243
19.839447
18.659067
17.832440
17.905869
19.253141
18.000041
18.482025
19.731615
21.176459
20.348392
19.746878
19.369548
20.717235
19.776315
20.483550
18.889559
19.727234
19.873002
15.939413
16.421804
14.620152
17.297332
15.984313
17.039850
15.862562
16.236674
17.312966
16.172613
15.972787
15.708927
15.277047
15.339596
15.877503
16.492214
15.311090
15.783458
20.935394
20.600161
20.647854
19.233904
19.709573
19.404200
20.250893
19.383925
19.937864
20.900448
19.680116
18.513738
19.553809
19.912582
18.593136
17.330921
18.467053
19.955384
19.388615
22.127884
22.266713
22.199867
23.383806
22.436734
24.053932
22.102318
22.811473
16.618111
19.834662
18.699684
17.549054
18.126257
16.749548
17.488359
18.688820
17.695255
17.002907
16.141012
16.831551
16.066805
16.242803
12.941013
12.721964
13.665394
13.688755
 9.565035
 9.190593
 8.605007
 9.014345
 9.211404
 9.382222
 9.343183
10.658318
10.581329
 9.461170
 8.645873
 9.591170
 9.729411
10.384866
10.959403
11.230972
10.505700
11.429514
10.740018
 7.995567
 8.636018
 8.765945
 7.895266
 8.259173
10.171256
 9.541208
10.523225
10.148484
 8.557176
 8.573593
10.180974
10.321425
10.206340
 9.734758
10.468945
11.160506
11.040287
11.841385
12.243827
11.887550
12.008307
11.860155
12.476231
12.025220
11.718392
12.335362
19.108126
19.797254
18.830574
21.181700
19.759982
19.450935
20.672062
19.236311
16.599244
15.656508
15.609817
16.798850
17.150682
17.589484
17.678815
19.218751
14.514139
15.216205
14.265596
14.216746
13.579977
14.428183
19.179778
19.721063
19.116519
18.300954
17.395971
18.466382
13.136333
14.082674
13.557112
12.732144
13.409774
12.738638
15.326830
14.594120
14.513837
13.795185
13.627215
14.547546
15.774022
15.156131
15.729397
15.843390
16.834757
14.476816
14.428311
13.721471
14.705226
12.683660
12.214119
13.736342
12.975905
12.281936
14.771925
15.679770
13.819071
14.926736
13.986013
12.758659
11.935917
14.550913
12.608672
11.666831
11.985972
13.206075
13.132084
13.614039
14.032504
13.446800
13.418771
12.326713
13.098142
12.726092
12.482313
12.109970
13.462896
 6.539857
 6.902758
 6.910748
 6.662199
 6.279640
 6.803299
 7.532051
 7.643794
 6.582354
 7.254326
 7.680511
 8.028209
 8.028463
 7.834576
 9.860729
 8.824517
 8.736410
 9.282261
10.122109
 9.498975
10.080068
 9.700915
 9.157325
 9.717424
 9.500696
 9.911273
 9.367410
10.631351
10.456323
10.520844
 9.828385
 8.965713
 9.733209
 9.882858
 9.628065
 8.671341
 8.543652
 9.083505
 8.508697
 9.987533
 9.036018
 9.613115
 9.668038
 9.713327
 9.034294
 9.575761
 8.945399
 9.143635
 9.182950
 9.494562
 9.386136
 9.370378
10.787702
11.136696
 9.781192
 8.517829
 9.121188
 9.091281
10.192769
10.132689
10.103884
 9.866518
 7.539669
 8.091412
 8.530690
 8.416637
 7.835340
 7.026324
 8.023094
 7.411922
 9.088014
 8.672645
 9.965948
 8.785461
 9.529963
 8.020668
 7.422984
 8.743942
 8.608138
10.540701
10.349177
10.260540
10.418859
10.567827
10.940827
 9.841593
12.532308
13.032751
11.957748
10.186977
10.177394
10.370220
 9.831471
11.906252
11.101002
10.968570
11.186237
11.504948
10.806937
10.797084
11.354511
12.827749
12.391778
11.907648
11.673835
12.065667
12.333350
12.719634
12.629583
12.791326
12.726588
10.417925
11.055150
10.851347
11.272062
11.100377
11.992852
12.274406
11.448441
11.274131
11.952286
12.766150
13.475326
13.579037
13.865227
13.297697
12.821758
14.312584
13.549139
13.527833
14.444850
14.348703
14.840669
13.827243
14.069608
14.423377
20.368141
19.238342
19.744139
19.902611
19.673737
18.679725
19.209387
18.779151
17.805809
17.703067
17.899946
17.217672
17.757743
18.194776
17.269774
17.312261
18.842483
17.942028
19.074004
17.456643
16.926328
20.225562
22.886384
21.077571
23.358003
19.204039
20.799745
20.672547
21.964814
21.370594
20.483465
19.635077
20.886584
18.275475
19.859879
19.116298
19.686151
17.052951
16.993678
17.531673
17.333511
17.025191
17.612442
18.999784
18.175251
18.469734
19.934801
18.244769
16.994992
14.781047
13.835149
14.966613
14.322879
14.612611
14.618148
14.931611
15.048515
14.501402
14.785352
12.540430
13.191494
14.754592
13.187513
13.650320
13.697481
13.581382
12.977067
12.915247
16.941035
15.887067
17.339307
18.175479
17.485483
17.240200
17.175021
18.412873
18.996131
19.135700
18.190051
19.369846
14.641171
16.104459
16.843908
15.773461
16.797777
16.809917
15.449995
15.430840
12.159999
12.353300
12.439123
12.795550
12.585999
12.301837
13.088897
13.089085
15.043574
13.654580
14.018811
13.038377
11.309091
12.170751
