0.5260495
0.5010866
0.4941800
0.5039334
0.5228399
0.5226707
0.5278112
0.4917034
0.4981356
0.5062708
0.5109433
0.4770650
0.4892999
0.4929990
0.5104919
0.5045659
0.5048458
0.4670477
0.4841019
0.4935003
0.5109262
0.5038857
0.4992016
0.5243137
0.5164235
0.5239521
0.4849753
0.5096540
0.4989254
0.4935469
0.4758665
0.4754623
0.5187824
0.4908002
0.4973463
0.5169246
0.4856317
0.5244775
0.4770120
0.4969044
0.5260495
0.5010866
0.4941800
0.5039334
0.5228399
0.5226707
0.5278112
0.4917034
0.4981356
0.5062708
0.5109433
0.4770650
0.4892999
0.4929990
0.5104919
0.5045659
0.5048458
0.4670477
0.4841019
0.4935003
0.5109262
0.5038857
0.4992016
0.5243137
0.5164235
0.5239521
0.4849753
0.5096540
0.4989254
0.4935469
0.4758665
0.4754623
0.5187824
0.4908002
0.4973463
0.5169246
0.4856317
0.5244775
0.4770120
0.4969044
0.5260495
0.5010866
0.4941800
0.5039334
0.5228399
0.5226707
0.5278112
0.4917034
0.4981356
0.5062708
0.5109433
0.4770650
0.4892999
0.4929990
0.5104919
0.5045659
0.5048458
0.4670477
0.4841019
0.4935003
0.5109262
0.5038857
0.4992016
0.5243137
0.5164235
0.5239521
0.4849753
0.5096540
0.4989254
0.4935469
0.4758665
0.4754623
0.5187824
0.4908002
0.4973463
0.5169246
0.4856317
0.5244775
0.4770120
0.4969044
0.5260495
0.5010866
0.4941800
0.5039334
0.5228399
0.5226707
0.5278112
0.4917034
0.4981356
0.5062708
0.5109433
0.4770650
0.4892999
0.4929990
0.5104919
0.5045659
0.5048458
0.4670477
0.4841019
0.4935003
0.5109262
0.5038857
0.4992016
0.5243137
0.5164235
0.5239521
0.4849753
0.5096540
0.4989254
0.4935469
0.4758665
0.4754623
0.5187824
0.4908002
0.4973463
0.5169246
0.4856317
0.5244775
0.4770120
0.4969044
0.5260495
0.5010866
0.4941800
0.5039334
0.5228399
0.5226707
0.5278112
0.4917034
0.4981356
0.5062708
0.5109433
0.4770650
0.4892999
0.4929990
0.5104919
0.5045659
0.5048458
0.4670477
0.4841019
0.4935003
0.5109262
0.5038857
0.4992016
0.5243137
0.5164235
0.5239521
0.4849753
0.5096540
0.4989254
0.4935469
0.4758665
0.4754623
0.5187824
0.4908002
0.4973463
0.5169246
0.4856317
0.5244775
0.4770120
0.4969044
0.5260495
0.5010866
0.4941800
0.5039334
0.5228399
0.5226707
0.5278112
0.4917034
0.4981356
0.5062708
0.5109433
0.4770650
0.4892999
0.4929990
0.5104919
0.5045659
0.5048458
0.4670477
0.4841019
0.4935003
0.5109262
0.5038857
0.4992016
0.5243137
0.5164235
0.5239521
0.4849753
0.5096540
0.4989254
0.4935469
0.4758665
0.4754623
0.5187824
0.4908002
0.4973463
0.5169246
0.4856317
0.5244775
0.4770120
0.4969044
0.5260495
0.5010866
0.4941800
0.5039334
0.5228399
0.5226707
0.5278112
0.4917034
0.4981356
0.5062708
0.5109433
0.4770650
0.4892999
0.4929990
0.5104919
0.5045659
0.5048458
0.4670477
0.4841019
0.4935003
0.5109262
0.5038857
0.4992016
0.5243137
0.5164235
0.5239521
0.4849753
0.5096540
0.4989254
0.4935469
0.4758665
0.4754623
0.5187824
0.4908002
0.4973463
0.5169246
0.4856317
0.5244775
0.4770120
0.4969044
0.5260495
0.5010866
0.4941800
0.5039334
0.5228399
0.5226707
0.5278112
0.4917034
0.4981356
0.5062708
0.5109433
0.4770650
0.4892999
0.4929990
0.5104919
0.5045659
0.5048458
0.4670477
0.4841019
0.4935003
0.5109262
0.5038857
0.4992016
0.5243137
0.5164235
0.5239521
0.4849753
0.5096540
0.4989254
0.4935469
0.4758665
0.4754623
0.5187824
0.4908002
0.4973463
0.5169246
0.4856317
0.5244775
0.4770120
0.4969044
0.5260495
0.5010866
0.4941800
0.5039334
0.5228399
0.5226707
0.5278112
0.4917034
0.4981356
0.5062708
0.5109433
0.4770650
0.4892999
0.4929990
0.5104919
0.5045659
0.5048458
0.4670477
0.4841019
0.4935003
0.5109262
0.5038857
0.4992016
0.5243137
0.5164235
0.5239521
0.4849753
0.5096540
0.4989254
0.4935469
0.4758665
0.4754623
0.5187824
0.4908002
0.4973463
0.5169246
0.4856317
0.5244775
0.4770120
0.4969044
0.5260495
0.5010866
0.4941800
0.5039334
0.5228399
0.5226707
0.5278112
0.4917034
0.4981356
0.5062708
0.5109433
0.4770650
0.4892999
0.4929990
0.5104919
0.5045659
0.5048458
0.4670477
0.4841019
0.4935003
0.5109262
0.5038857
0.4992016
0.5243137
0.5164235
0.5239521
0.4849753
0.5096540
0.4989254
0.4935469
0.4758665
0.4754623
0.5187824
0.4908002
0.4973463
0.5169246
0.4856317
0.5244775
0.4770120
0.4969044
0.5260495
0.5010866
0.4941800
0.5039334
0.5228399
0.5226707
0.5278112
0.4917034
0.4981356
0.5062708
0.5109433
0.4770650
0.4892999
0.4929990
0.5104919
0.5045659
0.5048458
0.4670477
0.4841019
0.4935003
0.5109262
0.5038857
0.4992016
0.5243137
0.5164235
0.5239521
0.4849753
0.5096540
0.4989254
0.4935469
0.4758665
0.4754623
0.5187824
0.4908002
0.4973463
0.5169246
0.4856317
0.5244775
0.4770120
0.4969044
0.5260495
0.5010866
0.4941800
0.5039334
0.5228399
0.5226707
0.5278112
0.4917034
0.4981356
0.5062708
0.5109433
0.4770650
0.4892999
0.4929990
0.5104919
0.5045659
0.5048458
0.4670477
0.4841019
0.4935003
0.5109262
0.5038857
0.4992016
0.5243137
0.5164235
0.5239521
0.4849753
0.5096540
0.4989254
0.4935469
0.4758665
0.4754623
0.5187824
0.4908002
0.4973463
0.5169246
0.4856317
0.5244775
0.4770120
0.4969044
0.5260495
0.5010866
0.4941800
0.5039334
0.5228399
0.5226707
0.5278112
0.4917034
0.4981356
0.5062708
0.5109433
0.4770650
0.4892999
0.4929990
0.5104919
0.5045659
0.5048458
0.4670477
0.4841019
0.4935003
0.5109262
0.5038857
0.4992016
0.5243137
0.5164235
0.5239521
0.4849753
0.5096540
0.4989254
0.4935469
0.4758665
0.4754623
0.5187824
0.4908002
0.4973463
0.5169246
0.4856317
0.5244775
0.4770120
0.4969044
0.5260495
0.5010866
0.4941800
0.5039334
0.5228399
0.5226707
0.5278112
0.4917034
0.4981356
0.5062708
0.5109433
0.4770650
0.4892999
0.4929990
0.5104919
0.5045659
0.5048458
0.4670477
0.4841019
0.4935003
0.5109262
0.5038857
0.4992016
0.5243137
0.5164235
0.5239521
0.4849753
0.5096540
0.4989254
0.4935469
0.4758665
0.4754623
0.5187824
0.4908002
0.4973463
0.5169246
0.4856317
0.5244775
0.4770120
0.4969044
0.5260495
0.5010866
0.4941800
0.5039334
0.5228399
0.5226707
0.5278112
0.4917034
0.4981356
0.5062708
0.5109433
0.4770650
0.4892999
0.4929990
0.5104919
0.5045659
0.5048458
0.4670477
0.4841019
0.4935003
0.5109262
0.5038857
0.4992016
0.5243137
0.5164235
0.5239521
0.4849753
0.5096540
0.4989254
0.4935469
0.4758665
0.4754623
0.5187824
0.4908002
0.4973463
0.5169246
0.4856317
0.5244775
0.4770120
0.4969044
0.5260495
0.5010866
0.4941800
0.5039334
0.5228399
0.5226707
0.5278112
0.4917034
0.4981356
0.5062708
0.5109433
0.4770650
0.4892999
0.4929990
0.5104919
0.5045659
0.5048458
0.4670477
0.4841019
0.4935003
0.5109262
0.5038857
0.4992016
0.5243137
0.5164235
0.5239521
0.4849753
0.5096540
0.4989254
0.4935469
0.4758665
0.4754623
0.5187824
0.4908002
0.4973463
0.5169246
0.4856317
0.5244775
0.4770120
0.4969044
0.5260495
0.5010866
0.4941800
0.5039334
0.5228399
0.5226707
0.5278112
0.4917034
0.4981356
0.5062708
0.5109433
0.4770650
0.4892999
0.4929990
0.5104919
0.5045659
0.5048458
0.4670477
0.4841019
0.4935003
0.5109262
0.5038857
0.4992016
0.5243137
0.5164235
0.5239521
0.4849753
0.5096540
0.4989254
0.4935469
0.4758665
0.4754623
0.5187824
0.4908002
0.4973463
0.5169246
0.4856317
0.5244775
0.4770120
0.4969044
0.5260495
0.5010866
0.4941800
0.5039334
0.5228399
0.5226707
0.5278112
0.4917034
0.4981356
0.5062708
0.5109433
0.4770650
0.4892999
0.4929990
0.5104919
0.5045659
0.5048458
0.4670477
0.4841019
0.4935003
0.5109262
0.5038857
0.4992016
0.5243137
0.5164235
0.5239521
0.4849753
0.5096540
0.4989254
0.4935469
0.4758665
0.4754623
0.5187824
0.4908002
0.4973463
0.5169246
0.4856317
0.5244775
0.4770120
0.4969044
0.5260495
0.5010866
0.4941800
0.5039334
0.5228399
0.5226707
0.5278112
0.4917034
0.4981356
0.5062708
0.5109433
0.4770650
0.4892999
0.4929990
0.5104919
0.5045659
0.5048458
0.4670477
0.4841019
0.4935003
0.5109262
0.5038857
0.4992016
0.5243137
0.5164235
0.5239521
0.4849753
0.5096540
0.4989254
0.4935469
0.4758665
0.4754623
0.5187824
0.4908002
0.4973463
0.5169246
0.4856317
0.5244775
0.4770120
0.4969044
0.5260495
0.5010866
0.4941800
0.5039334
0.5228399
0.5226707
0.5278112
0.4917034
0.4981356
0.5062708
0.5109433
0.4770650
0.4892999
0.4929990
0.5104919
0.5045659
0.5048458
0.4670477
0.4841019
0.4935003
0.5109262
0.5038857
0.4992016
0.5243137
0.5164235
0.5239521
0.4849753
0.5096540
0.4989254
0.4935469
0.4758665
0.4754623
0.5187824
0.4908002
0.4973463
0.5169246
0.4856317
0.5244775
0.4770120
0.4969044
0.5260495
0.5010866
0.4941800
0.5039334
0.5228399
0.5226707
0.5278112
0.4917034
0.4981356
0.5062708
0.5109433
0.4770650
0.4892999
0.4929990
0.5104919
0.5045659
0.5048458
0.4670477
0.4841019
0.4935003
0.5109262
0.5038857
0.4992016
0.5243137
0.5164235
0.5239521
0.4849753
0.5096540
0.4989254
0.4935469
0.4758665
0.4754623
0.5187824
0.4908002
0.4973463
0.5169246
0.4856317
0.5244775
0.4770120
0.4969044
0.5260495
0.5010866
0.4941800
0.5039334
0.5228399
0.5226707
0.5278112
0.4917034
0.4981356
0.5062708
0.5109433
0.4770650
0.4892999
0.4929990
0.5104919
0.5045659
0.5048458
0.4670477
0.4841019
0.4935003
0.5109262
0.5038857
0.4992016
0.5243137
0.5164235
0.5239521
0.4849753
0.5096540
0.4989254
0.4935469
0.4758665
0.4754623
0.5187824
0.4908002
0.4973463
0.5169246
0.4856317
0.5244775
0.4770120
0.4969044
0.5260495
0.5010866
0.4941800
0.5039334
0.5228399
0.5226707
0.5278112
0.4917034
0.4981356
0.5062708
0.5109433
0.4770650
0.4892999
0.4929990
0.5104919
0.5045659
0.5048458
0.4670477
0.4841019
0.4935003
0.5109262
0.5038857
0.4992016
0.5243137
0.5164235
0.5239521
0.4849753
0.5096540
0.4989254
0.4935469
0.4758665
0.4754623
0.5187824
0.4908002
0.4973463
0.5169246
0.4856317
0.5244775
0.4770120
0.4969044
0.5260495
0.5010866
0.4941800
0.5039334
0.5228399
0.5226707
0.5278112
0.4917034
0.4981356
0.5062708
0.5109433
0.4770650
0.4892999
0.4929990
0.5104919
0.5045659
0.5048458
0.4670477
0.4841019
0.4935003
0.5109262
0.5038857
0.4992016
0.5243137
0.5164235
0.5239521
0.4849753
0.5096540
0.4989254
0.4935469
0.4758665
0.4754623
0.5187824
0.4908002
0.4973463
0.5169246
0.4856317
0.5244775
0.4770120
0.4969044
0.5260495
0.5010866
0.4941800
0.5039334
0.5228399
0.5226707
0.5278112
0.4917034
0.4981356
0.5062708
0.5109433
0.4770650
0.4892999
0.4929990
0.5104919
0.5045659
0.5048458
0.4670477
0.4841019
0.4935003
0.5109262
0.5038857
0.4992016
0.5243137
0.5164235
0.5239521
0.4849753
0.5096540
0.4989254
0.4935469
0.4758665
0.4754623
0.5187824
0.4908002
0.4973463
0.5169246
0.4856317
0.5244775
0.4770120
0.4969044
0.5260495
0.5010866
0.4941800
0.5039334
0.5228399
0.5226707
0.5278112
0.4917034
0.4981356
0.5062708
0.5109433
0.4770650
0.4892999
0.4929990
0.5104919
0.5045659
0.5048458
0.4670477
0.4841019
0.4935003
0.5109262
0.5038857
0.4992016
0.5243137
0.5164235
0.5239521
0.4849753
0.5096540
0.4989254
0.4935469
0.4758665
0.4754623
0.5187824
0.4908002
0.4973463
0.5169246
0.4856317
0.5244775
0.4770120
0.4969044
0.5260495
0.5010866
0.4941800
0.5039334
0.5228399
0.5226707
0.5278112
0.4917034
0.4981356
0.5062708
0.5109433
0.4770650
0.4892999
0.4929990
0.5104919
0.5045659
0.5048458
0.4670477
0.4841019
0.4935003
0.5109262
0.5038857
0.4992016
0.5243137
0.5164235
0.5239521
0.4849753
0.5096540
0.4989254
0.4935469
0.4758665
0.4754623
0.5187824
0.4908002
0.4973463
0.5169246
0.4856317
0.5244775
0.4770120
0.4969044
0.5260495
0.5010866
0.4941800
0.5039334
0.5228399
0.5226707
0.5278112
0.4917034
0.4981356
0.5062708
0.5109433
0.4770650
0.4892999
0.4929990
0.5104919
0.5045659
0.5048458
0.4670477
0.4841019
0.4935003
0.5109262
0.5038857
0.4992016
0.5243137
0.5164235
0.5239521
0.4849753
0.5096540
0.4989254
0.4935469
0.4758665
0.4754623
0.5187824
0.4908002
0.4973463
0.5169246
0.4856317
0.5244775
0.4770120
0.4969044
0.5260495
0.5010866
0.4941800
0.5039334
0.5228399
0.5226707
0.5278112
0.4917034
0.4981356
0.5062708
0.5109433
0.4770650
0.4892999
0.4929990
0.5104919
0.5045659
0.5048458
0.4670477
0.4841019
0.4935003
0.5109262
0.5038857
0.4992016
0.5243137
0.5164235
0.5239521
0.4849753
0.5096540
0.4989254
0.4935469
0.4758665
0.4754623
0.5187824
0.4908002
0.4973463
0.5169246
0.4856317
0.5244775
0.4770120
0.4969044
0.5260495
0.5010866
0.4941800
0.5039334
0.5228399
0.5226707
0.5278112
0.4917034
0.4981356
0.5062708
0.5109433
0.4770650
0.4892999
0.4929990
0.5104919
0.5045659
0.5048458
0.4670477
0.4841019
0.4935003
0.5109262
0.5038857
0.4992016
0.5243137
0.5164235
0.5239521
0.4849753
0.5096540
0.4989254
0.4935469
0.4758665
0.4754623
0.5187824
0.4908002
0.4973463
0.5169246
0.4856317
0.5244775
0.4770120
0.4969044
0.5260495
0.5010866
0.4941800
0.5039334
0.5228399
0.5226707
0.5278112
0.4917034
0.4981356
0.5062708
0.5109433
0.4770650
0.4892999
0.4929990
0.5104919
0.5045659
0.5048458
0.4670477
0.4841019
0.4935003
0.5109262
0.5038857
0.4992016
0.5243137
0.5164235
0.5239521
0.4849753
0.5096540
0.4989254
0.4935469
0.4758665
0.4754623
0.5187824
0.4908002
0.4973463
0.5169246
0.4856317
0.5244775
0.4770120
0.4969044
0.5260495
0.5010866
0.4941800
0.5039334
0.5228399
0.5226707
0.5278112
0.4917034
0.4981356
0.5062708
0.5109433
0.4770650
0.4892999
0.4929990
0.5104919
0.5045659
0.5048458
0.4670477
0.4841019
0.4935003
0.5109262
0.5038857
0.4992016
0.5243137
0.5164235
0.5239521
0.4849753
0.5096540
0.4989254
0.4935469
0.4758665
0.4754623
0.5187824
0.4908002
0.4973463
0.5169246
0.4856317
0.5244775
0.4770120
0.4969044
0.5260495
0.5010866
0.4941800
0.5039334
0.5228399
0.5226707
0.5278112
0.4917034
0.4981356
0.5062708
0.5109433
0.4770650
0.4892999
0.4929990
0.5104919
0.5045659
0.5048458
0.4670477
0.4841019
0.4935003
0.5109262
0.5038857
0.4992016
0.5243137
0.5164235
0.5239521
0.4849753
0.5096540
0.4989254
0.4935469
0.4758665
0.4754623
0.5187824
0.4908002
0.4973463
0.5169246
0.4856317
0.5244775
0.4770120
0.4969044
0.5260495
0.5010866
0.4941800
0.5039334
0.5228399
0.5226707
0.5278112
0.4917034
0.4981356
0.5062708
0.5109433
0.4770650
0.4892999
0.4929990
0.5104919
0.5045659
0.5048458
0.4670477
0.4841019
0.4935003
0.5109262
0.5038857
0.4992016
0.5243137
0.5164235
0.5239521
0.4849753
0.5096540
0.4989254
0.4935469
0.4758665
0.4754623
0.5187824
0.4908002
0.4973463
0.5169246
0.4856317
0.5244775
0.4770120
0.4969044
0.5260495
0.5010866
0.4941800
0.5039334
0.5228399
0.5226707
0.5278112
0.4917034
0.4981356
0.5062708
0.5109433
0.4770650
0.4892999
0.4929990
0.5104919
0.5045659
0.5048458
0.4670477
0.4841019
0.4935003
0.5109262
0.5038857
0.4992016
0.5243137
0.5164235
0.5239521
0.4849753
0.5096540
0.4989254
0.4935469
0.4758665
0.4754623
0.5187824
0.4908002
0.4973463
0.5169246
0.4856317
0.5244775
0.4770120
0.4969044
0.5260495
0.5010866
0.4941800
0.5039334
0.5228399
0.5226707
0.5278112
0.4917034
0.4981356
0.5062708
0.5109433
0.4770650
0.4892999
0.4929990
0.5104919
0.5045659
0.5048458
0.4670477
0.4841019
0.4935003
0.5109262
0.5038857
0.4992016
0.5243137
0.5164235
0.5239521
0.4849753
0.5096540
0.4989254
0.4935469
0.4758665
0.4754623
0.5187824
0.4908002
0.4973463
0.5169246
0.4856317
0.5244775
0.4770120
0.4969044
0.5260495
0.5010866
0.4941800
0.5039334
0.5228399
0.5226707
0.5278112
0.4917034
0.4981356
0.5062708
0.5109433
0.4770650
0.4892999
0.4929990
0.5104919
0.5045659
0.5048458
0.4670477
0.4841019
0.4935003
0.5109262
0.5038857
0.4992016
0.5243137
0.5164235
0.5239521
0.4849753
0.5096540
0.4989254
0.4935469
0.4758665
0.4754623
0.5187824
0.4908002
0.4973463
0.5169246
0.4856317
0.5244775
0.4770120
0.4969044
0.5260495
0.5010866
0.4941800
0.5039334
0.5228399
0.5226707
0.5278112
0.4917034
0.4981356
0.5062708
0.5109433
0.4770650
0.4892999
0.4929990
0.5104919
0.5045659
0.5048458
0.4670477
0.4841019
0.4935003
0.5109262
0.5038857
0.4992016
0.5243137
0.5164235
0.5239521
0.4849753
0.5096540
0.4989254
0.4935469
0.4758665
0.4754623
0.5187824
0.4908002
0.4973463
0.5169246
0.4856317
0.5244775
0.4770120
0.4969044
0.5260495
0.5010866
0.4941800
0.5039334
0.5228399
0.5226707
0.5278112
0.4917034
0.4981356
0.5062708
0.5109433
0.4770650
0.4892999
0.4929990
0.5104919
0.5045659
0.5048458
0.4670477
0.4841019
0.4935003
0.5109262
0.5038857
0.4992016
0.5243137
0.5164235
0.5239521
0.4849753
0.5096540
0.4989254
0.4935469
0.4758665
0.4754623
0.5187824
0.4908002
0.4973463
0.5169246
0.4856317
0.5244775
0.4770120
0.4969044
0.5260495
0.5010866
0.4941800
0.5039334
0.5228399
0.5226707
0.5278112
0.4917034
0.4981356
0.5062708
0.5109433
0.4770650
0.4892999
0.4929990
0.5104919
0.5045659
0.5048458
0.4670477
0.4841019
0.4935003
0.5109262
0.5038857
0.4992016
0.5243137
0.5164235
0.5239521
0.4849753
0.5096540
0.4989254
0.4935469
0.4758665
0.4754623
0.5187824
0.4908002
0.4973463
0.5169246
0.4856317
0.5244775
0.4770120
0.4969044
0.5260495
0.5010866
0.4941800
0.5039334
0.5228399
0.5226707
0.5278112
0.4917034
0.4981356
0.5062708
0.5109433
0.4770650
0.4892999
0.4929990
0.5104919
0.5045659
0.5048458
0.4670477
0.4841019
0.4935003
0.5109262
0.5038857
0.4992016
0.5243137
0.5164235
0.5239521
0.4849753
0.5096540
0.4989254
0.4935469
0.4758665
0.4754623
0.5187824
0.4908002
0.4973463
0.5169246
0.4856317
0.5244775
0.4770120
0.4969044
0.5260495
0.5010866
0.4941800
0.5039334
0.5228399
0.5226707
0.5278112
0.4917034
0.4981356
0.5062708
0.5109433
0.4770650
0.4892999
0.4929990
0.5104919
0.5045659
0.5048458
0.4670477
0.4841019
0.4935003
0.5109262
0.5038857
0.4992016
0.5243137
0.5164235
0.5239521
0.4849753
0.5096540
0.4989254
0.4935469
0.4758665
0.4754623
0.5187824
0.4908002
0.4973463
0.5169246
0.4856317
0.5244775
0.4770120
0.4969044
0.5260495
0.5010866
0.4941800
0.5039334
0.5228399
0.5226707
0.5278112
0.4917034
0.4981356
0.5062708
0.5109433
0.4770650
0.4892999
0.4929990
0.5104919
0.5045659
0.5048458
0.4670477
0.4841019
0.4935003
0.5109262
0.5038857
0.4992016
0.5243137
0.5164235
0.5239521
0.4849753
0.5096540
0.4989254
0.4935469
0.4758665
0.4754623
0.5187824
0.4908002
0.4973463
0.5169246
0.4856317
0.5244775
0.4770120
0.4969044
0.5260495
0.5010866
0.4941800
0.5039334
0.5228399
0.5226707
0.5278112
0.4917034
0.4981356
0.5062708
0.5109433
0.4770650
0.4892999
0.4929990
0.5104919
0.5045659
0.5048458
0.4670477
0.4841019
0.4935003
0.5109262
0.5038857
0.4992016
0.5243137
0.5164235
0.5239521
0.4849753
0.5096540
0.4989254
0.4935469
0.4758665
0.4754623
0.5187824
0.4908002
0.4973463
0.5169246
0.4856317
0.5244775
0.4770120
0.4969044
0.5260495
0.5010866
0.4941800
0.5039334
0.5228399
0.5226707
0.5278112
0.4917034
0.4981356
0.5062708
0.5109433
0.4770650
0.4892999
0.4929990
0.5104919
0.5045659
0.5048458
0.4670477
0.4841019
0.4935003
0.5109262
0.5038857
0.4992016
0.5243137
0.5164235
0.5239521
0.4849753
0.5096540
0.4989254
0.4935469
0.4758665
0.4754623
0.5187824
0.4908002
0.4973463
0.5169246
0.4856317
0.5244775
0.4770120
0.4969044
0.5260495
0.5010866
0.4941800
0.5039334
0.5228399
0.5226707
0.5278112
0.4917034
0.4981356
0.5062708
0.5109433
0.4770650
0.4892999
0.4929990
0.5104919
0.5045659
0.5048458
0.4670477
0.4841019
0.4935003
0.5109262
0.5038857
0.4992016
0.5243137
0.5164235
0.5239521
0.4849753
0.5096540
0.4989254
0.4935469
0.4758665
0.4754623
0.5187824
0.4908002
0.4973463
0.5169246
0.4856317
0.5244775
0.4770120
0.4969044
0.5260495
0.5010866
0.4941800
0.5039334
0.5228399
0.5226707
0.5278112
0.4917034
0.4981356
0.5062708
0.5109433
0.4770650
0.4892999
0.4929990
0.5104919
0.5045659
0.5048458
0.4670477
0.4841019
0.4935003
0.5109262
0.5038857
0.4992016
0.5243137
0.5164235
0.5239521
0.4849753
0.5096540
0.4989254
0.4935469
0.4758665
0.4754623
0.5187824
0.4908002
0.4973463
0.5169246
0.4856317
0.5244775
0.4770120
0.4969044
0.5260495
0.5010866
0.4941800
0.5039334
0.5228399
0.5226707
0.5278112
0.4917034
0.4981356
0.5062708
0.5109433
0.4770650
0.4892999
0.4929990
0.5104919
0.5045659
0.5048458
0.4670477
0.4841019
0.4935003
0.5109262
0.5038857
0.4992016
0.5243137
0.5164235
0.5239521
0.4849753
0.5096540
0.4989254
0.4935469
0.4758665
0.4754623
0.5187824
0.4908002
0.4973463
0.5169246
0.4856317
0.5244775
0.4770120
0.4969044
0.5260495
0.5010866
0.4941800
0.5039334
0.5228399
0.5226707
0.5278112
0.4917034
0.4981356
0.5062708
0.5109433
0.4770650
0.4892999
0.4929990
0.5104919
0.5045659
0.5048458
0.4670477
0.4841019
0.4935003
0.5109262
0.5038857
0.4992016
0.5243137
0.5164235
0.5239521
0.4849753
0.5096540
0.4989254
0.4935469
0.4758665
0.4754623
0.5187824
0.4908002
0.4973463
0.5169246
0.4856317
0.5244775
0.4770120
0.4969044
0.5260495
0.5010866
0.4941800
0.5039334
0.5228399
0.5226707
0.5278112
0.4917034
0.4981356
0.5062708
0.5109433
0.4770650
0.4892999
0.4929990
0.5104919
0.5045659
0.5048458
0.4670477
0.4841019
0.4935003
0.5109262
0.5038857
0.4992016
0.5243137
0.5164235
0.5239521
0.4849753
0.5096540
0.4989254
0.4935469
0.4758665
0.4754623
0.5187824
0.4908002
0.4973463
0.5169246
0.4856317
0.5244775
0.4770120
0.4969044
