12.262310
11.397480
11.579787
11.235001
11.616215
11.068293
10.918738
14.060109
14.347069
13.565527
15.916075
15.579104
15.366464
18.058525
17.787712
18.601808
15.931016
15.301839
16.195971
15.185593
12.086982
12.021155
12.058524
11.054629
11.550389
12.449883
12.012059
12.352290
13.033911
12.726827
12.821421
13.554424
13.244770
12.371959
12.986088
10.791241
11.104166
11.572554
10.981636
10.973537
10.514142
 9.919914
10.201476
10.250863
13.838100
14.236210
14.111266
14.182412
14.337913
11.567927
12.831150
11.952338
12.442902
12.456579
11.892491
12.468255
11.435291
12.061929
11.817885
15.212226
15.012117
14.599358
14.054821
14.545649
13.051605
13.907276
13.810076
19.462186
20.467104
18.773142
19.864217
19.558660
19.441125
18.727466
20.467617
18.805721
19.865483
19.092895
18.147418
18.056533
16.790314
17.169493
18.697004
18.078854
18.292872
17.968586
16.633175
16.411629
16.283278
16.601073
16.696943
17.550890
16.908641
16.177964
17.283163
19.408140
17.042335
19.716487
19.115622
18.097604
19.741347
18.549130
18.853914
18.606442
15.041111
14.551622
15.177753
15.441991
15.087061
15.592730
15.417157
15.425919
14.114212
15.967159
16.763648
16.593316
15.642231
16.735615
15.903047
16.014349
16.799176
16.018543
11.603468
12.225348
12.551473
13.076201
12.302665
12.764411
11.883500
12.904409
12.232329
11.987768
13.072874
13.636382
11.039234
11.912558
13.645977
12.939641
12.653688
13.180073
14.146631
14.130583
15.346419
15.709705
12.775165
16.972041
16.247698
15.776570
15.911127
16.753082
18.024406
17.500537
18.045524
16.190498
18.327587
18.883299
13.505170
13.553104
14.074863
13.103276
13.072790
14.075598
12.426734
14.164141
13.543028
13.865865
13.866761
13.685313
13.082707
13.414448
13.776516
13.538133
13.239419
14.197886
14.887031
15.461473
14.936732
14.943761
10.646343
 8.751854
 8.916008
 9.114241
10.709126
10.815472
11.112577
11.208825
10.669058
10.773757
10.345907
10.351779
10.833704
 9.862499
 9.719156
 9.399610
10.917238
10.265261
10.668601
15.070545
16.499423
15.566227
14.951584
14.571843
14.440335
16.436954
16.054590
14.936092
16.492801
15.237068
14.643754
15.273518
14.517963
16.147947
13.538182
15.110812
15.807417
15.010073
13.743438
13.940880
14.931131
14.894154
15.220461
14.638656
15.237118
16.312064
13.206630
13.871073
13.368662
12.514832
13.453063
14.360889
14.109719
13.607594
10.213543
10.619406
11.049595
10.761634
11.003768
 9.964468
10.505931
 9.385300
 9.834591
10.672283
10.127755
10.227824
10.573586
10.193938
10.194634
11.123435
11.275853
10.421876
10.741120
14.772298
14.332879
15.436315
14.805765
13.394626
14.393580
14.736849
13.992388
15.044998
14.566807
14.765395
13.487393
13.405435
14.648018
13.402390
14.203020
15.497604
17.311642
16.132012
16.937933
17.438079
16.948185
16.892537
15.800018
18.137391
19.131149
18.045646
19.018661
18.616904
17.980080
17.298070
15.580904
16.585335
16.406091
15.569675
16.520708
16.504194
17.194227
16.396467
16.339297
16.781315
16.895168
16.681364
17.199999
16.886143
21.961502
21.269992
21.615126
13.766179
13.348152
12.422128
13.757208
14.737447
13.477615
13.994826
13.117502
14.366102
12.492990
14.183221
14.195567
12.595706
13.295861
13.112791
11.803119
10.704254
 9.921129
10.473660
10.879632
10.480549
10.398332
12.635597
11.683263
13.178387
12.509428
12.957076
12.628015
12.814878
13.806835
13.527238
 8.507224
 8.737238
 8.151468
 8.564266
 9.848961
 8.997602
 9.176738
 9.525044
 9.263272
 9.409219
 9.519684
 9.693715
 9.398506
 9.345105
 8.858786
 8.946946
10.301907
11.014002
10.867233
10.747276
10.098730
 9.855522
 9.917988
11.608379
11.821504
11.316130
11.590527
 9.967303
 9.577584
10.348663
10.072904
 9.490021
10.344252
10.287836
 9.464899
10.663490
 9.665544
10.745876
10.583041
 9.906051
 9.897850
10.009512
 9.138587
 8.659149
 9.049726
 9.690054
 9.947227
10.918185
10.691427
10.523681
10.787763
11.414097
10.601753
11.064308
11.060212
10.393146
11.502845
11.841032
10.576212
11.159259
10.788005
11.080782
11.116360
11.100909
10.634449
11.425713
10.733094
11.487745
10.428303
10.027417
12.743400
13.359590
10.071940
 9.675939
 9.323816
10.481831
 9.898237
11.057805
10.733550
11.137718
10.852318
10.915110
11.933076
11.333795
12.476071
12.972870
12.439671
13.328045
14.324179
14.538261
14.307149
14.236646
13.833432
13.856521
13.364087
13.769890
14.371471
13.732680
13.820085
18.238070
19.385599
18.168724
19.213857
19.161787
19.432477
17.636758
18.434007
20.993254
19.268021
20.469010
21.080210
20.956625
21.760654
20.673780
21.566931
20.838760
21.903676
22.356269
22.028952
23.729264
21.334067
22.276941
21.342819
21.236215
18.545973
18.499553
20.203722
17.399268
17.014200
18.534547
19.252547
18.061274
18.691654
19.314371
16.692794
18.655816
19.392300
22.998534
22.544200
21.539289
22.198814
22.622169
22.297724
21.668805
21.337083
23.011004
24.629551
18.849356
17.702275
18.845408
19.913239
18.771880
19.118608
19.082186
18.745649
21.655291
17.215135
18.901442
18.240831
15.377379
16.802961
16.321226
17.707908
15.886198
16.619760
18.249049
18.162314
17.458564
18.336761
16.861913
15.095516
16.742910
16.539826
15.848275
16.351388
17.263906
16.716564
19.081426
21.062288
19.831361
19.460374
20.478445
20.468089
20.002239
17.431682
16.669918
17.972507
18.885393
18.627734
16.705232
17.342368
17.249456
17.829158
17.696923
17.278264
16.088015
16.983834
18.885118
18.228066
17.824251
18.591633
18.585912
19.333009
18.592467
17.398679
18.680992
14.662295
15.147773
15.706923
14.401477
16.760788
18.599374
17.135058
18.116193
16.990567
15.596176
14.562667
15.863835
15.348832
15.956795
16.513880
15.491630
15.871411
16.817207
16.830077
18.092820
17.831585
17.118677
16.850607
15.109766
17.032979
16.704852
16.651066
15.692126
16.623354
15.624962
16.525298
16.119367
17.286778
16.678135
16.539241
15.842387
15.900551
14.927999
15.817709
16.863116
16.612242
18.630313
18.261358
17.527739
19.128615
16.469198
17.357236
16.061945
16.624270
16.761949
17.950178
17.441792
18.145546
17.114916
15.403449
17.465291
18.105601
17.610936
16.252135
17.518822
17.722146
18.119735
15.217283
14.836448
17.134211
17.039374
16.503947
16.212097
15.804850
15.741306
15.375109
14.143294
12.849730
13.676224
14.610569
15.432919
14.598644
14.831609
14.200499
14.466929
15.659099
14.220303
11.707472
12.389003
14.305500
13.821308
14.789405
15.483432
14.511452
14.806756
14.400711
11.747155
13.465308
13.773815
13.209517
14.259220
13.466924
15.004087
12.012221
12.468278
12.983976
12.325263
13.370721
12.763897
11.964330
13.076418
13.179908
12.964823
11.662207
11.160971
11.897831
12.907949
12.663373
12.932941
13.548439
14.177717
13.125824
14.171017
13.669470
13.924473
14.804022
15.114576
14.363943
14.898400
14.914430
13.844875
16.016715
14.575723
15.620968
15.637633
14.311929
14.505370
14.880533
17.488122
16.996143
17.109324
16.307555
17.464813
17.365314
21.257177
20.652679
18.440893
18.198221
18.260097
17.830783
22.168738
22.003205
20.438653
18.860974
19.454535
17.869834
19.591012
18.495672
16.339347
17.116693
19.326390
17.435116
16.895646
18.062848
16.045661
19.844417
21.351666
20.087481
19.232584
18.193356
16.665243
17.877625
16.793523
17.110028
16.464613
17.214899
17.814402
18.855958
18.883745
17.253097
16.048947
16.578686
16.094997
15.568916
16.529971
16.738125
15.918224
16.961516
16.732101
16.987104
16.076548
16.940175
17.660351
17.663818
17.536932
16.325701
17.867876
15.974217
16.172344
17.784245
18.508658
17.699993
17.722946
18.279212
17.639623
18.764474
21.579867
17.573101
16.515227
17.499414
16.680221
17.499462
14.824855
14.542886
14.904368
14.493017
15.253977
15.271303
14.834542
15.773971
15.964634
15.673128
14.069885
15.036046
15.242159
14.161975
14.072343
14.662288
15.292016
15.371261
16.576505
16.470829
15.034865
16.302671
15.375692
15.116487
15.628897
17.918438
17.430532
17.305862
17.331536
18.133259
17.306564
18.642961
17.348842
16.102698
17.970726
19.104080
19.570692
20.386172
15.313177
16.286541
16.229476
16.551086
16.457374
15.802484
15.499472
17.124243
16.570436
18.370987
19.424347
17.345315
17.661193
17.866085
23.433487
22.040458
21.153088
20.795721
20.247117
20.454146
22.555713
22.282836
22.163919
22.365140
23.485744
16.136051
15.205082
15.604763
15.178487
14.562685
14.726594
15.980849
18.450653
17.565299
18.391426
17.762879
17.207215
18.037656
17.178880
16.799660
17.685022
17.907042
17.356384
18.821615
18.052435
17.422850
18.322259
18.376406
18.385097
18.688308
16.825906
19.248789
16.394907
16.852141
17.275162
17.499125
17.982782
17.224976
16.845280
16.482565
15.854745
16.089609
18.202707
19.090246
17.191814
20.006684
18.447945
15.853804
16.564778
14.995668
16.262925
16.768822
15.217028
15.462235
15.665167
14.564560
15.321805
14.814760
14.818145
16.080632
16.129794
16.963895
15.683687
 9.755490
 9.738922
 9.944471
10.636280
11.122908
11.636640
11.177183
11.209477
11.740043
10.662281
11.299343
11.326758
11.243519
10.387482
 9.927955
 9.959809
10.382422
10.193080
14.096815
13.369800
12.705027
13.272905
11.650171
10.867163
12.728638
11.601281
11.661009
10.851089
 8.437586
 8.440772
 8.453366
14.260638
13.425409
12.513523
13.250490
13.384195
12.864301
13.429693
10.598099
10.812856
10.982734
12.592783
12.041834
12.173017
12.305083
12.501694
12.399889
12.807180
12.249271
13.168385
12.040571
14.149785
13.880201
14.028654
12.914003
13.485670
12.734201
12.067200
12.806339
12.865687
12.394964
12.373746
12.043164
12.004461
11.680339
13.731649
13.544224
12.711560
14.550026
13.463450
14.075262
14.164989
13.762411
14.614196
14.022027
14.121798
15.552778
14.777933
15.063511
15.311181
14.994423
15.586728
15.680482
15.333206
13.771941
13.451631
14.635934
14.100353
15.185878
14.611633
14.218467
16.169276
17.022253
17.767645
15.541491
15.616501
15.654607
15.793005
14.682538
14.324188
14.561520
14.056518
15.248901
13.997343
15.267696
14.902740
15.139175
13.189572
13.658830
13.129045
12.802660
12.524143
12.045324
11.715337
12.407412
12.141425
12.946708
12.667657
12.449253
12.292574
13.298046
12.876175
11.961043
12.387132
11.624499
12.449027
13.262006
13.333278
19.506582
17.933903
17.827345
19.051888
17.703623
18.425545
18.720104
20.833778
20.697474
20.118820
20.406400
21.025029
16.176690
14.892801
15.312539
14.961498
14.945774
14.657605
15.265908
16.546555
16.218825
19.991846
20.581844
19.326404
21.863946
14.529951
14.099745
14.638107
14.811483
15.128384
15.634147
17.213962
17.223844
15.344390
17.109181
15.175193
14.061206
15.343323
14.619470
14.852529
13.847560
15.424841
15.497447
15.112280
15.048162
15.588601
14.541278
14.227099
14.148406
13.783901
14.074093
20.454410
20.336125
19.561654
20.628933
20.324131
18.909107
19.337236
20.124305
19.416129
16.619575
16.472705
15.343165
15.377243
18.939425
19.177591
20.351308
18.428560
19.691360
17.112491
16.943794
16.440876
17.708001
17.009705
16.964782
16.900967
15.905456
16.433504
16.518872
19.065300
18.135986
17.924698
17.943292
17.292152
16.718173
16.175072
16.908056
16.037699
16.324237
17.583065
16.583131
16.676303
17.684733
17.277113
18.433297
17.680131
18.638330
17.933832
17.457342
18.251763
13.937055
14.345116
13.803755
12.756630
13.470515
14.164331
14.119908
16.091693
16.070378
15.173898
14.628865
13.977308
16.378008
17.028935
16.786557
16.526664
16.676904
17.010981
15.964017
17.753376
15.877958
15.053266
16.822200
20.272363
19.740278
19.350028
19.088649
19.014522
18.956449
 8.488081
 8.028128
 9.311674
 9.380593
 8.471242
 9.863479
12.720868
13.653349
12.442467
12.930886
13.712134
13.049841
12.366982
12.384420
12.591635
13.074981
12.715868
11.715882
12.614400
16.573228
14.121889
15.813643
15.853848
14.852196
14.978407
14.916051
14.659952
14.438470
14.286536
14.442450
13.425113
14.342762
14.551966
15.131963
15.827194
18.840679
18.897677
18.104534
19.590538
18.052872
18.876137
18.043054
18.621798
18.279797
17.739590
17.720088
19.657970
19.460115
19.359471
18.963176
17.447840
17.707504
17.983548
17.169399
17.073065
18.242651
15.626586
16.592136
16.169451
17.794475
16.032543
15.419382
14.875539
16.432039
15.172025
15.496903
16.383749
15.832850
16.372479
16.299700
16.495480
16.716339
16.902824
12.340426
12.504473
12.797189
11.955699
11.824886
11.787429
11.940180
12.287161
12.579187
11.997089
11.401021
12.130785
11.209590
10.961547
11.270570
11.676260
11.261046
11.028560
12.321270
12.696339
12.942946
12.840183
13.075524
12.269278
12.133284
12.999447
12.931195
12.568043
12.475978
12.842271
12.673781
13.115100
12.495581
12.017844
12.956429
12.234290
11.684588
12.323373
13.268711
12.532323
13.467466
12.735970
10.793688
10.213831
 9.165968
11.241955
 9.588701
10.399382
11.035341
10.691078
10.799727
 9.795954
10.981683
 9.100461
 8.739162
 9.022585
 8.685374
 8.544678
 9.051922
 8.514034
15.305959
14.821225
14.240638
15.488108
14.515310
13.838159
15.076953
14.988547
15.064901
13.928943
11.295531
11.025451
10.869279
10.484859
11.922600
11.200746
11.301925
11.589811
11.698319
11.561801
11.727874
13.228561
12.232278
11.754695
12.662748
12.357271
 7.809588
 9.162459
 9.439956
 9.039504
 9.628252
 8.648978
 8.285156
 8.037831
10.581755
11.186212
10.689609
11.889056
11.896008
11.968129
13.360551
13.640424
13.401455
12.977302
13.046422
13.580922
14.103556
12.995869
12.865681
11.676336
11.397691
13.818976
14.729082
11.695500
11.757213
12.647976
12.830642
12.812441
11.653857
12.225394
12.287661
11.572666
12.114733
12.464344
12.403935
11.979840
10.795639
12.439594
12.436337
12.252461
12.560106
12.339455
13.221627
12.119159
12.588259
12.788728
12.704277
11.607959
13.059280
13.058461
12.558157
13.273746
11.218422
11.634490
11.488967
11.463832
11.424567
10.472491
10.403143
10.169052
10.920913
10.569838
10.863637
10.764340
10.235045
14.393055
14.491278
14.121451
14.471666
15.864320
14.864443
18.108951
12.108982
13.212742
14.044210
13.526222
13.012092
13.398438
15.089900
15.383960
14.328398
13.890352
 8.391994
 8.545777
 8.632528
 9.205127
 8.561495
 8.507050
 8.577277
10.893516
10.793225
10.428586
10.655908
10.939270
10.459306
10.081492
10.135884
11.184081
10.235040
10.712451
10.270472
 9.679189
10.199212
 9.516619
 9.843150
10.489521
10.541111
10.212537
 9.267340
 9.856033
 8.681136
 9.147713
 9.017700
 9.047816
 9.329946
 9.243338
 8.509658
 7.937539
 7.943125
 9.643319
 9.307570
 9.378080
 9.618447
 9.815966
10.269477
 9.526233
10.252821
10.085666
11.249844
10.174752
 9.356039
 9.250136
10.350856
13.170291
12.736492
12.814206
10.756244
11.091471
10.703739
14.789649
14.523010
13.722385
13.321307
13.740297
13.892505
13.474173
13.420220
13.900453
 9.791551
 9.252019
 9.565342
 9.751291
 9.883761
 8.782649
 9.804241
10.359132
 9.784540
 9.934508
 9.051228
 9.935937
10.079796
 9.375161
10.521186
11.236448
10.503098
10.146678
10.360070
11.440872
11.228649
10.964736
11.988819
12.911718
12.893251
13.695279
13.357584
12.881141
13.846415
13.275308
13.656675
10.764906
10.268579
11.146356
11.310705
12.316616
12.321641
11.477690
11.967370
11.901368
12.165041
12.563810
12.209473
10.545516
10.619103
10.748655
12.065610
12.239460
12.425291
12.606820
13.372497
11.633572
10.776223
13.813427
12.904758
11.828152
10.698053
16.838211
17.706920
18.265028
18.531953
18.464166
19.122660
18.227803
17.978033
17.804761
16.115487
17.038767
17.128104
19.081409
17.009158
16.838717
17.497086
14.887621
14.940577
15.937724
18.404178
18.814297
16.542798
18.445159
19.440774
18.914114
18.572349
18.305899
17.211289
16.926866
17.114301
17.210783
15.545111
17.019887
16.516671
18.251801
16.945952
17.271810
17.726202
17.699218
17.498865
17.890277
18.005326
17.384016
18.358028
17.821992
17.281354
17.537709
19.423632
18.538777
14.528027
15.298566
15.047379
16.115138
16.765970
16.778491
15.083428
15.355914
15.243665
15.764469
13.847003
13.395388
17.063797
15.167098
16.898855
17.755779
16.494438
16.262217
14.252387
15.574768
15.765124
15.082375
14.951814
15.286642
14.843382
15.666484
16.862444
17.070476
15.407579
15.596836
16.898175
20.921523
21.548022
23.031464
20.821533
21.953091
21.598062
20.853692
20.849969
20.887323
18.976331
20.398987
20.063764
20.983479
22.554795
21.472917
14.666553
15.484585
14.123332
16.068270
15.087933
16.189538
16.813874
15.003031
14.433628
14.783095
16.176069
16.576603
16.227188
15.190311
16.121384
15.343250
15.927138
16.077243
15.006792
15.293831
15.203849
11.832147
11.815629
11.545595
12.071247
11.122377
11.696232
11.576741
11.458587
11.789782
10.974883
11.878867
12.007651
11.452223
13.328710
16.446215
16.160407
12.124286
12.894837
12.131321
12.671547
12.200422
12.326170
10.754859
11.261391
10.568980
13.252722
13.230021
12.942891
13.231677
12.682484
12.978483
12.921099
12.602369
11.419724
11.801325
12.776474
12.324554
11.177661
11.645817
11.263389
11.831336
11.044692
12.367627
11.865450
11.869054
 9.790745
10.650111
10.470378
10.854571
 9.942447
 9.845385
 9.820968
 9.518662
 8.145656
 8.183599
 8.778059
 8.339826
 8.794039
 8.266583
 8.507309
 7.737934
19.986735
18.465032
18.965142
19.247620
18.797893
19.108512
18.515679
19.900721
17.988568
18.443318
18.922047
18.262086
18.802612
18.857728
18.566164
16.660800
16.599444
15.960627
17.782074
18.703338
18.314505
19.149338
17.892442
27.813600
24.213073
22.762465
22.811576
20.404159
19.767171
19.870394
20.072413
21.145825
20.363698
22.567762
23.026441
22.295477
17.017109
23.106430
20.903696
20.096034
20.774419
19.077754
18.800475
19.593151
18.870479
18.697981
19.095814
18.183893
18.840839
19.991754
20.497834
14.423165
14.103013
14.095213
14.408008
14.549506
13.885047
15.330679
16.715925
16.667497
15.617785
16.418997
15.921745
15.555879
14.861540
14.502263
14.945482
15.134658
14.362674
14.664086
15.308007
13.482518
11.654265
12.879177
13.064690
12.552857
12.927698
15.171947
14.370179
14.725908
13.913272
14.237268
11.802511
12.052354
11.749348
11.712390
11.934516
10.741695
11.512104
11.372682
12.112797
11.107378
11.765250
11.153779
12.833562
12.683916
13.212830
12.719549
12.675448
11.769554
13.520407
13.962854
13.109963
14.197091
12.753157
12.051239
12.003372
12.971389
12.523212
12.847984
14.276502
13.276034
14.085997
14.221141
13.692008
16.793575
17.943846
17.613682
17.044513
17.930508
18.337457
17.954246
18.049209
 7.974209
 8.163042
 8.663851
 7.692756
10.766480
10.028964
10.027656
 9.829243
 9.359830
 9.058285
 9.303792
 9.316802
 9.560738
 8.444931
 8.380517
 9.080048
 9.342434
 9.329048
 8.812390
 8.532588
 9.768730
10.215881
10.043253
10.739260
 8.947871
 9.346601
 8.571881
 9.325390
 8.461224
 9.228650
 8.928248
 8.658695
 9.142047
 7.799542
 8.944376
 8.080828
10.662138
 9.835710
 9.592640
 9.589857
 9.352910
 8.842166
 9.163037
10.221206
10.057903
10.271981
 9.294472
10.231532
 9.727155
 9.999466
 9.113942
 9.474357
 9.482408
10.689262
10.588252
10.206154
10.057418
10.475992
10.604358
10.170762
 9.772600
 8.638119
 8.871649
 8.073757
 7.936808
 8.069196
 8.162754
 8.152215
 8.165245
 8.538790
 8.131106
 8.451046
 8.289097
 7.811896
 8.049478
 9.581499
 9.905288
 9.690853
 9.601593
 9.949692
 9.198436
 9.425260
 9.583508
 9.305485
10.477468
10.735089
 9.960153
 9.470271
 9.781254
10.105415
 9.750490
10.868281
10.146761
10.097345
11.069750
11.251901
10.678247
10.251729
 9.720540
10.415658
 9.765758
 9.726877
10.367402
10.726651
10.728993
10.772096
10.272868
 9.126354
 9.622380
 9.368032
 9.804304
 9.192273
 9.469284
 9.861844
10.010916
 8.916108
 9.889090
 9.860278
 9.838226
 9.769665
 9.934888
 9.520139
10.398165
10.654011
10.939647
10.470561
10.204373
10.198255
 9.598826
 9.712114
 9.363876
 9.145324
 9.386273
 9.814007
 9.375607
 9.123559
 8.026301
 8.010805
 8.687039
 7.164433
 7.229400
 7.245964
 7.521897
 8.228032
 8.616370
 8.158644
 8.090121
 8.888596
 8.868206
 8.213737
 8.712882
 8.739394
 8.502631
13.365777
13.219598
12.504210
14.216039
14.101616
13.281788
12.408042
13.515428
14.560487
14.893008
14.304456
14.226937
13.360708
14.996775
14.172023
14.819948
13.363731
14.187340
14.091964
16.261381
15.730514
16.080926
15.426328
14.679037
 8.661559
 9.132629
 8.673370
 9.658643
 8.464852
 8.791096
 8.467369
 9.121341
 9.060039
 9.948559
10.601124
10.329737
 9.381157
 8.982280
10.114619
10.062592
10.216133
 8.814405
 8.897118
 8.618580
 8.524567
 9.078768
 9.492996
 9.961787
10.659669
10.646950
10.786671
10.668694
10.973004
10.762098
10.491344
 9.973507
 9.749285
 9.465346
 9.607675
 8.567402
 8.313601
 8.651557
 9.292058
 8.989317
 9.328191
 9.438673
 8.984850
 8.828906
 8.248999
 8.725660
11.719424
11.715118
12.794531
13.207038
12.673535
11.914861
10.452119
11.377990
10.501183
10.777336
10.971815
11.624963
 9.241212
 9.309801
 9.615921
 9.389630
11.164837
12.201408
12.301427
12.852605
11.540168
11.265641
11.424894
10.185846
 9.862063
11.897799
10.716768
10.960196
10.766283
11.393990
11.977779
13.422657
12.470055
13.360527
12.259384
12.177184
12.185248
13.582310
12.121606
12.338378
14.022374
12.918405
13.959431
12.372031
13.138838
12.853859
14.633838
14.766017
14.215241
12.201410
12.098056
11.629428
11.539937
14.023991
13.329228
13.467261
13.434857
14.043975
14.236467
12.779255
12.332376
13.883775
12.280456
13.140384
13.166816
13.344561
13.133310
13.352513
12.686312
15.152816
13.244939
14.333357
13.080131
13.301450
19.897591
19.251091
20.324561
18.293230
19.522004
17.873674
17.695303
19.083601
19.608439
17.560870
16.659718
16.424825
17.834249
16.228605
15.677090
16.193363
16.206842
17.458771
16.783817
15.974162
16.551116
15.728448
15.955661
16.637151
16.805968
17.175956
16.727109
17.502878
16.995187
18.120916
12.727491
12.738658
12.885710
12.979102
12.669979
13.380826
12.781089
12.994943
12.895798
11.767681
13.055498
10.267104
 9.569296
10.212302
10.944802
10.052350
10.434197
10.629755
10.516439
10.538323
10.057670
10.704033
10.251925
10.586105
10.186840
 9.950498
 9.876494
10.969030
11.712620
11.019725
10.962014
11.490723
11.133073
11.822344
11.415023
12.008711
11.063343
11.181745
11.242295
11.213733
12.057326
12.113983
11.118082
11.499983
11.117818
11.247169
11.404356
11.753549
12.100319
11.684035
10.885340
12.322939
11.395003
11.709036
10.720651
 8.937509
 8.654239
 6.932330
 9.026221
 8.497723
 8.600871
 8.611859
 8.517000
 8.550608
 8.344420
 8.401008
 8.082184
 8.135235
 7.940453
 9.016458
 8.280452
 8.592126
 8.025221
 7.877299
 8.147352
 8.570617
 8.276636
 8.490449
 8.914408
 8.456427
 7.887899
 7.591975
 7.521137
 7.798588
 7.367831
 7.427231
 7.681151
 7.661667
10.780875
10.677569
10.110459
10.574419
10.263024
10.910889
 9.712691
10.874443
10.999203
11.037214
11.613927
11.073236
11.427594
11.546078
10.893641
10.832559
 9.491171
10.402866
11.138688
11.525050
14.715120
14.877868
15.411557
13.689176
14.252909
13.648454
14.066029
15.839086
16.100085
15.676611
18.005678
17.809532
19.008329
17.049491
15.986764
14.681522
15.998618
15.088624
15.555055
15.693554
15.093836
16.000669
14.218038
13.697062
14.740287
13.999480
14.335409
15.339540
13.003514
14.084930
14.367936
14.841358
13.981003
15.167437
14.670166
20.578217
22.415244
22.014060
22.399131
19.931184
21.616415
20.648153
21.552404
20.672168
20.090243
19.763587
20.536996
21.440506
20.630891
21.210916
19.912659
19.697786
19.828084
19.076075
18.335849
19.165925
17.667131
20.919231
21.316990
17.417779
18.392953
17.911492
18.730326
19.853902
18.999389
21.078747
17.957148
18.881749
19.706445
22.302965
19.970795
20.881280
19.086516
20.608212
19.874456
22.156193
18.666420
19.433820
16.403555
19.728652
19.855756
19.872408
19.685538
19.579559
20.291483
18.260654
17.581427
19.291081
20.266700
19.590578
19.294119
18.258393
18.539653
18.710616
19.581949
20.085528
21.055320
18.676190
19.694109
19.270925
18.786811
20.150169
18.586046
20.934895
20.176276
19.158288
19.371250
17.894176
17.917638
16.780181
18.097500
16.793424
17.445049
16.891547
17.825226
17.631241
16.705404
16.922430
17.244261
19.164302
18.333399
16.268445
15.693766
15.594135
16.147680
16.877954
16.962447
16.582876
19.182939
16.116291
17.349982
16.147150
16.192116
14.665788
16.691495
14.755053
15.748223
15.911104
19.907810
19.669887
11.411098
11.781794
13.931593
14.639129
13.862253
13.504727
14.407656
15.083878
14.499422
14.859510
15.552702
15.630110
16.275161
15.484997
14.546186
15.228246
12.695634
12.653576
12.705443
12.075474
11.353620
11.636283
11.338674
11.319922
10.729229
11.027449
11.234468
11.220542
11.582628
11.719346
12.157673
11.670926
12.115671
12.411508
12.458030
13.515212
13.105854
12.078481
11.937598
12.741709
11.780442
11.651177
11.651159
11.775114
10.934686
11.220231
10.672612
10.974555
11.288878
11.710874
11.475862
12.190300
12.733220
12.865525
12.002044
12.436305
11.812473
11.531766
12.200406
11.790915
12.015108
11.378511
11.989959
11.629020
11.872908
10.433254
11.267337
11.247772
10.543082
11.019434
10.689129
11.104484
13.954725
14.075683
12.724188
14.083585
14.530629
13.984643
13.903002
13.670132
13.449377
12.967198
14.827518
13.798449
13.185557
14.269645
14.544272
12.781935
13.027793
12.213915
12.053727
14.050162
13.792817
10.234289
10.306674
 9.768958
 9.289179
10.659434
10.448164
10.334374
11.038381
11.574792
12.605993
12.106626
11.637688
11.848935
12.854353
11.955577
14.051404
14.405711
14.887152
13.804581
13.796960
12.598131
13.659583
13.142659
14.028471
14.482784
13.217744
13.543610
14.018978
16.963051
15.848789
16.223824
16.044775
16.495605
 9.941353
10.356550
10.476865
10.718548
10.729155
10.566439
10.532008
10.369288
10.185293
10.214252
10.392886
10.121556
10.081251
10.107905
11.277323
10.140475
10.436010
 9.914415
10.994692
10.389806
10.849275
10.219053
 8.772027
10.229918
10.889679
11.448455
11.689390
11.580023
11.448727
11.415206
11.255531
10.733014
11.366170
10.951606
11.401017
11.393697
11.451077
11.203576
11.180607
11.333878
11.945823
12.416600
11.606114
11.060325
11.423674
12.259965
10.000280
10.347647
10.338823
12.064401
12.619326
12.083109
19.168884
19.240917
17.545860
17.092047
18.403541
16.730519
10.693775
10.656849
11.385141
11.199823
10.000591
12.313701
10.636729
10.762235
11.101253
11.120779
10.600845
10.753968
 9.890702
14.623829
14.110215
13.974327
13.951825
13.406229
12.418332
10.923555
13.244602
13.046887
13.429900
13.038575
13.159270
13.035572
 8.678849
 8.642575
 9.428409
 8.454433
 9.012744
 8.768991
 8.817640
 9.402898
 8.825101
 7.220615
 7.093642
 7.825172
 6.561079
 7.188765
 9.398748
 8.235600
 9.228059
 9.402687
 8.870670
 8.629720
 7.713601
 7.961880
 8.338546
 7.794894
 9.842848
 9.264127
 9.905469
 8.753647
 8.192155
 7.320610
 6.918265
 6.954703
 7.266010
 7.749714
 7.598657
 7.720855
 7.614382
 7.660019
 8.086346
 8.385945
 8.341704
 8.007250
 8.011476
 7.942386
 7.161008
 7.472844
 7.128332
 7.562615
 7.922791
 7.728194
 7.924758
 7.802662
 7.623296
 7.306495
 7.575463
12.197046
12.657772
11.586101
12.698290
15.411410
14.585715
15.252527
13.920546
14.228307
14.212968
13.255660
13.461291
13.623147
13.389552
13.270764
14.798276
13.812423
13.766549
12.461816
13.695177
14.011220
14.448857
14.949929
13.429224
13.517741
14.181946
12.779959
13.001099
13.332376
13.259091
13.930332
11.198904
11.598330
13.760825
14.584635
15.367896
15.508728
13.916199
14.660732
14.885799
14.974854
13.839294
15.480661
13.940711
13.330112
13.931909
13.864047
13.668231
12.905941
12.315758
13.145608
12.615641
13.175877
12.770119
12.927367
13.918931
13.352351
13.991880
13.910106
14.421337
13.300169
15.686154
13.968166
13.592045
13.119330
13.234976
14.393735
14.090933
12.277725
12.321482
11.899065
12.211798
12.666449
13.980282
14.428409
17.366323
17.584992
17.146733
19.097259
22.737763
22.517065
19.206611
20.563689
20.737539
19.185802
19.542838
22.733261
20.712587
20.815538
19.293533
11.038293
11.105059
11.686177
13.546147
13.294247
13.252793
12.713397
14.059192
10.313352
10.580275
 9.951935
 9.861140
10.048897
 9.214564
15.225094
14.909024
15.042156
15.127826
14.913357
14.691933
14.834808
15.414216
15.349821
15.728156
15.809679
15.504153
17.832104
18.036679
16.300388
17.094179
17.177134
17.383776
16.878421
16.813846
16.349732
17.868476
16.900602
19.546041
19.145768
20.504717
18.522945
19.124263
20.269724
18.276907
19.461441
21.262681
21.658038
17.972519
19.380513
19.526494
20.066874
18.434619
20.052721
20.152530
21.011665
20.264698
21.155377
20.447866
19.378542
19.008814
19.908876
21.453187
18.433785
17.792806
18.994821
19.206540
18.392377
19.673143
19.415493
20.639243
20.896191
19.288626
18.239982
19.110116
25.893075
25.141265
25.725887
19.166470
18.754401
19.339784
18.375822
18.540244
18.939017
17.380586
18.162086
19.334298
18.604033
18.483590
18.190353
18.541502
19.938413
17.499822
18.589455
18.494092
18.345032
19.777431
19.169820
17.603906
19.225751
16.785515
16.728958
17.323453
17.153741
17.873114
20.183725
16.730269
18.004727
16.944343
16.142280
16.347627
16.575810
15.496430
14.587220
14.160302
16.867229
16.262827
16.221139
16.396035
15.947795
17.577685
17.303130
16.829229
17.401299
16.367595
15.676330
16.350715
17.116908
15.771975
13.736626
14.975359
15.864244
15.568500
13.299143
13.919883
13.454693
13.591878
13.563969
14.326868
13.510974
13.694315
13.371990
12.820069
13.449150
13.030835
12.867209
13.977069
13.021935
13.257695
13.559875
12.926461
12.484041
11.656236
11.866864
11.654771
11.734737
12.956078
12.734064
14.022475
13.133963
11.995882
13.472631
12.839058
13.534898
12.483132
13.245272
13.894669
12.906406
12.219575
13.312467
14.187849
14.229102
14.070452
14.000783
15.553743
14.068129
14.958219
13.786815
15.743348
14.041470
14.100623
15.213964
12.913347
15.069429
14.245853
13.279991
14.487942
18.054891
17.404052
18.162841
17.787195
17.211391
16.380347
16.660059
14.281226
12.666431
13.197165
13.920447
15.758705
15.285729
15.218770
15.518007
13.839023
14.107455
14.844713
14.784626
14.275432
14.769961
15.396805
13.705013
14.723385
15.097780
14.020757
14.212497
14.332678
15.059627
15.836280
14.962273
14.890730
13.985747
15.455031
14.873602
14.870550
15.846664
16.486253
14.400927
15.593444
14.369685
16.212218
17.139985
14.191846
15.871784
15.378488
16.981824
15.054342
15.332926
15.922102
16.251768
15.683456
16.722270
15.872329
15.384765
16.918733
16.565681
15.968925
15.748542
15.767293
14.358535
14.993454
13.720057
14.521904
15.104760
14.799683
14.022012
15.191442
13.801166
13.001351
14.662067
16.816109
16.004332
15.091152
15.273101
14.774661
15.941537
16.220482
16.088385
13.207640
14.107258
12.685731
14.399751
15.068840
14.108037
15.127187
15.127699
21.859542
23.506731
21.299938
20.123111
19.601253
21.104480
19.590014
21.916073
20.033597
21.176879
21.860684
20.390556
23.294496
22.628656
19.295629
19.405473
19.777866
20.100477
19.020198
19.045879
19.440811
19.287897
18.158601
18.116832
19.414293
18.843594
20.172101
21.387087
19.717578
19.020192
20.596986
20.611093
18.895709
19.731034
19.721583
17.893674
19.433893
19.394173
19.380485
18.596270
18.461348
10.845905
11.554951
11.823357
11.204556
12.059150
11.872306
12.016302
11.020976
11.551894
11.053794
11.292830
10.844912
11.148560
11.490202
12.725186
11.012918
11.548719
10.074995
 9.594014
 9.761095
11.119904
11.934536
13.310221
10.639114
11.104175
 9.908032
10.857344
11.144846
10.335908
17.103694
17.015754
16.897284
16.708390
17.085486
16.944630
16.188125
16.379232
15.509796
16.372780
16.468319
16.521873
16.890264
16.173895
15.636710
15.676957
14.688558
13.285640
13.626319
14.242633
13.983697
13.583817
13.473442
13.559769
14.213552
12.064175
13.194339
12.093632
12.035692
11.497759
12.420100
11.804787
11.803348
13.602911
13.469148
12.583836
11.738429
12.317046
12.498474
12.379537
12.471869
13.009755
12.358173
11.865594
11.683252
12.237519
12.772361
12.372179
12.757556
13.056039
13.280864
11.812603
10.017747
 8.799091
 9.067269
 9.162018
 9.368325
 9.412009
 9.281253
 8.802900
 8.926954
 8.453899
 9.134655
 8.876728
 9.206264
 8.015698
 8.409507
 8.150863
 8.613030
 8.447039
 8.444610
 8.484951
 8.426085
 7.774998
16.040595
16.492406
14.620443
15.730346
17.083382
15.695087
16.168858
15.502289
15.367978
15.473190
15.505374
15.389985
15.742271
15.415397
15.286302
14.697159
15.591971
16.111461
15.147497
15.027221
14.843446
17.734126
18.408342
17.672393
17.723813
17.172464
17.980884
17.794051
23.078130
21.956850
23.440399
21.393320
22.646416
21.549927
21.912827
22.210689
23.206660
22.750814
21.037823
22.890622
21.539931
22.701526
23.286143
22.633603
22.017576
22.347310
23.432762
23.978363
21.634668
15.370020
15.603778
16.699955
16.197017
16.709836
17.642072
16.571110
15.498679
15.309945
15.990453
16.073286
14.476605
16.407698
16.232974
17.617803
15.917435
16.232163
16.640911
17.223258
17.456269
17.871113
17.711224
17.782136
14.744776
13.677866
14.916049
17.836958
19.216244
18.092114
18.293933
18.470986
18.365889
17.115869
16.721377
14.877769
14.520132
14.538517
14.827371
15.010001
13.844094
13.865045
13.733811
14.401886
14.840463
15.418092
15.493550
14.180701
14.745246
14.901170
14.923531
14.521275
16.302425
14.397376
15.670388
14.255379
16.001622
16.894958
15.287384
17.282628
16.639736
17.098097
17.279670
14.192352
17.445449
15.131227
15.808713
15.315954
20.476475
20.280564
19.954234
19.951976
21.268333
18.486540
18.057985
20.192174
19.553719
17.398663
18.257462
17.346161
17.588172
20.721157
19.418073
21.520572
20.587091
22.529545
20.917805
22.268021
22.320306
22.179927
21.754603
22.740011
19.517937
19.821371
19.806105
19.317714
18.876139
18.935705
17.427028
18.564651
19.188655
16.261756
16.366184
16.644358
16.416935
18.583860
17.387418
15.337787
17.151673
17.210233
16.045186
15.549088
15.274715
16.160909
16.798521
16.846672
16.647924
19.281495
19.984437
18.532000
18.221797
15.617998
22.153804
20.052541
18.267763
20.681805
18.668115
22.743267
19.360179
11.469765
11.126702
11.911284
12.544210
11.228602
11.619065
11.633401
11.699610
12.302102
13.452527
11.981453
12.100427
13.096589
13.508484
13.594646
13.625000
13.603181
13.586553
14.991799
14.251083
12.622193
13.085790
13.928794
13.541059
13.080321
13.261993
13.476614
13.814080
13.321033
13.806864
13.161249
14.107317
13.385730
12.679547
12.778727
13.193799
13.771413
14.975997
14.358276
16.004922
16.847150
15.496527
16.077568
16.593348
14.997832
15.852461
16.118769
14.200004
12.860035
13.438447
13.994807
14.043641
15.096620
14.565756
14.189489
14.951664
14.278116
14.907692
14.333837
15.019463
14.121434
13.850603
14.212853
13.886422
14.096099
12.835713
13.536578
13.320503
14.973182
15.000281
15.596639
16.234463
15.043492
13.531546
14.754166
14.258499
13.934440
13.918678
14.061188
14.222056
14.050545
14.035849
13.094227
13.924533
12.856189
13.325078
14.441634
13.476045
13.664302
14.923046
10.357682
 9.941949
10.773700
10.159054
10.654332
10.942670
10.999981
12.800036
14.088675
13.580131
13.515745
12.958890
12.499122
12.877119
12.194163
11.332782
10.374837
 9.867063
 9.599435
10.253130
10.342516
11.923703
11.586089
11.072609
11.964769
12.142826
10.765363
 9.873064
11.147395
11.300478
11.326777
11.683871
11.243017
11.166062
11.219199
11.099627
11.461819
11.119552
13.295091
12.857264
13.345307
12.369157
 9.846623
 9.408881
 9.696119
 9.448528
 9.287572
10.238839
 8.992192
13.169762
14.282143
12.870044
13.070527
11.989804
10.993011
13.253638
12.327507
12.495927
12.901145
12.145082
11.738307
12.023123
12.973623
12.533461
13.169493
12.972219
12.153929
12.979159
11.635192
10.914577
12.002559
11.573779
11.162167
11.673558
11.843608
 9.420693
 9.688160
 8.922894
10.417970
 9.138638
 9.067720
 8.309164
 8.407728
 8.291601
 9.025387
 8.878416
 8.932510
 8.679332
 9.742114
 9.099929
 9.558893
10.168396
10.109227
 9.122278
 9.847514
 9.420462
 9.795279
 9.154864
 8.710336
 8.921876
 9.001324
 8.719888
 8.485830
10.626599
10.633482
10.245645
10.107094
10.705562
10.815664
 9.839855
10.233557
 9.940303
 9.168229
 9.713425
 9.930415
 9.099805
 9.441780
 9.143878
10.310967
 9.942019
10.081594
 9.719379
 9.820782
11.107493
10.476869
 9.551502
 9.060957
 9.699363
 9.461441
 9.547792
 9.527086
 9.160450
 9.384311
 9.402549
 9.495050
 9.655814
10.067241
 8.818951
 9.799662
 9.558481
11.535474
12.129676
12.396607
12.632317
10.573264
10.971335
11.569674
10.830007
10.391773
10.554403
10.779368
10.972270
11.529911
13.569670
15.052963
13.024727
12.304168
12.564996
12.855514
12.836663
12.990894
 9.079873
 9.578899
 9.173690
10.362311
10.407288
11.507314
11.767639
11.552760
12.117503
17.467837
16.927818
16.384874
17.741254
17.500608
16.209366
20.853826
22.375391
21.866766
21.598930
21.994164
19.477235
20.331745
19.014066
19.197123
19.661116
19.063656
19.686868
20.616676
18.739767
21.439518
19.858222
20.865623
17.935653
18.335062
17.739443
20.129619
19.853780
13.445294
13.813699
13.515104
12.855497
14.481412
14.304995
14.955658
15.832554
13.931494
16.251926
14.369599
14.324032
14.173300
14.546470
13.008782
13.069006
11.901527
13.374416
12.688564
11.334274
10.185523
10.344569
11.075052
11.046212
12.203997
12.452018
12.575177
10.986138
10.927360
10.952714
11.896485
11.565793
12.109999
11.529464
11.443463
12.276843
11.659225
 8.161365
 8.003141
 9.387933
 8.634348
 8.936785
 8.246169
 8.690083
 8.619573
 8.587978
 9.039362
 9.182012
 9.117373
 8.779707
 8.130398
 8.615213
 8.515367
 8.503373
 8.886074
10.593022
10.019640
 9.933685
11.081636
10.729788
10.667191
10.321268
11.089995
10.183016
 9.805118
10.262795
10.335005
12.884488
11.840073
12.021514
11.571634
12.688067
12.128417
10.661383
11.389771
11.264336
11.073218
11.109214
10.258142
10.559508
10.437056
10.481065
10.317931
10.629142
11.285235
12.013720
10.297665
11.130814
12.610019
13.634541
13.693839
14.791556
13.581824
13.494185
12.928930
14.170996
14.284778
13.579314
13.558483
11.651811
11.986636
11.916690
12.629099
12.609481
13.270478
13.473731
 9.682520
20.656133
20.193698
21.552916
19.131701
19.343383
18.536636
17.976359
17.278307
17.931600
17.987674
17.315131
20.200386
18.887898
18.884335
19.412793
21.354869
17.605405
16.495544
17.463573
16.530120
16.889829
18.492214
17.392093
16.611672
18.654263
18.180192
17.996853
19.222123
18.365654
18.412847
18.204076
19.782353
18.675615
17.864394
18.565652
19.107935
19.906562
17.129329
18.152412
17.357423
17.089181
19.077028
17.846109
18.461904
19.656773
18.678845
16.807066
16.210001
16.061188
17.113725
16.520137
16.572131
16.106674
15.904529
15.885500
15.256559
15.519162
14.764159
14.472670
15.400521
14.581179
13.980127
14.328836
13.794877
10.251086
10.399372
 9.581680
 8.899710
 9.582356
 9.764680
11.545175
10.282766
10.525635
10.613878
10.134160
 9.310392
10.381514
10.268379
10.489514
10.692944
11.152010
18.595660
18.084301
17.625151
17.982335
17.321251
18.491138
17.266489
17.351084
17.986624
17.530053
14.750773
14.206598
13.561637
14.186498
14.012327
14.755628
15.547932
14.630801
15.353188
16.074138
16.277546
15.836835
15.079032
16.153075
14.328273
15.917493
15.079857
15.008630
15.639758
13.480413
14.102468
13.425215
15.026299
16.119407
15.519205
16.489387
15.789121
14.965581
15.135368
16.153278
15.094931
15.353835
14.673037
15.134052
15.410538
15.346806
14.209631
15.560737
14.109308
13.930693
15.084710
18.498240
17.542110
18.366853
18.521215
18.525216
20.127693
18.667183
18.652182
18.889256
19.404079
19.478005
18.404635
10.052299
 8.893304
11.110581
 9.929766
10.108404
 9.751892
 9.647880
10.809070
10.069982
 9.862039
 9.014255
 8.735953
 8.147812
 8.940910
 8.968692
 9.041984
 8.661864
 9.239686
 8.342424
11.725178
12.207558
12.081179
11.753120
11.886367
10.248821
 9.665443
10.498922
10.599525
10.520592
11.659945
10.333730
10.241489
 9.958087
 8.974212
 9.175218
10.943843
11.935485
11.806932
12.220768
11.828721
11.096387
10.915652
10.715342
11.004701
11.040036
11.265239
 9.134907
10.395801
 9.655631
 9.531369
10.213067
10.171436
10.227965
10.439524
10.472842
10.177709
 9.987838
11.391058
10.641153
12.012157
11.023551
11.019442
10.903313
11.104518
10.669436
10.486593
10.754129
10.000334
10.316097
11.088181
11.870914
10.785312
10.973035
10.394170
10.450676
10.562580
10.643744
10.884498
 8.934952
 7.954283
 9.042131
 9.254971
 9.888329
13.015163
13.723337
12.844223
13.276571
14.673017
12.822758
13.017304
13.637660
13.197425
12.743124
13.576520
14.961581
13.608498
14.707401
14.526135
13.434446
14.507131
14.948073
14.770892
14.654184
14.608981
13.998605
14.762468
14.228527
15.162893
14.150311
14.846764
13.942848
15.212058
15.485828
16.118662
13.837518
15.560270
14.689093
15.224580
14.763776
14.668909
15.057272
14.996339
14.733546
15.321056
15.247933
15.356131
15.946866
15.284072
15.564189
15.175792
14.008127
13.670940
13.736496
14.750325
19.676997
18.765234
18.842412
17.434781
19.440715
20.699987
19.228178
21.386590
21.887672
19.414862
20.258042
17.711539
17.486289
19.455947
18.763762
20.104374
19.322162
18.287483
18.750551
18.251924
17.011620
17.184854
19.516257
18.562512
16.902496
17.002483
17.598257
18.066555
18.595025
20.430656
19.922774
19.474085
20.475537
21.096374
18.795072
20.242119
19.175816
19.981117
18.533598
19.346253
18.731604
17.311108
18.874569
17.175835
17.059855
18.861008
17.910153
18.091543
19.220159
19.821817
19.626773
19.648938
17.390043
17.721014
19.474628
17.737647
19.453799
19.055970
18.089625
19.754710
19.801604
 8.144854
 8.295553
 8.417487
 8.092218
 8.343988
 8.201410
 7.161577
 7.553276
 7.549560
 7.969862
 7.712973
 7.283693
 7.741771
 8.541041
 7.275250
 7.741717
 7.119056
 7.348427
 7.074469
 7.610429
 7.364230
 7.796752
19.683248
17.151896
18.515220
18.922977
19.761633
18.797140
18.493241
19.113365
18.342612
18.562546
19.797646
14.305562
14.219380
13.970866
14.837116
15.644397
15.581418
15.223671
15.396302
14.413451
16.086303
16.883046
16.754475
16.129147
15.559459
16.245919
16.438099
16.873855
15.497764
17.167243
13.965229
13.811682
13.680400
14.783070
15.286678
15.275632
15.596323
15.217240
14.176140
15.042148
16.516293
15.859716
16.492412
11.796942
12.193651
12.864112
11.374363
12.001586
11.393177
11.808101
11.592730
11.921533
11.632066
11.906090
12.061601
11.433850
10.809606
10.994678
11.518367
11.157571
14.084536
14.454700
10.779506
10.537049
10.316440
10.131880
10.246038
10.834708
10.034946
10.268552
 9.467416
 9.787270
 9.804877
10.669234
10.207603
11.291000
10.796347
12.720285
12.908558
12.917188
12.189052
11.706538
12.195670
10.971151
12.995681
13.324622
14.020345
13.127843
13.776768
12.261141
12.616657
13.050772
13.110772
14.103324
13.975827
12.395243
12.949539
14.072809
12.944590
12.801978
13.052003
10.713296
11.060905
12.270964
11.144036
11.744431
11.085425
10.456013
 9.661103
10.823873
10.534081
10.015875
12.125816
12.121060
11.390286
13.607620
13.612330
12.637652
12.983366
13.363046
13.502286
12.482633
11.489187
12.858358
20.932730
19.986598
19.921583
20.607694
20.200590
19.861938
20.481569
20.721340
19.859728
13.488853
14.272810
12.723899
13.470805
14.137679
11.859351
12.700522
12.042590
13.712604
12.139694
11.732706
12.403267
10.515778
11.308292
11.205146
12.108351
10.494518
 9.936120
10.806312
11.635445
12.731166
11.842340
11.896753
11.211034
11.439582
10.620645
11.792332
11.008113
10.598991
10.963972
10.872569
11.111886
10.874693
10.842302
 9.861806
 9.752202
 9.730381
12.990020
11.934096
13.095863
13.045050
12.738673
12.809437
13.523408
12.690807
 7.334102
 7.567304
 7.670189
 7.448426
 7.486461
 7.915722
 8.077054
 7.444421
 7.411559
 6.950873
 7.444080
 7.341523
 7.546882
 7.689975
 7.504313
 6.998118
 7.221753
 7.002013
 8.140762
 8.379580
 7.800814
 6.896230
 6.517837
 7.945725
 7.615491
 7.744609
 7.453995
 7.651551
 7.935133
 6.305374
 6.557156
 6.116071
 6.457948
 5.433093
 6.220555
 6.835474
 6.152430
 6.013983
 5.957476
 5.962962
 6.002610
 6.538906
 5.528859
 5.458633
18.369515
18.232932
16.876381
17.657130
18.953404
18.448730
18.883360
18.977979
19.643353
17.099824
18.161327
16.986117
16.556851
16.448496
17.360733
15.150856
18.361622
16.938206
16.020528
16.169508
15.717499
16.806959
17.286648
16.393075
16.423164
16.645635
17.501900
20.290170
18.952426
19.020049
19.506760
17.847176
18.002749
18.518320
18.363318
16.206557
17.683758
17.648657
17.932779
17.989679
17.452815
17.413854
18.328957
18.371694
18.046401
16.402058
15.982309
17.424675
22.257194
21.745924
21.688234
20.563095
20.504854
11.514738
11.025158
11.375137
12.144851
11.756739
16.840355
17.612752
17.751376
16.236080
16.102158
14.799542
15.874344
18.843490
15.176065
15.888527
16.556824
15.831278
16.016869
15.479291
16.347563
16.813427
17.379065
15.507027
16.838572
15.710501
17.527708
17.226150
16.871227
15.532494
16.968265
 8.668815
 9.546147
12.293112
12.252569
12.853515
12.537290
12.563273
13.147172
12.510138
12.965844
12.715381
12.496212
11.847262
12.428823
12.472910
12.814388
12.227212
12.329694
13.089394
13.923042
14.223577
13.847802
13.783278
13.647865
13.932818
13.470914
17.451189
16.649372
17.778211
15.730930
17.103133
16.358600
17.013874
17.549468
19.084393
16.719472
16.927868
16.265900
16.247962
15.605485
15.814487
16.619450
18.916608
18.990483
19.469600
18.111604
19.509564
18.631170
18.730122
20.638650
20.381207
18.014636
17.798497
18.229002
17.685027
18.254655
17.696697
18.658294
18.579688
17.092366
16.094599
19.470208
18.086914
19.182838
16.923350
20.054143
17.990224
18.499980
19.208530
18.851052
18.997054
16.875662
16.215845
14.602227
17.513930
17.018252
15.748634
15.457208
15.233702
13.825759
13.588451
14.667564
18.168221
17.826062
15.256856
17.640035
17.102194
17.026409
18.871775
16.578449
17.062947
15.839970
16.826249
17.058262
17.405685
16.831300
16.421856
16.815835
16.240597
15.913136
17.798647
15.951909
16.801877
17.269402
16.070317
16.901498
17.366588
15.585321
15.313734
14.889054
11.820988
11.271056
10.584399
12.455781
12.108943
12.767559
13.308920
12.845285
12.442467
13.476015
12.438810
12.353126
12.340898
12.190677
12.180028
11.560320
12.238946
11.379355
13.711371
14.146323
14.122843
17.170901
18.553933
18.433906
18.715234
16.860761
17.293450
18.309751
16.395547
16.447204
17.430525
18.503150
19.039298
18.622208
16.966977
17.504232
17.229012
15.987339
17.675116
19.564570
19.282687
18.484126
17.709602
18.451504
17.502370
20.376119
20.271428
20.806695
20.353205
13.631129
13.093405
14.093951
14.192712
13.246857
13.057513
13.781014
13.135455
12.521250
13.808185
13.304027
19.340805
18.020205
17.861729
19.134915
18.994189
19.044554
16.483996
16.458867
17.641144
18.252337
18.531628
18.352636
17.551263
15.342272
14.714671
14.512244
15.449487
16.568413
15.592878
16.405536
16.822503
16.616627
18.967085
17.784716
18.415385
17.289248
17.106452
17.375967
19.316899
19.029035
19.051083
19.033212
17.986131
21.859502
22.354867
21.811030
20.023263
21.721988
22.485150
21.889608
22.575292
20.814764
21.296868
21.264864
23.240247
22.474017
21.581006
21.249163
22.886098
21.082966
22.490553
21.039247
20.437156
21.503952
21.874503
21.031306
11.594421
11.481186
12.680095
12.583399
12.254720
12.595363
12.955488
13.336328
11.860226
11.395321
13.330044
12.129779
12.322154
12.345980
12.333357
11.557139
11.553570
14.978488
13.804872
14.417216
15.814826
12.053259
12.996567
12.875349
13.212840
13.650277
12.831007
12.628505
13.283138
12.924810
12.708727
12.505530
12.169227
12.412703
12.354460
11.975853
13.777854
13.646343
13.702006
13.408402
14.157671
13.196952
13.612236
13.178521
13.489223
13.626052
13.773033
13.321081
12.328455
13.375831
12.174003
12.184983
10.110653
10.763351
10.300127
11.254664
11.649911
11.403608
14.874567
15.169885
10.861890
11.377364
10.518918
10.778434
10.185806
10.722880
10.965113
11.166111
11.005332
11.571715
 9.876457
11.446969
11.195644
12.467052
12.676589
11.933736
12.416129
12.828112
12.438270
12.507381
 8.682713
 8.584018
 8.564112
 8.578807
 8.198177
 8.482583
 7.562780
 9.033134
 8.975168
 8.385070
 8.562843
 8.999601
11.973304
12.498482
11.576699
12.107087
12.873261
12.069353
10.847905
10.560808
10.203000
10.071841
 8.474571
 8.689119
 9.163712
 8.922525
 9.529943
12.109963
11.317101
11.158584
11.263068
11.726410
11.637175
11.642770
10.841393
11.320551
10.650337
10.567981
10.743989
10.036240
12.934349
12.463935
13.254659
13.163830
15.785985
17.555713
16.639070
15.566703
16.948606
16.325393
13.557010
12.931732
12.465756
13.355310
14.003204
13.588249
13.894649
13.248443
13.516800
14.629554
13.188952
15.137883
14.754238
15.172445
15.040807
13.967595
14.995170
14.133470
13.647895
13.984104
13.250049
13.665131
14.437847
12.859994
13.714924
13.405917
13.388185
13.601883
13.825271
13.646919
13.185632
13.440635
12.183053
13.838950
13.286716
12.426974
14.557162
13.871826
14.164333
14.069379
15.856971
14.939050
15.648216
14.449441
16.758869
16.514044
16.279433
17.955374
 8.982814
 9.857039
 9.237310
11.921949
12.252244
11.312637
12.385920
12.035280
12.013748
11.570168
11.556566
11.984611
11.986407
11.100309
14.146531
14.500181
14.941686
15.569493
14.944793
13.801065
14.446357
14.349558
11.490143
10.652582
11.306099
12.725664
12.708237
11.802376
11.268808
 9.164209
 9.825896
 9.453945
 9.343538
 9.890224
11.335988
12.584516
11.588219
12.186197
11.423367
12.620957
12.367350
10.595066
11.989395
10.604572
11.755823
10.698156
11.854307
12.852138
11.830135
11.893606
11.955017
12.118545
12.367228
 9.831205
 9.634212
 9.783227
 9.969972
10.306116
10.319323
10.667001
18.040166
18.489765
17.822661
20.065282
19.520851
18.435305
18.044960
18.097204
17.687736
16.990856
18.148395
17.973819
16.248012
17.338946
14.875298
16.067810
16.282394
16.595106
15.474075
14.036391
14.585493
14.832740
15.093389
15.033771
13.914043
15.123311
15.502477
13.862064
14.540298
14.069149
13.384504
14.261257
12.754225
13.062716
12.622620
12.469086
14.048525
14.854991
14.514650
14.113384
14.388736
14.162135
13.606078
13.672101
13.876331
12.379798
11.939017
12.533823
12.888685
12.176110
18.681588
18.849361
18.269775
17.989791
18.666088
17.693368
19.423276
18.863759
18.152800
18.426667
17.565709
16.782129
16.118490
17.111925
18.060941
17.426352
18.091475
17.832890
18.435961
18.338146
16.511499
18.518486
17.200241
17.847308
16.438359
17.371863
18.238583
17.377183
15.168182
14.849939
16.514874
14.503731
12.240998
12.636466
12.618356
12.964556
12.567421
12.239315
12.392536
13.480037
13.426522
14.577220
15.071504
13.869334
13.476078
14.074335
14.800015
15.125916
14.487524
15.129686
14.990891
14.703779
13.879400
14.448202
13.812721
13.494232
14.679629
13.196547
13.237776
13.038202
11.296740
10.244213
11.305191
12.071759
10.336741
12.396679
12.658728
13.432927
12.634677
12.911588
13.698064
14.591408
13.763723
13.416608
12.717297
12.431016
11.669770
12.301745
12.038257
11.646851
13.081344
12.396564
19.629293
20.631992
19.944209
18.884696
10.700508
 9.616891
10.087722
 9.410837
10.298043
10.137219
10.157402
 9.296570
10.322529
 9.880616
10.121066
10.619462
10.562859
10.415593
10.412584
14.074280
13.412049
13.851320
13.745944
13.328563
13.893716
13.360745
14.343172
12.900232
13.547353
13.480685
12.975363
13.791162
12.724008
12.899703
14.116389
12.514139
12.886360
14.878796
14.208409
11.763372
11.876824
12.306462
12.454786
10.797901
11.639678
11.523548
12.070013
11.134920
10.664055
10.094415
10.920748
12.017594
11.522960
11.687779
11.167094
11.507581
10.885628
11.679030
11.252594
 9.795605
13.926326
13.899170
14.371399
14.429439
15.332410
13.942892
12.386940
11.583051
15.098330
15.020026
15.095771
14.578634
14.780324
15.008957
11.658014
11.925534
16.092586
16.479915
15.503607
16.049592
16.483757
16.274642
16.748814
16.654793
15.665468
16.564737
17.033357
16.419651
16.268931
16.323896
14.057384
14.858329
14.503964
14.624268
14.429530
13.428827
12.667783
13.068857
13.730246
13.101963
14.598773
14.257615
13.380752
12.448502
12.597875
13.126612
12.045729
13.629547
12.597079
14.790921
15.397105
14.042208
14.958761
15.200131
15.246561
13.749269
10.211053
10.399047
 9.667606
10.148894
 9.586755
 8.874297
 9.618853
 9.464655
 9.440541
 9.535542
 9.687390
 9.417514
 9.456310
 9.704083
 9.175867
 8.781120
10.626733
10.030679
 8.878572
10.077484
10.316180
 9.084268
 9.272725
 9.652004
 9.894681
10.628367
 9.619471
 9.175217
11.358108
11.099143
10.229935
10.986167
10.954188
10.767218
10.592848
10.661085
10.069471
 9.661951
10.393318
10.256041
 9.798863
 9.688376
12.356898
12.244782
11.306686
 9.868680
10.570445
10.470433
10.431543
11.175112
11.147908
12.011980
10.751337
11.423220
11.027246
12.093880
11.242207
11.781348
11.632034
11.895895
12.284545
10.695565
10.297709
11.204184
10.339087
10.362037
 9.881958
10.965144
10.227919
10.173976
10.372419
10.379182
11.556754
10.667418
10.881278
11.286044
11.150022
11.165349
10.362307
11.283204
10.463357
 9.287281
10.022495
10.919858
10.733945
10.597279
10.267350
10.459912
10.302330
 9.818199
 9.662877
10.212257
10.035302
 9.970515
 9.273971
 9.651128
 9.571519
 8.999186
 9.694555
 9.370565
10.591668
10.499105
10.729134
10.673257
 9.876972
10.806493
10.945749
11.052465
10.447017
11.160828
10.666664
 9.732940
 8.028500
 8.547497
 9.135824
 9.075492
 8.789766
 9.364143
 8.756757
 8.743786
 9.107343
 9.276520
 9.646983
 9.467957
 8.467367
 9.264928
 8.896392
10.770720
11.112062
10.326845
10.424404
10.551864
11.360419
10.680011
11.305891
11.354053
11.132121
11.444041
11.153722
11.759023
11.941435
13.241633
14.760447
13.498231
11.128985
11.566866
 9.108455
 9.078569
 9.927226
10.889282
10.614637
13.666007
14.546448
13.564217
12.499180
12.088556
11.055040
12.034564
11.568200
11.485575
11.694916
11.020232
11.161024
11.506561
12.785425
14.859957
 9.583151
10.282118
10.216397
10.456536
 9.940183
 9.981236
10.968442
10.360002
11.269431
10.422284
10.048608
 9.572230
17.830622
17.957188
18.529260
18.471908
17.840127
18.437362
18.367938
16.847830
17.152184
17.500839
17.445773
17.045501
18.473543
16.229623
13.295684
14.014100
12.853220
12.935700
13.145384
12.887699
12.492965
12.342711
13.057387
13.055966
13.634223
13.376218
13.736586
13.657987
12.426725
12.916014
13.211378
12.572394
12.924462
14.469348
14.143950
12.915590
12.793162
13.079755
13.343187
12.456095
12.008993
12.353137
12.812164
12.631829
12.371656
12.077707
12.441971
12.180776
15.210719
12.400828
13.363433
12.871294
12.754693
13.468350
13.937151
13.524835
13.723988
13.979175
13.763277
13.248735
14.003436
12.898178
13.603155
13.351046
13.409446
14.969084
14.366089
14.380336
13.912567
 8.859644
 9.372426
 9.174809
 9.073255
 8.160163
 7.612618
 8.247930
 8.170629
 8.495448
11.132591
11.544720
11.989340
11.768711
11.596069
10.942605
11.328388
14.472108
14.920842
13.405115
14.176285
15.037020
15.695725
15.322850
16.624074
16.374315
14.733528
15.366634
14.680712
17.299869
14.254674
15.708829
15.075875
15.121276
15.987299
19.376079
16.544727
18.146426
16.811775
17.515463
19.368884
17.511106
18.531601
17.710054
17.697935
17.172713
17.170880
19.743389
20.782881
20.119489
19.640145
20.880126
17.236000
18.327318
17.247786
16.817623
17.325391
15.689806
14.279954
15.156286
14.613644
13.443385
14.609803
13.335718
13.704543
13.604008
13.761419
13.401081
13.550687
13.979967
13.069007
13.774461
13.350973
14.165597
13.756545
15.304082
14.390059
15.012005
15.778949
15.103452
14.130944
13.428173
13.494130
13.851472
13.111145
14.345255
16.626332
15.088052
10.708736
10.942203
11.494932
10.331754
12.858692
12.026545
12.458622
12.119415
12.982349
13.311771
12.389407
19.168830
20.920194
20.274270
20.743694
20.984507
21.028643
20.630518
20.857100
18.907499
20.280928
20.078199
21.373670
21.209851
21.201242
19.499539
20.546286
20.133857
19.780972
19.836900
19.637341
18.311971
16.869412
17.333813
16.922629
16.158437
17.627978
16.754519
17.255855
17.074527
17.176900
16.995394
17.154316
16.589297
18.334108
17.594062
18.340661
16.661118
17.507398
18.149044
22.457411
22.301157
20.868463
23.184863
21.787833
27.639178
24.773715
26.120146
26.568883
23.209747
23.475978
21.252054
25.224627
20.964634
21.684345
23.204274
21.900358
21.994874
22.159353
22.102855
20.360792
21.750277
21.801023
20.135135
26.501225
26.363041
26.168260
25.097941
25.371091
26.568206
24.613308
26.140375
24.129316
26.564355
22.761490
20.821715
21.559219
21.481858
22.218808
22.981564
22.149763
22.913679
22.287132
23.172638
24.406427
25.150379
19.899291
21.663813
21.145384
18.331400
17.878613
20.176407
17.526806
19.772906
21.701092
19.093092
19.934272
20.397626
19.548372
19.311437
18.807186
22.101635
17.444027
15.876623
18.033014
17.920684
16.848494
17.211196
17.212798
17.175161
17.886347
17.522903
16.962354
21.270302
21.829742
21.659501
21.228410
21.437532
21.411221
20.597662
21.378104
20.193465
20.721272
20.934786
19.759238
24.380795
23.465978
22.456285
24.143570
24.245378
23.758381
23.120521
25.462558
23.194475
21.461984
24.514903
22.340715
24.367594
24.712194
16.750792
17.496276
16.831561
17.008864
15.998776
18.919073
19.110936
19.851472
15.100036
15.127649
15.905672
15.068055
15.318831
14.047679
13.723623
13.317556
14.368264
13.699611
14.771307
14.643593
14.697379
17.046304
17.053419
16.777187
17.426593
16.093848
16.931523
17.303389
16.862555
17.104868
16.127041
16.517368
16.110215
13.962793
13.647052
14.652279
15.498203
14.473375
14.650910
15.310960
14.928236
14.392546
14.555777
14.123189
15.934132
16.574002
16.509798
10.312060
 9.811234
 8.996618
 9.322624
 9.496421
10.098406
 9.956335
 9.957619
10.084553
10.244689
 9.586577
10.301241
 9.928835
 9.384481
 9.294187
 9.053506
 8.592997
 9.597903
 8.814888
 8.839335
 9.277079
 9.354504
 9.912356
 8.939494
 9.411193
 8.732242
 8.750090
 8.694122
 9.553371
 8.676887
 8.607959
 8.253108
 9.327973
 9.787693
 9.457974
 8.900013
 9.908016
 9.181474
11.163872
10.854902
10.723251
11.130370
11.271109
10.762505
10.459075
11.558843
11.457059
11.423320
10.088917
11.830328
10.617419
11.149243
11.376118
11.460795
11.648689
11.286112
10.549688
10.611577
 8.124792
 7.589978
 6.959851
 7.433251
 7.496797
 7.624541
 7.629162
 7.137253
 7.341278
 7.873845
 7.358614
 7.777605
 7.579668
 7.905950
 8.036287
 8.429774
 8.044798
 7.847562
 8.301367
 8.352914
 9.665407
 9.094414
 9.043191
 8.952522
 8.519722
 9.925773
 9.686077
 9.332814
 9.826664
 9.194224
 9.840675
 9.764371
 9.192807
10.932545
10.288250
10.349967
11.577298
11.398467
10.227960
10.837267
11.217427
10.597653
10.757973
10.419122
 9.845903
 9.921343
 9.642743
 9.577604
11.087945
10.179359
10.510139
11.108374
11.427783
10.100439
10.384103
11.055920
10.185714
10.406190
12.666917
13.726618
14.166793
13.492926
13.745121
12.844105
13.977072
12.326536
11.585375
12.555216
13.041273
13.420209
13.748040
14.491734
15.319197
14.703172
16.135101
14.613330
15.261677
15.240895
15.532529
15.061156
15.610116
14.967598
14.177374
14.106928
15.306654
14.166467
13.513734
14.834499
15.612127
14.735278
14.680543
14.245174
15.375438
15.800329
15.216408
14.801924
13.111629
14.133336
14.853493
14.461729
16.325282
15.499467
15.910293
14.417275
16.058477
14.945819
16.979801
16.052353
15.845450
15.876583
15.841354
14.319705
14.225679
16.644578
15.603419
15.014840
15.029044
14.439713
15.216402
15.370317
15.136453
15.970799
15.162478
14.365414
13.588356
13.548771
13.413743
15.900686
14.196328
15.123702
16.311548
15.598778
15.317069
16.367852
15.247917
16.069337
14.243772
15.193591
13.597804
14.450834
14.860167
14.574750
15.741059
17.559234
15.784168
15.404210
14.808826
16.008112
15.310776
15.566770
17.035268
17.158421
16.677755
17.029787
17.146181
14.383466
12.665721
14.666998
16.590028
16.746380
13.694576
13.500410
13.422466
13.852970
13.388433
14.003492
12.677075
11.916634
13.225519
12.355260
13.243082
13.127502
13.667911
12.784067
13.143253
13.354127
12.041125
13.102157
18.104805
16.735732
16.512181
17.016609
17.910621
16.646277
16.682695
17.769459
16.679878
17.419567
16.806188
15.449362
14.905600
14.400315
15.884303
15.480349
13.899527
13.739480
13.322142
14.819328
13.890635
12.933032
13.461097
15.718801
15.014643
14.268021
16.417554
16.841066
16.126195
19.503043
19.023382
18.112670
17.361038
19.615574
18.663102
18.219699
11.558531
11.786133
10.752322
10.800373
11.036446
11.414442
10.488280
10.493074
10.443519
10.884564
10.408719
14.198675
15.009353
13.869144
13.388656
13.821409
14.459949
13.713713
13.931991
13.886832
14.011663
13.733265
12.694089
12.502623
12.520660
12.494389
12.924983
11.807765
12.890226
12.935552
13.147178
13.507071
15.149788
15.431214
15.139589
15.444664
13.627393
14.196444
14.748449
16.487463
16.040703
15.023971
14.370372
15.979930
16.331036
15.815291
16.324987
17.069867
16.102059
14.991457
15.136836
16.357998
14.753059
15.793482
15.080107
14.872393
15.805092
15.960171
15.577260
16.240795
16.492870
16.229712
14.728505
14.967088
14.879986
13.805650
10.828019
11.752863
10.502782
10.190157
10.679111
10.950474
11.728556
10.808809
11.092574
11.673240
11.620023
12.171790
11.209816
12.181840
11.396284
12.067270
11.498574
12.513239
11.537122
12.745183
12.362840
12.269426
12.029399
12.312665
 5.590482
 5.845382
 5.714872
 6.210787
 5.862118
 6.297522
 6.358068
 5.783864
 6.347582
 6.036349
 5.328110
 5.563413
 5.226904
 5.484937
 5.832772
 5.575495
 5.338342
 6.139083
 6.342600
 5.941252
 5.976195
 6.484364
 6.273709
 5.968460
 6.020195
 6.095260
 6.181445
 5.837386
 7.446947
 6.774376
 6.942544
 6.904649
 6.796606
 7.032479
 6.891394
 6.920788
 6.417056
 6.602316
 4.941647
 5.380336
 5.123461
 5.313884
 5.904931
 5.671449
 5.730769
 6.390336
 6.498788
 6.088513
 6.515928
 5.295000
 5.395545
 5.134687
 5.370446
 5.441624
 5.227426
 4.716502
 5.179164
 5.560323
 5.258693
 5.417300
 5.409096
 5.400977
 5.875072
 5.568031
 5.734873
 5.424566
 6.077027
 5.454562
 5.588148
 6.069190
 6.052952
 6.218496
 5.553371
 5.482467
 6.053108
 5.578933
 5.696533
 5.431473
 5.897308
 5.624171
 6.017413
 5.925637
 5.151441
 5.126509
 5.159519
 5.121017
 7.310394
 7.558958
 7.100154
 7.254553
 7.226177
 7.365118
 7.724518
 7.315571
 7.071913
 7.032683
 7.704792
 6.738734
 6.641044
 6.702649
 6.489981
 6.967950
 7.026983
 6.435095
 6.584293
 6.227506
 6.773695
 6.694843
 6.191150
 6.339291
13.429333
12.446415
12.349116
11.578648
12.162650
11.780373
11.636159
11.637093
11.702867
15.853900
14.970696
15.770683
16.579542
15.078266
14.737758
15.002626
15.188460
11.646751
12.545365
12.445557
12.277842
11.877572
13.622150
13.759850
13.369217
13.156020
12.923540
16.057238
18.878088
17.688299
16.711700
17.101542
16.074685
15.438170
15.699849
15.102672
14.175359
15.810190
15.040279
15.260139
15.090911
16.266552
15.700074
16.234802
17.968958
17.210760
16.628226
13.382876
14.226540
13.639081
14.258566
17.168398
15.560503
15.293112
15.621618
16.684511
16.717414
15.649741
15.089722
17.971034
15.323320
15.542824
14.857171
14.738009
15.913771
15.592448
13.826970
15.462017
15.499435
13.601847
15.377690
14.471650
14.045382
14.404410
14.014389
14.322775
13.864921
13.461119
13.997269
13.786390
14.941771
15.302233
15.762000
15.824600
16.802317
14.402100
15.228293
14.382238
14.828293
14.983229
15.320720
14.418316
15.697282
15.584105
15.854243
15.839898
16.090938
16.379352
14.897428
15.326620
14.727776
15.243424
15.062116
15.646537
15.611007
17.896193
16.990719
16.930175
17.583865
17.720679
18.484697
18.189229
17.284467
17.247597
17.005746
16.752527
13.655457
13.881178
13.918692
14.654683
14.061729
14.716714
12.922600
14.194752
13.777454
11.918720
13.496570
12.519784
12.625554
11.968676
12.659217
11.527311
11.541815
12.163084
11.763146
11.474726
11.761568
12.758956
12.068954
11.800523
11.124566
12.565905
12.837531
12.742782
11.935522
13.044615
12.588271
11.975298
12.045185
12.190408
12.199492
11.982587
11.219243
12.201962
10.339706
12.875377
11.948150
11.936644
13.344087
13.081731
15.178603
16.355483
16.923104
16.022679
15.243924
16.724890
15.612201
15.959853
16.463331
17.070991
17.212469
16.676641
15.266822
15.916864
16.653274
16.696119
17.278095
15.293290
16.543314
18.246044
17.146625
17.438294
15.029921
16.622680
15.210594
15.853697
18.012312
18.044432
16.716535
18.120140
18.927044
19.555573
18.526937
20.611973
18.795503
17.596566
18.248432
18.188749
16.721025
17.036444
15.642392
16.019149
16.500415
16.567780
16.517630
18.624377
19.909008
19.047143
12.390697
12.031229
18.912543
18.761592
17.598394
19.755053
15.409877
15.349828
15.809081
14.913588
15.507270
16.469869
17.250626
16.570511
14.864141
12.835558
12.766816
13.261925
14.484726
13.527176
14.446771
14.726405
13.652633
15.197465
14.402588
15.210350
15.258966
15.056105
15.190672
15.375283
16.171388
15.937968
16.530419
15.790634
16.125848
16.097760
16.065225
17.427560
16.053633
15.255547
15.232319
13.953263
16.051495
14.298644
15.509044
14.770070
16.912602
17.123669
17.162163
17.908755
17.005357
16.523527
16.393145
16.753656
14.013203
14.375724
14.221146
14.471519
14.795531
14.318406
13.712147
14.719313
15.946684
18.252871
18.076676
17.639308
16.236548
19.618017
18.187500
18.409711
18.199850
19.506276
17.818865
16.474987
17.401471
12.722134
11.645053
12.815511
13.016104
14.174360
14.164919
13.962691
14.595900
11.361639
12.706514
12.978756
11.791165
12.092509
12.858109
12.154836
11.530271
11.038297
11.730741
12.177935
11.020054
11.108701
11.253916
10.726340
10.691025
10.850660
 9.632019
10.544253
11.543370
12.704680
 8.936343
 9.575205
 9.417293
10.194898
10.087294
10.308442
 9.595504
 9.591921
10.002356
 9.945833
10.427508
10.932901
10.082301
10.525158
 9.655930
10.390011
 9.432042
10.374754
10.216603
10.553901
 9.940278
10.981903
10.647200
 9.726736
10.297170
10.384897
10.796519
10.917749
11.604332
11.668895
11.494418
10.090408
 9.725969
 9.465078
10.552447
 9.841457
10.325517
 9.789056
10.096658
 8.849950
 8.011388
 9.690252
 7.478951
 7.725879
 8.589435
 8.045354
 8.232834
 8.433222
 8.992137
 8.027410
 8.801025
 9.152328
 9.161155
 9.363811
 8.231709
 9.096968
 8.617554
 8.775671
 8.130039
 7.979619
 8.031270
 8.509037
 7.591008
 8.244556
 8.593252
 8.209383
 8.030828
 9.964842
11.052840
 9.063749
 8.950489
 8.342451
 8.977346
 8.834248
 8.522315
 9.244101
 9.404654
 8.565282
 8.835282
 9.048821
 9.376371
 9.399870
 8.599344
 8.048592
 8.421055
 8.653234
 8.371083
 7.921081
 7.876553
 8.179569
 7.710648
 7.985879
 7.867768
 7.629491
 7.336811
 7.520608
 8.760896
 8.477853
 8.150556
 7.880801
 8.594087
 8.507783
 8.292432
 8.095418
 8.264185
 9.014682
 9.108492
 9.984548
 9.558174
 9.727367
10.020883
 9.499957
 9.637896
 9.228319
 9.795428
 9.958386
 9.868959
 9.353642
 8.230854
 7.542749
 7.652697
 7.691100
 7.702912
 7.543272
 7.780566
 7.676776
 7.119601
 8.929001
 9.346674
 9.264689
 9.766235
 9.519916
 8.568810
 8.775422
 8.807564
 8.694271
 9.767389
 8.953452
 8.993862
 9.162536
 6.395093
 5.477216
 5.895492
 5.342084
 5.240865
 5.312491
 5.782908
 5.655054
 5.631988
 6.209468
 6.657333
 5.872884
 5.601691
 6.053016
 6.083635
 6.420579
 6.267555
 6.037029
 5.853435
 6.278948
 9.851256
 9.763939
10.048229
10.134776
19.005652
17.845615
18.318843
17.913896
18.107429
18.422092
17.623464
17.856149
17.944534
19.530348
18.802510
18.831952
22.302872
21.915730
20.142340
15.784591
16.499782
16.076025
13.907287
14.332402
14.556902
14.559393
13.197659
13.280290
14.196181
14.311628
14.879869
13.053346
14.602149
13.915508
13.995092
14.641797
15.358081
15.755640
15.601024
15.224755
15.203925
14.100299
18.136185
17.157031
16.497480
18.398327
18.655426
16.669318
18.402751
16.709579
16.967770
15.962521
18.107682
16.909514
17.488053
16.460545
17.638332
18.411724
19.241715
17.633756
17.038573
17.261768
15.956347
16.744293
17.467643
16.997109
17.364653
16.530126
16.100025
16.731629
16.787997
18.138222
12.606247
13.907504
13.977203
12.574611
12.156000
12.343755
12.498223
14.015388
12.965891
12.389078
13.364604
13.571963
14.532099
13.236446
14.378236
13.861693
13.461096
13.258947
14.338066
13.284351
13.033331
12.275215
13.282711
13.398995
13.278081
13.138679
12.560971
13.114593
12.116892
12.795478
13.771202
13.575805
12.684052
10.920605
14.154455
15.080294
13.753774
14.775320
15.466276
11.698135
12.075267
11.624528
11.780443
12.311763
15.070360
14.649203
15.589333
15.289300
14.448476
16.356279
16.349297
14.942480
16.388328
12.743205
13.721057
14.359288
13.142358
13.168580
16.119891
15.264788
16.168377
14.617087
16.585409
15.009624
14.891491
14.573381
15.143246
14.733341
15.032971
18.711336
19.138900
19.333315
19.815512
19.137874
18.874312
21.548271
20.007949
18.284438
19.554638
18.063892
18.243403
18.107701
17.984755
17.611496
18.268813
24.225161
23.735396
22.661496
16.343145
16.951141
17.490446
15.747875
17.330055
16.733209
16.231124
17.371539
16.366432
13.999850
14.828915
17.634893
18.916046
19.018464
18.034672
17.557630
18.540351
18.094988
20.856787
17.239106
18.087557
18.067780
16.703745
17.004853
15.157873
16.545717
16.060890
16.617648
15.524078
16.704211
16.109984
15.870725
15.571024
15.981304
15.134597
15.931317
15.482397
14.611576
15.008773
16.067065
11.066786
 9.958683
11.400883
11.491657
13.005144
12.369317
14.247791
12.538454
12.903022
14.013981
12.819059
14.202324
13.345866
13.396090
13.811395
13.590594
13.057276
15.017418
13.588316
13.780803
14.233802
13.370874
13.110031
13.162410
13.228940
13.631235
13.303162
12.863228
12.344321
11.651255
14.693515
13.758393
13.830535
15.697753
14.593748
14.389132
14.972119
