 9.975920
10.701271
11.016612
10.718933
10.236976
10.441565
10.230248
 9.314836
10.044046
 9.391188
 9.940980
 9.989791
 9.759685
10.053523
 9.201131
 9.608932
11.101011
10.036553
 9.868499
 9.612119
 9.216790
10.890538
 9.779139
 9.461060
 9.660522
 9.258636
10.532326
 9.941361
10.135528
10.655997
10.179318
 9.796712
 9.585877
 9.803941
 9.473677
 9.321577
10.108803
10.190597
10.510347
10.149026
 9.975920
10.701271
11.016612
10.718933
10.236976
10.441565
10.230248
 9.314836
10.044046
 9.391188
 9.940980
 9.989791
 9.759685
10.053523
 9.201131
 9.608932
11.101011
10.036553
 9.868499
 9.612119
 9.216790
10.890538
 9.779139
 9.461060
 9.660522
 9.258636
10.532326
 9.941361
10.135528
10.655997
10.179318
 9.796712
 9.585877
 9.803941
 9.473677
 9.321577
10.108803
10.190597
10.510347
10.149026
 9.975920
10.701271
11.016612
10.718933
10.236976
10.441565
10.230248
 9.314836
10.044046
 9.391188
 9.940980
 9.989791
 9.759685
10.053523
 9.201131
 9.608932
11.101011
10.036553
 9.868499
 9.612119
 9.216790
10.890538
 9.779139
 9.461060
 9.660522
 9.258636
10.532326
 9.941361
10.135528
10.655997
10.179318
 9.796712
 9.585877
 9.803941
 9.473677
 9.321577
10.108803
10.190597
10.510347
10.149026
 9.975920
10.701271
11.016612
10.718933
10.236976
10.441565
10.230248
 9.314836
10.044046
 9.391188
 9.940980
 9.989791
 9.759685
10.053523
 9.201131
 9.608932
11.101011
10.036553
 9.868499
 9.612119
 9.216790
10.890538
 9.779139
 9.461060
 9.660522
 9.258636
10.532326
 9.941361
10.135528
10.655997
10.179318
 9.796712
 9.585877
 9.803941
 9.473677
 9.321577
10.108803
10.190597
10.510347
10.149026
 9.975920
10.701271
11.016612
10.718933
10.236976
10.441565
10.230248
 9.314836
10.044046
 9.391188
 9.940980
 9.989791
 9.759685
10.053523
 9.201131
 9.608932
11.101011
10.036553
 9.868499
 9.612119
 9.216790
10.890538
 9.779139
 9.461060
 9.660522
 9.258636
10.532326
 9.941361
10.135528
10.655997
10.179318
 9.796712
 9.585877
 9.803941
 9.473677
 9.321577
10.108803
10.190597
10.510347
10.149026
 9.975920
10.701271
11.016612
10.718933
10.236976
10.441565
10.230248
 9.314836
10.044046
 9.391188
 9.940980
 9.989791
 9.759685
10.053523
 9.201131
 9.608932
11.101011
10.036553
 9.868499
 9.612119
 9.216790
10.890538
 9.779139
 9.461060
 9.660522
 9.258636
10.532326
 9.941361
10.135528
10.655997
10.179318
 9.796712
 9.585877
 9.803941
 9.473677
 9.321577
10.108803
10.190597
10.510347
10.149026
 9.975920
10.701271
11.016612
10.718933
10.236976
10.441565
10.230248
 9.314836
10.044046
 9.391188
 9.940980
 9.989791
 9.759685
10.053523
 9.201131
 9.608932
11.101011
10.036553
 9.868499
 9.612119
 9.216790
10.890538
 9.779139
 9.461060
 9.660522
 9.258636
10.532326
 9.941361
10.135528
10.655997
10.179318
 9.796712
 9.585877
 9.803941
 9.473677
 9.321577
10.108803
10.190597
10.510347
10.149026
 9.975920
10.701271
11.016612
10.718933
10.236976
10.441565
10.230248
 9.314836
10.044046
 9.391188
 9.940980
 9.989791
 9.759685
10.053523
 9.201131
 9.608932
11.101011
10.036553
 9.868499
 9.612119
 9.216790
10.890538
 9.779139
 9.461060
 9.660522
 9.258636
10.532326
 9.941361
10.135528
10.655997
10.179318
 9.796712
 9.585877
 9.803941
 9.473677
 9.321577
10.108803
10.190597
10.510347
10.149026
 9.975920
10.701271
11.016612
10.718933
10.236976
10.441565
10.230248
 9.314836
10.044046
 9.391188
 9.940980
 9.989791
 9.759685
10.053523
 9.201131
 9.608932
11.101011
10.036553
 9.868499
 9.612119
 9.216790
10.890538
 9.779139
 9.461060
 9.660522
 9.258636
10.532326
 9.941361
10.135528
10.655997
10.179318
 9.796712
 9.585877
 9.803941
 9.473677
 9.321577
10.108803
10.190597
10.510347
10.149026
 9.975920
10.701271
11.016612
10.718933
10.236976
10.441565
10.230248
 9.314836
10.044046
 9.391188
 9.940980
 9.989791
 9.759685
10.053523
 9.201131
 9.608932
11.101011
10.036553
 9.868499
 9.612119
 9.216790
10.890538
 9.779139
 9.461060
 9.660522
 9.258636
10.532326
 9.941361
10.135528
10.655997
10.179318
 9.796712
 9.585877
 9.803941
 9.473677
 9.321577
10.108803
10.190597
10.510347
10.149026
 9.975920
10.701271
11.016612
10.718933
10.236976
10.441565
10.230248
 9.314836
10.044046
 9.391188
 9.940980
 9.989791
 9.759685
10.053523
 9.201131
 9.608932
11.101011
10.036553
 9.868499
 9.612119
 9.216790
10.890538
 9.779139
 9.461060
 9.660522
 9.258636
10.532326
 9.941361
10.135528
10.655997
10.179318
 9.796712
 9.585877
 9.803941
 9.473677
 9.321577
10.108803
10.190597
10.510347
10.149026
 9.975920
10.701271
11.016612
10.718933
10.236976
10.441565
10.230248
 9.314836
10.044046
 9.391188
 9.940980
 9.989791
 9.759685
10.053523
 9.201131
 9.608932
11.101011
10.036553
 9.868499
 9.612119
 9.216790
10.890538
 9.779139
 9.461060
 9.660522
 9.258636
10.532326
 9.941361
10.135528
10.655997
10.179318
 9.796712
 9.585877
 9.803941
 9.473677
 9.321577
10.108803
10.190597
10.510347
10.149026
 9.975920
10.701271
11.016612
10.718933
10.236976
10.441565
10.230248
 9.314836
10.044046
 9.391188
 9.940980
 9.989791
 9.759685
10.053523
 9.201131
 9.608932
11.101011
10.036553
 9.868499
 9.612119
 9.216790
10.890538
 9.779139
 9.461060
 9.660522
 9.258636
10.532326
 9.941361
10.135528
10.655997
10.179318
 9.796712
 9.585877
 9.803941
 9.473677
 9.321577
10.108803
10.190597
10.510347
10.149026
 9.975920
10.701271
11.016612
10.718933
10.236976
10.441565
10.230248
 9.314836
10.044046
 9.391188
 9.940980
 9.989791
 9.759685
10.053523
 9.201131
 9.608932
11.101011
10.036553
 9.868499
 9.612119
 9.216790
10.890538
 9.779139
 9.461060
 9.660522
 9.258636
10.532326
 9.941361
10.135528
10.655997
10.179318
 9.796712
 9.585877
 9.803941
 9.473677
 9.321577
10.108803
10.190597
10.510347
10.149026
 9.975920
10.701271
11.016612
10.718933
10.236976
10.441565
10.230248
 9.314836
10.044046
 9.391188
 9.940980
 9.989791
 9.759685
10.053523
 9.201131
 9.608932
11.101011
10.036553
 9.868499
 9.612119
 9.216790
10.890538
 9.779139
 9.461060
 9.660522
 9.258636
10.532326
 9.941361
10.135528
10.655997
10.179318
 9.796712
 9.585877
 9.803941
 9.473677
 9.321577
10.108803
10.190597
10.510347
10.149026
 9.975920
10.701271
11.016612
10.718933
10.236976
10.441565
10.230248
 9.314836
10.044046
 9.391188
 9.940980
 9.989791
 9.759685
10.053523
 9.201131
 9.608932
11.101011
10.036553
 9.868499
 9.612119
 9.216790
10.890538
 9.779139
 9.461060
 9.660522
 9.258636
10.532326
 9.941361
10.135528
10.655997
10.179318
 9.796712
 9.585877
 9.803941
 9.473677
 9.321577
10.108803
10.190597
10.510347
10.149026
 9.975920
10.701271
11.016612
10.718933
10.236976
10.441565
10.230248
 9.314836
10.044046
 9.391188
 9.940980
 9.989791
 9.759685
10.053523
 9.201131
 9.608932
11.101011
10.036553
 9.868499
 9.612119
 9.216790
10.890538
 9.779139
 9.461060
 9.660522
 9.258636
10.532326
 9.941361
10.135528
10.655997
10.179318
 9.796712
 9.585877
 9.803941
 9.473677
 9.321577
10.108803
10.190597
10.510347
10.149026
 9.975920
10.701271
11.016612
10.718933
10.236976
10.441565
10.230248
 9.314836
10.044046
 9.391188
 9.940980
 9.989791
 9.759685
10.053523
 9.201131
 9.608932
11.101011
10.036553
 9.868499
 9.612119
 9.216790
10.890538
 9.779139
 9.461060
 9.660522
 9.258636
10.532326
 9.941361
10.135528
10.655997
10.179318
 9.796712
 9.585877
 9.803941
 9.473677
 9.321577
10.108803
10.190597
10.510347
10.149026
 9.975920
10.701271
11.016612
10.718933
10.236976
10.441565
10.230248
 9.314836
10.044046
 9.391188
 9.940980
 9.989791
 9.759685
10.053523
 9.201131
 9.608932
11.101011
10.036553
 9.868499
 9.612119
 9.216790
10.890538
 9.779139
 9.461060
 9.660522
 9.258636
10.532326
 9.941361
10.135528
10.655997
10.179318
 9.796712
 9.585877
 9.803941
 9.473677
 9.321577
10.108803
10.190597
10.510347
10.149026
 9.975920
10.701271
11.016612
10.718933
10.236976
10.441565
10.230248
 9.314836
10.044046
 9.391188
 9.940980
 9.989791
 9.759685
10.053523
 9.201131
 9.608932
11.101011
10.036553
 9.868499
 9.612119
 9.216790
10.890538
 9.779139
 9.461060
 9.660522
 9.258636
10.532326
 9.941361
10.135528
10.655997
10.179318
 9.796712
 9.585877
 9.803941
 9.473677
 9.321577
10.108803
10.190597
10.510347
10.149026
 9.975920
10.701271
11.016612
10.718933
10.236976
10.441565
10.230248
 9.314836
10.044046
 9.391188
 9.940980
 9.989791
 9.759685
10.053523
 9.201131
 9.608932
11.101011
10.036553
 9.868499
 9.612119
 9.216790
10.890538
 9.779139
 9.461060
 9.660522
 9.258636
10.532326
 9.941361
10.135528
10.655997
10.179318
 9.796712
 9.585877
 9.803941
 9.473677
 9.321577
10.108803
10.190597
10.510347
10.149026
 9.975920
10.701271
11.016612
10.718933
10.236976
10.441565
10.230248
 9.314836
10.044046
 9.391188
 9.940980
 9.989791
 9.759685
10.053523
 9.201131
 9.608932
11.101011
10.036553
 9.868499
 9.612119
 9.216790
10.890538
 9.779139
 9.461060
 9.660522
 9.258636
10.532326
 9.941361
10.135528
10.655997
10.179318
 9.796712
 9.585877
 9.803941
 9.473677
 9.321577
10.108803
10.190597
10.510347
10.149026
 9.975920
10.701271
11.016612
10.718933
10.236976
10.441565
10.230248
 9.314836
10.044046
 9.391188
 9.940980
 9.989791
 9.759685
10.053523
 9.201131
 9.608932
11.101011
10.036553
 9.868499
 9.612119
 9.216790
10.890538
 9.779139
 9.461060
 9.660522
 9.258636
10.532326
 9.941361
10.135528
10.655997
10.179318
 9.796712
 9.585877
 9.803941
 9.473677
 9.321577
10.108803
10.190597
10.510347
10.149026
 9.975920
10.701271
11.016612
10.718933
10.236976
10.441565
10.230248
 9.314836
10.044046
 9.391188
 9.940980
 9.989791
 9.759685
10.053523
 9.201131
 9.608932
11.101011
10.036553
 9.868499
 9.612119
 9.216790
10.890538
 9.779139
 9.461060
 9.660522
 9.258636
10.532326
 9.941361
10.135528
10.655997
10.179318
 9.796712
 9.585877
 9.803941
 9.473677
 9.321577
10.108803
10.190597
10.510347
10.149026
 9.975920
10.701271
11.016612
10.718933
10.236976
10.441565
10.230248
 9.314836
10.044046
 9.391188
 9.940980
 9.989791
 9.759685
10.053523
 9.201131
 9.608932
11.101011
10.036553
 9.868499
 9.612119
 9.216790
10.890538
 9.779139
 9.461060
 9.660522
 9.258636
10.532326
 9.941361
10.135528
10.655997
10.179318
 9.796712
 9.585877
 9.803941
 9.473677
 9.321577
10.108803
10.190597
10.510347
10.149026
 9.975920
10.701271
11.016612
10.718933
10.236976
10.441565
10.230248
 9.314836
10.044046
 9.391188
 9.940980
 9.989791
 9.759685
10.053523
 9.201131
 9.608932
11.101011
10.036553
 9.868499
 9.612119
 9.216790
10.890538
 9.779139
 9.461060
 9.660522
 9.258636
10.532326
 9.941361
10.135528
10.655997
10.179318
 9.796712
 9.585877
 9.803941
 9.473677
 9.321577
10.108803
10.190597
10.510347
10.149026
 9.975920
10.701271
11.016612
10.718933
10.236976
10.441565
10.230248
 9.314836
10.044046
 9.391188
 9.940980
 9.989791
 9.759685
10.053523
 9.201131
 9.608932
11.101011
10.036553
 9.868499
 9.612119
 9.216790
10.890538
 9.779139
 9.461060
 9.660522
 9.258636
10.532326
 9.941361
10.135528
10.655997
10.179318
 9.796712
 9.585877
 9.803941
 9.473677
 9.321577
10.108803
10.190597
10.510347
10.149026
 9.975920
10.701271
11.016612
10.718933
10.236976
10.441565
10.230248
 9.314836
10.044046
 9.391188
 9.940980
 9.989791
 9.759685
10.053523
 9.201131
 9.608932
11.101011
10.036553
 9.868499
 9.612119
 9.216790
10.890538
 9.779139
 9.461060
 9.660522
 9.258636
10.532326
 9.941361
10.135528
10.655997
10.179318
 9.796712
 9.585877
 9.803941
 9.473677
 9.321577
10.108803
10.190597
10.510347
10.149026
 9.975920
10.701271
11.016612
10.718933
10.236976
10.441565
10.230248
 9.314836
10.044046
 9.391188
 9.940980
 9.989791
 9.759685
10.053523
 9.201131
 9.608932
11.101011
10.036553
 9.868499
 9.612119
 9.216790
10.890538
 9.779139
 9.461060
 9.660522
 9.258636
10.532326
 9.941361
10.135528
10.655997
10.179318
 9.796712
 9.585877
 9.803941
 9.473677
 9.321577
10.108803
10.190597
10.510347
10.149026
 9.975920
10.701271
11.016612
10.718933
10.236976
10.441565
10.230248
 9.314836
10.044046
 9.391188
 9.940980
 9.989791
 9.759685
10.053523
 9.201131
 9.608932
11.101011
10.036553
 9.868499
 9.612119
 9.216790
10.890538
 9.779139
 9.461060
 9.660522
 9.258636
10.532326
 9.941361
10.135528
10.655997
10.179318
 9.796712
 9.585877
 9.803941
 9.473677
 9.321577
10.108803
10.190597
10.510347
10.149026
 9.975920
10.701271
11.016612
10.718933
10.236976
10.441565
10.230248
 9.314836
10.044046
 9.391188
 9.940980
 9.989791
 9.759685
10.053523
 9.201131
 9.608932
11.101011
10.036553
 9.868499
 9.612119
 9.216790
10.890538
 9.779139
 9.461060
 9.660522
 9.258636
10.532326
 9.941361
10.135528
10.655997
10.179318
 9.796712
 9.585877
 9.803941
 9.473677
 9.321577
10.108803
10.190597
10.510347
10.149026
 9.975920
10.701271
11.016612
10.718933
10.236976
10.441565
10.230248
 9.314836
10.044046
 9.391188
 9.940980
 9.989791
 9.759685
10.053523
 9.201131
 9.608932
11.101011
10.036553
 9.868499
 9.612119
 9.216790
10.890538
 9.779139
 9.461060
 9.660522
 9.258636
10.532326
 9.941361
10.135528
10.655997
10.179318
 9.796712
 9.585877
 9.803941
 9.473677
 9.321577
10.108803
10.190597
10.510347
10.149026
 9.975920
10.701271
11.016612
10.718933
10.236976
10.441565
10.230248
 9.314836
10.044046
 9.391188
 9.940980
 9.989791
 9.759685
10.053523
 9.201131
 9.608932
11.101011
10.036553
 9.868499
 9.612119
 9.216790
10.890538
 9.779139
 9.461060
 9.660522
 9.258636
10.532326
 9.941361
10.135528
10.655997
10.179318
 9.796712
 9.585877
 9.803941
 9.473677
 9.321577
10.108803
10.190597
10.510347
10.149026
 9.975920
10.701271
11.016612
10.718933
10.236976
10.441565
10.230248
 9.314836
10.044046
 9.391188
 9.940980
 9.989791
 9.759685
10.053523
 9.201131
 9.608932
11.101011
10.036553
 9.868499
 9.612119
 9.216790
10.890538
 9.779139
 9.461060
 9.660522
 9.258636
10.532326
 9.941361
10.135528
10.655997
10.179318
 9.796712
 9.585877
 9.803941
 9.473677
 9.321577
10.108803
10.190597
10.510347
10.149026
 9.975920
10.701271
11.016612
10.718933
10.236976
10.441565
10.230248
 9.314836
10.044046
 9.391188
 9.940980
 9.989791
 9.759685
10.053523
 9.201131
 9.608932
11.101011
10.036553
 9.868499
 9.612119
 9.216790
10.890538
 9.779139
 9.461060
 9.660522
 9.258636
10.532326
 9.941361
10.135528
10.655997
10.179318
 9.796712
 9.585877
 9.803941
 9.473677
 9.321577
10.108803
10.190597
10.510347
10.149026
 9.975920
10.701271
11.016612
10.718933
10.236976
10.441565
10.230248
 9.314836
10.044046
 9.391188
 9.940980
 9.989791
 9.759685
10.053523
 9.201131
 9.608932
11.101011
10.036553
 9.868499
 9.612119
 9.216790
10.890538
 9.779139
 9.461060
 9.660522
 9.258636
10.532326
 9.941361
10.135528
10.655997
10.179318
 9.796712
 9.585877
 9.803941
 9.473677
 9.321577
10.108803
10.190597
10.510347
10.149026
 9.975920
10.701271
11.016612
10.718933
10.236976
10.441565
10.230248
 9.314836
10.044046
 9.391188
 9.940980
 9.989791
 9.759685
10.053523
 9.201131
 9.608932
11.101011
10.036553
 9.868499
 9.612119
 9.216790
10.890538
 9.779139
 9.461060
 9.660522
 9.258636
10.532326
 9.941361
10.135528
10.655997
10.179318
 9.796712
 9.585877
 9.803941
 9.473677
 9.321577
10.108803
10.190597
10.510347
10.149026
 9.975920
10.701271
11.016612
10.718933
10.236976
10.441565
10.230248
 9.314836
10.044046
 9.391188
 9.940980
 9.989791
 9.759685
10.053523
 9.201131
 9.608932
11.101011
10.036553
 9.868499
 9.612119
 9.216790
10.890538
 9.779139
 9.461060
 9.660522
 9.258636
10.532326
 9.941361
10.135528
10.655997
10.179318
 9.796712
 9.585877
 9.803941
 9.473677
 9.321577
10.108803
10.190597
10.510347
10.149026
 9.975920
10.701271
11.016612
10.718933
10.236976
10.441565
10.230248
 9.314836
10.044046
 9.391188
 9.940980
 9.989791
 9.759685
10.053523
 9.201131
 9.608932
11.101011
10.036553
 9.868499
 9.612119
 9.216790
10.890538
 9.779139
 9.461060
 9.660522
 9.258636
10.532326
 9.941361
10.135528
10.655997
10.179318
 9.796712
 9.585877
 9.803941
 9.473677
 9.321577
10.108803
10.190597
10.510347
10.149026
 9.975920
10.701271
11.016612
10.718933
10.236976
10.441565
10.230248
 9.314836
10.044046
 9.391188
 9.940980
 9.989791
 9.759685
10.053523
 9.201131
 9.608932
11.101011
10.036553
 9.868499
 9.612119
 9.216790
10.890538
 9.779139
 9.461060
 9.660522
 9.258636
10.532326
 9.941361
10.135528
10.655997
10.179318
 9.796712
 9.585877
 9.803941
 9.473677
 9.321577
10.108803
10.190597
10.510347
10.149026
 9.975920
10.701271
11.016612
10.718933
10.236976
10.441565
10.230248
 9.314836
10.044046
 9.391188
 9.940980
 9.989791
 9.759685
10.053523
 9.201131
 9.608932
11.101011
10.036553
 9.868499
 9.612119
 9.216790
10.890538
 9.779139
 9.461060
 9.660522
 9.258636
10.532326
 9.941361
10.135528
10.655997
10.179318
 9.796712
 9.585877
 9.803941
 9.473677
 9.321577
10.108803
10.190597
10.510347
10.149026
 9.975920
10.701271
11.016612
10.718933
10.236976
10.441565
10.230248
 9.314836
10.044046
 9.391188
 9.940980
 9.989791
 9.759685
10.053523
 9.201131
 9.608932
11.101011
10.036553
 9.868499
 9.612119
 9.216790
10.890538
 9.779139
 9.461060
 9.660522
 9.258636
10.532326
 9.941361
10.135528
10.655997
10.179318
 9.796712
 9.585877
 9.803941
 9.473677
 9.321577
10.108803
10.190597
10.510347
10.149026
 9.975920
10.701271
11.016612
10.718933
10.236976
10.441565
10.230248
 9.314836
10.044046
 9.391188
 9.940980
 9.989791
 9.759685
10.053523
 9.201131
 9.608932
11.101011
10.036553
 9.868499
 9.612119
 9.216790
10.890538
 9.779139
 9.461060
 9.660522
 9.258636
10.532326
 9.941361
10.135528
10.655997
10.179318
 9.796712
 9.585877
 9.803941
 9.473677
 9.321577
10.108803
10.190597
10.510347
10.149026
 9.975920
10.701271
11.016612
10.718933
10.236976
10.441565
10.230248
 9.314836
10.044046
 9.391188
 9.940980
 9.989791
 9.759685
10.053523
 9.201131
 9.608932
11.101011
10.036553
 9.868499
 9.612119
 9.216790
10.890538
 9.779139
 9.461060
 9.660522
 9.258636
10.532326
 9.941361
10.135528
10.655997
10.179318
 9.796712
 9.585877
 9.803941
 9.473677
 9.321577
10.108803
10.190597
10.510347
10.149026
 9.975920
10.701271
11.016612
10.718933
10.236976
10.441565
10.230248
 9.314836
10.044046
 9.391188
 9.940980
 9.989791
 9.759685
10.053523
 9.201131
 9.608932
11.101011
10.036553
 9.868499
 9.612119
 9.216790
10.890538
 9.779139
 9.461060
 9.660522
 9.258636
10.532326
 9.941361
10.135528
10.655997
10.179318
 9.796712
 9.585877
 9.803941
 9.473677
 9.321577
10.108803
10.190597
10.510347
10.149026
 9.975920
10.701271
11.016612
10.718933
10.236976
10.441565
10.230248
 9.314836
10.044046
 9.391188
 9.940980
 9.989791
 9.759685
10.053523
 9.201131
 9.608932
11.101011
10.036553
 9.868499
 9.612119
 9.216790
10.890538
 9.779139
 9.461060
 9.660522
 9.258636
10.532326
 9.941361
10.135528
10.655997
10.179318
 9.796712
 9.585877
 9.803941
 9.473677
 9.321577
10.108803
10.190597
10.510347
10.149026
 9.975920
10.701271
11.016612
10.718933
10.236976
10.441565
10.230248
 9.314836
10.044046
 9.391188
 9.940980
 9.989791
 9.759685
10.053523
 9.201131
 9.608932
11.101011
10.036553
 9.868499
 9.612119
 9.216790
10.890538
 9.779139
 9.461060
 9.660522
 9.258636
10.532326
 9.941361
10.135528
10.655997
10.179318
 9.796712
 9.585877
 9.803941
 9.473677
 9.321577
10.108803
10.190597
10.510347
10.149026
 9.975920
10.701271
11.016612
10.718933
10.236976
10.441565
10.230248
 9.314836
10.044046
 9.391188
 9.940980
 9.989791
 9.759685
10.053523
 9.201131
 9.608932
11.101011
10.036553
 9.868499
 9.612119
 9.216790
10.890538
 9.779139
 9.461060
 9.660522
 9.258636
10.532326
 9.941361
10.135528
10.655997
10.179318
 9.796712
 9.585877
 9.803941
 9.473677
 9.321577
10.108803
10.190597
10.510347
10.149026
 9.975920
10.701271
11.016612
10.718933
10.236976
10.441565
10.230248
 9.314836
10.044046
 9.391188
 9.940980
 9.989791
 9.759685
10.053523
 9.201131
 9.608932
11.101011
10.036553
 9.868499
 9.612119
 9.216790
10.890538
 9.779139
 9.461060
 9.660522
 9.258636
10.532326
 9.941361
10.135528
10.655997
10.179318
 9.796712
 9.585877
 9.803941
 9.473677
 9.321577
10.108803
10.190597
10.510347
10.149026
 9.975920
10.701271
11.016612
10.718933
10.236976
10.441565
10.230248
 9.314836
10.044046
 9.391188
 9.940980
 9.989791
 9.759685
10.053523
 9.201131
 9.608932
11.101011
10.036553
 9.868499
 9.612119
 9.216790
10.890538
 9.779139
 9.461060
 9.660522
 9.258636
10.532326
 9.941361
10.135528
10.655997
10.179318
 9.796712
 9.585877
 9.803941
 9.473677
 9.321577
10.108803
10.190597
10.510347
10.149026
