3.1287673
3.0009088
3.2994825
3.1936195
3.1816800
2.5560243
2.6988950
2.4769344
2.5140162
2.6356863
2.5075926
2.6744520
2.5070598
2.7662562
2.6636091
2.8717316
2.7791079
2.6059611
2.4633006
2.5764932
2.5926091
2.3758158
2.2062783
2.4750984
1.7083772
1.8456356
1.7452292
1.8257402
1.5833466
1.5617357
1.4706793
1.5841977
1.5538326
1.4983137
1.5718515
1.6237608
1.7150776
1.6409578
1.3848211
1.4067316
2.5349195
2.4889062
2.5914343
2.4108065
2.5272536
2.4398306
2.3828552
2.4835329
2.4302518
2.5427544
2.3947332
2.6155848
2.5533018
2.3544057
2.2434441
2.5167024
2.1414705
2.2156328
2.4354936
2.6976770
2.5152169
2.5085670
2.5763724
2.8140773
2.5414116
2.7632700
2.6582279
2.5195576
2.5068196
2.5977539
2.6472309
2.6418188
3.7490439
4.0120342
4.1854366
3.7663950
4.0435681
3.8407733
3.6029927
3.6636744
3.4849340
3.9431070
3.5708052
3.3857935
3.5268270
3.4492801
3.9179450
3.4841221
3.9404700
3.7756493
4.1101023
4.0110288
3.4323584
3.3140958
3.4352883
3.3928106
3.6369507
3.2920560
3.5155830
3.3969741
3.8083624
3.4494875
3.6847938
3.5008406
3.6298862
3.8034219
3.2200697
3.4121870
3.1139210
3.2299677
3.3327586
3.4135383
3.2833555
3.5361052
3.3880379
3.8147132
3.1737721
3.4315468
3.2824942
3.0194389
3.1767999
3.4141570
3.1450153
3.1199248
3.3038068
3.1612064
3.7477376
3.7053406
3.8466965
3.6588740
3.5361644
3.7932894
3.8341570
3.5950464
3.8464253
3.8219174
3.0418547
2.9284292
3.1412784
3.7509216
3.5730303
3.4249565
3.3852276
3.4278726
3.5043698
3.6950089
3.5015996
3.8371399
3.8362533
5.2080532
4.6687985
4.9844906
4.6526711
5.2347597
4.8944794
4.6542574
4.8860888
4.7312611
4.9376475
4.6680723
4.1438618
3.8801509
4.3555988
3.8689156
3.9877403
3.8607978
3.9706165
4.3961907
4.2375275
4.6090858
4.3006457
4.2050171
4.2870282
4.2827733
2.9232779
2.7945371
3.1212858
3.8085645
3.4491560
3.7698787
2.8883394
3.1664439
3.3915355
2.2221874
2.2463067
2.3764880
2.3593912
2.1825697
2.2608863
2.1839285
2.2818412
2.2320101
1.8214056
1.7683733
1.8012891
1.8855884
1.8381259
1.9524882
1.8777189
1.9639759
2.2728628
2.0675334
2.1976802
2.0434783
2.0938212
1.9662416
2.0606079
2.0595253
2.1373819
1.9941218
2.0880167
1.8292842
1.7634616
1.8866844
1.8911343
2.0450995
2.1684690
2.0225466
2.0679235
2.0367929
2.0464685
2.0950393
1.9159673
2.2157019
2.1765040
2.1945953
2.3440509
2.2412078
2.2496907
2.2035891
3.4095844
3.3685115
3.1127205
2.9902580
3.1976006
2.9606102
2.8506745
2.9260896
2.4910090
2.5755594
2.7535212
2.6515819
2.3702664
2.5710443
2.5643401
2.5896721
2.2190134
2.7154875
2.4276286
2.6829718
2.6638654
2.6618536
2.4892081
2.3377929
2.6072936
2.4625343
2.5497658
2.7635462
2.9277245
2.4822544
2.4977215
2.4718554
2.8344958
2.6789267
2.7586043
2.9072761
3.0043046
2.8725981
3.1120974
3.0966204
3.0597672
3.2732801
2.5503198
2.6866202
2.8604341
2.7579672
3.1232356
3.1371627
3.0959207
2.9482896
3.0516768
2.9324672
3.5427458
3.1820845
3.5185138
3.5169016
3.6930302
4.0594713
3.6098267
3.4625016
3.4219501
3.4564550
3.9407975
3.4545994
3.1383235
3.2358954
3.2734215
3.2582760
2.9907648
3.0010606
3.2850115
3.0811869
3.2144349
3.2951089
3.1960616
3.2339554
3.7462108
3.5174514
3.3963460
3.5537690
3.5587850
3.6324155
3.6048630
3.2818166
3.6968350
3.6632934
3.5294083
3.2067604
3.3202508
2.9584542
3.1647341
3.4899841
2.1330509
2.3215139
2.2978899
2.2029790
3.5528922
3.7791613
3.2089637
3.2550094
3.3999059
2.3379085
2.4722723
2.4786497
3.2850269
4.9627153
4.9490779
4.4842937
4.6195793
4.5428240
4.5317589
3.2766863
3.2040188
3.0611456
2.8534363
3.1413099
3.3283621
3.3968417
3.1874951
3.3536129
4.0563191
3.6743116
4.0149826
3.4731577
3.4469136
3.3385676
3.5463983
2.9638947
3.3224220
3.2537201
3.4568350
4.4503553
4.2589260
4.1881841
4.5605563
3.9167595
3.7116302
3.8581975
3.7918928
3.6465171
3.7411297
3.7001005
3.8584728
3.7836997
3.9052308
3.9540679
4.8946977
5.6004473
5.2967254
4.9973617
5.0071485
4.6831016
4.8003561
4.7406946
4.9493295
2.9647024
3.0289626
3.0413990
3.0439469
3.1146998
3.0688890
2.8984352
2.6790294
2.8153128
3.0543267
2.9830426
3.0082708
2.7844973
3.1259181
2.5246402
2.3719070
2.3442099
2.3887252
2.7472743
2.5957238
2.8939887
2.8437998
3.6915795
3.7299844
3.3602067
3.4839004
3.3670518
3.8155071
4.0451882
4.1514769
3.7715192
3.8453977
3.8543877
3.6436945
3.7450504
3.4271620
4.0189887
3.8601030
3.9078982
3.9675778
3.8386047
4.0015479
3.9518845
3.5256300
3.3783042
3.4802209
3.5578414
3.4581545
3.3685817
3.5841393
3.5763482
3.4252921
3.6461024
3.6812840
3.6194788
3.5622128
3.2746624
3.5705645
3.1137813
3.1735364
3.4036322
3.6311269
3.1139628
3.3455843
3.1526823
3.4008891
3.3568819
3.5229561
3.4245380
3.7774996
3.7713108
3.7364772
3.6627218
3.0598216
3.5050685
3.2387034
3.1376908
3.6066615
3.5287491
3.6597362
3.5365495
3.6123239
3.6390381
3.4445925
3.6934622
3.6358095
3.5883582
3.8671369
3.6892114
3.8088278
3.7286737
4.1508211
3.9208560
3.9506363
4.0709027
3.3554403
3.5916921
3.4537447
3.4196556
5.1475840
5.0434721
4.8634828
4.6178944
3.8821812
3.8151493
3.9307486
4.2140126
3.9307248
3.9206476
4.3048792
3.7681142
3.8941813
3.6515030
3.4483916
3.5496230
3.7786087
3.8981979
3.0308709
3.4757619
2.9632299
3.3549747
3.2594185
3.0167342
3.1803686
3.3584620
3.2344798
2.8395940
3.1688534
2.3129915
2.5612766
2.2826949
2.4520870
2.0044390
2.1440368
2.0863102
2.0159939
2.0461658
1.9819139
2.4327725
2.5582193
2.3914258
2.4693388
2.7231984
2.6949154
2.5998144
2.6160725
2.7248508
2.8430428
2.5907275
2.7635702
2.5523362
2.5365161
2.6218711
2.4612919
2.5078492
2.3492365
2.5473692
2.6185049
2.7817857
2.9124630
2.7522904
2.5000875
2.3799610
2.2815041
2.2213779
1.8644042
2.1041489
2.0111285
1.6432810
1.6631317
1.5676821
1.6318872
3.1247914
2.8897938
3.2790587
3.5760879
3.2945699
3.4631354
3.3325053
2.7624474
2.9906302
2.7858182
2.8713829
3.3596321
3.1502652
3.3185132
3.1529440
3.1110830
3.5966381
3.8014590
3.7885096
3.5678051
3.4566462
3.4306298
3.7364309
3.5679929
3.5170883
3.4845479
3.6243921
3.5916905
3.5675097
3.5453835
3.5913816
3.7377986
3.8695416
4.0954658
3.5287988
3.5579846
3.0869575
3.5621740
2.7521088
2.6764447
2.7408863
2.8074639
3.4257343
3.5505463
3.5716702
3.5450541
3.9246269
4.0476904
4.0004333
3.7986242
3.9332206
3.8903979
3.9873122
3.9021834
4.0771583
3.2492503
3.5566953
3.3709447
3.4144032
3.3929473
3.3531899
3.3565117
3.1009930
3.2347973
3.0964942
3.2747190
3.4209692
3.2910624
3.4153910
3.0503250
2.8870057
3.8020299
3.8981275
3.4987300
4.0088639
4.0224665
4.3274056
4.3711263
4.3715744
3.8873332
4.0990463
4.1350217
4.4642948
4.3942869
4.1533899
4.5125290
4.1507616
4.4835697
4.0131209
3.6330627
3.6931059
4.0284103
3.8640748
3.9446268
3.8825477
3.9447448
4.1858351
3.8769022
3.7515445
4.0565548
4.0079662
4.2346393
4.1790828
3.8897790
4.0373653
3.9092979
3.9003557
4.1373098
4.0605169
4.5300602
4.0710866
3.7126611
3.9926642
4.2850407
4.2105776
4.1771746
3.8749126
4.3503019
4.1953633
4.1598495
4.2296592
4.0172030
4.0208627
4.0464866
3.6777680
3.9509357
3.6963920
3.8443732
5.0120583
4.9119852
4.6905215
4.9485054
4.5685001
5.0217355
6.0377247
5.5245968
5.9848093
5.8572499
6.0614423
5.7876167
5.5545813
5.6081264
6.0144825
6.0838149
5.8687943
5.4112879
5.9908931
5.5045591
5.9131532
6.0504296
2.4919232
2.4577536
2.3982257
2.3948382
2.5376876
2.4769763
2.6526288
2.5082872
2.5873293
2.5617238
2.4760303
3.0564686
2.8875696
2.7783324
2.9056154
2.6706548
3.0321864
2.9857718
3.0771218
2.8251099
2.9960250
2.9832154
2.6999488
2.6548281
2.7795229
2.7453100
3.1094165
3.2559660
3.1993024
3.0898418
3.4006273
3.3722734
3.0864711
3.4267598
3.4736094
3.3807982
3.1441924
3.3934628
3.2813087
3.0699501
3.1073505
4.1858396
4.1437920
4.4265604
4.1905863
3.9994635
4.2917334
4.4926384
2.4562681
2.5107121
2.5874759
2.5715386
2.5444705
2.6141644
3.1346738
3.0271476
3.0120199
2.4961039
2.8220037
2.7778471
2.8878951
3.1640626
3.2831954
3.2328113
3.4779110
3.2973541
3.2345442
3.4469476
3.5173517
3.3019591
2.9675015
3.1651549
3.2934399
3.2045715
3.5312526
3.3080732
3.2789877
3.1598526
3.0899147
3.2477964
3.2445570
3.1413749
3.1753563
3.1261062
2.9692872
3.0347387
2.9230379
4.8175093
5.0589971
4.6000258
4.7993437
5.0949287
4.6018617
4.6967137
4.9451927
4.3514902
3.8519938
4.0197254
3.6285312
3.5875475
3.4151378
3.4526804
3.0964035
3.4066343
3.6762547
3.5779946
3.5692629
3.5761102
3.7977387
3.4210144
3.4312562
2.0376414
2.1398600
2.2788281
1.8909237
1.9668166
1.9142140
2.1122590
2.0611777
1.9958992
2.0725432
2.0892337
2.0212451
1.9390970
1.8938357
2.2265710
2.1407773
2.2910045
2.2786815
2.0555367
2.2876225
2.0091752
2.2370711
2.2368646
2.3000422
2.2970463
2.6290109
2.5970946
2.2255277
2.3545488
2.3008981
2.5341697
2.0789847
2.3702755
2.4529691
2.4285708
2.2561606
2.2761514
2.3804960
2.3567606
2.4256071
2.3343406
2.3170626
2.2346757
2.1602590
2.3361799
2.6738750
2.5979749
2.5185021
2.7584457
2.4375249
2.6853985
2.5006916
2.2622251
2.2755659
2.2787505
2.3240571
2.3619145
2.3753701
2.2612339
2.3277730
2.1712417
2.6941144
2.4128290
2.4773080
2.4619612
2.7259592
2.7946229
2.3670245
2.4785948
2.5799806
2.4042319
2.6395026
2.8141263
2.7509085
2.6008600
2.6609412
2.8061718
3.0180289
2.9794819
2.9890299
3.1069474
2.4743020
2.5595248
2.6449558
2.5737030
2.6478856
2.6737903
2.7905598
2.6609604
2.7644368
3.0850309
2.9781366
2.7849330
3.0470867
2.8829544
3.5711493
3.1819350
3.3498050
1.7734011
1.9645143
1.8467547
1.8079564
1.8168172
2.0386021
2.2382828
2.2054019
2.2751919
2.2823437
2.2994102
2.0885958
2.1821929
1.6167257
1.5961522
1.7253570
2.1340737
1.9389404
2.0300359
2.1369479
2.0248869
1.8488014
1.9000741
1.7743264
1.8377844
2.2728230
2.2109611
2.2086337
2.2085074
2.1728062
2.2554812
2.2286871
2.6063684
2.0110431
2.2087713
2.1167638
2.2644255
2.2362920
2.0320742
2.0824991
2.0278782
1.8959732
1.8945990
1.8325136
1.8244680
1.8660151
2.5616949
2.2025887
2.0597806
2.0895174
1.9622853
2.0368807
2.0509195
1.9703334
2.0009124
2.1326778
2.0749656
2.2099534
2.2046990
2.2818028
2.4952566
2.5356461
2.4058259
2.2880298
2.2117092
1.4608224
1.4365083
1.3133297
1.4272884
1.4257734
1.7774798
1.7474367
1.4923726
1.7220953
1.7093205
1.7759605
1.7847437
1.8735684
1.8624806
1.7446965
1.8519328
1.8590552
1.7567160
1.7665199
1.9176170
2.0605973
1.7113456
1.8949117
1.9393649
2.3216555
2.4063553
2.2142200
2.3460432
2.4861936
2.4920587
2.3953914
2.3512586
2.4908365
2.4361220
2.4042545
2.4316698
2.5882377
2.4669284
2.5628984
2.1741769
2.1752500
2.8351823
2.6777792
2.4964663
2.6275025
2.4653562
2.3897207
2.6353448
2.6289421
2.4600174
2.3720903
2.6134490
2.3586202
2.5795488
2.9721842
2.9401251
2.7490292
2.5743171
2.5664310
2.6991123
2.7873432
2.7536322
2.8152258
2.7632943
3.4770323
3.3408125
3.1305093
3.3839778
3.4028942
3.6663899
3.3740232
3.4484157
3.3170585
2.6299297
3.0958953
2.6292846
2.4421442
2.8990021
2.8224514
2.9364036
3.3052302
3.0283511
2.8039259
3.1077936
3.2475878
3.1314041
3.1470365
2.8232591
3.1425874
2.7015778
3.0750606
2.9403887
2.7509480
2.5907786
2.5863271
3.1067459
1.7138716
1.8688589
1.7157275
1.6120501
1.6089244
1.6816991
1.7112084
1.7694705
2.4253648
2.3696597
2.4477060
2.4190526
2.4748183
2.8469239
2.9655077
3.1503325
3.1555784
3.6318062
3.5092253
4.1524898
3.6171381
3.6824483
3.4860919
3.6489897
3.9234044
3.5786294
3.5131358
3.6899759
3.9166490
3.6381008
3.6777784
3.6230014
3.5653388
3.3878242
3.8056897
4.2542401
3.9160442
4.0413736
4.1833564
4.0854252
3.9665276
4.2039618
3.3374612
2.9207012
2.8785802
2.9675838
3.0437992
3.1624514
2.7043128
3.3421308
3.4847456
3.1204671
3.1853343
3.1106586
3.1745766
3.2031386
3.1967505
3.0925644
2.7897206
3.0039455
2.5685476
2.5581135
2.7696067
2.7242655
2.6736523
2.6460056
2.7636185
2.6761721
2.7246508
2.5735196
2.5670936
2.5944044
2.4189321
2.2945874
2.3644586
2.2206360
2.5481740
2.2091991
2.3228593
2.2577577
2.9042765
2.9332373
2.8402128
2.9555584
3.1322173
2.7641114
2.7216054
2.5894630
2.7442794
2.6786480
2.8939184
2.3548011
2.7125184
2.7169272
2.4715254
2.7892540
2.6496634
2.7738232
2.2705159
2.2816183
2.3284650
2.2944892
2.4106886
2.4448930
2.5707661
2.9345075
2.7296684
2.6417411
2.6634941
2.7811707
2.5699191
2.7769345
2.7041568
2.8992428
2.6403114
2.7407038
2.9107114
2.9501705
2.7319532
2.6893167
3.3415538
3.1957252
3.1452131
3.3428551
3.4960570
3.4597575
3.6393687
3.3417211
3.1168686
3.1097708
3.2157629
2.2908690
2.2817644
2.2641172
2.2866815
2.2092430
2.2815336
2.4188923
2.1633153
2.4831010
2.4815914
2.3984844
2.6145490
2.8022434
2.5711510
2.7645084
2.5208896
2.5741839
2.5991493
2.5256839
2.5434061
2.4626343
2.4556753
2.3869535
2.6130709
2.3942423
2.5845736
2.7798669
2.5468401
2.1440842
2.3588341
2.5063329
2.4140266
2.4626967
2.3971585
2.5054737
2.6657705
2.6211561
2.2476157
2.5828837
3.0943932
3.3097832
3.0278226
3.0550371
2.8755514
2.9850900
3.2300329
3.1331555
2.8338068
2.9237059
3.1244691
3.1012574
3.0629286
3.3326257
3.2491583
3.0525485
3.1477550
2.6626704
2.7943042
2.9165896
2.9165252
3.0314528
2.8953142
3.1388099
2.8275221
2.8515572
3.0987283
2.8418484
2.9842813
1.8101332
1.9312762
1.9510524
1.8743797
2.0043712
2.5309909
2.6527899
2.7066313
2.7623317
2.6955550
2.3802209
2.6043660
2.5428217
2.7162153
2.6619856
2.7017678
3.3080665
2.7410642
2.5042983
2.7032965
2.4569752
2.6342072
2.4353014
2.4956349
2.3304139
2.4431596
2.1615041
2.1394712
2.2743372
2.1819818
2.4316079
2.5595677
2.4266506
2.3321447
2.3661234
2.5605840
2.4339611
2.3873876
2.5964355
2.6300024
2.4877861
2.5967578
2.5919619
4.5039371
4.7866646
4.3481351
4.5712633
4.6934366
4.4881725
4.5503754
4.7828909
4.4956213
4.3307331
4.1635092
4.4655584
4.1573379
4.3026666
4.4765405
4.1656865
4.4882936
4.6951318
4.0310875
3.9300836
4.3286145
4.2502492
4.3305013
3.5299506
3.3257284
3.2734206
3.1440308
3.1793802
3.5756315
3.5013412
3.4274823
3.6480733
3.0409016
3.3325857
3.1264900
3.2115713
2.7199184
2.7060557
2.8743464
3.0491990
2.8120874
2.8816307
2.9164399
2.9826078
2.9707957
3.0459298
2.9571475
2.9476271
2.8840152
3.0336834
3.1445336
3.0755987
3.2113636
2.1834963
2.3474762
1.9799384
1.9932706
2.0944906
2.2069792
3.6217558
3.6553394
3.5317674
3.4446135
3.6880657
3.5444592
3.4792733
3.0531981
3.0926349
3.2320594
2.9253626
3.0248103
2.8751987
3.1115240
3.2206666
3.5998921
3.5964261
3.5631458
3.8523632
3.8004583
3.9072535
4.2093554
3.7215462
4.0019982
3.9026928
3.9669710
3.7906450
3.3569170
3.6293660
3.2299956
3.6373426
1.7648789
1.8127245
2.0178764
1.9773441
1.9312537
2.0012283
1.9230952
1.9983274
1.9512543
1.9614512
1.8586655
1.8537698
1.9221471
2.1509054
2.2457992
2.2478461
2.2069719
2.1066235
2.1216705
2.0811167
2.1398377
1.9657453
1.8986135
2.1152041
1.9910961
1.9444093
2.0468165
1.7945010
2.2824535
2.0851056
2.0787989
2.1005854
2.1050605
2.0569153
2.0773326
2.1450166
2.1502966
2.0593963
2.2166140
1.9822989
2.1381333
2.2765754
2.0779853
2.2404333
2.5221924
2.3380837
2.3890673
2.5122819
2.0868657
2.1947287
2.9225427
3.0444270
3.3136664
2.7536305
3.0554982
2.8590025
2.6161546
2.7433795
2.7555164
3.3410096
3.2194690
3.1932906
2.9608622
3.0176516
3.2015464
2.9962629
3.0191467
3.2470355
3.2053010
3.2375636
3.2022242
2.9633370
4.0334638
4.0110665
3.3277385
4.1245188
3.9535512
3.6547833
3.4537437
3.7992732
3.6658733
3.8034545
3.8477904
4.0850623
3.6475203
3.9856242
2.7462004
2.8353166
2.8237718
3.1013830
3.1042876
3.1845760
2.9573615
2.6611614
2.6876155
3.6485072
3.5236514
3.5360305
3.5236646
3.3454188
3.5785350
3.5829587
3.4365033
4.0525194
3.6013269
3.6659109
3.7633719
3.8446933
3.7356995
3.1273695
3.2505967
3.1078522
3.1933738
3.3795066
3.4487600
4.1030526
3.5002817
3.9368808
3.7282649
3.8571878
3.7311700
4.2143020
4.5648417
4.1363914
4.7119807
4.6079555
4.4724116
4.6843787
2.3183785
2.5251463
2.3434159
2.2484702
2.3588700
2.4101550
2.5646332
2.5363842
2.5589310
2.5417483
2.5214238
2.4711695
2.3189931
2.4030355
2.4919020
2.5381037
2.3152009
2.2609015
2.4195240
2.2810977
2.1729210
2.2551039
2.2808966
2.6390743
2.7784997
2.8537741
2.6526923
2.6906519
2.4239165
2.0531618
2.1282505
2.2028131
2.5030631
2.5790529
2.4041303
2.4842583
2.7151970
2.4974498
2.4971267
2.3607926
2.3813690
2.6637088
2.5394041
2.5504778
2.5017639
2.7420575
2.1931775
2.1581941
2.0359132
2.1221948
2.3003300
2.3393428
2.3513155
2.1620568
2.2957134
2.2372932
2.1385008
2.2118335
2.4166624
2.3880730
2.5250614
2.6909304
2.5173142
2.7219223
2.1837281
2.2390399
2.4265116
2.3999903
2.3376811
2.2123715
2.3185994
2.2804764
2.4031179
2.4445069
2.3660984
2.0534100
2.2386197
2.5641485
2.3201840
2.3252507
2.4399691
2.2930358
2.3287065
2.2056816
2.2086433
2.1283929
2.1632546
1.9827086
2.6905130
2.3819447
3.6648684
3.5043592
3.3363671
3.3895088
3.2973582
1.9139459
1.9639572
1.9952773
2.0570738
1.9777038
1.8548578
2.8033062
2.6879171
2.7822680
2.8289951
2.8880544
1.9964446
2.1647709
2.0065462
1.9828553
2.0119580
1.9711947
2.1387247
1.8463917
2.0769583
2.0191126
2.7043505
2.5621465
2.5143081
2.0933910
2.2207405
2.4945039
2.4959488
1.7720002
1.6588172
1.7173421
1.6108381
1.6582439
1.8765359
1.9753731
2.1623503
2.6292503
2.5896650
2.6447823
2.3815764
2.4660681
2.5172473
2.0448036
2.2280221
2.3303132
1.8046766
1.9084218
1.8876261
1.9506721
1.8584402
1.9872325
1.5780838
1.7382882
1.6726134
2.2090508
1.9577525
1.7490003
1.7964016
1.8330456
1.9585108
1.8825681
2.0472842
2.1644628
2.3941881
2.1777036
2.4166205
2.4250651
2.5402195
2.0438527
1.8494266
2.1029204
1.9845113
1.9385290
1.9141851
1.4644443
1.6052959
1.5068603
1.7078795
1.6896621
2.2293682
2.2315247
2.1446384
1.8981059
1.7822240
1.9725541
1.8794326
2.0226871
2.0678275
2.0836646
2.0095437
2.0757886
2.1201858
2.1607048
2.0455057
2.0647102
2.0591483
2.1876945
2.1219157
1.9041267
2.3150530
2.1412516
2.1663894
1.7852872
1.6903346
1.7269027
1.7118196
1.8090899
1.8205094
1.9103864
1.8973407
1.8988117
1.9457365
1.8684414
2.4758920
2.3536862
2.6303415
2.5129097
2.6595814
2.4388369
3.1136096
2.9977911
2.9446041
2.2079244
2.2758204
2.3444650
2.7861824
2.4870831
2.7220754
2.5013513
2.8004929
2.8701406
2.5553730
2.7793260
2.5924171
2.5983987
2.5605194
2.5879218
2.5866717
2.5409184
2.5800667
2.5183939
2.6425280
2.5189808
2.7850780
2.5929413
2.7910857
2.7889033
3.2912247
2.9632159
2.5899842
2.2791362
2.3990041
2.2594697
2.1451956
2.2184604
2.2788399
2.4638322
2.3343438
2.3251716
2.4416172
2.4167328
2.5820230
2.5394500
2.6016673
2.7300399
2.7440405
2.9260441
2.6146036
2.6207845
2.6181443
2.6543691
2.9184763
2.7530784
2.6946974
2.7475853
2.5969925
2.3923959
1.7909992
1.8862824
1.7883066
1.7798634
2.4959511
2.6896407
2.7484938
2.5562963
3.7167707
3.7519092
3.7228910
3.9151888
3.7615515
3.9360489
4.2274487
4.2920985
4.0139290
3.8922656
4.1419208
4.0541045
4.3463856
3.7942057
3.7832454
4.3438035
4.0176693
3.8833943
4.2999970
4.3098881
4.7457145
4.0614270
4.4094324
4.1767161
4.1411392
3.8073607
4.1210683
4.0972203
4.0954677
3.9545853
3.8375534
3.9721816
4.4644571
4.1850772
4.1557934
3.8585296
4.0005676
4.0880507
3.7686667
3.6058138
3.6611207
3.4925582
3.4354015
3.5263938
3.3720242
3.5998521
3.5812331
3.2603931
3.2073714
3.0272076
5.5078932
4.2905791
4.1552578
3.9531552
4.0717052
4.5049163
3.9788061
4.0634335
5.4019024
4.3721633
4.7274591
4.3227250
4.7388791
4.6230443
4.6819739
4.1669638
3.9861916
4.3010621
4.2711243
2.7350957
2.7807113
2.7304209
2.9965991
3.0651205
3.0437650
3.0236478
2.8505818
2.7741309
2.6567610
2.8790755
3.0121518
2.7985181
3.0111591
2.7278534
2.7613928
2.7757536
2.9367514
3.1003016
3.1727579
2.8658463
2.9194667
3.1922822
3.1449134
3.1728894
2.8529916
2.5542982
2.5309797
2.3599193
2.6094807
3.1091130
3.1882862
3.1587647
3.2023115
2.9835881
3.1731759
2.8496087
3.3622322
3.2645093
3.4408312
3.2640774
3.0686059
3.0900445
3.2558506
3.1340997
3.2146768
3.1360205
3.2478199
3.3871951
3.1773392
3.1703470
3.1872402
3.2108342
3.1261391
2.8836203
2.9658042
3.3433903
3.5019546
3.4917958
3.3273130
3.6055314
3.3248393
3.3579464
3.3992774
2.8912847
2.9946847
2.7514793
3.0002311
2.8932288
3.0331771
2.7040442
2.7568152
3.1954238
3.2312876
3.0549079
3.0669804
3.0340250
3.0380425
2.9746662
3.0010821
3.6804824
3.7098316
4.0302013
3.7118717
3.6007833
3.6117731
3.7876506
3.6588605
3.9624121
3.2087919
3.1367188
3.5214252
3.7404424
3.9921389
3.8842788
4.2031741
3.7734851
3.7192639
4.1501298
4.0560367
4.2919896
3.7051946
3.8128963
3.7786434
3.6467575
3.6234693
3.3911937
3.8130765
4.0394987
3.4379763
3.3975765
3.2071563
3.2291022
3.1434497
3.2590085
3.2419559
3.4639466
2.9947338
3.0124211
3.2193980
3.1107505
3.1778304
2.9894767
3.0322746
2.9222714
3.2398854
3.1987403
3.0666043
2.9676496
2.9644380
3.8732799
3.7921955
4.2505662
4.1953306
3.9945330
4.0822415
3.9612461
3.2752804
3.3980740
3.7368192
3.5625764
3.3643326
3.1156418
3.1167098
3.1995691
3.3893135
2.4085673
2.4689416
2.4100331
2.3074457
2.3194708
2.4057047
2.2914788
2.2938582
2.3400015
2.1759669
2.1700567
2.3801378
3.3720810
3.5228426
3.1429740
3.6293368
3.1836686
3.3756305
3.3236547
3.5275359
3.6777995
3.3976390
3.5436891
3.5090717
3.5256150
3.3582474
2.4744985
2.2733619
2.3723987
2.1979380
2.9463321
2.6588983
2.5994027
2.4923368
2.7174730
2.9319784
2.8294790
2.8588575
2.9151767
2.9718290
3.2924589
2.6171623
2.7625437
2.8066864
2.7362689
2.7353290
2.6592997
2.4830163
2.3479534
2.2901763
2.7521205
2.5419997
2.6067713
2.7149087
2.5838601
2.5998702
2.7145036
2.6249138
2.7082227
2.3713829
2.6905083
2.7323608
6.3786004
5.7887179
5.8918025
6.0139221
5.4292899
5.4500629
5.5154267
5.6391957
5.7475256
5.7014463
5.6094100
5.7336625
5.7140721
5.7539842
6.1566364
5.7769280
5.5639615
5.9487304
5.7451131
5.5943199
5.6140823
5.7222990
5.7469062
5.8879615
5.8170373
5.6707554
5.7166926
4.6389948
5.0106990
4.8323209
4.7766991
4.9464932
4.7179599
4.7006642
4.7581365
4.8388339
4.6605873
4.3899999
4.4725632
4.4231572
6.1245285
6.2778019
4.2365910
4.0638573
4.1381284
3.9238942
4.0546121
4.5246782
4.7847578
4.4160375
4.0401229
4.1062784
4.2039804
5.3203217
5.0503198
5.0896155
4.9309857
4.8863153
4.6924366
4.7905680
4.6895105
5.2311827
3.5731871
3.7677880
2.8749407
2.7236664
3.1412150
2.9483177
3.2448675
3.4570731
3.5763003
3.3083331
5.2525653
5.0391611
5.0298302
5.1018723
4.5488414
4.4102545
4.5487085
4.6713581
4.2717773
4.1985953
4.0614962
4.2156525
4.1279031
4.1481760
3.9426460
4.2298684
4.3375940
3.8689708
4.1437974
4.5200197
4.3716651
4.4878202
4.1069485
4.3726174
4.4924158
4.2202412
4.4386486
5.2944520
5.1958678
5.1359696
5.0767676
5.0802646
4.7846799
5.0325479
4.8781793
5.1601966
5.3034668
5.4496949
5.2624808
4.7630963
4.9975374
5.1299748
4.9709215
5.0443034
4.4436601
4.7629753
5.1352916
4.6522795
4.7419346
4.9861020
5.4461238
5.9083233
5.4315138
5.0848975
4.9475169
3.4514857
3.8188046
4.0813166
3.9116663
3.9942659
4.3973819
4.7860441
4.6110957
4.4573024
4.4344609
4.3602059
2.4225033
2.4345455
2.2882215
2.2131374
2.3293170
2.1672840
2.2685513
2.1420204
2.1658281
2.0806244
2.0188352
2.1133925
3.2037890
3.1259607
3.1350875
3.1221632
3.0380909
2.5797128
2.6604762
2.5652082
2.6447800
2.5341485
2.5845021
2.2361354
2.3993243
2.7392842
3.1426541
2.7350346
2.7090749
2.7251614
2.7059381
3.0265347
2.8918185
2.7642436
2.8378658
3.3469304
3.2700205
4.2029919
3.8759234
2.9653205
2.9150054
2.9836467
2.9926652
3.0022657
2.9791701
3.0202809
3.0291972
3.5796578
3.7386086
3.7190752
3.7970719
3.6334950
4.0693206
4.0746068
4.0520696
3.6151729
4.0811302
3.9737770
4.0601359
4.0904126
4.1085545
4.1546342
3.7510560
4.1987232
4.4064582
4.0490450
3.8152554
3.5142436
3.8874426
4.0875002
4.0650575
3.5750313
3.7743605
3.8809566
3.9282496
4.0475781
3.7586845
3.9155662
3.5331657
3.4567832
3.6144252
3.5783920
3.6210828
3.7085154
3.9937421
3.6310041
3.4304025
3.8026838
4.5950426
4.0258083
3.0527961
3.1182672
2.7216465
3.1662004
3.0386005
3.0732403
3.1274662
2.9401587
3.6960456
3.2402654
2.9808818
3.1363734
3.0969669
2.9250981
2.8028083
3.3634220
2.7589643
2.9641612
2.9848847
2.9930446
3.2514203
3.1148588
2.7468380
2.5277018
2.6390580
2.6112732
2.8456963
3.1733924
2.9010151
2.9588955
2.8295437
2.9026101
3.0189681
3.3921151
3.2990573
3.4066756
3.1625184
3.3504656
3.1190982
3.2227612
3.7516586
3.4608617
3.7396092
3.7411054
3.6311513
4.1696971
3.8734494
3.5657869
3.5750339
3.3268362
3.4037148
3.4765704
3.7852195
3.9266445
3.7495756
4.0276794
3.1730450
3.0441741
2.8033754
2.7877017
2.6901900
3.3836070
3.3018429
3.1355792
3.2262046
2.9297252
2.9907121
2.9198441
2.7558231
3.0639147
3.0686533
3.0762302
2.8812297
2.9369829
3.2877917
2.9359172
2.9224057
3.0024342
3.2277505
3.1114970
3.4004636
3.2947810
3.3932021
3.4597392
3.3306434
2.8582280
3.2981401
3.2588665
2.8052695
2.8303064
2.6291961
2.5327763
2.7227450
4.3606621
4.3762153
4.1471477
4.1998804
4.2739434
3.5225740
3.4973889
3.5791679
4.8299399
4.6092637
4.4629813
4.6746297
4.9711330
4.5032110
1.9977957
2.0656260
2.1147357
2.0048920
2.0323116
2.2757919
2.2930266
2.2631956
2.3630476
2.4760496
2.2292632
2.2798764
2.0594236
2.3353786
2.1587336
2.2149588
2.3407592
2.4934048
2.3183392
2.4151672
3.6380323
4.1564703
4.2688210
4.4549845
3.8770235
3.9642534
3.7216024
3.9003213
3.5826420
3.6309535
3.6878302
3.8418814
3.9522864
3.7099206
3.5168823
3.4371491
3.6854847
3.6380351
3.6664435
3.7645186
3.6270446
3.6747928
3.6955018
3.7323325
3.8563173
3.5672881
3.2212233
2.9759198
3.5125285
3.6838072
3.6407859
3.4959402
3.7895805
3.1448663
3.4510847
4.0962065
3.7611161
4.1817430
4.0469433
4.0508399
3.4244337
3.4999714
3.8560427
3.8987973
4.3750110
4.5316266
4.7851560
4.9310253
4.2594204
4.6352281
4.4784773
4.2968012
2.9890778
2.9910688
2.8327211
2.8919700
3.6465304
3.1613057
3.2202829
3.5443884
3.2654711
2.8818296
3.0791444
2.8658766
2.8836653
3.1525169
3.4417323
3.3473086
3.3617754
3.3464868
2.5815004
2.7502679
2.7890346
2.6572129
2.7770061
2.8148567
2.7615444
2.8455703
2.8174919
2.7760061
2.0192770
2.1932674
2.4133291
2.2345072
2.2218431
2.4180848
2.3947927
2.4519149
2.3494635
2.2938212
2.3508459
2.4836262
2.3474940
2.3880607
2.4042900
3.0526109
2.9165498
3.1908734
2.8785682
2.7198742
2.7102464
2.8387798
2.6766066
2.9463331
2.9624384
2.7454443
2.9572126
2.6932184
2.8945735
2.8081626
2.7274174
3.2199763
2.6087645
2.4352670
2.6637043
2.6809972
2.6222377
2.6538469
2.7868237
2.6866948
2.6362103
2.7336091
3.5071752
3.4371399
2.9037355
2.9396268
2.9238950
3.0745033
3.2145887
2.8832709
3.2147987
3.1869919
3.2404267
3.3478363
3.6211305
3.5783331
3.5813055
3.5582695
3.6829599
3.3715779
3.5116131
3.9186114
3.2956310
3.2413173
3.2188648
3.5206707
3.3213572
3.4545583
3.5690765
3.5530816
2.3636556
3.1405224
3.0553829
2.8767708
2.8983029
2.7940787
2.8980823
2.9570824
2.8734182
2.8983758
2.6897971
2.7505586
2.6118969
2.6874114
2.6397194
2.4336817
3.0773707
2.9534841
2.7553934
3.0024536
2.9504427
2.7672107
2.9727410
2.5668262
2.6262552
2.7328289
2.5649651
2.6657544
2.6901809
2.3232618
2.3734640
2.5725089
2.5458998
1.7611014
2.0899998
2.3066134
2.1516571
2.0318331
2.1183502
2.0146655
2.0148191
1.9068312
2.1916981
2.2957846
2.0268057
2.0456675
2.5846541
2.7208003
2.7801852
2.5389375
2.3220331
2.5010967
2.2107782
2.2717370
2.4511533
2.4617666
2.6285284
2.3019774
2.8267410
2.6694339
2.5146006
2.7138554
2.4450221
2.3178806
2.3584655
2.4716461
2.4641836
2.5024046
2.5931496
2.5544950
2.5988470
2.4440464
2.7477141
2.5016528
2.6439163
2.7332595
2.8578483
2.8142833
3.0152943
2.7646724
2.5587608
2.6436800
2.4008759
2.5327013
2.6432928
2.7618048
2.3734190
2.6302930
2.6800469
2.5110935
2.5551308
2.4898160
2.5419162
2.7021871
2.7852311
2.6111446
2.7018435
2.4850866
2.6235861
2.1771704
2.2649051
3.1164405
3.2889441
3.2574667
3.0782353
3.1999453
3.1995471
3.2008943
3.3517103
2.6660629
2.5782468
2.6342919
2.6365764
2.4394568
2.6180324
2.5420226
2.5967684
2.5417701
2.7851710
2.8082624
2.8958309
2.7764930
2.7596973
2.4817292
2.4205066
2.5321420
2.3101581
2.3452422
2.4734700
3.4622285
3.2975229
3.4388265
2.9693938
3.1976935
2.9881143
3.1756047
2.9047826
2.9422494
2.6344732
2.8053508
2.8500829
2.9755782
2.9627227
2.8515079
2.7265139
2.5226023
2.4769586
2.6567960
2.7172132
3.0596688
3.2964886
3.2625010
3.0174568
3.0257482
3.0634882
3.3844305
3.0059457
3.2006036
3.2132433
3.1337972
2.8310005
3.0157511
2.6861194
2.7726300
3.5331597
3.0176963
3.1274786
4.3829522
4.1210992
4.3349019
4.2369213
4.3319496
5.8326019
5.6450542
5.6655106
5.6583996
5.7863305
5.9612579
6.2776583
5.8126583
6.0499638
6.0246573
6.1204283
6.0427299
6.0162752
6.5243251
5.9963433
3.8001984
3.5643520
2.7319823
2.9181305
2.7548150
2.6645954
2.8530748
2.5881277
2.5717349
2.6150028
2.8185515
3.3424160
3.4275630
3.4719211
3.4878073
4.5986233
4.5371696
4.2811190
4.5693066
2.6197188
2.8386566
2.6319177
2.6129138
2.5137354
2.6193943
2.6433670
2.6481495
4.4263278
4.1603805
4.7219296
4.6937542
4.7172398
4.5008822
4.5063302
4.4339574
4.7647072
4.7153820
4.3572834
5.0400965
4.5325099
5.0936269
4.9630009
3.7531422
3.4063305
3.5049348
4.0377833
3.8010130
4.1724826
4.2816493
4.1064141
3.8342578
3.4517036
3.9337305
3.6394637
4.4985290
4.7700095
4.5989589
5.4265897
4.8703394
5.1010815
4.2359399
4.2431567
4.2964884
4.3139482
4.4057903
4.3247180
4.0300667
4.4100136
4.3468643
4.2944441
4.9724673
3.8010397
3.9295869
4.3654779
3.7954659
3.9218236
3.6594191
3.5607477
4.1230249
3.9536463
3.7339106
4.2543705
4.4584650
4.9604729
5.0250982
4.6315863
4.9717759
4.9453990
4.9012327
5.0879675
4.4671609
4.3913935
4.5572771
4.8800193
4.7284709
4.5872404
4.6638468
5.6885899
5.8953687
6.2416580
6.2598934
5.6171741
6.0825548
5.5791668
2.8928927
2.8996772
2.9261119
2.8404614
3.8232946
3.9934948
3.7245569
3.5086183
3.4583780
3.5601893
3.6251243
2.9275358
3.0016060
3.0410935
3.0088068
2.7240276
2.9158704
2.7760812
2.9255389
3.1992313
3.3262807
2.9773468
3.7708493
3.6022661
3.4078867
3.4470679
5.2618170
5.1175326
5.3035253
5.0387757
4.7865521
5.3119933
5.1139167
5.1688254
4.7695709
4.7560653
4.2319597
4.4447509
4.1705702
3.7445899
3.6501981
3.6232957
3.7281774
3.7505054
3.3173649
3.4000395
3.7739607
3.8007677
3.4678272
3.5498011
3.6859396
3.4895155
3.3966209
3.1016394
3.2876535
4.2785461
4.5866631
4.5052146
4.1863486
3.9397647
4.2895312
5.0215052
5.2395968
3.4512401
3.4928050
3.4208230
3.4479425
3.2083603
3.5474963
3.3416796
3.4658247
3.7257216
3.4632589
3.5030078
3.4315680
3.7398718
3.8512076
3.9915517
4.0292339
3.7421963
3.8420689
3.4767430
3.5796038
3.5713750
3.5389651
3.2341380
3.4053054
4.1604571
4.1275511
3.9501178
3.9659257
3.9511487
4.2956736
3.7660797
4.1298583
4.0017371
4.0468632
4.1345470
4.0389929
6.7272419
6.3355821
6.7880522
6.1169021
5.7146985
5.9340953
5.3583382
5.9882570
6.0131077
5.6747407
5.6524231
5.3052511
4.9632882
4.8799209
5.1309083
5.2681015
5.4336986
4.8782086
4.5339950
4.8629066
5.2440784
5.3672061
5.4456648
5.7218455
5.5455218
5.9879817
5.8534092
5.9407557
5.7846026
5.5462871
5.3733589
5.1544959
5.5435481
5.7130071
5.7388146
5.4757493
5.5387671
5.6797718
4.5679073
4.9705482
4.4404988
4.2048220
4.5225498
4.2978447
4.5095819
4.3489959
4.2082553
4.6489252
4.6342372
4.6916397
4.9601003
4.7688224
4.5356518
4.2629950
4.9971505
4.6616260
4.7804637
4.9913233
4.9278754
4.6984129
5.1931746
4.0467819
4.4841297
4.0479210
3.9902222
3.6861777
3.6285276
3.4386880
3.5853516
4.3337372
4.5086837
3.9459032
3.8693454
4.1166222
3.7108503
3.6891368
3.5311980
3.4939049
3.9306899
4.1230224
3.9048539
3.8829470
3.6967110
3.3099161
3.6468989
3.7617421
3.8495159
3.8199657
3.9040082
3.8290222
4.1879813
3.9917057
4.6380318
4.5589814
4.7763661
4.9076279
4.1490208
4.3577892
4.3461199
4.4838232
4.1998228
4.3045517
4.0531103
4.0337049
4.2056202
4.4250294
2.9681980
3.1317930
3.1749459
3.0764149
3.0299829
2.9644720
3.1178021
3.0800835
3.0598533
3.2744584
3.2547360
3.1408151
3.1837774
3.2951409
2.9177476
3.2226141
3.0485257
3.5705811
3.7008664
3.5714840
2.9824303
3.0304788
3.0183818
2.9348250
3.3022527
3.0458109
3.0818417
2.9026284
3.1357866
3.0225579
3.4963781
3.4192542
3.4574199
3.2065878
3.4262619
3.2516942
2.8024121
2.7294475
3.0867864
2.9303070
2.8301194
2.6053156
2.4727933
2.2917494
2.4481463
2.2937280
2.4989639
2.5294574
2.3450681
2.2557297
2.3020278
2.4238368
2.6042010
2.1608724
2.4015821
2.4199865
2.4119133
2.5158229
2.6164592
2.5124697
2.4144491
2.5903176
3.5097826
3.6241669
3.6949576
3.0923068
3.2982183
3.3549912
3.3929821
3.4038258
3.3243809
3.5692480
3.5329667
3.2721248
3.2438035
3.7029619
3.5324976
3.6526524
3.7813154
3.3183663
3.3591524
3.4810784
3.2656023
3.2041883
3.2738241
3.1575454
3.0268233
3.4324749
3.3845099
3.2960109
3.3263830
2.7255990
1.0003266
1.0456005
1.1968932
1.1688786
1.4834222
1.3069049
1.3830919
1.4092474
1.2015393
1.2071646
1.1730817
1.2394445
1.3130842
1.2591262
1.2743978
1.1131600
1.0500078
1.1166533
1.3467867
1.3656009
1.3951242
1.3587523
1.3684546
1.5441673
1.4755042
1.5964907
1.5090049
1.3209364
1.2268330
1.3865162
1.3612785
1.3278615
1.5216562
1.5904732
1.5005915
1.3402428
1.3259332
2.1250798
2.0742841
2.0141570
2.4106339
2.1912495
2.0867697
2.3667534
2.2935648
2.0234730
2.0446411
1.9844396
1.9552682
1.6615255
1.5657332
1.4808542
1.3574217
1.4245575
1.5944797
1.4489575
1.5977253
1.6388950
1.8213712
1.7542276
1.8539037
1.1364679
0.9711744
1.1517873
1.2212366
1.2159235
1.1420127
1.3705735
1.3714063
1.3427501
1.6724266
1.5478136
1.5652067
1.3936615
1.3331891
1.2636243
1.3740558
1.3959423
1.4842514
1.5335319
1.4651551
1.4645525
1.6295592
1.6628694
1.5027638
1.6012662
1.6910146
1.5974849
1.5086270
2.2524234
2.1149149
2.1875272
2.0696448
1.9372851
2.1319210
1.9589013
2.0120175
2.1523230
1.8930764
2.1254053
2.3776688
2.3251750
2.3090047
2.2584927
2.1355380
2.1960688
2.0453981
2.6031598
2.7001638
2.5164018
2.4293821
2.6126736
2.2764088
2.5930450
2.7908778
2.7007714
3.5378427
3.2668511
3.3663286
3.2080906
3.1666002
3.1011519
2.9656459
3.1919414
2.9252003
3.0238349
3.1367261
2.8115348
3.0310954
2.7100806
2.7827727
2.8372189
2.7175956
2.7510207
2.8803430
3.1593005
3.1487552
3.0394047
3.3978532
3.2623532
3.5022489
3.3357034
3.3179516
3.3507261
3.2161519
3.0982901
3.2849304
3.0327598
3.0782378
3.0209915
3.0392555
3.0876785
2.2768132
2.4540190
2.5617283
4.0614722
4.3419865
3.8585057
4.2352518
2.7507666
2.9953474
2.7931428
2.7888340
2.8208493
3.1040240
2.8745102
2.7548638
2.9451630
2.8045689
2.8401068
3.1153950
2.9887607
2.9846601
3.1033777
3.3781071
3.1720440
3.1125426
3.5233332
2.6188185
2.8104058
2.8344289
2.6853182
2.7930820
2.5598965
2.7535933
2.8661161
3.0815382
2.6182631
2.6988793
2.5282960
2.4520343
2.3686158
2.5069062
2.3650873
2.4384421
2.2808915
2.4786930
2.4350570
2.5807629
4.3441411
4.6425845
4.1722730
4.2096632
4.4047288
4.3273137
4.1972426
4.3918066
4.0287028
4.2706129
4.1011908
4.1241309
4.5686291
4.0675011
4.1398652
4.4364434
4.6340802
4.7381394
4.6567358
4.6114007
3.6572024
3.7493323
3.8823193
3.8411756
3.5202220
3.7366362
3.5904417
3.6591632
3.7258194
3.3652293
3.2592566
3.5636299
3.4655363
3.7307276
3.5521535
3.6985870
3.5964842
3.8028160
3.6429959
3.9127516
3.9361711
3.7247568
3.8636897
3.7630270
3.6821992
3.7157681
3.8815823
3.8672033
3.0595523
2.9522170
3.1048476
3.0471138
2.9529085
3.9281686
3.7953499
3.5745687
3.7930124
3.7047919
3.1127697
3.3543338
3.5188638
3.2951466
3.5780947
3.3369979
3.4405674
3.5019308
3.9587968
3.3584364
3.1886689
3.5518697
3.7291632
4.0463660
3.7674316
3.7372566
3.8845794
3.9484851
3.7306585
4.2421710
3.0699379
2.9888417
2.8649663
2.9618531
2.9314665
2.6943946
2.7602881
2.8520305
3.4059000
2.9619675
3.1082150
4.1176244
4.3453462
4.0062973
3.9019797
3.7398771
3.8635384
3.6615693
3.9823415
3.4543799
3.6749185
3.5597542
3.2885029
3.3042621
3.4639647
3.4875287
3.1312089
3.5890820
3.4764889
3.4253926
1.3201135
1.3295642
1.2004336
2.1776765
2.0895275
2.2257994
2.1715654
2.1074008
2.0548188
1.9294652
2.0411915
2.2082400
2.5726608
2.4310639
2.4142117
2.4185757
2.6638611
2.5320271
2.8660153
2.8459648
2.9316745
2.9689140
2.6419007
3.2503092
3.0051111
2.9287886
2.9127756
3.0786952
3.2726538
3.3128883
2.6913619
2.6402538
2.8334664
2.9755741
2.9864160
2.8366226
3.1203573
3.2521864
2.9413142
2.9178409
2.9993874
2.9918560
2.7855836
2.9704945
2.7509597
2.6420371
2.5539067
2.7668936
2.5224963
2.6598440
4.0665806
4.4782485
4.4758502
3.8590399
4.0364782
4.2626911
4.0593415
4.2537688
4.3461039
4.1829759
4.2537387
4.3712736
4.2330390
4.5375286
4.2513838
4.1129264
4.3368905
3.4110099
3.0225663
3.1178047
3.0690465
3.1834633
3.4921524
3.5664928
3.8418100
3.4992501
3.5591787
3.5853945
3.5277383
3.9380264
3.7418181
3.2315216
3.2422901
3.3343218
3.1702649
3.2858087
3.0600182
3.2671850
3.1839329
3.0040618
3.0693828
3.7911212
3.3963039
3.6649805
3.7466266
3.2555844
3.4186621
3.2441054
3.2935715
3.5912627
3.2887817
3.3498967
3.1931678
3.2800184
3.4950531
3.7840290
3.3613724
3.5341850
3.5888804
3.6296638
3.4413807
3.2931483
3.6465286
3.5048493
3.3983846
3.3703058
3.2014439
3.4031170
3.3186289
3.0958220
3.4453011
3.1833744
3.0982032
3.4406770
3.2605959
3.1741311
3.2418422
3.7229691
3.4780017
3.5483470
3.4761840
3.4767992
2.9453649
2.8556827
2.8110252
2.9455344
2.6402417
2.9007955
3.0198268
3.2102588
3.0341384
3.1016652
2.9786595
2.4717670
2.6384369
2.9785749
3.0840483
3.0885906
2.9636188
2.9873649
3.2516899
3.0512420
3.1320233
3.1619977
3.4638578
3.3225268
3.3354727
3.4240754
3.8102610
3.5949869
3.4634228
3.8292243
3.6702586
3.0455606
3.1891756
3.1792441
3.1931511
3.0682551
3.5426493
3.3705253
3.2417115
3.6057001
3.4569620
3.2720649
3.4535065
3.4644337
3.1752444
2.8124941
3.3701317
3.4662629
3.2162143
3.0243541
3.1895940
3.3883542
2.9441855
3.2678014
3.1554472
3.2316058
3.0018409
3.0074596
2.9886369
2.8733784
3.4656530
3.4018484
4.4946698
4.0181588
4.0519642
4.3247710
4.3113453
4.7445018
5.0420827
4.5358134
4.8458984
4.7526135
4.0845920
4.0931634
2.8892285
2.6810607
2.6029404
2.8310633
2.9005527
2.9627376
2.9398766
2.8709873
2.6804421
2.2936642
2.5616939
2.4791446
2.4817975
2.6104954
3.0819816
3.0386653
2.9719031
3.0885748
2.5828910
3.4678348
3.4764121
3.6623874
3.4565690
3.2794393
4.3351097
4.2083561
4.3182014
4.2443272
4.0757471
4.3505376
3.8312190
4.4059955
3.5914701
3.6641701
3.6580449
3.7092573
3.7356271
3.7794721
3.6695742
3.5225770
3.7601805
4.1287444
3.8802549
4.0443730
3.1932135
3.1215487
3.0872769
3.2329531
3.2734630
3.3687135
3.5364101
3.7885219
3.3602080
3.2072272
3.2114007
3.0737561
2.9171078
3.2415682
2.8686961
2.5950744
2.9240583
2.9294525
3.8641105
3.5160964
3.9924713
3.5213460
3.4523078
3.6561176
3.6371518
3.7034473
3.7589058
3.5351287
3.5168806
3.4563365
3.6136911
3.5423676
3.1905258
3.6618541
3.5074289
3.5802557
2.9465840
2.3967926
2.3870202
2.3571955
2.3396367
3.0099213
2.9536314
2.7265409
2.9757539
2.6919600
2.9622822
2.7194626
2.8403646
2.9054321
2.8491844
2.8278279
2.9035967
2.9020837
2.9115187
3.0830895
2.9562262
2.9372030
3.1416374
3.0530844
2.9062219
3.3448144
3.5390684
3.3679627
3.0640074
3.2439918
3.2314064
3.1792742
3.2684601
2.9493383
3.2267324
3.2615929
2.8753779
2.7768046
2.8594545
2.8035117
3.2538802
2.7347759
2.7057387
4.1491350
3.3941474
3.6459540
3.6471208
3.8602223
3.8493514
4.3376235
3.8428872
3.9885192
4.3228059
3.9183425
3.9107675
3.6910563
3.9684174
3.9552927
3.7502147
3.8702981
3.6177800
3.8283339
4.0624569
3.7179426
3.8173274
4.6419481
2.0974746
2.2171280
2.0967004
1.4701953
1.4580953
1.4174172
1.4785871
1.4587182
1.6816216
2.0443776
1.9398289
1.9392528
1.8448942
2.0153643
2.1636733
2.2028955
2.2028711
2.3200256
2.2817551
2.5559458
2.3975726
2.5081909
2.3849774
2.2177396
2.3134988
2.5544863
3.9307783
4.1923962
4.2390394
3.8915982
4.1216376
3.7274070
4.0980955
4.4496076
4.4123543
4.4696118
4.1011381
4.2105770
4.2024686
4.5469353
4.1978754
4.2867462
4.6581419
4.2903844
4.6677526
4.5887498
4.3439245
4.4998434
4.4635823
4.2771733
2.9546575
2.9182653
3.0523545
3.1936273
3.8006283
3.7669116
2.7380255
2.9599695
2.8922887
2.7970591
3.0277090
2.9522389
2.8605290
2.8529168
2.7559761
2.4384784
2.4365848
2.5146597
2.4907481
2.5911322
2.6601495
2.5569087
2.6007517
2.5868613
2.5469613
3.0021045
2.4013385
2.1788693
2.2337635
2.2783211
2.3409068
2.1602193
2.3524885
2.6315189
2.7942403
2.6997127
3.0048921
3.0066860
2.9299037
3.1464285
3.0530848
3.3978981
2.7663830
2.4649636
2.5494577
2.4958128
2.4995981
2.2753918
2.6189904
2.3358427
2.5037845
2.5210434
2.1848824
2.1821621
2.2400561
2.1205042
2.3901100
2.1979223
2.1302099
2.5578936
2.5488564
2.6530420
2.5326893
2.6873720
2.6587899
2.6019590
1.9594157
2.0956643
1.9633859
2.0702553
1.9453623
2.0454682
2.2738330
2.2159546
2.0443843
2.1402007
2.7628063
2.7580738
2.8627489
2.8638292
2.6041547
2.9043194
2.6340870
2.6576566
2.4829311
2.7679537
2.6424834
2.9439999
2.5882590
2.7260674
2.9816411
2.7897695
2.9223768
2.4854244
2.6866877
2.6619571
2.4585174
2.6582921
2.7210121
2.6836940
3.2200233
2.9456011
2.8915816
2.9037364
3.0488401
2.7563061
3.1518656
2.7714158
3.1331895
3.2682436
3.6345048
3.6240756
3.2033980
3.2315655
3.4308575
3.5129808
3.2267063
3.3193938
3.0781785
2.9993489
3.0367831
3.0734154
3.0991134
3.4118115
3.2035176
2.6557701
3.6491581
3.6364230
3.3500761
3.4528614
3.5913076
3.2827139
3.2500333
3.2796571
3.1263126
4.6731783
4.3196926
4.2171751
4.0240127
4.2097344
4.2578741
4.1312445
3.5931233
3.0686985
3.2580358
3.6279378
3.5329204
3.5298339
3.6717408
3.0405324
3.2810851
3.4211019
3.2848122
3.2260661
3.1952306
3.1194220
3.3813191
3.3679376
3.2835131
3.0795235
3.0307537
3.1759310
3.3323293
3.4272700
3.4068171
3.3909203
3.3455631
2.3437452
2.2886325
2.4110151
2.1377045
2.2082462
2.2768456
2.3758486
2.1900887
2.1660613
2.4468566
2.7202111
2.7765315
2.9974173
2.4984220
2.4588141
2.6303302
2.5262558
2.8881649
2.7858396
2.5858961
2.8906145
2.7361643
2.4877370
2.7617411
2.9027533
2.8235027
2.9062298
2.7450739
2.8460625
2.5509296
2.5430383
2.5782819
3.0056374
3.1163418
2.9059742
2.9809379
3.0073135
2.5430144
2.4840664
2.6288065
2.6459894
2.6221850
2.6523374
2.4733909
2.6802429
2.7980013
2.5254759
2.4809498
2.6422139
2.5896046
2.7352037
2.6317496
2.5981630
2.6028604
2.5861179
2.6095881
2.7205570
2.5316748
2.6881671
2.6367787
2.5958261
2.5840120
2.5048113
2.1444973
2.1157769
2.2760745
2.2462976
2.1667622
2.4894682
2.1189057
2.3865418
2.3477847
2.3520876
2.3919766
2.3353829
2.3418177
2.3448939
2.4374256
2.6504759
2.6696166
2.7835177
2.6611249
2.5311616
2.2700097
2.4847642
2.2885737
2.5765011
2.5024287
2.6619841
2.7147790
2.7351876
2.5196739
2.5870042
2.5766949
3.5865112
3.4505906
3.1389634
3.1574526
3.2353522
3.4736458
3.3952562
5.3615652
5.2431997
5.2843686
5.5752884
5.2787460
5.0583668
4.7765103
5.1088433
3.7832711
4.0441118
4.0937909
4.1091683
4.1506382
3.8508430
3.6159070
3.7215139
3.8294131
3.7293792
3.4772782
3.8662975
3.9540395
3.7609500
3.7727451
3.7524519
3.9471848
3.6678721
3.8586225
3.6279120
3.6192412
3.2927190
3.1582515
3.3843837
3.3463150
3.1192285
3.3137506
3.2850360
3.5120021
3.0919031
3.1043704
3.1466683
3.2822102
3.0298518
2.9708158
3.8415631
3.7912843
3.7527821
4.0424229
4.3850286
4.5134384
4.3055364
3.7960818
3.9395735
3.9171497
3.1857857
3.2724697
3.1231196
3.0497841
3.0674224
3.5078234
3.5057777
3.1383563
3.3688421
3.2878690
3.1730899
3.4721479
2.9377190
3.0920272
3.1244439
3.0469758
3.0391095
3.1729860
3.0262858
3.1734734
3.5310714
3.3835204
3.2017440
3.1458729
2.9878244
3.2781418
3.1793771
3.0747611
3.1524160
3.2809328
3.5334809
3.7148161
2.6955685
2.5803757
2.6476695
2.7398066
2.7669605
3.0703909
2.8271513
2.8823427
2.7085111
2.7572471
2.6784451
2.7908822
3.1696926
2.9140247
3.0686294
2.5679203
2.8135641
2.8655122
2.6636920
3.9471292
3.9687058
3.8881301
4.1322844
3.8966401
3.6408441
3.8852851
3.7630686
3.9332020
4.1534719
4.0644765
3.8488451
4.1368547
4.4134719
3.9495101
4.2635501
4.1186688
4.3408301
4.3047842
4.2449512
3.8524378
4.1355499
3.9630045
4.1873163
3.5649551
3.6922259
3.5194365
3.6120663
3.6646885
3.6074076
3.4441724
3.3122422
3.2391047
3.2137399
3.3637889
3.6058895
3.8559547
3.5129740
3.3791220
3.6914068
3.6632195
3.6693242
3.9253685
3.9658107
3.7688944
3.6410992
3.7549879
3.9589825
3.4472898
3.2728512
3.6029810
3.8984515
2.9178948
3.1807863
3.0076055
3.0066690
3.0139330
4.1462227
3.8602631
3.4912981
3.7515580
3.8971287
3.7643304
3.9690372
3.4831268
3.3751930
3.4441724
3.4987664
3.6123671
3.5126652
3.8078460
3.7970805
3.0356651
3.2367406
3.3339709
3.4449416
3.2657468
3.3326390
3.4739328
3.7411767
3.5650315
3.6314629
3.4648493
3.5349163
3.5577153
4.0534455
3.6908065
3.9266903
2.0115161
2.1539746
2.0554715
2.1010671
2.2196119
2.1621758
3.0354673
2.9526832
3.1862327
3.1473369
2.9903509
2.9589912
2.9842455
3.2394740
3.0712947
2.8855129
3.2366523
3.2787830
3.3236497
3.4156668
3.1304774
3.3741805
3.4002733
3.7588420
3.7553128
3.5740458
3.2994231
2.9897089
2.8233226
3.1252993
2.9957865
3.2542597
3.0036600
3.0694012
3.3489341
3.2352714
2.5869300
2.4510903
2.4363187
2.3397721
2.5594075
2.5002269
2.3940889
2.2883160
2.3225046
2.3727416
2.3328946
2.3983544
2.4127616
2.5825905
2.4108416
2.3839104
2.4344297
4.6258114
4.2487711
4.4483366
4.4071533
4.2792810
4.7154276
3.9915026
4.1519261
4.2076618
4.5881947
4.6143235
4.2699357
4.0171357
4.1425046
4.2744720
3.9661902
4.2316510
4.0056419
5.5556526
5.0840328
4.9110483
4.7001193
4.6327360
4.1386941
4.5221039
5.1512103
4.2638431
4.3701895
4.6153985
5.5174920
6.0875485
5.8967537
4.7204547
4.5697809
4.3676131
4.2236504
4.5885644
4.1247967
4.5300783
4.3538069
4.3527008
4.4288638
4.6028663
4.4253053
4.8184272
4.3099716
4.1559709
4.7273714
4.4589480
4.3260718
4.2050794
4.8527563
4.7337370
4.4740386
4.7851940
4.6721139
4.9908364
4.8363834
4.5266066
4.6799959
4.2527148
5.3240856
5.3498543
4.9786594
4.9901878
5.0282509
4.7670967
4.9201939
5.0001156
5.0046772
4.7913627
4.5924610
4.8327067
4.5553064
4.7536333
4.3305585
4.4196096
3.3202140
3.2972014
3.1899364
3.3150344
3.1001136
3.4170668
3.7435918
3.7417165
2.7240080
2.9543584
3.9968381
4.1045582
3.8927878
4.6426112
4.4292545
4.2267869
4.1768890
4.0613120
3.9367731
4.2673332
4.1903314
4.1493266
4.2032405
3.0162681
3.1131352
2.8636471
3.0976882
3.0900999
3.1020845
3.0920032
3.6439924
3.3438566
3.2141704
3.1912474
3.2407090
2.8889384
3.0578793
2.8846562
2.9105322
2.8913286
2.7801830
2.9960619
3.1011339
3.0188302
3.0378253
3.0780053
2.5666698
2.4312500
2.1539669
2.1334776
2.6570829
2.5962902
2.6301823
2.3445503
2.4848784
2.4765603
2.3991612
2.6221488
2.5489926
2.6392401
2.5887526
2.5817745
2.7126345
2.5825975
2.7808588
2.9532543
2.9035155
3.3003388
2.8580492
2.3955681
2.4726935
2.3341646
2.5246103
2.7684053
2.6975161
2.4139742
2.3599711
2.3509212
2.3398447
2.1493271
2.1800445
2.2875112
2.2888694
2.3346684
2.3072252
2.2945588
2.2694316
2.2496644
2.3849237
2.6356843
2.5103838
2.4726451
3.8736162
5.1033434
5.1680334
4.7352020
5.0610398
4.5947221
2.0135555
2.0239707
3.2478335
2.8679417
2.9154681
3.2338980
3.0966323
3.1812338
3.1436894
3.3314500
3.4081742
3.1309680
3.1573120
3.0393979
3.8188552
4.0690279
4.0112685
3.9147787
4.0042928
3.8160079
3.2026940
2.7510504
2.8717262
2.7077078
2.8483855
3.1690178
3.1210603
2.8769169
3.2309038
3.1500934
2.9849190
3.0830464
2.9759407
3.0364178
2.8924402
3.7920869
3.5242430
3.4739693
3.0461647
3.5058811
3.5800664
3.7205585
3.6484750
3.6094027
3.5716292
3.7983565
3.7505312
3.6300968
3.5888543
3.8838070
3.6395089
3.6544172
3.2850803
3.1968981
3.5507759
4.2887465
4.3985080
4.1579667
3.9335202
4.1037994
4.1503981
4.2299103
2.5809601
2.7798335
2.6643078
2.6591404
2.8159343
2.8189563
2.9361605
3.0328111
2.9095337
2.9500245
3.0551807
2.8053462
3.1759040
2.8418258
3.0823230
3.0758022
3.1136873
2.9167296
2.8699187
2.9485431
2.9655839
2.8593151
2.9193664
2.8624909
2.9129421
2.8144609
3.0381830
2.5103504
2.4971270
2.6694793
2.6622155
2.4351126
2.7038792
2.6162322
2.8164152
2.7328946
2.7623530
2.7575232
2.8876663
2.6867641
4.2591387
4.3439152
3.9238157
4.6715786
4.7573452
4.4283157
4.2433556
4.2130692
4.5929787
4.2907420
4.4002619
4.4037619
5.1310894
4.9759127
3.2714514
2.5330512
2.4095246
2.5790989
2.5026242
2.8438068
3.0221510
2.9387222
2.7515932
3.1311730
3.1049341
3.1768693
2.8635923
3.0565580
3.1023444
3.2111389
3.0325239
3.1544792
3.0528610
3.0623729
3.1212198
3.2057057
3.1466185
3.1879622
4.2595304
3.8977199
3.8406179
3.3722698
3.4820738
3.9156341
3.5489724
3.3679316
3.3823079
3.5670181
3.6237669
3.3630157
3.2621371
3.2164764
3.4773282
3.1233575
3.0397031
4.9783747
5.4777810
2.9026868
2.9811409
2.6804372
2.9628874
2.9919533
2.7465379
2.5856147
2.4902902
2.5473279
2.4370179
2.4845578
2.5317082
2.9763302
3.0364078
3.0394915
2.6964025
2.7558090
2.6976475
2.8668370
2.9525489
2.5711857
2.9613471
2.7802158
2.5937143
2.7376497
2.5632290
2.4279974
2.3383942
2.5221609
2.5841674
3.0200589
2.7994302
2.6633052
2.7601311
2.8055957
2.7832882
2.6284173
3.5169439
3.5202146
3.5175837
2.9960901
3.4582681
3.3086318
3.2460991
3.4066322
3.2946600
3.1137554
3.1368949
3.2863596
3.1580502
3.1772051
3.1260132
3.1426162
3.1904276
2.1408155
2.2764715
2.3176031
2.2368505
2.3403171
2.1788456
2.5159467
2.3723051
2.5649152
2.5340839
2.5906118
2.3912278
2.4609009
2.3748329
2.4763299
2.4953186
2.7394849
4.1835314
3.5456787
4.2193143
4.0226774
3.7303232
3.9148138
3.7437941
3.9552447
2.8607139
2.8816168
2.7558117
2.7052391
2.7770707
2.8251558
2.7627120
2.7573135
2.8440691
2.6164285
2.5070636
2.6728394
2.6927167
2.5536236
2.6269671
2.4799040
2.7205106
3.1912058
3.4202398
3.4670469
3.2895048
3.1258565
3.8900816
4.0621601
3.9475342
3.8673898
4.3543177
3.9464092
3.9473003
3.5260773
3.3076855
2.8254839
2.6342426
3.0215042
3.1152438
2.9430562
3.1598380
3.1631044
2.9730312
3.1850776
2.9872129
2.8436093
2.8631838
2.9548597
2.9827478
2.9524025
3.2384295
3.1537491
3.1388980
3.2295985
3.4258203
4.4104020
4.5002036
4.2116210
4.4514159
3.9072949
2.0615818
2.3831490
2.6657517
2.5327709
2.2532235
2.4673333
2.0585696
1.9958828
2.7674427
2.5800466
2.4866343
2.2547622
2.2264502
2.2928672
2.2833249
2.2571641
2.3089217
2.0836195
2.1301920
2.2134530
2.0671805
2.1762499
2.1563734
2.2777541
2.6287279
1.9534389
1.7262457
1.8720761
1.7352219
1.8950812
1.8696747
1.8190713
1.8774300
1.9408253
1.9802175
1.8588245
1.8393781
1.8575229
1.8331842
1.8576652
1.8137129
1.9807573
1.8425369
2.0035069
1.8645450
1.5794987
1.5582493
1.4756913
1.5261141
1.4535991
1.5707123
1.5851234
1.7242492
1.5483937
1.7082261
1.2585342
1.1687525
2.6085406
2.5986694
2.3873161
2.3651714
2.3870496
2.4053646
2.4708594
2.3497133
2.5615228
2.2496927
2.3419447
2.2751381
3.9756556
3.9629223
4.1001069
3.6007627
3.7470996
4.2760740
3.7690113
4.2703258
4.1310256
4.2549284
4.0561858
4.1454430
4.5277139
4.4287695
3.9088255
4.0927141
4.5019348
3.9443769
4.0525397
4.0527095
3.6074025
3.5490098
3.7629623
3.5981307
5.1713892
5.7003823
5.4241152
6.0334196
6.0217213
5.8885608
6.1604288
6.5579746
6.4291583
6.3000544
3.8026350
3.8622704
4.0500392
3.9268263
3.8522030
3.2117552
3.2570606
3.8757758
3.4985840
3.4729202
3.3536731
3.4538986
1.9872575
1.8336563
2.0989317
1.9751479
2.1478298
1.6763227
1.7965312
1.4941358
1.5776312
1.5112998
4.1358667
4.3876422
4.4090790
4.6203713
4.5036138
3.9255754
4.2887257
4.0421357
3.3904346
4.0616332
4.0725760
4.0731291
3.7962713
3.8470143
3.7668999
3.9407290
3.5782984
3.3881262
3.4779313
3.7410072
3.2087958
3.5027263
3.3531918
3.2621043
3.1708927
3.2031862
3.4244224
3.7612774
3.8869545
4.3512420
4.1010794
3.6957659
3.7393609
3.7425035
3.9046519
4.0729760
3.7447185
1.6363320
1.6021357
1.6656391
1.7604405
1.7076144
1.9626436
1.8196959
1.6471813
1.7555249
1.8258299
1.7989085
1.8429849
1.7228080
1.7130628
1.6413084
1.8872491
1.7087767
1.8740132
2.1412448
2.0116847
1.9410432
1.9807129
1.9262209
1.9746747
1.8078397
1.7293206
1.9340344
1.8234255
2.3823121
2.3442751
2.3663673
2.3349306
2.2867684
2.2907503
2.6331312
2.6885591
2.6549138
2.4669914
2.4108871
2.4487106
2.2252227
2.4136520
2.2131834
2.6875210
2.5554253
2.7175712
2.6327013
2.5430029
2.4330233
2.4119521
2.4072484
2.8307109
2.7636085
2.6092906
2.5955757
2.0192461
2.0404764
1.9780780
1.9091330
2.1107371
2.0761412
2.0208592
2.0902878
2.0488691
1.8457234
2.1769345
2.1440095
2.0255229
2.6674564
2.9039635
2.7856134
2.8324400
2.8202601
2.8093487
2.7310879
2.7134006
2.8290034
2.8736559
2.8347169
2.6493927
2.8924739
2.2621503
2.3462912
2.3854074
2.4995650
2.3426610
2.1946320
2.5715954
2.3102840
2.1917914
2.5354082
2.4921574
2.5953396
2.3609718
2.6307316
2.7167611
2.7649538
2.6808359
2.8451030
2.3263601
2.4176243
2.3957018
2.3383583
2.1758823
2.2806488
2.2359013
4.6442453
4.1836826
4.5717965
4.8219846
4.0596973
3.7895736
3.6683511
3.6330596
3.8317702
3.9792566
3.9267032
3.6069845
3.9237643
3.6674323
3.7426097
3.7570245
3.5742579
3.7228474
3.6269647
3.6395341
3.3310548
3.5702291
3.4918173
3.3766280
3.2121500
3.0610887
3.2496132
3.3390566
3.4237264
3.7061948
3.2604249
3.2797853
2.8637579
2.9675581
2.9279072
3.2607089
2.7162100
2.9563167
3.0993853
3.1123938
3.0686582
2.9237477
2.7024391
2.7774227
2.6910468
2.6740219
2.2811530
2.4761891
2.3253399
2.2577227
2.2575136
2.6745475
2.6731147
2.5405171
2.6695945
2.5544367
2.8537324
2.6721376
2.8094310
2.7299277
2.9708550
2.9975137
2.7580598
2.6174265
2.6662811
2.6356375
2.6841966
2.6907063
3.1727720
3.0956780
3.0195870
2.8382215
2.5954110
2.5263399
1.4766327
1.5031135
1.5923616
1.6781890
1.7653799
1.5326807
1.5720739
1.4934470
1.4805335
1.7342283
1.6109382
1.7355790
2.1930799
1.5512508
1.6409858
1.7056574
1.8352919
1.5839610
1.5664148
1.6932470
1.5736413
1.4753974
1.5479324
1.5298406
1.6079398
1.6652975
1.9152255
1.8694555
2.3653282
2.3324402
2.3511473
2.2124276
2.0883518
2.2743310
2.5468656
2.6340556
2.6028349
2.9179784
2.7948323
2.9778814
2.9614815
2.5250663
2.4646920
2.4321855
2.7470113
2.9522438
2.7914331
3.1844457
3.2833826
3.2768838
3.1982557
3.0288301
3.1617727
2.8311268
2.6869069
2.6374824
2.2171450
2.8520485
2.8423591
2.9424718
2.9559801
3.0817732
2.9992659
3.0990757
3.0601652
2.9639107
3.0599924
3.0888167
3.1239562
3.0378191
3.3413263
4.6124866
4.6609814
4.5528102
3.7406912
4.1029815
4.0939860
4.2949323
4.1593844
4.1788370
4.9533637
4.9760604
5.0784650
5.3661194
4.7637721
4.3447239
5.0090237
5.2099666
4.6097648
4.5367924
4.9119416
4.9949962
4.8407667
4.7215761
4.5375403
4.6731774
4.3779655
4.4511325
4.3986121
5.0446647
3.6970254
3.6979698
3.8674470
3.8065317
4.0473722
3.3194583
3.3810231
3.3051506
3.3703234
2.9943016
3.3853357
3.6169183
3.6003834
3.3614696
3.3803419
3.3671162
3.5517202
3.3608750
3.0844138
3.4244022
3.0435069
3.2447459
3.1267962
3.0733666
2.6509229
2.6826761
2.5790450
2.6004483
2.6671268
2.5599509
2.7458527
2.7680477
2.7001653
2.6604436
2.5683026
3.1479762
3.0953303
3.1044994
3.0482235
2.9859989
2.8255328
2.5770620
2.6639792
2.8282435
2.7653501
2.9613019
2.7256658
2.5644017
2.9426452
2.5796410
2.5732687
2.6236908
3.0000754
2.8317076
2.6300115
2.7496257
2.8118230
2.3917985
2.7377007
2.5954584
2.5754397
2.5861618
2.8472364
2.8614427
2.7218458
2.7343320
2.5960109
2.9116324
2.7863535
2.8978976
3.0671074
2.9479288
2.5042277
2.4583473
2.7591914
4.0410834
3.6633482
3.7096356
4.0104753
3.8065365
2.7483204
2.6207327
2.7998379
2.7003269
2.7133857
2.8312126
3.0041593
2.9006193
2.9293419
2.8989672
2.7838706
2.6904429
2.9736856
2.8650966
4.4122911
4.3755135
4.1379317
4.1185402
3.8141647
2.7555580
2.6780824
2.9655497
2.9465654
3.2920658
3.6013380
3.3356984
3.4520961
3.5531118
3.1934529
3.0954202
3.3001199
3.5519272
3.5181836
3.4843826
3.5025668
3.8668630
3.7886784
3.6981291
3.3936151
3.3747817
3.7044003
3.1145809
3.3666604
3.4361997
3.1946839
3.2501508
3.2244563
3.5190961
3.4438131
3.6334368
3.5163617
3.4304603
3.1775281
3.4120047
3.7438627
3.7254410
3.8788149
3.6033761
3.7542618
3.8342462
3.9597128
3.7633292
3.7346055
3.7902063
3.6005696
3.8446200
4.5115758
3.4594896
3.3500683
3.2502219
3.6696866
3.7346773
3.8884346
3.7693598
3.7463031
3.5961654
3.5270111
3.6202977
3.7026556
3.2048016
3.2830217
3.5130371
3.0382759
2.9108903
2.5688228
2.9318228
2.8382776
2.7127815
2.5208703
3.2211638
2.4568802
2.5322851
2.4011661
2.7745659
2.5685709
2.6171472
2.4367494
2.5549831
2.3212779
2.5343547
2.4163622
2.4902163
2.4752946
2.5551265
2.4998898
2.4481281
2.9765405
2.8912834
3.0158753
3.7594067
3.3543441
3.3885065
3.3686783
3.8345679
3.6292627
3.7631126
3.5706261
3.8066308
3.9608576
3.1594935
3.5898209
3.4739978
3.8245525
3.6774900
3.6336768
4.1830439
4.0658907
4.1700368
4.0625931
4.0941543
3.9865072
4.0912280
4.1153961
3.7916195
3.5985407
3.6239124
3.7126790
3.6058793
4.1786999
4.0203819
4.0188573
3.9029786
4.0187339
4.1206128
3.8527372
3.6321922
4.6545117
4.5488538
4.2824904
4.5140782
4.5963537
4.5788322
3.4978735
3.6431785
3.7890397
3.9888206
4.0873101
3.7502250
3.8628636
4.0792014
3.8453013
3.6711096
3.6872342
3.5415200
3.9462026
3.7604045
3.8157081
3.5091196
4.0008859
2.9437658
2.6985050
3.0999485
2.9083718
2.8550504
3.1825785
3.0422493
3.1683073
3.1279461
3.3945650
3.0109520
3.5845008
3.2707839
3.4417546
3.3231354
3.6416643
3.2617998
3.2572877
3.1472169
3.0322876
2.5785937
2.3990012
2.5947532
2.5436110
2.5892054
2.4166749
2.6211716
2.7068484
2.6474377
2.6612233
2.6677397
2.3642745
2.5906567
2.5110786
2.5838399
2.5741890
2.6629815
2.5411739
2.6836323
2.6970257
2.3834108
2.5865488
2.5317942
2.6778583
2.6142292
2.5210290
2.4597272
2.6360544
2.7406351
2.9073124
3.0311426
3.0813476
2.6947018
2.9714069
3.0374604
2.7007041
2.6530984
2.8272649
2.9431849
2.8990422
2.9006852
2.8163140
2.9760819
3.0438392
2.7968256
2.9744236
2.6959671
2.8105093
2.4857717
2.7404216
2.6140422
2.7839898
2.7822068
3.1707414
3.0578468
3.2202846
3.3442317
3.2478180
3.5806234
3.5461255
2.7412935
2.6512224
2.8063929
2.9448631
2.8238876
2.4007211
2.5264869
2.2578653
2.2387592
3.0271618
2.9656141
3.0822545
2.4369734
2.6895469
3.3270446
3.6277554
3.1502399
2.9545137
3.9564258
3.9714869
3.2888524
3.2546876
3.4874006
3.6785059
3.7648470
3.8852872
3.6349746
3.8917279
3.8761800
4.0669710
3.7146240
3.7760090
3.6828512
2.6965537
2.8698507
2.8081287
2.8360025
2.6746816
3.0923829
2.8448291
2.8730605
2.6098026
3.0537610
2.7940117
2.9130543
2.7465020
2.6315274
3.2566831
2.9727387
2.6864216
2.8504329
2.7469019
2.5662744
2.6849044
2.5956799
2.5708893
2.4434888
2.5530515
2.5071456
2.5842179
2.7278063
2.7766156
2.7116460
2.7574974
2.7940971
2.7089799
2.2119044
2.1015920
2.3751729
2.2604884
2.4232858
2.4070022
2.4300087
2.5242952
2.3600489
2.3172582
2.4293662
2.7420203
2.8394005
2.5437954
2.8345123
2.7922728
2.4567347
2.4128056
2.9714017
2.2263001
2.2874031
2.0526677
1.7740225
2.0303089
1.9873498
2.1142950
2.0164499
2.2146756
2.3243621
2.4273968
2.2288638
2.2710945
2.3886419
2.3136004
2.2467919
2.3436343
2.9591188
2.7898960
2.8632230
2.8782271
2.5857492
2.6320020
2.4756283
2.5396171
2.4407732
2.6254936
2.5918038
2.6887653
2.6304155
2.5348218
2.6189906
3.8286567
3.3734239
3.5696214
3.6872850
3.6887975
3.6404730
3.5218347
3.7743214
4.1784972
3.2212108
3.5611795
3.5556278
3.7801185
4.3145921
4.3309324
4.1367937
4.0105341
4.3515134
4.2649549
4.4526777
4.5554017
4.4901431
4.6162892
4.6973717
4.7232113
4.3820508
4.3771714
4.0896813
4.3251150
4.6901500
4.4924622
3.0945937
3.3195426
3.3154010
3.3545407
3.1429140
3.3017323
3.2980477
3.7493737
3.4680831
3.1039530
3.1527764
3.2367485
3.0371834
3.0886600
3.1450147
3.4658441
2.8793445
3.0036044
3.2043268
2.9389339
3.0903656
2.9137309
3.0964810
3.0879248
3.0738314
2.8765630
3.0681812
3.3074050
3.1530488
3.1078200
2.9524497
2.9015854
2.8759944
2.7940648
3.8616739
3.3829865
3.6374035
3.4803448
3.0366528
3.4606558
3.6311426
3.4518163
3.1933521
3.5572735
3.5108936
4.0298627
3.7360028
3.4690086
3.9073114
3.3764503
2.9088466
3.0649667
3.0570647
3.2134501
3.3192101
3.1611537
2.9100604
2.6198657
2.6708750
2.8486090
2.7149449
2.8063271
2.3462948
2.9349372
2.6544155
2.1861121
2.4437292
2.6886988
2.8567932
2.8327383
2.5582156
2.6734524
2.5278069
2.7300393
2.7631361
2.9574948
2.9779841
2.7959404
3.0092630
3.2191268
3.1039385
3.2318988
3.2349231
3.2111398
2.9670793
3.2528946
3.2667667
3.2079827
3.3077886
3.4224982
2.8414323
2.8415371
2.9532323
2.7055655
2.6698678
2.5930113
2.3005671
2.0831831
2.3169341
2.5498617
2.4606278
2.3755363
2.4361779
2.5262066
2.7569954
2.8337141
2.7952296
2.6794520
2.2245345
2.4753028
2.2382904
2.4451414
2.3229086
2.2763486
2.6151920
2.3752422
2.4838873
2.3750274
3.2924908
3.5680582
3.3098385
3.0810875
3.1747314
2.9987343
2.7972561
2.7856008
2.7230527
3.0076285
3.0163069
3.3792717
3.2038586
3.3227392
3.4170168
3.4099439
3.5405515
3.6966137
3.4548017
4.1983165
4.0848755
4.5302343
3.9605931
3.6446797
3.1045198
3.0350007
3.0358615
3.1766902
2.9836296
3.3857545
3.4304533
3.2366048
3.2027853
3.1816735
3.2765891
3.1927502
3.1633204
2.7824957
3.2955710
3.4281947
3.6152129
3.5826859
3.4933693
3.3680277
2.5446268
2.6136892
2.9462741
2.7736435
2.9437922
2.6648000
2.7029814
2.6229325
3.1115072
2.9858027
2.9713790
2.9590254
3.0442033
3.0681969
3.4414532
3.4188222
3.9034121
3.5112042
2.8546367
2.8745739
3.1541539
2.9811517
2.9333387
3.0619304
3.2430822
3.4419535
3.7068830
3.8121147
3.7472990
3.7218696
3.7719051
3.6271727
3.6669706
3.5014277
3.6937688
3.5906296
3.8640691
3.8589882
4.1873244
4.0378399
3.2745014
3.0458378
3.0949805
3.3553023
3.3596372
3.1949160
3.5502797
3.5370122
3.6578487
3.4954568
3.3941021
3.4528177
2.7845621
3.0198559
4.2304177
3.8739465
4.1930257
3.6190803
3.4657639
3.7672347
3.5609953
3.6682435
2.6767068
2.9692383
3.2201406
3.3365909
3.1624354
3.1567937
3.2990645
3.1876057
3.4481557
3.1657976
3.3825516
3.9942856
4.1466394
4.1501127
4.0580427
3.9557814
5.0293284
5.1551620
5.0433395
4.6538361
4.8004038
4.5871314
5.0531616
4.4484788
4.3734440
4.3740382
4.6150087
4.3070100
4.2058692
5.1144922
4.8568378
4.3150098
4.0774894
4.4140086
4.2836385
4.3585906
4.2990032
3.8986098
3.9230750
3.7914322
4.1405307
3.8905027
3.9953034
3.4969256
4.0493383
3.8177006
3.5957515
3.8091619
3.7517728
3.8900269
3.8762239
1.9743729
1.9935619
1.9968091
1.9871604
1.9334046
2.0366338
2.0483475
1.8922391
2.3936799
2.2548169
2.2275261
2.3187518
2.3617360
2.2209204
2.3792687
2.5346004
2.4589392
2.5085383
2.4363490
2.4337002
2.4463443
2.4669144
2.5396344
2.6099883
2.5510159
2.5943596
2.5696774
2.7222608
2.5037228
2.7126510
2.5116695
2.5195276
2.0778024
1.9072219
2.0783143
2.0148120
2.1709401
2.4161102
2.3063117
2.2491837
2.3542403
2.3259902
2.2859720
2.3495563
2.2803529
2.2060501
1.8417946
1.9383427
1.8597174
1.8082929
2.1065050
1.9038621
2.1228228
2.2476607
2.1887884
2.2993975
2.2074762
2.2305877
2.3398359
2.5009428
2.1301932
2.2692018
2.2402540
2.4855376
2.4550349
2.4240757
2.6195680
2.6411338
2.8908606
2.6340119
2.6540183
2.7807399
2.5301875
2.4937782
2.4252860
2.4133555
2.4138556
2.6168716
2.6707711
2.3863548
2.2974215
2.3396106
2.8938138
2.7391728
2.5323075
2.5533669
3.1404026
3.2641284
3.5786090
2.1418698
2.1437226
2.1747300
2.2279800
2.1490140
2.1481545
2.2290693
1.9964146
2.1893701
2.0469040
2.1627602
1.9367581
2.1663304
1.9769725
2.1503549
2.0640277
1.9908971
2.1389380
2.7075155
2.8427719
3.4180381
3.7486381
3.5335753
3.4864923
3.5936039
3.7536469
3.3103754
3.5067059
3.4905932
3.4589126
3.8244889
1.7663165
2.0926403
2.2117788
2.0584059
2.1510100
2.0502127
2.1433430
2.1818190
2.0769797
1.8375047
1.8351587
1.8764239
2.0411119
2.1069698
2.2450383
1.9071923
1.9824734
1.8114934
1.9594647
1.8472850
1.9104125
2.1458616
2.1325959
2.0609666
2.3841197
2.1405176
2.5206230
2.5445256
2.5379587
2.6798405
2.7206525
1.6098461
1.8263173
1.6870353
1.6858745
4.2282074
4.3462684
4.2611901
4.2806076
4.3223956
4.6547582
4.3631482
4.7015196
4.5992891
4.3441591
4.2162164
4.1288966
3.8730494
2.6956975
2.6121787
2.7981504
2.8489970
2.3777796
4.1108439
4.1342221
4.1955317
3.8525679
4.4052040
4.2958095
4.6253676
3.6181470
3.8536835
4.0837610
3.5926384
3.9171835
3.5936549
3.9123469
3.8242554
3.5863686
4.1722835
4.2459262
4.3670967
3.9192770
3.8201380
3.9849282
3.3628878
3.3962869
3.6646627
3.3232682
3.3986091
3.3201522
3.0892344
3.8300482
3.8647463
3.8865499
4.0528650
3.6422364
3.8664750
3.7544939
3.4500483
3.7745772
3.8706401
2.7259545
2.8158877
2.5966171
2.8887650
2.8341385
2.9622864
2.9022347
2.8359139
2.9578555
2.9343957
3.8473921
3.9996049
3.5571104
3.7141586
3.5839729
3.5028089
3.5027387
4.4513988
4.1923851
3.1175218
3.1810811
3.0792786
2.9131032
2.8257659
3.1205490
3.3997656
3.5372633
3.4520335
3.3968508
3.3620378
3.5035306
3.5222934
3.3121063
3.2504537
2.9017544
3.6235778
3.2433400
3.5595907
3.3694981
3.0171904
3.0299948
3.3716295
3.2252733
3.1577125
3.3806654
3.3889224
3.1811979
3.4091766
3.2056709
3.9788910
3.7815674
3.3576114
3.9937332
3.6425363
3.6258958
3.9347392
4.0010928
4.0363224
3.6734435
4.3273645
4.2857351
4.4193955
4.2512416
4.0119488
4.1778342
4.3317649
4.2751190
4.1543818
4.4355039
4.0630483
4.4031424
4.4597981
3.7022780
3.9948993
3.8047661
3.3110450
3.3456673
3.3575753
3.2154574
3.3048185
3.1231948
3.2379118
3.2536222
3.1840426
3.1134786
3.2399391
3.2038448
2.5975975
2.5620613
3.9840083
3.8035518
3.8198833
3.7497346
3.9977708
4.6694957
4.1677744
4.2867659
4.4988090
3.9017242
3.8325699
4.1350563
3.6690316
3.5274541
3.7940077
3.5428404
3.4957700
3.6057622
3.6372311
3.4991218
3.5749772
3.4978520
2.9554379
2.9528886
3.1260138
3.3467760
2.9801113
3.3223615
3.1673271
3.5572443
3.3445276
3.1806372
3.2071236
3.5091697
3.4358894
3.2589449
3.1846566
3.7535550
3.6053191
3.5543947
3.6201633
3.8282950
3.5565624
3.4137660
3.3766389
3.5064387
5.2122354
5.3301769
5.2239774
5.4606336
5.6217991
5.3045078
5.5366887
5.3361891
5.7157738
3.5174016
3.7701828
3.6384718
4.9546594
4.8985329
4.9295645
3.5961812
3.6323526
3.4708885
3.3017277
3.5638623
3.4476917
3.6318248
3.6104374
3.4347894
4.4519881
4.7632017
4.8562308
4.5174905
5.0044343
5.1284144
4.6527221
5.0588035
4.7212704
4.7050549
5.1731479
4.5098005
5.0178172
4.8860965
4.8944505
4.6539820
5.1924375
4.7342789
3.9500572
3.9048764
4.3664683
4.1339016
4.0071407
4.0399390
4.1379431
4.0258213
3.9863358
4.1608674
4.0371898
3.8643661
3.7984332
3.5381651
4.1510653
4.1942341
4.4515257
4.2156547
4.1086484
4.3344520
4.2174442
4.6836217
4.6099095
3.7693968
3.6580979
4.1483441
4.2727343
3.8708224
4.5513539
4.7119681
4.7460515
4.8335082
5.1727033
4.8000780
4.6395625
4.4356361
4.8861628
4.9015226
4.7930560
5.2915699
5.3695456
5.5945689
5.3528159
5.0705835
5.4216888
5.4085589
5.2274582
6.0905528
4.3797969
4.2494825
4.5380160
4.5104084
4.7064517
3.7505184
2.9985572
3.0863811
3.3360574
3.2926948
3.1467290
3.1401152
3.4939723
3.5680164
3.2977723
3.3874888
4.4692317
4.6313273
4.9641990
4.8182792
4.7763372
4.7706279
4.6860527
4.8985568
4.7566196
4.8482525
4.3674400
3.9301114
4.0174661
4.0487437
4.2463693
4.0269352
4.2712985
3.4747077
3.3748606
3.6581764
3.6563224
3.8461265
3.6052225
2.9646040
2.7979121
3.1261385
2.7596149
2.9710507
3.1067997
2.8999368
2.7070442
3.1977172
3.1579618
2.9507913
3.1507546
2.9821972
3.3542243
3.2344838
3.0683183
3.0626978
2.9196558
2.8853796
3.0419620
2.9364595
2.8434356
2.5063954
2.4223309
2.1903384
2.9765046
2.8492488
2.7425495
2.5112692
2.6588239
2.3747664
2.5584883
2.7087111
2.6162729
2.8276189
2.7559080
2.7474460
2.7978049
2.7889698
2.8138717
3.0150304
2.8399413
2.4197803
2.5124154
2.3743584
2.5588041
2.9120432
2.8884065
2.8769528
2.7886920
2.8305020
3.0036449
2.6958466
2.5987905
2.6167126
2.4302867
2.7216339
2.6184670
2.7686933
2.5925353
2.6281141
2.6956717
2.5980002
2.5086971
2.3213439
2.0732360
2.4326071
2.2995611
2.2441082
2.2290207
2.2317638
2.1830202
2.4000193
2.4267422
2.2951922
2.0789489
2.3913497
2.1643443
2.0045681
2.0895840
2.0256737
1.9786904
2.0419089
1.9722262
1.8962773
2.0335889
1.9808662
1.9328382
1.9486457
3.8342361
3.4897650
3.5134632
3.3648118
3.8330323
4.0285054
3.6842515
4.1121122
4.2922601
3.9050763
3.7676694
4.2396739
3.6237917
3.6006167
3.5459844
3.3437899
3.6116219
3.5114132
3.0429084
3.0567640
3.2021364
3.2333235
3.1510314
3.4226304
3.3370806
3.3754749
3.4417238
3.1995250
3.4901385
3.8987152
3.7672146
5.3807048
5.1919919
5.5630781
5.8299432
5.2765322
5.5820216
5.0967146
5.2742657
5.8421798
4.2921922
4.4067075
4.4390587
4.4990934
4.6105600
4.5891344
4.3914845
3.8866728
3.4583897
3.6127607
3.1167454
3.0773341
3.3365815
3.4662870
3.5123739
3.4383302
3.4673276
3.7974937
3.5814891
4.3941937
3.9621485
4.0229104
4.2002794
4.1693685
4.2914708
4.0624303
4.2429310
4.3335192
4.0672626
3.8549047
4.3630353
4.4153151
2.5303911
2.5926214
2.4962131
2.3411981
2.1750173
2.2446648
2.1387113
2.1897671
3.1890940
3.3915524
3.7096058
3.2248401
3.8372608
3.5824762
3.7218967
3.7725834
3.5302869
3.8978857
3.8610290
3.9785681
4.2800137
4.0139822
4.2668456
4.0937732
4.0708408
4.1079803
4.1350736
3.6991912
3.5976412
3.7368389
3.7265566
3.5205847
3.8049242
4.1107402
3.9285013
3.9331857
3.8341810
4.0321574
3.8209943
3.5488263
3.3108274
3.4342541
3.4930278
3.7869109
3.0496904
3.0832423
2.9682177
2.9711117
3.3060329
3.5001824
3.3252537
3.4279182
3.3411888
3.4934518
3.3457507
3.3691240
3.2084073
3.4984677
3.6517719
3.8789793
3.7345816
3.5145434
3.0279715
3.0413747
3.2267204
3.1950355
3.1595554
3.7240934
3.5419361
3.6860173
3.8069620
3.5552341
3.6205442
3.7772447
3.4743515
3.7081676
3.9255256
3.9984500
4.0487884
4.1999287
4.0413210
4.2411137
4.1066652
4.3875070
4.0375355
4.2908162
4.2265988
4.2418259
4.1848139
3.8682438
3.6348986
3.6497022
3.4473104
3.7036084
3.5368837
3.5326707
4.3209803
3.9533336
4.0168563
4.1704338
3.8675042
3.6663451
3.3976816
3.9893372
3.8665532
4.2270829
4.3771565
4.2705364
4.7281466
4.3380800
4.2872526
4.2392732
4.8228903
4.8345819
4.0756544
4.1914003
4.7041703
5.0138844
4.8873934
4.5061842
4.3333884
4.0908610
4.0335298
3.4024306
3.7025670
4.1288239
3.5287502
3.5416836
3.4284294
3.6708929
3.4435880
3.1984623
3.4366212
3.5210888
3.5631250
2.9522779
3.0800651
3.4570475
3.2319420
3.3085467
3.2196232
3.2593787
3.0407689
3.1459899
3.4702745
3.2501803
3.5629305
3.3170260
3.2581345
3.4233688
3.3335277
2.8226460
2.7441050
2.8697383
2.9316480
2.9516891
2.5846335
2.3953473
2.0294998
1.9967922
2.0791034
3.0913332
3.4395951
3.1148577
3.6920074
3.1830330
3.2497644
3.1476074
3.2687216
4.2219936
3.3149830
3.1037194
3.3060649
3.3362788
3.1026349
3.2391869
3.3526039
3.2690533
3.5581854
3.2373605
3.3251802
3.4929045
3.3682275
3.5743701
3.2703358
3.2804476
3.7902581
3.8809560
4.2400265
3.8463932
3.9918443
3.8134243
3.8323940
3.6508756
3.2840030
3.4894090
3.4352204
3.0094765
3.4019979
3.4136593
3.1900707
3.4802530
3.5952884
3.4616227
3.4364039
3.3479808
3.2102008
3.2346460
3.3486229
3.7780553
3.0595184
3.0736378
2.9772202
3.1197579
3.0485291
3.2184626
3.1084236
3.0818402
3.1596055
3.8192037
3.8740059
4.1024969
3.8601206
4.0849801
4.3976754
2.8670497
2.4663103
2.4266861
2.9816167
2.8298381
2.6989253
2.9511095
2.6978496
2.8825386
3.0098229
2.2822047
2.3079398
2.2257935
2.2399954
2.1842126
2.9725332
2.8853048
2.2247244
1.8949921
2.0540703
2.0612735
1.9699489
2.6907793
2.6475400
2.5816198
2.5031421
2.6069472
2.7358139
2.6851049
2.2798650
2.4210749
1.9682747
2.1108296
1.7034614
1.8110273
1.7472848
1.6268919
1.5427047
1.4899849
1.4481745
1.4362951
1.4967879
1.5719359
1.7224125
1.6296882
1.5792834
1.5859702
1.5630429
1.5290783
1.4749409
3.4618653
3.3146192
3.4006617
3.6033116
3.3638707
3.3131291
3.3365408
2.8443377
3.2325632
3.5255817
3.4907185
3.4085767
3.2549311
3.3239727
3.4666838
3.5928277
3.2937492
2.8716745
2.6631809
2.0133097
1.9657698
2.0155698
1.8978024
1.9235125
2.0256028
2.2147222
2.0698219
2.3278190
1.8520514
1.8852066
2.1297937
1.9994607
2.1903911
2.0450012
2.1116086
2.3369135
2.2763746
2.2125408
2.2101978
2.1577129
2.3194263
2.4880091
2.8542126
2.4567386
2.8233383
2.9133468
2.8529479
2.8934387
2.8727994
2.6639362
2.6022946
2.4718798
2.5701976
2.4854426
2.6397624
2.7564398
2.6186040
3.0529551
2.9467986
3.5296536
2.5352417
2.4720675
2.4740544
2.4405585
2.5149949
2.4153501
2.5349260
2.5301831
2.3144765
2.5766967
2.6751994
2.5595407
3.7017814
3.7614519
3.3964344
3.5053755
3.0114779
2.8969224
2.7788720
3.1805275
3.1756550
2.9287334
3.7640756
3.9940566
3.4063519
3.5990209
3.9339747
3.1496585
3.6993083
3.1888862
3.0010594
3.3223541
3.0362492
3.4252983
3.7305684
3.4232040
3.3956881
3.4343457
3.3950321
3.0425191
3.4073415
3.5518760
3.6258407
3.2454626
3.2537864
3.4015094
3.6278627
3.2353857
3.4981646
3.5797910
3.5992630
3.1741254
3.3082643
3.2065596
3.6626019
3.5038427
3.5995493
3.6788878
3.0644384
3.3455387
3.1986643
3.1084931
3.3349970
3.3193406
3.1890263
5.1741075
5.1503608
5.1645930
5.1312822
5.2350083
5.0877981
4.6215111
4.5997582
4.1978656
4.1573883
4.4083359
4.7604254
4.4078517
3.6524580
3.7560770
3.9082649
2.6113627
2.7580258
2.8729067
2.4978677
2.6205890
2.9408518
2.8967967
2.7559755
2.9204907
2.5395850
2.8264897
3.1941328
3.3853755
3.1353578
3.3350393
3.3424967
3.4723858
3.3115107
2.7697990
2.7231378
2.8358835
2.9589283
2.7411527
2.8591962
2.7254642
2.8603986
2.8244901
2.7617853
2.5330332
2.6269995
2.3284288
2.7179013
2.6804249
2.7729468
2.7874860
3.5479407
3.6510847
3.5972696
3.4978048
3.8395229
3.3318675
3.1760341
3.3903595
3.1937142
3.2286648
2.9534212
2.9409057
2.9619881
3.1596855
3.1755352
3.3779042
3.3625419
3.4338905
3.4205016
3.4626396
3.7741321
3.7463355
3.6058496
3.6837865
3.6148809
3.8234237
4.2357632
4.3492397
4.3147141
4.2837963
4.7902484
4.4532228
3.5495930
3.6770966
3.4565025
3.4685828
3.5169196
3.4423023
3.5973322
3.5781661
3.7169385
3.6059607
4.2232961
4.1539209
4.1916852
4.1783495
4.2254043
2.4354188
2.4711761
2.7311268
2.6532634
2.5305299
2.9795013
2.7268314
2.5242095
2.1213714
2.1703834
2.2358101
2.2879340
2.2344965
2.3657664
2.4136234
2.3055232
2.3494189
2.2740864
2.1212334
2.2517293
2.2200255
2.5046125
2.2623529
2.2454235
2.4348822
2.3884049
2.3273791
2.2553251
2.3277770
2.1024654
2.3494628
2.5411450
2.1375585
2.3394542
2.3598321
2.2990380
3.9181042
3.8248367
3.5156793
3.4078210
3.8614664
3.5508801
3.8880681
3.6911191
3.9420224
4.3337064
4.1019457
3.9554948
4.3694781
3.9060652
4.2811816
4.0655930
4.1756035
3.9872302
5.9067632
5.3832604
5.5735624
5.4693498
6.1228248
5.9869041
5.6333551
5.5592316
5.4661428
5.3571072
4.5908262
4.7686430
5.0917949
4.7895515
4.8763300
3.0714199
3.0064818
2.8303602
3.0505748
2.8590686
2.9403563
2.8863695
2.7411741
4.2548224
4.4232976
3.7577885
3.7764003
3.6825321
3.4848006
3.6889792
3.6147255
3.5004699
3.6194326
4.0679822
3.5148405
3.9481552
3.9126821
4.0015229
3.8090351
3.6581226
3.9475515
4.0556261
4.4597055
4.4149652
4.7484760
5.1582813
4.9463893
4.4971735
4.5998163
4.1675046
4.2170924
4.4166025
4.0917655
4.1069234
4.5969236
4.5541948
4.0493445
3.6316959
3.7678652
3.9988018
2.2836088
2.2024074
2.2113350
2.3195836
2.4753443
2.4201830
2.5543170
2.4298985
2.4758416
2.4792645
2.5355180
2.1924732
2.3056578
2.5204112
2.2487113
2.4278873
2.4590948
2.5988138
2.7608006
2.9012811
2.8553509
2.8835538
2.9969188
3.0489769
1.6580004
2.3411271
2.2406032
2.3885796
2.3475049
2.3991139
2.1783270
2.0611706
2.1519581
2.0067779
2.2890638
2.3080547
2.0048579
2.1511506
2.3379202
1.9870569
2.9197319
2.8755955
2.8364855
2.6519124
2.6200406
2.7623450
2.2309552
2.3415309
2.3258183
1.9999340
1.9773559
2.0880675
2.2706165
2.2217600
2.0339232
1.4756381
1.3853652
1.7362696
1.7562670
1.8692972
1.7471770
2.3744775
2.2719832
2.3029583
2.3601306
2.4797862
2.6233730
2.4344227
1.8944875
1.9644134
2.2836224
2.0977298
2.2059305
2.2514763
2.0658211
2.0193618
1.9984693
2.2179317
2.2617653
2.2884531
2.1912433
1.9675362
2.1357803
2.1987410
2.1649763
2.1995228
1.9326856
1.9506627
1.8569250
1.8868223
2.8361057
3.0470925
3.3232689
3.1803052
3.3922724
3.4272997
2.8485659
3.1992636
3.0048316
3.1736848
3.3061015
2.9465525
3.0818902
3.2135868
3.3147868
3.2284531
2.8443284
3.0492045
2.6998681
2.6421949
2.7568659
2.7825706
3.5960351
3.2143320
3.2094224
3.3380006
3.3519813
3.4825386
3.1040963
3.1601803
3.1819800
3.3338178
3.3954288
3.2746195
3.2635322
3.1011604
3.3579402
3.4361172
3.5145902
3.5062732
3.3993826
1.8809953
1.9723505
1.9071425
2.0477342
1.9553352
1.5189717
1.5596922
1.5761074
1.5271179
1.6320729
1.4965718
1.6249521
1.5420816
2.7100948
2.5865055
2.7248749
3.1667987
2.8495771
2.7418186
2.7344745
3.0338127
2.9739072
2.7450094
2.5401408
2.5624770
2.7780268
2.8386715
2.7506885
2.6838803
2.7180091
3.0567771
3.2257319
3.2904803
3.0705117
3.0228034
3.1037972
3.1896396
2.9358637
3.1011206
2.7470435
2.6961070
2.5844659
2.8676550
2.9803490
3.0270793
2.7995870
2.8357248
3.5056421
3.8349256
3.8116646
3.6866517
3.5565486
3.4905374
3.9625078
3.7581315
3.5732460
3.6999840
3.8102757
3.9407660
3.8877406
3.8649892
3.4593518
3.4505756
3.4946107
3.3588691
3.1282559
3.4687855
3.4346650
3.3810074
3.5260176
3.4651023
3.3630373
3.5614360
3.6487064
3.8432286
3.4388017
3.6253849
3.2440684
3.4091192
3.3686914
3.5450789
2.9742184
3.5179547
3.4434442
3.6002140
3.7218204
3.4207507
3.6432311
3.5355358
3.5115893
3.6823171
3.0866569
2.8567448
2.9107694
2.9264607
3.5765553
3.6864027
3.2217095
3.4425267
3.4927900
3.4371687
3.4300404
3.3774584
3.1709317
3.3083074
3.1039599
3.1157582
3.5335815
3.5094061
3.6647154
3.4957877
3.8930153
3.3886405
3.4903636
3.4608095
3.2522127
3.1895705
2.9846319
3.2401808
3.1514338
2.8925075
2.7744468
2.8185067
2.8388333
2.9163522
3.3509373
2.8268146
2.7623159
3.1342078
2.9196000
2.4938618
2.7500677
2.5729129
4.1817723
3.9895107
3.9573680
3.9281685
3.6257245
3.7002238
3.5287221
3.5056740
3.6024122
4.0081735
3.9213503
3.8380279
3.7584608
3.1067676
3.0645109
3.4463854
3.3276213
3.6247645
3.7489878
3.3838127
3.3918802
3.5204158
3.4848851
3.2468000
3.6675420
3.4996757
3.7780772
3.8409307
4.2500017
3.8921177
3.8042375
3.9497063
4.1270731
4.0173971
4.0678279
3.9712226
4.0461964
3.5691837
3.8100489
3.6870395
3.5475958
3.7864238
3.9172210
3.7762117
3.8225153
3.5318184
3.4508925
3.5319713
3.6912027
3.5333141
3.2444539
3.3532748
3.5133261
3.5114330
3.3670299
3.5298769
3.4560222
3.5143180
3.4737561
3.0050516
2.8739389
2.8041793
2.8429278
3.0593086
2.9395091
3.0023727
3.2274544
3.3457817
3.0116808
3.1440757
2.8640815
3.1598999
2.9719719
3.1250815
3.2368413
3.0311133
3.1838633
3.3355428
3.0218269
2.8714706
3.4839429
3.0419421
3.4166167
3.6090933
3.4854450
4.1548633
2.1346444
2.1296659
2.2326460
2.0358509
2.1895822
2.6328644
2.6329523
2.5614657
2.5726300
2.4514007
2.4836531
2.8743635
2.8066124
3.1938564
4.1587499
4.2785564
4.3733680
4.5193399
4.6098887
3.8438041
4.5652542
3.5970317
3.8467266
3.7209836
3.8406844
3.9869569
3.7258280
3.7597689
3.8671992
3.9269373
4.2610160
4.1632068
4.1106408
4.2171588
3.7704496
3.6642125
3.7521299
4.4549798
4.2412975
4.2390692
3.7868777
4.0387192
4.1467504
4.3039946
4.1843840
4.7160897
4.4196801
4.6895327
4.6785624
2.8750742
2.8563389
2.8581047
2.9676298
2.9815677
3.5041359
3.4954871
3.4371705
3.2205545
3.4325685
3.3778133
3.2392307
3.1409436
3.2471408
3.0159277
2.4819808
4.0662619
4.1951060
3.9525309
4.1392245
4.2276152
4.4843380
4.3043883
3.9334763
4.5683976
4.2375351
4.1920180
4.1222771
4.3979141
3.9678361
4.2092093
4.1195376
4.5523458
4.3458309
4.5061654
5.5059720
4.8242423
4.3645600
4.4132052
4.3863439
4.4085157
4.5835605
4.5218976
4.6197179
2.8397738
2.8130953
2.8736858
3.4786473
3.7150020
3.8916778
4.0802113
3.5076938
3.4800661
3.4978327
3.4330006
3.5725548
2.7932433
3.2280354
2.8798345
2.7379363
3.4374335
3.4015059
3.2993292
3.2116830
3.7815656
3.6298513
3.4246351
3.3716441
3.4174864
3.2060947
3.4951683
3.5821898
3.7085335
3.4078955
3.4806578
3.6386232
3.5615449
3.1274367
3.1911468
3.1738255
3.2472022
3.1910682
3.4938553
3.4844428
2.0038920
2.1449787
2.1997092
2.3050046
3.0564565
2.9789754
2.8278775
2.6094307
3.0618233
2.8207493
2.7236403
2.7306969
2.8153942
2.6937088
2.7074622
2.6566065
2.0627270
1.7086090
2.4820144
2.5068961
2.4873906
2.4541589
2.5973125
2.6958857
2.6933224
2.4625583
2.4809428
2.3844293
2.3247878
2.1139282
2.1666735
2.5405148
2.6449126
2.8023291
2.7534875
2.5984647
2.2787998
2.3522270
2.4138413
2.4357650
2.4246999
2.6376277
2.2897452
2.2837053
2.4634868
2.3299722
2.2646651
2.2803779
2.2714467
2.2775231
2.2857124
2.0920754
2.4676405
2.3724592
2.4365787
2.5824874
2.4391265
2.6159402
2.4265317
2.1540425
2.2954687
2.6304175
2.6451436
2.5830149
1.8515001
1.9275909
1.9541240
2.1398314
2.0847555
2.3026831
2.1852311
2.2074173
2.0768196
2.2043699
2.1662812
2.0617929
2.2700803
2.2659720
2.1552784
2.4760816
2.7376241
2.7348231
2.5923189
2.5158953
2.7474794
2.1551102
2.0095356
1.7283369
1.8957053
1.8911064
1.8400587
1.8693427
2.2600915
2.3273531
2.2133902
3.7269609
2.9725944
2.6984184
2.8199574
3.0623430
3.1177885
3.3303712
3.3425900
3.2165757
3.1369263
3.3640575
2.9427715
3.0820904
2.4911354
2.8289268
2.6097115
2.5567512
2.7173806
2.8394165
3.0602500
2.9852611
3.1400081
3.3837091
3.0267184
3.1325223
3.2083351
2.9916683
3.6379616
3.5268590
3.6676793
3.4778532
3.1576731
3.5832368
3.4215520
3.9482457
3.6635044
3.5558727
3.5335199
3.3345066
3.5364913
3.2465401
2.5839337
2.5941088
2.4910330
2.2259161
2.0830126
2.1041237
2.1834682
2.0510129
2.0918954
1.9730830
2.0059440
2.0051544
1.9604708
1.8892431
1.8400091
2.2381183
1.9321477
2.4615050
2.6218496
2.7573199
2.8093318
2.3982881
2.5869937
2.2163688
2.1650087
2.1352688
2.0774129
2.3704820
2.8961029
2.8528653
2.9276881
1.8210837
1.8670562
1.8985924
1.9208201
2.0858716
2.0073060
2.0461147
1.6080765
1.6078794
1.5776963
1.5884151
1.5615298
1.6428395
2.8574670
2.2277032
1.9243409
2.0275563
2.0751490
2.0256021
2.1265023
2.0776370
2.0437095
2.0894670
2.1719971
1.9600617
2.0531147
2.0923816
1.8913717
2.2599934
2.1726829
2.3309916
2.0699816
2.2013488
2.0184894
2.1220897
2.1106959
2.0722082
1.9935360
2.0369183
3.4194599
3.5715344
3.7227806
3.6404992
2.4998751
2.4007058
2.6917343
2.6167811
2.5660141
2.5444109
2.9572238
3.2842969
3.4019158
3.0220109
3.0612601
2.9411801
2.8989518
2.9629420
2.8866788
3.1249805
3.3865483
3.8485384
3.6674394
3.3061907
3.3145494
3.1676034
3.0957005
3.5235806
3.4814950
2.8071336
3.2169165
3.4279423
3.4105136
3.3501653
3.2670607
3.1251569
3.3489902
3.1046965
3.1055306
3.1619246
3.4161615
3.5421374
2.5003392
2.7766135
2.7771104
2.8073168
3.0415412
2.7534201
2.5935126
2.7895968
2.6045380
2.7541169
2.4616748
2.4331379
2.6113630
2.5373003
3.0400203
3.6332104
3.4579711
2.9529062
3.0166613
3.1389855
3.0958432
3.3047846
3.2652861
3.3881706
3.0627146
3.1332552
3.1759403
3.2040634
3.1357147
3.0163932
3.7090005
3.4930506
3.3974563
2.4153004
2.6181305
2.5713851
2.6441774
2.5577349
2.4005169
3.1918206
2.9974890
2.9488105
3.3082822
3.1056076
3.4856542
3.2586260
3.7051197
3.8984155
3.8510274
4.2421232
4.5854608
4.1110287
3.7990553
3.7801112
4.1806962
3.9377443
4.4970450
4.0402833
4.2403383
4.6600362
4.2090048
3.9925880
4.0666711
3.8116782
3.7793714
4.6803887
4.6461369
4.6298504
4.7436694
4.3892251
4.5951322
4.2662515
4.1165134
5.2327038
4.0284537
5.0383387
4.7567736
4.8270740
5.3098609
4.8493886
5.4944719
5.5224545
5.1672771
4.9744107
5.0997924
5.0714619
4.7968766
4.2894935
4.2092938
4.4328995
4.0843354
3.8322557
4.1065891
3.9252549
3.3113843
3.1808696
3.1264266
3.0158283
3.0569238
3.2284901
3.0070841
3.3017267
3.0854864
3.0262513
2.8552526
3.2051194
3.1885117
2.6570342
2.9946360
3.0846995
3.2547575
3.1003469
2.9740281
3.1996437
2.9868427
3.1299554
2.8745082
2.9762764
3.2266997
3.0921654
3.0346050
2.8953558
3.3556978
2.9331163
2.8788831
2.8900465
2.9771485
2.7001631
2.6886882
2.6542441
2.3060951
2.5249583
2.4774860
2.7693631
3.0754133
3.0646698
2.9611522
2.6468633
2.5659081
2.4292050
2.4863390
2.5399818
2.7361339
2.7930720
2.6603253
2.6555268
2.5810451
2.7521957
3.2374583
3.2667914
2.9519546
3.1316791
3.2614288
3.0243528
3.2773844
3.3898444
3.3333655
3.3014565
3.0568334
3.1915667
3.1084987
3.1571840
2.6970026
2.8938934
2.6354964
3.0523564
3.0337377
3.1732073
2.9030417
3.0523485
3.0179965
3.2294305
3.0076165
3.1717775
2.4471970
2.3682727
2.5359091
2.6384672
2.5893473
2.8387693
2.8178827
2.4744815
2.9613485
2.9074842
2.9248284
2.7474646
2.9804254
2.6521464
2.8686343
2.7877173
2.6032670
3.0364828
2.6713659
2.6625859
2.6893089
2.7548618
2.5824097
2.7703629
2.6796178
2.6832438
2.5210657
2.4724036
2.6545063
2.6261667
2.9118437
2.8441126
2.9204360
2.8489911
2.6279611
2.7156323
2.5272463
2.4625558
2.3472210
2.4778247
2.4050458
2.3698270
2.6189674
2.6928014
2.6268023
2.5986077
2.6129794
2.3818816
2.3314924
2.2367491
2.2963065
2.2169884
2.4020026
2.1982074
1.9966715
1.7975380
2.3439441
2.3751914
2.0553700
2.3243749
2.1747046
1.9104471
2.0195452
1.9709382
2.8191188
2.6993988
2.5922319
2.8466205
3.0173458
1.9259472
1.8943343
2.0495713
1.9919169
2.3913753
2.3345659
2.5979824
2.2952011
2.3086294
2.2656625
2.3235229
2.6856423
2.6431146
2.7177787
2.8053526
2.5060780
2.3815465
2.3894121
2.4802508
2.4709008
2.4200997
2.4796192
2.2347935
2.3512555
2.4996661
2.3305812
2.4045850
2.3841894
2.4475733
2.6394916
2.7255292
2.6379050
2.5622132
2.7527872
2.0612844
2.1350689
2.0056638
2.6255494
2.6571244
2.3919431
2.5935649
2.3968159
2.4944833
2.3263888
2.3961939
2.3273485
2.1437612
2.2327711
2.2037531
2.3198464
2.3557765
2.1258962
2.1019486
2.1886646
2.0383641
2.6272289
2.5406806
2.4913465
2.5646316
2.3934371
2.4552344
2.4178192
2.2952456
2.9990558
2.7079634
2.5638837
2.6722614
2.7264088
2.7409513
2.6058713
2.7086865
2.6941264
2.9594115
2.4879812
2.4163506
2.3232807
2.3090983
2.4216137
2.5843199
2.6153836
2.9582644
3.0196327
2.9149098
2.7516951
2.5190393
4.2911214
4.3110821
4.3323676
3.9876494
3.9906365
4.2236791
4.0869616
4.1566585
4.1234914
4.0307747
4.3802782
4.3317263
4.4298979
4.2004598
4.0038843
4.9523364
4.8619790
5.1146482
3.4924513
3.4069181
3.5209752
2.5822351
5.0384943
5.0994040
5.2641045
4.7364452
3.6198936
3.6509993
3.8476121
3.5812624
3.6708913
3.4738169
3.6918912
3.7472146
3.4010033
3.5482267
3.4866656
3.7181947
3.4168976
3.6199789
3.5690611
3.3886790
3.9658335
3.8904990
3.6570390
3.4497007
3.6153763
3.6648990
3.3524535
3.4731033
3.1266286
3.5647402
3.1619190
3.0786501
3.2896673
3.0743610
3.3706339
3.2313125
3.3365174
3.1021599
3.4339388
2.2581094
2.1666465
2.4871159
2.5017436
2.8230301
2.2530948
2.1084760
2.8921945
2.5570526
2.9398153
2.8121682
2.9921000
2.7575999
2.7553669
2.7438139
3.3818848
3.2537422
3.5543463
3.3867633
3.4440482
3.3351220
3.6249350
3.8239196
3.2960143
3.6370445
3.6488211
3.4312948
3.6186904
3.5320399
4.5380520
4.2383069
4.0475086
4.0685718
4.1401996
4.6508923
5.1523339
4.9764022
5.0361043
4.5516057
4.7117368
4.9789846
4.4930816
4.5174360
4.3048380
4.4836786
4.9808499
4.9096207
5.3060820
4.9544568
5.1600161
4.6075212
4.0270968
4.2395994
4.5064056
3.7963680
3.8851184
3.7034196
4.9899476
5.1638296
3.1508978
2.8233492
3.2672686
3.1175976
3.2218310
3.7646382
3.4363982
3.5119040
3.3755317
3.3024410
3.1865840
3.7485411
3.7203925
3.5414467
2.9706393
2.9052216
2.8516521
2.9656534
3.2642940
3.3638801
3.5310986
3.7462075
3.7093411
3.4522979
3.5896412
3.6014941
3.5320577
2.4872860
2.5153135
2.4848629
2.3100127
2.9607762
3.0038983
2.9242918
2.7503555
2.8027501
2.7530329
2.6971597
2.7503328
3.8313027
3.7608686
3.6410520
3.9771363
3.7290961
3.7719647
3.6137158
4.1421045
3.7623810
3.8854246
3.4531933
3.3246683
3.4202511
3.2474019
3.6034502
3.7912094
3.7608160
3.7800974
3.7862692
3.8734866
3.3444588
3.6260683
3.2149273
3.1922375
3.4419754
3.2840628
3.3697813
3.2514969
3.1641954
3.1854390
2.9031380
4.0035706
3.7873917
3.9937838
2.7746330
2.6790331
3.4116272
3.3385635
3.2823213
3.2016406
3.3691280
3.5311320
3.3008490
3.3784026
3.4253291
3.4071783
2.6704204
2.6215973
2.4829989
2.5091547
2.5330204
2.9898377
3.5973326
3.2717292
3.1400707
3.3288475
2.6068141
2.9015423
2.9211536
3.2249059
2.8475503
2.7498802
3.1622353
2.6219278
2.9264035
2.5643739
2.6211542
2.4217822
2.5238714
2.6117093
2.5296493
3.7370595
4.2454790
3.7847094
3.6318429
3.4894464
4.3227873
4.4538763
3.8643478
3.5716060
3.5287092
3.6026646
4.0465240
4.1214912
3.9368538
4.1736193
4.2535307
3.9987042
3.9677075
4.0998792
4.1880960
4.3198919
4.7201685
4.9274083
4.8664930
4.8906636
3.5723592
3.6875041
1.9577878
1.9672966
2.7671614
2.8665803
3.4819947
3.4366092
3.5705689
3.6620116
3.9299605
3.7134419
3.3582480
3.0444274
3.2582071
3.4221661
3.0011179
3.0447063
3.0878361
3.3250954
3.7695229
3.5321779
3.8895593
2.7598404
2.8564934
2.9163650
3.0408046
2.8228747
2.4531037
2.6612488
2.7771439
2.6571617
2.7054497
2.9183193
2.5760267
2.6011559
2.0059329
1.9914644
2.0331004
2.0902991
1.8928651
1.8444474
2.5651951
2.4261410
2.3788359
2.1121940
3.3896929
3.6352568
3.9724950
4.0186351
4.0851518
3.9311710
4.0277539
4.1400709
4.3293452
4.4576557
4.2479004
3.5450394
3.8258199
3.7946017
3.7789573
4.0968377
4.1951789
4.2548949
2.5126534
2.5515818
2.6995014
2.7473070
2.7365270
2.7062142
2.4208056
2.5567191
2.5363958
2.4163100
2.5903075
2.5148867
2.4022546
2.3784206
2.5485367
3.1358292
2.8585879
3.3664803
2.7181082
2.6182488
2.5206922
2.6022382
2.7454361
2.5841352
2.5915933
2.6292133
2.7421997
2.4572552
2.7812504
2.9848834
2.8491890
2.3075201
2.7925201
2.4892849
2.6421243
2.8401342
2.8601694
2.8657640
2.9762647
2.9315552
2.8944684
2.9625165
2.7039845
2.8505118
3.2066747
2.9892117
3.0315676
2.9986403
3.1145495
2.9437293
2.9237795
2.9599605
2.7383842
2.7233586
3.0657553
2.7038982
2.6080751
2.6710083
2.6629506
2.8568489
2.9374711
2.8374620
2.8500508
2.7161492
2.5440331
2.8125945
2.4827784
2.6657441
2.6555991
2.9143944
2.5871807
2.6670103
2.0438511
1.9816272
2.0462810
2.5196826
2.4346732
2.4693074
2.5006060
2.4048097
2.1625505
2.0252438
2.1272193
2.8867746
2.9259549
2.8122300
3.9542960
4.3222446
3.3967335
3.6043131
3.9168812
3.8862241
3.8342774
3.9005372
3.6270294
3.4817937
3.7028193
3.4845143
2.5812898
2.5151716
2.2569205
2.3049223
2.1423265
2.2038140
2.2482353
2.7821393
2.8410082
2.5932601
2.5521675
2.7390103
2.4882797
2.7813984
2.7014733
2.3630790
2.2038179
2.2754601
2.2572364
2.2728909
2.0901723
2.2731069
2.3310935
2.4560736
2.3511632
2.3804047
2.4417468
2.2949251
2.5657643
2.4094543
2.4660947
2.4240568
2.5183548
2.5971839
2.5693338
2.2610287
2.2329826
2.3503308
2.5318324
2.4666898
2.4590416
2.3102370
2.4365134
2.5145096
3.0500257
3.0601169
3.1991595
3.1332233
2.4849193
2.6436661
2.6462126
2.6001778
2.9820729
2.5188661
2.7783803
2.7927751
3.0414000
2.5889778
2.7494398
2.4385693
2.4966603
2.4092742
2.5866047
2.1754955
2.2418889
2.5991459
2.6963385
2.6066887
2.2027857
2.1557369
1.9384492
1.9384067
1.6305383
1.9096312
1.8977566
1.9796271
1.7230965
1.7320695
1.7969870
1.7536540
1.7830974
1.8585001
1.8028300
1.7286642
1.9376845
1.8828420
1.8225241
1.8912520
1.8335980
1.9162927
1.7929636
2.0067479
2.1481099
2.1261201
2.0314481
2.1744863
2.2742424
2.1167284
2.1277268
2.3832081
2.1807002
1.9577703
2.2108286
2.1365710
2.1557313
2.2569083
2.1095225
4.3920269
3.7766660
4.5548926
4.4345583
4.5615950
4.6591406
4.2113862
4.2813306
3.8228126
4.1119869
3.9113782
4.2955024
4.2567850
4.2997494
4.1929889
4.4188270
4.1971306
4.2008372
4.5043522
2.3685664
2.3780515
2.2799576
4.2112150
2.6358784
2.3475527
2.6172463
2.7593395
2.6275974
2.9525368
3.1619177
2.8466694
2.7661845
2.3698655
2.3519148
2.6778469
2.6705723
2.6798131
3.7245872
3.2783504
3.2763145
3.1996899
3.3869468
4.2625173
4.0068808
4.3859711
4.1575722
3.9478413
4.1407866
3.9829330
3.6980023
3.9603223
3.6493588
2.8704309
3.1291333
3.0321647
2.9222157
2.9745587
3.1771868
2.9460505
3.3248985
3.2285533
3.2182991
3.0701776
3.1781246
3.1645642
2.4628477
2.7726605
2.8733410
2.9213753
2.7350679
2.5393432
2.8822713
3.1266536
2.9821843
3.0898305
2.6318598
2.6923081
2.7034146
2.8773126
2.8528989
2.9805786
2.7861427
2.7712964
2.9672131
2.9969029
3.1183788
3.1725265
3.2948690
3.1778583
2.9686354
3.1745677
2.8370004
3.3109447
3.1265501
3.1469135
3.2949016
3.1533715
3.1604502
3.0023866
3.3024631
3.4680807
2.9663987
2.9113428
3.6753479
3.7120580
3.6003661
3.3209253
3.2953568
3.3311183
3.3656498
3.3296221
3.5571745
3.2276696
3.4567784
3.6088467
3.8523170
3.7293315
3.9411880
3.8973782
4.1470414
3.8023111
3.9060565
3.7584230
3.9746002
3.9130283
4.1672069
3.6222132
4.3770209
4.4231464
4.3285029
4.4551417
4.3647984
2.5403843
2.5403502
2.7281451
2.4988330
2.4707247
2.6663445
2.7018797
2.8466902
2.8674871
2.9536493
2.8774377
2.8895985
2.8724739
2.8026323
2.7521762
2.8031275
2.7375263
2.7607102
2.8098825
2.6679392
2.6545618
2.5977500
2.5671985
2.5149729
2.8132839
2.5903605
2.7456045
2.7204815
2.3929914
3.1200078
3.3329697
3.3091884
3.0070660
3.1594362
3.1828946
3.1719732
3.3841688
3.2305500
2.8653484
2.7879463
2.9411070
3.0151305
2.9343089
2.8013323
2.9805854
2.8672756
2.8056410
2.5381219
2.5725742
2.6898142
2.6036042
2.6433317
2.4959125
2.7126710
2.8349191
2.4399056
2.7421304
2.8956499
3.0408200
2.8099860
2.7871430
2.8737670
3.0130091
2.8351988
4.5290702
1.7364429
2.0353400
2.3513015
2.0572808
2.1327527
2.0415657
1.6881804
1.8650176
1.9238980
1.8764492
1.7108909
1.8650178
1.7176434
1.7321132
1.6295270
1.8574939
2.0310621
1.9778215
1.8477782
2.9806265
3.0918106
2.8978317
2.9875680
3.2030190
3.1508154
3.0822990
1.9131390
2.0948325
1.9306707
2.2409417
2.2266035
2.0924504
2.3073627
2.0504311
1.9632200
2.0429395
1.9708603
2.0850261
2.0695252
2.0710146
1.8769606
1.8738687
1.7967015
1.9047026
1.8046181
1.8230310
1.8516062
1.7319834
1.8648021
1.8330822
1.8862881
1.8570995
1.8720320
1.6645865
1.7027415
1.8579544
1.6984967
1.7534336
1.6998448
1.6245473
1.7277286
1.5911563
1.9886756
1.7991219
1.6914547
1.8734648
1.6779312
1.9260786
1.8334188
1.8271718
1.3561363
1.2558661
1.8513472
1.9250014
1.8950410
1.8714729
1.7323524
1.8752306
1.7831207
1.6189779
1.5297557
1.4897981
1.5591556
1.5704959
1.6246766
1.5986650
1.8180370
1.5570538
2.1421246
2.0831265
2.0499038
2.0462245
2.2540233
2.2245474
1.9727439
1.9600152
2.0935126
2.1656639
2.3361259
2.2727528
2.0791688
2.3628114
2.1512194
2.3208630
2.3962416
2.4457142
2.1941461
2.1337661
2.6442871
2.6637462
2.6015222
2.3990384
2.3766253
2.4517642
2.3328963
2.5519863
2.6085971
2.6577804
2.7055228
2.8663385
2.3650575
2.2697209
2.4334601
2.6235557
2.6579681
2.5545996
2.5295000
2.4869452
2.0087982
1.9019066
1.8395263
1.9351847
2.0738371
1.8209045
2.3458909
2.2294393
2.2348928
2.3142173
2.1777862
2.5391595
2.5751097
2.3514659
2.4229085
2.5185319
2.5881186
2.5155025
2.3991420
2.5120549
2.5484489
2.5393960
2.5181857
2.3144413
2.0443960
2.0449426
2.0386964
1.9377050
2.1193607
2.0784526
1.8603865
2.1383360
2.1357191
2.1677443
2.5631547
2.0991870
2.2016979
2.2263322
2.1230567
2.6963150
2.6678682
2.0971035
2.1107333
2.4156743
2.1593851
2.2373079
2.3201631
2.4531657
2.2158228
2.3444233
2.4204115
2.4386096
2.2648810
2.6604276
2.4590555
2.7149555
2.6102434
2.7918788
2.6736083
2.5323575
2.4959299
2.3715218
2.4347169
2.6779295
2.9328493
2.8289925
3.0498668
2.8078875
2.8567521
2.9303452
2.6564457
2.3223627
2.4705331
2.3326111
2.4254832
2.1369025
2.0979259
2.4033118
2.3809714
2.3680472
2.6192577
2.3361699
2.7145656
2.6631692
2.8860965
2.9017886
4.5050729
4.1459807
4.1464853
4.2497946
2.9614752
2.9425531
2.8713265
2.9047835
3.2004305
3.2513571
3.2188276
2.3059826
2.5110732
2.1999840
2.5544291
2.6665597
2.5303713
2.3426078
2.2757273
2.3618937
2.4927046
2.4284322
2.4547947
2.3405365
2.3137542
2.4279408
1.7862609
2.3288245
2.4418844
2.2729147
2.4561374
2.7259429
2.4592904
2.6642893
2.6153547
2.7706580
2.5224899
2.7960863
2.6067844
2.6979036
2.6076603
2.6307131
2.7158546
2.6235668
2.5266486
3.1475202
2.7724637
2.5730238
2.5966183
2.2718559
2.2802027
2.3808794
2.3439048
2.2985232
2.2710041
2.6973226
2.3835398
2.4574661
2.8898534
2.4912850
2.2815663
5.4809182
5.7428842
4.3469930
4.3739326
4.6142782
3.9853428
3.6560814
4.1008413
4.6465721
4.5987981
4.4318251
4.3226259
3.6176165
3.3023619
3.3558257
3.5631428
3.6900124
3.7739243
3.7544620
5.1077428
4.5402095
4.9881296
4.2419079
4.1646124
4.1187034
3.8836486
3.6411109
4.1915468
3.6065147
3.8467697
4.1549318
4.0805621
3.7071382
3.7711380
3.9876513
3.8606885
4.0493489
3.7996754
3.6556458
3.7103758
3.4175896
3.7826588
3.6793444
3.9105261
3.5144225
4.7446038
5.0953079
4.8750249
5.1485399
5.1453690
4.9594338
4.3485221
4.2820678
3.7275038
3.9789155
3.9936499
4.1483284
3.7322655
3.9602426
4.2667846
3.7109560
3.7324946
5.6197949
5.1783741
5.0397394
4.6030459
4.5099359
4.9486594
4.4793013
5.4023513
5.6045793
5.3562118
5.2168048
5.4901220
4.8408769
5.3190330
5.2481901
4.9300751
3.8917444
3.8496474
3.9163522
3.8299621
3.8234790
4.0180146
3.8965342
3.8326500
3.8425544
3.7161041
4.0555799
2.5722562
2.8251840
2.5711492
2.9592493
2.8956337
3.1288002
3.0429420
2.8823238
2.9734665
2.9775722
2.8233199
2.5245597
2.5203010
2.5686303
2.7454993
2.4849741
2.5795159
2.5389595
2.5864085
2.5613398
2.6159078
2.6243436
2.1873844
2.0137317
2.1129589
2.1672905
2.2891849
2.3705659
2.2772082
2.2570762
2.3219087
2.1865352
2.5447362
2.4202563
2.4082192
1.4816751
1.4656131
1.7542858
1.6906109
1.6745183
1.6820929
1.8433640
1.7290310
1.6187802
1.6211416
1.6937613
1.7520868
1.6698316
1.7737639
1.7382456
1.8882249
1.8459914
1.8802467
1.7983126
1.6946388
1.9887086
2.3995362
2.4219197
2.3785310
2.1944195
2.2875790
2.2985510
2.5526864
1.6877179
1.8551141
1.8096475
1.8727224
1.7219616
2.3411145
2.7707656
2.6465358
2.5157043
2.3019763
2.5510541
2.6921643
2.7047955
2.4969831
2.4463591
1.6969382
1.6607227
1.7408540
1.6425989
1.6391878
1.6520357
1.8658534
1.7981266
1.7192340
3.9008330
3.8944070
3.5709619
3.7466476
3.7576384
3.6249160
3.7667674
3.7208281
3.8697355
3.6551528
3.6034321
3.3379884
3.6118329
3.5585200
3.6941119
3.9253621
3.7518090
3.7145655
3.9621642
4.1487781
4.1442118
4.1330571
3.8311252
3.2757389
3.1914925
3.6335834
3.4046504
3.1164821
3.0812559
3.1077253
3.1860010
3.0395922
3.0636956
3.0697834
3.4365915
3.1533509
3.0267549
3.0328165
3.4133092
3.3155802
3.5441098
3.1882305
2.8015736
2.6940736
3.2732259
2.5843727
3.1220531
3.0691018
2.9914909
2.7543370
2.7602078
2.9360324
2.4514827
2.5268864
2.5703657
2.4638280
2.3167807
2.4407353
2.3688693
2.3159847
2.3802234
2.4210563
2.3053778
2.7620247
2.5805351
2.7929318
2.3670952
2.0999542
2.2066790
2.1333432
2.1550474
1.9156066
1.9976710
1.8539400
1.7683168
1.9403576
1.8681366
1.9725610
2.4668397
2.1461821
2.1055234
2.4764986
2.7132956
2.4104588
2.6813091
2.4933813
2.2419002
2.4063610
2.3908211
2.1668315
2.2169210
2.1576197
2.2947545
2.2381673
2.3803946
2.1867275
2.4398850
2.3954852
2.3842991
2.8837464
2.9378420
2.8881798
3.3013785
3.2391376
3.0905845
2.9412924
2.9428462
3.2665973
3.3207373
3.2041505
3.0631003
3.6808286
3.6671077
3.4774658
3.6031860
3.9266905
3.7794086
3.8609312
3.6151488
3.4589068
3.8215947
3.5020378
3.5363040
3.6383812
3.6483311
3.2557520
3.0619060
2.9053756
2.9721945
2.5903224
2.6856366
2.6398956
2.6701598
2.5558821
2.7998428
2.8027249
2.9186740
2.5066416
2.6405592
2.5274632
2.5376209
2.5953804
2.6675891
2.8883580
2.8031355
2.8355952
2.7570508
2.9217849
2.7752793
2.6305771
2.4939155
2.5008166
2.5147933
2.5953717
2.7408040
2.5569251
2.7031020
2.6331653
2.4011478
2.3252776
2.6918962
2.3797397
2.3676497
2.2566642
2.3151932
2.3804766
2.4864704
2.4626818
2.3837233
2.1951292
2.3195344
2.1801081
2.3169445
1.8603621
1.8261552
1.7959859
1.8867741
1.8055551
2.1128186
1.9886576
2.1244115
1.9704800
1.7835139
1.7467207
1.9473550
2.1902477
2.1466041
3.1216806
3.1254172
3.0762694
3.0760330
3.1715746
3.6216889
3.4928108
3.6320071
3.3005471
3.8497471
3.6619234
3.5221032
3.5516938
3.4461443
3.3056569
3.1108619
3.3418841
3.4464799
3.3791258
3.3659319
2.5021291
