22.80764
22.16213
21.69833
21.81803
23.54151
22.86531
23.66236
23.63733
24.27703
16.40965
16.91558
16.95518
16.92440
34.07969
34.74070
35.45485
34.75926
33.44085
35.13533
33.17866
39.00336
37.32798
28.27205
30.85675
29.98293
29.62757
28.18522
29.81373
27.34441
29.08967
27.62558
27.59011
30.43194
31.85348
30.72759
31.80546
32.42510
36.91787
37.29608
39.41512
39.12086
35.33691
36.95972
34.89345
33.43171
34.28289
33.62148
32.89591
32.00558
30.90154
34.27232
30.13396
32.45406
32.86941
32.53773
31.96033
25.60123
26.01097
26.49812
24.03975
27.58598
28.76970
29.65554
28.53541
25.08941
25.84578
24.45156
26.10474
26.60783
26.20229
25.47601
18.00623
18.53887
17.05880
18.40340
16.99976
18.59622
18.03926
25.99295
28.98786
28.30489
27.07234
29.13927
28.47892
27.65776
28.73154
31.40008
30.08026
30.61918
28.85111
28.36552
30.45640
28.94868
28.93490
30.85704
27.24664
29.97198
30.06231
25.02527
25.39527
26.85649
26.03457
22.26925
21.92556
23.63993
21.18632
19.75651
26.48485
25.34870
26.30422
26.38260
26.74120
30.37105
29.27355
26.85402
22.85375
22.21676
22.82612
24.19048
23.85529
22.81393
22.60062
21.09537
21.22696
20.69234
21.00817
18.15158
20.12231
18.50791
19.04893
18.30980
17.94882
17.93143
18.65110
20.05869
21.57270
21.38648
21.49114
20.41970
20.58675
20.73265
21.68074
22.22493
22.28274
20.79656
22.38674
21.75766
21.85479
22.01073
23.02179
20.79607
19.84640
21.04467
19.49973
19.42491
21.39420
20.68999
21.52423
21.01157
21.73813
20.88883
23.27690
21.05133
21.45927
23.15932
21.13463
19.97290
21.39410
21.89642
18.72770
22.68235
20.52078
21.21816
21.06108
20.71176
23.18528
23.27347
22.33448
23.55878
20.88275
27.27677
26.26777
27.01330
27.85075
28.58926
17.79682
18.84097
18.86269
19.58900
19.64412
18.47946
18.52478
19.50908
18.54519
19.88621
20.44703
19.57575
19.99444
18.58314
18.52846
19.46331
18.32394
20.94965
21.45817
19.54513
20.06290
18.53675
19.77041
19.78275
18.41897
19.51877
19.79159
20.22368
19.08522
21.00056
23.50465
22.96722
24.11702
23.37695
24.40400
20.33524
19.37803
19.63692
20.11001
20.35093
20.48019
21.21141
22.82729
22.66249
21.68855
22.47755
21.76860
21.79294
22.12276
22.80777
34.78452
37.05519
35.86167
35.09893
38.00665
33.84194
36.84297
35.17120
35.23851
38.59510
35.35540
38.66812
39.07552
36.47186
37.45880
34.85191
36.17096
40.67051
36.88760
21.98772
25.27181
24.25495
23.69503
23.04682
25.98712
23.27467
21.51406
20.55668
23.80560
21.10527
20.90158
20.52991
21.09218
20.58244
22.42999
19.56072
21.59417
21.87770
22.14821
20.90720
21.89487
20.83086
21.50872
21.44788
20.83484
20.45894
20.42838
19.80851
25.11233
23.95246
23.38542
25.23204
24.30712
24.47220
24.57370
24.89697
25.14031
24.46782
24.84199
24.43867
24.79311
30.41119
30.31474
30.50272
31.18680
28.41744
30.01049
23.55292
22.61367
23.15227
22.31893
23.69771
22.91532
19.35935
24.94679
25.18425
24.29818
24.58237
24.79063
24.37798
22.40646
22.21659
23.62800
22.30175
22.16903
20.49014
21.13706
21.16265
21.98011
20.12637
20.83519
19.98302
18.74320
18.85931
21.25444
19.45811
18.53570
20.07701
19.04850
19.46337
19.45818
18.84788
19.23433
20.62858
18.46010
19.62630
19.94821
36.81995
36.88957
34.70265
36.76584
38.56050
38.99716
37.47118
38.29172
38.36382
38.94569
36.46733
36.19090
38.42721
28.28750
28.52609
29.92689
27.70067
29.34575
30.32133
29.62245
27.94379
26.56104
27.90622
29.43592
28.64983
30.47276
28.90798
25.28452
29.24927
28.44023
27.65294
28.43530
25.54355
28.50904
27.94689
25.20271
25.33718
22.68977
20.32001
19.01636
19.69235
19.08982
20.58677
20.28229
21.08728
20.92236
21.73739
20.65894
17.62866
19.40723
18.64799
18.19938
17.54479
16.68472
17.86418
19.20747
17.60249
18.04096
18.83554
15.74935
16.17242
16.18698
16.48717
16.40246
17.14637
15.82557
15.83973
16.41271
16.69381
15.36091
16.55881
15.11839
17.73884
16.15246
16.36073
15.46766
14.84649
15.04836
13.76273
15.75283
22.60798
24.50464
24.46553
21.24358
22.40134
22.54893
23.69177
21.78356
24.40711
22.78278
23.99548
23.52118
23.18811
24.24239
23.12716
21.13915
23.78662
22.98710
23.23062
23.54198
20.39616
21.36237
21.74404
20.87963
22.10860
19.93598
21.10915
20.47168
19.54453
23.04951
21.53708
23.26336
21.75858
20.09406
23.45330
21.94959
20.59345
22.85874
22.31919
19.31416
19.87204
20.73498
19.93181
20.18584
19.31978
19.09594
18.71289
17.78983
18.00175
20.11265
17.66738
17.31234
17.89651
18.83048
17.83495
21.25530
20.72962
21.37989
21.18533
20.70864
21.37739
18.92461
17.25754
16.75521
17.69978
18.11682
18.48453
17.80816
17.94902
17.97964
18.42615
23.17444
23.67617
24.86929
21.15974
19.05673
21.46329
23.46841
23.60534
22.97240
21.21814
21.51274
25.75714
24.94040
24.50953
22.82158
23.25065
23.09223
23.55776
23.68279
23.52059
22.76535
27.75994
27.95651
29.60796
26.84529
26.57421
24.87547
25.18915
26.97578
33.05085
29.81082
32.51903
32.35102
33.98267
31.20689
31.40779
31.87765
31.77855
33.55636
31.38190
28.05662
29.48166
29.76638
30.44918
26.22147
27.70751
29.38584
28.90033
29.96720
29.01115
31.35254
30.56250
30.03596
31.05042
30.39581
31.54128
30.75730
31.68980
31.90560
31.80639
29.44050
32.91671
32.95961
29.89957
19.47883
18.86080
20.57823
17.92731
18.90033
16.47017
15.54877
16.17146
17.30325
16.16634
19.73007
19.06930
19.45917
20.00557
18.53089
16.44541
17.26808
16.49172
18.39234
21.23334
20.32109
21.21612
20.31603
20.86789
20.96707
20.34464
23.05417
21.44893
20.49777
20.56200
20.29615
19.60040
35.36862
33.47619
30.97582
31.66906
33.21108
33.33229
33.83198
25.83919
27.93616
28.55585
28.62779
29.86481
27.77426
28.89629
30.24528
31.69244
31.24472
31.84664
32.21289
33.80942
31.54926
33.38457
32.26162
33.76312
32.61414
33.14876
36.42186
32.20898
33.05296
29.87881
28.78955
30.56830
29.50231
29.09617
29.44286
29.66945
31.82027
33.22769
32.21196
28.01786
30.78599
31.84733
31.51427
26.29827
27.53689
25.36840
25.63927
26.61150
25.38595
26.05700
27.41987
24.06632
22.75918
27.88589
26.73043
28.96444
28.43658
28.19537
29.18642
28.70826
30.20223
29.16303
28.69618
27.34845
27.80513
25.02392
25.00483
28.82385
28.77399
29.49455
26.91973
27.73574
27.84737
26.21155
27.96110
28.51358
27.61729
27.74322
28.02778
28.64945
28.82971
25.97215
28.08945
27.41543
24.07127
25.45494
23.15213
23.12007
23.82063
24.19239
23.05731
23.09241
22.94415
22.40706
22.93906
29.57610
27.64853
29.80071
28.84066
28.04292
33.16060
31.52117
34.62634
31.60586
30.74047
34.43603
28.22094
27.50360
27.16656
28.57496
28.81272
27.83763
26.10485
28.22371
27.80679
26.45142
23.69574
27.02964
25.58333
23.91967
24.89959
26.12478
27.99527
24.63656
27.19816
18.59916
16.35709
17.47684
16.20964
17.67865
25.38852
24.09114
23.54282
23.69253
22.63245
22.80437
23.35688
22.52289
20.38244
22.81269
24.47489
22.96913
20.92560
22.15097
22.19839
23.12309
20.69941
21.43673
19.73851
18.35877
19.02153
24.21889
21.40927
22.50390
22.09586
22.15435
15.53061
16.46090
14.88240
13.92214
15.91170
15.76769
15.80380
16.87705
16.58980
16.78543
17.55618
17.20080
16.74511
17.88705
15.62958
16.32820
17.54180
18.16861
16.61852
16.64268
18.42206
17.09232
19.35256
18.38237
18.43123
18.91161
18.80335
18.81272
21.07710
20.81922
20.29572
21.33243
20.77328
21.51742
20.28864
21.84858
23.43381
22.63450
24.66719
23.84978
24.01067
18.65747
17.22578
18.89540
18.11001
16.63768
18.03215
16.53785
20.09680
19.29525
19.40286
18.52125
17.64011
19.30601
18.85063
17.45866
15.69340
16.56615
16.80850
17.40066
14.83349
16.95390
16.72886
15.59997
15.84337
15.80937
15.64342
15.37567
17.74423
15.54921
16.42795
15.82710
17.00374
16.85682
14.93999
16.76147
15.94467
15.53600
15.22895
15.72561
18.38626
18.44597
17.20867
18.31338
18.82562
17.38112
17.80735
17.07465
17.86816
16.53246
17.51864
17.32446
19.08609
18.26085
18.41722
18.11919
19.24938
18.37420
17.84807
17.22632
18.18626
17.74933
18.44367
17.28978
18.01223
18.35739
17.10863
22.20375
21.97230
21.99469
23.65855
23.57229
22.26354
24.11166
23.08444
22.50931
24.01577
23.75647
24.99859
24.58258
24.43170
24.67083
23.17778
23.39360
22.40631
23.69575
23.53910
25.77948
23.12579
24.19360
17.41994
17.64327
18.51399
17.05226
16.76645
15.84179
16.07594
19.05428
17.27474
17.13227
13.62989
12.36234
12.32973
13.41379
14.13619
13.83391
12.39494
13.56614
13.80605
14.40792
15.67223
16.38582
15.04214
15.22833
14.75233
14.84935
14.96670
13.53562
14.08983
13.80615
14.33641
18.86114
19.37893
18.90489
18.86108
19.97465
17.67844
17.39528
18.12218
17.82107
15.48784
15.09459
13.93348
16.29950
16.37702
14.29844
14.64090
14.28118
14.19847
14.23031
15.08466
15.29087
15.23598
13.47390
14.24047
22.04172
18.41451
20.99726
22.25943
19.69537
20.51426
20.20006
21.48721
19.61649
19.69377
19.41667
19.44393
21.15459
21.40541
19.13811
17.52044
19.57891
18.57906
20.12929
18.76008
19.65780
18.17501
21.67398
19.21341
18.90802
18.51245
19.34464
30.80018
30.18220
32.60818
33.15699
30.70161
30.14769
31.39916
30.23840
28.87812
29.44359
28.31797
45.01065
41.90896
39.61096
42.74435
40.32034
39.18496
44.89811
31.26899
31.49542
32.42390
31.59056
31.86962
29.01124
32.33163
31.60252
27.55618
25.15026
27.60016
29.46250
27.44956
31.79546
31.05809
34.76690
33.91944
36.07523
35.72020
33.07449
32.32421
33.58704
29.47522
26.80744
29.64854
28.79193
28.42403
28.06497
29.44694
29.28908
28.00105
28.77769
26.45436
27.79163
27.88262
30.13447
27.45302
31.85966
30.82032
33.37446
34.88522
33.24733
33.05928
35.46250
30.45633
31.72118
30.26632
34.92766
33.63173
33.48071
25.21125
27.17730
29.53692
28.46362
33.34214
31.46510
32.84496
33.93670
30.50164
32.45855
32.27487
30.55877
33.95191
32.77793
33.80971
33.19466
32.96833
33.07207
32.28035
31.84460
30.33272
33.13940
29.99368
31.11441
30.02783
28.20746
30.72903
28.40169
31.24782
31.32827
31.67149
28.93666
28.34527
29.33704
30.49761
30.57768
30.19463
30.82971
29.36091
31.94135
33.74061
33.86239
29.67564
31.32217
32.10183
32.03828
31.34823
30.47257
30.42839
32.42136
29.90724
28.75287
30.33275
29.10639
31.07772
27.27986
27.79693
27.17186
28.48128
30.64546
30.63065
28.70416
28.96314
27.62525
25.92960
27.45495
26.99517
29.02168
28.57927
27.14384
30.19229
29.19857
30.03670
29.94401
28.97450
28.14905
28.10040
27.24370
27.85809
29.22364
26.90039
28.60329
27.41047
31.58673
29.95758
30.03023
29.63031
30.93087
31.77586
30.49404
31.48139
33.40938
30.58924
30.26366
29.69360
31.81912
27.79254
29.19940
29.18154
31.00062
28.69348
29.78972
32.19556
30.30891
23.82636
26.10618
27.52764
28.12726
27.16357
27.58493
30.92971
32.12941
31.87875
28.92528
28.76198
28.84250
27.37043
28.45974
24.73558
25.62769
27.01238
25.46411
25.63395
26.82810
26.21781
26.79576
25.63532
26.31799
26.11482
25.40475
28.49549
26.11363
28.26360
28.39401
21.79087
19.88457
21.58438
21.16618
20.98073
22.14636
22.51099
21.37542
21.16832
20.59034
19.76022
18.51384
17.43254
21.17265
20.75649
20.99127
20.62980
19.78218
18.39367
18.45184
18.59626
18.60523
18.16226
17.15123
17.92005
16.57157
16.57952
16.43633
17.42913
17.75811
17.34175
17.00723
16.72354
17.86114
17.74546
20.01135
20.21939
21.70124
21.81708
22.05642
20.41020
19.83211
19.85213
17.78914
19.22504
20.72873
18.43736
18.75423
19.59555
18.95692
35.01611
33.27442
29.72915
29.96678
30.69551
30.49282
29.71684
28.99080
29.86079
26.90537
28.68776
30.61728
28.55597
32.93875
29.46519
30.27559
31.44301
31.96303
30.49628
32.57615
30.77912
28.67294
28.74915
29.49641
28.69183
31.09005
34.02370
34.74346
29.56666
31.55199
30.36620
29.75811
29.64941
30.67651
30.81879
28.33168
29.44539
29.53707
30.34392
29.71759
28.93191
26.06765
32.03114
31.60304
32.66346
32.41916
33.65156
34.24542
33.36413
30.62415
30.29653
29.13879
28.77771
28.49199
30.28677
27.88419
27.68500
26.24825
26.01571
28.46908
28.18228
30.12524
29.46271
24.75944
23.45389
24.48311
21.41670
22.69391
21.98992
21.94154
22.06425
22.01173
23.86514
23.72660
23.07037
24.18500
30.48429
30.08251
28.53213
27.48834
25.45871
25.22384
25.01323
27.62561
22.35971
24.04978
20.93836
23.13248
22.53066
23.45325
24.26432
23.94548
24.51279
25.17283
24.36663
22.17002
24.90389
23.31176
29.54381
28.52667
27.65602
27.84057
27.41829
31.51349
29.85652
30.61636
33.09771
33.97839
33.72836
32.40369
34.45331
35.18731
27.25632
27.57237
25.32624
27.31878
28.75648
29.02726
26.83813
28.02610
28.74897
29.29422
28.72552
28.48696
33.63866
25.96122
24.21934
26.32258
25.37147
25.33222
23.45860
27.88263
30.58843
30.27522
26.57656
26.09087
27.78900
30.63015
31.37763
33.40772
32.25738
24.79301
25.33214
26.99254
26.83261
26.91551
25.74727
27.52588
25.66749
27.49712
28.21043
28.84642
18.32043
19.47471
18.57605
18.67362
22.54376
20.82848
22.38486
22.10085
21.09620
21.45491
22.85484
22.36115
21.87726
23.18668
23.50068
23.42971
23.80373
21.63720
23.63172
23.59534
20.93577
20.93772
21.81681
20.25708
21.50183
20.37172
20.73883
20.66046
19.80116
22.36961
21.98932
19.61681
20.18726
20.95366
19.95369
21.02955
19.32343
20.19322
20.39344
25.91857
26.42743
26.75960
22.37232
22.25682
22.48277
32.30791
34.38874
32.89259
33.86269
31.93504
32.24254
33.90691
31.20128
29.68858
32.39604
29.92613
31.94394
31.76399
32.25519
32.16698
30.39388
34.70591
33.59661
36.79523
36.79185
36.63791
35.51643
36.23962
36.05963
36.33269
37.12647
35.84297
31.58931
33.78627
34.19612
35.21085
34.27364
34.33293
32.79119
29.83432
30.93695
33.22905
30.35461
34.86436
12.29856
12.16455
12.20849
11.96671
12.80865
10.94438
17.63948
16.70380
15.68188
16.45538
15.97994
16.13388
14.75901
15.23461
15.28839
14.81648
16.23538
15.13422
19.31526
19.47048
18.43190
17.16731
20.36018
19.59061
18.77961
18.18950
19.30429
19.52084
19.05844
18.10457
18.10946
17.99943
17.78041
18.53950
18.10747
19.67696
18.87072
19.44694
18.46731
20.65245
19.91066
17.15054
17.52035
18.91887
19.84674
17.79593
18.42855
19.87788
18.59873
17.95394
18.85916
19.69884
18.87072
19.27294
19.15491
20.57944
19.49655
19.48277
18.50170
19.84056
19.00107
20.95950
21.79629
17.64783
17.01245
17.19801
17.66485
17.01374
17.04574
17.39320
20.80327
20.28326
19.88040
19.29155
19.29861
18.54126
17.46362
18.20926
18.84615
20.13157
17.76287
18.07153
19.23268
17.42591
18.31881
18.43180
18.37273
18.13977
19.07111
18.55979
17.15718
17.73010
16.59230
16.86329
17.01276
15.26241
14.66128
14.97194
14.86717
17.90197
16.94805
17.55451
18.65612
17.29476
19.72903
20.39463
20.28665
20.03440
17.61297
18.64458
16.47488
16.41773
15.46888
17.43654
18.34687
17.34707
16.48171
18.89509
17.48611
18.07031
19.81811
19.40269
17.49720
18.32917
15.43562
15.45627
15.18171
16.71388
17.38711
16.57815
14.84123
14.89495
15.83000
15.26218
15.26064
20.76624
19.78621
19.00315
18.92487
19.36077
20.07249
20.81830
22.17363
20.65590
21.20353
21.13322
21.37159
21.70271
21.41172
21.45078
19.59279
20.17617
20.23864
20.35222
18.87933
20.12564
19.90869
20.12008
18.39883
19.42255
18.90873
18.19344
17.78776
15.79474
16.27077
17.17366
17.10587
16.65800
17.22964
16.59960
19.19039
18.72935
19.73464
17.06122
19.63608
18.92842
19.13063
20.08298
20.73459
19.24318
18.94702
18.75098
19.03162
20.30359
20.27476
23.36055
23.80993
22.90923
16.92849
16.54908
16.81405
19.26457
18.43697
19.62264
19.70698
20.41887
21.15543
19.55127
19.57835
18.15426
20.12014
19.57626
19.02194
18.07918
18.02564
18.42500
19.78780
21.01961
21.00305
20.26296
21.28134
21.91462
21.54563
22.16008
21.60806
20.43706
20.83678
22.96155
21.83220
20.37646
22.21281
21.97283
22.70408
22.80267
21.80695
22.78272
23.58242
22.88591
22.30094
19.27168
21.17120
18.94503
18.30356
18.13120
20.44688
19.19238
18.98510
18.60115
19.60916
20.19198
19.73408
21.39852
20.15211
22.43548
22.61751
22.73516
23.29070
21.48884
38.38502
35.10598
34.96559
36.41769
35.25518
38.85055
38.50715
34.43356
35.66054
33.76785
34.73257
34.55048
33.37270
32.39773
35.20067
35.76746
35.21481
33.78979
33.97623
34.56937
30.57998
31.95290
32.69646
30.80535
34.20718
33.24504
32.86903
33.72877
37.39735
37.05225
33.04662
36.64015
30.38949
34.52135
32.32604
30.25502
32.46799
35.56518
34.62128
33.13343
32.93473
36.18355
33.17127
32.48913
35.53603
32.72326
33.26232
31.41508
31.66071
32.50284
24.10464
23.53570
23.94505
22.58452
25.88069
24.57422
23.23082
23.39052
24.19867
24.76698
22.96979
23.89082
23.82151
24.51210
24.53068
23.81379
25.61756
24.37690
23.27930
23.81083
24.60833
19.20040
19.29500
20.12085
19.78605
21.10203
21.34392
26.25142
26.16471
25.89897
24.00696
24.93071
24.75509
24.34271
24.92114
25.33200
23.34613
24.28844
24.92349
24.44474
24.72040
24.37946
21.54080
22.73366
22.91778
22.55439
21.42195
22.01829
22.36184
28.51587
26.62369
26.59922
27.77344
27.61836
25.48098
29.93518
27.82414
27.61381
28.23295
27.76114
27.37927
27.63743
26.73043
29.43431
26.81726
28.04297
24.42623
24.88444
23.74055
25.30586
25.10678
25.52329
23.30269
24.53551
25.43185
27.29091
24.50550
24.28278
25.30834
25.44921
25.42761
25.79653
24.95222
25.04576
23.79809
25.26058
23.23939
25.23518
24.78522
24.88283
24.11265
24.78994
23.87635
24.95001
21.72244
24.26159
22.56048
24.53155
22.83023
24.33152
22.30165
22.77502
21.55941
28.99408
28.26308
28.37251
31.21819
29.97683
30.73360
28.14820
30.06924
28.06375
30.78427
29.87830
27.56552
29.34032
30.56953
29.69865
30.32968
29.87384
29.57061
29.25276
29.35713
30.49906
29.77429
28.45705
29.38338
29.86462
29.84639
28.31705
28.79236
28.51647
30.70399
30.23007
30.84001
31.70517
28.76707
27.30104
30.89667
31.84945
30.82771
31.95876
32.14665
30.98061
31.81682
31.69961
30.34689
29.95796
29.63904
29.14994
29.26848
29.81817
30.38723
31.03809
28.41691
29.99074
29.65783
31.28765
30.94051
32.20724
25.53282
23.33322
24.10262
24.54536
18.52411
17.86027
19.36472
19.46063
18.75078
21.75572
22.59192
23.26466
21.41490
22.06735
20.02957
17.98190
19.92482
22.25261
21.20705
20.92265
20.75018
21.81706
21.38379
23.53004
22.10964
21.13553
21.37702
20.24469
19.75414
19.83947
21.17459
20.18685
20.74535
18.58126
21.04796
19.64168
19.87656
20.37945
19.47260
20.92650
19.11453
19.97407
18.64574
20.25103
22.64522
22.42463
18.01436
18.37149
17.24681
18.20459
17.82348
18.83130
18.81075
19.40455
17.16022
18.26127
17.57400
16.86074
17.53921
17.31823
18.43580
18.77931
18.77428
17.77723
17.03450
16.03481
17.51591
20.66429
23.02068
20.62443
20.96411
22.19369
20.54437
21.95823
21.07684
20.63702
20.68792
20.35172
21.29491
19.45243
20.19531
20.46564
19.98394
20.15407
22.30417
21.35340
23.13082
21.64062
22.48072
22.41148
22.17175
23.00303
20.89223
20.96885
20.16561
19.97719
19.59540
21.06295
23.49158
20.66114
20.99766
20.80678
22.39757
22.73827
21.38842
20.91679
19.93651
19.14809
20.07646
19.65599
20.25499
21.07729
20.20801
19.80882
21.98238
21.77880
23.29039
24.04052
23.48702
23.58804
22.69652
21.14355
22.13103
22.80249
22.97000
17.37995
16.77735
18.04258
16.81588
17.75386
20.21539
18.21562
22.13147
22.80298
21.66877
21.53580
22.01564
21.52334
20.05680
21.06609
21.27022
19.52596
20.48369
20.53804
20.48557
21.24210
19.99466
22.61599
17.13957
18.54244
18.14293
19.27180
18.07384
18.19778
33.48925
31.38984
32.31574
31.91436
30.35650
31.48498
30.28452
29.29813
28.71039
27.96189
25.99005
26.97162
28.82213
26.62541
27.32189
28.61562
24.85756
30.97392
29.96592
31.75298
29.79015
30.94922
32.37131
30.25146
31.50709
29.81792
31.25475
31.36534
29.20807
30.78235
30.26455
28.03922
27.66301
28.55619
29.25054
30.84361
32.23293
26.72965
28.05698
29.23716
30.69885
25.97222
30.48331
28.88486
28.31797
26.53017
27.91914
34.77288
32.02625
31.54844
32.22663
34.01078
36.30800
37.36480
36.66461
35.46617
35.50591
38.59415
36.06921
36.30193
34.57621
36.25125
37.12547
35.47058
37.68541
35.71491
36.92979
36.04594
34.96348
34.43991
32.99707
32.82899
28.48270
26.36128
28.25353
26.29890
25.87139
23.16540
25.12454
25.22317
25.35480
26.00705
24.28884
23.08641
25.19714
23.73971
19.75219
19.15310
19.95418
18.96150
23.18364
23.62273
21.61063
22.37369
23.35685
23.76486
22.83466
22.71287
23.39613
22.30255
22.61000
24.32270
23.67634
31.99469
30.63197
30.05147
34.29904
28.23778
27.72454
27.39708
28.41726
27.89669
27.10209
29.42774
28.97262
29.76729
28.91068
28.64745
28.90835
29.07937
30.61129
31.92380
31.45469
30.46673
29.38649
31.19184
27.09010
28.87041
28.86409
31.37237
29.95521
29.67294
28.23991
28.53884
28.65830
30.24161
30.03550
28.88682
18.52570
18.21466
18.85836
18.50072
20.15039
17.31032
18.38856
17.52341
15.58815
16.05904
19.82808
21.89556
21.16331
20.07793
18.17155
17.31918
17.80372
16.79610
17.70550
18.14114
17.64166
18.42692
19.32241
17.42600
16.54175
16.97826
17.39290
16.77551
16.72334
17.41776
17.71516
18.71518
18.27728
21.16069
17.87578
16.88032
19.24786
20.07383
18.39522
18.33102
19.16336
20.50004
19.64370
18.34442
18.31149
25.14852
25.26576
24.10796
24.09625
22.44123
22.47806
23.13366
24.17987
25.23877
23.97644
24.89546
19.56805
19.03951
19.46104
18.00206
17.62438
19.29172
17.61401
18.43555
18.00924
18.97695
20.54758
19.99134
19.32821
19.66214
21.19386
21.15220
21.61254
18.94241
19.84724
19.77344
25.62954
22.99500
22.63795
24.14315
24.27134
24.79036
23.70835
23.44165
25.97712
24.84514
23.12162
23.48383
22.18587
21.96540
24.44031
25.79874
25.13670
24.24046
24.01868
23.39273
25.21555
23.81045
25.47641
27.45313
26.70612
26.50219
25.00257
26.79558
21.86041
21.89751
21.76837
18.50230
19.38504
18.88993
19.01481
21.17049
21.09417
20.87470
20.22978
19.99622
19.06347
21.36976
19.23986
21.08826
26.12525
24.74036
24.29209
25.68019
24.34890
23.26811
24.68026
24.26376
21.20313
22.06992
20.73725
21.69450
26.45118
25.24280
24.83047
23.28532
26.79643
25.99277
23.74645
24.30319
22.29137
23.22134
22.71672
25.76415
23.99826
25.39282
23.89439
27.23190
31.21087
29.25893
25.52765
26.11473
28.44698
27.26040
32.09875
32.57565
31.93072
35.14969
31.88286
32.98646
34.59662
32.01836
31.43094
29.12812
29.66395
31.46957
28.92051
32.26348
30.79932
30.09866
30.15453
29.47246
27.42941
32.24985
30.92068
26.98303
28.01893
25.81901
27.74224
28.91264
29.14351
29.56942
29.12056
30.96803
29.89590
28.69070
28.58854
27.41247
28.65127
24.11311
24.41600
25.34823
24.07217
23.77948
25.66212
26.93056
25.71451
25.93249
33.72303
35.56181
33.35943
34.66057
34.65537
37.26788
35.33127
34.40185
37.62827
34.75610
36.91899
36.69580
36.97963
34.71408
33.57601
34.27607
29.94604
31.32065
32.17051
33.40106
34.62681
32.24707
32.47011
32.45742
32.24458
29.09683
33.93824
34.15942
33.05019
30.97187
30.63356
28.41612
29.33754
27.87843
28.21139
26.06347
26.50701
26.27409
28.08410
28.01969
28.37765
26.05951
26.19892
26.05697
26.13782
26.53263
31.14836
30.52614
29.91492
27.36545
28.55692
30.27634
29.58773
30.96193
29.08380
30.10607
29.80257
33.78571
30.46765
29.74191
31.64523
28.67422
31.12195
30.24904
24.31659
26.14208
23.90184
25.38975
23.02594
23.90292
24.75411
24.32327
23.99799
25.05391
26.35350
26.89853
28.09870
23.87768
28.04221
27.55960
28.58397
28.20148
26.47190
27.29178
29.01736
29.86890
30.13908
25.84277
26.20637
25.31499
28.01721
25.90095
28.67538
26.04887
26.52565
28.53050
27.62112
29.20361
29.25530
29.81298
28.98043
31.06460
17.77317
17.33852
18.49802
17.66895
16.99610
17.58551
16.17713
17.95970
18.23518
16.35217
18.16297
18.84669
18.29693
18.34514
18.52082
24.22941
23.74098
25.47160
26.68913
24.89240
25.20134
25.19231
25.35661
24.83191
22.89784
24.72757
24.13410
26.86535
27.55637
27.48722
28.75082
28.87604
28.50176
29.17658
27.53010
27.82647
29.83551
25.04623
27.68830
28.28862
24.55938
25.18642
23.80529
24.71257
25.89583
26.35249
27.09615
24.86789
26.92730
25.02840
24.91133
25.48524
23.40497
25.12720
25.42917
25.87615
29.63488
27.67880
29.34505
32.11492
31.46355
33.77579
33.76150
30.47883
32.04268
29.43910
31.00323
33.35342
30.58869
31.91015
33.20845
30.49940
31.33555
33.53827
31.33592
30.13599
30.75265
23.44068
20.91383
22.03984
23.58949
24.47063
22.54147
21.78539
26.16654
26.32830
24.64129
24.01837
27.53070
22.15552
23.97477
23.77850
22.66963
20.65774
22.35275
21.49961
29.88264
28.82907
29.87809
28.09753
28.42752
28.22049
28.25405
29.36414
29.96756
27.61120
26.50051
27.88824
27.34997
26.95037
26.08839
26.39350
26.44604
24.32531
27.08434
28.74971
26.61590
27.55207
27.68683
27.70654
29.58229
24.87130
24.97759
25.43349
34.31201
32.11320
33.40996
34.34699
35.29200
35.66222
34.39365
35.45129
34.26415
32.46234
32.62540
32.21285
32.38881
32.11715
31.96280
32.32200
31.74278
33.40148
34.05555
31.39252
35.06305
34.08393
35.20476
20.93657
22.42056
21.44354
20.83161
19.11774
23.03630
22.22031
21.74112
21.71929
19.54742
20.30618
20.45743
19.26361
23.37012
22.95228
21.91904
24.24933
24.02810
28.16308
27.74111
27.30606
28.27665
30.32312
26.96908
30.23856
29.33929
26.67510
28.19939
30.87971
29.13261
31.58342
31.11754
27.94006
28.74740
27.84081
30.46292
30.89697
29.97326
27.70580
30.26221
37.60448
36.02124
35.46037
39.43907
38.42245
38.55460
36.17058
39.14707
37.29732
37.32667
38.32320
39.08917
38.32218
38.44524
39.58646
38.34459
30.07395
32.98520
29.27466
29.88542
29.25437
30.24891
32.47556
30.08673
31.91593
32.50744
32.14449
32.36068
32.34748
32.13089
30.01184
33.28913
31.23757
29.48796
27.55468
28.66682
29.80314
29.58867
28.19439
32.69630
29.18068
27.96839
30.72231
29.04650
29.33076
30.78450
27.80864
28.58322
30.32644
28.32893
29.61392
31.39735
30.95061
30.77185
27.33082
30.96987
24.92837
26.94515
26.59721
29.25695
29.33426
30.29603
27.94161
28.35414
28.47537
32.78731
31.33303
29.52729
30.48397
29.74514
33.32368
34.42074
29.37688
31.34395
28.55999
30.22253
30.84982
27.78017
29.78166
29.78418
31.59228
30.63794
30.66378
30.65590
29.67029
31.06698
32.38315
32.82568
32.19872
32.48753
30.41378
31.55589
31.14524
33.48291
34.31568
30.84508
32.21793
32.63002
33.27354
34.25703
34.73753
33.75554
34.04856
31.23180
27.97575
26.20136
28.50392
26.58308
26.56213
29.17272
27.53974
27.24926
28.93854
28.51237
26.75270
25.57059
25.59180
24.71038
25.34096
26.17812
24.80290
23.94607
24.89576
29.31258
27.26201
27.41115
30.86403
30.12152
29.38901
31.20683
32.53465
35.98691
33.47550
33.26834
31.26678
36.80406
34.23543
34.14521
37.67589
36.89280
36.65561
37.07994
34.27278
32.42915
37.04238
36.32176
36.40425
31.30347
29.00081
32.11887
28.44319
28.97567
27.39131
28.13985
26.26433
28.80038
25.91503
28.21608
27.01760
28.00539
26.55585
29.25415
32.87438
33.43243
33.32818
34.98108
32.61100
33.58653
30.93242
33.18281
32.31498
34.30907
28.51542
29.33261
29.83556
33.74779
34.29242
33.27126
32.81325
34.60436
33.27548
36.01892
33.62906
30.13798
29.55443
30.43877
27.02476
28.53598
29.59052
30.67336
29.88699
29.41618
29.56255
29.97442
28.69869
30.17053
30.05095
32.74847
31.06635
35.22618
31.09461
31.85430
29.97269
32.26882
32.99680
32.72699
31.45084
31.23275
27.63235
25.83804
26.72646
29.24488
29.33713
29.04258
28.83698
29.87376
27.72249
30.00797
28.39395
30.43721
27.28523
32.34390
28.61741
27.54341
28.09991
25.52225
27.85629
28.37845
28.04572
27.36533
26.92741
27.78531
30.13456
30.87999
29.55966
34.10040
34.77308
33.84570
33.64691
33.97041
34.50489
30.91603
34.43541
34.67916
29.09742
26.12283
28.83469
24.99895
25.74534
31.84138
33.69063
33.33255
31.33125
31.96439
26.43739
28.17658
29.38303
26.24024
25.52175
25.65220
25.78478
28.23898
25.92604
26.15485
24.97567
24.39522
24.24720
24.03234
25.71551
22.08994
24.71852
24.18102
22.66162
25.28532
23.56899
24.44732
25.52696
23.81481
24.69450
24.16361
24.40402
24.61825
23.62252
21.67829
23.35201
23.64619
22.79102
22.75477
25.49373
24.04189
25.64927
24.20470
25.31650
23.64168
25.92349
24.92511
23.64115
24.94694
25.90334
25.97223
25.05873
24.31634
24.62122
26.53577
26.92619
25.84288
26.73386
26.26122
29.07534
29.75273
27.44981
33.00098
29.07206
26.93768
27.43024
24.83113
26.62570
22.74755
25.43090
24.91544
22.27146
19.00756
18.45829
22.17861
22.00085
22.63483
21.26603
21.03571
21.18493
25.33176
26.20792
24.49790
24.46310
24.13844
18.27036
18.86883
18.88081
18.87164
19.71791
18.33980
18.11538
18.96312
16.97854
18.75907
18.57931
17.71218
17.10422
17.76048
17.13652
18.95038
16.20904
17.99206
16.26079
17.01107
17.40746
14.84839
23.47327
24.87045
23.56508
22.42578
20.12900
20.12026
17.25393
18.17945
15.87007
17.48022
19.05563
19.90594
20.04520
25.03418
25.57469
24.18495
21.54575
23.76598
23.17971
23.59683
21.83208
23.18904
21.36652
24.03403
23.55003
24.50523
22.35550
23.26899
25.42975
23.20341
22.63569
24.09498
25.00103
23.21772
22.26712
22.45875
23.81052
22.76391
23.37012
20.71155
17.70052
20.31138
21.55063
19.16744
23.21405
21.79118
21.84354
21.24619
18.36403
18.27433
19.84960
19.75994
20.06147
25.42764
23.63820
23.82556
22.54758
23.54712
22.00784
21.86995
22.55546
21.43203
22.99061
21.36018
21.18091
20.32115
21.63716
19.37509
19.48178
21.19809
21.38126
20.11171
20.31025
20.77274
21.17084
20.95104
19.81873
20.57370
22.15218
20.30171
19.20733
19.07135
19.99295
17.71500
19.23930
18.92365
18.34123
18.16557
17.59648
18.42216
17.62340
17.82075
18.03410
24.39518
24.07968
23.66211
23.62597
23.87454
22.95170
21.98968
23.30880
24.30052
23.07194
24.77450
22.30086
23.77879
21.94007
20.11879
21.59457
20.03140
20.48787
20.37713
20.22449
20.65777
19.03945
21.34746
21.46214
19.76765
21.49874
20.31073
18.97894
23.59308
23.95475
22.32679
22.71575
23.08353
22.55693
22.34666
23.18052
23.48629
21.53140
22.94251
22.13971
21.82074
23.55587
23.07362
24.36901
24.49448
24.62508
14.00876
13.06079
13.79339
13.39423
13.77807
13.22901
14.30745
14.10505
14.67932
16.78040
16.73848
16.71130
14.75424
15.84159
16.86591
23.11152
21.58187
24.41856
21.61418
22.58241
23.85484
22.29205
25.14878
28.51694
26.06315
25.55048
26.61609
23.82081
27.90923
26.31677
25.28658
28.07089
27.49231
30.12510
27.58787
29.44237
28.43494
28.64075
29.90151
26.94279
28.75911
24.96748
24.94366
26.31425
26.19234
23.70072
25.54386
26.32594
23.60842
26.35515
25.20179
24.14998
32.44970
31.28041
32.14201
32.61019
35.59229
33.86506
32.12939
34.07199
32.29247
32.66756
32.00829
30.42532
32.32589
29.32988
31.82588
31.08812
30.52507
31.49998
31.92192
31.65852
29.57988
28.62505
31.95229
26.92702
28.35799
29.38075
28.66498
28.20816
27.29590
26.98952
24.37350
27.89597
28.34511
27.82109
29.10973
29.95977
29.31990
27.04925
26.50943
31.64210
30.29064
30.49579
32.16194
32.78228
32.65099
32.57003
31.15839
32.66819
31.33390
32.14045
32.59140
23.08638
22.83145
24.81950
24.25495
24.40808
23.80259
24.64568
27.88135
29.45632
29.45959
21.08092
21.29156
23.27188
26.04283
24.09978
22.52508
23.44142
22.95070
23.74267
24.39405
24.77596
25.52908
21.51559
20.28755
21.34662
21.63552
23.95173
25.05943
23.80211
23.21540
24.17392
24.84945
25.08627
23.63983
26.27898
25.43543
24.56278
22.92075
24.87246
22.99208
25.22297
23.54522
24.23707
25.28145
24.59889
26.11833
24.74728
17.03210
15.35377
16.58414
16.20652
22.70442
21.99057
21.45139
23.18670
23.82608
23.03489
23.80428
22.20442
22.24960
22.76049
22.96845
22.06976
21.94944
20.54808
22.35460
24.20697
21.87327
22.21829
25.90520
26.56573
23.40373
26.05351
26.48917
24.83058
23.57833
23.96099
24.52850
24.68332
23.92777
23.55596
23.90962
25.00692
22.59519
24.15642
25.19224
24.28090
22.07610
25.48067
24.32881
24.30662
24.85620
25.04884
24.09516
25.04155
24.55450
17.47295
18.11176
18.85595
18.05543
17.84378
18.49200
17.19271
19.00767
17.85912
19.96009
19.36069
19.69260
17.39951
16.76604
17.89590
17.81219
18.82359
17.22599
18.53503
18.52074
19.09189
16.95889
18.15541
14.41793
14.57093
15.69765
19.04417
18.81378
19.51249
19.54866
21.27274
19.08261
19.53570
20.63941
20.45486
23.98876
22.29081
23.60882
22.87722
22.77519
22.09342
21.03178
22.62911
20.66121
20.97108
23.26609
21.34663
22.13479
20.99493
21.05459
21.65142
22.89966
20.57398
19.55302
20.21335
20.25694
29.05034
32.21595
33.48043
32.80499
29.86573
34.95993
33.07354
32.01664
33.01380
33.39643
32.97434
30.46011
32.49346
31.87752
30.54677
31.18912
32.92512
32.64102
41.83417
42.97378
41.48490
43.39054
41.33872
41.96532
42.37789
38.71016
34.56971
41.00161
40.39988
36.56596
36.04896
35.64413
35.13588
44.13318
46.20709
44.12706
42.88040
41.27444
42.15012
41.27757
42.64176
37.47777
39.67609
44.23328
30.14700
31.91811
32.02825
33.64573
33.07573
33.45760
33.84678
34.59568
35.99595
33.70956
27.10464
29.69377
31.07829
30.60515
32.60626
31.74136
30.97531
27.61117
28.19805
27.51356
31.13877
28.76218
30.27347
29.91940
29.89222
27.76132
34.20525
32.80441
30.74254
21.61826
25.66837
29.57507
29.51595
32.25407
31.84829
30.06433
29.11006
27.03146
26.56800
22.58271
24.79754
24.16138
24.64320
23.35791
31.14144
31.65458
31.11152
30.88370
30.66141
31.18217
32.12933
32.43011
31.26316
32.66076
34.29175
33.39017
32.70953
31.84826
30.29710
31.65749
31.41346
33.08655
34.42559
35.52931
35.30120
35.54442
35.91311
35.00580
34.59734
35.12074
36.68750
40.52075
37.95781
39.83034
36.19640
38.93943
38.51053
38.40606
39.95310
41.17394
40.18138
39.01759
41.34460
40.56174
39.10154
38.22901
38.08987
38.98738
36.43725
39.67706
38.30070
37.03332
36.45505
38.47267
38.21673
36.96690
41.57710
37.84453
40.54299
35.34634
34.47070
40.13963
40.55301
41.83972
37.98500
36.36260
38.95516
38.88417
38.01030
39.37025
31.87585
33.10504
29.43342
31.12932
30.53116
31.70475
29.13244
33.58939
30.42811
26.92014
26.13764
26.01595
29.71416
27.10696
26.96724
26.39383
26.82946
27.54269
26.76485
27.08711
22.43852
24.32057
25.63116
22.90340
25.18286
25.52461
33.70542
34.51406
33.69541
34.18393
33.31576
34.46534
32.10870
30.70844
31.74567
32.33158
32.65165
30.36610
31.70248
29.97337
28.13745
28.13387
31.35119
21.96752
23.00285
22.46277
22.51844
21.05731
23.04044
23.80121
23.79698
21.95170
23.35192
22.49074
23.15536
23.99709
18.28196
20.29250
19.53393
19.67247
20.27440
20.66772
18.97883
18.65419
18.79957
18.00737
19.65700
20.16899
19.98490
21.48295
17.76086
16.14503
16.27262
16.35931
15.75854
16.30987
16.42056
29.24725
25.76925
26.07222
25.47388
31.58037
30.14759
29.98987
30.78827
30.09876
30.63085
31.30042
31.28537
32.20026
32.15409
30.31444
32.03780
31.48979
28.25230
31.61830
30.59521
29.33416
31.44795
32.77503
31.58075
28.37076
29.35782
31.49602
28.74031
29.72661
29.50380
26.96935
28.14226
29.59221
22.33234
24.30367
22.91301
24.36470
25.33311
24.11789
26.08705
25.42652
24.98135
26.95246
25.21203
24.07681
24.08865
22.35544
26.73486
26.74917
24.84544
25.18456
25.44778
28.72380
33.48735
27.83493
31.17490
30.62077
28.93231
29.61286
28.12521
29.68139
28.61331
27.94973
30.45575
28.61495
31.00480
28.33626
30.44376
24.81097
26.97672
27.49352
27.13916
27.24753
27.50860
27.92543
28.36162
29.65824
27.56400
27.60938
27.00210
29.38616
28.33347
22.46454
21.17722
38.13922
37.19876
37.22039
38.84394
38.61961
37.29839
38.35712
39.47024
42.18807
39.16053
40.77253
32.89113
34.41941
34.34771
32.17670
34.77964
32.76457
30.52839
32.16518
30.89578
30.71778
30.53818
32.95886
30.02317
33.19396
34.95030
32.05689
31.78184
31.67336
33.73384
31.08006
33.61595
32.28766
30.99317
32.82961
33.54112
31.49844
33.70780
32.41816
32.39329
33.75432
30.20362
32.29276
30.59762
30.27546
31.51422
29.92103
33.34572
35.83800
35.58704
38.36476
37.27885
34.66774
34.30285
34.74604
37.52637
25.82898
25.41629
28.06590
25.25755
26.94729
26.36140
26.30978
28.05769
27.31484
28.36802
26.19000
27.20850
26.51965
27.03175
24.59164
27.66085
28.23156
27.75293
25.62963
23.56305
23.60191
25.48100
24.93755
30.67939
32.54749
34.11217
32.87380
27.03381
28.34996
26.46885
27.83579
28.46906
28.20090
35.59821
32.62241
34.72193
26.15326
29.11022
26.40609
25.58370
26.53110
27.59695
25.31606
25.44989
27.01481
26.63803
25.26520
25.41522
23.73932
27.16453
25.97979
26.55719
27.19238
22.15810
22.34201
23.33855
25.24287
23.49240
23.83214
21.80707
25.65239
24.40774
25.96412
21.96569
24.28590
22.52605
24.53030
22.08246
25.04056
25.76801
19.87772
20.75378
20.05371
19.61235
18.69936
21.03120
20.74109
19.15684
21.45979
18.97760
21.14655
23.43409
23.77766
16.87303
16.35819
16.18023
16.68281
15.24671
14.83467
14.85957
14.83109
15.07391
16.26758
16.13078
15.30341
15.11314
16.74213
15.60014
16.07614
15.51661
14.70099
15.68992
14.36464
11.44933
11.15088
11.28905
12.59196
12.28585
12.13563
12.84393
10.89403
11.74307
14.82509
14.92703
14.83827
14.45043
12.94735
13.14889
13.41951
13.61345
13.15889
13.42560
13.47510
13.70151
17.29768
17.09104
16.40627
17.56717
15.69587
16.70399
16.99517
17.68845
16.17446
15.92644
17.01322
17.22402
18.09016
19.54711
18.21313
19.19643
19.64690
19.67158
19.24023
19.76115
20.56351
20.42242
19.52157
19.60567
20.21544
19.40065
19.66947
21.09732
22.96680
20.29348
23.82657
23.25034
21.73943
21.40138
20.72754
19.49111
19.77324
19.29997
20.92393
20.68169
18.97948
20.98586
21.46360
15.47433
16.48835
15.58562
15.15526
15.71057
14.81960
15.06495
15.45748
16.04749
15.36974
16.24157
15.81679
16.55630
21.04764
20.44244
21.32397
19.08148
19.58224
21.04509
18.30348
18.62753
19.93913
17.60733
19.73438
19.04032
19.06302
18.51545
18.53957
18.53544
20.22722
20.87720
18.07831
20.50955
20.12988
20.08473
19.01564
21.35392
20.74710
20.53476
19.51970
20.62957
19.91166
16.06239
15.57160
15.10757
15.02823
12.85147
14.83255
16.78909
16.32995
17.13748
17.09686
16.80447
15.81644
17.38179
15.99531
16.97872
15.94090
18.07000
17.33501
16.69323
16.44267
16.10687
15.85660
15.02121
16.53011
16.86719
16.48014
17.20217
16.60477
17.52541
17.03743
16.33819
24.29992
23.70942
24.38947
25.98208
22.44931
23.90931
23.38071
24.54498
23.40194
23.78114
23.74949
25.43930
25.43904
26.52892
25.07980
21.23613
23.02071
21.67441
22.30160
22.53980
22.90351
18.11386
17.63776
18.39935
18.13781
19.02067
17.63019
33.92314
33.39375
34.65368
32.02313
35.07712
32.00459
30.68533
33.91963
33.16166
35.61413
28.92861
29.46863
31.47756
31.74841
31.61113
30.32759
30.63381
30.69784
31.16512
27.08339
26.78004
24.57291
27.06110
26.56122
30.43441
28.76198
30.04710
28.84174
28.42120
27.24101
28.20153
28.43376
32.03185
34.92964
31.31420
30.64377
31.72000
26.48086
26.87413
27.31043
29.73253
29.13056
29.53825
29.64233
30.06578
30.51091
28.72426
30.45476
30.70986
32.24926
33.21057
32.04095
32.36198
32.90258
36.13782
33.24166
34.01872
32.54863
35.48982
32.94143
33.35138
30.43406
30.44105
31.75522
30.61510
32.77844
31.67929
31.25750
33.17361
33.63860
36.26032
36.27443
33.43443
35.34555
32.40748
29.86054
31.70797
32.96195
30.06751
32.42819
34.58840
37.32297
36.86035
25.48863
26.12915
27.22490
27.28944
26.42255
25.81031
27.47389
27.29466
28.23301
28.00891
27.14025
27.63226
25.86199
23.04370
25.24144
25.24809
23.98463
23.43012
21.03554
21.47421
21.38054
21.20479
21.02595
19.35527
19.41304
20.59790
19.57338
20.29736
20.21384
20.08052
19.09442
21.11438
20.49615
20.71414
20.98198
23.65219
21.09337
20.65832
23.30154
22.11713
22.29901
30.65805
30.70006
30.02587
27.91220
29.50221
29.24873
27.23446
28.24701
28.65845
27.11541
27.36817
26.30558
26.22309
26.70069
25.37090
26.87820
26.14873
25.69203
27.23992
26.31709
26.46181
27.07620
24.58543
25.47711
23.80731
28.51375
27.37088
26.71005
27.74637
26.46666
28.90549
22.17258
23.65193
24.91614
23.65038
23.71631
24.72726
24.18638
26.49072
27.53758
25.91032
28.30598
28.16657
29.48742
28.18021
26.60291
28.33069
28.62030
30.02882
28.38416
28.39826
31.45507
28.78017
29.65058
24.14996
25.98461
23.82089
27.10824
26.98857
28.41665
27.01426
26.56631
28.74789
31.07129
23.08956
21.47771
23.64987
21.62597
23.03255
22.32237
22.52413
23.61332
14.53409
16.89608
15.07159
14.92185
15.88013
15.20921
16.90808
16.67804
18.28268
16.32464
16.41653
16.12827
16.96880
16.35465
16.53782
16.96149
16.37843
17.18854
16.45570
17.69809
16.72789
20.97705
21.65027
22.18235
20.07855
20.79093
20.76567
21.01072
23.46762
21.84400
24.75821
23.69456
24.23052
24.53685
24.50811
23.16040
25.17401
23.33083
24.54227
23.46809
24.11796
24.07197
24.55700
23.37714
22.95084
24.20442
22.11097
22.14358
23.34124
24.00672
20.72690
23.06252
22.42040
23.92635
23.51961
21.57985
22.50191
22.08544
23.27726
22.48441
21.31439
22.20451
24.34776
23.39751
19.79967
21.48348
19.99851
19.24285
20.97398
24.69965
25.65294
23.36193
25.90945
23.78175
24.58345
22.63965
20.74599
23.65609
27.90924
28.07269
28.38041
28.84840
29.91817
28.15546
30.27380
33.70247
32.16587
30.43299
32.25345
29.36617
27.48491
27.55147
26.64300
26.55602
34.85626
31.73993
30.95586
34.52913
33.49105
32.59763
31.28097
33.11373
31.75092
31.01734
29.80831
30.09151
31.37961
33.19667
32.18376
34.15905
34.66045
36.50081
34.22094
34.71443
33.02732
33.56060
33.82533
31.06014
32.85300
31.86287
33.23619
33.59265
35.27974
34.69309
39.18861
37.06193
35.61952
39.77559
37.07360
39.31938
36.29191
37.68955
40.45990
37.73011
42.66611
37.41176
38.43738
37.75799
33.84991
37.73010
34.89153
36.58800
38.30198
36.92929
36.46793
35.46227
27.13586
26.56105
24.70457
27.48661
27.20730
28.96639
27.55597
28.54340
31.40019
30.80160
29.63443
27.43930
28.14439
29.11678
28.27361
27.16627
26.30742
27.75151
26.55919
27.83358
25.69484
26.68766
25.90277
24.93296
27.45516
30.47638
25.74849
27.95677
26.98952
26.84771
25.66191
24.57525
29.45193
30.55505
29.16238
29.19785
29.96053
31.43780
29.87755
30.12677
32.62846
31.36326
30.17091
32.21185
31.89464
29.04876
31.95167
32.35858
31.21940
33.18506
32.85880
33.33039
33.86864
34.37945
32.43206
32.61335
30.30354
33.52508
33.99561
31.28220
34.77262
32.60154
31.90146
32.21465
32.78701
30.60254
30.57644
29.91120
29.40973
31.18821
28.69535
27.22908
27.05613
27.17228
33.65998
32.61593
32.16547
32.21169
33.38631
33.59720
31.45744
32.34099
32.68852
32.23074
31.48873
30.62762
32.05491
33.99267
32.60532
31.25575
33.20647
34.33699
32.22650
32.90179
32.93952
35.06600
33.55587
32.87004
29.02001
31.67584
32.39287
31.14515
25.14725
26.02826
25.44140
23.70850
25.28954
23.62943
27.51374
25.44077
23.31734
24.95687
24.23086
26.29763
23.77416
24.83793
23.38614
26.48084
24.25043
23.97115
23.38405
25.60516
25.18534
23.36621
24.45281
24.42533
30.15947
30.83587
30.08471
31.48958
29.83976
30.42551
32.26960
31.20233
36.50339
36.38645
38.55712
35.70061
31.84695
33.10057
31.38512
33.46831
32.01333
28.13387
29.65190
27.40311
28.82407
28.89245
28.30599
27.82516
27.75367
31.92123
28.99465
32.52469
30.56294
32.49986
30.79259
29.25221
36.35140
33.02758
35.00186
36.36697
37.05816
34.41334
33.71461
36.92494
32.51185
32.54285
34.00246
33.22384
32.83041
32.94651
31.89400
35.78679
36.64532
37.37280
36.99093
37.41593
33.42156
35.24459
30.51792
30.64166
31.23914
30.42736
33.85955
33.38240
33.93493
36.31566
37.15514
37.28791
35.11003
26.14341
25.17984
25.38523
26.81938
26.70539
26.64979
26.01711
24.66816
29.62893
29.42991
27.94947
28.79425
28.13136
29.48368
31.78540
27.12959
27.60375
27.26512
27.04875
27.79736
29.70561
26.67677
24.74847
24.94429
24.46226
23.81882
24.04482
25.02485
24.47878
25.13933
25.41704
25.42872
25.34811
23.60598
25.71890
23.51157
24.04541
26.71378
24.88317
25.67499
25.77306
29.65314
30.22815
29.02945
31.05217
29.73912
28.46172
30.73009
31.04192
30.32554
33.60204
33.76660
33.66950
32.92151
29.26488
30.05539
28.86115
31.16217
31.06394
31.73191
32.42847
34.05462
34.98872
33.91301
37.42355
37.56538
33.15933
36.80904
36.37387
33.96173
33.17679
35.50128
29.92413
32.27722
31.29625
15.46022
16.86064
16.31472
16.92121
17.32737
16.81624
17.25068
16.66228
17.36003
15.87810
18.10025
18.92509
19.00609
18.14220
18.17123
17.98694
22.25638
19.50376
21.01506
21.54613
20.65114
21.59172
23.09390
21.79106
22.28403
23.45194
23.44935
22.52989
22.25736
36.49238
37.63924
37.89898
38.37934
35.05897
36.73068
28.10825
27.90396
29.87741
31.74213
28.75869
32.33537
30.57205
28.54564
28.23462
28.76391
27.32173
28.06339
28.28137
29.04389
24.15420
25.78156
25.74743
26.62381
26.12062
25.88746
24.25297
24.29720
24.65333
25.90937
23.00547
25.59506
23.10115
22.41177
23.95374
24.99485
25.51369
26.84995
24.56699
25.38288
25.37110
25.04612
24.61011
23.89720
26.06768
23.40993
24.30211
24.84617
28.30161
26.19520
22.46960
23.57615
23.36838
23.32317
24.51415
23.40414
23.11740
23.04683
23.35603
22.93713
25.70236
25.40969
22.48142
23.31691
25.33873
26.69732
27.05961
27.98659
27.19792
25.26198
26.92768
24.29358
28.86580
28.62510
26.63632
27.27163
25.41493
25.84236
30.20467
30.70800
34.24499
33.62685
29.49031
29.06319
29.01461
27.98281
27.94387
27.02693
27.28186
27.05392
25.92097
28.51206
26.12265
28.98974
29.35257
26.98179
26.53111
27.40437
28.86975
30.11200
27.24396
27.08340
28.92189
29.09892
29.32198
27.52170
24.68329
25.34810
24.90636
33.02259
30.15972
28.57357
28.86114
28.73043
29.39074
28.80901
36.44582
35.06239
33.69819
37.05529
29.85580
31.84985
29.54649
33.53049
33.06344
31.15793
34.82363
32.93423
31.82156
32.47125
30.65136
31.98913
33.98727
33.12502
38.01650
34.41205
36.17944
39.18898
40.85958
34.08204
34.83621
33.57501
36.18858
32.58221
36.84408
31.16140
32.71956
32.21603
31.36724
30.06245
34.72230
33.67736
32.55979
33.05933
33.85786
35.82177
33.72970
34.01974
33.98255
33.41938
29.83609
31.54674
31.35896
32.75421
30.59643
31.13538
30.43507
29.77046
30.88981
29.89756
25.77689
24.50035
26.66101
25.30241
25.27953
26.59570
25.55135
21.84567
22.72817
23.04830
23.38882
24.32320
22.36561
23.99613
23.45808
29.34248
28.36321
29.88005
26.81923
28.80005
28.06427
29.04321
29.15428
28.32132
26.64605
28.93080
28.12246
27.90347
27.80764
33.17128
31.83336
32.08877
30.98791
30.46743
30.29185
27.66648
29.43903
25.84644
28.67229
29.03951
27.13332
26.73866
27.57377
28.44710
27.99212
29.50827
28.11426
28.66626
28.63514
27.10166
26.50136
26.19280
28.16041
29.19156
27.44810
28.73721
30.73568
27.39160
30.32721
32.71235
30.90996
33.33283
32.91918
34.97589
34.73118
36.33610
34.79224
33.44840
33.66880
32.70197
32.98778
28.61300
31.44995
24.43868
24.84348
24.45531
24.97519
23.92853
25.58417
22.90069
24.98648
23.96079
21.13888
22.37075
23.28107
27.42916
28.82294
26.06901
24.06183
27.94721
25.84253
26.59381
26.10408
26.28308
28.37515
26.89060
25.05605
25.89684
28.76375
28.25775
26.33080
26.72795
27.69684
27.98334
26.63353
25.32730
23.67950
25.35147
24.98922
24.55326
22.90240
24.17889
26.52080
23.57961
25.22274
25.82106
23.89540
22.40657
21.58887
23.62394
19.82051
18.84071
21.06277
20.19577
36.80838
34.80555
35.35048
34.37553
34.27314
34.27506
31.82459
33.02007
32.57322
35.64714
31.47456
33.24284
33.85172
38.33267
35.24834
36.87078
38.21019
34.87846
35.96437
35.30158
29.40356
31.76228
32.99410
32.58670
32.73466
28.20570
31.86476
28.86774
33.42438
33.53746
32.46117
35.99664
35.99295
32.21104
30.96801
31.61131
29.09248
27.36509
28.21840
38.55188
41.77894
40.63658
37.85535
34.08601
35.88413
33.92020
34.62137
32.54568
37.00137
33.65441
35.29364
37.98366
35.18009
36.46253
37.87733
37.85457
32.16120
33.83851
32.11728
31.60473
36.63377
33.02853
35.55215
32.29813
31.54345
31.43118
32.67797
31.76477
30.49226
31.92175
24.30361
22.30487
21.70273
22.25734
22.08756
20.36491
24.14647
20.65080
25.50758
22.27143
20.53873
21.73437
21.50333
20.56658
28.43679
29.32593
29.65197
29.09989
28.63170
28.39596
28.99355
27.30831
33.26914
33.93349
30.32226
32.22287
32.78862
31.46020
29.77718
33.77305
31.72763
30.71703
29.57908
26.80514
28.32568
26.09565
29.30797
29.16161
28.95799
30.18629
29.79978
26.47682
28.87679
27.55261
26.49852
28.81953
28.07322
28.97668
26.31964
18.50829
18.94338
17.35720
17.53526
18.61226
18.35199
19.53165
18.34917
17.20581
17.62027
17.12770
16.39605
17.95663
17.93681
17.67087
17.00398
15.22780
15.29966
15.38780
15.68037
15.07211
15.59422
14.86280
14.96189
16.21123
15.77429
16.20004
15.34541
15.41444
10.99836
10.32190
10.23117
 9.20101
30.22747
28.45113
28.44268
32.14620
31.40549
30.01682
30.96344
31.68407
31.56506
33.01756
30.17782
31.40032
31.33259
31.80707
30.03312
30.10078
32.66181
32.53720
34.72110
31.37747
33.79440
31.87202
32.29887
32.59700
34.58741
33.84992
29.46934
32.82995
38.04115
35.49253
40.39201
35.83989
37.45560
38.90260
36.13133
39.61796
38.08839
37.21145
37.09459
35.71727
31.26040
31.24304
29.41324
33.98412
38.06136
39.22684
36.64985
36.01823
32.96000
31.25335
29.82580
31.46678
31.36451
30.94063
30.53509
32.90304
33.55422
31.64385
32.95539
32.94964
33.77455
34.23291
36.07066
26.93617
25.83164
24.91440
24.25650
23.04595
24.89694
23.25031
27.03490
29.60055
29.46238
28.09504
29.45150
29.04261
31.21265
30.42247
28.33561
32.14101
28.31209
29.00506
30.98566
30.71729
32.89545
31.11048
32.05723
28.95660
32.26259
30.42637
32.78872
29.83352
28.60301
28.57708
28.56803
28.25327
26.01564
28.08513
26.65187
26.68584
28.98434
27.10237
25.17678
29.96493
27.15503
26.55259
25.32183
28.08848
29.03486
31.50845
28.88875
28.62124
30.07274
29.78956
28.47237
29.40413
28.85756
30.53829
30.11420
30.70098
29.68470
29.01120
29.33494
30.35507
26.29764
25.15452
27.09453
25.07930
23.94816
25.58278
24.71333
24.47758
25.73682
26.10902
30.06257
29.05096
28.48248
26.38823
28.34146
29.61324
29.38730
29.24743
26.02179
27.11526
28.30120
25.72021
22.37183
21.98605
25.72460
27.03210
24.01682
26.32148
27.51832
24.72366
23.37382
21.74221
23.52115
24.55471
23.69283
25.11234
25.53263
24.64075
25.37306
26.04816
25.88668
24.14487
24.52325
24.76471
23.99408
24.86121
24.62014
23.65561
22.61140
23.78245
23.54141
23.98401
23.72431
22.40336
23.71600
23.36909
22.94614
20.87460
26.16150
27.68325
28.41557
25.29533
26.75111
26.97854
28.24475
25.31015
26.81137
26.45351
26.24513
26.70692
27.09675
24.18024
23.86763
25.25033
24.06060
25.52528
26.65789
23.50196
24.72114
29.51503
31.92950
30.62416
31.65635
34.07359
30.11544
33.96575
32.92561
33.03308
32.40449
33.51157
23.36465
24.58065
23.70645
25.65261
21.35631
24.39153
22.34355
22.62075
22.45048
22.58331
22.63153
23.87149
24.11150
22.44747
23.39060
23.52301
26.04856
25.38884
26.20573
25.17867
22.70676
21.79603
23.06815
23.19575
24.09546
23.20284
24.18208
33.29703
32.68124
35.48982
31.52653
31.86090
32.13305
32.36641
30.75383
30.71719
28.86120
29.13728
28.58865
20.94893
19.76019
21.55517
21.60327
22.49693
22.06673
20.68146
22.60553
21.35790
23.06348
25.02281
22.71403
22.93571
24.08432
25.49765
25.51694
24.62565
23.88082
24.77153
24.55812
24.91256
23.86962
22.58889
24.51178
24.42088
24.02137
22.61252
23.83821
24.12957
24.18441
24.07975
21.10780
21.59959
21.49290
19.22069
18.83015
20.47884
20.49107
20.24420
19.88633
20.03269
20.82638
21.59450
20.16101
28.85754
28.47438
26.67522
29.20942
28.56357
28.16697
24.20693
24.45524
26.83623
25.18293
25.46935
26.90553
25.19041
27.77400
27.25604
27.18184
28.00240
27.02835
26.37111
29.52049
28.68237
27.38659
23.90451
23.61609
23.40452
31.49726
29.48773
27.62149
28.16222
26.77740
28.66475
29.06172
26.43756
32.91078
32.45881
32.99879
33.37895
31.53732
20.14266
21.84724
23.40554
23.30738
22.00136
22.97213
23.18754
23.45521
23.51760
25.56281
23.85169
25.60318
20.38746
19.58060
19.97474
20.89415
28.62140
29.15714
28.95178
29.80888
28.09843
28.37049
25.67455
26.43197
25.52073
26.72245
24.39882
23.02008
23.11012
23.76128
23.16679
25.90032
23.11592
25.20266
24.01251
23.77469
23.92396
25.90251
24.55368
21.66922
23.62695
24.06596
24.47814
25.70904
24.53963
25.14221
23.56423
24.11117
23.44607
23.19950
25.78937
25.04304
25.26217
28.35034
27.82192
28.92614
29.92177
29.45166
26.96962
30.45546
30.23370
26.20890
24.35271
27.54518
40.15354
39.05408
39.95204
31.21210
31.13023
33.01494
32.30968
32.57907
34.40095
31.95021
35.30415
32.99124
35.91235
32.91501
34.70989
35.44312
34.00323
35.54657
32.28769
34.81330
32.90039
34.16538
33.63915
31.40827
30.68691
33.58133
32.88554
36.10009
34.45227
34.02335
32.17389
30.39530
33.17428
31.91392
31.14734
31.80472
33.94982
31.92088
30.92398
32.72815
31.75123
31.42441
31.04194
32.82956
31.91409
33.18641
32.74014
32.80310
32.22045
31.16907
30.97671
31.44140
29.79671
32.10260
34.23343
32.68128
31.53252
32.33769
30.76955
29.37951
28.03621
30.78847
29.42826
35.04123
33.51549
33.46468
35.61523
30.27461
29.77541
29.86454
30.84273
32.03244
34.29468
33.74688
32.53861
31.76544
34.45848
33.51218
33.76099
32.97723
34.49876
18.86133
18.98163
18.42679
17.62066
17.53013
19.39381
18.65276
21.97758
22.26633
22.38032
21.69758
22.39508
21.52060
22.62716
22.34302
22.63193
23.46923
23.21103
23.83253
23.91366
23.90322
21.45554
21.73609
23.63540
21.80979
22.93015
20.38677
21.06236
19.54534
19.69498
21.57871
18.70159
20.85843
22.13793
20.33035
19.89671
19.68236
33.21245
34.46185
34.50978
31.20962
32.01112
30.53307
31.81004
30.94280
31.45879
30.12995
33.76293
21.25214
22.07988
19.64827
19.75701
17.62356
18.12739
22.37122
21.28058
21.76199
20.39806
21.44334
27.04090
25.90463
27.66580
25.45821
28.14013
27.80167
26.49057
29.07492
28.51452
31.25919
28.57986
27.41573
31.92860
28.69966
28.61020
30.27166
28.60119
24.62413
26.39577
26.25189
27.14436
23.88722
25.68474
23.65951
26.46969
26.19760
28.53033
25.16392
24.94309
27.94700
25.94040
24.57665
24.73498
24.84816
23.15259
25.13524
26.05090
25.08150
23.82111
23.83928
24.17077
24.53957
24.59741
26.99810
23.07827
23.37745
22.03511
20.69011
20.23821
22.38131
20.64939
21.66718
22.17308
20.92512
20.58600
19.43764
20.05326
23.86240
25.69790
24.24760
22.09565
25.02308
23.88606
25.40952
25.25483
24.30361
26.76413
25.02455
21.85893
24.27898
24.39926
22.79649
27.83076
27.41891
28.24781
25.78942
21.19355
23.69789
21.45610
22.75912
24.11527
24.87414
23.05752
24.07206
21.50512
27.49422
28.13454
27.55723
27.99410
25.88666
27.19271
26.94611
23.37270
24.84816
22.43955
24.07618
28.72672
29.32444
28.44481
23.83192
24.08157
23.82703
25.43210
25.17402
25.30356
23.58640
32.98409
31.75688
31.78507
32.91753
36.27896
33.05946
34.15888
31.05777
32.67635
32.60647
33.78019
32.33214
33.94585
32.75460
32.35610
35.07841
32.29601
33.27060
32.07423
32.94971
34.83961
32.06311
33.80810
30.74955
33.61038
33.95180
31.68657
31.59138
32.86856
33.02171
32.37319
33.26632
32.04290
32.87031
32.23455
33.05746
29.90893
31.40324
31.27300
31.45102
29.09207
28.07835
28.51954
28.36722
32.98575
31.55708
33.71122
31.81020
31.15930
33.17158
33.34782
32.27612
28.32919
31.16686
29.13359
30.38946
31.06565
29.99274
29.59279
26.99570
29.34314
29.55642
38.35511
38.74227
34.53362
35.98765
38.16584
37.23167
36.76696
38.30402
32.72644
37.51686
36.96272
30.31059
29.79752
28.61586
31.05889
30.73283
30.75833
28.20304
27.65418
28.39144
31.02352
28.09061
26.89480
28.59790
27.09648
26.67142
26.85755
25.42782
23.60353
25.58551
25.38098
25.40734
32.55472
29.91563
32.27666
32.56697
32.03063
29.74748
29.16007
30.04926
29.64183
30.02620
28.48842
30.75798
31.24475
29.61210
32.90982
30.73030
32.43040
30.09075
30.65910
32.36683
32.48470
30.54467
31.30672
29.41225
30.64842
31.55449
22.99719
20.93130
22.66583
21.15418
21.57473
21.60908
21.41129
21.83799
23.16606
22.08201
20.51379
22.53307
22.84920
22.72507
24.09949
24.73380
23.77226
23.26525
22.53545
25.37819
23.78755
24.32038
26.49233
23.39970
25.43235
24.67558
23.02623
24.63576
23.93906
23.40070
19.01272
19.55371
20.34518
13.89881
14.02242
13.54287
14.27223
14.44437
14.42492
13.96750
15.37199
14.04806
12.70630
15.57972
14.75033
15.76602
13.87503
18.29298
17.09375
15.82631
18.14955
14.30207
14.92828
17.57297
17.54430
17.11353
17.11903
18.13189
15.21779
16.46221
14.08757
14.71929
14.33803
14.05389
14.53401
13.82115
15.27649
15.59937
15.97081
16.06286
16.25686
15.65363
14.49982
15.24855
14.00570
13.48877
14.72578
16.33658
15.86272
15.68567
17.34801
16.83309
15.66872
15.35451
18.36306
18.42180
19.33216
17.71396
16.13052
16.10465
16.14102
17.17312
15.78068
17.50315
17.57386
18.76601
17.30911
16.39935
16.76484
18.65395
17.10637
16.56543
17.91894
16.97751
16.29509
15.33528
13.79694
14.62007
14.77750
23.90504
25.30200
25.89910
26.17202
24.04399
24.83503
24.61454
26.55039
27.73673
26.14387
25.82909
25.80028
22.44273
25.15853
20.96248
22.54790
24.16017
21.68171
21.22349
21.33369
20.35842
20.81293
19.99968
21.92165
20.55582
21.72330
22.88530
22.01441
18.99879
20.99378
20.30352
19.24732
19.45847
19.01636
25.61021
25.57069
27.60304
19.66666
19.91840
19.47907
19.87347
23.34025
23.95150
25.54653
21.81108
21.61026
23.24803
22.67413
22.50300
23.65536
23.26950
22.82755
23.68413
23.42808
22.97606
23.23777
17.48663
17.63052
17.60464
17.52220
17.11855
17.79507
17.36796
16.24981
15.52306
15.12313
16.70692
16.45881
15.36242
16.56090
15.59021
16.15382
16.01608
17.00960
16.20033
16.11283
17.37877
15.97912
16.89468
16.82496
17.00715
24.41952
23.26849
21.41175
23.94372
24.76151
23.57637
23.04462
22.33361
23.75554
21.30895
22.30436
20.89633
19.06808
22.98060
20.71120
23.42575
21.16665
19.28054
18.88794
20.44029
21.62440
20.54131
24.33396
20.87343
22.80888
23.26106
22.20552
22.52743
21.93804
24.12641
23.62588
24.15970
23.50528
27.95675
26.13502
27.48588
26.55215
28.14460
26.01927
25.05890
23.52546
24.58657
25.52437
24.92908
25.65061
25.98135
23.93497
24.25450
23.63552
30.52362
28.81606
28.27123
29.95107
27.68246
29.12992
29.56985
21.07584
21.01432
20.99671
23.36797
22.85995
23.04022
22.75220
22.98870
22.39351
23.48166
23.73413
23.27239
23.11148
23.43828
22.51202
24.08241
22.74567
22.89826
24.02905
23.94417
26.58556
24.21161
23.50496
26.51004
26.08070
26.03612
25.39537
23.86101
25.17269
25.96950
25.59029
24.98144
23.73237
24.62934
22.47302
20.41746
20.07450
19.08009
21.16237
20.50247
20.16058
20.85693
20.76704
19.38112
20.70510
19.46096
21.68750
20.78236
21.76398
22.54492
19.31808
17.92125
20.43346
20.24602
20.26769
30.06086
26.55697
31.33771
28.14368
29.63004
30.43696
29.41239
20.66029
20.06987
20.39222
19.65015
21.45486
20.16368
21.24174
21.81206
20.75283
21.16611
17.32065
17.23666
17.78213
16.91168
17.31603
18.33202
16.43605
17.21074
18.11994
16.13484
15.85858
14.98010
15.95996
16.73263
14.68384
15.07252
15.69805
16.16859
16.88864
27.29092
24.75557
25.34742
25.64976
20.71994
21.89136
21.39478
20.70772
20.67891
20.02922
19.77310
21.00960
20.78152
21.91181
21.15951
20.08610
20.36870
21.59573
20.68609
20.18324
25.38485
24.08299
23.78270
25.90939
23.40992
30.90016
30.70908
31.29292
32.80505
24.09492
23.36954
23.17577
25.71763
26.17261
26.02606
25.21967
24.49991
25.05101
24.60483
22.58703
23.98551
24.76100
23.92774
24.23888
23.88140
29.90838
29.42874
28.96991
29.64548
27.72260
30.62805
32.17448
30.02000
28.16266
30.22622
29.40754
28.13789
28.02392
28.58599
27.77537
27.07177
27.52533
28.85640
29.01123
25.82901
29.74034
27.76980
29.50352
28.86089
30.06785
26.39787
33.98660
31.61271
34.85312
32.17535
31.85189
32.32778
32.47233
30.46699
34.28412
33.29118
30.37941
30.96563
30.21555
29.46537
31.73901
27.81916
27.62791
29.78206
27.85932
29.12735
29.39722
25.02088
26.61439
25.71288
28.55805
27.11064
24.25487
25.00789
31.99484
32.70195
29.48615
30.71375
31.55948
30.89065
32.90464
31.74427
31.29001
32.33938
31.82772
32.23036
31.90280
30.66585
30.70322
30.26337
29.23994
30.83250
27.81142
27.86124
25.26034
24.13724
23.31488
22.13448
23.18124
23.13966
23.41870
22.79018
24.94006
25.75621
34.29779
32.70746
26.82721
28.20599
30.66507
30.86814
31.45415
32.82717
33.91527
31.39413
30.35869
31.38085
34.33249
32.06892
34.07220
30.97302
30.92082
31.61581
29.21952
33.12082
29.86891
29.66361
35.06140
32.86344
32.93295
32.13252
24.63400
21.98486
22.37919
25.55511
30.45186
29.66396
32.81845
31.73555
31.71407
31.59751
31.68494
31.14437
32.72292
32.27763
31.12569
31.67476
31.10791
32.12392
28.54353
36.47255
38.00550
35.10253
36.69132
41.08658
41.68939
39.57151
39.94786
43.11405
41.91086
40.32824
37.56212
37.61072
35.23717
37.14520
36.66144
36.90622
38.08796
21.56178
20.58392
21.82732
21.97192
21.93701
23.19622
21.13955
21.06646
20.60960
20.58727
20.65857
20.14226
20.51682
21.89361
22.56327
21.41395
22.07944
21.42968
21.10172
20.78282
22.87211
21.46876
20.87806
21.91722
19.69479
21.13397
20.09641
20.86637
22.76714
20.23729
21.95778
21.57253
22.06044
22.76416
22.12573
20.84671
19.07263
19.93997
19.52751
23.72184
23.82816
23.20094
23.47478
25.56859
23.94906
23.99246
22.65683
