0.5158818
0.5152626
0.5200390
0.4891325
0.5218914
0.5001968
0.5053590
0.5163859
0.4803027
0.4860800
0.5136765
0.5257548
0.4882165
0.4785799
0.4920075
0.5068381
0.5061783
0.4804710
0.5155158
0.4914399
0.4932225
0.5045704
0.4972607
0.5288537
0.5639655
0.4799517
0.4897658
0.5120868
0.5115889
0.5076334
0.5033146
0.4624295
0.4953541
0.5139821
0.5098394
0.5301909
0.4868001
0.4828420
0.5367871
0.5247781
0.5158818
0.5152626
0.5200390
0.4891325
0.5218914
0.5001968
0.5053590
0.5163859
0.4803027
0.4860800
0.5136765
0.5257548
0.4882165
0.4785799
0.4920075
0.5068381
0.5061783
0.4804710
0.5155158
0.4914399
0.4932225
0.5045704
0.4972607
0.5288537
0.5639655
0.4799517
0.4897658
0.5120868
0.5115889
0.5076334
0.5033146
0.4624295
0.4953541
0.5139821
0.5098394
0.5301909
0.4868001
0.4828420
0.5367871
0.5247781
0.5158818
0.5152626
0.5200390
0.4891325
0.5218914
0.5001968
0.5053590
0.5163859
0.4803027
0.4860800
0.5136765
0.5257548
0.4882165
0.4785799
0.4920075
0.5068381
0.5061783
0.4804710
0.5155158
0.4914399
0.4932225
0.5045704
0.4972607
0.5288537
0.5639655
0.4799517
0.4897658
0.5120868
0.5115889
0.5076334
0.5033146
0.4624295
0.4953541
0.5139821
0.5098394
0.5301909
0.4868001
0.4828420
0.5367871
0.5247781
0.5158818
0.5152626
0.5200390
0.4891325
0.5218914
0.5001968
0.5053590
0.5163859
0.4803027
0.4860800
0.5136765
0.5257548
0.4882165
0.4785799
0.4920075
0.5068381
0.5061783
0.4804710
0.5155158
0.4914399
0.4932225
0.5045704
0.4972607
0.5288537
0.5639655
0.4799517
0.4897658
0.5120868
0.5115889
0.5076334
0.5033146
0.4624295
0.4953541
0.5139821
0.5098394
0.5301909
0.4868001
0.4828420
0.5367871
0.5247781
0.5158818
0.5152626
0.5200390
0.4891325
0.5218914
0.5001968
0.5053590
0.5163859
0.4803027
0.4860800
0.5136765
0.5257548
0.4882165
0.4785799
0.4920075
0.5068381
0.5061783
0.4804710
0.5155158
0.4914399
0.4932225
0.5045704
0.4972607
0.5288537
0.5639655
0.4799517
0.4897658
0.5120868
0.5115889
0.5076334
0.5033146
0.4624295
0.4953541
0.5139821
0.5098394
0.5301909
0.4868001
0.4828420
0.5367871
0.5247781
0.5158818
0.5152626
0.5200390
0.4891325
0.5218914
0.5001968
0.5053590
0.5163859
0.4803027
0.4860800
0.5136765
0.5257548
0.4882165
0.4785799
0.4920075
0.5068381
0.5061783
0.4804710
0.5155158
0.4914399
0.4932225
0.5045704
0.4972607
0.5288537
0.5639655
0.4799517
0.4897658
0.5120868
0.5115889
0.5076334
0.5033146
0.4624295
0.4953541
0.5139821
0.5098394
0.5301909
0.4868001
0.4828420
0.5367871
0.5247781
0.5158818
0.5152626
0.5200390
0.4891325
0.5218914
0.5001968
0.5053590
0.5163859
0.4803027
0.4860800
0.5136765
0.5257548
0.4882165
0.4785799
0.4920075
0.5068381
0.5061783
0.4804710
0.5155158
0.4914399
0.4932225
0.5045704
0.4972607
0.5288537
0.5639655
0.4799517
0.4897658
0.5120868
0.5115889
0.5076334
0.5033146
0.4624295
0.4953541
0.5139821
0.5098394
0.5301909
0.4868001
0.4828420
0.5367871
0.5247781
0.5158818
0.5152626
0.5200390
0.4891325
0.5218914
0.5001968
0.5053590
0.5163859
0.4803027
0.4860800
0.5136765
0.5257548
0.4882165
0.4785799
0.4920075
0.5068381
0.5061783
0.4804710
0.5155158
0.4914399
0.4932225
0.5045704
0.4972607
0.5288537
0.5639655
0.4799517
0.4897658
0.5120868
0.5115889
0.5076334
0.5033146
0.4624295
0.4953541
0.5139821
0.5098394
0.5301909
0.4868001
0.4828420
0.5367871
0.5247781
0.5158818
0.5152626
0.5200390
0.4891325
0.5218914
0.5001968
0.5053590
0.5163859
0.4803027
0.4860800
0.5136765
0.5257548
0.4882165
0.4785799
0.4920075
0.5068381
0.5061783
0.4804710
0.5155158
0.4914399
0.4932225
0.5045704
0.4972607
0.5288537
0.5639655
0.4799517
0.4897658
0.5120868
0.5115889
0.5076334
0.5033146
0.4624295
0.4953541
0.5139821
0.5098394
0.5301909
0.4868001
0.4828420
0.5367871
0.5247781
0.5158818
0.5152626
0.5200390
0.4891325
0.5218914
0.5001968
0.5053590
0.5163859
0.4803027
0.4860800
0.5136765
0.5257548
0.4882165
0.4785799
0.4920075
0.5068381
0.5061783
0.4804710
0.5155158
0.4914399
0.4932225
0.5045704
0.4972607
0.5288537
0.5639655
0.4799517
0.4897658
0.5120868
0.5115889
0.5076334
0.5033146
0.4624295
0.4953541
0.5139821
0.5098394
0.5301909
0.4868001
0.4828420
0.5367871
0.5247781
0.5158818
0.5152626
0.5200390
0.4891325
0.5218914
0.5001968
0.5053590
0.5163859
0.4803027
0.4860800
0.5136765
0.5257548
0.4882165
0.4785799
0.4920075
0.5068381
0.5061783
0.4804710
0.5155158
0.4914399
0.4932225
0.5045704
0.4972607
0.5288537
0.5639655
0.4799517
0.4897658
0.5120868
0.5115889
0.5076334
0.5033146
0.4624295
0.4953541
0.5139821
0.5098394
0.5301909
0.4868001
0.4828420
0.5367871
0.5247781
0.5158818
0.5152626
0.5200390
0.4891325
0.5218914
0.5001968
0.5053590
0.5163859
0.4803027
0.4860800
0.5136765
0.5257548
0.4882165
0.4785799
0.4920075
0.5068381
0.5061783
0.4804710
0.5155158
0.4914399
0.4932225
0.5045704
0.4972607
0.5288537
0.5639655
0.4799517
0.4897658
0.5120868
0.5115889
0.5076334
0.5033146
0.4624295
0.4953541
0.5139821
0.5098394
0.5301909
0.4868001
0.4828420
0.5367871
0.5247781
0.5158818
0.5152626
0.5200390
0.4891325
0.5218914
0.5001968
0.5053590
0.5163859
0.4803027
0.4860800
0.5136765
0.5257548
0.4882165
0.4785799
0.4920075
0.5068381
0.5061783
0.4804710
0.5155158
0.4914399
0.4932225
0.5045704
0.4972607
0.5288537
0.5639655
0.4799517
0.4897658
0.5120868
0.5115889
0.5076334
0.5033146
0.4624295
0.4953541
0.5139821
0.5098394
0.5301909
0.4868001
0.4828420
0.5367871
0.5247781
0.5158818
0.5152626
0.5200390
0.4891325
0.5218914
0.5001968
0.5053590
0.5163859
0.4803027
0.4860800
0.5136765
0.5257548
0.4882165
0.4785799
0.4920075
0.5068381
0.5061783
0.4804710
0.5155158
0.4914399
0.4932225
0.5045704
0.4972607
0.5288537
0.5639655
0.4799517
0.4897658
0.5120868
0.5115889
0.5076334
0.5033146
0.4624295
0.4953541
0.5139821
0.5098394
0.5301909
0.4868001
0.4828420
0.5367871
0.5247781
0.5158818
0.5152626
0.5200390
0.4891325
0.5218914
0.5001968
0.5053590
0.5163859
0.4803027
0.4860800
0.5136765
0.5257548
0.4882165
0.4785799
0.4920075
0.5068381
0.5061783
0.4804710
0.5155158
0.4914399
0.4932225
0.5045704
0.4972607
0.5288537
0.5639655
0.4799517
0.4897658
0.5120868
0.5115889
0.5076334
0.5033146
0.4624295
0.4953541
0.5139821
0.5098394
0.5301909
0.4868001
0.4828420
0.5367871
0.5247781
0.5158818
0.5152626
0.5200390
0.4891325
0.5218914
0.5001968
0.5053590
0.5163859
0.4803027
0.4860800
0.5136765
0.5257548
0.4882165
0.4785799
0.4920075
0.5068381
0.5061783
0.4804710
0.5155158
0.4914399
0.4932225
0.5045704
0.4972607
0.5288537
0.5639655
0.4799517
0.4897658
0.5120868
0.5115889
0.5076334
0.5033146
0.4624295
0.4953541
0.5139821
0.5098394
0.5301909
0.4868001
0.4828420
0.5367871
0.5247781
0.5158818
0.5152626
0.5200390
0.4891325
0.5218914
0.5001968
0.5053590
0.5163859
0.4803027
0.4860800
0.5136765
0.5257548
0.4882165
0.4785799
0.4920075
0.5068381
0.5061783
0.4804710
0.5155158
0.4914399
0.4932225
0.5045704
0.4972607
0.5288537
0.5639655
0.4799517
0.4897658
0.5120868
0.5115889
0.5076334
0.5033146
0.4624295
0.4953541
0.5139821
0.5098394
0.5301909
0.4868001
0.4828420
0.5367871
0.5247781
0.5158818
0.5152626
0.5200390
0.4891325
0.5218914
0.5001968
0.5053590
0.5163859
0.4803027
0.4860800
0.5136765
0.5257548
0.4882165
0.4785799
0.4920075
0.5068381
0.5061783
0.4804710
0.5155158
0.4914399
0.4932225
0.5045704
0.4972607
0.5288537
0.5639655
0.4799517
0.4897658
0.5120868
0.5115889
0.5076334
0.5033146
0.4624295
0.4953541
0.5139821
0.5098394
0.5301909
0.4868001
0.4828420
0.5367871
0.5247781
0.5158818
0.5152626
0.5200390
0.4891325
0.5218914
0.5001968
0.5053590
0.5163859
0.4803027
0.4860800
0.5136765
0.5257548
0.4882165
0.4785799
0.4920075
0.5068381
0.5061783
0.4804710
0.5155158
0.4914399
0.4932225
0.5045704
0.4972607
0.5288537
0.5639655
0.4799517
0.4897658
0.5120868
0.5115889
0.5076334
0.5033146
0.4624295
0.4953541
0.5139821
0.5098394
0.5301909
0.4868001
0.4828420
0.5367871
0.5247781
0.5158818
0.5152626
0.5200390
0.4891325
0.5218914
0.5001968
0.5053590
0.5163859
0.4803027
0.4860800
0.5136765
0.5257548
0.4882165
0.4785799
0.4920075
0.5068381
0.5061783
0.4804710
0.5155158
0.4914399
0.4932225
0.5045704
0.4972607
0.5288537
0.5639655
0.4799517
0.4897658
0.5120868
0.5115889
0.5076334
0.5033146
0.4624295
0.4953541
0.5139821
0.5098394
0.5301909
0.4868001
0.4828420
0.5367871
0.5247781
0.5158818
0.5152626
0.5200390
0.4891325
0.5218914
0.5001968
0.5053590
0.5163859
0.4803027
0.4860800
0.5136765
0.5257548
0.4882165
0.4785799
0.4920075
0.5068381
0.5061783
0.4804710
0.5155158
0.4914399
0.4932225
0.5045704
0.4972607
0.5288537
0.5639655
0.4799517
0.4897658
0.5120868
0.5115889
0.5076334
0.5033146
0.4624295
0.4953541
0.5139821
0.5098394
0.5301909
0.4868001
0.4828420
0.5367871
0.5247781
0.5158818
0.5152626
0.5200390
0.4891325
0.5218914
0.5001968
0.5053590
0.5163859
0.4803027
0.4860800
0.5136765
0.5257548
0.4882165
0.4785799
0.4920075
0.5068381
0.5061783
0.4804710
0.5155158
0.4914399
0.4932225
0.5045704
0.4972607
0.5288537
0.5639655
0.4799517
0.4897658
0.5120868
0.5115889
0.5076334
0.5033146
0.4624295
0.4953541
0.5139821
0.5098394
0.5301909
0.4868001
0.4828420
0.5367871
0.5247781
0.5158818
0.5152626
0.5200390
0.4891325
0.5218914
0.5001968
0.5053590
0.5163859
0.4803027
0.4860800
0.5136765
0.5257548
0.4882165
0.4785799
0.4920075
0.5068381
0.5061783
0.4804710
0.5155158
0.4914399
0.4932225
0.5045704
0.4972607
0.5288537
0.5639655
0.4799517
0.4897658
0.5120868
0.5115889
0.5076334
0.5033146
0.4624295
0.4953541
0.5139821
0.5098394
0.5301909
0.4868001
0.4828420
0.5367871
0.5247781
0.5158818
0.5152626
0.5200390
0.4891325
0.5218914
0.5001968
0.5053590
0.5163859
0.4803027
0.4860800
0.5136765
0.5257548
0.4882165
0.4785799
0.4920075
0.5068381
0.5061783
0.4804710
0.5155158
0.4914399
0.4932225
0.5045704
0.4972607
0.5288537
0.5639655
0.4799517
0.4897658
0.5120868
0.5115889
0.5076334
0.5033146
0.4624295
0.4953541
0.5139821
0.5098394
0.5301909
0.4868001
0.4828420
0.5367871
0.5247781
0.5158818
0.5152626
0.5200390
0.4891325
0.5218914
0.5001968
0.5053590
0.5163859
0.4803027
0.4860800
0.5136765
0.5257548
0.4882165
0.4785799
0.4920075
0.5068381
0.5061783
0.4804710
0.5155158
0.4914399
0.4932225
0.5045704
0.4972607
0.5288537
0.5639655
0.4799517
0.4897658
0.5120868
0.5115889
0.5076334
0.5033146
0.4624295
0.4953541
0.5139821
0.5098394
0.5301909
0.4868001
0.4828420
0.5367871
0.5247781
0.5158818
0.5152626
0.5200390
0.4891325
0.5218914
0.5001968
0.5053590
0.5163859
0.4803027
0.4860800
0.5136765
0.5257548
0.4882165
0.4785799
0.4920075
0.5068381
0.5061783
0.4804710
0.5155158
0.4914399
0.4932225
0.5045704
0.4972607
0.5288537
0.5639655
0.4799517
0.4897658
0.5120868
0.5115889
0.5076334
0.5033146
0.4624295
0.4953541
0.5139821
0.5098394
0.5301909
0.4868001
0.4828420
0.5367871
0.5247781
0.5158818
0.5152626
0.5200390
0.4891325
0.5218914
0.5001968
0.5053590
0.5163859
0.4803027
0.4860800
0.5136765
0.5257548
0.4882165
0.4785799
0.4920075
0.5068381
0.5061783
0.4804710
0.5155158
0.4914399
0.4932225
0.5045704
0.4972607
0.5288537
0.5639655
0.4799517
0.4897658
0.5120868
0.5115889
0.5076334
0.5033146
0.4624295
0.4953541
0.5139821
0.5098394
0.5301909
0.4868001
0.4828420
0.5367871
0.5247781
0.5158818
0.5152626
0.5200390
0.4891325
0.5218914
0.5001968
0.5053590
0.5163859
0.4803027
0.4860800
0.5136765
0.5257548
0.4882165
0.4785799
0.4920075
0.5068381
0.5061783
0.4804710
0.5155158
0.4914399
0.4932225
0.5045704
0.4972607
0.5288537
0.5639655
0.4799517
0.4897658
0.5120868
0.5115889
0.5076334
0.5033146
0.4624295
0.4953541
0.5139821
0.5098394
0.5301909
0.4868001
0.4828420
0.5367871
0.5247781
0.5158818
0.5152626
0.5200390
0.4891325
0.5218914
0.5001968
0.5053590
0.5163859
0.4803027
0.4860800
0.5136765
0.5257548
0.4882165
0.4785799
0.4920075
0.5068381
0.5061783
0.4804710
0.5155158
0.4914399
0.4932225
0.5045704
0.4972607
0.5288537
0.5639655
0.4799517
0.4897658
0.5120868
0.5115889
0.5076334
0.5033146
0.4624295
0.4953541
0.5139821
0.5098394
0.5301909
0.4868001
0.4828420
0.5367871
0.5247781
0.5158818
0.5152626
0.5200390
0.4891325
0.5218914
0.5001968
0.5053590
0.5163859
0.4803027
0.4860800
0.5136765
0.5257548
0.4882165
0.4785799
0.4920075
0.5068381
0.5061783
0.4804710
0.5155158
0.4914399
0.4932225
0.5045704
0.4972607
0.5288537
0.5639655
0.4799517
0.4897658
0.5120868
0.5115889
0.5076334
0.5033146
0.4624295
0.4953541
0.5139821
0.5098394
0.5301909
0.4868001
0.4828420
0.5367871
0.5247781
0.5158818
0.5152626
0.5200390
0.4891325
0.5218914
0.5001968
0.5053590
0.5163859
0.4803027
0.4860800
0.5136765
0.5257548
0.4882165
0.4785799
0.4920075
0.5068381
0.5061783
0.4804710
0.5155158
0.4914399
0.4932225
0.5045704
0.4972607
0.5288537
0.5639655
0.4799517
0.4897658
0.5120868
0.5115889
0.5076334
0.5033146
0.4624295
0.4953541
0.5139821
0.5098394
0.5301909
0.4868001
0.4828420
0.5367871
0.5247781
0.5158818
0.5152626
0.5200390
0.4891325
0.5218914
0.5001968
0.5053590
0.5163859
0.4803027
0.4860800
0.5136765
0.5257548
0.4882165
0.4785799
0.4920075
0.5068381
0.5061783
0.4804710
0.5155158
0.4914399
0.4932225
0.5045704
0.4972607
0.5288537
0.5639655
0.4799517
0.4897658
0.5120868
0.5115889
0.5076334
0.5033146
0.4624295
0.4953541
0.5139821
0.5098394
0.5301909
0.4868001
0.4828420
0.5367871
0.5247781
0.5158818
0.5152626
0.5200390
0.4891325
0.5218914
0.5001968
0.5053590
0.5163859
0.4803027
0.4860800
0.5136765
0.5257548
0.4882165
0.4785799
0.4920075
0.5068381
0.5061783
0.4804710
0.5155158
0.4914399
0.4932225
0.5045704
0.4972607
0.5288537
0.5639655
0.4799517
0.4897658
0.5120868
0.5115889
0.5076334
0.5033146
0.4624295
0.4953541
0.5139821
0.5098394
0.5301909
0.4868001
0.4828420
0.5367871
0.5247781
0.5158818
0.5152626
0.5200390
0.4891325
0.5218914
0.5001968
0.5053590
0.5163859
0.4803027
0.4860800
0.5136765
0.5257548
0.4882165
0.4785799
0.4920075
0.5068381
0.5061783
0.4804710
0.5155158
0.4914399
0.4932225
0.5045704
0.4972607
0.5288537
0.5639655
0.4799517
0.4897658
0.5120868
0.5115889
0.5076334
0.5033146
0.4624295
0.4953541
0.5139821
0.5098394
0.5301909
0.4868001
0.4828420
0.5367871
0.5247781
0.5158818
0.5152626
0.5200390
0.4891325
0.5218914
0.5001968
0.5053590
0.5163859
0.4803027
0.4860800
0.5136765
0.5257548
0.4882165
0.4785799
0.4920075
0.5068381
0.5061783
0.4804710
0.5155158
0.4914399
0.4932225
0.5045704
0.4972607
0.5288537
0.5639655
0.4799517
0.4897658
0.5120868
0.5115889
0.5076334
0.5033146
0.4624295
0.4953541
0.5139821
0.5098394
0.5301909
0.4868001
0.4828420
0.5367871
0.5247781
0.5158818
0.5152626
0.5200390
0.4891325
0.5218914
0.5001968
0.5053590
0.5163859
0.4803027
0.4860800
0.5136765
0.5257548
0.4882165
0.4785799
0.4920075
0.5068381
0.5061783
0.4804710
0.5155158
0.4914399
0.4932225
0.5045704
0.4972607
0.5288537
0.5639655
0.4799517
0.4897658
0.5120868
0.5115889
0.5076334
0.5033146
0.4624295
0.4953541
0.5139821
0.5098394
0.5301909
0.4868001
0.4828420
0.5367871
0.5247781
0.5158818
0.5152626
0.5200390
0.4891325
0.5218914
0.5001968
0.5053590
0.5163859
0.4803027
0.4860800
0.5136765
0.5257548
0.4882165
0.4785799
0.4920075
0.5068381
0.5061783
0.4804710
0.5155158
0.4914399
0.4932225
0.5045704
0.4972607
0.5288537
0.5639655
0.4799517
0.4897658
0.5120868
0.5115889
0.5076334
0.5033146
0.4624295
0.4953541
0.5139821
0.5098394
0.5301909
0.4868001
0.4828420
0.5367871
0.5247781
0.5158818
0.5152626
0.5200390
0.4891325
0.5218914
0.5001968
0.5053590
0.5163859
0.4803027
0.4860800
0.5136765
0.5257548
0.4882165
0.4785799
0.4920075
0.5068381
0.5061783
0.4804710
0.5155158
0.4914399
0.4932225
0.5045704
0.4972607
0.5288537
0.5639655
0.4799517
0.4897658
0.5120868
0.5115889
0.5076334
0.5033146
0.4624295
0.4953541
0.5139821
0.5098394
0.5301909
0.4868001
0.4828420
0.5367871
0.5247781
0.5158818
0.5152626
0.5200390
0.4891325
0.5218914
0.5001968
0.5053590
0.5163859
0.4803027
0.4860800
0.5136765
0.5257548
0.4882165
0.4785799
0.4920075
0.5068381
0.5061783
0.4804710
0.5155158
0.4914399
0.4932225
0.5045704
0.4972607
0.5288537
0.5639655
0.4799517
0.4897658
0.5120868
0.5115889
0.5076334
0.5033146
0.4624295
0.4953541
0.5139821
0.5098394
0.5301909
0.4868001
0.4828420
0.5367871
0.5247781
0.5158818
0.5152626
0.5200390
0.4891325
0.5218914
0.5001968
0.5053590
0.5163859
0.4803027
0.4860800
0.5136765
0.5257548
0.4882165
0.4785799
0.4920075
0.5068381
0.5061783
0.4804710
0.5155158
0.4914399
0.4932225
0.5045704
0.4972607
0.5288537
0.5639655
0.4799517
0.4897658
0.5120868
0.5115889
0.5076334
0.5033146
0.4624295
0.4953541
0.5139821
0.5098394
0.5301909
0.4868001
0.4828420
0.5367871
0.5247781
0.5158818
0.5152626
0.5200390
0.4891325
0.5218914
0.5001968
0.5053590
0.5163859
0.4803027
0.4860800
0.5136765
0.5257548
0.4882165
0.4785799
0.4920075
0.5068381
0.5061783
0.4804710
0.5155158
0.4914399
0.4932225
0.5045704
0.4972607
0.5288537
0.5639655
0.4799517
0.4897658
0.5120868
0.5115889
0.5076334
0.5033146
0.4624295
0.4953541
0.5139821
0.5098394
0.5301909
0.4868001
0.4828420
0.5367871
0.5247781
0.5158818
0.5152626
0.5200390
0.4891325
0.5218914
0.5001968
0.5053590
0.5163859
0.4803027
0.4860800
0.5136765
0.5257548
0.4882165
0.4785799
0.4920075
0.5068381
0.5061783
0.4804710
0.5155158
0.4914399
0.4932225
0.5045704
0.4972607
0.5288537
0.5639655
0.4799517
0.4897658
0.5120868
0.5115889
0.5076334
0.5033146
0.4624295
0.4953541
0.5139821
0.5098394
0.5301909
0.4868001
0.4828420
0.5367871
0.5247781
0.5158818
0.5152626
0.5200390
0.4891325
0.5218914
0.5001968
0.5053590
0.5163859
0.4803027
0.4860800
0.5136765
0.5257548
0.4882165
0.4785799
0.4920075
0.5068381
0.5061783
0.4804710
0.5155158
0.4914399
0.4932225
0.5045704
0.4972607
0.5288537
0.5639655
0.4799517
0.4897658
0.5120868
0.5115889
0.5076334
0.5033146
0.4624295
0.4953541
0.5139821
0.5098394
0.5301909
0.4868001
0.4828420
0.5367871
0.5247781
0.5158818
0.5152626
0.5200390
0.4891325
0.5218914
0.5001968
0.5053590
0.5163859
0.4803027
0.4860800
0.5136765
0.5257548
0.4882165
0.4785799
0.4920075
0.5068381
0.5061783
0.4804710
0.5155158
0.4914399
0.4932225
0.5045704
0.4972607
0.5288537
0.5639655
0.4799517
0.4897658
0.5120868
0.5115889
0.5076334
0.5033146
0.4624295
0.4953541
0.5139821
0.5098394
0.5301909
0.4868001
0.4828420
0.5367871
0.5247781
0.5158818
0.5152626
0.5200390
0.4891325
0.5218914
0.5001968
0.5053590
0.5163859
0.4803027
0.4860800
0.5136765
0.5257548
0.4882165
0.4785799
0.4920075
0.5068381
0.5061783
0.4804710
0.5155158
0.4914399
0.4932225
0.5045704
0.4972607
0.5288537
0.5639655
0.4799517
0.4897658
0.5120868
0.5115889
0.5076334
0.5033146
0.4624295
0.4953541
0.5139821
0.5098394
0.5301909
0.4868001
0.4828420
0.5367871
0.5247781
0.5158818
0.5152626
0.5200390
0.4891325
0.5218914
0.5001968
0.5053590
0.5163859
0.4803027
0.4860800
0.5136765
0.5257548
0.4882165
0.4785799
0.4920075
0.5068381
0.5061783
0.4804710
0.5155158
0.4914399
0.4932225
0.5045704
0.4972607
0.5288537
0.5639655
0.4799517
0.4897658
0.5120868
0.5115889
0.5076334
0.5033146
0.4624295
0.4953541
0.5139821
0.5098394
0.5301909
0.4868001
0.4828420
0.5367871
0.5247781
0.5158818
0.5152626
0.5200390
0.4891325
0.5218914
0.5001968
0.5053590
0.5163859
0.4803027
0.4860800
0.5136765
0.5257548
0.4882165
0.4785799
0.4920075
0.5068381
0.5061783
0.4804710
0.5155158
0.4914399
0.4932225
0.5045704
0.4972607
0.5288537
0.5639655
0.4799517
0.4897658
0.5120868
0.5115889
0.5076334
0.5033146
0.4624295
0.4953541
0.5139821
0.5098394
0.5301909
0.4868001
0.4828420
0.5367871
0.5247781
0.5158818
0.5152626
0.5200390
0.4891325
0.5218914
0.5001968
0.5053590
0.5163859
0.4803027
0.4860800
0.5136765
0.5257548
0.4882165
0.4785799
0.4920075
0.5068381
0.5061783
0.4804710
0.5155158
0.4914399
0.4932225
0.5045704
0.4972607
0.5288537
0.5639655
0.4799517
0.4897658
0.5120868
0.5115889
0.5076334
0.5033146
0.4624295
0.4953541
0.5139821
0.5098394
0.5301909
0.4868001
0.4828420
0.5367871
0.5247781
0.5158818
0.5152626
0.5200390
0.4891325
0.5218914
0.5001968
0.5053590
0.5163859
0.4803027
0.4860800
0.5136765
0.5257548
0.4882165
0.4785799
0.4920075
0.5068381
0.5061783
0.4804710
0.5155158
0.4914399
0.4932225
0.5045704
0.4972607
0.5288537
0.5639655
0.4799517
0.4897658
0.5120868
0.5115889
0.5076334
0.5033146
0.4624295
0.4953541
0.5139821
0.5098394
0.5301909
0.4868001
0.4828420
0.5367871
0.5247781
0.5158818
0.5152626
0.5200390
0.4891325
0.5218914
0.5001968
0.5053590
0.5163859
0.4803027
0.4860800
0.5136765
0.5257548
0.4882165
0.4785799
0.4920075
0.5068381
0.5061783
0.4804710
0.5155158
0.4914399
0.4932225
0.5045704
0.4972607
0.5288537
0.5639655
0.4799517
0.4897658
0.5120868
0.5115889
0.5076334
0.5033146
0.4624295
0.4953541
0.5139821
0.5098394
0.5301909
0.4868001
0.4828420
0.5367871
0.5247781
