 8.098632
 9.550944
 8.385836
 9.068416
 8.930111
 8.608999
 8.044534
 9.788297
 9.537911
10.060973
10.460207
 9.652159
 9.916688
 9.774100
10.252638
 9.703842
10.316749
 9.609366
 9.047439
 9.576791
 9.200351
 9.725311
 9.088199
 6.182242
 6.080236
 5.959820
 6.184178
 5.701075
 6.122460
 6.399348
 6.319412
 6.780901
 6.140100
 6.267905
 6.262603
 6.817440
 6.899387
 6.278409
 6.153231
 6.001416
 7.996187
 7.513690
 7.811785
 7.691291
 7.390861
 7.463159
 7.647601
 6.429584
 6.208657
 6.261336
 6.454500
 6.686919
 7.301178
 6.543916
 6.202288
 6.276134
 5.987791
 6.197009
 6.260265
 6.370650
 6.474145
 6.821381
 6.431638
 6.380665
 6.280455
 6.534040
 5.726933
 5.687451
 5.719042
 5.718383
 5.519150
 5.123063
 5.784157
 5.517638
 5.901930
 6.094003
 6.094837
 5.923199
 6.135420
 5.362288
 5.769583
 5.660425
 5.453315
 5.442859
 5.734321
 6.136893
 6.271364
 6.190395
 6.406920
 7.614888
 7.218301
 6.931068
 7.228473
 7.724429
 7.160798
 7.390168
 7.703883
 7.932504
 7.454638
 7.512019
 7.196023
 7.547774
 7.183590
 7.911197
 8.219172
 7.770428
 7.789209
 7.845552
 7.503224
 7.205989
 8.340966
 7.208361
 7.413284
 8.033970
 7.192515
 7.755927
 7.571795
 7.675860
 7.432027
 7.813640
 8.119216
 7.918935
 7.263477
 6.759656
 6.518037
 6.937908
 9.021644
 9.570976
 9.038554
 9.346601
 9.390724
 8.804367
 8.470651
 8.752891
 9.479202
 8.920915
 9.457840
 9.751906
 8.793336
 8.807534
 9.009810
 8.737006
 8.615877
 8.004377
 8.408870
 8.216144
 7.835794
 7.567001
 7.802084
 7.117207
 7.199396
 6.533574
 8.211622
 8.209015
 8.064837
 7.668070
 7.441497
 7.516695
 7.095524
 7.315347
 7.756974
 7.603941
 7.936324
 7.785454
 7.998763
 7.343846
 7.770319
 8.063744
 6.868200
 7.168401
 7.017887
 7.588784
 7.219064
 7.600983
 7.733796
 7.439295
 7.202203
 7.662203
 7.823798
 7.021990
 7.368095
 6.948242
 6.817286
 6.977023
 7.434244
 7.450619
 7.238408
 7.407276
 7.584959
 7.682665
 7.913868
 8.674379
 8.931117
 8.935379
 8.783741
 8.619879
 8.986722
 8.316509
 9.877502
 9.327547
 9.218723
 9.995187
 8.970568
 8.392717
 7.721923
 8.525167
 8.422352
 8.327365
 8.128235
 8.140108
 7.730716
 7.943138
 8.078212
 7.603007
 7.640839
 7.634199
 7.865454
 7.831692
 8.020386
 8.428386
 8.361562
 8.104876
 5.971338
 5.838452
 5.831223
 7.011583
 7.299935
 6.853243
 7.620563
 6.208968
 6.666692
 5.965126
 6.325242
 6.435357
 6.976335
 6.921252
 6.912475
 7.041488
 7.292703
 7.051705
 7.067186
 6.957224
 8.532944
 8.187656
 8.396104
 7.981348
 8.639763
 8.156871
 9.185453
 8.208916
 8.133364
 8.010702
 7.782905
 8.530362
 7.782179
 8.222515
 7.783531
 9.509263
 8.110639
 7.226067
 8.258558
 8.778304
 9.293012
 8.708733
 8.842109
 8.598322
 8.171638
 8.569343
 8.397954
 8.154312
 8.097853
 8.315188
 8.021466
 8.182235
 7.665357
 8.042934
 7.484463
 7.548943
 7.015609
 7.000019
 7.075524
 7.250466
 7.192087
 6.893263
 6.583850
 7.300765
 7.713878
 7.383727
 6.660184
 6.454734
 6.511243
 6.834522
 6.471389
 6.946331
 7.262356
 7.115633
 6.834727
 6.410727
 6.856869
 6.550355
 8.220961
 8.539387
 8.624119
 8.090020
 8.285186
 8.563636
 5.842690
 5.614063
 5.619979
 5.059819
 5.458304
 5.588746
 6.145017
 5.526848
 5.189067
 6.202290
 5.385487
 5.536408
 5.096294
 5.117068
 5.256672
 5.149882
 5.329992
 5.716710
 5.642847
 4.957104
 5.681053
 5.025766
 6.553314
 6.895439
 5.968103
 6.434636
 6.314406
 6.090090
 6.673733
 7.717796
 7.528663
 7.590109
 7.809094
 8.633338
 8.659978
 8.439827
 8.669609
 8.707128
 8.083542
 8.014885
 8.427373
 7.814978
 9.165534
 8.687776
 9.380619
 9.063674
 9.139044
 8.818546
10.407347
10.130559
10.364858
 9.213080
 9.322207
 9.823057
 9.344354
10.215111
10.293793
 9.167735
 9.378524
 9.374159
 9.347652
 9.292385
 8.514768
 9.684487
 9.479884
 8.687188
 6.262061
 6.252079
 6.696805
 5.990168
 6.293660
 5.570006
 5.571083
 8.129186
 7.706986
 8.001707
 7.646018
 7.379955
 7.679104
 9.879254
 9.068913
 8.896131
 8.553506
 8.790326
 8.906534
 6.162543
 6.720857
 6.456213
 6.886527
 6.350063
 6.273582
 6.498962
 6.643773
 6.253576
 6.033943
 6.454082
 6.697059
 6.803272
 6.997364
 6.027522
 6.332924
 5.431261
 6.122320
 6.657814
 6.493801
 6.457746
 6.995137
 6.813813
 6.065270
 6.557387
 5.960204
 5.941777
 5.770967
 7.116369
 6.800270
 7.481141
 7.617288
 7.353867
 6.884711
 6.577986
 6.661134
 6.455298
 6.306444
 6.320590
 6.090753
 5.774554
 7.375252
 6.944666
 7.220492
 7.282148
 7.010771
 6.771296
 7.217369
 5.859331
 6.326215
 6.315247
 6.041664
 8.885272
 8.837385
 8.935837
 8.503911
 6.882677
 6.769842
 6.928139
 7.453348
 6.919945
 6.765777
 6.715772
 6.157317
 5.690900
 5.535707
 7.538607
 7.655479
 6.985587
 7.559980
 7.819221
 7.373937
 7.628963
 7.781589
 7.677809
 7.739717
 7.052040
 7.540604
 7.097753
 7.297280
 7.356837
 7.660145
 7.425780
 7.209055
 7.847624
 7.011527
 7.701573
 7.451190
 7.704380
 6.572153
 6.492282
 6.376513
 6.899690
 6.937971
 7.123515
 6.767232
 6.782486
 8.344723
 8.539240
 8.188607
 8.132685
 8.787090
 7.616156
 7.019214
 6.581373
 7.411849
 7.045609
 6.537223
 6.827719
 8.509112
 7.892630
 8.401497
 8.983098
 8.584356
 8.249449
 8.167633
 8.463180
 7.703067
 8.191335
 7.133090
 7.645590
 8.377579
 7.886350
 7.162331
 7.715272
 7.891980
 7.079142
 6.964423
 7.211301
 7.063325
 6.206467
 6.496585
 6.419137
 6.068991
 5.421593
 5.654814
 5.454780
 4.972810
 5.570450
 5.786115
 4.716977
 7.379409
 7.663528
 7.257302
 6.849104
 7.511860
 6.868702
 7.510929
 6.834687
 7.322068
 7.383290
 6.949190
 6.977458
 7.220389
 7.101978
 6.765137
 6.864129
 7.123311
 6.838247
 6.837313
 7.566246
 7.353516
 7.654254
 7.517749
 7.277724
 7.531044
 7.766011
 7.169133
 7.856795
 7.651950
 7.120548
 5.455915
 5.375515
 4.894523
 5.305769
 5.635991
 5.880128
 6.168213
 6.071966
 5.999765
 5.668403
 6.077457
 6.022769
 6.453505
 5.811662
 5.946812
 5.057128
 5.277907
 5.568753
 5.396528
 5.152707
 5.336463
 7.240979
 6.919669
 6.545870
 8.606289
 8.618634
 8.630605
 7.142718
 7.389978
 7.264942
 7.039900
 7.470931
 8.173605
 7.796959
 7.965218
 8.450574
 8.364980
 8.212684
 8.197137
 8.068998
 7.842096
 7.627445
 9.921455
10.005386
10.991009
10.065980
10.254316
10.597331
10.376741
10.154549
10.356036
11.266537
11.119460
10.735255
11.884720
12.338147
 5.147378
 5.032642
 4.903787
 6.623082
 6.436463
 6.088024
 6.450811
 6.256905
 6.272609
 5.835361
 5.949822
 6.328934
 5.739077
 6.017580
 6.326707
 6.070933
 5.829681
 5.844251
 6.368258
 8.402471
 7.796221
 8.154744
 7.669109
 7.311891
 8.399717
 8.139145
 8.033296
 7.575159
 7.115738
 7.826299
 7.841573
 7.570747
 6.421196
 6.297130
 6.839453
 6.346262
 6.545108
 7.009927
 6.565420
 7.267255
 7.153148
 7.587716
 7.512988
 7.468533
 6.842865
 7.147724
 7.711526
 6.969920
 7.514609
 7.270824
 5.651551
 5.477827
 5.909800
 5.769970
 5.508555
 5.509933
 6.175307
 5.769988
 6.278589
 6.915815
 6.651256
 7.032178
 6.857364
 7.678373
 7.217161
 7.887919
 9.626894
 9.330456
 9.511765
 9.628658
 9.415869
 8.834972
 9.686315
 8.537388
 8.098759
 8.146702
 9.040796
 8.398203
 8.292944
 9.469228
 8.900506
 8.713752
 8.402064
 7.953141
 9.284836
 8.401277
 8.568753
 8.042114
 9.272090
 8.293173
 8.160427
 8.876260
 8.691593
 8.246683
 8.205649
 8.516782
 8.348154
 8.556934
 8.579370
 8.427392
 8.305204
 7.629221
 8.318257
 8.137102
 8.375175
 8.466330
10.337207
 9.547450
10.359367
 9.137437
 9.145188
 8.840877
 8.489418
 8.636385
 6.151783
 6.039400
 5.465723
 5.510659
 5.251185
 5.607321
 5.254074
 5.344076
 5.538428
 4.879340
 5.694862
 5.740807
 4.647135
 4.807848
 4.541542
 4.915583
 4.841523
 6.830819
 6.299374
 6.587471
 6.992519
 7.305479
 7.072991
 6.722334
 7.444079
 6.896784
 7.351705
 7.235788
 6.821759
 7.250778
 5.561833
 5.762918
 6.016508
 6.034625
 5.806950
 6.060763
 6.033920
 5.989895
 6.208114
 5.813337
 5.489841
 5.642731
 5.255935
 5.738278
 5.912583
 5.695145
 4.818634
 5.970347
 5.992302
 6.088491
 5.750362
 5.798970
 5.708425
 5.448310
 5.408496
 5.306335
 5.447902
 5.194930
 5.317198
 5.704240
 5.871791
 6.254790
 5.992637
 6.240346
 6.381140
 7.030763
 7.019492
 8.287136
 8.612683
 9.092702
 8.750531
 8.427515
 8.632715
 6.526615
 6.601119
 6.423774
 6.736673
 8.127068
 8.044608
 7.751397
 8.090948
 7.720641
 7.958023
 5.783371
 5.845152
 5.646917
 6.334918
 3.820113
 3.858586
 3.782512
 3.582852
 3.504028
 3.450467
 3.831014
 4.238302
 3.960310
 4.097210
 4.068930
 4.272853
 4.122457
 4.476980
 4.338487
 3.552763
 3.620211
 4.027538
 4.005928
 3.908065
 3.900107
 4.186479
 9.364435
 8.571032
 9.242268
 8.886063
 9.554060
 7.874255
 8.491001
 8.481676
 8.725134
 8.001309
 8.171307
 8.696867
 7.991115
 8.850461
 9.081763
 8.117547
 8.518374
 8.395187
 7.551498
 8.138208
 8.029453
 8.308818
 7.459146
 7.284332
 7.197914
 7.830356
 7.251404
 8.033347
 7.239163
 9.032974
 9.866603
 8.776971
 8.362230
 9.029321
 9.063232
 9.466966
 9.778139
 9.745832
 9.974351
 9.250010
 9.861466
 8.152107
 7.883535
 8.019183
 7.862188
 8.305965
 8.415909
 8.007260
 8.666347
 9.574629
 9.572285
 9.767472
 9.533706
 9.170286
 8.826947
 9.231063
 7.737714
 8.202674
 9.073719
 9.001427
 9.241601
 7.035124
 7.072998
 6.828338
 6.728919
 6.636005
 6.667792
 6.613256
 6.572835
 6.761064
 6.582713
 6.489179
 9.039044
 8.154551
 7.964667
 8.816151
 8.571825
 8.046923
 7.393735
 8.132039
 7.575630
 7.610173
 7.376667
 7.013213
 7.864060
 7.667875
 7.217253
 7.022085
 8.260739
 7.231236
 7.544875
 7.662371
10.474128
10.674473
10.695212
10.945333
11.097008
11.186773
10.798167
 9.560801
 9.466018
 9.275078
 9.344577
 9.175873
 9.014143
 9.418182
10.524947
11.059205
10.429930
11.414210
10.593140
11.628730
10.786775
 9.435876
 9.784102
 9.602164
 9.935261
 9.220741
 9.758889
 9.287326
10.658558
10.614259
11.012419
10.392035
 7.022361
 7.862707
 7.687802
 7.318931
 7.926321
 7.944054
 8.786421
 7.757045
 8.105141
 7.815238
 7.618336
 7.129621
 7.535130
 7.358912
 9.553045
 9.293831
 9.628065
 9.734397
11.602139
10.567186
10.469859
11.004043
11.217493
10.147340
 9.146309
10.389176
 9.958163
10.015036
 9.657331
10.418905
 9.532765
 9.535296
 9.574782
 9.103733
 9.800070
10.077101
 9.186548
 9.574942
10.283787
10.021121
 9.984196
 9.987054
10.554726
11.652370
11.526231
12.373908
 8.423089
 8.178496
 6.486443
 6.936797
 6.936244
 6.891236
 6.961471
 7.075997
 6.688907
 7.496419
 7.761514
 7.859175
 7.600865
 7.848536
 7.320189
 7.846708
 7.561633
 7.505910
 5.178535
 4.937699
 5.110074
 5.194948
 5.039240
 4.645008
 4.862176
 6.450088
 6.070472
 5.998409
 7.213091
 6.922369
 6.881844
 6.161230
 9.031545
 8.976932
 7.930993
 8.172371
 8.574598
 8.603238
 7.943453
 8.762229
 8.697253
 9.042804
 8.277336
 8.549907
 8.858215
 8.815689
 8.774858
 8.138410
 7.923624
 8.458422
 8.135704
 6.988751
 7.580029
 7.744493
 8.869943
 7.170049
 8.047309
 7.693778
 7.651082
 7.612244
11.271897
 9.853889
 8.083878
 7.805941
 8.969180
 8.675953
 9.198485
 7.796616
 7.858195
 7.479264
 7.921062
 8.846664
 7.794633
 8.439948
 8.047097
 7.699685
 8.093708
 8.085156
 7.946424
 7.324305
 7.222806
 7.084022
 6.971523
 7.405114
 7.069930
 7.316073
 6.974680
 6.911083
 6.691818
 6.142646
 7.052914
 7.537321
 6.857067
 7.438001
 7.951345
 7.919040
 7.683173
 7.613710
 7.235405
 8.058641
 8.513980
 8.711583
 8.646782
 8.009183
 9.273093
 9.304056
 8.902224
 7.451810
 7.361050
 5.559827
 5.305322
 8.395584
 9.500776
 8.892679
 9.350188
 8.848477
 9.027278
10.538558
10.109041
 9.454785
 8.979714
 8.933701
10.081394
10.349380
 9.286242
 8.796284
 8.943430
 8.383182
 8.556240
 8.893520
 8.053092
 8.935623
12.517023
11.728678
11.391235
13.154692
14.589137
14.580740
13.907078
13.297254
14.696174
13.769875
13.898737
12.553874
13.494060
13.266532
12.641529
12.904365
12.496859
12.645380
12.985425
13.275063
12.831077
13.315578
13.544901
11.752452
12.714888
13.403042
11.951887
12.074456
11.909941
10.850099
11.126631
10.983678
10.411181
 9.793682
10.099301
10.175789
10.711911
 9.990279
10.611513
10.515167
10.973424
11.620233
10.211578
11.123022
10.676970
10.507242
 9.983614
11.417783
11.131702
10.965373
11.178791
11.056453
11.017777
11.378938
11.217875
11.496333
11.587822
10.436966
 9.281255
 9.202498
 9.272196
 7.199326
 7.670932
 8.604144
 8.371155
 8.246651
 8.480770
 9.465894
 9.128060
 8.603673
10.323455
10.483970
11.387122
 9.684178
 9.376655
 9.395782
 8.982676
 9.304077
 9.700328
 9.424011
 9.476668
 9.594719
 9.717799
11.301681
12.244420
11.825569
12.014056
12.831234
13.228075
13.562864
11.818015
10.478619
13.539986
12.980351
11.789093
12.278821
12.273029
12.372230
11.279520
13.548585
13.372829
12.892255
12.951276
12.910441
12.731321
12.570351
 9.944272
10.634187
11.232516
11.436463
10.648017
12.264921
11.704154
11.078849
11.597594
11.035057
11.301586
10.551407
11.239065
11.404285
12.315151
13.545887
12.844977
13.373192
12.805884
12.441705
12.555950
11.850615
12.578062
15.297146
15.500481
15.322099
14.992502
13.920237
14.848233
13.858051
14.295140
14.096935
13.263312
 9.144543
 9.949599
 9.960701
10.129248
 9.709476
 9.751740
 9.383699
 9.423980
 9.548071
 9.743266
10.957092
11.501253
11.565207
10.939183
11.804992
10.952532
11.782860
11.904065
11.953408
12.606808
 9.384821
10.233908
10.057178
11.285123
10.836187
11.970815
11.053786
11.528735
12.678929
11.571247
11.240988
11.828631
11.014592
11.963412
13.857120
13.246828
12.558153
13.148368
12.598197
13.263995
 9.725993
 9.121259
 9.323848
 9.517151
10.730551
10.924192
10.528337
10.740222
10.722681
10.354623
10.364585
10.419460
10.243453
10.522886
10.194856
11.072268
10.831789
 9.670213
 9.642321
 8.529513
 8.719662
 9.354495
 8.033626
 8.684005
 8.441705
 8.822860
 7.966128
 7.219053
 8.047157
 7.588912
 7.768078
 7.561225
 6.623575
 6.256166
10.819570
11.861408
11.448969
11.244829
11.581438
10.868414
10.381392
11.122880
10.454964
11.017873
10.826170
11.745065
11.627537
12.551454
 8.505113
 8.506280
 8.422369
 8.980809
 9.478881
 8.635638
 9.089773
 8.423797
 8.649803
 7.152287
 7.245463
 8.777618
 8.412875
 8.210533
 7.901175
 9.249458
 8.534597
 8.431816
 8.745029
 8.426520
 8.192662
 8.336860
 8.852149
 8.655994
 8.789676
 5.728957
 6.331766
 7.376437
 7.053371
 6.908077
 7.442088
 7.255122
 7.016633
 7.015388
 7.198726
 7.413398
 7.631507
 7.798114
 7.421657
 7.273048
 7.448311
 8.078631
 7.947897
 7.914278
 7.938422
 8.501880
 8.740111
 8.512124
 8.131003
 8.927650
 8.737012
 8.982709
 8.419488
 8.163565
 7.969616
 8.344312
 8.639378
 9.478096
 7.936867
 7.896973
 8.199790
 8.162452
 7.513203
 8.277932
 8.050749
 7.871244
 8.223093
 8.525809
 9.025778
 8.610561
 8.988624
 8.864760
 8.480448
 9.376555
 7.695194
 7.592835
 9.378957
 8.600946
 9.495044
 8.818862
 8.743176
 8.313111
 8.346879
 8.072156
 8.810947
 8.565317
 7.765981
 8.657799
 8.680908
 8.408529
 8.157859
 8.742599
 9.432068
 8.872056
 8.736004
 9.169686
 8.828103
 8.446351
 8.459456
 8.137166
 7.944779
 8.490342
 8.049731
 8.739784
 7.579033
 7.350007
 7.670387
 6.914851
 7.169530
10.933380
12.831249
11.750437
11.360592
11.016550
10.918481
11.578882
10.851477
11.441677
12.002137
11.062540
11.448913
11.416822
 9.475623
 8.986668
 9.373916
 8.107757
 8.831977
 9.497354
10.096102
 8.655982
10.221417
 9.489491
 9.784529
11.187056
 9.930346
 9.538786
10.086833
10.538653
 9.609029
 9.479880
10.701307
10.558493
10.880357
10.481704
10.141458
 9.155006
 9.642931
 9.450148
 9.787032
 9.105873
 7.660974
 7.774186
 7.186477
 7.798577
 7.996467
 7.536939
 8.169138
 7.337366
 7.426535
 6.993052
 6.546539
 7.338642
 7.980367
 7.220456
 7.105050
 6.526805
 6.675257
 6.807625
 6.478595
 6.843905
 6.568784
 6.532421
 6.600484
 6.210746
 6.750757
 6.232291
 6.142647
 6.830585
 7.435978
 6.564486
 6.758631
 6.933854
 6.374953
 7.801328
 7.169465
 7.005134
 7.252644
 7.723993
 7.663792
 7.240987
 7.669977
 7.750599
 7.232393
 7.287735
 8.335577
 7.797425
 9.798526
10.260206
10.248298
 9.549351
 9.437070
 9.301841
 8.489299
 8.450601
 7.930612
 7.767093
 6.879728
 7.103502
 7.343667
 7.354739
 8.579301
 8.869854
 8.947806
 8.429004
 7.951644
 8.732472
 8.412713
 8.988263
 6.732596
 6.553671
 7.016231
 7.182174
 7.428637
 7.158184
 7.105132
 7.097693
 6.354380
 5.966002
 5.913606
 7.586447
 7.158452
 6.707939
 6.153888
 6.489063
 5.993812
 7.461918
 7.282082
 7.153483
 6.768437
 8.246415
 8.285452
 7.739778
 7.814275
 7.555557
 7.245373
 7.755818
 8.380668
 7.947216
 7.615119
 8.026420
 8.068382
 8.114480
 9.672166
 9.688124
 8.973549
 8.533649
 7.506775
 7.914400
 7.981692
 6.938023
 7.129542
 6.795387
 7.106846
 5.470914
 5.199728
 4.759522
 7.222444
 7.259151
 6.606022
 6.099226
 6.568795
 6.626128
 6.754150
 6.330847
 6.499829
 5.748180
 6.019327
 6.108568
 5.571109
 6.416121
 6.116682
 6.509772
 5.841342
 6.136922
 5.742042
 7.468344
 6.737278
 7.211627
 6.839567
 6.147993
 5.652682
 5.975273
 6.246635
 6.432561
 6.727089
 7.124477
 6.618175
 6.314041
 6.495940
 6.895111
 7.172459
 6.505902
 6.741724
 6.578138
 7.414117
 6.993520
 7.177318
 6.373136
 6.747868
 6.568325
 6.747172
 6.771791
 6.889113
 7.096817
 6.261132
 6.444131
 6.723297
 6.918523
 5.934964
 5.699089
 6.049985
 6.023444
 5.695828
 5.784525
 5.653087
 5.767070
 6.947522
 6.451479
 6.474932
 6.155886
 6.376553
 6.102927
 6.165983
 5.857168
 5.718300
 6.171212
 5.853397
 5.910710
 5.423600
 5.427035
 5.839553
 9.037989
 9.336851
 9.181040
 8.473403
 8.836939
 8.402493
 8.585098
 8.917582
 8.871486
 9.028667
 9.461520
 5.574362
 5.842663
 5.534997
 5.535451
 5.729894
 5.823002
 6.171640
 6.456167
 6.210047
 6.238123
 6.253485
 6.054247
 6.516022
 5.922619
 6.125858
 7.410571
 7.042913
 7.504196
 6.614198
 6.555723
 5.807251
 5.787522
 5.634537
 5.624932
 5.722864
 5.599752
 5.469186
 5.400865
 5.219915
 5.393438
 5.349426
 5.374729
 5.447807
 5.105020
 5.043193
 9.835500
10.604955
 9.452930
10.426434
 8.854416
 9.466076
 8.959093
 9.130135
 9.743955
 9.924565
 6.354639
 6.405118
 6.461801
 7.654352
 8.013128
 7.842251
 7.392491
 8.063170
 7.650340
 8.936908
 8.561403
 9.546923
 9.645263
 9.464697
 9.634434
 8.255223
 8.424158
 7.939371
 8.121766
 7.562911
 7.484536
 8.340735
 8.581957
 7.410768
 6.068070
 6.359042
 6.949728
 7.632936
 7.358334
 6.605862
 7.444927
 6.554762
 6.092932
 5.890447
 6.367155
 6.946614
 6.335409
 6.672667
 6.197527
 6.254673
 6.457943
 6.554826
 6.154256
 7.278096
 6.866952
 5.313142
 5.704757
 5.473385
 7.930945
 8.221661
 7.517520
 7.512849
 7.400538
 8.168033
 7.435277
 7.859415
 7.428672
 7.070619
 7.081779
 6.747768
 7.001168
 7.296077
 6.212550
 6.061075
 6.054651
 6.063308
 5.783962
 6.711139
 5.943170
 6.510475
 5.988538
 6.148700
 6.379359
 6.402369
 6.080529
 6.194266
 6.602034
 6.414755
 6.283219
 6.749323
 6.820109
 6.566783
 6.693020
 6.199170
 5.830235
 5.792335
 5.899718
 6.465200
 5.529244
 5.553888
 5.663014
 5.952289
 6.007768
 6.033436
 5.686161
 5.959596
 6.482259
 6.514641
 6.367030
 6.784870
 7.281116
 7.250581
 7.159992
 6.570641
 6.575309
 6.742128
 6.265034
 7.664817
 7.085637
 6.630376
 6.993239
 6.733376
 7.167019
 6.634344
 6.618756
 7.246296
 6.661828
 7.379603
 6.396201
 8.235871
 8.095084
 7.646196
 7.300995
 7.208026
 6.761685
 7.044288
 7.058858
 8.149308
 7.307177
 7.719695
 7.585374
 6.623469
 6.253924
 6.585784
 6.185951
 6.012501
 6.236445
 6.579792
 5.577997
 6.025078
 5.966381
 5.951437
 6.349730
 6.085390
 6.079762
 6.242076
 6.190764
 6.367609
 6.188944
 6.898954
 6.846354
 6.713041
 6.958715
 9.915399
11.056076
10.072240
10.867679
10.823792
10.129016
10.171972
11.055034
10.343556
10.618712
 9.759271
10.376542
 9.073746
 9.180897
 8.832991
 8.719757
 9.227310
 8.046228
 8.108740
 7.498856
 7.701456
 8.172332
 7.781206
 7.159542
 7.989853
 8.135564
 7.341570
 7.693791
 8.037408
 7.773855
 6.584923
 6.502944
 6.757963
 6.010654
 6.390329
 6.291582
 6.890969
 6.513954
 6.501862
 7.536995
 7.743590
 7.480435
 7.454124
 7.751507
 7.239527
 7.198534
 6.965455
 7.592817
 7.297388
 7.740865
 7.958051
 7.703492
 7.997354
 7.171445
 7.793048
 7.767152
 7.645509
 7.237794
 7.390345
 7.188585
 6.992882
 7.973752
 7.207950
 7.251399
 6.873534
 6.455616
 6.772538
 6.274887
 6.388191
 6.964679
 6.584611
 7.196515
 6.292155
 6.806697
 6.675094
 6.378612
 6.454137
 6.327232
 6.436679
 6.948885
 6.335178
 7.292050
 7.413632
 7.484158
 7.250642
 7.486318
 7.241427
 5.420997
10.106468
10.244827
 9.984213
10.301192
10.213274
10.507469
10.544903
10.605257
10.265485
10.498030
10.504089
 9.167757
 9.075518
 9.351902
 8.825617
 9.431822
 9.115308
 7.929024
 8.204459
 7.901183
 8.420023
 8.332989
 8.275666
 9.638330
 9.111402
 8.416451
 9.372787
 7.994093
 8.024899
 7.966468
10.890513
 9.485078
10.531286
 9.574555
10.642763
10.306973
10.860211
10.810076
 7.575260
 7.476760
 7.151589
 7.726018
 7.043371
 7.425453
 7.664277
 8.223252
 8.158729
 8.362274
 8.435865
11.682324
10.557926
10.392183
11.014288
10.975780
11.225465
10.749694
 7.946509
 7.394471
 8.019943
 7.291803
 7.957315
 7.287828
 9.094128
 9.389140
 8.882332
 8.755373
 8.813381
 8.678631
 8.675188
 8.868949
 8.925430
 8.459894
 8.479679
 8.320367
 8.473237
 8.226568
 7.943915
 8.203720
 8.254047
 9.314450
 8.864759
 8.953780
 8.833378
 8.491870
 9.212099
 8.857487
 9.147369
 9.336788
 9.590622
 9.511495
 9.689672
 9.562590
 9.610696
10.083273
 9.562620
10.431560
10.361822
 9.814650
10.016535
 9.508251
10.090586
10.399881
 9.791604
 8.198264
 8.675291
 8.868143
 9.380181
 8.779586
 8.711289
 9.536867
 8.688691
 9.220555
10.223805
 9.258365
 8.773396
 9.777157
 9.400126
 9.152972
 9.228103
 8.616519
 8.083346
 7.968230
 8.562165
 8.363019
 8.345234
 7.835983
 6.520443
 6.536590
 8.387950
 8.593410
 8.134654
 9.678516
10.705612
10.024220
 9.768046
10.022691
 9.774485
 9.864817
 9.783682
 9.503964
10.401705
10.294325
 9.690334
 9.378110
 9.933312
 9.278412
 9.086675
 5.789757
 5.952163
 5.359411
 7.878030
 7.140439
 7.520698
 7.245216
 7.836476
 6.989346
 7.115932
 7.345438
 6.627535
 7.073186
 6.930766
 7.680834
 7.795706
 7.962618
 7.978845
 7.078503
 7.393239
 6.926843
 7.078164
 7.494875
 7.284083
 6.863170
 6.732729
 6.434841
 6.692843
 6.508639
 6.671220
 6.495513
 6.883252
 7.465852
 7.753748
 7.597692
 7.611743
 7.808096
10.268468
10.169459
 9.926976
 9.603386
10.417235
 8.580048
 9.101173
 8.124587
 8.811017
 8.187728
 8.154359
 7.786161
 8.564615
 8.601086
 8.436831
 8.436737
 8.397351
 6.492370
 6.622485
 6.594978
 6.288147
 6.399552
 6.506058
 6.627562
 5.949166
 6.466069
 6.315080
 6.449029
 6.129513
 6.538080
 5.956243
 6.616691
 6.359296
 6.757080
 6.721797
 5.361196
 5.838434
 5.763678
 5.672897
 5.774240
 5.517244
 5.633575
 5.648229
 5.682717
 5.785724
 7.980496
 7.716611
 8.142179
 7.193488
 7.751667
 7.925983
 7.860032
 6.901785
 7.558894
 8.358659
 8.051457
 8.122324
 7.935491
 7.673676
 7.227145
 7.530212
 7.456390
 7.332317
 7.888874
 7.970884
 7.206615
 8.260497
 8.132485
 8.314779
 8.374746
 8.201858
 7.685722
 7.448706
 7.541665
 8.100767
 6.105361
 6.355151
 6.406880
 6.639577
 6.687445
 6.945774
 6.442227
 6.450061
 5.967984
 6.251035
 5.922201
 6.175048
 7.223551
 6.689161
 7.401929
 7.259690
 6.942696
 6.938562
 6.759995
 6.592736
 6.351101
 7.261531
 6.147109
 6.781822
 6.716779
 6.842113
 6.536180
 6.140245
 6.855978
 7.297639
 7.240953
 6.704393
 6.546183
 6.711896
 6.760233
 6.814911
 6.637331
 7.032588
 7.173936
 6.295229
 6.825365
 7.425927
 6.988188
 7.209507
 6.673625
 7.015087
 6.780624
 7.328719
 7.143391
 5.696899
 6.106838
 5.346920
 5.956350
 5.568104
 5.638656
 6.027673
 6.372441
 6.135939
 6.278480
 5.551340
 6.538342
 6.848354
 6.452163
 6.646882
 6.582173
 6.492664
 6.285836
 5.313186
 5.299516
 5.626652
 5.358530
 5.407039
 4.953015
 5.644853
 5.093943
 6.006032
 6.390315
 6.295504
 6.168127
 6.356724
 6.196752
 6.307247
 6.089004
 5.956197
 5.913426
 6.199008
 6.228599
 6.276192
 7.998970
 7.220995
 8.054345
 8.605956
 8.529986
 8.501877
 8.637720
 8.136778
 8.437505
 7.859321
 7.185266
 6.554007
 7.026321
 6.775439
 6.935348
 7.187367
 6.614505
 6.501871
 6.970314
 6.348189
 6.105356
 6.823674
 6.835911
 5.871333
 6.228909
 6.576673
 7.252324
 6.944742
 6.620134
 6.045670
 6.935363
 6.516270
 6.303375
 6.342249
 7.085436
 6.772165
 7.167205
 7.043531
 6.951981
 8.718971
 8.383816
 9.255639
 8.693838
 8.863088
 8.858196
 8.216657
 8.400019
 8.190998
 8.422289
 7.138045
 7.067484
 7.017563
 7.429926
 6.998957
 7.415889
 7.317918
 7.337377
 7.234685
 7.363026
 7.223033
 7.550143
 7.254360
 6.994812
 7.023764
 5.918742
 5.716903
 8.000514
 8.154791
 8.642330
 8.085241
 7.369645
 7.991366
 8.375688
 8.270598
 7.818008
 8.016047
 7.774742
 7.240451
 7.710351
 8.585257
 9.001539
 9.375724
 8.407665
 9.268961
 8.280606
 9.049287
 8.329891
 8.719980
 8.409721
 7.876318
 8.549597
 8.868297
 8.478958
 8.548619
 8.917483
 8.522745
10.534236
 9.982448
10.544616
10.371361
10.345629
11.400445
10.974734
11.958058
10.539925
 9.798618
10.335932
 9.522565
 9.967074
 7.204340
 6.850635
 6.669450
 6.423968
 7.399962
 7.313714
 7.167156
 7.325944
 6.872846
 8.528968
 8.068532
 8.871301
 8.387658
 8.546335
 9.269711
 9.396926
 9.521253
 7.790710
 8.403827
 8.466735
 7.872923
 8.139022
 7.706564
 8.453395
 7.640339
 7.334030
 7.539345
 6.971900
 7.253828
 7.088724
 7.270686
 7.466857
 8.220666
 6.567815
 9.513171
 9.663843
 9.345685
 9.158575
 9.463434
 8.753186
 8.399938
 9.113957
11.138454
10.295444
10.747559
11.311962
10.439908
11.159371
11.121700
10.859783
10.289625
11.485398
 9.293961
10.127019
 9.975474
10.165957
10.501656
 7.137302
 7.811932
 7.747536
 7.567589
 8.671048
 8.381634
 8.623575
 8.873387
 8.024126
 7.921849
 8.469363
 8.628849
 8.752362
 9.064130
 9.159749
 7.740095
 8.008869
 8.093440
 8.417841
 7.609098
10.035555
 9.748719
 9.582075
 7.833503
 7.661632
 7.601066
 7.683330
 7.787974
 8.458253
 6.842585
 6.961522
 6.797930
 6.628013
 5.808211
 6.346497
 6.169965
 6.725420
 6.156499
 6.528159
 6.145157
 6.151943
 6.132982
 6.138749
 5.388924
 5.593123
 5.979177
 6.262854
 6.022401
 6.151506
 6.102343
 5.529645
 6.512474
 6.701490
 6.702355
 5.456704
 5.201670
 5.682350
 5.365681
 5.309780
 5.680929
 5.296861
 4.769003
 5.040825
 9.559172
 7.488249
 7.674839
 7.059319
 7.707680
 7.841782
 7.560002
 7.746503
 7.955677
 8.036954
 8.359667
 8.174123
 7.617421
 8.627900
 9.239149
 9.415808
10.086757
 9.562792
 7.833483
 8.037049
 8.235909
 7.884774
 8.650603
 7.956108
 8.720605
 7.633187
 7.594839
 7.631684
 8.553650
 7.752647
 8.800025
 8.110982
 7.529456
 8.376343
 7.892312
 7.032160
 6.844996
 7.245279
 6.752605
 6.761298
 6.104734
 6.821713
 6.943374
 6.183814
 6.704043
 6.402667
 6.002430
 6.798631
 6.540730
 6.273596
 6.502348
 5.819526
 6.627544
 6.392138
 6.894465
 6.370605
 6.435439
 7.153201
 6.949332
 6.953113
 7.098389
 7.028538
 6.971874
 6.864140
 6.484843
 6.782613
 6.241247
 6.603620
 6.686024
 9.180017
 8.864823
 8.976898
 9.009715
 8.678088
 9.322606
 8.928108
 8.377041
10.079855
10.107437
 9.691115
10.044748
 9.547301
 9.319133
 9.613665
10.153078
10.327814
 9.801170
10.004368
10.347505
10.527197
10.373717
10.107137
 7.773214
 7.644985
 8.012382
 8.040432
 7.541375
 7.884499
 7.632318
 7.814063
 7.864487
 7.585505
 6.946829
 6.804284
 6.885612
 6.749690
 6.973403
 6.914806
 7.135245
 7.541047
 6.758535
 6.891991
 7.563225
 8.851602
 8.584193
 8.680314
 8.700525
 8.302884
 8.706131
 7.132049
 7.296038
 7.632517
 7.189144
 7.101348
 6.780860
 6.876787
 8.312142
 7.975656
 7.818013
 8.011257
 5.805154
 5.884757
 7.252255
 7.690844
 7.472310
 7.418746
 7.215815
 7.870675
 7.751230
 7.873042
 7.180231
 7.525510
 6.883686
 7.218708
 8.663812
 8.256264
 7.536171
 8.092933
 7.410974
 7.202029
 7.768248
 7.656522
 7.103233
 7.419722
 7.215567
 7.286575
 8.025956
 7.963347
 7.060266
 7.026993
 6.581523
 6.809408
 5.603263
 5.666120
 5.215600
 5.220737
 4.889442
 5.266228
 6.251010
 6.886438
 6.695616
 6.329756
 6.600601
 6.531750
 7.030974
 6.555512
 6.415650
 6.530638
 7.511990
 7.615381
 6.211568
 6.285702
 6.984698
 6.643121
 6.229572
 6.314010
 6.893249
 6.186819
 7.126168
 6.642416
 6.352393
 7.252158
 7.127874
 6.935696
 7.159586
 6.784313
 6.939983
 6.888128
 7.365192
 7.141130
 7.019737
 7.312930
 7.347860
 6.805874
 6.553799
 6.684571
 6.362543
 6.801463
 6.818545
 6.424101
 6.487606
 6.568885
 6.663687
 6.363380
 6.665312
 6.316102
 6.292944
 6.035048
 6.564724
 6.203376
 6.668160
 8.098495
 8.230366
 7.534221
 8.158328
 8.438571
 7.946743
 7.891625
 8.175359
 7.850799
 8.436728
 7.494608
 7.505506
 8.408501
 8.064164
 8.474809
 7.605987
 6.714547
 6.725447
 6.613779
 6.676528
 6.385471
 6.582828
 6.765643
 6.668632
 6.891179
 7.083409
 6.676049
 6.677192
 6.304237
 6.685141
 7.093517
 6.814785
 6.886506
 6.835590
 7.339389
 7.280746
 7.680446
 6.491025
 7.273975
 7.282159
 5.628813
 5.730563
 6.005903
 5.898081
 6.447766
 5.839838
 6.128930
 6.058698
 6.562588
 6.531663
 7.126869
 7.760757
 7.675647
 7.217253
 7.689673
 7.390291
 7.598076
 7.271980
 7.006547
 7.522399
 7.012472
 6.618550
 6.907647
 7.256542
 6.536697
 6.842476
 6.897110
 6.697508
 6.974544
 6.881673
 6.948126
 6.656820
 6.108003
 6.247579
 6.540687
 6.357864
 6.533236
 6.502942
 6.130406
 6.447470
 6.199152
 6.449828
 5.751817
 6.517534
 6.708844
 6.632345
 6.930612
 6.594979
 6.708872
 6.511060
 5.893352
 6.918061
 7.123381
 7.307706
 7.076271
 6.789236
 6.309327
 6.473200
 6.548024
 6.755837
 6.561660
 6.822174
12.055801
12.000242
11.307355
12.324116
11.875654
12.286842
12.360853
12.340202
12.315236
11.249828
11.493851
10.470961
 9.973801
10.043094
10.822810
10.678491
11.210763
10.806098
10.755874
 7.892769
 8.255864
 8.871512
 8.010023
 7.865882
 8.480231
 8.503649
 9.006479
 8.734567
 9.515146
 8.927201
 9.015147
 9.826429
 9.202982
 9.038627
 9.292350
 9.232583
 9.145108
 8.254899
 7.845609
 9.482328
 9.344023
 9.773946
 8.974610
 9.481800
 9.771773
 9.067256
 9.074986
 8.668532
 8.758827
 6.709747
 6.619028
 6.562828
 6.905178
 6.968094
 7.119921
 6.558533
 6.827807
 6.638228
 6.167907
 6.229045
 8.119122
 8.172466
 8.200860
 7.769053
 8.239983
 8.436865
 7.054659
 7.647151
 7.450216
 7.327389
 7.312745
 7.518252
 7.361678
 7.393330
 7.146600
 7.293179
 7.280438
 7.710386
 7.795661
 7.691493
 7.620713
 8.452680
 7.576874
 8.922061
 9.113071
 9.508698
 9.019233
 8.857102
 8.902251
10.231298
 9.021965
 8.757331
 8.675147
 9.285356
 9.294172
 8.976868
 8.740294
 9.166785
 9.396323
 9.236723
 9.160547
 9.083388
 8.539880
 8.471325
 8.886875
 8.451372
 9.117131
 9.224883
 8.993118
 9.215601
 9.151917
11.188939
10.915764
10.352681
10.492511
10.442003
10.965595
10.521057
 9.792767
 9.360459
 8.561257
 8.774923
10.367335
10.394699
10.360672
10.633609
10.295181
10.256877
10.788065
10.201859
10.249786
10.382012
 9.846946
10.945239
10.319039
10.206821
10.626549
10.457527
10.175147
10.641027
10.226028
 9.963382
10.286889
 9.563501
10.467660
11.087913
11.376448
11.152647
11.505265
11.429523
11.750840
12.244479
11.721431
11.043835
12.607610
12.061149
12.601625
12.447703
11.320835
10.319124
10.566513
11.337794
11.439687
11.074004
10.582479
10.807934
11.179565
11.296371
11.331109
12.531706
11.710812
11.895035
12.406652
11.625860
12.173784
12.222113
11.377651
11.317046
12.613961
11.759647
12.337564
11.146503
11.814527
12.003433
11.887275
12.134178
11.612667
11.466016
10.908487
11.291168
10.171194
11.561668
11.098777
10.777304
11.101308
10.726156
11.635145
10.409970
10.906631
10.977558
11.168766
10.039898
10.305384
11.198116
10.642501
11.146619
11.732654
10.309440
10.788019
10.985986
11.071498
 9.676763
10.787515
11.032559
11.065530
11.140810
10.915683
10.307973
11.036242
10.051604
11.349519
11.857155
11.167286
11.174633
12.394516
 9.298601
10.496447
 9.579350
10.113254
 9.472617
 9.115882
 9.162862
11.587765
 9.901256
10.447890
 9.977495
10.035635
10.022868
10.521643
 9.890529
 9.820077
 7.820971
 7.975127
 8.000871
 7.041690
 6.787696
 6.803755
 8.288032
 8.027856
 6.186784
 6.654891
 5.868711
 5.954487
 6.680266
 5.852685
 9.369823
 9.615926
 9.025293
 9.429296
 9.365878
 9.455560
 9.587970
 9.070623
 7.799509
 8.633335
 8.295904
 8.588903
 8.718665
 9.639915
 8.684700
 9.076046
 9.300162
 8.681796
 8.689803
 8.812205
 7.952777
 9.170046
 8.611829
 9.451557
 9.094812
 8.813245
 9.374600
 9.215805
10.046552
 9.170880
 9.197112
11.282262
11.714499
10.962763
11.738743
12.627762
10.794145
11.567633
11.165956
 8.351418
 8.770383
 9.530374
 8.430682
 9.491700
10.046221
 8.677327
 9.942345
 9.815377
10.245091
 9.451441
 9.789168
10.766080
10.250590
 9.820945
 9.384172
 9.077449
 9.569254
 9.801533
 9.190092
 9.030884
 9.242190
 8.343206
 8.000801
 7.807456
 8.273313
 8.267545
 8.290352
 7.929406
 8.831103
 8.550210
 8.355468
 8.700711
 9.272099
 9.370933
 8.330114
12.696691
13.109234
13.503450
12.258365
11.431916
12.127377
10.909869
13.199568
13.484678
13.557546
13.277076
14.733127
12.924779
14.149322
13.257844
14.793903
 8.763627
 8.767594
 8.570693
 8.005662
 8.642226
 8.230768
 8.933582
 8.144555
 8.889297
 9.070251
 8.488893
 8.470210
 8.677086
 8.518303
 8.203677
 8.705736
 8.937351
 7.720451
 8.455125
 7.905041
 8.858149
 7.897974
 8.654832
 8.532641
 8.739177
 8.194983
 8.277752
 8.645803
 7.978254
 7.666109
 7.674010
 7.865790
 9.250074
 8.940449
 9.476905
10.132328
10.057226
10.179465
 9.669743
 8.835472
 8.810043
 9.350937
 8.797659
 8.809845
 9.876104
 9.821348
 8.926716
 8.384186
 8.561187
 8.039425
 7.873322
 8.336352
 7.974758
 8.174568
 8.181584
 7.731814
 8.478093
 9.264495
 8.856934
 9.940831
 9.279011
 9.301130
 9.468201
 9.058747
 8.901793
 8.959494
 8.723045
 8.634888
 9.433826
 8.981896
 8.663694
 9.170939
 8.374161
 8.153205
 9.058922
 9.598144
 8.575424
 9.062190
 8.904313
 8.659761
 9.810123
 9.152159
 9.392451
 9.748540
 9.815249
 8.210308
 7.578043
 8.118992
 8.959976
 7.639924
 7.469528
 7.299651
10.753447
11.356753
10.603777
 9.115083
10.361310
10.301859
 9.961769
 9.665941
10.929614
10.282783
10.145395
11.020322
 9.747422
 9.664825
 7.649465
 8.045483
 9.000928
 7.841771
 7.973019
 8.142824
 8.190689
 7.792707
 7.462503
 7.765025
 7.836168
 7.596249
 7.897571
 8.226011
 7.822367
 7.084598
 7.255395
 7.986796
 7.187548
 6.995109
 6.954320
 6.590983
 6.889353
 6.324440
 6.986588
 6.791017
 6.898383
 6.821301
 7.736259
 8.154973
 7.513499
 7.755905
 7.184228
 7.801084
 7.150892
 6.999479
 7.018639
 8.277314
 7.479884
 8.477366
 7.992672
 7.947588
 5.293659
 4.986863
 5.404101
 6.139425
 6.005929
 6.068923
 5.876745
 6.221948
 6.575472
 6.242271
 8.176550
 8.069995
 8.183435
 8.079799
 7.417652
 7.358744
 8.433071
 7.751200
 8.515436
 8.526170
 8.473534
 8.398564
 8.520099
 8.153324
 9.873629
 9.721269
 8.745726
 8.793250
 8.760002
 8.746518
 8.511043
 8.904748
 9.475496
 9.946002
 9.466770
 9.262525
10.147047
11.074264
10.855250
11.374265
10.717421
11.705591
11.397523
12.370245
12.903768
11.900311
11.883113
12.309719
12.204864
11.720758
12.590828
12.309074
13.491676
 9.350614
 8.749929
 9.773292
 9.149447
 8.926422
 9.019151
 8.615364
 8.753059
 8.749418
 8.927828
13.732626
12.900781
11.769798
10.666598
10.647345
11.729271
10.918936
10.286963
10.682960
11.336219
11.108748
10.925532
10.445822
 8.410810
 8.066284
 7.566055
 7.328567
 7.047434
 7.147060
 7.395944
 7.992910
 7.386042
 7.964014
 7.737743
 7.328832
 7.801602
 7.720419
 8.076116
 8.072746
 7.323912
 7.574445
13.602548
13.716244
13.289178
13.091657
13.554316
10.618251
10.885127
11.012843
10.810764
 8.392410
 6.986187
 6.346054
 6.603424
 7.531597
 7.742059
 8.804055
 8.333484
 7.668140
 7.903736
 7.748874
 7.864813
 7.076674
 7.016288
 6.706879
 7.267268
 6.813338
 8.512129
 8.231855
 8.637925
 8.620299
 9.233418
 9.033504
 7.865282
 7.452388
 7.848473
 8.208496
 8.035902
 7.740049
 8.016075
 7.914267
 8.310783
11.763547
11.470540
 9.468534
 9.567064
10.213589
 9.806257
 9.833702
 9.773264
10.713713
10.347444
 7.209844
 7.574340
 7.258784
 7.188859
 7.587030
 7.379083
 7.652103
 7.596478
 7.845082
 7.991857
 7.902592
 5.917107
 6.583362
 6.641633
 8.004581
 8.736815
 7.624184
 8.427902
 7.285959
 6.891169
 7.948343
 7.615423
 7.784106
 7.901890
 6.273210
 6.559500
 6.882751
 6.547191
 6.548905
10.238242
10.080503
 8.741065
 8.581463
 8.778800
 9.585084
 9.857969
 8.621992
 7.553291
 8.223808
 8.908484
 8.286079
 8.262155
 8.268361
 8.053314
 8.309023
 7.992129
 9.313612
10.069794
 9.675820
10.416781
10.519629
 9.336942
 8.956949
 9.503770
 9.452964
 8.879772
 9.151121
 8.612202
 8.878355
 8.536515
 7.012176
 7.625250
 7.198939
 7.123716
 7.373576
 6.925722
 6.712795
 7.077050
 7.727226
 7.939047
 7.551145
 7.786291
 7.127446
 7.582583
 6.714879
 7.383038
 7.834054
 7.681354
 6.962675
 7.096943
 7.650691
 7.856445
 7.776654
 7.325562
 7.201933
 7.706748
14.344164
14.566928
10.266532
11.601545
10.319135
10.554463
11.287343
11.305660
 9.865129
10.737404
 9.351429
 9.866278
10.328365
 9.786867
10.392729
 9.798887
10.389801
 9.994363
10.402541
11.189802
10.389584
11.376593
11.088354
11.410474
10.930241
10.750719
12.813393
11.103832
11.656599
11.828487
12.107978
12.798840
12.023713
12.673279
11.117876
12.110167
11.236712
11.150494
12.523542
13.822934
12.076136
13.768332
12.937082
13.337455
13.860638
13.916111
13.465763
13.272965
12.508909
12.476024
16.228033
15.935216
15.764890
15.742262
14.032712
14.229851
14.351762
14.607638
12.764335
13.075880
13.278543
13.871288
13.293694
13.072807
 5.361597
 5.439800
 5.362089
 5.505205
 6.161180
 5.721967
 5.685455
 5.763595
 6.194385
 6.025135
 5.548047
 5.652906
 5.824192
 6.059163
 6.306237
 5.715184
 5.689362
 6.479013
 5.158257
 5.626010
 5.560439
 5.741450
 5.715730
 5.769627
 7.147386
 7.022789
 6.967707
 6.609346
 7.354249
 7.620378
 6.863105
 7.227631
 6.319422
 6.877793
 6.537231
 6.670535
 6.848270
 6.728781
 6.754008
10.685502
 9.785123
10.484095
10.335317
10.062807
 9.831294
 9.567657
 9.705349
 9.590578
 9.243883
 8.482803
 8.747520
 8.554831
 8.710328
 8.301994
 8.804951
 8.742838
 8.751257
 8.692075
 9.036520
 7.724132
 7.083862
 7.410558
 7.600494
 7.942957
 7.793553
 7.418855
 8.198801
 8.447586
 7.707334
 8.048169
 8.642985
 9.026030
 9.087071
 9.415240
10.909814
10.648790
 9.532167
 9.703225
 9.153409
 6.891479
 6.938733
 6.415155
 7.927356
 8.086662
 7.629911
 7.983465
 7.736026
 7.705146
 7.142915
 7.209307
 7.783471
 8.145172
 8.333281
 7.761378
 8.621919
 7.382684
 8.243780
 8.213464
 8.014558
 8.205443
 8.251224
 7.973149
 8.262184
 8.754928
 8.771487
 7.319964
 7.432243
10.526857
 9.891000
11.981479
11.669863
11.243082
10.529240
10.823360
 8.972873
 8.780008
 8.174686
 7.819166
 7.110357
 7.433864
 7.867553
 7.756311
 7.201790
 7.781764
 7.093307
 7.690537
 8.520737
 8.137953
 8.417749
 8.162033
 7.740559
 7.250609
 7.395166
 7.071397
 7.170772
 7.667567
 8.443497
 8.668811
 8.191205
 8.071625
 8.356404
 8.920752
 9.317482
 8.877147
 8.516948
 8.673421
 8.605634
 9.108493
 9.279056
 9.597292
 9.080082
 9.879596
10.015090
 9.139305
 9.741302
 3.867113
 4.140464
 3.992261
 3.909028
 4.038572
 5.704274
 6.031679
 5.540391
 5.360883
 5.337581
 5.699434
 5.886948
 6.089844
 5.753293
 5.698536
 5.919013
 5.955004
 5.874353
 5.396347
 6.032057
 6.012838
 5.879492
 5.649813
 5.518017
 5.643205
 5.605449
 5.417146
 5.847058
 5.748211
 5.927618
 5.295357
 5.120960
 5.903882
 6.022327
 5.345385
 5.587301
 5.344745
 5.457047
 5.575617
 5.342916
 5.654218
 5.297987
 4.969519
 5.266014
 5.495720
 5.586844
 5.473332
 5.263780
 5.935722
 6.403577
 6.606495
 6.536544
 5.620051
 6.659152
 5.727322
 6.168163
 6.698482
 6.250668
 6.260297
 6.837990
 6.500802
 6.195988
 6.341652
 4.937756
 5.213405
 5.573637
 5.130078
 5.198204
 6.039374
 5.811194
 5.795373
 5.435804
 5.624574
 5.455301
 6.942982
 8.830519
 8.650179
 8.321660
 8.414034
 9.019340
 8.740088
 8.519746
 8.395192
 8.749954
10.939502
10.787225
11.894636
11.129975
11.568125
11.061855
11.608920
11.252757
10.457103
10.137790
10.130827
10.412239
10.661344
10.577317
10.023722
 8.977430
 8.660605
 4.397185
 4.342620
 4.343999
 5.741343
 5.509812
 5.433298
 5.109849
 5.147098
 6.185583
 5.893583
 6.291590
 7.061363
 6.881343
 7.162480
 7.579447
 7.604857
 7.063989
 7.446995
 7.054309
 5.954365
 7.659244
 7.350932
 7.533039
 7.318726
 6.830725
 6.868506
 6.760795
 6.601566
 7.656977
 6.954497
 6.802355
 6.813261
 7.588921
 7.012229
 6.763149
 6.506302
 6.125251
 6.530886
 6.420113
 6.438145
 6.755337
 6.775544
 6.499553
 6.818112
 7.522480
 7.168283
 7.720376
 8.159351
 8.126386
 7.656727
 7.883210
 7.031698
 7.189291
 7.000334
 7.528340
 7.787755
 7.787392
 7.842040
 7.623188
 7.979964
 8.287966
 8.305021
11.266330
11.141142
10.769495
10.291632
10.440476
10.836220
11.892119
11.926212
11.771917
11.773243
11.518796
11.287788
11.545158
12.126794
12.199563
12.913989
12.454729
11.764007
12.025001
12.739091
 7.984837
 7.789362
10.088797
 9.700460
 9.470374
 9.590544
 9.596830
 9.521232
10.060729
 9.860791
 8.485161
 7.715275
10.461049
 9.232712
10.303988
10.213133
 9.419735
 9.631426
 9.049151
 8.612828
 8.738953
 8.423496
 9.802513
 9.431643
 9.715061
10.008055
 9.766446
10.869317
 9.907854
 6.953070
 6.616807
 6.996719
 6.321393
12.236511
12.271989
12.620609
12.415421
12.258100
11.753437
12.174268
10.803765
10.948844
 9.732137
10.591644
10.888940
11.682105
11.049793
11.331468
11.298264
11.319653
11.388113
11.279747
10.881554
10.533362
10.843727
10.948583
10.179454
 9.720945
10.694299
10.302136
10.137330
 6.684465
11.856133
11.661838
11.685333
10.833925
10.892785
11.960307
11.107386
12.537800
12.010145
 8.751206
 8.897033
 9.026734
 8.864326
 9.252977
 8.303533
 9.068686
 8.818910
 9.176670
10.342656
 9.814724
 9.776066
10.448920
10.459786
10.016235
10.092990
10.612072
 7.844187
 8.497749
 8.445129
 7.239601
 7.893657
 6.681000
 6.722853
 7.087001
 6.832413
 6.715115
 6.710919
 7.109507
 7.431869
 6.923027
 7.362046
 9.215156
 9.179463
 8.894075
10.342665
10.624643
10.681304
11.207976
10.676288
10.347698
10.369216
10.179651
11.419124
 9.578397
 9.099505
 9.755486
 9.541667
 9.847642
 9.942306
 9.623024
11.162036
11.880344
10.392026
11.022130
10.610412
12.068622
10.662818
11.564056
10.713680
10.594846
 6.926266
 6.919519
 7.913679
10.992344
10.255877
11.550051
10.734332
11.338991
10.538728
10.583985
10.085283
10.113106
 9.619663
 9.456558
 8.608891
 9.355916
 9.067513
 9.049620
 8.854383
 9.145570
10.873826
10.371993
10.235326
10.419298
10.040410
10.149089
 8.203478
 7.728079
 6.782394
 7.861589
 6.996293
 7.674354
 7.208184
 7.575047
 8.204152
 8.922990
 8.344619
 8.185380
 8.123108
 7.627302
 8.356336
 7.952363
 8.457454
 8.108248
 8.650867
 8.281345
 6.782896
 6.255230
 7.006331
 6.315479
 5.525707
 5.071010
 6.901891
 7.030533
 6.950964
 6.580362
 7.139830
 7.105151
 6.833928
 6.820489
 6.314950
 6.465895
 6.590702
 6.577281
 6.699770
 7.683938
 7.259497
 7.749951
 7.154412
 7.091048
 7.611722
 7.248775
 7.731119
 7.729613
 7.921169
 7.812329
 7.521811
 6.974676
 7.170165
 7.316148
 7.041847
 7.015187
 7.221904
 6.804354
 7.568462
 6.157530
 6.390861
 6.232921
 6.194896
 6.797295
 6.905213
 6.209545
 6.378146
 6.693669
 6.308757
 6.290727
 6.317874
 6.321500
 6.321549
 6.741403
 6.776237
 6.398281
 6.694547
 7.497610
 8.074432
 8.098459
 8.843659
 8.100496
 6.711659
 6.612478
 6.777863
 6.505265
 7.364684
 7.266023
 7.396093
 7.402582
 7.424932
 7.218725
 6.782787
 5.169986
 5.365562
 5.128830
 4.597380
 4.929408
 4.414754
 4.978702
 5.037401
 5.252970
 5.135456
 5.436666
 5.904043
 5.610471
 8.024959
 7.511207
 7.007086
 7.881327
 8.400259
 7.863600
 8.489092
 8.809713
 8.264630
 8.397902
 8.482271
 9.188434
 8.973910
 9.013259
 9.568674
 9.349489
 8.945317
 8.995717
 9.594754
 8.698156
 9.021918
 9.538576
 9.719075
 8.559424
 8.602277
 8.180816
 9.031806
 9.355080
 8.636687
 7.899962
 8.656344
 8.564721
 8.285427
 9.008613
 8.449950
 7.979375
 7.686661
 8.105390
 8.236033
 8.764522
 8.150546
 8.140762
 7.565735
 7.611708
 7.611012
 7.314507
 7.836912
 7.707915
 7.735995
 6.411970
 6.583069
 6.483106
 6.826569
 8.284485
 8.110411
 9.166280
 8.348731
 8.573269
 7.958738
 7.613256
 7.655995
 8.163529
 7.768789
 8.016495
 7.851779
 7.098554
 7.218322
 7.178421
 7.960661
 7.854157
 7.032179
 6.874630
 7.024969
 9.357693
 8.818358
 8.934504
 9.826438
 9.613721
 9.690804
 9.557495
 8.347660
 8.543902
 8.406160
 8.888706
 7.546742
 7.259077
 7.392740
 6.744339
 9.080093
 8.777916
 9.023658
 8.664420
 8.566751
 7.540203
 7.861288
 8.430606
 7.934849
 7.815325
 8.193791
 7.794289
 7.962868
 7.841983
 8.614833
 7.417185
 7.407546
 8.221526
 7.969901
 7.871127
 8.250158
 7.033960
 7.015348
 7.351689
 7.375409
 7.846471
 7.252569
 7.268169
 8.193979
 8.266558
 7.600531
 8.508997
 8.084572
 8.481018
 8.499522
 6.071502
 6.323838
 6.408887
 4.770811
 4.121979
 4.474799
 5.224645
 5.184058
 4.912402
 4.316538
 4.481254
 4.470912
 4.943466
 5.299345
 4.885533
 4.630604
 5.082805
 5.121254
 4.895823
 4.835443
 5.191840
 5.404799
 5.203540
 5.213705
 5.350870
 4.464743
 4.710071
 4.858332
 4.993404
 7.162047
 7.470325
 5.812041
 5.845831
 5.854124
 5.467438
 5.629383
 5.948786
 7.589084
 6.508202
 6.248278
 6.453035
 4.695325
 4.526578
 4.837723
 4.773542
 5.074542
 4.990687
 4.998378
 4.635173
 4.712685
 5.225160
 4.805357
 4.548281
 4.818104
 4.961325
 4.011319
 4.806023
 4.802649
 5.187825
 5.139314
 4.648408
 4.640458
 4.682979
 3.937792
 4.008864
 3.788077
 3.803685
 4.115991
 3.992864
 3.832814
 5.999285
 6.367523
 6.572837
 6.781879
 6.560410
 6.672521
 6.375071
 6.567998
 6.413992
 6.421763
 7.637641
 7.413004
 7.762754
 7.462828
 7.694744
 7.335924
 7.518786
 6.688948
 7.536162
 7.897944
 7.638759
 5.721141
 6.112183
 6.313894
 6.480309
 5.641539
 6.899123
 6.971465
 6.726601
 7.088882
 7.505181
 6.862787
 7.963802
 6.998150
 7.210803
 6.449255
 7.254878
 7.318338
 6.814917
 6.189161
 7.097608
 6.250226
 7.178390
 7.480509
 7.250341
 7.005142
 7.248359
 6.634690
 6.199009
 6.423365
 6.457973
 6.653734
 6.743107
 6.938639
 7.035924
 6.436650
 6.353339
 6.808473
 6.744996
 6.524269
 6.687268
 7.666745
 7.263323
 7.161016
 7.461989
 6.981182
 7.709830
 6.933554
 7.219487
 6.510115
 6.562066
 6.570912
 6.567069
 6.344696
 8.330709
 7.254819
 7.995953
 8.562086
 8.482229
 8.251670
 8.507670
 8.336396
 8.007134
 7.933549
 7.831402
 7.966246
 7.573745
 8.338583
 7.772061
 8.871921
 9.710487
 8.630281
 7.383170
 7.207750
 7.470316
 7.383358
 7.285930
 7.996700
 7.422838
 8.406398
 8.121155
 8.147445
 7.780509
 7.988751
 6.542098
 9.909776
 9.256399
 8.510282
 9.234818
 8.985358
 8.484313
 8.464892
 8.821977
 9.579906
 8.892862
 9.198117
 8.412799
 9.319534
 9.689939
 9.334315
 9.662959
 9.450315
 8.973204
10.764484
 9.747690
 9.869165
10.962253
10.646307
10.297848
 9.838737
 9.472063
 7.281200
 7.714736
 7.280680
 7.747970
 7.417431
 7.363037
 7.601230
 7.421752
 7.758495
 8.313567
 7.754247
 8.111801
 7.845402
 7.849757
 8.136244
 7.494129
 8.096106
 7.195433
 7.612465
 7.556948
 7.551011
 7.616926
 7.920993
 7.339959
 9.961952
 9.895809
 9.626072
 8.342242
 7.876991
 8.824421
10.071941
11.063082
 9.248628
 8.774831
 8.415902
 8.265021
 8.145248
 9.400790
 9.106498
 8.659251
 8.956526
 9.032646
 9.152522
 7.798809
 7.724482
 7.405934
 7.142379
 6.944192
 7.663725
 8.339789
 8.586163
 8.228777
 8.708331
 8.614896
 8.681053
 8.801121
 7.944188
 8.211302
 8.616383
 8.389516
 8.540191
 9.005635
 7.883443
 8.128803
 8.309771
 7.223804
 6.912444
 6.904848
 7.088912
 7.161414
 7.551508
 7.815347
 7.422799
 8.187034
 7.562785
 8.166993
 8.263573
 8.404386
 7.211294
 7.987491
 8.321461
 7.821595
 7.745308
 7.866576
 8.055084
 8.948130
 8.768979
 8.927690
11.358499
10.914741
 8.917174
 9.671203
 9.688806
 9.786725
10.956117
10.587606
10.051201
 8.163121
 8.840398
 8.200733
 8.553747
 8.344558
 9.968769
 9.591714
 6.797832
 7.080627
 6.588141
 7.082988
 7.252232
 7.901588
 7.213480
 6.406460
 6.654914
 6.905493
 6.180934
 6.453407
 7.069104
 7.042087
 6.843478
 6.888575
 9.929825
 8.902156
 9.345997
 8.692582
 8.918205
 8.739065
10.114129
10.063797
10.532408
 7.520971
 7.816433
 7.337453
 9.910253
 9.154269
 9.285343
 8.611953
 9.380237
 7.311580
 7.154853
 7.383615
 6.938399
 5.487971
 5.540860
 5.855244
 5.229018
 5.033408
 5.048751
 5.003230
 6.357825
 6.471150
 5.978533
 5.218314
 5.033552
 5.156090
 6.054336
 5.542251
 6.429473
 6.496691
 6.564972
 6.589067
 5.734881
 6.062146
 6.261691
 6.294189
 6.385786
 6.290846
 6.089573
 6.622370
 6.754746
 6.127070
 5.884462
 6.214684
 6.109340
 5.857649
 6.192486
 6.206184
 6.994874
 6.201697
 6.368794
 6.300808
 6.775927
 6.721615
 7.044978
 6.982025
 6.205344
 6.537854
 5.833794
 6.528491
 5.811104
 6.276398
 8.600633
 8.530877
 8.104885
 9.092939
 8.823074
 8.035664
 7.788858
 7.190802
 7.084216
 7.092970
 7.122710
 7.372552
 7.793853
 7.606592
 7.688060
 7.882801
 7.839749
 7.048115
 8.874862
 8.661249
 8.873176
 8.583388
 9.245331
 8.696019
 8.798158
 9.190603
 8.212991
 9.702201
 8.705732
 9.336116
 8.131425
 8.628294
 9.086971
 8.392302
 8.945040
 8.492133
 8.331004
 8.852795
 7.700554
 7.416596
 7.296542
 8.097940
 7.664064
 7.331822
 7.459311
 6.982948
 6.076874
 5.720395
 5.785243
 5.884429
 5.497527
 5.156552
 5.487025
 5.295528
 5.846151
 5.520941
 5.882677
 5.962196
 5.909473
 5.664734
 5.709081
 5.456077
 5.738745
 6.192473
 5.911280
 6.240312
10.169425
10.199859
 9.763115
10.040639
10.401825
10.180694
 9.549536
 9.943094
 9.838644
10.789995
11.421317
11.026994
10.744038
12.109656
11.535526
10.863970
10.625820
11.418550
11.083822
10.951812
10.916768
11.641350
 5.360286
 5.113528
 5.403537
 5.232132
 7.531599
 8.850834
 8.522778
 9.107237
 8.243124
 8.211219
 9.080660
 8.491246
 8.612556
 8.471538
 9.171842
 8.914265
 9.306696
 9.943967
 9.818292
 9.673765
 9.951481
 9.934199
 8.528288
 8.150809
 8.357181
 7.996743
 8.149126
 8.212464
 8.384289
 5.113237
 4.992779
 4.475286
 4.569348
 4.864250
 4.548968
 4.530829
 4.456078
 4.547045
 4.380012
 4.868071
 4.715217
 4.477829
 4.905991
 4.964752
 4.831866
 4.876083
 4.518184
 8.744952
 7.417164
 7.906683
 8.367369
 8.493324
 8.321593
 7.866598
 8.383498
 7.936308
 7.636280
 7.002177
 7.264235
 7.591427
 7.823499
 7.895518
 7.147196
 7.386983
 7.512422
 8.207018
 7.689915
 8.704155
 9.403730
 8.700740
 8.708980
 7.549087
 7.592097
 7.644099
 7.990114
 6.439621
 6.089791
 6.142366
 9.766551
10.021756
 8.944366
 9.806104
 9.273788
 7.979452
 7.812667
 8.177591
 7.861426
 7.505001
 6.346691
 6.740335
 6.664657
 6.629476
 6.339382
 6.076758
 6.215416
 5.465698
 5.667664
 6.046550
 6.055238
 5.946479
 5.913205
 5.853703
 5.814862
 6.301791
 6.590403
 6.733478
 6.445164
 6.049329
 5.976601
 5.701348
 5.990255
 6.770104
 6.406768
 5.619849
 6.491305
 6.251506
 5.528153
 6.329488
 6.988566
 7.476316
 7.945891
 7.287254
 7.928627
 8.333703
 8.675918
 8.714121
 8.293542
 8.366749
 8.707000
 8.298118
 5.591725
 5.799983
 5.642502
 5.746591
 6.264147
 4.990523
 5.199829
 4.347490
 4.405643
 4.704223
 4.744002
 4.946593
 4.672235
 4.975729
 3.733845
 3.787685
 3.908810
 3.990366
 4.257716
 4.664794
 4.258429
 4.336105
 4.542948
 4.616810
 5.541487
 5.546074
 5.731394
 5.039771
 5.238898
 5.764535
 5.309740
 5.490705
 5.324617
 5.366193
 5.356532
 5.118869
 8.160624
 7.865234
 8.509600
 7.882076
 8.522416
 8.780561
 8.464401
 7.875199
 7.707674
 7.364214
 7.466578
 7.588956
 7.541221
 7.620482
 6.781574
 6.871459
 7.079722
 7.697954
 7.051730
 6.567812
 6.633336
 7.085723
 8.364050
 7.886058
 8.026682
 8.400214
 8.092179
 8.427517
 8.154450
 8.255653
 8.206630
 8.409326
 8.950110
 7.382319
 7.610819
 7.230694
 6.797686
 7.523760
 5.943647
 5.945471
 6.016402
 5.847486
 6.962320
 7.115551
 6.848192
 7.124355
 6.373597
 6.689354
 5.625206
 6.280627
 6.329745
 6.401469
 7.241973
 6.793024
 7.462547
 7.151422
 6.233631
 6.139975
 6.553104
 6.166869
 6.986349
 6.230712
 6.982211
 5.705225
 5.386959
 5.782311
 5.681972
 6.211345
 5.777148
 5.739433
 5.852176
 6.309177
 6.123936
 7.782864
 8.094280
 7.932304
 7.761095
 7.223469
 7.364040
 7.236110
 7.105253
 6.609591
 7.177997
 7.251389
 8.463353
 7.779459
 8.066855
 8.481294
 8.406018
 7.906317
 8.329700
 7.218613
 8.196454
 7.436096
 6.988323
 7.001872
 6.694627
 7.182268
 6.935422
 7.275121
 8.317802
 8.133274
 8.101816
 7.204790
 7.876901
 7.781241
 7.894452
 7.262421
 7.246509
 7.512267
 7.649842
 7.867132
 8.279218
 7.666440
 8.197082
 7.954234
 7.970226
 7.814130
 7.926851
 7.972417
 8.111568
 7.694150
 8.121544
 8.112298
 8.373197
 8.377281
 8.928708
 9.773703
 8.841133
 9.571592
 9.278064
10.076142
10.514136
 8.456532
 8.297638
 7.872175
 7.422124
 8.000904
 8.842517
 9.550189
 9.550370
 8.726495
 9.830945
 8.881989
 9.902338
 9.661347
 9.920589
10.068343
 9.894794
10.175346
 9.520905
10.932438
10.896395
 9.257033
 9.438323
 9.162213
 8.844561
 9.499519
 9.492009
10.214302
10.743390
10.312549
 9.692238
10.306206
10.028428
 8.959662
10.514067
 9.479853
 8.474362
 8.770752
 8.738823
 8.983343
 9.174357
 8.444912
 8.020909
 8.736247
11.618575
10.715592
11.334824
11.106672
10.923005
10.521768
10.830024
10.218211
10.313903
11.550679
11.343617
10.862375
11.575488
10.888100
11.417641
10.325740
12.601425
11.149292
11.054011
11.580616
12.280047
11.505042
11.297262
11.674156
 9.359205
 9.706918
 9.762861
 9.886318
 9.254138
 9.977596
 9.032780
 9.688362
10.510887
 9.962309
10.697190
 9.138786
 8.851002
 9.580377
10.372418
10.179830
10.002897
 9.674352
 8.692379
10.570025
11.419133
11.596222
10.557903
11.385480
 8.755954
 9.118401
 9.075889
 9.790370
 9.242665
 8.179682
 9.189917
 9.469257
 8.823721
 9.729613
 8.837831
 9.376754
 9.976995
 9.307969
 9.067870
 9.159726
 9.064343
 8.964546
10.217747
 9.854927
10.469171
 9.554135
 9.761877
 9.892592
 9.748643
10.432575
 8.431268
 8.888870
 8.929523
 8.808828
 8.637995
 9.032703
 9.108039
 9.121854
 8.655043
 8.504928
 8.746028
17.166059
16.821541
15.275477
16.339982
15.796281
14.806951
16.083166
15.022607
15.017621
14.343972
14.707321
15.537930
15.566102
15.899937
16.027604
16.342210
17.827830
16.843930
17.366928
18.056406
18.118295
18.059114
17.027988
17.351918
17.964942
17.760801
16.398286
18.883127
20.233232
18.031673
18.674320
12.124548
11.290539
12.502327
10.679321
10.164190
 9.853126
 9.822428
10.839015
 9.814892
10.603696
10.326195
10.636248
10.808805
 9.807363
10.443214
 9.995199
 9.996105
 9.799240
10.193189
11.371383
10.237493
 9.959964
10.626147
11.963351
12.056202
11.959439
11.838788
13.083744
13.679198
12.763992
13.893862
13.447112
13.098783
13.454217
13.486518
12.870178
13.088210
12.535284
12.678221
 8.685205
 8.303827
 8.058427
 9.160050
 8.558536
10.017036
10.329329
 9.997257
 9.452095
 9.881161
 9.930220
10.341116
 9.255233
 9.967043
 9.306735
10.159198
10.079475
11.060992
11.141591
11.046111
11.433877
11.255510
10.244625
10.654173
10.652932
10.640465
 7.928974
 7.442000
 7.635235
 7.959123
 7.253600
 7.377224
 7.574431
 6.503826
 6.653793
 7.012015
 7.362758
 7.386225
 6.954235
 6.916305
 6.461940
 6.725283
 6.608045
 6.493372
 6.292299
 6.952553
 6.422378
 6.581004
 8.403800
 8.542338
 8.213206
 7.877174
 8.085012
 8.459484
 4.615182
 4.513834
 4.171292
 4.444331
 4.689463
 5.316347
 5.068982
 4.915378
 4.930538
 5.515375
 5.360401
 5.388926
 5.665647
 5.787519
 5.591195
 5.580514
 4.379398
 5.677437
 5.313029
 5.601673
 5.825612
 4.929137
 5.219981
 4.705031
 4.864145
 4.751256
 5.086943
 4.827766
 5.056712
 4.932754
 5.227512
 4.917370
 4.654551
 4.889146
 5.353286
 5.010266
 7.746583
 6.419353
 7.366417
 6.927336
 7.053032
 7.413152
 6.997058
 6.902325
 7.397079
 7.323632
 7.534138
 6.990114
 7.693569
 7.541004
 7.003410
 7.123500
 6.918590
 6.642675
 7.160862
 7.059303
 7.119395
 6.895925
 6.741267
 7.026016
 7.874482
 7.528294
 7.248364
 7.508014
 7.150960
 8.541860
 7.865347
 8.637414
 8.615135
 7.982463
 7.884553
 8.483952
 8.480532
 8.328787
 8.387918
 8.954915
 8.879982
 8.695340
 7.967844
 8.217127
 9.864512
10.012947
 9.575813
 9.107371
10.315236
 9.251546
10.208281
10.362563
10.714419
 8.871094
 9.129643
 8.691266
 8.849659
 8.891218
 9.067679
 9.313392
 9.219401
 9.963073
 9.449886
 9.828554
 9.671958
 8.395069
 8.952777
 7.978242
 8.120437
 9.035484
 9.515907
 9.895800
 8.542545
 8.340308
 8.640697
 9.193368
 9.218356
 7.918852
 7.770986
 7.827863
 8.174856
 7.435331
 8.232903
 7.612046
 8.035925
 7.549447
 9.262853
 9.995671
 9.613887
 9.282251
 9.143259
10.273780
10.075941
10.255907
 9.025780
 9.231352
 9.241739
 8.182331
 7.770664
 8.412512
10.623359
10.035717
 9.297495
 9.910441
10.194499
 9.095420
 9.077877
10.121334
 9.889739
 9.530864
10.188864
10.849868
10.335229
10.563170
 9.508272
 9.074736
 9.238896
 8.907249
 9.589528
 8.627789
 8.321704
 8.536943
 7.921803
 7.929545
 7.627108
 7.072687
 7.727642
 7.802808
 7.255583
 7.503751
 7.983855
 8.106045
 7.347124
 7.633028
 7.888661
 8.316466
 7.118110
 7.305293
 7.262292
 6.762827
 7.024210
 8.046819
 8.016247
 8.460314
 8.728397
 8.348705
 8.476033
 8.040817
 8.094140
 7.977576
 8.001560
 7.679973
 7.778275
 8.260151
 7.784259
 6.930256
 7.242121
 7.048876
 7.060624
 7.410182
 7.236360
 8.161920
 7.739859
 7.981905
 8.476503
10.522846
11.197195
13.412734
11.989266
11.722843
11.422311
11.491942
11.625976
11.392650
10.044820
 9.591882
 9.860146
11.369862
10.659923
10.686918
10.444814
10.103577
10.049836
 9.558798
10.225239
10.933309
 9.909005
11.365958
10.999610
11.690881
10.913238
10.554020
10.883569
11.911954
12.290672
12.627315
13.019195
12.378994
13.778366
12.787653
13.322212
13.671905
14.033837
12.576781
13.271322
13.737462
13.513011
13.948658
12.069635
 3.913642
 3.967563
 3.820608
 3.846908
 3.673150
 3.726792
 3.914905
 3.885118
 4.115243
 3.928095
 4.046985
 4.117656
 3.462085
 7.988685
 7.402214
 8.521781
 9.009231
 8.695774
 8.869802
 8.298518
 8.048064
 7.899326
 7.373800
 7.547988
 7.878070
 8.237915
 7.732553
 7.938060
 7.525146
 8.939944
 8.763854
 7.711064
 7.583607
 7.480829
 9.431602
 8.176790
 8.642232
 8.120652
 7.628067
 8.100616
 7.926696
 8.352403
 8.182694
 8.629809
 8.284849
 8.375339
 8.073119
 7.737289
 7.972015
 8.825716
 8.270615
 7.875533
 6.394532
 6.471919
 6.342855
 5.702111
 6.468348
 6.314606
 5.951203
 5.876492
 6.031947
 6.122249
 6.127262
 6.222727
 6.128622
 6.474260
 6.087588
 6.689901
 6.091172
 6.443134
 5.990283
 6.615868
 6.590047
 5.934967
 5.961410
 6.510108
 6.687272
 7.174692
 7.250942
 7.562823
 7.550131
 7.161422
 8.738439
 8.442655
 8.647121
 8.739696
 8.622715
 8.651637
 7.716317
 8.144551
 7.714076
 7.398786
 7.614149
 7.978494
 7.275456
 9.362443
 9.370719
 8.277612
 7.933412
 8.096394
 8.055902
 8.297754
 7.842322
 7.753879
 7.310753
 7.448882
 7.077229
 6.940222
 6.978384
 6.989430
 6.547592
 6.645651
 7.515869
 7.066280
 6.820175
 7.000524
 7.573626
 6.551700
 6.500276
 6.747251
 6.465579
 6.034409
 6.292243
 5.953710
 5.787915
 6.382166
 6.544006
 6.093697
 7.045529
 7.083386
 6.758529
 6.395108
 6.720958
 5.485547
 5.281531
 5.605555
 5.607712
 5.933052
 5.970862
 5.673300
 5.622223
 5.779255
 5.640526
 6.048150
 5.723614
 5.618528
 7.062426
 6.728855
 7.332758
 7.492906
 6.627664
 7.069975
 6.890154
 7.309282
 7.142511
 6.699417
 6.716155
 6.412745
 6.971806
 6.789479
 6.799658
 6.450110
 6.737946
 7.195071
 7.008544
 7.871308
 8.020699
 7.723872
 7.736924
 4.544677
 4.932213
 4.686751
 5.286248
 4.997716
 4.927058
 4.853268
 4.986013
 4.853854
 4.920476
 5.520107
 4.982271
 5.323567
 5.277012
 5.313921
 4.724707
 5.525528
 5.095855
 5.491723
 5.492763
 5.433039
 5.617121
11.866203
10.768238
11.308455
10.922191
12.033332
12.061319
10.878163
11.890045
11.445214
12.232306
13.470994
12.553110
11.360938
11.875476
11.260781
11.104126
 9.099011
10.005320
 9.334562
10.354659
 9.542380
 9.883949
 9.983497
 9.440483
10.558546
 9.424711
10.441722
10.233642
10.102752
10.415182
10.254419
 9.380279
 9.402392
 8.818085
11.714334
11.072417
 9.621897
 9.313777
 9.492411
10.020814
 9.132753
11.070124
10.226144
11.246775
 9.492792
 9.240852
10.017357
 9.188425
 9.162707
 6.409716
 5.997009
 6.484333
 6.219544
 5.842163
 6.390699
 6.440274
 6.256783
 5.818500
 6.143374
 6.905897
 7.268289
 7.519886
 7.915770
 7.925970
 8.299620
 8.500413
 8.723086
 6.503206
 6.757251
 7.016627
 6.472597
 6.970581
 7.094192
 7.949685
 7.971967
 8.591347
 7.632717
 7.108319
 9.251432
 9.622838
 9.120213
 9.539220
 9.286834
 9.271108
 9.133790
 8.923675
 8.642234
 8.574945
 9.514862
 9.175785
 9.270159
 9.432135
 8.966043
10.479120
 9.913084
 9.471605
 9.593559
10.028529
 7.470346
 8.059534
 7.477918
 6.275792
 5.904850
 6.403604
 8.707079
 8.183075
 8.500291
 8.294143
 8.347549
 8.291439
 8.601038
 8.008194
 8.290017
 8.708365
 7.923650
 8.492535
 8.817660
 8.647092
 9.983871
 9.930693
 8.965095
 9.538180
 8.949976
 9.094236
 8.703396
 8.891082
 8.288348
 6.934484
 7.088619
 6.872805
 6.524624
 6.746894
 6.962176
 6.879149
 8.556335
 8.532144
 8.113340
 8.080969
 8.742395
 7.544556
 8.202220
 8.231494
 8.385197
 8.692028
 8.627084
 8.725900
 9.324365
 9.656389
 9.686289
 9.876470
 8.699672
 9.720447
 8.510880
 9.458268
 8.682002
 8.300691
 8.762757
 8.451899
 8.543322
 8.765087
 8.980380
 8.869943
 9.146529
 8.969725
 9.454343
 8.848173
 9.214108
10.352436
10.781972
10.009551
 9.100600
 8.880075
 9.578256
 9.707058
 9.484945
 9.344481
 9.433453
 9.151951
 9.323764
 5.663990
 5.932927
 6.291242
 6.502144
 5.907795
 6.524858
 6.585569
 6.501672
 6.452578
 6.739727
 6.167618
 6.040302
 6.549213
 6.544185
 6.483551
 6.243258
 6.143566
 6.841552
 5.857772
 5.952079
 6.232490
 5.796844
 6.357155
 6.457947
 7.964626
 7.838013
 8.079690
 7.724810
 8.510352
 7.517082
 7.183729
10.440013
 9.542086
10.938998
13.205604
12.159265
 9.533672
 8.751369
 8.966101
 9.981628
 9.466618
 9.043051
 9.029504
 9.127840
 9.494273
 8.949997
 8.337555
 8.269686
 9.303100
 8.895811
 8.869202
 8.720653
 8.137769
 8.044766
 7.808059
 8.518897
 8.052907
 7.583734
 7.912605
 7.168955
 7.395609
 8.362264
 7.613578
 7.568695
 7.824274
 8.259858
 9.291130
10.177288
11.063282
10.481195
 8.323946
 9.598895
 9.163543
 9.474552
 9.692500
 9.885733
 9.501690
10.834357
10.585298
 9.803459
10.944116
10.682627
 9.717184
 9.702401
10.169651
 9.735695
 9.195257
 9.663067
 9.104708
 9.134213
 8.706799
 8.582125
 8.497868
 9.024502
12.452469
14.075368
14.332112
14.624570
14.975065
14.799399
14.372458
15.285366
15.504462
14.317099
14.392667
13.236894
12.600266
12.406854
13.794305
13.438926
13.927437
14.443622
14.751828
14.805643
14.241400
12.927226
13.810887
13.396892
13.680948
14.001022
13.608743
12.973390
12.857277
13.293546
12.843809
12.560689
13.944060
13.927175
13.519379
12.749505
13.143497
 7.421525
 6.919418
 7.148156
 6.944477
 7.239496
10.037382
 9.317303
 9.951951
10.150781
 6.705489
 7.873404
 7.479505
 7.729817
 7.868781
 7.871901
 8.209117
 7.607007
 7.893243
 7.855372
 7.648624
 7.834535
 6.993070
 6.936999
 6.891949
 6.715209
 7.949014
 7.545958
 6.873155
 6.856389
 8.914725
 8.693249
 7.992598
 8.345329
 8.804898
10.027703
 9.526837
 9.729530
 8.602485
 9.449645
 9.037349
 8.223637
 8.512456
 8.471838
 7.966161
 8.066770
 6.884479
 7.823979
 7.997276
 8.290180
 8.110834
 8.090792
 7.774267
 7.774345
 8.693468
 8.069749
 8.388587
 8.009027
 8.039991
 8.325901
 8.654116
 8.452179
 8.134345
 8.102699
 7.756435
 8.485377
 8.363914
14.258293
15.870472
14.693900
14.449634
13.795513
13.919456
14.398108
14.688017
14.418787
13.746620
13.461890
13.305120
13.480715
13.786980
13.590990
13.636309
13.619617
14.444164
13.502715
 9.322156
 8.965978
 9.648061
 9.806591
 9.316083
 9.351659
 8.344014
 8.736691
 8.680613
 8.491205
 8.573896
 9.558260
 9.434702
 9.232407
 9.311860
 9.536838
 9.325800
 9.764468
11.529818
11.402494
11.930506
11.658139
 9.947573
10.356980
 9.957583
 9.975305
 9.967944
 9.708197
10.115824
10.117041
 9.922486
10.293147
10.584321
10.551868
11.017896
11.105814
 9.224359
 9.872739
 9.886759
 9.500993
 8.977612
10.464477
 9.220573
10.056478
 9.167637
 9.375449
11.024043
10.766655
10.270623
 9.677575
 9.619967
 9.437244
 9.761519
 8.713998
 9.029889
 6.646358
 5.769478
 5.994798
 6.089586
 6.562913
 5.947406
 6.569768
 6.471305
 6.739091
 7.360506
 7.132512
 6.563666
 7.115487
 6.768071
 8.259766
 8.866738
 8.448488
 8.652995
 7.822492
 7.797659
 8.436257
 7.862308
 7.820804
 8.369809
 8.073612
 9.228443
 8.045162
 7.478301
 8.120157
 8.076920
 7.328713
 8.056183
 7.924106
 8.480582
 8.015474
 7.918617
 8.200426
 7.961825
 7.789531
 8.096053
 7.542219
 7.864614
 6.713512
 7.506212
 7.815690
 6.865139
 7.331754
 7.408049
 8.592131
 8.322433
 8.249608
 8.722711
 8.894049
 7.869877
 8.360210
 7.884629
 7.861717
 8.647980
 8.725127
 8.414261
 8.360296
 8.111184
 7.996455
 8.267975
 8.052891
 7.998895
 8.596432
 8.077434
 8.440778
 7.836175
 7.020820
 7.522851
 7.615204
 7.476717
 7.936556
 7.444989
 7.460801
 7.693730
 7.901165
 7.956002
 8.606796
 8.298674
 7.946081
 8.441669
 8.371808
 7.152393
 7.291239
 7.992189
 7.614590
 7.054646
 6.705222
 7.238636
 6.866590
 7.160272
 7.121783
 7.177837
 6.983286
 6.933683
 7.544035
 7.651572
 6.906361
 8.070495
 8.478787
 8.335563
 8.377910
 8.476466
 7.286592
 7.216954
 7.569909
 7.444793
 7.653824
10.118491
10.542614
10.700008
11.621846
11.014721
12.082137
12.287049
12.596557
11.931457
11.828904
11.580322
11.897988
11.073048
11.285602
11.162851
11.905056
11.179072
10.765243
10.591209
11.903686
10.357160
11.525595
11.066663
11.445405
11.177520
11.034266
11.544205
11.773625
11.998689
11.637914
13.197285
13.673706
13.752191
13.889419
12.917858
13.129581
13.103122
 8.811366
 8.185956
 7.907652
 8.225031
 7.620159
 7.685374
 8.392510
 7.557482
 7.510351
 7.690927
 6.412473
 6.727930
 9.681635
 9.034994
 8.907448
 9.689375
 9.600161
 9.796223
 9.821170
 9.895762
 9.195708
 9.689195
 9.445358
10.571529
10.468154
 9.794942
 9.247397
 8.922188
 6.895695
 6.703658
 6.604907
 6.310327
 6.375177
 6.822118
 6.433214
 6.166783
 6.943693
 6.839584
 6.914794
10.532788
10.299084
10.911319
10.695720
10.131797
 9.498529
 9.860451
 9.892317
 9.306555
10.491067
 9.697094
 9.229787
 9.766366
 9.790232
 9.502673
 9.628926
 9.579436
 9.349223
 7.444991
 6.789979
 7.103778
 7.532869
 7.057742
 7.532919
 7.799855
 7.503386
10.176367
 8.634978
 9.647941
 9.194450
 9.451534
 9.200199
 9.075571
 9.590368
 9.346838
 9.776737
 9.434418
 9.578740
 9.023373
 9.671374
 8.588241
 8.437679
 8.719109
 8.515028
 8.843006
 9.306348
 8.975755
 8.979805
 8.476924
 9.025831
 8.499237
 7.672547
 8.198482
 8.724996
 8.352726
 9.656140
10.099284
 9.572749
10.235384
 9.799461
 9.288312
 9.815926
 9.947632
 9.358851
 9.569876
 9.839232
 8.226806
 7.711586
11.818857
12.535189
12.619967
11.541679
12.691739
11.711857
 8.890258
 9.397282
 8.537522
 8.935381
 8.290696
 8.118709
 8.009451
 8.395904
 8.162229
 8.257083
 8.870193
 8.506856
 7.725413
 8.501794
 8.281454
 7.698517
 9.553670
 9.446653
 9.343716
 8.565301
 9.639856
 8.314981
 8.779623
 8.507200
 8.436809
 8.242852
 9.068856
 8.967246
 9.413615
 9.204899
 8.870176
 7.675316
 8.873418
 8.942233
 8.192098
 8.682215
 9.410102
 9.207834
 9.228611
 9.081419
 8.340687
 8.025737
 8.268376
 8.837370
 8.773327
 9.043670
 8.649822
 9.253228
 9.190258
 9.523645
 9.829268
 8.140855
 9.198238
 8.869373
 8.716919
 8.625749
 8.444205
 8.169359
 7.947097
 8.233721
 8.429856
 8.640453
 6.632768
 6.880278
 6.461663
 6.877070
 6.753301
 6.602627
 7.450514
 7.878186
 7.305981
 7.190009
 7.508817
 7.381178
 7.833238
 7.739202
 8.012092
 8.570583
 8.035762
 7.860011
 7.617906
 7.948942
 7.936360
 9.646761
 9.918175
 9.572428
10.673088
10.188973
10.147523
10.045988
 9.121337
 8.879314
 9.320846
 9.551668
10.283574
10.004714
10.326604
10.140659
10.267974
10.868975
10.784263
 9.707871
 9.974390
 9.785344
10.225580
10.255314
10.110817
11.260620
12.118267
11.429613
11.849538
12.399662
 9.594485
 9.381115
 6.774246
 6.837363
 6.903535
 6.841005
 6.808551
 6.867468
 6.935090
 6.867816
 7.165439
 6.472864
 6.912995
 7.461598
 8.747403
 9.502420
 8.806769
 8.818591
 9.017884
 9.497194
 9.415093
 9.212192
 9.847846
 9.925537
10.194677
 9.822047
10.360237
10.366287
10.312370
10.553371
11.789406
11.012592
11.125016
12.764025
11.565423
11.690416
10.766069
12.428172
11.545896
12.149070
12.804492
12.205105
12.781156
11.890009
12.928829
12.420332
11.795989
12.502385
12.091845
10.990659
10.653899
11.176471
10.926319
11.093311
11.525319
11.105607
11.236877
11.083573
12.265185
13.023655
12.207965
 7.551749
 7.361823
 8.488030
 6.916772
 6.827549
 6.522600
 6.574755
 6.964208
11.493714
10.505266
10.532715
11.552800
10.613631
10.298849
11.687649
11.751210
11.763075
11.981905
10.559270
11.671991
15.967636
15.361429
14.459347
15.430105
15.548002
14.947153
15.719452
15.207100
15.632591
15.972428
14.441655
15.139288
13.686366
13.267982
13.895955
13.391375
13.056336
14.336794
13.629424
13.358842
14.768517
14.111928
13.617844
14.504880
15.295061
15.623656
15.766360
15.247109
14.592050
14.821415
14.400556
13.823853
16.219482
15.630858
14.790316
15.594854
15.514915
15.248550
13.223300
12.717154
13.555652
13.208012
13.344914
13.766805
13.100908
13.886622
13.633118
14.314498
12.907117
 9.313555
 8.549103
 9.375299
 9.913349
 8.317621
 8.253463
 8.736885
 9.151150
 8.008708
 8.548373
 7.530897
 7.690462
 7.956045
 8.341118
 8.528823
 8.605345
 9.013189
 8.816658
 8.390714
 8.160151
 7.323983
 8.852873
 9.144077
 8.079821
 8.295200
 7.654791
 6.749448
 7.426624
 7.468426
 7.437463
 7.776601
 7.324565
 7.455824
 8.166742
 7.762574
 8.013529
 7.846770
 7.662528
 7.577759
 8.139804
 8.005756
 8.037081
 7.739495
 8.109949
 8.230787
 8.830572
 8.848892
 8.565580
 8.039169
 7.737342
 7.084215
 7.569480
 7.169335
 9.085309
 7.762631
 7.795030
 7.936724
 7.513501
 8.061036
 9.225030
 9.617953
10.056589
 9.307869
 9.033968
 8.552450
 8.410444
 9.070601
 8.895471
 9.217226
 9.827476
 8.791983
 8.896829
 9.047766
 9.412539
 9.187174
 8.757315
 8.820653
 8.340659
 9.014701
 8.232162
 9.128681
 8.638041
 9.195918
 9.905380
10.034380
 9.975076
 9.506622
 9.870848
 9.792026
 9.079326
 8.912039
 8.663713
 8.504994
 8.121750
 8.219892
 8.765998
 8.923084
 8.175041
 8.891050
 9.427767
 9.370045
 9.171231
10.667479
10.017818
10.721744
10.653419
 9.576754
 9.486051
11.214102
10.312873
10.569097
11.127032
11.700950
10.786783
11.618628
11.579133
11.197374
11.094727
10.134677
10.376530
10.662340
10.777848
 8.654180
 8.969987
 8.185957
12.071118
11.658094
11.606886
12.332238
11.918321
12.013472
11.912164
12.068439
11.746092
11.867158
 8.844440
 8.763843
 7.955532
 9.026075
 8.941857
 8.509219
 8.580183
 8.575368
 8.440946
 8.838390
 8.510611
 8.828558
 9.074215
 9.811652
10.804493
10.303292
11.466331
10.911907
13.253801
12.033346
12.917439
11.134842
11.939563
11.161432
10.869710
 7.948701
 8.808458
 7.944324
10.468499
11.116282
10.832770
11.186646
 8.601468
 8.263873
 9.243043
 9.423501
 8.600763
 9.077915
 8.969629
 9.249017
 9.176131
 8.450641
 9.057278
11.747279
10.602237
11.288463
11.174184
10.310914
11.689057
11.284424
11.529774
11.399956
11.738005
11.284241
11.756617
10.575142
11.551068
10.474837
10.875434
14.064292
12.944438
13.497307
14.434931
12.697675
14.108246
14.445322
14.574000
12.261299
 6.784957
 6.674338
 7.278109
 7.757857
 7.245069
 7.326774
 6.848458
 6.565264
 6.956186
 7.215252
 6.879609
 7.046702
 7.219044
 7.728752
 7.389548
 6.757672
 7.264094
 7.432279
 7.747646
 7.019127
 6.486580
 8.653151
 8.220255
 8.363235
 8.070439
 8.070869
 8.141512
 8.752377
10.344445
10.310099
10.306752
11.007297
10.972141
10.520320
10.387162
 9.980546
11.144980
10.756431
11.349992
 9.844748
10.963826
10.541403
11.444169
11.968226
11.735490
11.437672
 9.562964
10.367710
 9.826573
11.026904
11.718702
11.317408
11.516341
11.229902
10.708404
 7.190943
 6.778564
 7.178987
 6.727310
 7.269881
 6.749518
 6.495067
 6.572293
 6.212897
 6.526020
 9.079880
 9.262496
 8.252597
 9.313239
11.225380
 6.554942
 7.179601
 6.573934
 7.545565
 7.258050
 7.513060
 8.563762
 7.950873
 8.531240
 7.892276
 7.708248
 8.208231
 7.760674
 8.364940
 8.107423
 8.293573
 7.919729
 8.007312
 8.430267
 8.166380
 8.858655
 9.308529
 9.088192
 8.457590
 9.370987
 9.227195
 9.228395
10.381623
 9.501586
 9.437491
10.049869
10.384394
 9.621574
 9.460666
 9.144545
 9.261806
 8.904077
 9.862537
 7.876323
 8.485222
 8.768015
 8.804359
 8.494204
 9.429883
 9.783034
 7.355632
 8.000722
 8.413684
 7.713764
 7.734468
 7.435496
 8.699211
 8.971211
 8.238880
 8.189706
 8.698972
 8.906438
 8.360999
 9.114886
 6.496848
 6.614790
 6.903564
 6.440667
 7.227781
 7.271190
 7.204341
 7.537853
 7.752830
 7.273079
 7.341062
 7.854499
 7.714934
 7.946230
 8.803176
 6.882058
 6.651759
 6.679142
 6.302123
 5.998812
 5.704794
 5.470527
 5.435751
 9.273245
 9.545208
 8.974043
 8.704383
 9.105855
 9.319918
 8.948841
 9.460624
 9.070565
 9.935670
 9.588850
10.015447
 8.960836
 9.729214
 9.869453
 9.325476
 8.939076
 8.312982
 8.711354
 8.739545
 8.005440
 7.039137
 7.510271
 7.328654
 7.131970
 7.598992
 7.311418
 7.486781
 8.267881
 7.889609
 8.077756
 8.382169
 7.791537
 6.755252
 6.774426
 7.626752
 6.954090
 7.358099
 7.301280
 7.153468
 7.293457
 7.103104
 7.393624
 6.834285
 6.404514
 6.766171
 6.537237
 7.122963
 8.269368
 7.875044
 8.362114
 8.106473
 8.493308
 8.854856
 8.766154
 8.809417
 8.986085
 8.840295
 8.903881
 8.350952
 9.067784
 9.157226
 9.463197
 9.988543
 9.320957
 9.412138
 8.910943
 7.934086
 7.890033
 8.161615
 8.593104
 7.957005
 7.910325
 8.515217
 8.665260
 7.616076
 8.161029
 8.183307
 8.386759
 7.848072
 7.885911
 8.524510
 8.087042
 8.174780
 8.220405
 7.531674
 7.762229
 7.725294
 6.942763
 7.453326
 7.782978
 7.435657
 7.701233
 6.944303
 6.789685
 7.145677
 7.578138
 6.812242
 7.884299
 7.892409
 7.962806
 8.105796
 7.564903
 7.395005
 7.318101
 7.087094
 7.717106
 7.466228
 7.373599
 7.821486
 7.241318
 7.301220
 7.890459
 9.512383
 8.754424
 8.731111
 8.746479
 8.702718
 8.610973
 8.905940
 9.767990
 9.314045
 9.897160
 9.426611
 9.511588
10.070451
 9.223337
 9.873464
10.011421
10.703102
 8.947120
 8.558622
 8.934027
 9.425214
 6.960047
 6.943193
 6.835348
 6.953563
 7.280296
 7.540009
 7.745680
 7.355572
 7.659414
 7.443325
 7.992539
 7.779405
 7.713328
 8.012940
 8.075310
 7.644819
 7.575131
 6.750324
 6.991068
 6.794399
10.113570
11.541952
11.232873
10.108604
10.083882
10.298520
 8.854451
 8.767349
 8.941964
 9.074148
 8.092318
 8.948780
 9.267672
10.089653
 9.422747
 9.927759
10.010691
 9.292382
 9.249679
 9.463080
 9.313293
10.851604
10.077585
10.240686
10.535395
10.400296
10.140813
 8.359358
 9.454684
 9.938819
 9.539971
 9.686641
 8.892148
 9.106744
 9.403254
 9.210201
 9.223612
 9.946413
 8.345692
 8.410626
 9.297784
10.384718
10.455656
10.787740
10.871615
11.608296
10.741579
 9.291473
 9.434214
 8.824144
 8.839139
 8.571098
 8.916329
 8.807965
 8.404989
 7.921481
 8.646454
 8.633681
 9.230064
10.110879
 9.492035
10.288424
 9.512076
 9.716034
 8.065659
 8.946302
 8.675292
 8.465833
 9.257401
 9.352091
 9.383586
 7.712711
 6.779235
 7.137750
 7.325894
 7.444637
 6.618848
10.169676
10.478100
 9.833769
10.053356
10.298942
 9.767857
11.125224
10.195729
 9.197894
 8.957809
10.175472
10.804915
10.222400
10.476871
 9.684348
 9.735686
10.229335
10.085371
 9.516265
 9.662931
 9.950919
 9.982030
 9.388361
10.178308
 9.309244
 8.492070
 9.010545
 9.808579
10.679965
10.220315
 9.570133
10.107479
 9.077459
 9.098341
 9.418092
 9.396297
 9.165187
 9.267737
10.203466
10.379191
 9.956324
 8.473413
 9.002026
 8.544818
 9.344727
 9.127239
 8.346889
 9.187089
 8.823274
 9.293994
10.453146
 9.865460
 9.416289
 9.719906
 9.507236
 8.402743
 9.078211
10.252437
 9.089285
 9.926762
 9.603540
11.075103
10.712137
10.521282
11.184807
11.389749
11.156198
11.786568
 8.525560
 8.143058
 8.431409
 8.285953
 9.086596
 7.887225
 8.377926
 8.597422
 8.877077
 9.263521
 8.946445
 9.942368
 9.247781
 9.604706
 8.720449
 8.381672
 8.412197
 8.150096
 8.693073
 9.535300
 9.373081
 9.323126
 8.718700
 8.814404
 7.992296
 8.825032
 8.446930
 9.081430
 4.948674
 4.796223
 4.567046
 4.274020
 4.752706
 4.691548
 4.586352
 4.841131
 4.925870
 4.618765
 4.567268
 4.740772
 4.517126
 4.268634
 4.177465
 5.460840
 5.244399
 5.557831
 5.848957
 5.443770
 5.477434
 5.476761
 5.450204
 5.305115
 5.349708
 5.224354
 5.758756
 5.355572
 6.045935
 6.172430
 5.272232
 5.773809
 5.766353
 5.364596
 5.995483
 5.782094
 6.013416
 5.474513
 5.326921
 5.562708
 5.539609
 5.225096
 4.905318
 5.169970
 4.949580
 5.551070
 5.219138
 5.364947
 5.159926
 4.961917
 5.341062
 5.705324
 5.404699
 9.211500
 9.150905
 9.307408
 8.633652
 9.900970
 8.740897
 8.217906
 9.713085
 9.400770
 9.499943
 7.353561
 7.965812
 8.097131
 8.328878
 8.064130
 8.086054
 7.872882
 8.165756
 7.723565
 9.442695
 9.153009
 9.230297
 8.840325
 8.701094
 7.706497
 7.101781
 6.523800
 8.432827
 8.174865
 8.775082
 8.588308
 9.199144
 8.980708
 9.136564
 9.556537
 9.098835
 8.707095
 9.059766
 9.846662
 9.823733
 9.926787
 8.841360
 9.264016
 9.559823
10.111582
 9.992885
 9.822535
 9.448535
 9.301230
 9.557489
 8.787780
 8.965914
 9.734060
10.455377
 9.808586
 8.131477
 8.471624
 7.547345
 7.830241
10.358974
 9.620737
 9.978100
10.483602
 9.899127
 8.039913
 7.857195
 7.532707
 8.385796
 7.546853
 7.271913
 9.106783
 8.302685
 8.544182
 8.293062
 8.490556
 8.080822
 8.215710
 8.557059
 7.329041
 8.289271
 8.384398
 8.547818
 8.081831
 8.468406
 7.652068
 7.282883
 8.261983
 8.409684
 7.629338
 7.277084
12.336698
12.240391
12.333162
12.064104
12.496867
12.247209
11.936094
12.768246
12.426994
12.471972
12.574388
12.393670
12.051236
10.857922
11.637463
11.377903
11.104673
12.206716
11.101925
11.371569
10.954721
11.842729
11.228982
11.937501
11.824268
11.016407
11.161473
11.134481
11.162408
10.808701
 9.619180
 9.762012
 9.722964
10.169583
 9.932963
 9.963734
 9.960630
 9.655693
10.072701
 9.834670
 9.618707
10.146904
 9.701625
 5.558059
 6.413861
 6.662113
 6.125782
 6.154345
 5.773136
 5.638944
 6.145456
 5.936638
 5.752801
 5.597488
 5.124468
 5.353630
 5.383233
 4.753555
 5.159245
 4.908451
 5.466248
 4.692793
 4.215018
 4.588846
 4.795463
 4.185316
 4.254477
 3.970316
 4.716061
 4.826707
 5.643641
 5.882773
 5.508829
 5.722131
 5.308255
 5.701461
 5.840004
 5.378036
 5.001680
 5.200909
 5.009832
 5.542517
 5.630227
 5.517223
 5.599496
 5.682736
 5.477210
 5.851673
 5.672849
 5.503143
 6.037734
 5.430277
 5.460988
 5.699670
 5.618338
 5.972612
 5.455357
 5.715534
 5.429251
 5.069117
 5.363407
 5.439601
 5.061803
 5.423869
 5.602156
 5.619838
 5.278468
 5.113755
 4.963345
 5.113372
 4.955481
 4.834343
 3.719176
 3.819444
 3.488421
 3.557332
 3.407880
10.290956
 9.906851
10.247294
13.719649
13.866572
13.903250
13.810515
12.950664
11.850957
14.272549
13.590791
13.153435
12.629427
13.169117
11.529169
12.827200
12.279125
11.904945
10.453775
10.156281
10.779501
11.499412
10.991738
10.381500
11.023250
 6.414369
 6.672642
 6.502544
 6.508858
 7.304224
 7.208450
 7.392937
 6.627901
 7.093196
 7.220515
 7.365352
 7.815214
 7.683986
 7.361527
 7.436571
 7.097446
 6.843613
 7.284628
 7.061722
 7.369466
 7.404060
 7.094531
 7.127515
 7.206192
 7.106911
 7.023643
 7.156373
 6.143951
 6.635620
 6.903817
 5.272157
 5.568480
 5.656074
 5.606883
 5.754554
 6.385628
 6.021771
 6.139897
 5.958862
 5.557256
 5.990673
 6.310535
 6.403719
 6.139845
 6.380104
 6.775734
 6.549595
 8.812164
 8.604114
 8.764647
 8.611680
 8.560598
 8.082381
 7.792892
 7.355741
 7.503714
 7.551112
 7.573715
 7.989602
 7.668426
 7.749385
 8.028229
 8.112690
 8.038314
 8.425867
 7.129666
 7.666397
 6.540934
 6.228254
 6.582810
 7.383266
 7.046377
 7.484793
 7.748451
 6.723744
 7.437741
 6.990896
 7.182034
 7.501748
 7.289282
 6.962388
 6.815125
 6.632496
 7.205968
 7.401237
 6.846425
 6.764149
 7.136240
 7.740472
 7.319652
 7.633186
 7.646708
 6.421379
 7.416856
 7.574565
 7.982634
 7.818154
 8.051591
 7.696830
 7.894502
 7.732019
 6.323734
 6.748308
 6.687722
 6.429871
 6.423926
 7.778037
 7.726609
 7.641308
 7.518598
 7.731664
 5.699412
 5.957720
 6.077457
 5.572920
 5.688716
 5.637491
 6.187007
 5.940474
 5.981487
 5.965689
 7.701692
 7.744794
 7.468029
 7.494793
 6.948467
 7.929962
 7.927503
 6.730401
 7.476061
 8.547841
 8.939198
 8.520060
 8.678540
 8.870191
 9.382086
 8.572983
 8.743715
 8.160197
 8.212903
 8.956239
 8.618017
 9.094846
 8.291925
 8.389896
 9.066403
 9.006821
 8.830119
 9.477044
 9.586199
 9.894639
 8.790521
 9.142699
 9.103156
 5.535402
 5.234167
 5.396604
 5.287848
 5.039602
 4.720191
 4.840490
 4.750689
 4.903191
 5.155216
 5.048155
 4.954491
 5.210633
 5.202793
 5.119485
 5.362289
 6.816397
 7.008952
 6.238631
 6.881218
 7.069241
 6.382758
 7.106083
 6.766356
 7.095920
 7.069025
 7.325896
 7.203186
 6.720603
11.869662
13.535287
12.411108
11.737178
13.412485
15.565863
13.070993
14.767077
13.920847
12.181034
12.328117
15.954769
 8.788913
 8.261761
 8.109460
 8.001207
 8.536029
 8.263740
 8.314619
 8.115389
 8.596135
11.268695
 9.771109
 9.953570
10.191272
11.314752
10.198835
11.093963
 9.612923
10.173089
 9.723158
 9.450842
 9.868979
10.372427
10.139753
 8.118004
 8.530909
 9.431904
 9.763924
 7.663069
 8.553657
 7.835240
 7.676242
 8.696447
 7.995622
 8.353145
 7.433553
 7.665222
 7.032337
 6.998481
 7.697058
 8.617215
 7.383978
 7.652914
 9.196963
 8.268255
 9.034336
 8.289495
 8.407625
 8.785852
 9.202126
 8.257506
 8.722678
 8.563430
 8.618034
 8.577761
 8.641383
 8.526967
 8.556353
 7.996087
 8.618008
 8.816334
 9.070822
 8.271274
 8.428498
 8.910106
 7.953291
 7.893237
 8.224090
 8.387498
 9.617108
 8.494241
 8.215290
 7.776068
 8.286188
 8.890513
 8.237857
 8.150798
 8.030183
 8.487527
 7.857292
 8.719514
 8.700169
 8.917423
 8.037643
 8.461740
 7.984435
 7.462495
 7.584031
 7.745697
 7.511098
 7.800808
 7.737807
 7.417929
12.317919
11.943433
12.559871
11.531975
11.260858
11.757007
10.802535
11.628387
10.956912
11.417488
11.352063
11.674327
10.937233
12.159197
11.409195
11.471736
 8.324587
 8.862794
 8.567877
 8.504364
 8.679230
 8.490947
 8.752122
 8.265931
 7.998283
 8.873740
 8.934671
 8.302127
 8.227300
 8.385649
 8.274051
 7.937692
 8.679159
 7.966161
 6.998327
 7.330089
 8.215120
 8.521093
 8.373189
 7.839242
 7.617894
 7.821261
 8.766614
 8.455329
 8.021757
 8.321068
 8.859135
 8.516390
 7.927256
 8.626607
 8.123004
 8.703560
 8.363780
 8.727010
 9.139899
 8.375972
 8.965693
 6.823543
 7.508935
 7.822043
 6.996599
 6.956000
 7.456934
 7.124645
 7.187904
 6.715972
 6.837768
 6.741172
 7.202866
 6.639859
 6.748310
 6.655382
 7.210157
 7.301294
 6.816430
 7.483427
 7.069843
 6.787307
 7.779435
 7.330046
 7.044508
 8.420185
 9.947224
10.019714
 9.625716
 8.129542
 8.738372
 9.289810
 8.290285
 8.210271
 8.936099
 8.689721
 8.884148
 9.064041
 9.034320
 8.774460
 8.560819
 6.537975
 6.647219
 6.470320
 6.063260
 6.196825
 6.539563
 6.864739
 6.406596
 6.396909
 6.553645
 6.830428
 6.421212
 7.032042
 7.090398
 6.822835
 7.153331
 7.704857
 7.923085
 7.775711
 7.863721
 7.703294
 7.336755
 7.570957
 7.539361
 7.419943
 6.744570
 5.651372
 5.900000
 5.438701
 6.015637
 5.513550
 5.758818
 5.856969
 5.760374
 5.914718
 5.226664
 5.268887
 5.411174
 5.877606
 5.495263
 5.467026
 5.624679
 5.314331
 5.152233
 5.413115
 5.976306
 5.780058
 5.497168
 4.968788
 5.457901
 6.440923
 6.807493
 6.957207
 7.253232
 7.530598
 6.756683
 7.496113
 7.482229
 7.590140
 7.346353
 7.264437
 7.613198
 7.245494
 8.247665
 7.140844
 8.023445
 7.639022
 7.355435
 7.462693
 7.246526
 6.911018
 5.956662
 6.318279
 5.918143
 6.319172
 6.027870
 6.305506
 6.055496
 6.383768
 6.129646
 6.269368
 5.865045
 6.051732
 5.892833
 6.138101
 5.879798
 5.864032
 6.029512
 5.396428
 5.702447
 6.121822
 5.922966
 5.889970
 5.813924
 6.215687
 6.013043
 6.231129
 4.388510
 4.178204
 4.227572
 4.475382
 4.567952
 4.426645
 4.225035
 4.441188
 5.379756
 5.110754
 4.911915
 4.883904
 4.714266
 5.354105
 5.118689
 5.453636
 5.276853
 6.023018
 6.440784
 6.380317
 6.669813
 6.415060
 6.056396
 5.269660
 5.569991
 5.370892
 5.188066
 5.451975
 5.083672
 5.235191
 5.276779
 5.286080
 5.742657
 5.559303
 5.837746
 8.610019
 8.201343
 9.195537
 9.300972
 9.348484
 9.879185
 8.870563
 8.730664
 9.032042
 8.660530
 9.356732
 9.059928
 8.636154
 8.345397
 8.358577
 8.521996
 8.027333
 8.483689
 8.977564
 7.891300
 8.503478
 8.421504
 7.963517
 7.918279
 9.489356
 9.661118
 9.005320
 9.003213
 9.043161
 8.902057
 8.116089
 8.953571
 8.516973
 9.269470
 8.973649
 9.219010
 8.830455
 9.068771
 7.740415
 7.888133
 7.384726
 7.266844
 8.105553
 7.992253
 8.093382
 7.958958
 7.748231
 7.091668
 5.739020
 5.876921
 9.208691
 9.148366
10.050497
 9.130775
 9.149649
 9.296940
 9.861884
 9.753845
 9.404135
 8.365387
 8.177141
 7.979160
 7.752352
 7.385821
 7.590709
 7.546872
 7.750372
 7.122897
 7.386364
 7.730093
 7.416966
 6.834573
 6.561001
 6.127368
 6.472025
 6.798681
 6.946463
 7.290147
 7.065285
 7.381923
 7.403265
 7.647906
 8.099854
 8.246172
 8.025096
 7.743266
 8.281743
 9.140769
 8.990090
 9.421406
 9.484614
10.027640
10.238896
 9.742899
 8.889988
 9.064873
 9.076549
 9.059648
 9.146838
10.061863
10.708920
 9.073044
 9.092494
 8.775154
 8.889136
 8.993621
 9.630253
 9.421328
 9.806933
 9.893752
10.146205
 9.211899
 9.774830
 9.459449
 7.918001
 8.145464
 8.410101
 8.270780
 7.743867
 7.668635
 8.441075
 9.275953
10.365220
10.474678
 9.333030
 9.892942
10.853628
11.016323
10.802949
 9.065731
10.286500
10.113815
11.242632
10.028771
10.336747
10.637119
 9.828155
 8.796041
 8.770314
 9.069686
 8.833230
 9.681420
 8.997068
 9.838468
 9.525218
 8.892520
 9.981691
 8.465954
 8.354774
 9.010759
 8.659366
 8.353630
 8.169898
 8.378691
 8.485982
 7.912795
 8.282667
 8.296434
10.639042
10.617708
10.963084
11.151898
11.274023
 9.721390
 9.582025
10.014353
11.064688
11.111073
10.389307
10.928595
 9.960503
10.524404
10.190613
11.237616
11.454541
10.456886
10.004879
 8.827404
11.545812
11.062357
10.432707
11.584156
10.967073
 8.609210
 7.725069
 7.970495
 9.132689
 9.265543
 8.709233
 8.395665
 8.309377
 8.563878
 8.316447
 8.523872
 8.422930
 7.879256
 9.591323
 8.544923
 8.513743
 8.661851
 7.923024
 7.581720
 7.761010
 7.819899
 8.270316
 8.358836
 8.676804
 9.129270
 8.404524
 8.869734
 8.618852
 8.668379
 8.046620
 7.853324
 8.479049
 9.487279
 9.947158
10.032755
 9.091117
10.299478
 9.804325
 9.091286
 9.206647
 8.905196
 9.851391
 9.581865
 9.228836
 7.997017
 7.734951
 7.920779
 7.888309
 8.133599
 8.042738
 8.144425
 7.767125
 7.488190
 7.594861
11.417137
11.151898
10.877129
10.439281
 9.493454
 9.708923
10.334466
10.377982
10.478495
10.573743
10.871908
11.259036
11.447157
11.814061
12.596225
11.918209
 7.019976
 7.230163
 6.643288
 6.987301
 6.699562
 6.660929
 7.349486
 6.468225
 6.831412
 6.508376
 7.248971
 7.252470
 7.274324
 8.246303
 7.856156
 8.529438
 7.485675
 7.601455
 7.639263
 7.909196
 7.411454
 7.951676
 6.999540
 6.774085
 7.329114
 7.338903
 7.131227
 7.414683
 7.174874
 7.545393
 7.320347
 6.201566
 6.109263
 6.443283
 6.284334
 7.373389
 7.765275
 7.413927
 7.220997
 7.089170
 6.775285
 7.187981
 7.085773
 7.705675
 7.709307
 7.275187
 7.553697
 7.049780
 7.484647
 7.380897
 6.935095
 6.745880
 7.627410
 7.306744
 7.428966
 7.527263
 5.953519
 6.108319
 6.788746
 6.555262
 6.424835
 6.484228
 6.658043
 7.192156
 7.699870
 6.277592
 6.509307
 6.951799
 6.874292
 7.378797
 6.632174
 7.259800
 7.346820
 7.240942
 6.998525
 6.941108
 7.215475
 7.698058
 8.459775
 8.480596
 8.359427
 8.048894
 8.041572
 8.678633
 8.840396
 9.033403
 8.624658
 8.671073
 8.679567
 9.153666
 8.837258
 8.858868
 9.106959
 8.794328
 9.000516
 9.315780
 9.368071
 8.791278
 7.951587
 8.991671
 9.319586
 9.137064
 9.159615
 8.162613
 9.019019
10.034814
 9.226740
 9.399311
10.484517
10.779296
 9.566790
11.053327
10.247100
 9.719358
10.625394
10.406923
10.630711
10.263495
 9.955655
10.089103
 9.677125
10.251962
 9.756092
 6.922447
 6.370069
 6.062992
 6.301709
 8.361775
 7.658682
 8.358578
 8.433933
 8.228512
 8.796864
 7.607678
 7.524677
 7.208220
 9.462132
 8.435665
10.686976
11.402820
10.326797
 9.909495
11.209715
11.546762
11.330857
11.458888
12.451867
11.954464
11.954320
11.262110
12.262010
12.901232
12.550248
10.823022
10.849669
11.728012
11.317924
10.696160
12.298557
11.314142
10.490044
12.089206
12.988047
11.854476
12.412168
11.626958
11.190597
12.091035
18.057916
18.611815
18.293195
17.634607
16.806744
18.430584
16.925216
16.416748
17.228611
 7.045083
 6.694017
 7.779289
 7.976777
 8.345632
 8.552247
 8.366648
 8.277309
 8.805250
 7.994400
 7.794985
 7.805983
 7.496016
 7.132602
 7.295633
 8.026283
 7.409242
 7.811184
 8.620031
 8.643361
 8.204598
 5.236628
 5.165400
 5.191285
 6.660344
 6.948940
 6.814761
 6.817601
 7.268641
 7.588913
 6.605601
 6.931296
 7.026168
 7.109003
 6.781341
 7.281988
 7.104721
 7.785883
 6.101097
 5.903781
 6.369552
 6.524516
 6.430452
 9.543634
 9.585906
 9.748715
10.160792
 8.602435
 8.750928
 8.643693
 9.010647
 8.341493
 8.880870
 8.502143
 8.487032
 8.938906
 9.078902
 8.851888
 8.819018
 8.469145
 8.647325
 8.557706
 9.214617
 8.816728
 9.680494
 9.665648
 8.642903
 9.467168
 9.340573
 7.226898
 7.691266
 7.702222
 7.397629
 7.604846
 7.658617
 8.215211
 7.655065
 7.308512
 7.972898
 7.299987
 7.036337
 7.736029
 7.660988
 8.422036
 8.812609
 8.253373
 8.243921
 8.687997
 7.934179
 8.020034
 8.435154
 7.912405
 7.743017
 7.054617
 7.233588
 7.403667
 6.662334
 7.272214
 7.536282
 6.753834
 6.954296
 6.879656
 6.778770
 7.140291
 6.591085
 6.769117
 7.230100
 7.317013
 7.206217
 8.460598
 7.683568
 8.996968
 7.933916
 8.090467
 7.256411
 6.865016
 7.467002
 6.576703
 6.686459
 7.104890
 6.905493
 6.327592
 6.781352
 6.985334
 6.691199
 6.611735
 6.707997
 6.039790
 6.330364
 6.366220
 6.532442
 6.297534
 7.182142
 6.716155
 7.588142
 7.489398
 7.353774
 6.800848
 7.260745
 7.549658
 7.477882
 7.692584
 7.083217
 7.703905
 8.231909
 7.353314
 6.899101
 7.701636
 7.003114
 7.970973
 8.335623
 7.469859
 7.475889
 7.529219
 8.271826
 8.056597
 8.062609
 7.560347
11.042881
11.467469
10.264859
11.528077
10.288454
10.434942
 8.844338
 9.068325
10.227389
 9.577356
 8.913376
 9.122048
 8.140705
 8.324361
 7.645144
 8.109398
 8.276679
 8.839991
 8.319826
 8.375292
 8.297534
 7.845491
 9.137330
 8.906428
 9.101359
 9.218279
 7.422641
 8.032853
 8.463909
 7.226376
 8.017716
 7.464106
 7.617955
 7.716859
 7.907120
 7.869516
 8.546386
 8.120967
 8.480691
 8.274042
 8.041389
 7.371683
 8.205175
 8.062758
 7.965395
 7.941243
 8.666874
 7.860023
 7.722708
 8.128884
 7.086539
 7.414548
 7.375142
 7.141857
 9.936513
10.506478
10.289587
10.426627
 9.943518
 9.100530
10.114991
 7.838114
 8.700890
 8.261887
 7.307873
 8.479722
14.186794
15.253626
14.467706
14.660921
11.289123
10.576199
 9.628746
10.815204
10.576228
10.090236
11.121497
10.974164
11.830068
11.768139
11.121850
10.860755
11.509646
11.352630
11.714534
11.332262
12.219731
11.733884
11.485643
11.221557
11.440898
11.718787
 8.165900
 9.207659
 8.977870
 9.579583
 9.046074
 8.052785
 8.464390
 7.954077
 8.089430
 8.536180
 7.966350
 7.285695
 8.522916
 8.409358
 7.786837
 8.655766
 8.378981
 8.328144
 8.010329
 8.654650
 8.059751
 7.941171
 8.171483
 7.920437
 7.776399
 7.298447
 7.360342
 7.233342
 7.509444
 7.321274
 7.611149
 7.012664
11.956656
12.092233
10.931192
11.541174
10.667654
12.287492
11.755483
12.424518
13.368610
 9.376541
 9.435624
 9.426757
 8.692060
 8.818786
 8.962812
 8.265210
 9.778641
 9.461756
10.252397
 9.831380
10.776877
 9.144350
 9.412975
 9.838298
13.395245
12.182043
13.477177
11.694833
11.331941
10.671561
10.438674
10.909615
 9.817323
10.744313
10.910324
11.648572
11.028320
11.506608
11.050854
11.005131
10.329758
11.282279
10.328968
11.246985
10.390547
10.748532
10.803577
10.126987
 9.664632
 9.919465
10.123889
11.021220
10.877853
10.628505
 9.394790
11.027981
 8.905958
 9.358051
 8.543127
 8.936966
 8.725240
 9.477074
 9.355154
 9.747308
 9.240908
 8.471167
 9.352004
 9.263946
10.287740
 9.517663
 9.313080
 9.941039
10.002135
11.135287
11.638554
12.194187
11.630710
11.279596
10.311919
10.366254
10.599156
11.215302
11.186656
11.271981
10.866908
10.732314
 6.827435
 7.379398
 7.654975
 7.748217
 7.810788
 8.104099
 7.641203
 7.981594
 7.824768
 8.219318
 7.646476
 7.602344
 7.691370
 7.959405
 7.809640
 7.607184
 7.856872
 7.996898
 7.531924
 7.789762
 6.980821
 6.626585
 6.956780
 6.419915
 6.935759
 8.895438
 8.805294
 7.875549
 8.399110
 8.978960
 6.021376
 5.749231
 6.111520
 5.754234
 5.829694
 5.602863
 5.724869
 5.626945
 5.891757
 5.924446
 5.654985
 6.265727
 6.360564
 5.692307
 5.621945
 5.375432
 5.459807
 5.398060
 6.139096
 6.095303
 6.454978
 5.632263
 5.457673
 5.342253
 5.912822
 5.599575
 5.306236
 4.872432
 5.191601
 4.929835
 4.498119
 5.016196
 5.169105
 5.141062
 5.179028
 5.333542
 5.172166
 5.282351
 5.747756
 5.533123
 5.284800
 5.174225
 5.127607
 4.652678
 4.485343
 4.222099
 4.388426
 5.225421
 5.478998
 4.710460
 5.158552
12.504194
12.014240
12.124900
14.178262
12.756039
13.606950
14.066833
12.432462
13.140724
13.569379
12.959919
13.654639
13.345115
13.257883
14.040885
13.053275
15.147796
15.034548
15.166414
14.944517
14.828930
14.366569
13.895409
13.082365
12.665385
13.105947
13.810110
13.734133
13.526473
13.426059
13.723601
15.069567
15.022409
13.687349
13.444345
13.351589
11.225100
11.963868
10.281581
10.296695
10.064621
 9.967907
 9.898455
10.086465
10.285081
10.287631
10.767478
10.306665
10.243558
10.507020
10.468486
 9.940321
 9.579972
 9.705554
 9.591766
10.069078
11.040476
10.942632
10.351386
10.220331
10.770907
11.614388
11.758652
11.234861
 9.420394
10.068530
10.082504
 9.838859
12.124768
12.102210
 9.480407
10.426168
11.798742
10.152382
10.650053
12.222285
11.800925
12.018655
11.969225
10.559995
11.215688
12.565850
12.717931
11.125032
12.847900
 9.343060
 9.247570
 9.095288
 8.663640
 9.597030
 8.854331
 8.777227
 8.310602
 8.338831
 7.614806
 7.952962
 8.015662
 8.204989
 8.006038
 7.985031
 8.438846
12.154659
11.977403
12.041500
12.103014
13.117741
12.549840
13.064840
11.958418
12.495802
12.936401
13.493113
12.038920
12.993564
13.006853
12.908666
12.122366
12.580323
13.172495
12.766437
13.075828
12.173663
12.575420
14.272881
13.733592
13.020158
14.587465
14.748574
14.134024
14.499551
15.034777
14.200357
13.624244
13.238649
13.155035
13.977267
13.757693
12.569116
13.134951
13.986211
13.791756
12.233103
13.594943
13.218143
13.004295
11.654587
 8.995242
 9.557297
10.039702
10.445775
 9.795703
10.472180
 8.407056
 9.642644
10.138322
 9.927970
 9.306167
 9.088814
 8.765602
 9.280626
 9.741512
 8.630041
 9.614039
10.709489
10.438359
10.489799
10.088500
10.752803
10.278163
10.139176
 9.779216
10.090885
 9.989516
10.108747
10.315321
10.311073
 8.630633
 8.079250
 7.101313
 7.355062
 9.681336
 9.119788
 9.305361
 6.062599
 6.314275
 6.148952
 6.399842
 8.416505
 8.124271
 7.859605
 8.147690
 8.115372
 8.624110
12.266486
13.641600
14.252768
13.284581
13.539041
12.728212
13.220159
13.416956
12.188222
13.400782
13.259089
12.480952
13.396909
12.736257
12.250878
13.168350
12.561396
12.283270
11.496545
11.251493
 7.723912
 7.995152
 7.990050
 7.984923
 7.747546
 8.621558
 7.978866
 8.645876
 8.466288
 9.338330
 9.409829
 9.100868
 9.920357
 9.459237
 9.270159
 8.460219
 8.757455
 9.373798
 9.184956
 9.824995
 9.166600
 9.294710
 8.878160
 9.248866
 8.696139
 9.662762
 9.420378
10.008742
 9.382629
 8.920667
 9.639421
 9.648020
10.515160
11.064961
11.213912
10.276542
 8.606814
 8.388788
 8.872787
 7.948980
 7.904917
 8.424657
 8.321808
 8.508185
 9.166320
 9.632810
 9.636285
 8.516972
 8.822201
 8.078384
 8.382626
 8.209842
 8.468215
 8.733047
 9.043314
 7.557828
 7.362102
 7.107060
 7.805087
 8.119649
 8.290803
 7.879989
 9.669018
 9.326935
 9.493234
 9.304439
 8.306600
 8.498392
 7.742068
 7.669583
 7.976638
 8.419895
 8.379633
 8.749140
 7.922876
 8.373031
 7.934897
 7.005292
 7.681819
 7.529363
 7.661532
 7.074356
 7.802875
 7.131917
 7.678093
 6.880125
 7.363010
 8.425962
 8.744286
 7.818230
 8.090495
 8.236283
 8.187577
 7.928326
 7.932851
 7.253444
 8.287639
 7.392380
 7.733736
 7.701757
 7.900526
 8.079233
 7.487636
 6.939418
 8.039012
 7.964464
 8.269313
 8.020494
 8.695660
 7.217709
 7.971945
 8.242668
 7.110813
 6.527265
 6.783739
 6.768204
 7.613496
 7.320445
 6.666389
 6.417077
 7.712988
 6.820771
 7.174577
 6.168184
 6.563321
 6.522101
 6.129994
 6.594671
 6.505267
 6.776438
 6.463123
 6.640293
 6.754872
 7.013350
 7.392470
 6.975343
 7.307465
 7.057927
 7.019657
 6.753583
 7.494861
 6.867065
 7.039878
 7.355404
 7.151428
 7.130036
 6.709755
 6.835570
 6.686424
 6.766015
 6.664193
 8.792134
 9.764225
 9.306611
 9.884656
 9.347108
 9.670476
 7.123194
 7.462078
 7.667992
 7.627625
 7.089492
 7.708577
 8.598432
 8.150835
 7.635445
 7.390295
 6.644955
 6.841571
 6.903815
 6.968176
 6.781297
 7.435710
 6.628019
 6.870417
 6.562015
 7.032415
 6.321716
 6.696384
 6.974659
 6.816719
 6.244018
 6.558562
 6.051075
 6.197022
 6.107923
 6.246702
 6.361562
 5.243844
 6.428089
 5.152301
 4.937592
 5.259053
 5.387606
 5.071386
 5.867929
 5.252116
 5.356681
 5.629999
 5.536523
 4.759378
 4.987858
 5.265207
 5.522922
 5.217027
 5.572229
 5.615756
 5.373229
 5.156534
 5.141233
 4.843951
 5.287791
 5.818433
 5.206077
 6.706537
 7.175388
 6.651820
 6.322349
 6.555186
 6.162574
 6.304100
 6.543842
 6.140485
 6.242686
 6.661884
 6.857072
 6.267129
 6.371112
 6.739365
 6.548222
 7.334649
 7.236261
 6.518916
 5.998756
 6.019176
 5.822850
 6.240750
 6.037026
 6.752462
 6.880550
 6.811363
 6.708098
 7.178555
 7.327969
 6.858775
 7.610833
 6.924281
 7.249495
 8.404612
 9.410793
 8.667273
 8.810970
 7.550931
 8.762094
 8.945614
 8.753958
 8.430777
 8.437956
 8.575818
 8.106800
 8.132192
 7.745408
 7.682339
 8.202431
 8.242099
 8.301614
 7.772301
 7.640374
 7.470497
 8.289027
 8.365341
 7.607948
 7.246460
 7.494632
 7.807530
 7.334976
 7.891876
 7.437194
 7.096459
 7.736908
 7.644102
 7.367158
 7.249641
 7.716025
 6.808587
 7.555166
 6.446045
 6.627069
 6.505832
 6.747704
 6.016480
 6.859144
 6.358219
 6.157586
 6.961503
 7.034663
 6.685568
 6.148497
 7.499578
 7.635518
 6.748003
 7.173422
 6.990926
 7.443912
 7.560733
 6.247770
 6.221104
 6.193130
 5.867479
 6.101214
 6.485156
 5.834936
 6.378471
 6.887552
 6.414210
 6.027633
 6.358076
 6.185380
 6.820777
 6.161052
 6.992592
 6.124341
 6.260564
 8.772937
