0.9582834
1.0519444
1.0236071
0.9354372
0.9686074
1.0061568
1.0213052
1.0158812
1.0841955
0.9680587
1.0042942
1.0888854
0.9910255
0.9650706
0.9650816
0.9674245
1.0887336
0.9966518
0.9645417
0.9407691
1.0813207
1.0689835
1.0135892
1.0152332
0.9598431
0.9897479
1.0115362
0.9932876
0.9703361
1.0271181
0.9496336
0.9856381
1.0404146
0.9466911
1.0042339
1.0065085
1.0309145
1.0178377
1.0264920
0.9975290
0.9582834
1.0519444
1.0236071
0.9354372
0.9686074
1.0061568
1.0213052
1.0158812
1.0841955
0.9680587
1.0042942
1.0888854
0.9910255
0.9650706
0.9650816
0.9674245
1.0887336
0.9966518
0.9645417
0.9407691
1.0813207
1.0689835
1.0135892
1.0152332
0.9598431
0.9897479
1.0115362
0.9932876
0.9703361
1.0271181
0.9496336
0.9856381
1.0404146
0.9466911
1.0042339
1.0065085
1.0309145
1.0178377
1.0264920
0.9975290
0.9582834
1.0519444
1.0236071
0.9354372
0.9686074
1.0061568
1.0213052
1.0158812
1.0841955
0.9680587
1.0042942
1.0888854
0.9910255
0.9650706
0.9650816
0.9674245
1.0887336
0.9966518
0.9645417
0.9407691
1.0813207
1.0689835
1.0135892
1.0152332
0.9598431
0.9897479
1.0115362
0.9932876
0.9703361
1.0271181
0.9496336
0.9856381
1.0404146
0.9466911
1.0042339
1.0065085
1.0309145
1.0178377
1.0264920
0.9975290
0.9582834
1.0519444
1.0236071
0.9354372
0.9686074
1.0061568
1.0213052
1.0158812
1.0841955
0.9680587
1.0042942
1.0888854
0.9910255
0.9650706
0.9650816
0.9674245
1.0887336
0.9966518
0.9645417
0.9407691
1.0813207
1.0689835
1.0135892
1.0152332
0.9598431
0.9897479
1.0115362
0.9932876
0.9703361
1.0271181
0.9496336
0.9856381
1.0404146
0.9466911
1.0042339
1.0065085
1.0309145
1.0178377
1.0264920
0.9975290
0.9582834
1.0519444
1.0236071
0.9354372
0.9686074
1.0061568
1.0213052
1.0158812
1.0841955
0.9680587
1.0042942
1.0888854
0.9910255
0.9650706
0.9650816
0.9674245
1.0887336
0.9966518
0.9645417
0.9407691
1.0813207
1.0689835
1.0135892
1.0152332
0.9598431
0.9897479
1.0115362
0.9932876
0.9703361
1.0271181
0.9496336
0.9856381
1.0404146
0.9466911
1.0042339
1.0065085
1.0309145
1.0178377
1.0264920
0.9975290
0.9582834
1.0519444
1.0236071
0.9354372
0.9686074
1.0061568
1.0213052
1.0158812
1.0841955
0.9680587
1.0042942
1.0888854
0.9910255
0.9650706
0.9650816
0.9674245
1.0887336
0.9966518
0.9645417
0.9407691
1.0813207
1.0689835
1.0135892
1.0152332
0.9598431
0.9897479
1.0115362
0.9932876
0.9703361
1.0271181
0.9496336
0.9856381
1.0404146
0.9466911
1.0042339
1.0065085
1.0309145
1.0178377
1.0264920
0.9975290
0.9582834
1.0519444
1.0236071
0.9354372
0.9686074
1.0061568
1.0213052
1.0158812
1.0841955
0.9680587
1.0042942
1.0888854
0.9910255
0.9650706
0.9650816
0.9674245
1.0887336
0.9966518
0.9645417
0.9407691
1.0813207
1.0689835
1.0135892
1.0152332
0.9598431
0.9897479
1.0115362
0.9932876
0.9703361
1.0271181
0.9496336
0.9856381
1.0404146
0.9466911
1.0042339
1.0065085
1.0309145
1.0178377
1.0264920
0.9975290
0.9582834
1.0519444
1.0236071
0.9354372
0.9686074
1.0061568
1.0213052
1.0158812
1.0841955
0.9680587
1.0042942
1.0888854
0.9910255
0.9650706
0.9650816
0.9674245
1.0887336
0.9966518
0.9645417
0.9407691
1.0813207
1.0689835
1.0135892
1.0152332
0.9598431
0.9897479
1.0115362
0.9932876
0.9703361
1.0271181
0.9496336
0.9856381
1.0404146
0.9466911
1.0042339
1.0065085
1.0309145
1.0178377
1.0264920
0.9975290
0.9582834
1.0519444
1.0236071
0.9354372
0.9686074
1.0061568
1.0213052
1.0158812
1.0841955
0.9680587
1.0042942
1.0888854
0.9910255
0.9650706
0.9650816
0.9674245
1.0887336
0.9966518
0.9645417
0.9407691
1.0813207
1.0689835
1.0135892
1.0152332
0.9598431
0.9897479
1.0115362
0.9932876
0.9703361
1.0271181
0.9496336
0.9856381
1.0404146
0.9466911
1.0042339
1.0065085
1.0309145
1.0178377
1.0264920
0.9975290
0.9582834
1.0519444
1.0236071
0.9354372
0.9686074
1.0061568
1.0213052
1.0158812
1.0841955
0.9680587
1.0042942
1.0888854
0.9910255
0.9650706
0.9650816
0.9674245
1.0887336
0.9966518
0.9645417
0.9407691
1.0813207
1.0689835
1.0135892
1.0152332
0.9598431
0.9897479
1.0115362
0.9932876
0.9703361
1.0271181
0.9496336
0.9856381
1.0404146
0.9466911
1.0042339
1.0065085
1.0309145
1.0178377
1.0264920
0.9975290
0.9582834
1.0519444
1.0236071
0.9354372
0.9686074
1.0061568
1.0213052
1.0158812
1.0841955
0.9680587
1.0042942
1.0888854
0.9910255
0.9650706
0.9650816
0.9674245
1.0887336
0.9966518
0.9645417
0.9407691
1.0813207
1.0689835
1.0135892
1.0152332
0.9598431
0.9897479
1.0115362
0.9932876
0.9703361
1.0271181
0.9496336
0.9856381
1.0404146
0.9466911
1.0042339
1.0065085
1.0309145
1.0178377
1.0264920
0.9975290
0.9582834
1.0519444
1.0236071
0.9354372
0.9686074
1.0061568
1.0213052
1.0158812
1.0841955
0.9680587
1.0042942
1.0888854
0.9910255
0.9650706
0.9650816
0.9674245
1.0887336
0.9966518
0.9645417
0.9407691
1.0813207
1.0689835
1.0135892
1.0152332
0.9598431
0.9897479
1.0115362
0.9932876
0.9703361
1.0271181
0.9496336
0.9856381
1.0404146
0.9466911
1.0042339
1.0065085
1.0309145
1.0178377
1.0264920
0.9975290
0.9582834
1.0519444
1.0236071
0.9354372
0.9686074
1.0061568
1.0213052
1.0158812
1.0841955
0.9680587
1.0042942
1.0888854
0.9910255
0.9650706
0.9650816
0.9674245
1.0887336
0.9966518
0.9645417
0.9407691
1.0813207
1.0689835
1.0135892
1.0152332
0.9598431
0.9897479
1.0115362
0.9932876
0.9703361
1.0271181
0.9496336
0.9856381
1.0404146
0.9466911
1.0042339
1.0065085
1.0309145
1.0178377
1.0264920
0.9975290
0.9582834
1.0519444
1.0236071
0.9354372
0.9686074
1.0061568
1.0213052
1.0158812
1.0841955
0.9680587
1.0042942
1.0888854
0.9910255
0.9650706
0.9650816
0.9674245
1.0887336
0.9966518
0.9645417
0.9407691
1.0813207
1.0689835
1.0135892
1.0152332
0.9598431
0.9897479
1.0115362
0.9932876
0.9703361
1.0271181
0.9496336
0.9856381
1.0404146
0.9466911
1.0042339
1.0065085
1.0309145
1.0178377
1.0264920
0.9975290
0.9582834
1.0519444
1.0236071
0.9354372
0.9686074
1.0061568
1.0213052
1.0158812
1.0841955
0.9680587
1.0042942
1.0888854
0.9910255
0.9650706
0.9650816
0.9674245
1.0887336
0.9966518
0.9645417
0.9407691
1.0813207
1.0689835
1.0135892
1.0152332
0.9598431
0.9897479
1.0115362
0.9932876
0.9703361
1.0271181
0.9496336
0.9856381
1.0404146
0.9466911
1.0042339
1.0065085
1.0309145
1.0178377
1.0264920
0.9975290
0.9582834
1.0519444
1.0236071
0.9354372
0.9686074
1.0061568
1.0213052
1.0158812
1.0841955
0.9680587
1.0042942
1.0888854
0.9910255
0.9650706
0.9650816
0.9674245
1.0887336
0.9966518
0.9645417
0.9407691
1.0813207
1.0689835
1.0135892
1.0152332
0.9598431
0.9897479
1.0115362
0.9932876
0.9703361
1.0271181
0.9496336
0.9856381
1.0404146
0.9466911
1.0042339
1.0065085
1.0309145
1.0178377
1.0264920
0.9975290
0.9582834
1.0519444
1.0236071
0.9354372
0.9686074
1.0061568
1.0213052
1.0158812
1.0841955
0.9680587
1.0042942
1.0888854
0.9910255
0.9650706
0.9650816
0.9674245
1.0887336
0.9966518
0.9645417
0.9407691
1.0813207
1.0689835
1.0135892
1.0152332
0.9598431
0.9897479
1.0115362
0.9932876
0.9703361
1.0271181
0.9496336
0.9856381
1.0404146
0.9466911
1.0042339
1.0065085
1.0309145
1.0178377
1.0264920
0.9975290
0.9582834
1.0519444
1.0236071
0.9354372
0.9686074
1.0061568
1.0213052
1.0158812
1.0841955
0.9680587
1.0042942
1.0888854
0.9910255
0.9650706
0.9650816
0.9674245
1.0887336
0.9966518
0.9645417
0.9407691
1.0813207
1.0689835
1.0135892
1.0152332
0.9598431
0.9897479
1.0115362
0.9932876
0.9703361
1.0271181
0.9496336
0.9856381
1.0404146
0.9466911
1.0042339
1.0065085
1.0309145
1.0178377
1.0264920
0.9975290
0.9582834
1.0519444
1.0236071
0.9354372
0.9686074
1.0061568
1.0213052
1.0158812
1.0841955
0.9680587
1.0042942
1.0888854
0.9910255
0.9650706
0.9650816
0.9674245
1.0887336
0.9966518
0.9645417
0.9407691
1.0813207
1.0689835
1.0135892
1.0152332
0.9598431
0.9897479
1.0115362
0.9932876
0.9703361
1.0271181
0.9496336
0.9856381
1.0404146
0.9466911
1.0042339
1.0065085
1.0309145
1.0178377
1.0264920
0.9975290
0.9582834
1.0519444
1.0236071
0.9354372
0.9686074
1.0061568
1.0213052
1.0158812
1.0841955
0.9680587
1.0042942
1.0888854
0.9910255
0.9650706
0.9650816
0.9674245
1.0887336
0.9966518
0.9645417
0.9407691
1.0813207
1.0689835
1.0135892
1.0152332
0.9598431
0.9897479
1.0115362
0.9932876
0.9703361
1.0271181
0.9496336
0.9856381
1.0404146
0.9466911
1.0042339
1.0065085
1.0309145
1.0178377
1.0264920
0.9975290
0.9582834
1.0519444
1.0236071
0.9354372
0.9686074
1.0061568
1.0213052
1.0158812
1.0841955
0.9680587
1.0042942
1.0888854
0.9910255
0.9650706
0.9650816
0.9674245
1.0887336
0.9966518
0.9645417
0.9407691
1.0813207
1.0689835
1.0135892
1.0152332
0.9598431
0.9897479
1.0115362
0.9932876
0.9703361
1.0271181
0.9496336
0.9856381
1.0404146
0.9466911
1.0042339
1.0065085
1.0309145
1.0178377
1.0264920
0.9975290
0.9582834
1.0519444
1.0236071
0.9354372
0.9686074
1.0061568
1.0213052
1.0158812
1.0841955
0.9680587
1.0042942
1.0888854
0.9910255
0.9650706
0.9650816
0.9674245
1.0887336
0.9966518
0.9645417
0.9407691
1.0813207
1.0689835
1.0135892
1.0152332
0.9598431
0.9897479
1.0115362
0.9932876
0.9703361
1.0271181
0.9496336
0.9856381
1.0404146
0.9466911
1.0042339
1.0065085
1.0309145
1.0178377
1.0264920
0.9975290
0.9582834
1.0519444
1.0236071
0.9354372
0.9686074
1.0061568
1.0213052
1.0158812
1.0841955
0.9680587
1.0042942
1.0888854
0.9910255
0.9650706
0.9650816
0.9674245
1.0887336
0.9966518
0.9645417
0.9407691
1.0813207
1.0689835
1.0135892
1.0152332
0.9598431
0.9897479
1.0115362
0.9932876
0.9703361
1.0271181
0.9496336
0.9856381
1.0404146
0.9466911
1.0042339
1.0065085
1.0309145
1.0178377
1.0264920
0.9975290
0.9582834
1.0519444
1.0236071
0.9354372
0.9686074
1.0061568
1.0213052
1.0158812
1.0841955
0.9680587
1.0042942
1.0888854
0.9910255
0.9650706
0.9650816
0.9674245
1.0887336
0.9966518
0.9645417
0.9407691
1.0813207
1.0689835
1.0135892
1.0152332
0.9598431
0.9897479
1.0115362
0.9932876
0.9703361
1.0271181
0.9496336
0.9856381
1.0404146
0.9466911
1.0042339
1.0065085
1.0309145
1.0178377
1.0264920
0.9975290
0.9582834
1.0519444
1.0236071
0.9354372
0.9686074
1.0061568
1.0213052
1.0158812
1.0841955
0.9680587
1.0042942
1.0888854
0.9910255
0.9650706
0.9650816
0.9674245
1.0887336
0.9966518
0.9645417
0.9407691
1.0813207
1.0689835
1.0135892
1.0152332
0.9598431
0.9897479
1.0115362
0.9932876
0.9703361
1.0271181
0.9496336
0.9856381
1.0404146
0.9466911
1.0042339
1.0065085
1.0309145
1.0178377
1.0264920
0.9975290
0.9582834
1.0519444
1.0236071
0.9354372
0.9686074
1.0061568
1.0213052
1.0158812
1.0841955
0.9680587
1.0042942
1.0888854
0.9910255
0.9650706
0.9650816
0.9674245
1.0887336
0.9966518
0.9645417
0.9407691
1.0813207
1.0689835
1.0135892
1.0152332
0.9598431
0.9897479
1.0115362
0.9932876
0.9703361
1.0271181
0.9496336
0.9856381
1.0404146
0.9466911
1.0042339
1.0065085
1.0309145
1.0178377
1.0264920
0.9975290
0.9582834
1.0519444
1.0236071
0.9354372
0.9686074
1.0061568
1.0213052
1.0158812
1.0841955
0.9680587
1.0042942
1.0888854
0.9910255
0.9650706
0.9650816
0.9674245
1.0887336
0.9966518
0.9645417
0.9407691
1.0813207
1.0689835
1.0135892
1.0152332
0.9598431
0.9897479
1.0115362
0.9932876
0.9703361
1.0271181
0.9496336
0.9856381
1.0404146
0.9466911
1.0042339
1.0065085
1.0309145
1.0178377
1.0264920
0.9975290
0.9582834
1.0519444
1.0236071
0.9354372
0.9686074
1.0061568
1.0213052
1.0158812
1.0841955
0.9680587
1.0042942
1.0888854
0.9910255
0.9650706
0.9650816
0.9674245
1.0887336
0.9966518
0.9645417
0.9407691
1.0813207
1.0689835
1.0135892
1.0152332
0.9598431
0.9897479
1.0115362
0.9932876
0.9703361
1.0271181
0.9496336
0.9856381
1.0404146
0.9466911
1.0042339
1.0065085
1.0309145
1.0178377
1.0264920
0.9975290
0.9582834
1.0519444
1.0236071
0.9354372
0.9686074
1.0061568
1.0213052
1.0158812
1.0841955
0.9680587
1.0042942
1.0888854
0.9910255
0.9650706
0.9650816
0.9674245
1.0887336
0.9966518
0.9645417
0.9407691
1.0813207
1.0689835
1.0135892
1.0152332
0.9598431
0.9897479
1.0115362
0.9932876
0.9703361
1.0271181
0.9496336
0.9856381
1.0404146
0.9466911
1.0042339
1.0065085
1.0309145
1.0178377
1.0264920
0.9975290
0.9582834
1.0519444
1.0236071
0.9354372
0.9686074
1.0061568
1.0213052
1.0158812
1.0841955
0.9680587
1.0042942
1.0888854
0.9910255
0.9650706
0.9650816
0.9674245
1.0887336
0.9966518
0.9645417
0.9407691
1.0813207
1.0689835
1.0135892
1.0152332
0.9598431
0.9897479
1.0115362
0.9932876
0.9703361
1.0271181
0.9496336
0.9856381
1.0404146
0.9466911
1.0042339
1.0065085
1.0309145
1.0178377
1.0264920
0.9975290
0.9582834
1.0519444
1.0236071
0.9354372
0.9686074
1.0061568
1.0213052
1.0158812
1.0841955
0.9680587
1.0042942
1.0888854
0.9910255
0.9650706
0.9650816
0.9674245
1.0887336
0.9966518
0.9645417
0.9407691
1.0813207
1.0689835
1.0135892
1.0152332
0.9598431
0.9897479
1.0115362
0.9932876
0.9703361
1.0271181
0.9496336
0.9856381
1.0404146
0.9466911
1.0042339
1.0065085
1.0309145
1.0178377
1.0264920
0.9975290
0.9582834
1.0519444
1.0236071
0.9354372
0.9686074
1.0061568
1.0213052
1.0158812
1.0841955
0.9680587
1.0042942
1.0888854
0.9910255
0.9650706
0.9650816
0.9674245
1.0887336
0.9966518
0.9645417
0.9407691
1.0813207
1.0689835
1.0135892
1.0152332
0.9598431
0.9897479
1.0115362
0.9932876
0.9703361
1.0271181
0.9496336
0.9856381
1.0404146
0.9466911
1.0042339
1.0065085
1.0309145
1.0178377
1.0264920
0.9975290
0.9582834
1.0519444
1.0236071
0.9354372
0.9686074
1.0061568
1.0213052
1.0158812
1.0841955
0.9680587
1.0042942
1.0888854
0.9910255
0.9650706
0.9650816
0.9674245
1.0887336
0.9966518
0.9645417
0.9407691
1.0813207
1.0689835
1.0135892
1.0152332
0.9598431
0.9897479
1.0115362
0.9932876
0.9703361
1.0271181
0.9496336
0.9856381
1.0404146
0.9466911
1.0042339
1.0065085
1.0309145
1.0178377
1.0264920
0.9975290
0.9582834
1.0519444
1.0236071
0.9354372
0.9686074
1.0061568
1.0213052
1.0158812
1.0841955
0.9680587
1.0042942
1.0888854
0.9910255
0.9650706
0.9650816
0.9674245
1.0887336
0.9966518
0.9645417
0.9407691
1.0813207
1.0689835
1.0135892
1.0152332
0.9598431
0.9897479
1.0115362
0.9932876
0.9703361
1.0271181
0.9496336
0.9856381
1.0404146
0.9466911
1.0042339
1.0065085
1.0309145
1.0178377
1.0264920
0.9975290
0.9582834
1.0519444
1.0236071
0.9354372
0.9686074
1.0061568
1.0213052
1.0158812
1.0841955
0.9680587
1.0042942
1.0888854
0.9910255
0.9650706
0.9650816
0.9674245
1.0887336
0.9966518
0.9645417
0.9407691
1.0813207
1.0689835
1.0135892
1.0152332
0.9598431
0.9897479
1.0115362
0.9932876
0.9703361
1.0271181
0.9496336
0.9856381
1.0404146
0.9466911
1.0042339
1.0065085
1.0309145
1.0178377
1.0264920
0.9975290
0.9582834
1.0519444
1.0236071
0.9354372
0.9686074
1.0061568
1.0213052
1.0158812
1.0841955
0.9680587
1.0042942
1.0888854
0.9910255
0.9650706
0.9650816
0.9674245
1.0887336
0.9966518
0.9645417
0.9407691
1.0813207
1.0689835
1.0135892
1.0152332
0.9598431
0.9897479
1.0115362
0.9932876
0.9703361
1.0271181
0.9496336
0.9856381
1.0404146
0.9466911
1.0042339
1.0065085
1.0309145
1.0178377
1.0264920
0.9975290
0.9582834
1.0519444
1.0236071
0.9354372
0.9686074
1.0061568
1.0213052
1.0158812
1.0841955
0.9680587
1.0042942
1.0888854
0.9910255
0.9650706
0.9650816
0.9674245
1.0887336
0.9966518
0.9645417
0.9407691
1.0813207
1.0689835
1.0135892
1.0152332
0.9598431
0.9897479
1.0115362
0.9932876
0.9703361
1.0271181
0.9496336
0.9856381
1.0404146
0.9466911
1.0042339
1.0065085
1.0309145
1.0178377
1.0264920
0.9975290
0.9582834
1.0519444
1.0236071
0.9354372
0.9686074
1.0061568
1.0213052
1.0158812
1.0841955
0.9680587
1.0042942
1.0888854
0.9910255
0.9650706
0.9650816
0.9674245
1.0887336
0.9966518
0.9645417
0.9407691
1.0813207
1.0689835
1.0135892
1.0152332
0.9598431
0.9897479
1.0115362
0.9932876
0.9703361
1.0271181
0.9496336
0.9856381
1.0404146
0.9466911
1.0042339
1.0065085
1.0309145
1.0178377
1.0264920
0.9975290
0.9582834
1.0519444
1.0236071
0.9354372
0.9686074
1.0061568
1.0213052
1.0158812
1.0841955
0.9680587
1.0042942
1.0888854
0.9910255
0.9650706
0.9650816
0.9674245
1.0887336
0.9966518
0.9645417
0.9407691
1.0813207
1.0689835
1.0135892
1.0152332
0.9598431
0.9897479
1.0115362
0.9932876
0.9703361
1.0271181
0.9496336
0.9856381
1.0404146
0.9466911
1.0042339
1.0065085
1.0309145
1.0178377
1.0264920
0.9975290
0.9582834
1.0519444
1.0236071
0.9354372
0.9686074
1.0061568
1.0213052
1.0158812
1.0841955
0.9680587
1.0042942
1.0888854
0.9910255
0.9650706
0.9650816
0.9674245
1.0887336
0.9966518
0.9645417
0.9407691
1.0813207
1.0689835
1.0135892
1.0152332
0.9598431
0.9897479
1.0115362
0.9932876
0.9703361
1.0271181
0.9496336
0.9856381
1.0404146
0.9466911
1.0042339
1.0065085
1.0309145
1.0178377
1.0264920
0.9975290
0.9582834
1.0519444
1.0236071
0.9354372
0.9686074
1.0061568
1.0213052
1.0158812
1.0841955
0.9680587
1.0042942
1.0888854
0.9910255
0.9650706
0.9650816
0.9674245
1.0887336
0.9966518
0.9645417
0.9407691
1.0813207
1.0689835
1.0135892
1.0152332
0.9598431
0.9897479
1.0115362
0.9932876
0.9703361
1.0271181
0.9496336
0.9856381
1.0404146
0.9466911
1.0042339
1.0065085
1.0309145
1.0178377
1.0264920
0.9975290
0.9582834
1.0519444
1.0236071
0.9354372
0.9686074
1.0061568
1.0213052
1.0158812
1.0841955
0.9680587
1.0042942
1.0888854
0.9910255
0.9650706
0.9650816
0.9674245
1.0887336
0.9966518
0.9645417
0.9407691
1.0813207
1.0689835
1.0135892
1.0152332
0.9598431
0.9897479
1.0115362
0.9932876
0.9703361
1.0271181
0.9496336
0.9856381
1.0404146
0.9466911
1.0042339
1.0065085
1.0309145
1.0178377
1.0264920
0.9975290
0.9582834
1.0519444
1.0236071
0.9354372
0.9686074
1.0061568
1.0213052
1.0158812
1.0841955
0.9680587
1.0042942
1.0888854
0.9910255
0.9650706
0.9650816
0.9674245
1.0887336
0.9966518
0.9645417
0.9407691
1.0813207
1.0689835
1.0135892
1.0152332
0.9598431
0.9897479
1.0115362
0.9932876
0.9703361
1.0271181
0.9496336
0.9856381
1.0404146
0.9466911
1.0042339
1.0065085
1.0309145
1.0178377
1.0264920
0.9975290
0.9582834
1.0519444
1.0236071
0.9354372
0.9686074
1.0061568
1.0213052
1.0158812
1.0841955
0.9680587
1.0042942
1.0888854
0.9910255
0.9650706
0.9650816
0.9674245
1.0887336
0.9966518
0.9645417
0.9407691
1.0813207
1.0689835
1.0135892
1.0152332
0.9598431
0.9897479
1.0115362
0.9932876
0.9703361
1.0271181
0.9496336
0.9856381
1.0404146
0.9466911
1.0042339
1.0065085
1.0309145
1.0178377
1.0264920
0.9975290
0.9582834
1.0519444
1.0236071
0.9354372
0.9686074
1.0061568
1.0213052
1.0158812
1.0841955
0.9680587
1.0042942
1.0888854
0.9910255
0.9650706
0.9650816
0.9674245
1.0887336
0.9966518
0.9645417
0.9407691
1.0813207
1.0689835
1.0135892
1.0152332
0.9598431
0.9897479
1.0115362
0.9932876
0.9703361
1.0271181
0.9496336
0.9856381
1.0404146
0.9466911
1.0042339
1.0065085
1.0309145
1.0178377
1.0264920
0.9975290
0.9582834
1.0519444
1.0236071
0.9354372
0.9686074
1.0061568
1.0213052
1.0158812
1.0841955
0.9680587
1.0042942
1.0888854
0.9910255
0.9650706
0.9650816
0.9674245
1.0887336
0.9966518
0.9645417
0.9407691
1.0813207
1.0689835
1.0135892
1.0152332
0.9598431
0.9897479
1.0115362
0.9932876
0.9703361
1.0271181
0.9496336
0.9856381
1.0404146
0.9466911
1.0042339
1.0065085
1.0309145
1.0178377
1.0264920
0.9975290
0.9582834
1.0519444
1.0236071
0.9354372
0.9686074
1.0061568
1.0213052
1.0158812
1.0841955
0.9680587
1.0042942
1.0888854
0.9910255
0.9650706
0.9650816
0.9674245
1.0887336
0.9966518
0.9645417
0.9407691
1.0813207
1.0689835
1.0135892
1.0152332
0.9598431
0.9897479
1.0115362
0.9932876
0.9703361
1.0271181
0.9496336
0.9856381
1.0404146
0.9466911
1.0042339
1.0065085
1.0309145
1.0178377
1.0264920
0.9975290
0.9582834
1.0519444
1.0236071
0.9354372
0.9686074
1.0061568
1.0213052
1.0158812
1.0841955
0.9680587
1.0042942
1.0888854
0.9910255
0.9650706
0.9650816
0.9674245
1.0887336
0.9966518
0.9645417
0.9407691
1.0813207
1.0689835
1.0135892
1.0152332
0.9598431
0.9897479
1.0115362
0.9932876
0.9703361
1.0271181
0.9496336
0.9856381
1.0404146
0.9466911
1.0042339
1.0065085
1.0309145
1.0178377
1.0264920
0.9975290
0.9582834
1.0519444
1.0236071
0.9354372
0.9686074
1.0061568
1.0213052
1.0158812
1.0841955
0.9680587
1.0042942
1.0888854
0.9910255
0.9650706
0.9650816
0.9674245
1.0887336
0.9966518
0.9645417
0.9407691
1.0813207
1.0689835
1.0135892
1.0152332
0.9598431
0.9897479
1.0115362
0.9932876
0.9703361
1.0271181
0.9496336
0.9856381
1.0404146
0.9466911
1.0042339
1.0065085
1.0309145
1.0178377
1.0264920
0.9975290
0.9582834
1.0519444
1.0236071
0.9354372
0.9686074
1.0061568
1.0213052
1.0158812
1.0841955
0.9680587
1.0042942
1.0888854
0.9910255
0.9650706
0.9650816
0.9674245
1.0887336
0.9966518
0.9645417
0.9407691
1.0813207
1.0689835
1.0135892
1.0152332
0.9598431
0.9897479
1.0115362
0.9932876
0.9703361
1.0271181
0.9496336
0.9856381
1.0404146
0.9466911
1.0042339
1.0065085
1.0309145
1.0178377
1.0264920
0.9975290
