14.461908
15.405711
15.239688
14.822466
14.676410
15.327757
14.894421
14.175796
14.481243
14.141752
14.383243
14.489675
17.297124
16.839313
17.535131
15.845011
17.363974
11.479853
10.172198
11.339075
10.590465
11.099101
10.796355
11.831849
10.059173
11.023044
10.862884
11.437086
11.366443
11.524412
10.746418
10.846842
11.552434
10.056364
10.223238
 9.754364
 9.457023
 8.710125
 8.749522
 9.670839
10.093218
10.455127
 9.097790
 9.503154
 9.498651
 9.968866
 9.160040
 8.909182
 9.282732
 9.747047
 9.507277
 9.714052
13.635587
13.637019
13.529878
13.609134
12.922375
13.930751
13.427481
13.349889
13.527512
13.772580
13.499096
13.505402
12.482455
12.840056
13.925261
13.079514
11.170318
11.644091
11.227604
 9.836600
11.154273
 9.629091
10.183906
10.672159
11.174954
 8.783295
 8.844322
 9.539650
 8.789180
 8.837748
 8.585286
 8.224744
 8.746907
10.644015
10.995580
11.873246
10.764100
11.511793
10.993148
10.255034
10.231713
10.382312
 9.859057
10.774319
11.083357
11.623939
11.293236
12.189324
11.839026
10.911097
11.232612
15.596898
15.599707
15.142402
16.627263
15.064170
15.391062
15.494919
15.506046
15.821984
15.438766
15.297454
14.334959
14.561151
11.570600
10.922453
11.898693
10.974331
10.612786
10.246867
10.799125
 9.618540
10.379508
10.872845
10.498029
10.539858
10.404965
10.673799
10.918416
 9.956452
10.303523
10.563951
 9.459152
 9.302074
 9.129869
 9.621566
10.182443
 9.613431
10.414824
10.455666
10.051155
 8.357272
 9.916977
10.066632
 9.506940
10.026973
10.928810
 9.450536
 9.874999
10.774498
10.475373
12.515664
12.030628
13.188685
11.468508
11.862171
12.187708
11.893128
12.450863
11.572832
11.570984
12.131758
12.928628
12.021922
11.132875
12.307892
12.751091
12.014996
12.966207
12.918800
13.149821
12.904033
11.972893
12.179703
12.223828
12.028826
12.829559
12.450128
11.677612
11.749676
13.756874
12.504320
12.712988
12.920312
12.112429
12.226352
13.156479
15.107621
14.240122
15.091806
15.216671
15.550729
14.343220
14.267239
14.889428
16.714291
14.205546
13.937651
15.416126
14.615102
14.423863
17.671794
17.376311
18.634883
19.246098
18.638082
18.573935
17.816053
18.351451
18.015469
20.409122
19.744939
17.325330
16.937396
16.010059
18.211091
16.345594
17.380546
17.248252
16.999673
16.695816
15.508384
15.591398
15.560673
17.002057
16.545492
16.763259
17.789584
14.387892
14.512136
13.908358
14.951071
14.295629
13.755637
13.982937
15.152975
14.589550
13.933878
12.628702
12.239889
12.763121
12.817412
12.618896
14.553749
14.331341
13.536808
15.054883
14.271700
15.491589
14.455026
14.876941
16.014689
14.878827
14.731635
15.300207
15.252271
15.513398
15.386791
16.796070
16.395491
16.730978
16.382898
16.779669
16.940067
16.083199
17.347802
15.067208
15.340392
14.869457
14.360584
15.659686
14.788869
14.931401
14.093116
15.711582
15.081059
15.378787
16.576703
13.721951
14.772245
13.552748
13.860442
13.545456
14.365858
13.555721
14.281386
14.336360
14.537392
14.233360
13.904132
13.214862
14.342683
14.888991
14.020953
14.302271
13.021501
14.976063
14.153479
13.734420
14.036222
13.860022
14.113959
13.313927
13.413361
11.645717
12.851943
11.947025
12.830764
12.229478
11.827779
12.607415
13.442586
11.565386
12.238852
13.555652
13.395832
12.741970
17.299803
16.493144
15.529996
15.610069
16.164515
12.599001
12.947861
12.008321
12.683940
12.793889
12.626519
15.374256
13.990211
15.132435
13.413341
13.837195
18.012176
17.041422
18.550670
18.547228
14.840973
14.392113
15.086591
15.116622
15.170541
14.088276
16.477313
16.876174
16.410523
16.846953
15.881859
16.810080
18.021975
18.004565
17.037761
18.200195
16.480129
17.478917
17.817182
23.392063
24.986836
21.839544
24.532967
24.587684
22.980180
23.663538
23.807777
23.193154
23.180233
23.967030
25.828063
23.825178
23.146055
21.737908
19.868277
22.213977
22.578468
22.098728
22.825534
22.247477
21.609559
22.498129
22.493618
22.929716
22.952991
23.093212
21.848228
21.920700
20.329169
20.345729
20.510318
18.659532
21.142098
20.269572
20.441004
21.973542
19.387051
20.628924
19.929255
18.435747
19.069041
18.143510
18.036171
16.648538
19.662436
19.025412
18.293885
17.558958
18.407776
19.259916
19.864626
19.482811
20.384251
20.421323
11.641883
11.484306
11.804116
11.221342
11.761341
18.067734
17.577018
17.122991
17.705249
18.058768
19.153972
19.753525
18.395565
18.689883
17.722455
17.382357
16.847331
17.565196
17.664960
17.375990
18.087743
20.220090
20.170477
18.672234
20.817313
21.234088
20.231140
20.749547
19.639304
20.198750
19.554055
18.538522
19.983778
 7.354500
 7.553153
 7.265766
 8.127592
11.250191
 9.503384
10.495810
10.142425
11.086919
10.787750
 9.865897
 9.863836
 9.797132
10.262388
 9.470975
10.301161
 9.618591
 9.483721
10.392960
10.634588
10.205220
 9.953186
 9.819562
11.157784
10.750669
11.271380
10.522846
 9.950106
11.413728
10.452484
10.612146
11.023181
10.442282
10.060191
11.955087
11.694075
12.800016
12.754197
13.097363
13.567407
14.084432
11.184221
11.389296
10.815092
10.774756
11.144400
 9.431978
 8.393767
 9.317388
 9.186992
 8.877219
 9.986127
10.076021
 9.429037
 9.889852
10.083699
 9.811008
 9.482994
 8.577970
 8.408413
 8.994678
 9.980398
 9.565278
 9.302777
 8.947761
 9.036837
 9.127673
 9.127314
 9.183048
 9.427193
 9.438944
 9.585946
 9.318420
 8.688834
 9.347983
 9.547850
 9.279444
 9.513474
 9.573069
 9.163726
 9.600881
10.643055
10.101357
 9.818538
 8.649709
 9.182186
 8.790509
 8.751382
11.945675
11.808923
11.314710
11.759471
12.122744
11.807126
11.355262
12.370726
11.384682
12.139216
11.703085
11.557274
11.143975
11.950523
10.829184
13.336076
14.388076
14.301323
14.721393
14.679095
11.805559
12.491911
11.957608
13.420055
14.031348
14.223708
13.743593
14.200046
13.263016
 8.362247
 8.348099
 8.251981
 8.159544
 7.837107
 7.590252
 8.172746
 8.093792
 8.048296
 8.174105
 8.050177
 7.810548
 8.510178
 8.634884
 7.503013
 8.524259
 8.141447
 8.555371
 8.407973
 8.161928
 8.334230
 8.007588
11.788630
10.805027
 9.636318
 9.338794
10.941677
12.014600
13.148431
13.038140
12.547751
13.554046
12.605509
12.331173
14.468100
14.014720
13.772046
12.768536
13.354640
 8.772430
 9.066526
 9.032928
 8.254214
 9.209557
 9.349499
 9.660947
 9.450322
 8.279753
 8.132085
 9.251577
 9.855065
 9.213286
 9.046997
10.114448
 9.529573
10.019204
10.117511
 9.904029
 8.499378
 8.794194
10.038157
10.271717
 7.944169
 7.949229
 8.216310
 8.048033
 7.629658
 7.065404
 7.238678
 7.861527
 7.906096
 8.237083
 7.852613
 7.866868
 7.701072
 8.106736
 8.210452
 8.393849
 8.023532
 7.767064
 7.033962
 7.633355
 7.421099
 7.894212
 8.702956
10.012188
 9.597498
 9.192743
 9.448608
 9.966914
 9.709191
 9.076331
10.961192
11.393649
11.583089
10.355876
10.824163
11.256144
12.149861
10.784399
 9.781625
10.174196
 9.989433
 9.659469
10.469941
11.495286
10.339519
10.276138
11.554674
10.839827
12.810763
12.367253
11.201387
 8.854852
 9.450090
10.671737
11.026937
10.401198
10.644519
10.633775
11.065906
 8.821316
 8.395549
 8.993632
 8.390580
 8.575990
 9.557198
 8.749598
 9.535395
 9.406325
 9.096892
 8.231566
 8.770295
 8.508224
 9.049741
 9.396961
 8.255408
 9.299909
 9.425289
 9.236991
 8.861058
 9.466274
 8.915519
 9.151813
 9.534324
 9.174237
 9.144048
 9.092278
 8.983252
 9.103695
 9.059233
 8.084814
10.611909
11.296754
11.564779
15.590900
14.220528
14.865458
14.584727
15.372544
14.077687
15.373268
14.858041
14.752575
15.503999
14.359180
15.056742
16.671103
15.879359
16.629444
16.417283
16.394204
16.858484
16.405568
16.565947
17.225897
16.408518
16.229894
16.517382
17.130826
17.373674
16.249012
15.383997
18.568824
16.837643
17.801715
17.022209
15.386132
16.783473
16.812288
17.237866
16.568992
17.619339
17.147298
16.844819
16.400573
18.265675
17.774113
17.543937
11.749061
11.081433
11.441578
11.319807
11.934798
11.083585
11.303064
 9.641310
10.731716
10.186231
11.061687
11.485670
10.649207
10.903008
11.585069
10.216555
11.098635
10.379785
12.390944
12.383988
11.796936
12.223315
10.868823
11.358677
11.057128
11.104577
10.803120
10.560197
11.219488
11.383585
11.083082
11.530325
11.309314
11.365280
10.887503
11.973835
12.573910
12.142061
11.843207
11.955143
12.185408
13.345634
12.991741
 9.416123
10.556593
 9.896253
10.446043
10.478748
10.654206
 9.566398
 9.329360
 9.946837
 9.519413
 8.967629
 9.544385
 9.356340
 9.225799
 9.487172
10.003561
 9.899075
10.832030
10.422084
11.873375
10.568913
10.786296
11.638395
11.410977
10.714172
11.114406
11.978155
11.461461
12.855814
12.566702
10.747159
11.287009
10.828885
10.338170
10.060553
10.114453
 9.825733
10.211203
 9.047354
10.522183
 9.906717
 9.102061
 9.611826
 8.826285
 9.893225
 9.472480
 9.231238
 9.703649
 9.541169
10.455754
10.099789
11.928204
10.483669
12.969525
12.936256
13.666236
14.933572
14.415515
14.305094
17.904678
17.064413
17.861730
16.496522
17.839226
18.002707
18.530848
17.262595
17.453798
15.127161
16.040293
15.356659
14.497203
15.621449
14.355370
14.872355
13.494996
13.998246
13.479278
12.879142
13.480299
13.224146
13.662516
11.807321
13.467725
13.067626
13.884349
13.201936
13.962587
13.729315
15.119992
14.329492
14.500334
15.108828
14.949667
16.732663
15.889422
15.708852
16.767248
14.536056
14.295386
13.564235
15.510702
14.385060
12.669860
13.738329
14.454639
15.141545
14.899350
13.885266
13.733197
14.644743
18.744812
18.748219
18.990482
20.784643
19.859438
18.630754
18.491673
19.176575
16.543072
17.509766
17.922912
17.186235
17.819758
18.371016
17.987589
14.551041
17.185095
15.833626
16.600292
12.560493
12.175378
12.268975
12.586978
12.879501
13.040824
13.112828
11.287632
11.899156
11.038873
10.439489
11.124664
10.572341
10.584630
10.500314
10.779071
10.648061
11.153507
11.565097
12.471300
11.659177
11.496473
12.731775
12.481013
12.388740
12.828462
12.935660
11.694459
10.501063
11.801613
10.483335
11.410105
11.657238
19.851960
20.026931
19.440083
18.327295
19.293145
18.938398
18.597839
19.882284
19.449840
18.663184
19.861351
19.316809
19.523114
19.792556
20.772646
19.774383
19.643283
18.460596
17.688820
14.500872
19.298191
19.158535
17.533481
18.306204
18.504719
15.659971
15.473662
16.254117
15.117584
16.838222
15.424610
15.458730
14.616426
13.765276
14.527071
15.761311
14.546464
16.418022
16.028406
15.578318
16.269422
17.803727
16.334410
17.244899
15.759706
15.150798
14.455341
16.023457
14.288464
13.594955
14.495788
14.887562
13.659356
14.329120
12.998447
15.203696
13.577665
14.353031
15.034071
14.999642
14.076003
13.355834
12.624179
14.905854
13.419164
13.634730
14.763933
14.278248
15.580654
15.674946
15.766228
15.380118
16.328630
16.145034
15.471095
14.751635
16.039225
16.409375
16.115672
16.425814
13.322808
13.970437
15.064211
14.546275
13.503242
14.205291
13.139923
13.345320
14.179986
13.890569
13.776908
13.661085
13.949787
14.966613
15.196363
14.806118
13.727639
14.295893
14.558488
14.735811
14.411872
14.306565
14.267779
12.678466
11.729437
12.645627
11.978061
11.739599
12.355405
13.043456
12.086010
13.391727
12.796846
12.952833
14.532077
12.483386
12.812956
11.585764
13.354259
12.917846
12.486390
10.978867
12.319583
11.049302
11.835344
13.869586
15.013261
15.256585
11.869883
13.086086
12.062193
12.683163
11.789526
11.886210
11.453796
11.727097
12.368962
12.989868
13.829176
13.587344
13.578564
13.371336
14.260072
13.641671
17.706884
18.068583
17.479726
19.012276
18.262188
15.052807
15.264074
15.333333
15.679226
15.551888
16.001925
16.049939
15.063237
16.119665
15.723618
14.731954
14.952145
13.937357
15.051121
15.368039
14.875838
15.393823
15.101662
15.286060
15.971668
15.037183
15.622823
17.452608
17.357628
17.405591
18.334079
12.964103
13.475228
12.835702
14.285026
15.060739
13.196767
13.529250
12.640128
12.345936
12.639834
13.169195
12.436767
12.099374
12.543637
11.845717
11.731352
12.364534
12.090215
11.603889
12.369656
11.899392
 9.047222
 9.450897
 8.901426
 9.270881
 9.011912
 8.912741
10.699888
10.511664
10.685101
10.954643
10.536693
11.132855
10.547906
10.187430
 9.289003
 9.080644
 9.481053
 8.769439
10.364132
10.480357
10.054184
 9.677353
 9.729260
10.897515
 9.833863
 9.172758
 9.562068
 9.545326
 8.785857
 8.547745
 8.625361
 9.021725
 8.568738
10.456968
 8.919289
 9.226835
 9.865353
 8.734856
 8.294569
 8.383760
 8.566552
 8.689373
 8.292968
 7.859024
 8.267514
 7.544114
 8.288370
 8.129556
 8.029552
 8.285200
 8.563810
 9.842247
 9.697148
 9.572823
 9.557582
 9.007685
10.004449
10.130102
10.384588
11.065924
10.242330
10.693031
10.342179
 8.552137
 9.750750
 9.929657
10.174322
10.173810
11.162746
10.416856
10.786701
 9.142861
 8.938640
 8.564609
 9.674372
 9.680884
 9.752487
10.133542
10.194735
10.030990
 9.765170
 9.288219
 9.956373
 9.522463
 9.897033
10.001209
10.024551
10.367853
10.051895
10.035267
 9.790592
10.005303
 9.277587
 9.588496
10.143342
 8.937201
 8.807288
 9.635195
 8.960621
10.268816
10.052006
10.270780
13.067725
13.077684
12.009945
13.132875
12.921741
12.373623
12.248641
11.954037
11.905793
11.185799
12.344559
11.372283
11.310392
11.609898
11.178733
10.455975
11.223655
12.559425
12.228091
11.721663
11.472515
13.045170
12.585478
12.852351
12.138231
13.228317
14.906101
14.644169
14.459882
14.347066
13.983737
 9.989827
10.165178
10.360478
11.159641
11.254992
11.057875
11.672443
11.675134
12.231201
11.444428
11.045164
11.794609
11.350709
11.960740
10.669122
10.651644
10.865634
10.536639
10.542061
10.511024
11.634325
17.020950
17.903227
17.866064
17.424153
14.150055
16.586651
16.096673
16.480682
16.058578
17.701128
16.602250
18.696328
17.674722
15.486431
15.853683
15.663133
15.001368
16.119091
15.031185
15.275752
16.196539
15.492615
14.702732
16.020025
15.255538
16.459803
15.863406
12.664580
14.883753
13.952334
13.828580
14.592870
13.926578
14.203196
14.385127
14.183012
13.146091
15.494583
13.352752
10.512688
10.399753
10.942166
11.052838
10.617566
10.867281
11.172670
11.147952
10.457066
10.905846
10.252969
10.948872
11.128735
10.060093
10.906876
10.934122
10.956382
11.544944
10.779123
11.547384
10.148070
10.638058
10.759798
10.574623
10.107465
10.747732
11.087515
10.980822
 9.966253
10.932919
10.421843
10.841608
11.070913
10.785592
10.798902
10.487063
10.989362
12.612144
13.342577
13.070036
12.020727
13.144431
14.205758
13.416560
13.144184
 8.657263
 9.037697
10.364858
10.673042
10.383811
10.661244
10.730635
 8.244457
 9.021512
 8.924772
10.479370
11.227560
 9.748762
17.373263
16.953657
16.377293
17.643251
17.407433
17.196674
11.847694
11.257645
12.575555
11.153816
11.274446
14.261077
13.235329
12.974979
13.623656
13.458009
13.530461
14.112475
13.793339
12.978689
13.279608
12.832627
12.777603
11.483023
12.525676
11.985177
11.841502
11.266659
12.514599
11.481585
11.075213
11.478777
14.068298
14.844784
14.815279
13.676936
14.201769
13.653909
13.746263
13.546045
15.127221
13.526953
13.906311
14.323541
13.169007
13.284594
13.726855
13.024671
14.695059
14.838955
14.444221
14.312706
12.991693
13.952725
12.654675
13.609814
13.724741
13.932753
13.251893
14.116622
14.600061
15.363690
14.440641
13.874406
12.955918
14.317559
15.191714
16.225691
15.422395
12.200804
12.932244
12.590201
11.778671
12.875699
12.153451
11.915347
13.000207
12.249002
12.696377
12.677752
12.796194
13.892119
13.849872
13.966804
16.025319
14.371987
14.654579
14.530824
15.827750
11.551701
11.530502
11.644571
12.357492
13.124297
13.732347
12.399180
12.403345
17.941110
18.349972
18.832071
19.343585
20.019023
19.346503
19.356065
20.569883
20.159004
17.756063
20.091428
19.289077
20.467470
19.416203
16.350600
16.916355
17.432131
18.509164
18.610642
17.550317
19.726030
18.035049
18.523490
19.190587
18.036575
18.816502
18.512827
18.977088
17.656669
18.595904
18.811217
17.172129
17.551765
17.886220
18.465908
17.803961
18.717895
17.459216
17.467544
18.880834
15.725025
16.663197
16.781126
15.063491
15.632287
17.596744
20.057805
19.007626
19.610246
22.152512
21.688917
21.844181
19.843269
21.208083
20.992934
22.732450
23.261729
22.382710
24.089539
22.456690
25.721340
24.034690
23.791631
23.215701
22.276716
24.332824
24.258211
24.026683
20.827171
21.190444
21.361273
20.122953
21.750704
19.855209
20.054442
19.574083
20.190044
20.434201
20.723304
18.883704
20.216497
17.579211
19.838377
17.186962
18.092656
18.000902
17.123088
17.229164
17.909114
17.947821
17.706094
17.086730
17.514725
19.814328
20.219173
19.683545
19.593058
20.111883
21.503729
19.207377
17.224150
20.947680
15.427730
14.884217
15.399209
15.232549
13.901497
14.263001
 9.626418
 9.196007
 9.505531
 8.615447
 8.392633
 8.919358
 9.542698
 8.883061
10.711337
10.808970
 9.786862
11.119399
 9.692749
 9.209413
 9.569676
 9.190234
 9.053443
 8.683900
 9.364291
 8.797265
 8.720526
 9.059418
 9.226096
 8.795233
 8.730752
 8.182278
 8.076032
 8.103492
 9.541074
 9.733539
 9.680857
 9.605104
 9.091982
 9.577149
 9.480063
 9.457270
 9.684679
13.651001
13.889694
12.850463
12.367854
12.335933
12.701714
11.821603
12.102928
12.863136
11.735778
12.163795
13.836430
14.701750
14.140208
13.569786
13.565821
12.552552
13.329449
17.411599
18.374648
17.161285
11.211033
10.963953
10.357170
10.484780
21.394117
20.115238
19.522939
20.700125
19.578308
19.712022
21.047262
18.491396
19.462361
18.566550
17.962401
18.925354
18.893267
18.360945
18.312413
17.936851
20.745590
23.202626
20.712885
21.634203
21.941858
21.539273
19.390125
18.838402
20.279482
19.883137
21.060377
19.149450
19.659492
19.808511
17.610152
17.262240
18.016391
19.082672
20.883336
20.940476
20.110570
19.536731
18.294442
17.519091
18.881670
23.466132
23.417702
25.522611
23.043515
13.654578
15.008525
14.389521
11.730453
12.402601
12.132062
12.467394
12.560745
11.725511
11.819720
10.590024
10.261984
10.105214
10.256097
 9.799514
11.057067
10.412162
10.918315
10.709791
10.295321
10.089775
10.377471
10.113588
 9.549423
 9.597132
 8.929280
 8.750595
 9.957173
14.768323
14.632889
13.888656
12.724032
13.156572
12.761511
13.903104
13.859622
13.819501
14.340298
14.240537
13.311905
14.182065
14.695015
13.563542
13.574183
15.142530
13.678211
14.629580
14.279063
14.727552
14.761990
14.025799
14.464124
13.653823
12.771263
13.185036
13.123334
13.267827
13.294140
14.595794
14.288110
14.647443
13.735245
13.254687
12.108737
12.263659
12.748866
13.335402
13.275564
13.457565
11.478503
11.492635
12.163128
12.233446
11.967503
12.574441
12.566256
12.406466
11.825832
12.023792
12.511230
12.118170
12.318224
11.004706
13.193137
14.486923
11.064294
10.709932
11.519997
11.253330
11.748423
11.989399
12.286475
11.200636
10.522298
10.043486
10.393647
10.479302
 9.947638
10.637894
11.149965
10.680778
11.429403
10.682027
10.823013
10.547577
10.390265
10.180809
10.027055
10.612847
11.404676
10.623962
12.258487
12.692034
12.749142
11.678883
11.891031
12.590868
12.306889
12.539343
12.289369
11.143830
12.271335
12.655530
12.126000
12.847948
13.585167
12.901260
12.708886
13.614748
12.701325
13.326148
12.989518
12.107454
11.944009
12.232164
11.961582
11.975278
13.982706
13.249304
14.407087
16.123940
14.833988
13.991171
14.280095
14.800273
14.133034
14.880400
13.755046
15.381847
16.222179
15.532354
15.185869
15.082773
15.532857
15.202180
15.426379
15.001737
14.885282
12.183388
18.865815
19.617697
20.122418
19.982200
18.447949
20.529905
18.300781
20.223391
19.015414
20.375264
18.849491
18.777570
17.993249
18.305385
18.279831
17.836193
20.139348
18.308369
18.787669
18.482277
16.025547
16.655292
16.796675
17.994220
16.903377
21.265328
19.112631
19.995009
19.957179
18.901946
20.167572
19.783632
19.180753
20.372741
20.553791
20.421544
19.500473
19.229547
18.890278
18.714578
19.259030
18.773715
19.853218
18.847793
19.678388
16.600913
16.849555
18.152754
19.127177
17.940609
17.997666
17.430136
17.146439
17.823518
18.159701
18.786950
20.289142
19.842339
19.485527
20.937400
20.332448
20.977327
19.354848
22.295213
20.882654
21.427680
20.579103
19.624969
21.127172
19.633691
19.132551
18.467160
19.546043
20.845551
20.247992
17.779535
17.445766
16.740516
17.670526
17.843777
15.523717
18.528039
16.228055
15.772668
16.820487
16.247651
15.986646
11.599681
10.965641
11.903519
11.542710
11.376028
11.438503
12.888754
13.560318
13.510918
13.965251
12.698434
12.939421
13.785592
13.464712
13.957924
13.372025
15.870136
15.036495
15.473728
16.219557
15.997765
16.242501
15.570740
16.919159
16.176298
15.538103
16.813270
15.036998
14.604352
15.045608
13.172998
12.928237
14.161080
13.461598
13.815379
14.150044
14.808174
13.603134
13.296016
13.993034
12.961629
14.129199
13.498074
13.826427
13.768125
13.453814
13.811888
13.147642
12.999663
12.783745
12.850291
13.311662
14.258110
12.847452
12.981962
13.362049
13.168017
11.852626
12.887510
12.025019
12.687885
13.208220
11.826720
13.632742
13.442533
13.810878
13.350673
13.286762
13.335166
13.034283
13.303986
12.960775
13.062314
13.468638
12.931274
11.945274
11.447219
11.771437
13.448898
12.427314
12.093591
12.606267
10.682863
10.166485
10.619429
10.429127
10.618814
11.466982
12.729714
13.019693
11.952094
13.142968
12.594215
11.148633
11.785703
11.912290
12.648100
13.112484
12.607747
14.175898
14.972705
15.850167
18.190979
21.003957
19.559679
21.360917
18.990964
20.593604
18.715782
18.791166
20.533394
20.022829
19.756070
19.504756
19.839268
20.317155
13.077445
12.857883
12.866963
10.855826
11.015069
11.336629
11.316423
11.442477
12.871523
11.667682
12.136271
14.690353
13.805070
13.940437
12.588908
12.475796
13.328765
12.661941
11.766116
11.444032
13.663636
13.247755
12.747318
12.178052
13.537631
12.270220
14.120412
14.126903
13.395536
14.452893
13.211548
12.968703
12.219820
11.738039
12.266420
11.713017
12.602001
10.054842
10.467022
 9.877012
 9.652155
 9.193250
 9.139557
 9.862706
10.352552
10.266335
10.166662
 9.808201
10.975977
10.760072
11.178436
10.886079
11.962074
11.577421
12.142946
12.071427
11.988820
13.991278
12.196499
14.275028
15.087831
14.283023
14.706888
15.477831
13.837063
13.253833
13.779724
13.787314
13.479913
15.078514
14.989264
18.007237
17.298091
17.731316
15.609912
16.094592
16.948965
17.302174
17.835016
16.178072
16.416071
15.955127
17.171393
16.297094
15.555699
16.197896
17.761664
17.428251
19.192893
18.629492
18.391190
16.430753
17.242504
17.179799
16.466651
16.377058
16.607759
17.240358
16.147606
17.986206
14.897475
17.775070
16.333770
15.629356
16.207349
16.345170
12.149790
13.785773
14.438208
14.339169
14.478295
15.009837
14.428518
14.871228
12.986843
12.281174
12.574436
13.594239
12.905812
12.835979
13.035900
13.354543
13.310519
13.695210
13.362975
12.718596
13.397633
13.546978
13.387515
13.042732
11.846570
12.284670
12.222927
11.718526
13.049189
10.676579
10.621668
10.665265
 9.713443
10.192299
10.739425
10.307039
10.875821
12.577967
10.848192
10.387932
12.801643
11.333790
11.133205
12.743444
12.347712
12.294115
11.488760
11.573912
12.199902
11.735174
11.505095
12.123223
13.319435
13.209969
13.706453
15.159158
13.162656
13.146694
13.402722
15.204655
15.587190
15.857343
17.205533
15.375511
15.826473
15.130632
14.762321
13.687735
14.263038
13.613787
15.189175
13.980027
14.052634
13.175644
13.581949
13.543830
13.372937
14.388707
14.356824
12.904161
11.731881
12.474340
13.706011
12.606372
12.521057
12.353656
14.211009
13.190722
12.298492
13.881194
13.644117
13.340868
14.428647
13.065332
13.619569
14.617754
14.851571
12.505115
12.858926
12.717425
11.661401
11.135451
11.052206
11.160377
11.864067
11.125314
11.572774
13.554734
13.706760
12.919963
14.415539
13.930152
13.635593
14.416140
13.894210
12.972537
16.025611
15.508704
14.824131
17.807045
16.881616
16.106659
15.011493
16.070333
16.965161
15.821416
15.042207
13.535921
15.346606
15.301713
14.831136
14.163059
13.347565
15.050321
15.704117
16.600748
15.438704
13.344106
15.245199
16.092214
14.127638
21.600546
20.342665
20.770644
20.002231
17.311433
17.255658
16.759969
16.373036
15.776747
17.231307
15.591492
17.723386
16.486734
16.324909
16.921026
16.686748
16.035874
16.366099
16.413084
17.126657
17.032913
17.583166
17.306156
14.773802
14.385969
15.976113
15.886311
15.247286
14.421205
15.688927
14.488975
13.762879
12.947322
15.338428
15.595644
16.077782
17.255389
17.364305
18.179470
18.348257
18.211471
 9.529453
 8.785477
 8.469821
 9.569832
10.256112
 9.927199
11.012770
11.036294
15.242076
15.509972
14.725036
15.953664
15.660954
14.382630
15.603690
15.773087
16.511550
19.964197
18.574783
18.989325
19.869705
18.610176
19.865805
19.894063
19.621028
19.240338
16.444720
17.675690
17.474258
17.344886
17.018534
17.535470
17.026100
16.430222
17.732507
17.644094
17.147989
16.730887
19.638668
19.401923
19.362034
19.178701
16.110758
16.781759
18.539520
18.639378
19.764349
19.083942
19.118143
17.116320
17.568986
15.908892
16.050944
16.156848
14.127660
15.445073
15.166428
15.293652
15.752993
16.337080
15.474459
16.219990
17.463339
18.559848
19.645814
17.140329
17.949841
17.482507
18.697173
18.950981
18.283534
17.706161
16.459620
16.839740
17.155586
16.063057
17.067614
16.964032
18.105084
18.366805
18.599127
17.554193
17.699681
18.719299
18.075476
16.572058
17.572773
 8.893305
 9.283448
 8.700707
 9.274632
 8.983878
 9.681976
 9.346604
 9.832727
 9.567842
 9.364852
 9.696565
 9.669913
10.090047
 9.465785
 9.464476
 8.864563
 9.893217
 9.619314
 9.327979
 9.672796
14.693317
15.618394
22.089126
21.962239
21.206691
21.180056
20.587257
19.881366
19.961494
21.006839
19.931052
17.457589
18.690444
18.089511
14.524698
14.761508
14.790378
15.126910
14.080614
16.451993
15.928423
16.598829
16.730607
17.652968
17.819653
18.000303
17.276703
17.967876
17.120280
17.723189
18.035791
17.883348
17.123330
15.567933
16.388691
15.267942
16.935010
17.043148
15.789302
15.679418
19.079125
18.793399
17.689925
17.510349
18.149222
18.579773
17.780409
17.927480
19.406022
16.838922
18.826864
18.463257
18.556611
18.667105
18.975459
17.925599
18.271991
19.709034
17.671701
16.762865
17.877762
17.084228
17.550129
17.056566
18.927003
18.037713
18.189515
17.576900
19.505339
19.666320
19.439174
18.449154
17.554870
18.511332
20.827436
19.423418
19.892684
19.997906
18.796778
17.034210
19.647776
17.326635
16.121710
17.044318
16.801983
17.979766
17.684888
16.992739
17.460056
17.326629
16.370341
10.597053
10.796988
10.312020
11.204475
11.892531
11.869215
12.557927
11.341126
11.896761
11.225824
11.343020
12.427710
11.722099
10.726948
10.275758
11.159160
10.645522
11.030063
10.777190
17.457788
13.601260
13.588878
16.125699
16.391908
15.943327
17.006002
15.573147
16.193017
16.125884
14.773121
16.240512
16.265431
14.345472
15.128107
15.761286
14.688469
11.696838
12.790030
12.320912
12.010006
 9.233988
 8.500000
 8.200776
10.385346
 9.999167
10.474807
10.114892
 9.335304
 9.054831
10.797638
10.908054
10.105716
11.037981
13.208609
12.680601
14.387926
15.072041
14.449890
13.501718
13.312080
11.751893
11.909687
12.954593
11.651083
11.419384
12.054821
11.012143
12.398378
12.098853
11.374892
11.688882
11.578059
12.979700
11.714877
11.368127
10.681013
11.048989
11.938602
17.478234
18.162752
16.437539
16.656525
16.751330
15.284808
15.142614
18.037488
17.955120
17.684022
17.335729
17.185072
17.461135
15.689754
16.190804
16.929127
15.704707
16.630646
17.230513
15.807308
16.207354
17.303775
16.143489
16.510914
17.593639
16.351874
17.843633
15.386952
15.943553
17.828804
17.995113
18.694580
17.537916
17.807701
17.992264
19.096301
22.182355
19.837758
21.745254
20.858309
22.547870
20.773805
21.194790
15.775443
15.075900
15.838885
15.973543
16.039433
16.608956
14.660186
16.570842
16.100140
16.680120
15.517176
17.399123
17.219453
17.009777
16.708863
18.762011
17.067553
17.426822
16.938544
17.647273
19.300030
18.261148
20.698589
19.013189
19.908391
20.205532
18.624198
20.175402
18.211994
11.800597
12.728624
12.495974
13.345285
13.121696
12.753561
12.443953
11.816191
12.268335
13.085557
12.834374
12.557718
13.308290
12.764012
12.973200
15.406340
15.337433
14.308180
14.265813
15.761982
16.463913
10.919495
10.406443
10.811254
10.782107
11.160131
 9.920124
10.219821
 9.582190
 8.712895
10.210150
10.642046
10.613897
10.025284
 9.529694
 9.004809
10.698338
20.232890
19.385864
20.682324
20.409412
19.619581
20.343104
20.487829
21.135753
20.564640
19.017855
19.642740
19.621163
18.864330
16.073170
16.065803
15.308003
16.097634
16.840258
16.887929
16.054859
16.090970
16.707873
16.800767
16.547306
15.774224
16.728766
17.578364
17.689683
17.374204
 9.755412
10.833401
10.055659
11.925188
12.259150
12.156058
12.533793
11.841563
11.891102
11.061892
10.616254
11.379208
10.390871
11.428237
11.303528
11.740133
11.698403
11.338705
11.273710
11.010014
11.288550
10.992890
11.405545
11.553854
11.272591
11.560386
11.308965
11.759879
12.840018
12.441325
12.771356
12.588690
12.133696
11.410958
11.688167
12.150186
12.280539
12.078838
12.115696
12.445721
11.217986
12.044251
11.249781
13.031022
13.808775
13.995452
14.877266
14.391280
14.286445
14.343424
10.977252
10.655703
14.352197
14.361324
12.577458
13.934418
13.099003
13.480333
13.716735
13.570385
12.916185
12.875178
12.741836
13.081847
12.387083
12.630727
11.967538
11.863418
11.670184
12.485191
 9.308932
 8.858191
 9.458648
 9.143896
 9.260483
 9.518073
 9.126719
 9.215294
 8.953443
 9.743077
 9.725972
 9.221941
11.366373
12.489099
11.062753
10.917191
10.342954
11.118079
10.409869
10.686233
11.331235
11.776567
11.954416
11.435368
10.552410
10.487470
11.248821
11.426363
10.804847
11.029808
11.744410
12.177272
11.123994
11.662037
10.523747
11.603125
11.739950
11.021671
 9.966734
10.780985
11.253857
10.292706
11.611567
11.546063
 7.919744
 8.001007
 7.783419
 8.071291
 7.733780
 7.842701
 8.168003
 8.178236
11.159949
11.541814
12.004933
10.997078
12.464507
12.447649
11.557741
12.583591
12.496236
12.838971
13.083607
12.761607
12.634900
12.548368
11.616977
 8.220280
 8.710594
 8.211565
 8.488255
 8.378520
 8.099168
 9.576642
 9.968874
10.279895
10.343769
10.357134
12.047420
11.820771
11.932590
12.209851
11.643155
12.231328
 8.204963
 8.746843
 8.468504
 8.894909
 8.660932
 8.791029
 8.987151
 8.540090
 8.499654
 9.641609
 8.089523
 8.198335
 8.422626
 8.472391
 8.118176
 8.713187
11.358423
10.782308
11.066079
11.076361
10.600151
 9.990804
 9.445668
 9.866967
 8.645890
 9.518808
10.283844
10.474672
 9.844575
 9.132009
 8.769465
 8.798017
 9.054237
 9.192851
 9.284958
 9.509373
 8.906681
10.793855
11.348259
11.121633
11.222067
11.374824
11.087052
11.147492
11.910398
11.412645
11.190005
10.763134
11.646480
11.606169
11.399295
12.870584
12.723301
12.647685
11.930554
 8.918283
 9.127587
 9.340114
 9.203336
 8.865266
 9.005346
 9.235550
 7.866815
 7.590012
 7.796735
 7.459590
 7.640233
11.576433
13.001092
13.008788
12.351343
11.792487
12.850524
12.939548
13.442208
12.194750
13.859718
12.703508
13.541687
14.297891
13.617201
13.174566
15.256060
15.307744
15.182870
14.474468
15.752894
14.931114
14.201443
16.183580
15.692703
16.398634
16.328678
16.600856
16.890747
13.403510
15.138625
13.708620
15.104039
14.638273
13.146875
14.176155
14.660446
14.034534
12.936076
12.557516
13.597830
13.428143
12.147163
13.229361
12.438608
13.334238
11.876238
12.597614
12.628962
11.093783
11.015612
10.800756
10.519986
10.555866
10.599491
11.346743
10.711930
11.493603
 9.740864
 9.967287
10.219917
10.275548
10.348341
10.701741
 9.370835
10.112355
10.028040
10.766517
10.236098
11.123716
11.857118
12.263978
12.837803
12.984604
13.120527
12.770346
10.469321
10.760193
 9.915885
11.091141
11.453260
11.694939
11.835089
10.820010
12.191605
12.307335
12.196488
12.888103
12.586837
13.059474
11.305484
11.891971
 6.871753
 6.895688
 7.183892
 7.134891
 7.496491
 7.287555
 7.375061
 7.629907
 8.555948
 8.661777
 8.414559
 8.249821
 7.350112
 7.392529
 6.903302
 7.161945
 7.120392
 7.234110
 7.305265
 8.267756
 8.236319
 8.355652
 8.536940
 9.843331
10.426515
11.769839
11.080049
10.531380
11.062011
10.454484
 9.587187
10.096801
 9.551462
10.341280
 9.123854
 8.703053
12.945360
12.490598
12.495002
12.455894
12.559661
13.186160
12.983497
13.755439
13.205571
12.468339
11.101634
11.187285
11.781331
11.954067
13.489132
13.727049
13.129033
12.887736
13.688311
13.171327
12.477866
12.783590
12.529573
12.816760
 8.138031
11.563761
12.065931
11.479213
11.399098
12.236511
11.131601
10.771964
12.697491
11.391385
11.521898
10.852531
11.649250
11.913786
11.909528
12.356039
11.504837
11.241729
11.784892
10.552808
11.214447
11.192859
11.279801
11.323150
12.104704
11.351802
11.428577
12.352424
11.752153
12.008835
12.547838
12.659337
12.527444
12.352581
11.971347
12.483388
11.171223
12.142872
10.206439
10.527410
10.516146
12.186635
11.843116
10.982271
11.545333
11.794230
12.814992
12.740763
12.680553
13.097315
14.189297
11.363928
12.101097
12.050695
11.655725
10.529272
11.373470
11.168470
12.220580
11.062921
11.793713
11.317136
12.440086
14.414881
16.321989
14.984881
15.442520
18.308105
17.621296
16.530483
16.954910
18.009421
19.697789
19.287293
21.128328
19.834804
20.446186
19.639268
21.083626
19.856938
19.665354
20.753443
18.265719
20.112131
19.795204
20.420824
20.833407
18.995722
19.454943
16.385892
17.131000
15.901987
17.094404
16.507742
16.852662
17.064307
15.735559
15.860144
15.400009
15.936497
15.798171
15.819264
17.691229
14.516695
15.784597
13.158102
15.035770
13.600257
13.474978
13.092592
11.810848
13.016096
11.556240
13.344205
13.507039
13.198670
14.246283
13.457872
13.446394
14.015849
13.806782
11.356557
11.951281
12.396112
11.972437
12.469324
12.665711
12.877788
14.024484
 9.954143
 8.976263
10.178242
 9.113055
 9.505928
 9.389770
 9.097440
10.428602
10.041451
 9.962653
10.072298
 9.647086
 9.515268
10.491381
 8.325916
 8.835636
 9.227669
 9.015741
 9.134993
 8.567475
 8.855949
 8.804917
 8.629117
 7.965315
 7.589230
 7.792339
 8.324080
 8.280692
 7.145009
 7.709260
 7.077945
 7.412549
 7.318329
 6.711364
 6.917018
 7.065475
 7.536795
 7.139423
 8.030742
 7.968158
 7.353341
 6.928900
 6.677736
 6.571606
 6.671573
 6.879821
 6.972732
 6.165229
 6.534134
 7.663984
 8.106520
15.072654
15.513256
14.953912
14.544708
 9.512533
13.428899
14.269835
13.085513
13.194162
13.998997
12.754059
12.828098
13.241874
13.117290
13.526269
12.874846
12.886956
13.586684
12.976935
12.977631
13.315853
14.678064
14.063588
13.604691
14.003435
14.248764
14.512838
13.518023
13.925842
14.661725
14.285793
14.135027
15.005518
14.905809
15.712702
14.354647
15.937053
12.582751
12.897254
12.519881
12.198608
12.532320
13.030647
13.032048
15.107003
15.128703
14.583314
15.440201
15.849139
16.638407
16.692226
14.451736
13.298769
13.994244
13.685068
14.412733
13.529113
11.569861
11.446484
11.427331
10.866064
11.253659
10.660024
12.550368
11.562116
13.606520
13.465703
13.119607
13.120130
13.475320
12.920783
18.537834
17.960283
21.556555
20.905884
19.942943
19.418457
20.256220
20.062063
20.894667
18.589868
19.126286
20.063985
18.672340
20.036408
19.275423
18.069543
18.692308
19.415114
20.338964
20.323141
19.025681
19.087191
18.212677
19.159687
23.822020
24.210925
25.354194
23.896482
24.166681
22.738138
23.726531
22.263067
23.048299
23.972229
21.063683
22.570498
22.055854
25.321526
19.766158
18.823483
19.943304
19.221781
20.379161
20.474786
18.954139
19.641018
19.350396
18.925444
18.704956
18.092332
17.659215
17.634890
19.191437
19.121561
18.559820
18.580391
14.240530
14.074777
14.251768
12.931095
14.843986
13.226602
13.884329
13.362872
13.402092
13.472188
22.539551
22.107542
22.737232
20.626651
22.457931
20.405424
19.726768
20.549346
20.558797
17.989133
20.032917
18.248524
19.598037
20.144287
19.404752
19.161548
18.519468
17.478390
18.936867
18.211226
18.719980
17.380692
19.236437
19.326417
19.243966
18.833922
19.761913
19.811676
19.491052
19.874749
21.493129
19.809504
22.841555
22.193624
20.988322
20.811765
20.334022
20.605145
19.754165
20.183636
19.258067
21.616437
22.772072
21.589137
20.686542
20.982053
21.114255
20.219605
20.226605
21.519305
19.426609
20.285268
18.810354
18.745467
19.496366
19.115727
19.726246
21.380126
20.593329
19.558907
21.423959
20.141357
21.425540
19.057879
18.690753
18.590562
18.823733
20.928163
19.762114
19.505629
20.853493
18.773997
22.987577
20.401274
20.587238
20.404696
19.890023
20.618876
22.085652
17.811040
18.759379
19.544173
18.482127
19.249517
19.148880
18.626907
16.572202
17.478044
16.926903
11.402142
11.706555
12.912121
13.290048
14.099287
12.623213
13.353244
16.481288
16.163497
15.601701
14.939888
12.130979
11.584130
12.356984
11.853716
12.628454
12.501703
12.053706
12.647452
11.922436
14.671835
13.882786
12.387848
13.870626
13.697422
13.317595
12.820296
13.656523
13.276814
12.181630
12.901619
12.310505
12.455304
13.051210
10.879702
11.341961
12.112708
13.055293
13.001181
13.106505
13.295120
12.353044
13.348365
12.729067
12.371409
14.778826
15.515357
15.813576
15.956165
16.014925
16.406252
23.681870
20.354464
22.624959
21.202195
21.107983
20.596915
21.061946
20.078494
22.305597
20.354884
22.369620
23.799152
21.907238
20.156152
18.359479
19.185705
21.687909
21.224770
21.910980
20.388030
19.292774
19.619092
20.734255
21.988389
21.111753
20.285706
21.462646
19.077209
20.259238
20.374244
20.408799
20.096950
19.851010
20.011393
18.315733
18.787728
16.964065
17.489637
18.493175
18.443525
16.331464
18.269051
18.851502
17.989974
17.013039
17.740563
17.345095
17.285614
18.529730
17.716049
21.300400
20.777291
20.116519
20.486130
19.567023
19.565513
21.241100
21.958530
23.505438
22.303317
21.493642
22.257808
22.193719
22.770362
21.294503
23.238349
23.517806
21.914672
21.818717
22.270474
 8.622026
 9.153349
 8.462452
 9.440408
 9.516425
 9.003383
 9.662466
 8.827309
 9.161122
10.697870
10.197818
 8.213853
 9.384667
 9.027034
 9.591430
 9.652012
 9.033185
 9.237346
 8.730296
 9.449905
 8.922526
 8.330070
 9.644865
 9.230995
 9.628731
10.340659
 9.894189
 9.830721
10.029036
10.008286
 9.740794
11.577621
11.551386
11.716600
11.789443
10.950333
13.933915
13.548149
15.360399
14.573136
13.884354
14.548244
13.721211
13.819755
14.962221
14.219692
14.076654
14.297578
14.559406
14.542244
14.194989
13.637178
14.654005
15.263990
14.751540
14.503331
14.683940
14.262797
17.615177
15.030544
16.230287
15.167285
15.704800
15.545162
13.966927
14.767194
13.529941
14.069696
14.226774
15.120480
15.328505
22.291432
22.261697
21.422527
20.438824
21.713071
19.970152
22.423482
21.401269
22.758350
21.443727
14.820685
15.347691
14.811508
18.433169
16.920043
16.817884
17.873954
 9.774660
10.059899
 9.721498
10.221766
10.273580
10.937618
10.039202
 9.810150
10.367217
 6.509112
 7.514677
 7.758107
 7.390772
 7.674185
 7.617867
 9.209700
 8.992247
 8.585672
 9.046639
 8.278474
 7.615219
 7.391789
 7.318842
 6.653607
 7.004720
 7.695522
 6.761668
17.439558
16.021260
16.831231
21.730424
20.169623
20.033050
21.970624
21.226702
21.038019
19.993760
17.106798
19.128051
16.846379
17.444374
17.412948
18.510867
16.043177
16.813064
18.081927
15.512109
16.948362
17.303849
17.633506
17.427607
17.818159
18.482739
18.285542
18.232094
17.550669
17.843256
16.060891
16.597524
16.327508
18.324680
16.416798
16.558519
16.845055
16.181473
15.333417
15.865826
14.705925
15.437019
14.484536
14.394725
14.040756
14.654533
14.728315
15.463646
15.687947
17.067543
16.664868
15.319807
16.510982
14.831611
14.908565
14.772965
14.307139
13.200879
14.231900
16.779918
17.897047
17.730616
17.691982
17.243242
16.157363
14.753952
14.284933
15.441246
14.981014
12.578504
12.998453
12.148408
12.599652
12.896559
12.080166
11.584205
13.051323
11.505930
12.102890
11.574672
11.706262
11.531816
10.866061
12.811638
11.668209
11.573126
11.599370
12.332722
11.307555
13.197709
13.811575
13.692798
13.687646
16.083872
16.383978
15.559556
17.106159
16.989789
14.980644
14.897757
15.479705
15.310510
16.219475
14.449137
15.360450
16.604640
16.726075
15.792180
16.176767
17.442878
16.657142
17.567898
16.100467
15.278555
14.461628
14.370359
15.841371
16.527396
16.095793
15.149758
16.475178
16.308263
16.060963
15.380173
16.864415
17.583749
21.165883
18.869565
20.527477
21.625048
21.088712
22.956268
19.746166
18.053070
17.257863
18.901497
18.213737
18.259301
15.120869
14.379981
15.879673
14.408336
14.319625
13.980672
14.220636
14.524903
14.733192
14.740199
13.778334
13.667173
21.768880
19.492546
21.971974
21.561714
19.529498
22.083345
20.728889
19.256602
19.213161
20.475109
20.101166
18.693533
19.137351
17.396022
19.081031
18.585657
20.373287
18.479065
19.933900
20.970133
20.637515
20.641587
18.968110
20.077577
19.687289
18.889968
18.828285
19.202915
19.067221
18.727225
10.814938
10.441373
10.770288
10.146590
10.631480
 8.473706
 8.747653
 7.948803
 9.132688
 8.512755
 9.830806
 9.149343
 9.613304
 9.888665
10.244744
10.009105
 9.944346
10.733145
 9.703345
 6.732046
10.571549
10.615330
10.194779
 9.687948
10.119610
11.010178
10.014210
 9.874761
10.853276
11.493852
10.576442
10.836621
11.392548
 9.986696
10.467759
10.793519
11.414886
11.671312
11.656237
12.142860
13.120528
12.225368
11.402969
13.330309
13.914170
13.906845
13.867407
13.704433
14.616531
12.672012
12.275899
12.170488
12.689436
13.034011
13.545898
13.535408
13.130781
13.357859
12.616135
12.014351
13.926896
13.320003
13.860592
13.367526
13.961159
14.981506
14.198124
13.946916
13.117175
14.782023
13.665304
14.550163
13.527287
12.848462
13.478761
12.944446
14.034273
13.773813
12.735321
14.685313
15.035851
15.029439
15.002689
14.201889
15.710172
15.427733
15.011173
15.442954
15.587485
15.848752
15.955082
12.722187
13.425872
12.842995
12.094419
11.701291
 8.897064
 9.372622
 9.658814
 9.539856
 9.355575
 9.452179
 9.498228
 9.930788
 9.294255
 8.375595
 8.673819
 8.881208
 9.461716
 9.880353
 9.611347
 9.203465
 8.980761
 9.557295
 8.936437
 8.979315
 8.611708
 8.126966
 7.960786
 7.545047
 7.692704
 8.369597
 7.943300
 8.024065
 7.370922
 8.039778
21.187455
20.994671
20.430430
21.660999
20.767497
19.600912
19.538501
19.047584
21.415276
20.707515
19.142861
20.924444
20.797174
20.619684
20.416909
22.749215
21.421972
19.655569
20.198665
22.493314
22.209678
21.411382
21.405930
19.998153
21.257611
19.755320
19.701785
20.800537
18.964683
17.267424
15.154946
17.060195
13.205603
13.335488
12.968463
11.916117
12.962185
13.055904
12.291093
13.647074
14.295761
13.565045
13.660369
13.375634
12.523437
13.138935
11.350597
11.296387
11.854207
11.406790
12.918362
11.944326
11.536027
11.645727
11.877131
16.919955
15.597783
15.031067
16.682810
16.354862
17.677570
17.251035
16.425893
16.923382
17.845272
18.057044
17.344074
17.096895
17.060416
17.800695
17.432551
15.911421
14.916305
17.779827
17.394212
16.951922
17.631782
17.274534
16.847370
19.715878
20.432605
21.260061
21.405358
22.019349
20.930268
20.921798
21.012147
14.788088
14.854044
16.160678
13.697815
17.402206
16.142220
14.318131
15.912698
16.070373
15.756057
14.945990
16.370712
15.427293
19.061264
18.426532
19.377096
17.366881
18.446053
19.129766
18.882560
18.152636
19.126043
17.848580
18.536992
19.183926
18.152611
19.698859
18.934373
19.440818
19.281194
17.418015
17.470722
19.359312
20.695945
20.026432
20.335113
19.579742
22.785416
21.578232
19.570895
22.781332
21.452201
20.106333
19.845013
20.279348
21.519291
16.409594
17.547407
17.233014
17.038911
18.291402
15.079928
16.523351
16.584521
17.625905
17.672507
16.947871
17.208808
16.602340
17.351630
16.234156
18.265453
17.199559
18.044698
17.748327
15.875562
15.673307
17.675462
14.006455
15.097325
14.395063
13.763995
14.363041
21.064817
21.275620
22.063419
19.417473
21.347772
22.125276
21.831642
21.749468
19.825666
20.675921
20.520489
19.784965
20.104401
19.275837
19.461041
19.700345
20.936099
20.144904
19.487434
19.729376
18.926420
19.996217
19.568346
15.579093
15.237405
16.207810
18.349551
17.106915
17.670067
17.191029
16.810909
16.937536
16.903760
17.303959
14.617291
14.031566
14.940340
13.870897
14.340484
14.269846
14.779158
12.091634
16.370193
15.692631
15.946751
14.688663
14.464824
15.919221
16.403615
16.430609
17.241891
16.654070
17.137507
15.710064
15.503510
16.028080
14.439207
15.810512
15.306553
15.321142
16.893597
15.738348
17.035187
16.053602
16.495630
15.605011
16.093086
15.532233
14.873867
15.963417
14.711293
14.344761
13.854781
15.290186
14.252868
13.861167
13.498372
14.154164
13.523337
14.142536
14.732931
10.756719
 9.935612
11.266184
11.020705
10.886630
12.350648
12.952844
13.232866
11.887000
13.039320
13.084923
11.490942
11.345153
21.641083
19.530168
18.954833
19.578209
20.541680
21.790257
12.292433
11.208992
11.405221
11.963159
10.649453
11.804226
11.240371
12.624303
11.043724
10.931421
11.206288
12.362411
13.216340
13.703924
12.741490
12.438587
11.498392
12.071989
11.282912
12.032433
10.754843
11.008852
10.639847
10.126723
12.269150
12.186345
13.131681
12.632994
13.392396
12.143336
12.476508
12.824306
11.452702
11.728764
10.541573
10.869196
11.747375
13.412859
13.011967
13.670583
12.050876
12.120033
13.003400
12.302355
13.027085
11.943154
12.331939
11.718754
12.511735
11.966159
11.917611
11.360538
11.662365
12.654636
12.021402
12.189535
12.044206
12.624731
10.549257
10.397520
10.743169
10.639565
10.933317
10.622668
11.016103
10.694153
10.987437
10.615138
12.693277
12.037030
11.369225
11.471592
18.863779
19.715846
18.805676
19.118590
19.416394
18.708635
16.783697
18.934947
17.462159
18.044091
19.456875
17.246664
17.159746
16.416033
16.197265
16.252379
16.280084
16.466373
16.295984
16.756606
16.238543
18.595856
18.213165
19.276220
18.487481
20.141239
19.914338
18.024269
17.375533
19.169301
16.723808
17.753971
17.727914
20.373909
20.179239
19.906022
12.272138
12.514072
11.515729
12.425627
13.887066
12.732695
13.501311
13.273997
13.461303
12.567426
12.286310
12.315509
12.715405
12.742614
12.637266
12.651584
13.906589
12.210192
12.530583
12.632436
11.446428
12.702179
12.782837
12.620656
12.660428
11.828383
12.107292
12.571842
12.270202
11.968929
12.644995
13.089074
12.076567
11.554167
12.570366
10.269187
10.552624
 9.845251
11.025295
10.583715
10.329871
10.047931
10.576530
 9.954056
10.424131
10.326856
 9.416298
 9.732738
 9.884935
 9.229492
 8.771640
 9.437356
 9.321267
10.022990
10.048382
11.011072
10.401116
10.235658
11.184334
10.437325
 9.389959
10.698455
 8.160378
 8.091340
 8.146736
 8.046309
 7.823035
 8.257544
 8.428836
 7.835777
 9.965972
 9.790176
10.654300
 9.573913
 9.732675
10.367676
10.171997
 9.727792
 8.875505
 9.976244
 9.876262
 8.812391
 8.890299
 8.944360
 9.103349
 8.268250
 8.118241
 8.689245
 8.364134
 8.953941
 9.378271
 8.688886
 8.722197
 8.201096
 7.903390
 8.136799
 8.391313
 8.679670
 8.261380
 8.850508
 8.477918
 9.799527
 9.646585
 9.346365
 9.620740
 9.383028
 9.242128
 9.422744
 8.677695
 9.707489
 9.715039
10.585689
 8.769978
 8.465969
 8.920831
 8.575542
 4.722220
 4.365367
 4.577303
 4.658940
 4.416578
 4.379275
 4.659532
 4.735736
 4.495676
 4.240430
 4.217211
 4.574072
 4.401670
 4.194263
 4.295202
 4.602188
13.983123
12.947425
12.993103
13.020173
13.451921
13.585803
13.522663
13.196646
12.437620
16.330525
15.602214
16.116457
16.325720
16.317975
16.417274
16.193231
17.575771
10.725894
11.603322
11.430431
11.404122
11.560104
12.669043
12.377336
10.674061
11.849212
11.208581
12.202373
10.791400
11.118472
11.808679
11.561298
10.351519
14.871887
16.029284
16.399788
15.953122
16.674693
17.743589
17.320279
15.462131
15.431689
15.204484
15.697698
14.764512
14.261628
16.231382
15.393101
16.849907
16.276814
17.315460
16.342936
17.794750
13.404150
14.548298
13.836313
14.800455
13.583133
14.495070
13.600086
13.563784
14.711757
14.129070
14.462503
12.896219
12.829358
13.187729
11.898899
12.581100
12.298128
12.423804
13.472820
12.673681
12.360517
11.388194
10.736480
10.962324
 9.983034
 9.676511
 9.561358
 9.225894
 9.565289
 9.298288
 9.234231
 8.710129
 9.679656
 9.428284
 8.802882
10.098241
 9.576506
 9.375578
 9.764974
 9.179046
 9.107915
 9.726998
10.268307
10.106078
10.264679
 9.900126
10.699087
 9.053555
 8.806239
 8.079824
10.929641
11.261121
 9.858223
 9.690070
 8.946655
 9.723252
 9.425706
 9.317972
 9.714747
16.577124
16.340434
17.557093
16.699510
18.000438
17.944797
16.956736
11.984080
12.323676
12.019993
12.918787
12.564661
12.605689
12.184435
12.794552
12.189946
12.897965
13.068148
11.940815
12.867824
12.473850
11.926594
12.730117
12.898491
12.969463
12.269270
12.079925
13.834369
14.047015
13.561741
13.476897
10.884351
11.361317
12.074044
11.200910
11.439146
11.218289
13.496738
14.000881
13.580260
13.043331
14.400566
14.152908
13.290864
13.526070
13.876045
14.155970
13.657135
13.643887
13.184603
14.673594
14.629446
15.524763
15.591906
13.610879
13.630049
14.391826
14.101513
12.634789
12.906130
13.465388
13.338159
11.881260
 8.617786
 8.834655
 8.747528
 8.555596
 8.761445
 8.586191
 9.435569
10.683151
10.369254
18.716682
17.484186
18.094778
18.620256
22.108696
20.721242
19.402547
18.759940
18.647774
20.440287
19.555831
19.090654
19.453651
15.944874
15.671639
15.862801
16.333937
15.602626
15.953391
14.927048
15.313481
 7.898808
 8.220552
 8.126430
 7.910099
 7.810404
 8.300347
 8.950444
10.548106
10.784768
10.834130
11.157122
10.632722
10.771053
 9.563865
 9.958945
 9.409171
10.212026
10.744168
 9.878346
 9.623152
11.440636
10.532314
11.539628
11.051610
11.442224
11.270182
11.541391
 9.850342
10.374806
11.235604
10.922067
11.144766
11.304428
11.163046
10.705533
10.936315
10.791606
11.355304
10.339306
10.913212
10.709814
10.734079
10.301288
10.825543
11.149714
10.902790
10.581811
10.922692
11.007526
10.904527
10.451135
10.759426
10.912864
10.743153
11.148898
10.050487
 9.665617
10.646269
10.644895
10.921088
10.245242
10.341182
 9.896165
10.187716
10.076519
10.334451
10.230021
10.002981
 8.475317
 8.214295
 8.624254
 9.426740
 8.695855
 8.444391
 9.159680
 9.225386
 9.798090
 9.167971
 9.543057
 9.158463
 8.717388
 9.412716
 8.831467
 6.173698
 6.102899
 6.159265
 6.488339
 6.304441
 5.919250
 5.958122
 5.862710
 5.494902
 5.791377
 6.087638
 5.970573
 5.855794
 6.035657
 6.633437
 7.398105
 7.220862
 6.564610
 6.914133
 6.356749
 6.644474
 6.697073
 6.967698
 7.674078
 7.538601
 7.799826
 7.215593
 7.093934
 7.217473
 6.548339
 6.551372
 7.208765
 5.600322
 5.920397
 5.824278
 6.106850
 7.156981
 6.322023
 6.603140
 6.834790
 6.816855
 7.331099
 8.729242
 8.702261
10.362529
10.139453
10.049603
10.160513
10.937828
11.041659
11.160478
10.717852
 7.531693
 7.006220
 7.205642
 7.007300
 9.123166
 7.845699
 8.580933
 8.955536
14.198795
12.842065
12.849135
12.478354
13.214442
13.802622
13.316376
14.307953
13.632488
13.516835
13.124143
12.822597
13.369834
13.190598
13.552129
14.506266
14.152983
15.864977
17.331205
16.345499
16.155351
15.213996
17.032031
18.441989
18.475671
16.778404
16.706042
16.314896
17.770800
16.260037
17.123465
16.746704
16.159218
18.313563
17.073021
19.064287
19.220249
16.188525
16.628751
15.282873
16.696039
16.371473
16.204880
16.751377
15.728556
 9.871917
10.069024
 9.867372
 9.583732
10.735283
 9.690455
 9.692050
 9.547602
 9.210884
 9.172277
 9.402707
 9.641150
 8.744632
 8.698404
 9.272313
 8.178487
 9.008236
11.325041
12.096605
11.403870
10.851379
12.198580
12.066568
12.405335
13.521911
11.634366
11.544422
12.533882
12.572525
13.625897
11.928368
12.248124
12.164481
10.410350
10.033942
10.639833
10.265933
10.248465
10.025981
 9.982601
10.725554
10.657074
12.469213
11.309800
11.598486
11.904191
11.171119
12.854480
12.113011
11.166075
12.297827
11.892669
12.036662
11.265779
10.167532
11.505144
11.449102
10.930728
11.357195
10.930202
10.521320
11.403144
10.506305
10.725429
10.800331
10.788558
10.949569
 9.719218
 9.932764
 9.493067
10.757493
12.035717
15.275934
15.953152
15.079327
14.945489
15.531285
12.534238
14.664581
13.521865
13.008472
13.559687
14.191484
14.299766
14.729705
13.767428
14.425075
14.799414
15.285305
14.751447
13.748509
15.335907
15.036871
14.562537
13.408527
14.865433
12.148915
11.852019
11.903761
12.521663
10.942677
10.611622
10.298526
11.553460
10.715402
11.174644
10.161271
11.353794
11.036608
10.480155
 9.605531
10.298131
10.385121
 9.498435
 9.523937
 9.800283
 9.903400
10.402753
 8.596436
 9.073745
 9.854086
 9.727099
10.987795
10.627458
10.915859
11.110800
10.256758
10.780867
10.163998
10.363309
10.186968
10.273944
10.162611
11.683744
12.093658
12.074509
10.574325
12.023194
12.399188
11.899969
13.927982
14.754829
 9.946023
 9.838099
10.639941
10.603036
12.048859
12.258289
12.365571
12.283804
12.084806
11.466880
11.266148
 9.035936
 9.168994
 9.537916
 8.918578
 9.626367
 9.024496
 9.526545
10.070514
 9.552732
10.034215
 9.579555
 9.769791
 9.753163
 9.290766
10.686224
 9.782357
 8.398340
10.005190
 8.470454
 8.808999
 8.326491
 8.249381
 8.267862
 8.015314
 8.391740
 8.799217
 8.556746
 9.119481
 8.633035
 9.409687
 9.606742
 9.444819
 9.751462
 9.258944
 9.676750
 9.398719
12.259784
13.306431
11.505405
11.777952
12.483211
11.737264
11.483052
11.858234
11.750606
11.853712
11.659711
12.569401
21.955943
22.056354
22.430974
21.457756
22.221316
21.665015
21.251749
18.951794
19.709834
20.023304
19.718897
18.345454
18.553443
17.891498
18.708219
17.363666
17.420891
18.161830
18.041260
 7.940745
 8.921265
 7.930976
 9.003947
 8.714402
 8.519816
 8.662383
 8.680771
 8.955086
 8.836690
 9.533291
 9.775529
 9.594413
 8.781827
 9.313870
 9.564428
10.364044
10.650949
 9.704280
10.095209
10.226961
 9.602497
 9.710563
10.952637
10.116496
 9.110850
 9.485320
 8.556660
 9.217780
 9.786880
 9.291621
10.136198
 9.631270
 9.450808
 9.679481
 9.367008
 9.771669
 9.351658
 9.554146
 9.962157
 9.381070
 9.728365
 9.515877
 9.539887
 9.959114
10.030087
10.434099
 9.877566
 9.285852
 8.836468
 9.525793
 9.122722
10.250572
 9.195111
 9.380465
 8.704155
 9.182533
 9.807678
 9.491976
10.000245
10.422381
 9.102153
 9.951653
 9.886553
 9.010258
 9.116944
 9.221942
 9.107458
 9.963649
 9.186804
 9.680467
11.852781
11.697263
10.872711
12.535618
11.865003
11.840726
11.030880
10.639711
11.264755
11.160928
10.163733
10.700216
10.707743
10.368772
10.382396
11.005729
10.041019
 9.759494
 9.924349
10.081377
10.284995
10.054215
10.817092
10.638600
10.599655
12.006371
11.118623
11.119886
10.589444
11.591214
