0.5010058
0.4866404
0.5019824
0.5235700
0.5085369
0.5056253
0.4851966
0.5018492
0.5438766
0.4943786
0.4765364
0.5114495
0.4921249
0.5074153
0.4843570
0.4800685
0.4792704
0.5243278
0.5127324
0.4846795
0.4875658
0.5103102
0.4976104
0.4903026
0.5269562
0.4887140
0.4945225
0.4910600
0.4735431
0.5185898
0.5165164
0.4941682
0.4975234
0.5261268
0.4663670
0.4830270
0.4933510
0.4745279
0.4731206
0.4833692
0.5010058
0.4866404
0.5019824
0.5235700
0.5085369
0.5056253
0.4851966
0.5018492
0.5438766
0.4943786
0.4765364
0.5114495
0.4921249
0.5074153
0.4843570
0.4800685
0.4792704
0.5243278
0.5127324
0.4846795
0.4875658
0.5103102
0.4976104
0.4903026
0.5269562
0.4887140
0.4945225
0.4910600
0.4735431
0.5185898
0.5165164
0.4941682
0.4975234
0.5261268
0.4663670
0.4830270
0.4933510
0.4745279
0.4731206
0.4833692
0.5010058
0.4866404
0.5019824
0.5235700
0.5085369
0.5056253
0.4851966
0.5018492
0.5438766
0.4943786
0.4765364
0.5114495
0.4921249
0.5074153
0.4843570
0.4800685
0.4792704
0.5243278
0.5127324
0.4846795
0.4875658
0.5103102
0.4976104
0.4903026
0.5269562
0.4887140
0.4945225
0.4910600
0.4735431
0.5185898
0.5165164
0.4941682
0.4975234
0.5261268
0.4663670
0.4830270
0.4933510
0.4745279
0.4731206
0.4833692
0.5010058
0.4866404
0.5019824
0.5235700
0.5085369
0.5056253
0.4851966
0.5018492
0.5438766
0.4943786
0.4765364
0.5114495
0.4921249
0.5074153
0.4843570
0.4800685
0.4792704
0.5243278
0.5127324
0.4846795
0.4875658
0.5103102
0.4976104
0.4903026
0.5269562
0.4887140
0.4945225
0.4910600
0.4735431
0.5185898
0.5165164
0.4941682
0.4975234
0.5261268
0.4663670
0.4830270
0.4933510
0.4745279
0.4731206
0.4833692
0.5010058
0.4866404
0.5019824
0.5235700
0.5085369
0.5056253
0.4851966
0.5018492
0.5438766
0.4943786
0.4765364
0.5114495
0.4921249
0.5074153
0.4843570
0.4800685
0.4792704
0.5243278
0.5127324
0.4846795
0.4875658
0.5103102
0.4976104
0.4903026
0.5269562
0.4887140
0.4945225
0.4910600
0.4735431
0.5185898
0.5165164
0.4941682
0.4975234
0.5261268
0.4663670
0.4830270
0.4933510
0.4745279
0.4731206
0.4833692
0.5010058
0.4866404
0.5019824
0.5235700
0.5085369
0.5056253
0.4851966
0.5018492
0.5438766
0.4943786
0.4765364
0.5114495
0.4921249
0.5074153
0.4843570
0.4800685
0.4792704
0.5243278
0.5127324
0.4846795
0.4875658
0.5103102
0.4976104
0.4903026
0.5269562
0.4887140
0.4945225
0.4910600
0.4735431
0.5185898
0.5165164
0.4941682
0.4975234
0.5261268
0.4663670
0.4830270
0.4933510
0.4745279
0.4731206
0.4833692
0.5010058
0.4866404
0.5019824
0.5235700
0.5085369
0.5056253
0.4851966
0.5018492
0.5438766
0.4943786
0.4765364
0.5114495
0.4921249
0.5074153
0.4843570
0.4800685
0.4792704
0.5243278
0.5127324
0.4846795
0.4875658
0.5103102
0.4976104
0.4903026
0.5269562
0.4887140
0.4945225
0.4910600
0.4735431
0.5185898
0.5165164
0.4941682
0.4975234
0.5261268
0.4663670
0.4830270
0.4933510
0.4745279
0.4731206
0.4833692
0.5010058
0.4866404
0.5019824
0.5235700
0.5085369
0.5056253
0.4851966
0.5018492
0.5438766
0.4943786
0.4765364
0.5114495
0.4921249
0.5074153
0.4843570
0.4800685
0.4792704
0.5243278
0.5127324
0.4846795
0.4875658
0.5103102
0.4976104
0.4903026
0.5269562
0.4887140
0.4945225
0.4910600
0.4735431
0.5185898
0.5165164
0.4941682
0.4975234
0.5261268
0.4663670
0.4830270
0.4933510
0.4745279
0.4731206
0.4833692
0.5010058
0.4866404
0.5019824
0.5235700
0.5085369
0.5056253
0.4851966
0.5018492
0.5438766
0.4943786
0.4765364
0.5114495
0.4921249
0.5074153
0.4843570
0.4800685
0.4792704
0.5243278
0.5127324
0.4846795
0.4875658
0.5103102
0.4976104
0.4903026
0.5269562
0.4887140
0.4945225
0.4910600
0.4735431
0.5185898
0.5165164
0.4941682
0.4975234
0.5261268
0.4663670
0.4830270
0.4933510
0.4745279
0.4731206
0.4833692
0.5010058
0.4866404
0.5019824
0.5235700
0.5085369
0.5056253
0.4851966
0.5018492
0.5438766
0.4943786
0.4765364
0.5114495
0.4921249
0.5074153
0.4843570
0.4800685
0.4792704
0.5243278
0.5127324
0.4846795
0.4875658
0.5103102
0.4976104
0.4903026
0.5269562
0.4887140
0.4945225
0.4910600
0.4735431
0.5185898
0.5165164
0.4941682
0.4975234
0.5261268
0.4663670
0.4830270
0.4933510
0.4745279
0.4731206
0.4833692
0.5010058
0.4866404
0.5019824
0.5235700
0.5085369
0.5056253
0.4851966
0.5018492
0.5438766
0.4943786
0.4765364
0.5114495
0.4921249
0.5074153
0.4843570
0.4800685
0.4792704
0.5243278
0.5127324
0.4846795
0.4875658
0.5103102
0.4976104
0.4903026
0.5269562
0.4887140
0.4945225
0.4910600
0.4735431
0.5185898
0.5165164
0.4941682
0.4975234
0.5261268
0.4663670
0.4830270
0.4933510
0.4745279
0.4731206
0.4833692
0.5010058
0.4866404
0.5019824
0.5235700
0.5085369
0.5056253
0.4851966
0.5018492
0.5438766
0.4943786
0.4765364
0.5114495
0.4921249
0.5074153
0.4843570
0.4800685
0.4792704
0.5243278
0.5127324
0.4846795
0.4875658
0.5103102
0.4976104
0.4903026
0.5269562
0.4887140
0.4945225
0.4910600
0.4735431
0.5185898
0.5165164
0.4941682
0.4975234
0.5261268
0.4663670
0.4830270
0.4933510
0.4745279
0.4731206
0.4833692
0.5010058
0.4866404
0.5019824
0.5235700
0.5085369
0.5056253
0.4851966
0.5018492
0.5438766
0.4943786
0.4765364
0.5114495
0.4921249
0.5074153
0.4843570
0.4800685
0.4792704
0.5243278
0.5127324
0.4846795
0.4875658
0.5103102
0.4976104
0.4903026
0.5269562
0.4887140
0.4945225
0.4910600
0.4735431
0.5185898
0.5165164
0.4941682
0.4975234
0.5261268
0.4663670
0.4830270
0.4933510
0.4745279
0.4731206
0.4833692
0.5010058
0.4866404
0.5019824
0.5235700
0.5085369
0.5056253
0.4851966
0.5018492
0.5438766
0.4943786
0.4765364
0.5114495
0.4921249
0.5074153
0.4843570
0.4800685
0.4792704
0.5243278
0.5127324
0.4846795
0.4875658
0.5103102
0.4976104
0.4903026
0.5269562
0.4887140
0.4945225
0.4910600
0.4735431
0.5185898
0.5165164
0.4941682
0.4975234
0.5261268
0.4663670
0.4830270
0.4933510
0.4745279
0.4731206
0.4833692
0.5010058
0.4866404
0.5019824
0.5235700
0.5085369
0.5056253
0.4851966
0.5018492
0.5438766
0.4943786
0.4765364
0.5114495
0.4921249
0.5074153
0.4843570
0.4800685
0.4792704
0.5243278
0.5127324
0.4846795
0.4875658
0.5103102
0.4976104
0.4903026
0.5269562
0.4887140
0.4945225
0.4910600
0.4735431
0.5185898
0.5165164
0.4941682
0.4975234
0.5261268
0.4663670
0.4830270
0.4933510
0.4745279
0.4731206
0.4833692
0.5010058
0.4866404
0.5019824
0.5235700
0.5085369
0.5056253
0.4851966
0.5018492
0.5438766
0.4943786
0.4765364
0.5114495
0.4921249
0.5074153
0.4843570
0.4800685
0.4792704
0.5243278
0.5127324
0.4846795
0.4875658
0.5103102
0.4976104
0.4903026
0.5269562
0.4887140
0.4945225
0.4910600
0.4735431
0.5185898
0.5165164
0.4941682
0.4975234
0.5261268
0.4663670
0.4830270
0.4933510
0.4745279
0.4731206
0.4833692
0.5010058
0.4866404
0.5019824
0.5235700
0.5085369
0.5056253
0.4851966
0.5018492
0.5438766
0.4943786
0.4765364
0.5114495
0.4921249
0.5074153
0.4843570
0.4800685
0.4792704
0.5243278
0.5127324
0.4846795
0.4875658
0.5103102
0.4976104
0.4903026
0.5269562
0.4887140
0.4945225
0.4910600
0.4735431
0.5185898
0.5165164
0.4941682
0.4975234
0.5261268
0.4663670
0.4830270
0.4933510
0.4745279
0.4731206
0.4833692
0.5010058
0.4866404
0.5019824
0.5235700
0.5085369
0.5056253
0.4851966
0.5018492
0.5438766
0.4943786
0.4765364
0.5114495
0.4921249
0.5074153
0.4843570
0.4800685
0.4792704
0.5243278
0.5127324
0.4846795
0.4875658
0.5103102
0.4976104
0.4903026
0.5269562
0.4887140
0.4945225
0.4910600
0.4735431
0.5185898
0.5165164
0.4941682
0.4975234
0.5261268
0.4663670
0.4830270
0.4933510
0.4745279
0.4731206
0.4833692
0.5010058
0.4866404
0.5019824
0.5235700
0.5085369
0.5056253
0.4851966
0.5018492
0.5438766
0.4943786
0.4765364
0.5114495
0.4921249
0.5074153
0.4843570
0.4800685
0.4792704
0.5243278
0.5127324
0.4846795
0.4875658
0.5103102
0.4976104
0.4903026
0.5269562
0.4887140
0.4945225
0.4910600
0.4735431
0.5185898
0.5165164
0.4941682
0.4975234
0.5261268
0.4663670
0.4830270
0.4933510
0.4745279
0.4731206
0.4833692
0.5010058
0.4866404
0.5019824
0.5235700
0.5085369
0.5056253
0.4851966
0.5018492
0.5438766
0.4943786
0.4765364
0.5114495
0.4921249
0.5074153
0.4843570
0.4800685
0.4792704
0.5243278
0.5127324
0.4846795
0.4875658
0.5103102
0.4976104
0.4903026
0.5269562
0.4887140
0.4945225
0.4910600
0.4735431
0.5185898
0.5165164
0.4941682
0.4975234
0.5261268
0.4663670
0.4830270
0.4933510
0.4745279
0.4731206
0.4833692
0.5010058
0.4866404
0.5019824
0.5235700
0.5085369
0.5056253
0.4851966
0.5018492
0.5438766
0.4943786
0.4765364
0.5114495
0.4921249
0.5074153
0.4843570
0.4800685
0.4792704
0.5243278
0.5127324
0.4846795
0.4875658
0.5103102
0.4976104
0.4903026
0.5269562
0.4887140
0.4945225
0.4910600
0.4735431
0.5185898
0.5165164
0.4941682
0.4975234
0.5261268
0.4663670
0.4830270
0.4933510
0.4745279
0.4731206
0.4833692
0.5010058
0.4866404
0.5019824
0.5235700
0.5085369
0.5056253
0.4851966
0.5018492
0.5438766
0.4943786
0.4765364
0.5114495
0.4921249
0.5074153
0.4843570
0.4800685
0.4792704
0.5243278
0.5127324
0.4846795
0.4875658
0.5103102
0.4976104
0.4903026
0.5269562
0.4887140
0.4945225
0.4910600
0.4735431
0.5185898
0.5165164
0.4941682
0.4975234
0.5261268
0.4663670
0.4830270
0.4933510
0.4745279
0.4731206
0.4833692
0.5010058
0.4866404
0.5019824
0.5235700
0.5085369
0.5056253
0.4851966
0.5018492
0.5438766
0.4943786
0.4765364
0.5114495
0.4921249
0.5074153
0.4843570
0.4800685
0.4792704
0.5243278
0.5127324
0.4846795
0.4875658
0.5103102
0.4976104
0.4903026
0.5269562
0.4887140
0.4945225
0.4910600
0.4735431
0.5185898
0.5165164
0.4941682
0.4975234
0.5261268
0.4663670
0.4830270
0.4933510
0.4745279
0.4731206
0.4833692
0.5010058
0.4866404
0.5019824
0.5235700
0.5085369
0.5056253
0.4851966
0.5018492
0.5438766
0.4943786
0.4765364
0.5114495
0.4921249
0.5074153
0.4843570
0.4800685
0.4792704
0.5243278
0.5127324
0.4846795
0.4875658
0.5103102
0.4976104
0.4903026
0.5269562
0.4887140
0.4945225
0.4910600
0.4735431
0.5185898
0.5165164
0.4941682
0.4975234
0.5261268
0.4663670
0.4830270
0.4933510
0.4745279
0.4731206
0.4833692
0.5010058
0.4866404
0.5019824
0.5235700
0.5085369
0.5056253
0.4851966
0.5018492
0.5438766
0.4943786
0.4765364
0.5114495
0.4921249
0.5074153
0.4843570
0.4800685
0.4792704
0.5243278
0.5127324
0.4846795
0.4875658
0.5103102
0.4976104
0.4903026
0.5269562
0.4887140
0.4945225
0.4910600
0.4735431
0.5185898
0.5165164
0.4941682
0.4975234
0.5261268
0.4663670
0.4830270
0.4933510
0.4745279
0.4731206
0.4833692
0.5010058
0.4866404
0.5019824
0.5235700
0.5085369
0.5056253
0.4851966
0.5018492
0.5438766
0.4943786
0.4765364
0.5114495
0.4921249
0.5074153
0.4843570
0.4800685
0.4792704
0.5243278
0.5127324
0.4846795
0.4875658
0.5103102
0.4976104
0.4903026
0.5269562
0.4887140
0.4945225
0.4910600
0.4735431
0.5185898
0.5165164
0.4941682
0.4975234
0.5261268
0.4663670
0.4830270
0.4933510
0.4745279
0.4731206
0.4833692
0.5010058
0.4866404
0.5019824
0.5235700
0.5085369
0.5056253
0.4851966
0.5018492
0.5438766
0.4943786
0.4765364
0.5114495
0.4921249
0.5074153
0.4843570
0.4800685
0.4792704
0.5243278
0.5127324
0.4846795
0.4875658
0.5103102
0.4976104
0.4903026
0.5269562
0.4887140
0.4945225
0.4910600
0.4735431
0.5185898
0.5165164
0.4941682
0.4975234
0.5261268
0.4663670
0.4830270
0.4933510
0.4745279
0.4731206
0.4833692
0.5010058
0.4866404
0.5019824
0.5235700
0.5085369
0.5056253
0.4851966
0.5018492
0.5438766
0.4943786
0.4765364
0.5114495
0.4921249
0.5074153
0.4843570
0.4800685
0.4792704
0.5243278
0.5127324
0.4846795
0.4875658
0.5103102
0.4976104
0.4903026
0.5269562
0.4887140
0.4945225
0.4910600
0.4735431
0.5185898
0.5165164
0.4941682
0.4975234
0.5261268
0.4663670
0.4830270
0.4933510
0.4745279
0.4731206
0.4833692
0.5010058
0.4866404
0.5019824
0.5235700
0.5085369
0.5056253
0.4851966
0.5018492
0.5438766
0.4943786
0.4765364
0.5114495
0.4921249
0.5074153
0.4843570
0.4800685
0.4792704
0.5243278
0.5127324
0.4846795
0.4875658
0.5103102
0.4976104
0.4903026
0.5269562
0.4887140
0.4945225
0.4910600
0.4735431
0.5185898
0.5165164
0.4941682
0.4975234
0.5261268
0.4663670
0.4830270
0.4933510
0.4745279
0.4731206
0.4833692
0.5010058
0.4866404
0.5019824
0.5235700
0.5085369
0.5056253
0.4851966
0.5018492
0.5438766
0.4943786
0.4765364
0.5114495
0.4921249
0.5074153
0.4843570
0.4800685
0.4792704
0.5243278
0.5127324
0.4846795
0.4875658
0.5103102
0.4976104
0.4903026
0.5269562
0.4887140
0.4945225
0.4910600
0.4735431
0.5185898
0.5165164
0.4941682
0.4975234
0.5261268
0.4663670
0.4830270
0.4933510
0.4745279
0.4731206
0.4833692
0.5010058
0.4866404
0.5019824
0.5235700
0.5085369
0.5056253
0.4851966
0.5018492
0.5438766
0.4943786
0.4765364
0.5114495
0.4921249
0.5074153
0.4843570
0.4800685
0.4792704
0.5243278
0.5127324
0.4846795
0.4875658
0.5103102
0.4976104
0.4903026
0.5269562
0.4887140
0.4945225
0.4910600
0.4735431
0.5185898
0.5165164
0.4941682
0.4975234
0.5261268
0.4663670
0.4830270
0.4933510
0.4745279
0.4731206
0.4833692
0.5010058
0.4866404
0.5019824
0.5235700
0.5085369
0.5056253
0.4851966
0.5018492
0.5438766
0.4943786
0.4765364
0.5114495
0.4921249
0.5074153
0.4843570
0.4800685
0.4792704
0.5243278
0.5127324
0.4846795
0.4875658
0.5103102
0.4976104
0.4903026
0.5269562
0.4887140
0.4945225
0.4910600
0.4735431
0.5185898
0.5165164
0.4941682
0.4975234
0.5261268
0.4663670
0.4830270
0.4933510
0.4745279
0.4731206
0.4833692
0.5010058
0.4866404
0.5019824
0.5235700
0.5085369
0.5056253
0.4851966
0.5018492
0.5438766
0.4943786
0.4765364
0.5114495
0.4921249
0.5074153
0.4843570
0.4800685
0.4792704
0.5243278
0.5127324
0.4846795
0.4875658
0.5103102
0.4976104
0.4903026
0.5269562
0.4887140
0.4945225
0.4910600
0.4735431
0.5185898
0.5165164
0.4941682
0.4975234
0.5261268
0.4663670
0.4830270
0.4933510
0.4745279
0.4731206
0.4833692
0.5010058
0.4866404
0.5019824
0.5235700
0.5085369
0.5056253
0.4851966
0.5018492
0.5438766
0.4943786
0.4765364
0.5114495
0.4921249
0.5074153
0.4843570
0.4800685
0.4792704
0.5243278
0.5127324
0.4846795
0.4875658
0.5103102
0.4976104
0.4903026
0.5269562
0.4887140
0.4945225
0.4910600
0.4735431
0.5185898
0.5165164
0.4941682
0.4975234
0.5261268
0.4663670
0.4830270
0.4933510
0.4745279
0.4731206
0.4833692
0.5010058
0.4866404
0.5019824
0.5235700
0.5085369
0.5056253
0.4851966
0.5018492
0.5438766
0.4943786
0.4765364
0.5114495
0.4921249
0.5074153
0.4843570
0.4800685
0.4792704
0.5243278
0.5127324
0.4846795
0.4875658
0.5103102
0.4976104
0.4903026
0.5269562
0.4887140
0.4945225
0.4910600
0.4735431
0.5185898
0.5165164
0.4941682
0.4975234
0.5261268
0.4663670
0.4830270
0.4933510
0.4745279
0.4731206
0.4833692
0.5010058
0.4866404
0.5019824
0.5235700
0.5085369
0.5056253
0.4851966
0.5018492
0.5438766
0.4943786
0.4765364
0.5114495
0.4921249
0.5074153
0.4843570
0.4800685
0.4792704
0.5243278
0.5127324
0.4846795
0.4875658
0.5103102
0.4976104
0.4903026
0.5269562
0.4887140
0.4945225
0.4910600
0.4735431
0.5185898
0.5165164
0.4941682
0.4975234
0.5261268
0.4663670
0.4830270
0.4933510
0.4745279
0.4731206
0.4833692
0.5010058
0.4866404
0.5019824
0.5235700
0.5085369
0.5056253
0.4851966
0.5018492
0.5438766
0.4943786
0.4765364
0.5114495
0.4921249
0.5074153
0.4843570
0.4800685
0.4792704
0.5243278
0.5127324
0.4846795
0.4875658
0.5103102
0.4976104
0.4903026
0.5269562
0.4887140
0.4945225
0.4910600
0.4735431
0.5185898
0.5165164
0.4941682
0.4975234
0.5261268
0.4663670
0.4830270
0.4933510
0.4745279
0.4731206
0.4833692
0.5010058
0.4866404
0.5019824
0.5235700
0.5085369
0.5056253
0.4851966
0.5018492
0.5438766
0.4943786
0.4765364
0.5114495
0.4921249
0.5074153
0.4843570
0.4800685
0.4792704
0.5243278
0.5127324
0.4846795
0.4875658
0.5103102
0.4976104
0.4903026
0.5269562
0.4887140
0.4945225
0.4910600
0.4735431
0.5185898
0.5165164
0.4941682
0.4975234
0.5261268
0.4663670
0.4830270
0.4933510
0.4745279
0.4731206
0.4833692
0.5010058
0.4866404
0.5019824
0.5235700
0.5085369
0.5056253
0.4851966
0.5018492
0.5438766
0.4943786
0.4765364
0.5114495
0.4921249
0.5074153
0.4843570
0.4800685
0.4792704
0.5243278
0.5127324
0.4846795
0.4875658
0.5103102
0.4976104
0.4903026
0.5269562
0.4887140
0.4945225
0.4910600
0.4735431
0.5185898
0.5165164
0.4941682
0.4975234
0.5261268
0.4663670
0.4830270
0.4933510
0.4745279
0.4731206
0.4833692
0.5010058
0.4866404
0.5019824
0.5235700
0.5085369
0.5056253
0.4851966
0.5018492
0.5438766
0.4943786
0.4765364
0.5114495
0.4921249
0.5074153
0.4843570
0.4800685
0.4792704
0.5243278
0.5127324
0.4846795
0.4875658
0.5103102
0.4976104
0.4903026
0.5269562
0.4887140
0.4945225
0.4910600
0.4735431
0.5185898
0.5165164
0.4941682
0.4975234
0.5261268
0.4663670
0.4830270
0.4933510
0.4745279
0.4731206
0.4833692
0.5010058
0.4866404
0.5019824
0.5235700
0.5085369
0.5056253
0.4851966
0.5018492
0.5438766
0.4943786
0.4765364
0.5114495
0.4921249
0.5074153
0.4843570
0.4800685
0.4792704
0.5243278
0.5127324
0.4846795
0.4875658
0.5103102
0.4976104
0.4903026
0.5269562
0.4887140
0.4945225
0.4910600
0.4735431
0.5185898
0.5165164
0.4941682
0.4975234
0.5261268
0.4663670
0.4830270
0.4933510
0.4745279
0.4731206
0.4833692
0.5010058
0.4866404
0.5019824
0.5235700
0.5085369
0.5056253
0.4851966
0.5018492
0.5438766
0.4943786
0.4765364
0.5114495
0.4921249
0.5074153
0.4843570
0.4800685
0.4792704
0.5243278
0.5127324
0.4846795
0.4875658
0.5103102
0.4976104
0.4903026
0.5269562
0.4887140
0.4945225
0.4910600
0.4735431
0.5185898
0.5165164
0.4941682
0.4975234
0.5261268
0.4663670
0.4830270
0.4933510
0.4745279
0.4731206
0.4833692
0.5010058
0.4866404
0.5019824
0.5235700
0.5085369
0.5056253
0.4851966
0.5018492
0.5438766
0.4943786
0.4765364
0.5114495
0.4921249
0.5074153
0.4843570
0.4800685
0.4792704
0.5243278
0.5127324
0.4846795
0.4875658
0.5103102
0.4976104
0.4903026
0.5269562
0.4887140
0.4945225
0.4910600
0.4735431
0.5185898
0.5165164
0.4941682
0.4975234
0.5261268
0.4663670
0.4830270
0.4933510
0.4745279
0.4731206
0.4833692
0.5010058
0.4866404
0.5019824
0.5235700
0.5085369
0.5056253
0.4851966
0.5018492
0.5438766
0.4943786
0.4765364
0.5114495
0.4921249
0.5074153
0.4843570
0.4800685
0.4792704
0.5243278
0.5127324
0.4846795
0.4875658
0.5103102
0.4976104
0.4903026
0.5269562
0.4887140
0.4945225
0.4910600
0.4735431
0.5185898
0.5165164
0.4941682
0.4975234
0.5261268
0.4663670
0.4830270
0.4933510
0.4745279
0.4731206
0.4833692
0.5010058
0.4866404
0.5019824
0.5235700
0.5085369
0.5056253
0.4851966
0.5018492
0.5438766
0.4943786
0.4765364
0.5114495
0.4921249
0.5074153
0.4843570
0.4800685
0.4792704
0.5243278
0.5127324
0.4846795
0.4875658
0.5103102
0.4976104
0.4903026
0.5269562
0.4887140
0.4945225
0.4910600
0.4735431
0.5185898
0.5165164
0.4941682
0.4975234
0.5261268
0.4663670
0.4830270
0.4933510
0.4745279
0.4731206
0.4833692
0.5010058
0.4866404
0.5019824
0.5235700
0.5085369
0.5056253
0.4851966
0.5018492
0.5438766
0.4943786
0.4765364
0.5114495
0.4921249
0.5074153
0.4843570
0.4800685
0.4792704
0.5243278
0.5127324
0.4846795
0.4875658
0.5103102
0.4976104
0.4903026
0.5269562
0.4887140
0.4945225
0.4910600
0.4735431
0.5185898
0.5165164
0.4941682
0.4975234
0.5261268
0.4663670
0.4830270
0.4933510
0.4745279
0.4731206
0.4833692
0.5010058
0.4866404
0.5019824
0.5235700
0.5085369
0.5056253
0.4851966
0.5018492
0.5438766
0.4943786
0.4765364
0.5114495
0.4921249
0.5074153
0.4843570
0.4800685
0.4792704
0.5243278
0.5127324
0.4846795
0.4875658
0.5103102
0.4976104
0.4903026
0.5269562
0.4887140
0.4945225
0.4910600
0.4735431
0.5185898
0.5165164
0.4941682
0.4975234
0.5261268
0.4663670
0.4830270
0.4933510
0.4745279
0.4731206
0.4833692
0.5010058
0.4866404
0.5019824
0.5235700
0.5085369
0.5056253
0.4851966
0.5018492
0.5438766
0.4943786
0.4765364
0.5114495
0.4921249
0.5074153
0.4843570
0.4800685
0.4792704
0.5243278
0.5127324
0.4846795
0.4875658
0.5103102
0.4976104
0.4903026
0.5269562
0.4887140
0.4945225
0.4910600
0.4735431
0.5185898
0.5165164
0.4941682
0.4975234
0.5261268
0.4663670
0.4830270
0.4933510
0.4745279
0.4731206
0.4833692
0.5010058
0.4866404
0.5019824
0.5235700
0.5085369
0.5056253
0.4851966
0.5018492
0.5438766
0.4943786
0.4765364
0.5114495
0.4921249
0.5074153
0.4843570
0.4800685
0.4792704
0.5243278
0.5127324
0.4846795
0.4875658
0.5103102
0.4976104
0.4903026
0.5269562
0.4887140
0.4945225
0.4910600
0.4735431
0.5185898
0.5165164
0.4941682
0.4975234
0.5261268
0.4663670
0.4830270
0.4933510
0.4745279
0.4731206
0.4833692
0.5010058
0.4866404
0.5019824
0.5235700
0.5085369
0.5056253
0.4851966
0.5018492
0.5438766
0.4943786
0.4765364
0.5114495
0.4921249
0.5074153
0.4843570
0.4800685
0.4792704
0.5243278
0.5127324
0.4846795
0.4875658
0.5103102
0.4976104
0.4903026
0.5269562
0.4887140
0.4945225
0.4910600
0.4735431
0.5185898
0.5165164
0.4941682
0.4975234
0.5261268
0.4663670
0.4830270
0.4933510
0.4745279
0.4731206
0.4833692
