23.186341
21.055896
22.542247
21.206906
19.914620
20.848812
22.880433
21.096822
19.866478
24.480250
21.928984
21.760124
21.771872
19.868619
21.214987
24.242324
21.343421
23.176130
23.817407
21.649941
21.292792
22.837066
22.676520
21.268486
23.515672
22.397293
20.903037
21.563748
21.958437
20.720146
21.460754
19.804163
21.172569
20.305040
19.990066
17.291863
18.145499
16.655453
19.518600
18.571272
17.816418
17.463328
18.024929
20.805512
19.969568
18.859073
20.445741
19.645623
19.932709
19.982276
18.305314
19.952274
21.499055
19.440809
21.271436
21.516204
22.079155
21.934077
23.581775
22.433167
22.202115
22.932847
21.648892
21.146188
20.440292
19.799419
21.600304
20.210523
20.460106
22.501960
22.391228
22.649208
22.230926
21.797029
22.395053
21.966366
20.427222
23.314554
21.761410
21.972098
22.520775
21.112567
18.917350
17.608952
17.016088
19.104050
17.903900
18.521117
16.907955
16.290100
20.284347
18.572554
19.607187
18.615262
18.012972
17.633190
16.754404
17.131801
19.039917
16.963906
17.041206
16.963930
16.846882
17.286723
18.528073
18.320042
19.460753
20.167433
18.598117
18.938614
18.282748
17.663225
18.197846
16.867805
17.439222
11.316691
12.336622
12.535172
12.606028
12.409839
12.835363
13.634736
11.282203
11.551472
13.020165
11.892547
14.434194
15.265408
15.237208
16.402667
15.758695
16.944263
16.943611
16.741028
16.549835
16.661145
17.412175
11.722062
12.761670
11.087600
11.987958
10.339709
10.260161
10.178757
 9.050653
10.706245
10.777218
10.626336
10.866010
11.458515
11.293318
10.638662
10.332188
10.797379
10.057641
10.379011
10.039784
10.042788
 8.532600
 9.651954
 9.428797
 9.840745
10.055038
10.100650
18.087353
17.237757
17.677884
17.885716
15.913173
16.451443
17.328828
17.349716
16.005868
15.945885
14.614791
16.299343
15.216134
15.678775
15.012788
15.887501
15.154058
14.942155
13.034617
12.580625
12.342864
11.880775
12.369088
12.419670
13.266760
12.566529
11.501108
12.958158
12.074048
11.163371
11.726904
11.967580
12.153241
12.214492
12.259804
12.638272
13.210277
11.870358
11.562068
10.151924
10.538290
13.653239
14.650110
15.984831
15.426072
14.437751
15.760103
14.774325
13.973201
14.414317
14.700725
14.810606
15.515237
15.569645
11.464049
12.248772
11.560188
11.230124
11.287457
10.912227
11.492647
 9.320471
 9.199948
 9.581374
 9.633290
 9.402019
 9.422159
 8.801301
 9.004986
 9.747093
 9.994046
10.510166
10.120821
 9.908821
 9.598480
 9.097962
 9.585082
 8.788136
 8.393622
 9.072269
 8.710409
 8.576493
 8.641278
 8.606002
 9.231689
 8.748356
 9.076385
 8.621782
 8.983497
 9.536481
 9.946741
 6.696047
 7.176258
 7.010963
 7.692217
 7.167165
 7.703659
 7.097977
 7.324138
 7.388959
 7.143099
 7.416954
 7.045272
 9.023718
 9.540201
 8.423860
 9.078900
 9.194594
 9.191372
 9.281473
 9.085273
 9.310767
 8.409114
 8.329505
 8.930391
 9.449125
 8.660783
 7.476078
 7.546226
 6.883836
 6.769545
 7.203088
 6.906076
 6.896703
 7.302530
13.876500
13.606855
14.350334
13.501197
13.423908
14.363368
15.429776
14.279901
14.911555
12.797101
12.030414
13.202505
11.948235
11.089198
11.864338
11.623151
11.483512
11.078290
11.199687
10.857937
10.901438
11.151992
15.992468
15.328444
14.532015
14.437308
15.424935
15.881990
16.224730
15.916122
15.519008
13.832555
14.775215
14.602620
13.452988
14.604459
14.032921
15.200265
15.898260
15.052504
14.931864
16.021940
15.448485
13.923618
15.440839
14.512986
15.881007
13.744978
15.554410
14.906367
15.622084
15.021251
14.570757
14.152509
15.063842
17.181064
16.752231
16.542020
17.217006
12.995749
13.041761
15.196429
16.205899
16.610701
16.479301
16.613186
17.195717
15.946100
17.299430
16.239664
16.355420
17.148395
16.867345
17.371853
14.247548
15.057416
15.148246
16.018842
15.050215
14.706251
15.296081
15.357576
14.388491
14.580894
14.522559
14.843713
14.053814
10.576346
11.361917
11.222934
11.358951
11.280644
10.961679
11.223345
11.243175
11.425311
10.925046
11.415883
12.125452
11.252173
11.796246
14.310823
14.519967
14.205959
14.637279
13.677510
13.934693
14.507444
13.824475
14.802623
13.999463
13.689528
15.354687
15.587433
16.703404
15.247720
15.983696
15.197278
14.641028
12.647355
13.324402
12.707485
13.142575
12.579052
12.856324
12.976955
13.375024
13.011868
13.011413
13.292057
 9.806929
 8.967762
 9.905821
 9.708629
 8.973640
 9.536633
 8.924997
 9.311399
12.795751
11.612666
12.445044
12.530067
12.635123
12.560463
11.595982
12.133426
14.634576
12.898205
13.218028
12.207789
12.142704
12.616404
11.862511
12.326202
12.474949
10.187896
11.352321
 9.317733
 9.658241
 9.961705
10.216986
 9.646081
 9.530768
 9.427309
 9.308158
 9.003492
 9.758104
 9.215391
 9.808881
10.135392
 9.305906
 9.372700
 9.214590
 9.757649
 8.661830
 8.865145
 9.704859
 9.427268
11.098870
10.184647
10.811252
10.214070
 9.829788
 9.801918
 9.920004
 9.793688
 9.842617
 9.251635
 8.681391
 8.774579
 8.538936
 8.484932
 8.514621
 8.981654
 8.856438
 8.872874
 8.298445
10.850859
11.868015
10.843512
10.443968
 9.469705
 9.592243
 8.810501
 9.179894
 8.991716
 8.932104
 9.697487
 7.743596
 8.207560
 8.731296
 8.418046
 9.167303
 8.925105
 9.025717
 9.574255
 9.589215
 9.416367
 9.886750
10.096668
 9.103707
 9.911163
10.173101
 9.523859
 9.994634
10.041748
10.486936
10.695933
10.244040
 9.804986
10.397559
10.563931
 9.742785
 9.801506
 9.858448
 8.774126
 8.718923
 8.663704
 8.689929
10.476482
10.628569
11.560738
10.775097
10.069726
11.006636
10.793348
11.779209
11.451142
11.161082
11.507856
11.290628
11.041665
10.662552
10.933190
11.195774
11.308757
10.599823
11.479736
10.083981
10.745661
11.680349
11.393047
11.323609
11.310641
11.524391
10.463177
11.107001
11.457000
10.857262
11.438626
 7.493765
10.187650
 9.968181
11.007397
19.077391
18.476126
19.002099
18.892578
18.509396
18.609274
18.258976
18.098057
18.127896
18.102983
18.965882
20.965405
21.685207
22.301552
20.232016
20.598681
21.780121
17.328614
19.337771
20.054922
19.599953
19.880458
11.879807
11.174440
11.365159
12.243297
11.598184
11.535657
11.283090
10.873416
10.411757
 9.332357
10.069362
10.438958
10.061364
 8.948705
10.003234
10.326359
10.863854
 9.681198
10.366644
10.440051
 9.916121
 9.800041
 9.891227
10.137029
10.240425
 9.571524
 8.922433
 9.664507
 9.460867
 9.931809
 9.082408
 9.741935
10.192528
10.097647
 9.916501
11.029314
 9.865754
10.029749
 9.773517
10.861192
10.429476
10.678528
10.627014
10.640572
10.443951
 9.983917
 9.803328
 7.980415
12.414200
10.991010
11.370918
12.062332
11.236744
12.359566
12.774782
12.035572
12.653792
12.503701
12.168917
12.135948
11.718525
12.447627
13.005323
11.963367
11.328214
11.106610
10.826884
12.908355
13.160933
 7.663733
 8.130842
 8.633454
 8.891119
 9.266809
 8.680740
 9.517605
 8.847408
 9.494952
 8.825815
 8.949937
10.203348
 9.591778
 9.497317
 9.938661
10.734046
 8.821884
 9.257044
 9.137038
 9.142749
 9.094452
 9.288850
 8.980636
 9.116719
 7.818661
 8.293703
 8.634976
 7.763069
 8.278368
 8.434830
 7.877375
 8.672009
 8.656521
 8.361750
 8.227943
 8.667062
12.084473
11.698899
11.095182
13.306117
11.988028
12.712214
19.764517
18.714469
19.465553
19.715716
21.658702
20.516498
20.338570
21.689985
20.060650
20.603516
18.959971
18.936622
18.533108
18.771176
19.424703
19.027427
20.321819
19.656686
19.418028
18.943772
18.837389
19.811520
19.399967
18.478387
18.353353
20.315070
17.885423
18.251381
18.092593
16.683676
19.389225
16.635343
17.062648
18.243739
17.099101
18.547580
18.442694
19.235149
18.283548
18.006305
17.792924
18.897338
18.538219
18.786235
18.580014
22.571335
24.104433
24.128663
23.675577
24.344077
21.089680
21.490202
21.489258
23.575376
22.948001
23.174169
24.146064
22.342058
23.860215
22.276382
24.451629
23.417870
22.830856
23.146294
20.189029
20.467989
28.046275
25.966017
26.085803
27.026710
22.347866
23.471617
24.458440
22.956639
24.426245
22.282835
23.564987
23.684159
21.442139
23.585486
23.244028
22.479487
22.309657
22.970088
21.313956
23.206894
19.484956
19.870005
18.063813
18.731122
18.879639
18.206556
19.755913
19.339238
22.596032
22.519674
22.164193
23.483126
22.285620
23.070773
22.806176
25.756320
22.414987
21.742738
21.204116
23.291478
25.377487
26.237004
 8.595398
 9.097896
 9.017721
 9.592952
 9.889344
 9.013088
 9.915389
 8.411256
 9.514499
 9.381223
 9.807245
 9.627946
 9.768500
 9.169932
 9.480979
 8.061035
 9.717076
 9.478848
 9.171930
 8.638112
 8.674267
 8.146660
 8.173659
 9.985040
 9.939750
10.300468
 9.809963
10.103225
10.364018
10.727150
 8.248708
 8.262151
 8.387918
 7.762309
 7.449997
 7.760005
 7.708380
 7.416922
 7.944123
 7.636315
 8.465429
 7.543251
 7.823278
 7.511153
 8.384706
 7.786096
 7.775740
 8.231153
 8.675722
 8.898567
 8.848779
 9.452197
 9.487445
 7.942763
 9.030672
 9.508211
 8.934114
 9.287459
10.455944
 8.862050
22.925451
22.992630
22.828047
23.047084
21.886950
22.692147
24.585725
22.082527
22.962757
21.641053
22.028670
24.431725
22.414300
22.125415
22.618436
22.391839
22.572538
22.627166
24.060552
23.614774
24.886567
23.266871
23.483619
21.935147
25.859504
24.130723
23.026900
23.999035
25.942945
19.921974
21.734228
21.174985
22.360591
19.529384
20.739487
21.101508
20.418236
20.038744
19.676082
20.827961
21.128142
20.054979
19.858472
18.307072
18.922285
18.483093
17.254612
19.520573
18.265593
19.234340
20.174300
20.908145
18.537916
19.510611
18.872783
17.960327
18.861903
17.981800
18.963348
17.785643
19.106112
19.935416
20.444810
21.614618
20.285015
20.204594
21.053337
20.922691
19.808870
20.444590
19.224426
22.045157
21.098706
19.865605
23.200736
21.669093
22.272871
21.875513
20.910445
18.662243
16.641989
17.241706
15.639623
17.625433
17.628101
17.450690
15.762301
17.749349
18.332118
18.995899
18.147385
18.607715
18.409744
17.957313
16.963769
17.051167
18.332867
18.239303
18.099038
18.870770
17.211211
16.508431
23.675160
24.107498
21.484612
18.604690
19.702127
18.237583
19.879095
18.844253
19.717279
18.686741
20.232948
19.614190
18.778583
18.764688
18.722340
19.196422
20.683501
16.326462
17.582621
16.184999
15.668732
17.563563
17.501401
12.090020
11.807065
10.270975
10.105002
10.334402
10.334839
10.831789
11.615607
 9.439189
11.557142
11.849390
11.121132
11.288949
11.325884
11.028597
10.733990
10.882383
 9.759081
10.611738
12.199848
10.691816
11.109246
11.338420
11.576860
13.791608
12.510246
12.894951
13.416768
12.285074
18.042726
18.624532
19.487732
16.803229
16.643779
17.176891
20.151851
19.715211
16.824094
14.572719
16.709524
17.223354
17.306057
15.427951
15.348181
16.910338
15.782651
15.594431
15.543912
15.764309
15.609968
15.278140
15.307569
15.957390
19.341474
21.155909
21.142919
20.405650
20.419072
20.221262
20.487160
20.678509
16.977782
19.522167
17.871053
18.206199
18.754085
17.464987
18.296322
18.919060
17.126694
17.961702
17.929191
16.509323
17.485788
16.793770
17.284745
16.358304
20.189357
19.718463
20.185260
19.869777
21.211695
19.158358
17.283828
18.152111
19.120325
19.083112
17.884865
18.075670
17.328592
17.965510
16.467790
16.902155
16.711525
18.911968
20.246748
19.759044
18.630751
19.716036
18.888533
19.341172
21.609322
21.980305
22.527497
23.591916
21.129269
21.539878
20.524987
22.166446
24.121366
21.869605
23.689296
21.351311
22.991425
22.582496
23.333755
19.066544
18.617416
17.717865
18.600131
15.338063
17.527561
16.666909
18.049244
17.662086
17.950343
19.473461
20.198830
22.213328
20.439360
19.212585
18.694069
19.576351
19.441419
19.443507
21.446190
20.530368
19.242907
19.550703
17.081452
15.776754
16.466117
16.412415
15.677131
15.577710
15.855775
17.850696
17.308745
16.818667
17.431893
16.733358
16.964125
16.660085
16.731374
17.109442
16.998036
16.665101
16.233547
14.810632
16.097460
16.147004
15.083143
15.979671
15.188698
16.571659
 6.534192
 6.125391
 7.025330
 6.837584
 7.301522
 6.993977
 7.194625
 7.042074
 6.863712
 7.547876
 6.946271
 6.495151
 6.771970
 5.980446
 6.497996
 6.263976
 6.341443
17.502196
17.357724
17.688411
17.950633
18.407151
18.301635
19.140453
19.402763
18.938179
18.327894
17.478001
18.494684
18.053595
18.426626
18.542742
16.153516
15.799275
17.046716
15.657485
15.913800
17.699861
15.168903
14.343195
14.449564
13.868699
13.940406
13.776129
13.890140
13.709677
15.419694
12.900926
13.324565
16.156224
16.856506
15.759458
13.904226
13.231302
13.728676
13.560211
14.245468
14.552133
16.495075
15.503885
16.344104
15.705083
16.931594
14.112387
12.764835
13.927483
12.881494
13.425330
12.982660
12.082618
11.608709
13.029243
12.409045
12.751082
13.068267
16.391180
16.720382
16.099082
16.208095
17.347178
16.325489
16.147131
18.801704
16.486082
15.961852
17.356963
17.054595
14.411682
14.373755
14.513785
14.801914
14.030239
14.498154
15.303216
14.027876
13.855230
15.173407
13.953446
14.681061
14.023381
13.812187
15.830083
14.183020
14.735330
15.565216
14.215576
14.570736
14.403400
13.413930
15.941780
15.247239
13.960632
14.518912
14.308204
14.072212
15.318801
15.368728
14.306749
12.871178
12.779184
13.474213
13.048299
14.322309
13.397051
13.284398
12.629475
12.304338
12.593352
12.608803
13.581463
13.209126
12.935442
13.074796
14.975233
13.492346
14.535447
14.392361
16.017736
15.933760
15.247684
14.978290
17.874697
17.090294
14.329628
15.681544
17.719640
16.042815
17.047798
11.346018
10.860056
11.439304
11.684938
11.690139
11.845881
10.937763
11.036888
10.274554
11.007961
11.635770
11.138963
19.049702
19.112061
18.563738
17.278301
14.650250
13.449535
14.810178
14.038574
14.473164
14.380746
15.587927
14.289391
18.100280
17.762490
17.821366
18.390964
18.479418
18.109119
17.659484
17.889986
17.441010
17.146070
17.902684
17.689303
17.274812
16.680895
16.544240
15.984919
16.152670
16.313297
18.188161
18.631353
18.708978
17.325791
18.363353
17.631501
19.064781
19.246716
21.017852
18.926622
18.937538
20.527533
16.492594
16.223621
15.619541
17.205182
18.054677
17.381798
17.204503
18.029789
17.548528
18.383389
17.868241
16.742849
17.790183
18.955062
18.357455
16.612480
14.209701
15.859985
16.410238
15.322086
16.390052
13.782189
14.385272
13.130509
12.078663
11.125576
10.416482
10.995836
10.831731
11.685127
12.028575
11.591343
11.443296
11.652316
12.916056
11.574827
11.993236
12.100034
11.862419
11.416396
10.517574
10.406025
12.218998
11.094012
11.337201
 8.569527
 9.299253
 8.893357
 9.500897
10.134350
10.263510
10.259304
10.112519
 9.739247
13.575498
13.076639
12.084431
14.171542
14.759808
12.211942
13.321698
13.098460
13.946959
13.290639
13.501734
10.690169
11.544062
10.646527
10.750184
10.903997
10.284540
10.160991
10.701052
11.538340
11.090275
11.333995
10.445678
10.346024
10.347950
10.928993
11.507242
11.612014
11.428394
11.148922
11.573426
10.979423
12.171781
 7.844128
 7.727638
 7.198774
 7.612469
 7.404456
 7.578004
 7.335778
 7.261778
 6.767176
 7.645096
 7.758668
 7.402221
 7.243555
 6.956986
 6.985670
 7.182057
 6.874937
 7.026302
 7.413435
 7.150641
 7.370639
 6.773423
 6.781052
 7.580167
 7.721018
 8.101341
 7.646679
 7.954271
 8.049982
 8.234643
 8.197067
 8.434738
 7.788851
 8.434161
 8.477963
 8.752291
 8.897688
 9.000627
 8.769445
 8.747640
 8.547581
 9.081209
 9.137060
 9.163607
 8.087509
 7.967239
 8.318693
 7.656946
 8.744182
11.446040
12.177832
11.731024
11.885368
10.936547
11.589986
10.963646
11.074762
11.083790
11.550208
10.703395
12.457659
11.246786
11.486354
11.634410
11.107736
11.876921
12.029676
11.035396
10.505022
10.887826
12.937884
12.462202
12.160543
12.619634
12.754094
11.624622
12.864594
12.596736
12.303672
12.738630
12.827666
11.793249
12.334812
12.306055
13.128068
13.268903
13.247234
13.075003
14.354868
12.964587
13.020313
12.289902
12.504552
11.843633
 8.549584
 7.530363
 8.259249
 8.130228
 8.364814
 8.132545
 8.847186
 9.474874
 9.485036
 9.826502
 8.729776
 8.853861
 8.445961
 8.119140
 8.515036
 7.637099
 8.582479
 8.944763
 9.229416
 9.190455
 7.761214
 7.683876
 7.828130
 8.175714
 7.765494
 7.206718
 7.143374
 7.989646
 7.223697
 7.715502
 7.104617
 7.652257
 5.824656
 5.330964
 5.687316
 5.340844
 5.442827
 5.713622
 5.292303
 4.924490
 5.176271
 5.461823
 5.322059
 5.134239
 5.813743
 5.139320
 4.815655
 4.713977
 5.262811
19.380068
21.478043
21.339237
19.984617
19.837750
20.952053
20.958737
19.074663
18.591735
20.261801
18.881326
17.699341
19.897730
19.980556
19.905199
20.965642
19.950982
20.703391
20.470152
22.650426
21.721228
20.961074
21.149029
20.652301
20.408647
20.281288
20.193539
19.175663
21.998324
20.396394
21.662120
19.189017
20.576346
21.211356
18.265074
19.981523
18.311901
19.135143
20.092656
19.268741
19.414940
17.363116
18.025863
18.243846
17.371263
16.838179
19.259445
20.018317
19.510828
18.625654
19.823168
18.344405
17.721361
19.317512
14.070245
13.862924
13.403480
14.192165
13.990716
14.575252
14.646408
14.802489
14.220188
11.619261
10.521182
11.479904
12.457369
12.840141
11.947998
13.306583
12.521994
11.790533
15.838259
15.361877
15.098833
15.564461
16.056229
15.821216
17.666808
17.452941
19.382621
19.628452
20.498807
17.004256
18.605662
18.714653
16.425981
17.926399
19.993958
18.894830
17.997740
18.208400
20.060932
18.778563
18.912589
19.293850
20.108402
16.206565
17.507336
16.681571
17.386814
17.792474
16.437843
 5.840227
 5.777646
 5.440384
 5.995233
 5.735253
 5.372122
 5.628146
 8.672793
 8.559475
 9.982303
 9.070193
10.169467
 8.742217
 7.587891
 8.308183
 8.425794
 8.396149
 8.458919
 7.647618
 8.444272
 7.729584
 7.575818
 7.278254
 8.282565
 7.422101
 7.263817
 6.945763
10.414963
 9.265896
 9.800432
10.036008
 9.719321
 9.649629
 9.635760
11.358093
11.147093
10.920229
11.217101
 7.531767
 8.923804
 9.347228
 9.066190
 8.350832
 9.346101
 8.419436
 9.393224
 8.546458
 8.068271
 8.814686
 8.729466
 7.336478
 7.307484
 7.485701
 6.921849
 6.867437
 8.164481
 8.249263
 7.371610
 8.068755
 7.763078
 7.997266
 7.519939
 8.043502
 7.981111
 7.754324
 7.716797
 8.182422
 6.873251
 6.902412
 6.878087
 6.543622
 7.046737
 6.708303
 7.016637
 7.283352
 7.467670
 7.422443
 6.254628
 6.211223
 6.485161
 7.002061
 6.677386
 6.498687
 6.483028
 6.336992
 6.803963
 6.969044
 8.104408
 7.489614
 7.664304
 7.360026
 7.664892
 7.318095
 6.816703
 9.761215
 9.988044
10.397982
 9.945214
 9.542983
 9.848003
10.109593
 9.951089
10.342136
 9.843052
 9.496659
10.301633
10.185001
10.897189
11.479444
10.932305
10.471598
10.514795
10.945978
10.952063
10.516103
11.076757
10.876285
10.596961
11.009250
10.938719
11.804399
11.914737
12.928985
11.871782
11.891848
12.272381
12.169287
12.363159
12.301408
10.587664
10.975960
11.024353
11.405640
11.471170
11.242776
11.159906
10.426206
11.765332
10.952106
10.054621
10.661819
11.266214
10.968380
12.648412
12.536015
12.988156
12.353798
12.727888
12.478115
11.899474
12.732689
 9.665024
 9.482778
 9.185871
 9.651086
 9.028416
 9.970272
 8.807509
 9.857495
 9.096039
 9.228647
 9.385310
 9.255330
 9.508004
 9.451403
 9.703014
10.170475
 9.119016
 9.697010
 8.754078
 8.464555
 8.220785
 9.577628
 9.141395
 9.251874
 9.106305
 7.747130
 7.202217
 7.069473
 7.501782
 7.501718
 6.289139
 7.897443
 7.596689
 7.433673
 7.922060
 7.621248
 7.752086
 9.439075
 9.266386
 7.782084
 7.217981
 7.455566
13.800320
12.837429
12.960428
13.383178
14.130089
15.222614
14.861439
15.245996
14.383641
14.693857
14.099048
13.391910
15.073661
14.013201
13.470316
14.449168
14.435695
13.912400
13.089110
12.819204
12.304698
12.099958
12.847996
12.760990
12.398377
11.892370
12.293525
13.173461
14.257861
13.324971
12.710463
14.007466
13.650963
13.023755
12.922065
13.474072
13.112127
13.782706
12.787201
12.978386
12.522519
13.074384
12.056095
12.499494
12.825106
15.469038
15.351815
15.158320
14.317406
12.894535
12.571237
11.992931
12.687990
13.622102
13.245038
13.592492
12.504693
11.725721
11.556502
14.030705
13.719086
13.351261
12.762496
13.787458
13.252058
12.478222
13.005447
12.364593
12.626159
11.151476
10.939370
11.274777
10.511693
10.940104
10.806303
10.218609
10.866214
10.506411
10.481152
12.485590
12.896989
13.012845
12.765804
12.495752
12.367431
12.953939
11.638920
10.845367
11.157363
10.519226
10.876447
10.504111
10.460218
10.519084
11.142118
10.096377
10.169988
10.789896
10.764635
11.618546
12.007901
11.356576
11.494091
11.575423
11.739095
11.910841
10.735445
13.230346
11.995130
12.575807
12.758260
14.955418
14.542639
14.877367
14.121953
13.980133
15.299294
15.544082
14.004008
14.218099
13.759830
15.132712
16.080204
16.395409
16.172814
15.462940
16.111682
14.984438
14.789380
14.329269
15.695218
15.720850
15.214181
 7.987462
 8.444131
 6.920690
 7.033842
 7.376316
 8.101264
 7.451653
 8.046779
 7.921302
 8.033018
 8.750439
 7.674598
 7.782147
 8.100835
 8.330684
 7.119520
 6.930707
 8.215773
 7.835282
 7.892343
 7.717017
 7.248593
 7.200668
 7.224860
 7.719100
 7.396206
 7.562628
 8.006470
 8.004815
 8.373784
 8.039977
13.529581
12.453503
14.052971
14.264425
13.778250
12.790784
12.296810
12.383342
15.197276
15.472088
15.147547
15.639966
15.143174
14.766972
14.219822
14.236398
14.480640
14.074608
14.133307
13.919826
14.098033
14.623535
13.232130
13.199581
12.937846
12.725128
11.846139
12.396318
14.638964
14.109024
13.598520
13.080531
13.245135
14.246395
12.651564
12.721965
12.455605
12.301141
12.622140
14.078410
14.914122
13.650076
13.285826
12.141238
11.089020
10.972859
10.538944
10.987875
10.488423
13.059971
14.305774
13.064169
14.824767
14.145603
20.936146
20.906493
23.265854
20.590320
22.871909
20.759523
19.155237
21.674716
20.794515
21.563414
17.552158
20.757430
12.085828
12.572501
12.485892
11.491448
12.488041
11.819950
12.386084
13.304993
12.383700
12.219737
14.934377
16.244676
15.072107
14.500260
14.302300
14.410330
14.538781
13.064874
12.710495
15.982066
14.800809
15.891230
16.776474
18.352761
17.522777
18.116892
17.360128
19.215270
18.482598
17.564560
18.729195
18.683982
17.879022
18.316729
18.414792
17.607480
17.357092
17.577837
18.310118
17.330459
17.451016
17.108980
11.890095
12.637192
13.151033
12.519403
12.916839
13.022614
12.928699
15.121753
14.375246
14.289165
13.753830
14.288399
14.804068
14.757053
13.154923
 9.459605
 8.865396
 9.695034
 9.847058
12.284408
10.907277
 9.951576
10.993158
11.040393
11.017187
 9.763145
10.137822
10.233584
10.137751
 9.741777
11.208363
10.722940
 9.816900
10.389215
10.588704
10.565754
 9.798631
 9.584657
 9.634056
 9.637486
 9.493637
10.638883
11.104568
10.021264
10.309786
10.372721
 9.976429
10.402539
10.323527
11.829157
11.176932
11.168851
11.136930
11.703442
11.063128
 9.799900
 9.182607
 8.962226
 9.738183
 8.833934
19.622236
20.127462
18.339673
19.617886
18.118770
17.765720
19.233737
17.113124
17.653806
18.875253
18.063491
15.817303
14.982674
15.515471
14.794155
14.296591
14.679854
14.741909
15.506048
15.422854
14.576060
15.357207
16.624884
16.282638
16.770933
15.448451
16.378828
15.834767
16.668020
16.708139
16.288633
16.593527
15.164129
15.950485
15.590480
16.110157
16.885286
15.885827
16.058885
15.932217
17.038537
14.914361
14.830636
16.970146
15.571556
15.260169
15.765208
15.159534
15.743210
16.005801
15.789715
15.548427
16.925695
12.005898
12.434287
12.326601
12.486191
12.610422
12.331643
13.585299
11.830802
12.877914
15.981761
12.620847
12.796588
12.432440
12.876862
13.909934
12.692189
14.351784
13.534504
13.273042
13.956511
12.992731
13.839573
13.930944
10.935126
11.721668
11.452279
11.256861
11.925922
11.608888
10.979225
11.434670
11.356433
10.630336
12.227853
11.412805
10.831009
11.725978
11.302643
12.940533
13.855741
11.144940
10.690649
11.061350
10.996535
11.041504
11.389109
10.812321
10.878048
10.399296
10.687248
12.016514
11.442920
11.772745
12.166535
11.790763
11.072702
11.480990
12.126637
12.186023
10.870838
13.483441
12.472430
11.707895
11.156770
11.315129
11.669255
11.479118
11.624538
12.112745
11.160097
11.287023
10.426708
11.557761
10.777015
11.617295
10.935718
12.121705
13.488705
14.128300
13.076223
13.160978
14.690018
13.806239
15.485973
15.255306
14.536025
14.746207
15.170889
16.310568
15.533643
15.496943
15.554049
14.974078
16.187068
14.765034
14.372542
13.918778
14.945314
14.689916
13.880918
13.519276
12.958981
13.294541
14.111938
11.910042
11.840760
10.408765
10.783207
10.607087
11.485872
11.340887
12.025216
10.613015
11.089279
10.903159
12.015057
10.746957
11.370949
11.330530
11.913697
11.745344
12.003076
12.311014
11.774859
11.742593
12.103387
12.967616
11.707502
11.997860
14.304896
13.392587
10.485138
10.500429
11.170201
12.196200
10.569183
 9.054506
18.555659
18.642296
19.647391
11.442442
11.550774
11.536328
11.511151
11.792614
13.358065
12.883220
12.691380
12.630718
12.888870
13.184838
11.973912
14.263566
14.856610
14.862881
14.088335
15.278106
14.673774
13.902282
14.980002
14.393485
13.864006
13.152271
14.468269
15.408005
13.325696
15.253264
15.896719
15.083038
15.205629
11.733032
12.505216
13.424873
12.541430
12.299208
13.359065
11.816947
11.885539
11.059243
12.030779
12.294816
11.560210
12.343354
12.474136
12.895161
11.980943
12.212451
11.581619
12.845565
13.319380
13.102371
12.433055
13.191722
12.617366
13.028847
13.057357
11.019711
10.284599
11.427280
10.632894
11.053589
10.803378
13.106655
13.280891
12.958530
12.869490
12.547286
12.385200
12.520596
12.281446
12.331627
11.204632
11.833856
10.561023
10.437082
10.530303
11.185750
13.075515
12.581993
12.892510
12.621947
12.454373
12.228401
12.897802
16.893388
15.928394
15.579134
15.890886
15.644516
15.374188
14.771286
15.733576
15.830367
15.946443
15.652445
15.693214
15.450228
16.761233
12.422639
11.893910
12.725477
12.067893
12.527096
13.747220
14.655976
13.652542
13.570621
14.119268
13.855777
12.689028
12.931300
13.221627
13.665448
14.155799
13.226641
14.125579
13.335291
12.923024
12.832050
13.284584
13.829215
13.014589
14.750423
13.115861
12.719736
13.366580
22.208272
21.766440
21.860828
20.826656
21.760972
22.044917
21.224413
20.466025
20.706179
20.224600
20.314734
20.934696
21.312780
19.456424
20.016297
18.704264
16.698219
16.351753
16.690837
16.732726
16.149830
16.462272
15.977671
15.712838
16.345637
17.405065
17.253370
17.061319
16.804293
17.099952
17.993746
17.605204
17.453453
16.447221
16.718293
15.748610
16.265229
16.201044
16.221791
15.526925
16.414459
16.011053
15.923674
16.362871
17.966140
16.344014
16.520289
16.433786
16.268222
16.149624
15.709253
17.035146
17.878011
17.564577
18.181944
17.312748
17.828996
18.369731
17.051228
15.796883
16.600435
16.662698
16.853358
15.904319
17.952893
17.156712
16.359658
16.826471
16.757290
15.698969
17.622336
16.308154
16.397074
16.770779
16.786806
17.717991
18.601127
17.908932
18.465554
17.272086
17.691834
17.409350
16.476401
15.894323
16.579857
18.218499
18.025284
16.464661
16.919402
17.501833
16.148029
17.667921
16.681085
16.186608
17.371422
16.870090
16.352491
17.013706
16.611241
15.995193
18.353778
17.042242
18.063648
18.605702
15.026631
15.321609
15.343633
14.539691
16.348254
15.751548
15.360713
14.551051
12.075561
10.286410
12.557621
11.961183
11.757614
12.318347
11.821495
11.805285
10.875493
11.823727
11.760328
11.060897
12.247270
11.878533
11.682738
11.515079
12.133807
12.298319
13.606088
12.698884
13.092490
12.600604
11.604336
14.136114
14.100317
13.277986
13.026186
13.581414
13.811289
14.025784
12.573102
12.129296
12.993644
12.391008
11.811895
11.856352
11.810720
13.815075
14.621984
14.932516
14.617700
13.103500
13.837106
14.549282
15.032906
18.263597
16.573005
16.338967
17.440046
14.403886
14.263738
13.910857
13.646662
14.050587
13.784475
14.850118
13.453518
14.215786
12.860166
13.672395
13.513088
13.334832
13.797148
14.949786
14.307943
13.415998
14.418116
13.350929
14.716343
13.510105
18.027588
16.316032
16.396352
16.085798
17.386623
16.074356
17.912104
16.842919
14.963853
15.209223
16.365623
19.358572
16.921861
18.888926
16.975930
17.457069
16.356969
15.837668
16.136124
15.990352
 9.614110
10.183884
 9.186459
 9.192507
 8.923581
13.239616
13.211549
12.629242
12.389077
13.149206
13.092049
14.130401
14.006748
17.698643
16.301706
18.211893
16.217843
16.016544
15.397234
16.135916
16.519953
16.110454
15.612515
16.510087
16.212241
16.775306
15.584398
14.106554
15.454954
18.301486
21.078064
19.321271
19.795892
19.282111
17.916529
18.638972
17.389092
17.343734
16.022854
17.493702
18.872353
19.409144
18.332231
18.685316
19.550798
17.742237
17.982982
18.862620
17.385789
17.270328
17.830021
19.574526
21.060690
20.070635
21.716097
19.689946
21.466812
19.990146
19.894572
20.667295
20.163514
20.469136
19.842352
20.663220
20.778223
20.930192
19.987883
19.245681
16.212927
17.619344
17.129299
17.397352
21.257038
18.973264
13.365443
12.784053
12.882826
14.076109
12.999420
13.515681
14.574204
15.031967
14.580542
14.820966
14.599566
15.826095
12.618925
13.053702
12.937444
13.384156
12.895949
12.605657
19.700426
19.789909
19.546029
20.882123
20.454317
20.842340
19.978480
20.369990
21.674786
21.492882
18.842657
20.909366
13.243881
13.254196
12.994790
13.439450
13.429058
12.643674
11.961840
12.924814
12.766926
11.018024
12.210730
11.286650
11.589686
11.644366
12.020914
12.109713
11.911945
12.598468
15.223083
13.567584
13.350948
12.851211
12.256817
13.473823
12.484986
12.190673
12.006121
12.515985
12.401614
13.661710
13.971575
12.812171
13.917484
10.282318
10.694173
10.502927
10.489969
10.955980
 9.954777
10.975975
10.680221
21.852783
19.756600
20.329597
21.617271
20.509516
19.845519
22.163002
17.459180
16.278967
16.789784
17.697974
16.970198
16.777922
16.064999
17.387216
16.572112
17.700119
15.891462
16.276483
17.793347
16.899139
17.035924
17.324792
18.043868
17.729921
16.716004
16.298259
16.356366
16.099774
16.830187
10.403406
10.141040
10.930030
10.660272
 9.806658
10.353843
10.748943
10.041581
13.810318
14.620400
13.931974
14.206360
13.059093
13.636490
13.163947
20.443914
19.825924
20.520059
20.374651
16.353498
15.278322
15.381415
15.897859
17.613248
18.283300
19.310246
17.595582
17.726255
17.764295
17.488531
18.376102
15.736760
16.850710
17.093574
17.455077
16.678245
17.538709
17.933159
15.972867
14.466469
16.387985
14.805800
14.642820
16.577768
16.196160
12.284994
12.335155
12.054665
12.172150
13.328645
13.065003
12.802799
13.070068
11.888648
11.409285
12.089838
11.735531
11.887334
12.143419
12.033937
11.391770
11.438373
12.460517
12.416084
12.001079
11.916459
12.447934
12.413346
11.998345
11.979093
11.667827
12.340841
11.743521
13.905060
13.774926
13.277476
14.119762
14.450429
14.600323
14.265170
14.395973
15.202311
15.643667
14.259431
13.998759
13.788513
14.507036
15.288412
13.701193
13.545068
13.850619
14.413884
13.209173
14.160120
13.748655
13.800835
14.548659
15.030140
14.804932
14.682894
14.722740
12.864426
13.231980
13.239829
13.395453
13.233776
13.382606
13.246269
13.723466
13.089112
 9.792769
 9.133584
 9.216867
10.885774
10.181186
10.173644
 9.771749
 9.828983
 9.609954
 9.585771
 9.415522
10.586245
11.088666
10.467122
10.168090
10.404944
10.331540
 9.321808
 8.857143
 8.630690
 9.189842
10.170351
10.640379
10.630096
 9.786086
10.534837
10.968074
10.812694
11.586900
10.704673
12.047658
11.330098
11.323948
12.307971
11.584881
12.378429
12.304972
12.628677
12.121701
12.210230
12.157480
11.016668
11.370812
11.275397
12.405047
12.283499
11.080359
11.044709
11.801604
11.529038
11.453222
13.841628
13.447372
12.580617
13.383816
12.607857
13.986803
13.364841
12.634342
12.940965
12.939720
12.764863
11.675621
12.140062
12.161591
12.046413
12.122249
10.004061
10.464292
11.811586
10.260125
10.656142
10.288822
10.445605
 9.333678
10.053827
 9.583041
10.090479
10.134813
10.255312
 9.316463
10.195446
 9.915314
10.576828
10.948239
11.383518
11.873359
10.878228
11.881142
11.181120
11.025875
12.232629
10.983360
 9.909955
10.745063
10.868680
 9.791041
10.610564
10.398583
10.439960
10.638180
10.453310
10.257660
10.875323
11.212140
11.190078
11.509805
10.802538
11.618704
11.641351
11.098911
13.330323
12.631049
12.731666
13.369738
13.354461
13.125730
17.167333
18.374689
15.726512
19.472440
20.956355
20.607719
19.402668
19.450208
20.460101
21.313592
17.187203
18.351884
17.449056
16.701262
15.232183
16.121785
16.199321
14.783245
15.564821
16.888877
15.041233
15.607203
15.329758
15.216413
15.631158
17.093621
16.662953
17.736352
19.774640
20.079361
18.993099
19.757477
19.491547
20.144215
18.773845
18.695812
17.065096
17.850194
19.768280
20.066493
18.927592
18.993509
19.474822
20.053979
18.281245
15.252342
16.918171
14.211232
15.161665
15.905612
14.321443
15.591705
15.196808
16.031271
15.833986
16.121466
16.970493
16.766049
16.594560
16.907470
16.335407
16.038852
15.468478
17.161666
17.371348
17.358027
17.323196
16.985796
16.325070
16.796192
18.427128
17.233342
17.348194
16.308095
18.683205
16.245899
17.583207
16.234232
16.303810
16.203862
16.238943
15.004185
16.811353
16.630839
16.239482
15.881106
17.561175
16.418977
17.569620
17.666998
16.650336
16.636370
19.935440
18.579363
20.227125
18.541496
15.505216
15.900151
17.157063
16.258117
15.647730
15.876921
14.638889
14.664162
14.834296
15.080745
15.376535
14.024955
13.591766
14.200387
14.022929
14.111165
15.529543
14.711179
14.939697
14.954225
15.758714
16.296866
14.900378
14.866430
17.291088
17.512516
17.807899
18.032193
17.496475
18.140970
19.040961
18.354496
20.823277
19.758924
19.243848
19.502656
19.134111
19.433826
13.509420
14.435134
14.692467
14.280080
13.928734
14.594634
13.836513
14.138168
13.386934
12.610963
13.141802
14.194187
12.873923
14.125020
14.340688
13.180475
15.069953
14.324227
13.506740
14.289444
13.265453
13.305932
12.632918
12.483980
12.865932
12.199662
11.597929
13.274493
11.451145
11.765721
12.642197
12.673322
12.730201
12.537403
17.791795
17.888511
17.365408
16.720807
17.173559
16.301096
16.532062
15.838136
16.699927
15.630971
17.024476
15.475272
14.979602
15.566932
14.841354
15.035992
16.759596
15.333229
16.107508
16.764503
16.382543
16.529212
17.712172
14.571304
16.464841
14.694331
15.401276
15.690394
16.871086
15.448044
16.252209
18.591739
16.778542
20.987420
21.130100
20.330179
20.124287
20.709526
20.244293
21.130945
20.054971
21.992885
21.979956
22.731699
21.614746
21.139091
23.797225
21.095788
21.387849
19.770919
20.998301
17.345996
17.739494
18.554022
17.979719
17.794087
16.541728
19.014204
18.210856
17.389603
17.085626
16.932524
17.315397
17.939266
18.502328
17.797588
16.474267
15.939689
15.027054
16.789259
16.088949
16.110602
16.180146
16.110811
17.205945
17.060114
16.287732
16.460404
17.179987
16.155668
13.067339
13.796736
13.583104
14.518660
12.905586
13.726455
13.356177
13.921302
14.250453
12.734498
13.420538
13.746492
14.364587
13.385919
12.545610
11.871613
11.795137
13.372982
12.687126
12.396647
13.034574
12.368808
12.321754
12.288812
13.259127
19.351439
18.433171
19.890007
19.766866
18.390287
17.309006
18.368984
18.056026
18.924455
18.359195
 9.300686
 8.471133
 8.692582
 8.459089
 8.843963
 8.710416
 8.651819
 8.345853
 9.506260
 9.076760
10.992116
10.311745
10.379545
10.571517
10.048968
10.250257
10.320586
10.626033
10.653893
10.978939
10.913191
11.220341
11.578184
 8.610551
 8.454800
 8.543094
 8.984648
12.522658
11.142883
11.641631
11.665422
12.873135
11.492727
12.263561
11.385073
11.876834
12.260085
12.266112
12.126634
11.859494
11.220616
12.690050
12.407397
10.593564
11.848271
11.421789
 6.813696
 7.038717
 6.579872
 7.471342
 7.455173
 7.017448
 7.669358
 7.584351
 7.343116
 7.198123
 7.561030
 8.141151
11.543407
11.364244
12.416853
12.309290
11.504143
11.834462
12.027442
11.731720
11.792725
11.162146
11.918906
 9.968082
10.221456
10.324047
10.924687
10.166805
 9.577267
 9.893461
13.733745
13.132084
14.783337
15.266334
14.937459
15.074707
14.065228
14.381567
14.412070
15.032953
15.689886
16.716790
15.928146
16.163237
14.881038
15.871523
13.498659
14.784924
14.065233
15.205224
14.061201
14.481822
14.619627
15.421094
15.918277
16.104419
16.990144
15.680538
12.933339
15.079435
13.736000
13.640873
13.656520
13.868069
13.643797
13.132037
12.359448
14.342559
12.062015
12.685434
13.073665
13.833679
13.285933
12.969791
12.608299
12.421287
13.347769
12.546097
14.393699
13.060831
13.494244
13.577708
14.842334
13.124097
12.557609
14.008823
13.807705
14.390325
13.713325
23.224295
23.108356
24.106577
22.093149
20.694786
19.611876
21.564010
21.324577
19.262901
19.965897
20.215980
19.612475
20.557351
18.595084
19.088555
18.636674
19.377790
20.457381
18.925405
19.393782
20.545214
22.111204
22.273545
20.063194
21.733278
22.806128
20.163021
21.520459
20.869151
19.414993
19.396133
19.331249
19.026853
19.003187
19.006883
18.822041
18.766526
17.976298
19.192913
18.609757
19.018717
17.817029
16.849461
17.843190
18.602899
18.170110
18.758277
17.488713
19.068354
18.270622
20.702569
19.616539
21.990154
19.798425
20.836101
19.607604
20.952082
20.898294
20.671060
18.146589
16.362203
17.330451
18.957589
17.635362
18.361208
19.613977
19.599871
19.695169
18.333406
17.515551
17.423650
20.305301
20.594490
21.853591
21.397876
19.856564
19.307348
20.848693
20.201533
20.837801
20.965963
14.943863
15.157870
15.520969
15.557006
18.294959
18.114152
16.803653
18.092768
19.077050
18.243732
18.418857
19.086069
13.603556
14.575431
13.498454
14.220316
14.160576
13.644242
12.763940
13.848675
12.855837
14.149815
13.922697
14.353691
13.700462
13.508936
13.708877
14.452626
13.485278
12.556269
12.182827
12.432994
12.841022
13.817698
13.582595
14.494919
14.980635
13.678403
13.684908
14.930567
14.671634
23.109549
23.038240
23.190517
21.882916
22.210630
24.276453
21.470322
21.205044
21.600379
22.200023
23.133267
26.617294
25.646209
27.651545
25.189898
26.963477
26.958092
26.224619
25.564186
25.411337
25.687353
23.310253
25.233826
25.049530
26.639296
24.679497
24.683975
23.923676
22.970945
24.993415
23.270936
23.525924
22.477158
24.272720
22.290008
25.971629
26.471981
24.657224
24.238171
25.039206
25.683970
25.291900
24.576110
25.745046
24.309291
26.810180
17.763634
18.329883
20.084796
18.933361
19.050359
19.240757
20.465322
18.405002
19.441400
18.378470
17.997973
18.612039
18.285712
19.152922
20.818693
20.804837
20.668916
21.372755
21.705075
22.624478
23.093247
23.736157
23.974914
22.247301
24.521106
24.646700
22.661335
22.650444
23.688628
23.210586
22.518149
23.570707
24.362057
22.694643
23.521353
22.608314
22.564020
22.109906
20.130655
18.759786
20.158410
19.935200
19.692537
17.211551
17.383442
18.176689
18.791638
15.508509
18.752991
17.578782
18.105517
18.069932
17.219267
17.286043
17.205542
17.137998
20.785946
19.815066
22.232034
19.432841
23.053369
23.676604
22.625692
20.822380
21.409402
20.884913
20.343324
22.522634
20.876590
20.978295
20.701212
21.266842
21.533556
21.438807
20.554309
22.299265
20.597847
12.963728
14.606658
11.460030
11.349500
12.152882
11.348629
10.959104
11.142841
11.540079
10.610658
10.838998
11.622132
11.505361
10.853395
11.455345
11.393399
11.954718
11.557381
12.524120
11.499016
10.410969
 9.650314
 9.798996
10.448354
 9.736571
11.152790
10.208192
11.200226
10.491472
11.236181
11.370516
10.710021
17.905714
17.711985
18.379871
19.032888
18.215931
18.630374
18.805383
18.931234
19.440554
16.361903
19.376166
17.719435
17.742751
16.926149
15.484653
15.225686
15.716973
15.759972
14.849077
15.253845
17.009756
16.669933
15.741235
16.320335
19.732191
19.040434
17.971577
17.392368
17.619154
17.554985
17.807918
17.949167
17.939684
20.005317
18.081934
18.220647
18.913131
19.253427
19.681113
19.324939
20.386360
17.357271
17.384753
16.885197
16.818815
17.745649
17.923629
16.491353
16.704139
15.959055
17.343571
16.465880
16.514713
 9.423746
10.221745
 9.911042
10.265252
10.195623
 9.050010
10.466618
 9.915958
 9.697450
 9.597801
 9.957989
10.213844
10.487686
 9.531100
 9.767827
10.379029
10.198333
11.257033
10.154728
10.163680
10.003183
11.119316
11.006982
10.927239
11.353875
10.584653
 9.926765
10.442681
11.662043
10.746253
 8.345068
 8.854384
11.062544
 9.815031
10.314744
 9.527861
10.209333
11.186496
 9.449041
10.808685
 9.252014
 9.371170
 9.660792
 9.864250
 9.214414
10.060997
 9.893365
 8.915103
 9.126401
 9.375934
 8.616700
 9.697682
 8.995037
 9.100800
 9.290672
 9.671944
10.633951
10.502467
 9.774775
 9.875274
 9.873465
10.556097
10.121135
 9.902729
 9.228851
10.612307
10.142700
 8.775058
 9.192894
 9.317523
 9.400042
 9.977231
 9.854851
 9.259349
 9.730904
10.366533
11.382378
11.201105
10.886975
10.778855
11.354332
10.821605
11.148063
10.173783
10.289455
10.715457
10.116729
10.807356
10.149589
10.141204
10.785315
10.464426
 9.675270
10.179786
11.005635
 9.735778
23.764836
22.586667
23.149818
25.571183
26.810307
26.766894
25.230666
18.724094
17.247663
18.240034
19.077186
18.810754
18.951165
20.049316
18.750911
18.135943
18.999978
17.133713
18.754650
18.177432
17.090192
19.053372
20.163210
19.116208
18.301946
20.625585
22.565468
24.207591
22.612244
22.938182
23.518901
23.265876
23.692128
22.993229
 9.617498
11.842190
11.777849
10.343048
11.355617
11.309316
11.204185
10.924402
10.473404
 9.987477
 9.613473
10.057744
11.312686
11.270398
11.166471
10.498826
11.870893
11.799338
13.945695
13.975404
14.266007
14.872831
15.941225
13.259684
12.348251
13.258825
13.845623
 9.202999
 9.288672
11.356513
11.814760
11.514887
 9.817030
 9.016898
 8.921098
 9.359721
 9.503834
 9.503755
 9.499473
 8.960129
 8.852567
 9.140851
 9.939317
 9.304926
 9.323570
 9.086596
22.646727
21.178151
24.250918
20.770246
23.033756
20.674563
20.136951
20.598201
20.275179
20.901429
12.068655
12.325949
11.838285
11.244612
11.431805
11.487957
11.497896
11.402091
11.898184
11.091085
15.536342
17.346525
15.940323
15.829983
16.662388
15.559977
14.993837
14.725943
14.953889
15.514876
13.345700
15.221990
13.074034
14.307736
14.258477
14.056036
13.093334
13.800534
10.794135
11.455649
12.336717
11.792381
13.076248
11.873546
12.458968
12.139341
12.022559
12.326383
13.518462
13.869618
13.640749
13.213632
12.977363
11.052773
11.663913
11.098446
11.084798
11.381840
10.344938
11.058217
10.589803
11.688885
10.305131
10.852548
10.911528
10.657356
10.538118
11.088912
11.919247
10.941771
11.109403
10.746572
11.461204
12.035336
12.339609
12.032649
12.121245
10.109913
 9.902599
10.457836
10.105588
10.233854
12.167883
12.553359
12.897343
12.834479
11.609997
12.604292
12.386431
11.672919
11.294242
11.781328
11.441959
10.541179
11.219056
10.309794
 9.995162
10.220396
10.138433
 9.232546
10.579390
10.342262
10.434412
12.202527
10.959522
11.470958
16.158934
15.351540
15.247611
16.728806
16.068615
15.582025
16.477960
17.095834
17.651543
17.267816
18.397309
18.805614
18.231457
18.559432
17.665565
18.458894
17.221900
15.992422
15.817197
17.497469
17.644629
17.988997
17.688208
17.919969
15.194358
14.729082
14.360511
14.161421
15.164891
14.668557
13.170494
13.108841
14.096568
15.133431
15.174426
14.305144
15.085321
15.612520
15.283505
13.820609
14.512623
15.014776
15.073487
14.249071
18.150954
17.177175
18.228978
18.535424
18.640925
18.844265
18.312606
17.671858
18.790776
15.287818
14.794998
15.841655
15.056761
14.486945
17.000435
15.402672
16.347651
15.952370
15.256131
14.347097
14.527744
14.715031
14.062649
14.532556
15.787225
14.486136
13.847820
14.358336
15.200200
14.533457
14.459021
16.366826
16.151569
16.601142
17.430474
14.889362
14.818935
14.487856
15.548623
15.216712
15.498773
16.257801
14.594819
15.768808
15.211353
14.771357
16.048045
18.665626
17.786823
16.815007
16.822908
15.407637
18.696318
18.550270
19.287582
18.044977
19.568986
16.341222
16.480835
16.298877
15.158536
19.862776
19.405235
20.946608
20.069468
20.604780
20.960709
17.103531
19.188873
20.231872
19.459022
16.347897
16.476060
15.119664
15.810606
18.627481
19.702633
18.509327
18.786569
18.469791
19.907995
18.279713
18.563396
18.383241
18.829601
17.883383
18.017724
19.255470
17.838181
18.077828
17.880183
15.991606
16.397235
18.035869
17.509252
15.958525
18.204390
16.581790
17.307475
17.820457
18.250150
17.787046
19.719389
18.958457
17.952011
17.889729
18.658666
17.723744
18.663814
18.290307
16.708864
17.856548
18.291340
17.124298
17.320646
16.183060
15.927138
14.361773
14.095006
15.885827
14.919509
15.045659
14.670601
15.457088
14.647217
13.090951
14.835734
14.335496
14.897908
14.558691
14.814683
14.127580
14.575558
13.893103
13.822527
14.246014
13.655351
14.550187
14.887309
14.747537
14.972695
14.615622
15.085214
15.199583
16.386466
15.304812
14.183329
14.494701
14.950280
15.068243
13.831026
15.189803
15.426311
14.949068
13.509849
14.744369
14.746000
14.980586
14.427870
15.273026
14.785006
14.808350
15.445437
15.952974
16.151866
15.516229
15.554991
15.023484
14.951922
15.800795
14.134014
15.375790
15.630024
15.127773
13.345659
14.517327
14.366688
15.587998
13.372414
13.066509
13.649386
14.186088
13.457383
13.235209
14.404165
12.059157
15.654252
15.135691
15.578077
15.873695
15.732880
14.546775
15.326202
14.256395
13.552554
14.749851
15.654378
12.668721
13.241724
11.736328
12.171216
12.164908
12.728367
12.062268
12.033592
14.814494
14.868865
14.824613
13.956512
15.046223
14.486650
13.536800
14.776477
14.842278
14.169612
13.577578
14.688679
14.512750
13.922388
13.668116
15.012703
14.458870
15.181679
16.116144
15.978040
16.754078
16.298931
17.108042
15.308709
17.542953
16.502714
15.912726
16.723845
16.035765
17.613864
16.316139
16.993639
17.797560
16.912763
16.381363
15.736191
14.531513
16.397301
16.934826
16.207683
17.076309
15.581349
15.706542
15.268359
16.386290
14.556589
16.132429
16.552815
15.616518
15.992129
17.876489
18.114197
16.564521
17.316692
17.768844
18.135797
18.356289
14.445184
15.960158
14.657102
14.681852
14.904432
14.226035
16.386682
17.222542
16.930139
17.877353
18.389602
16.580873
17.947104
17.271233
18.372536
17.789914
17.045218
18.215541
16.904406
17.928975
18.029083
17.148721
17.358539
14.894910
14.462285
14.742125
13.694302
13.743309
15.018512
13.228910
15.106143
14.527021
15.541669
14.489389
14.898618
13.984370
15.109284
14.712903
14.513879
15.684066
16.446286
15.757067
15.921995
10.416154
10.746161
11.368755
11.932189
12.080023
12.451096
13.035433
12.045067
11.496261
12.378313
11.942689
12.768324
11.640670
12.030161
10.751514
11.494879
11.076147
14.954152
15.499804
14.304410
16.647144
17.871649
18.217817
16.746086
17.738121
16.368801
16.715547
15.405771
16.610056
19.045801
17.451961
18.422428
17.216338
17.820804
18.273486
19.395057
17.992300
17.833728
18.895113
18.741908
17.933184
17.679895
18.585593
18.553459
15.939672
15.945598
14.887266
16.171785
16.455850
16.548811
17.692780
17.881270
16.577433
16.969524
16.528170
16.583896
16.101623
17.751115
17.395636
19.506522
17.096679
18.918106
17.708760
18.464764
19.000921
17.544084
15.762032
15.682731
14.878771
14.542970
14.254522
15.251233
15.268902
14.578029
14.741006
14.454557
13.909383
15.165006
14.264477
14.559883
14.852331
13.353091
14.373554
14.396868
15.246927
15.181854
14.566553
15.701551
14.535594
13.722754
14.437460
12.981303
14.067825
13.966650
14.609042
14.906656
14.080880
13.598970
13.957687
14.826741
14.060803
15.336122
 9.095219
10.167120
10.113844
10.034669
10.083339
12.173844
11.583307
12.617562
10.898306
10.709788
10.860765
11.077434
10.842659
10.417624
10.837629
10.639963
10.162122
10.491513
10.004063
 8.505455
 8.501557
 8.850895
 8.730666
 9.090185
 8.501456
 9.163962
 9.285799
 9.061120
 8.799925
 7.301975
 7.249400
 7.049327
 7.066413
 7.536873
 9.957041
 9.415860
 9.249810
 9.598512
 9.771242
 9.385503
12.343987
12.861630
12.819404
13.411081
13.172660
13.243066
11.879876
12.020608
13.428377
11.071182
11.255599
10.986446
11.041732
12.224166
12.094429
11.877708
12.820865
13.771296
13.028091
13.141295
13.601014
12.511428
12.909852
12.977214
12.932779
13.147223
14.153326
12.818283
11.706759
12.082098
13.171823
11.796569
12.691356
12.233685
13.188642
11.976665
11.130321
10.861653
12.024582
12.484011
11.888864
12.325994
12.383940
11.569679
11.621720
11.860524
12.231000
12.864838
12.786734
12.117372
12.161948
12.557411
13.476795
12.116146
12.558115
13.281179
13.672490
14.117444
10.796957
10.884185
11.410372
11.159443
11.612602
10.872809
11.596865
12.828037
12.695157
11.929522
12.443353
12.544410
12.174629
12.232164
12.917473
11.844059
12.465735
12.754429
11.962995
10.406055
11.534204
10.005992
 9.986084
10.133234
10.013592
10.134157
 9.291564
 9.080370
 9.968791
10.111088
 9.390821
10.545194
11.321287
11.342332
14.457211
14.570817
14.627003
14.433741
13.914502
13.908052
13.528106
14.670620
13.939542
13.792293
13.993495
 6.997410
 6.994432
 7.310064
 7.426130
 8.624085
 8.610550
 8.311688
 7.631004
 8.185531
 8.007896
 8.518612
 8.361309
 8.152927
 8.060841
 7.854448
 8.168152
 7.610700
 7.967623
 8.543630
 8.590594
 8.000504
 8.287413
 7.477346
 8.154127
 7.858774
 7.426685
 8.050824
 7.925708
 7.833646
 8.319706
 8.293136
 8.326266
 7.903333
 8.098996
 8.071829
 8.423512
10.157640
 9.926010
 9.167933
 9.598806
 9.344427
 9.786269
11.910042
12.326958
11.623659
11.925051
12.515464
11.136604
12.856888
11.323408
12.710244
11.766262
12.849320
 9.704617
10.189306
 9.769776
10.503349
 9.706640
 9.797055
11.152568
11.435296
10.845388
10.968012
11.348022
12.353026
11.648072
11.549479
10.726488
11.092403
11.638979
10.842822
11.600382
10.824864
10.887082
11.722883
11.134796
10.388308
10.540122
11.802543
10.969616
11.280249
11.970903
11.654714
12.086253
12.920900
11.971086
11.925951
12.790807
11.354597
11.397187
 9.138278
 9.326106
 8.919332
 8.269985
12.702213
13.008891
12.481319
12.704457
12.829920
12.634732
13.330794
12.335419
12.092138
13.343431
13.686676
12.805121
13.154866
13.395340
14.233729
15.477432
17.787766
16.469048
15.985902
15.458735
16.452553
16.321235
16.225100
17.569228
19.516456
18.036407
15.102280
15.507239
14.552741
14.573520
13.853555
15.339657
14.271416
13.928159
15.027390
13.921909
15.489356
14.559846
15.798371
13.679093
14.389453
13.579842
13.149523
13.799482
13.757867
14.831387
13.592014
13.642466
13.741546
14.067023
12.726927
13.182870
12.240679
12.320822
12.616901
11.595815
12.284660
12.700524
12.337664
11.457680
11.311076
11.215891
11.378317
11.730603
10.918985
11.617440
10.762051
12.278517
12.033295
13.046611
12.739634
12.238486
12.623647
12.407035
12.758756
12.110368
12.576585
11.768322
12.063407
12.695126
12.631724
12.063857
12.182177
11.839961
11.593305
11.689138
12.431196
12.853422
13.972302
12.957345
11.840714
14.662833
12.884053
13.440598
13.292868
12.449426
12.948606
12.394477
12.923753
11.527649
10.915960
11.138385
10.790745
11.582965
10.229832
10.680511
 9.957172
12.648304
12.452626
12.232693
11.998513
18.901699
17.306633
17.325287
16.039340
18.080159
17.291030
17.201735
17.161009
17.410336
20.743671
20.127324
21.083301
20.425943
20.703220
20.960700
19.682392
18.483122
18.427663
15.855261
19.201582
16.853681
16.838433
16.884015
15.316173
16.595208
16.253353
16.894832
15.286099
15.040344
16.722272
17.387841
17.906299
16.231144
16.649687
16.628908
17.887950
18.210182
16.012880
17.484952
16.304947
16.518799
15.070649
16.513073
16.742359
15.259669
15.651795
14.830776
15.289637
14.814235
15.514786
21.046623
16.990703
18.414837
16.531036
15.795416
16.183899
16.258402
16.037268
15.847804
16.219702
16.919839
16.639635
14.513018
16.081623
14.745528
16.000177
15.887187
15.827613
15.403360
16.577287
15.704653
15.964486
16.710263
16.708269
15.951406
15.327512
15.272317
14.911752
19.839317
20.912254
19.841539
17.356070
18.027635
19.439936
19.366575
20.785776
19.056057
21.458657
21.079812
20.950756
21.701430
22.691182
17.531698
16.818378
19.135686
17.239074
18.479555
16.330644
17.147144
16.186797
14.676463
15.826530
15.723690
15.554435
15.279537
16.094899
17.151791
17.312684
17.477248
18.006053
17.609283
17.793360
18.486334
 9.953571
10.676170
10.097903
10.467022
11.047322
 9.200698
 9.212915
 9.193175
 9.956410
10.422050
 9.586632
 9.544329
 9.509826
 9.373986
 9.452344
 9.062153
10.491006
 9.837869
15.799423
15.973378
15.562480
16.522007
15.454578
14.907231
17.364253
18.000624
18.197299
18.258169
16.937386
16.864405
16.538757
16.341370
16.867125
16.566567
16.669691
16.437095
14.420520
15.315131
14.731279
14.393627
14.092028
13.882401
14.043387
13.318605
14.308326
18.016378
17.420594
17.828895
18.432484
17.440543
16.294307
16.324819
16.775489
16.988240
17.370365
15.074022
18.489814
18.129602
19.130127
19.548239
12.664378
13.638502
13.474033
12.545575
13.086002
14.271197
12.531201
11.786780
11.566305
12.166480
12.322054
12.333724
12.531157
12.036335
12.750751
13.152729
14.162264
12.802153
12.878737
13.121415
14.013087
13.558307
13.066664
13.718267
13.923262
12.347002
12.615470
13.422589
13.989300
13.529077
12.440157
14.439762
13.506238
16.231346
16.335591
15.357385
15.634613
15.300719
15.869594
15.680539
15.984890
15.159592
16.415376
15.460869
16.762257
16.104619
16.415651
16.062544
16.397710
16.774505
15.940841
15.720066
17.131873
16.695174
14.607472
15.534641
16.447478
15.643401
16.457637
15.230293
15.908875
15.380318
15.256586
15.783257
15.124333
16.685025
15.862493
16.443796
16.928956
17.018466
16.095315
16.515947
17.216984
16.401946
15.912153
14.841294
14.795434
15.133728
15.234642
15.354931
14.623165
14.776707
15.372903
16.137967
15.165766
15.352569
15.944443
14.134249
14.873120
15.498063
14.244609
14.561081
17.779447
18.067282
17.762307
17.771155
18.080525
16.290822
17.345276
18.708386
18.001868
17.810512
20.282697
18.014634
16.192219
17.606179
15.816496
17.334598
17.213822
16.810567
16.772004
16.576659
17.617887
12.261846
13.239058
12.632859
13.249451
13.226932
14.029883
14.450043
14.236352
14.184842
14.320489
12.212376
12.547985
12.728845
19.507117
20.738574
20.339521
20.631530
19.892959
21.619701
20.669228
20.983540
20.900860
19.180778
19.604792
21.268713
19.274300
20.028036
21.671221
19.109083
22.421586
20.816827
20.271527
21.576572
19.831482
19.205381
19.394031
20.862661
21.568774
20.786434
19.402977
20.302083
19.538158
21.278729
23.500310
21.086279
20.997168
23.083929
21.652406
20.951741
19.999080
23.848869
24.859795
21.086793
22.717899
22.482723
23.036550
22.994369
23.196497
23.315732
23.086731
22.632991
19.537520
18.850869
19.535606
19.238970
19.707659
18.170232
17.291708
18.404466
18.021631
19.926233
20.206703
17.345067
17.047030
19.122896
13.108732
12.238201
13.178708
11.843609
13.657942
13.442530
13.581262
14.231242
12.560448
11.109360
12.770233
12.312925
13.141274
12.316518
13.823133
13.840938
12.520235
12.625440
12.219164
12.338964
12.663081
15.200049
15.913850
14.292069
14.676915
13.782924
12.292595
13.719275
12.300622
12.747825
11.770911
12.396194
12.466277
12.393914
11.988066
12.778281
12.575931
13.330531
13.717950
12.924991
 9.035199
 9.110187
 9.459141
 9.857390
 8.842311
 9.463797
 9.641932
 9.046581
 7.891319
 8.937023
 9.971157
 9.656706
 8.851529
10.093185
 9.813781
 9.176761
 9.573340
 9.629748
10.027598
 9.403650
 9.440637
 8.525346
 7.702669
 8.332863
 8.297842
 8.050657
 7.677071
 7.886354
 8.036824
 8.641376
 8.749821
 8.264227
 8.473965
 8.386366
 8.008825
11.374258
11.231775
11.149192
13.125149
13.941955
14.084765
14.038542
 9.808573
10.543126
10.388913
10.412136
10.421723
 8.785533
 8.672566
 7.124103
 7.438748
 8.030742
 7.653355
 7.912123
 7.985066
 8.199925
 9.335445
 9.175616
 8.419871
 8.139252
 9.153324
 8.467367
 8.377853
13.094419
12.566941
12.169788
15.585314
14.405126
14.125821
14.587650
16.052022
16.551442
15.096010
14.843261
13.131055
12.402009
12.815282
12.866901
12.001334
12.521626
11.701947
12.745076
13.054048
11.999416
10.239326
10.783210
11.711605
10.271649
10.207131
10.137939
10.569971
11.844890
10.899678
12.028622
11.229115
10.178237
 9.975540
 9.649002
10.577863
10.810749
10.075473
 9.963601
 9.802175
 9.789043
 9.746115
10.446570
10.741981
10.254117
11.410180
11.413040
10.127890
10.984736
 9.949734
10.532160
10.555529
10.526978
11.325729
12.872425
16.116105
15.070563
 9.836103
 9.890758
10.606304
10.645568
10.579560
11.028098
10.936235
10.701553
 9.728799
11.234785
10.849117
10.669419
 9.906058
10.149985
 9.325879
 9.723640
10.113623
10.902723
11.347742
10.263235
10.693920
10.359616
10.613759
11.366865
17.932469
17.251325
19.628554
17.664567
18.171676
18.205033
19.464738
19.611659
17.217753
19.562005
19.146472
12.743224
13.426170
13.520315
12.799133
13.316086
13.565160
14.008756
15.265085
16.331200
15.742297
15.027672
15.090793
14.823075
13.985873
13.241026
12.808837
14.012669
14.212783
16.910667
15.336907
15.814883
16.243424
13.837313
15.293241
14.764213
14.633245
14.679651
14.405305
13.942851
13.925859
13.449736
14.801423
13.708486
13.910955
13.914671
20.576920
19.474533
20.011778
19.162176
20.658255
20.276880
20.881274
21.558359
16.520325
16.860539
16.603230
16.990700
16.885374
18.492588
17.252532
16.577555
16.532590
16.042510
16.787681
15.920088
17.157454
16.247189
16.878748
17.476035
16.590825
17.085207
19.246469
18.407184
19.713861
19.654964
11.768077
11.064999
11.640453
12.080419
11.719996
10.971620
10.963188
11.171567
12.788703
11.192042
11.717764
11.821336
10.920364
11.305616
11.470925
14.564826
14.350488
15.215463
14.769504
14.779206
12.459878
13.142043
13.145695
13.389078
12.572478
13.132995
12.676442
10.964412
 9.920211
10.126026
 9.957913
10.555980
10.157604
 9.561279
 8.976775
 9.341375
 8.414221
 8.622329
 8.851442
 8.469479
 8.069586
12.108064
11.183465
10.963009
11.351230
11.184873
11.279543
11.373823
10.248390
 9.353462
 9.581185
10.005101
 9.416242
12.275651
11.051145
11.080853
12.039769
11.390564
10.809061
11.933937
11.868367
10.780542
11.550920
 9.938059
 9.584545
 9.043913
 9.348884
12.258519
13.569888
13.809092
12.849313
14.680141
14.114838
14.759957
15.455013
15.383348
15.675073
15.815896
15.156461
15.459118
16.118724
15.437196
15.254185
15.656405
15.474808
16.401763
15.887062
11.093199
12.256629
12.287843
12.518439
13.413863
13.325981
12.113976
11.736534
11.837764
11.405148
11.971785
11.631805
12.454900
11.707797
11.659549
11.161804
12.567186
13.086737
12.000247
 8.680062
 8.461087
 8.492073
 8.746104
 8.724593
 8.894084
 9.984141
 9.745966
 9.239619
 9.296883
 8.499821
 8.528944
 8.888715
 8.798742
 9.124850
 8.005662
 7.949065
 8.083486
 6.603883
 6.577308
 6.665283
 7.376337
 7.520322
 7.656163
 7.402652
 6.622068
 6.479126
 6.409916
 6.772286
 6.608567
 5.856357
 5.742041
 5.954546
 6.020108
 6.372465
 6.351080
 6.161270
 6.511586
 5.770814
 5.995496
 5.984781
 5.984217
 7.427679
 6.774064
 7.236864
 7.228148
 7.482062
 8.424139
 8.333733
 8.559766
 9.363203
 9.081108
 8.608015
 8.526482
 8.315912
 8.584545
 8.353288
11.679862
10.815987
11.509089
11.581789
11.453954
11.929623
11.745591
12.514142
13.404538
11.722001
11.923651
13.198346
11.240314
11.366038
10.867144
11.260745
11.963850
11.818318
11.391195
11.496998
11.537249
11.334425
11.105179
11.050754
11.381992
11.402604
11.168881
11.248243
10.892610
10.904697
11.048469
10.980532
11.206814
11.264576
10.902717
10.146372
10.792227
10.252791
12.657573
12.493798
10.337827
10.433575
10.984688
10.042810
10.091149
10.151162
10.756126
 9.548448
10.128745
10.334893
11.310218
11.271536
10.693092
11.359635
10.257693
11.204624
10.758706
10.131310
10.529401
19.167334
20.345269
20.905512
20.128793
20.179144
19.687823
20.871381
20.213606
17.570688
16.415716
23.426064
21.728467
15.180363
15.518287
17.005292
15.643398
14.920261
17.389470
17.367240
17.559325
17.143472
18.192800
17.863683
17.762547
17.299689
18.368147
18.538899
17.664632
19.768934
18.784066
17.564630
17.863892
18.091715
16.231063
19.777575
18.536639
16.435872
16.632070
16.957286
14.710070
13.553760
13.757845
16.144141
16.438095
16.378354
15.357541
16.487236
17.351502
16.892644
17.028146
17.672150
18.193458
16.434994
15.956647
13.771275
11.977126
13.734303
15.060663
14.835090
14.417146
14.343616
13.775224
14.932365
15.837424
15.131729
14.736257
14.642096
13.928542
15.612623
14.405132
15.781476
16.009153
14.860030
15.633149
16.414241
15.821462
15.715964
18.317820
17.299667
19.212716
17.514341
18.280098
14.286084
13.545754
14.060880
14.402740
13.484482
13.553364
15.038873
15.755621
17.205806
15.562172
16.568358
17.039334
16.330143
16.514901
16.432042
15.808563
16.450240
17.401360
15.852392
18.420882
19.032625
18.855692
18.396737
17.706695
18.697496
17.850760
15.213476
16.613690
16.311813
15.946393
16.151496
15.604925
15.901620
15.593440
16.761096
16.111563
16.652220
16.402335
15.752864
15.970017
16.727948
15.894734
17.542904
17.793465
17.521858
17.177534
17.872533
17.827639
17.594976
15.826634
14.225042
14.037585
15.454412
15.445610
15.044690
14.946792
14.705307
15.246058
15.912691
15.031537
17.457199
18.841474
17.568023
17.674418
14.520393
14.842084
15.899866
15.224394
15.135189
15.747392
15.649089
16.134103
16.542367
17.297767
16.864024
16.433714
16.254420
17.273344
16.357241
17.058970
16.275805
14.322214
15.138932
14.975541
14.746918
14.632264
15.068185
15.291994
14.278095
15.488243
13.932433
15.867033
15.271171
15.911349
13.357956
13.200717
12.666727
12.416396
12.652469
12.061930
11.998457
14.627035
14.398203
14.759696
14.034433
14.047364
15.097812
14.516770
14.658891
15.287197
14.572810
14.894192
14.977114
14.574228
14.872966
14.018512
14.908958
16.728293
15.228041
14.278364
14.847110
13.771440
15.614790
16.664919
16.258593
14.963635
16.115895
15.226870
12.529124
12.532701
11.839630
11.922720
11.894234
12.646102
11.624158
11.564298
11.719334
15.898738
15.778666
16.003182
16.193251
14.030207
14.050834
14.499529
15.773511
14.891725
19.619935
19.236408
16.614242
18.373681
16.913999
17.794665
16.870611
17.681709
17.605936
17.147340
17.748752
17.026298
20.621823
21.946705
20.320098
15.962802
15.901453
16.645000
17.369093
17.438974
16.556521
16.765346
17.251679
16.976475
15.917740
16.633835
18.025529
18.867638
18.113913
17.199401
18.150414
19.617853
19.666311
17.262846
12.987910
13.713435
13.051869
14.394703
13.310795
13.802932
14.370802
14.345974
14.911072
14.401348
14.503402
17.056231
16.515657
17.002538
17.734732
15.529075
17.042613
17.210760
15.866937
15.283027
13.875589
14.699219
15.042888
14.697787
14.540160
15.643176
14.828541
14.819977
13.869859
15.524838
15.474454
15.921298
17.905105
17.542112
18.981829
19.406828
17.806866
18.854784
19.371016
19.056941
18.500663
18.032066
17.544413
17.828263
19.389658
18.645423
19.217019
20.000735
20.282172
19.707276
19.117010
16.995316
16.075066
16.490127
16.980598
15.623537
16.584745
17.567910
12.782063
13.216875
13.862545
13.544662
12.885808
13.299508
13.898761
13.527117
10.986734
11.021734
10.884467
11.306299
10.490205
 9.936378
10.116284
 9.610544
 9.592148
 9.787135
 9.877307
 9.785416
 9.842314
10.046258
 9.184373
10.230168
10.630431
10.133454
10.468875
10.141899
 9.821819
11.318959
 9.848931
10.382572
10.817960
10.224120
10.312180
 9.514108
10.730936
 9.524163
10.195214
 9.830042
 9.747624
10.173339
 9.374069
10.220742
10.015442
10.092096
 9.852536
 8.816851
10.384791
10.140354
10.142885
 9.890531
 9.178585
 9.196159
 9.147131
 8.936721
 8.787391
 8.975117
 9.047307
 8.494584
 8.387342
 8.955855
 8.785001
 8.571625
 8.711312
10.852389
11.141571
 9.849264
10.481496
 9.877182
 9.988400
 9.972552
10.421761
10.062979
10.908396
10.266116
10.002469
10.333205
 8.680063
 9.050175
 8.826006
 8.894041
 8.939945
 5.705204
 5.465819
 5.653587
 5.657986
 5.598588
 5.715770
 5.425525
 5.351044
 9.560849
 9.610559
10.211465
 9.416561
 9.833107
 9.242650
 9.174454
 8.831613
 9.545491
 9.126825
 9.217244
 8.798379
 9.396199
 8.591502
 9.883501
 9.210930
 8.958715
 9.115894
 9.001136
10.323770
 9.315312
 8.764321
 9.150513
10.172000
10.307195
10.074956
10.364549
10.125780
 9.972928
10.119193
 9.614868
 9.916256
10.578648
10.360542
10.721000
10.511811
10.432431
10.470734
 7.900407
 7.401757
 7.902714
 6.838243
 6.371547
 6.601342
 7.131074
 7.471585
 7.035776
 7.462071
 8.014449
 7.836681
 8.066501
 7.472927
 7.911147
 7.400702
 7.857289
12.003089
12.561278
11.747080
13.320543
12.689440
12.114595
11.909107
12.314318
15.077889
15.042983
15.464772
14.210953
14.975661
14.201825
13.732279
14.768525
14.568663
14.643886
13.985148
14.275044
12.392729
11.927298
12.181130
12.132939
12.352522
12.142712
11.696118
11.964505
12.810071
15.413576
16.677849
17.640982
16.409141
16.923442
17.125616
14.220798
15.661445
14.507386
14.883431
15.033166
14.324414
15.486029
13.800603
14.649310
14.892646
13.135358
13.041020
12.747199
13.316233
12.483399
11.552288
11.692410
11.432124
12.103279
11.370965
12.856052
12.220745
12.975338
12.339462
13.288139
11.276134
12.350604
14.257600
13.741412
14.596523
13.411132
14.824006
13.587533
13.572527
13.815109
14.236430
14.065764
15.018498
13.744525
14.495420
14.477227
13.094866
14.319991
13.489890
13.428818
14.016484
14.757299
 8.942900
 9.068013
 8.474350
 9.230419
 9.266356
 9.541390
 9.443017
 9.338405
 9.640528
 9.573531
10.089315
 9.781027
 9.622488
 9.757766
 9.775056
 9.660621
10.040298
10.557839
11.193928
10.964416
10.532124
 9.630367
 9.951834
10.435021
10.045393
11.508580
12.950962
12.846186
11.327873
11.422575
11.577795
11.627186
11.588551
10.302826
10.130196
10.833812
11.753065
11.145080
11.064744
11.746345
14.177116
14.146943
13.427743
14.261250
14.278596
13.566060
14.249623
12.880381
13.522488
12.403804
12.380011
12.787877
12.256237
15.160407
14.744526
14.845412
14.390440
14.443259
13.298769
12.849333
13.185783
 8.104737
 8.746164
 9.348065
 8.755389
 8.598175
 8.428648
 8.044950
 8.076072
 8.148833
 8.211916
 8.295450
 8.527142
 8.375573
 7.955141
12.138073
11.782500
10.409507
10.622085
10.655478
10.680649
11.439717
10.758687
11.069832
12.405559
11.302871
10.995000
11.069970
11.299934
10.997624
10.755558
11.835743
11.121114
11.067758
 9.120843
 9.387381
 9.864331
 9.737338
 9.970729
10.902905
10.921071
 9.833967
10.535749
10.466411
10.581852
10.087500
10.105836
10.184004
 9.709959
 9.830394
10.255567
10.202778
12.591411
11.992778
11.738762
12.578523
12.025983
 9.755715
 9.769367
 8.893396
 8.808441
 8.784862
 8.338953
 8.452952
 8.214479
 8.290022
 7.816463
 8.955234
10.215941
11.030384
10.282329
10.042270
10.147927
11.002538
10.372269
10.710773
13.081376
12.917730
13.899521
12.864830
13.270292
13.696679
13.274730
13.681966
13.264391
13.000885
13.771765
11.752255
11.617638
11.731199
11.469485
11.281272
12.258919
13.201002
13.368983
14.043586
14.325960
12.271902
11.612163
11.742780
11.886134
12.516817
12.565067
11.128594
11.515112
11.586523
11.597067
11.704849
11.972927
10.912754
10.146509
10.805430
11.717871
12.399290
12.483464
12.012985
12.131752
13.778395
12.879018
12.831605
12.683677
14.347994
13.257063
14.239610
13.667046
13.875310
14.130749
13.636696
13.634868
13.100996
13.446022
10.751981
10.940786
10.403434
10.582572
11.340435
10.416837
11.151068
14.917602
14.975104
14.601313
14.775460
14.562243
14.662938
13.767003
14.784739
14.705736
14.944805
15.159516
14.482061
13.545798
14.379339
14.132204
13.914611
14.847894
15.846343
14.726936
14.176855
15.254803
13.772112
14.656427
13.415971
13.407178
15.987541
12.902180
14.692312
11.076783
11.307019
12.506574
11.902743
12.132234
11.779263
11.751064
12.007029
11.465271
12.915976
12.910176
12.350578
13.123284
17.117595
15.387801
17.048082
17.389891
16.408935
16.722725
16.452665
17.596171
15.048564
15.595953
15.668795
13.651467
14.114880
12.893257
13.179413
15.521419
13.690948
11.634267
12.345330
12.821752
12.779850
11.893180
13.146679
13.498272
12.707268
12.911784
13.645050
15.289035
14.351830
14.660966
14.917038
13.243777
12.890928
14.528114
15.007341
14.285693
14.547309
14.443125
15.002275
14.627288
15.494890
14.538574
11.813065
12.155249
10.507482
10.897991
10.426570
10.074328
10.615372
 8.277719
 8.731469
 8.741310
 8.510085
 8.478675
 8.404128
 8.031487
 7.866992
 7.374630
 7.923121
 7.756563
 8.026283
 7.870561
 8.157197
 7.366591
 8.232177
 8.204803
 8.233860
 8.297542
 7.281523
 7.843070
 7.278787
 7.179371
 7.483886
 8.079172
 8.416111
 8.186307
 8.069643
 7.919077
 7.916402
 8.363875
 8.352874
10.680110
11.632575
11.048451
12.060911
12.061794
11.132947
10.583861
10.807335
10.183599
11.249658
10.296026
10.447721
11.592058
11.299870
