0.5282302
0.5286975
0.5306567
0.5047822
0.5478475
0.5314327
0.5341946
0.5481842
0.5450256
0.5624324
0.5179712
0.5533364
0.5697618
0.5540484
0.5295397
0.5189787
0.5455450
0.5051130
0.5230692
0.5233667
0.5842581
0.5214649
0.5302538
0.5640930
0.5446493
0.5431398
0.5470654
0.5498776
0.5236613
0.5141404
0.5445360
0.5511686
0.5500877
0.5236796
0.5467240
0.5280608
0.5199638
0.5535655
0.5470425
0.5368763
0.5282302
0.5286975
0.5306567
0.5047822
0.5478475
0.5314327
0.5341946
0.5481842
0.5450256
0.5624324
0.5179712
0.5533364
0.5697618
0.5540484
0.5295397
0.5189787
0.5455450
0.5051130
0.5230692
0.5233667
0.5842581
0.5214649
0.5302538
0.5640930
0.5446493
0.5431398
0.5470654
0.5498776
0.5236613
0.5141404
0.5445360
0.5511686
0.5500877
0.5236796
0.5467240
0.5280608
0.5199638
0.5535655
0.5470425
0.5368763
0.5282302
0.5286975
0.5306567
0.5047822
0.5478475
0.5314327
0.5341946
0.5481842
0.5450256
0.5624324
0.5179712
0.5533364
0.5697618
0.5540484
0.5295397
0.5189787
0.5455450
0.5051130
0.5230692
0.5233667
0.5842581
0.5214649
0.5302538
0.5640930
0.5446493
0.5431398
0.5470654
0.5498776
0.5236613
0.5141404
0.5445360
0.5511686
0.5500877
0.5236796
0.5467240
0.5280608
0.5199638
0.5535655
0.5470425
0.5368763
0.5282302
0.5286975
0.5306567
0.5047822
0.5478475
0.5314327
0.5341946
0.5481842
0.5450256
0.5624324
0.5179712
0.5533364
0.5697618
0.5540484
0.5295397
0.5189787
0.5455450
0.5051130
0.5230692
0.5233667
0.5842581
0.5214649
0.5302538
0.5640930
0.5446493
0.5431398
0.5470654
0.5498776
0.5236613
0.5141404
0.5445360
0.5511686
0.5500877
0.5236796
0.5467240
0.5280608
0.5199638
0.5535655
0.5470425
0.5368763
0.5282302
0.5286975
0.5306567
0.5047822
0.5478475
0.5314327
0.5341946
0.5481842
0.5450256
0.5624324
0.5179712
0.5533364
0.5697618
0.5540484
0.5295397
0.5189787
0.5455450
0.5051130
0.5230692
0.5233667
0.5842581
0.5214649
0.5302538
0.5640930
0.5446493
0.5431398
0.5470654
0.5498776
0.5236613
0.5141404
0.5445360
0.5511686
0.5500877
0.5236796
0.5467240
0.5280608
0.5199638
0.5535655
0.5470425
0.5368763
0.5282302
0.5286975
0.5306567
0.5047822
0.5478475
0.5314327
0.5341946
0.5481842
0.5450256
0.5624324
0.5179712
0.5533364
0.5697618
0.5540484
0.5295397
0.5189787
0.5455450
0.5051130
0.5230692
0.5233667
0.5842581
0.5214649
0.5302538
0.5640930
0.5446493
0.5431398
0.5470654
0.5498776
0.5236613
0.5141404
0.5445360
0.5511686
0.5500877
0.5236796
0.5467240
0.5280608
0.5199638
0.5535655
0.5470425
0.5368763
0.5282302
0.5286975
0.5306567
0.5047822
0.5478475
0.5314327
0.5341946
0.5481842
0.5450256
0.5624324
0.5179712
0.5533364
0.5697618
0.5540484
0.5295397
0.5189787
0.5455450
0.5051130
0.5230692
0.5233667
0.5842581
0.5214649
0.5302538
0.5640930
0.5446493
0.5431398
0.5470654
0.5498776
0.5236613
0.5141404
0.5445360
0.5511686
0.5500877
0.5236796
0.5467240
0.5280608
0.5199638
0.5535655
0.5470425
0.5368763
0.5282302
0.5286975
0.5306567
0.5047822
0.5478475
0.5314327
0.5341946
0.5481842
0.5450256
0.5624324
0.5179712
0.5533364
0.5697618
0.5540484
0.5295397
0.5189787
0.5455450
0.5051130
0.5230692
0.5233667
0.5842581
0.5214649
0.5302538
0.5640930
0.5446493
0.5431398
0.5470654
0.5498776
0.5236613
0.5141404
0.5445360
0.5511686
0.5500877
0.5236796
0.5467240
0.5280608
0.5199638
0.5535655
0.5470425
0.5368763
0.5282302
0.5286975
0.5306567
0.5047822
0.5478475
0.5314327
0.5341946
0.5481842
0.5450256
0.5624324
0.5179712
0.5533364
0.5697618
0.5540484
0.5295397
0.5189787
0.5455450
0.5051130
0.5230692
0.5233667
0.5842581
0.5214649
0.5302538
0.5640930
0.5446493
0.5431398
0.5470654
0.5498776
0.5236613
0.5141404
0.5445360
0.5511686
0.5500877
0.5236796
0.5467240
0.5280608
0.5199638
0.5535655
0.5470425
0.5368763
0.5282302
0.5286975
0.5306567
0.5047822
0.5478475
0.5314327
0.5341946
0.5481842
0.5450256
0.5624324
0.5179712
0.5533364
0.5697618
0.5540484
0.5295397
0.5189787
0.5455450
0.5051130
0.5230692
0.5233667
0.5842581
0.5214649
0.5302538
0.5640930
0.5446493
0.5431398
0.5470654
0.5498776
0.5236613
0.5141404
0.5445360
0.5511686
0.5500877
0.5236796
0.5467240
0.5280608
0.5199638
0.5535655
0.5470425
0.5368763
0.5282302
0.5286975
0.5306567
0.5047822
0.5478475
0.5314327
0.5341946
0.5481842
0.5450256
0.5624324
0.5179712
0.5533364
0.5697618
0.5540484
0.5295397
0.5189787
0.5455450
0.5051130
0.5230692
0.5233667
0.5842581
0.5214649
0.5302538
0.5640930
0.5446493
0.5431398
0.5470654
0.5498776
0.5236613
0.5141404
0.5445360
0.5511686
0.5500877
0.5236796
0.5467240
0.5280608
0.5199638
0.5535655
0.5470425
0.5368763
0.5282302
0.5286975
0.5306567
0.5047822
0.5478475
0.5314327
0.5341946
0.5481842
0.5450256
0.5624324
0.5179712
0.5533364
0.5697618
0.5540484
0.5295397
0.5189787
0.5455450
0.5051130
0.5230692
0.5233667
0.5842581
0.5214649
0.5302538
0.5640930
0.5446493
0.5431398
0.5470654
0.5498776
0.5236613
0.5141404
0.5445360
0.5511686
0.5500877
0.5236796
0.5467240
0.5280608
0.5199638
0.5535655
0.5470425
0.5368763
0.5282302
0.5286975
0.5306567
0.5047822
0.5478475
0.5314327
0.5341946
0.5481842
0.5450256
0.5624324
0.5179712
0.5533364
0.5697618
0.5540484
0.5295397
0.5189787
0.5455450
0.5051130
0.5230692
0.5233667
0.5842581
0.5214649
0.5302538
0.5640930
0.5446493
0.5431398
0.5470654
0.5498776
0.5236613
0.5141404
0.5445360
0.5511686
0.5500877
0.5236796
0.5467240
0.5280608
0.5199638
0.5535655
0.5470425
0.5368763
0.5282302
0.5286975
0.5306567
0.5047822
0.5478475
0.5314327
0.5341946
0.5481842
0.5450256
0.5624324
0.5179712
0.5533364
0.5697618
0.5540484
0.5295397
0.5189787
0.5455450
0.5051130
0.5230692
0.5233667
0.5842581
0.5214649
0.5302538
0.5640930
0.5446493
0.5431398
0.5470654
0.5498776
0.5236613
0.5141404
0.5445360
0.5511686
0.5500877
0.5236796
0.5467240
0.5280608
0.5199638
0.5535655
0.5470425
0.5368763
0.5282302
0.5286975
0.5306567
0.5047822
0.5478475
0.5314327
0.5341946
0.5481842
0.5450256
0.5624324
0.5179712
0.5533364
0.5697618
0.5540484
0.5295397
0.5189787
0.5455450
0.5051130
0.5230692
0.5233667
0.5842581
0.5214649
0.5302538
0.5640930
0.5446493
0.5431398
0.5470654
0.5498776
0.5236613
0.5141404
0.5445360
0.5511686
0.5500877
0.5236796
0.5467240
0.5280608
0.5199638
0.5535655
0.5470425
0.5368763
0.5282302
0.5286975
0.5306567
0.5047822
0.5478475
0.5314327
0.5341946
0.5481842
0.5450256
0.5624324
0.5179712
0.5533364
0.5697618
0.5540484
0.5295397
0.5189787
0.5455450
0.5051130
0.5230692
0.5233667
0.5842581
0.5214649
0.5302538
0.5640930
0.5446493
0.5431398
0.5470654
0.5498776
0.5236613
0.5141404
0.5445360
0.5511686
0.5500877
0.5236796
0.5467240
0.5280608
0.5199638
0.5535655
0.5470425
0.5368763
0.5282302
0.5286975
0.5306567
0.5047822
0.5478475
0.5314327
0.5341946
0.5481842
0.5450256
0.5624324
0.5179712
0.5533364
0.5697618
0.5540484
0.5295397
0.5189787
0.5455450
0.5051130
0.5230692
0.5233667
0.5842581
0.5214649
0.5302538
0.5640930
0.5446493
0.5431398
0.5470654
0.5498776
0.5236613
0.5141404
0.5445360
0.5511686
0.5500877
0.5236796
0.5467240
0.5280608
0.5199638
0.5535655
0.5470425
0.5368763
0.5282302
0.5286975
0.5306567
0.5047822
0.5478475
0.5314327
0.5341946
0.5481842
0.5450256
0.5624324
0.5179712
0.5533364
0.5697618
0.5540484
0.5295397
0.5189787
0.5455450
0.5051130
0.5230692
0.5233667
0.5842581
0.5214649
0.5302538
0.5640930
0.5446493
0.5431398
0.5470654
0.5498776
0.5236613
0.5141404
0.5445360
0.5511686
0.5500877
0.5236796
0.5467240
0.5280608
0.5199638
0.5535655
0.5470425
0.5368763
0.5282302
0.5286975
0.5306567
0.5047822
0.5478475
0.5314327
0.5341946
0.5481842
0.5450256
0.5624324
0.5179712
0.5533364
0.5697618
0.5540484
0.5295397
0.5189787
0.5455450
0.5051130
0.5230692
0.5233667
0.5842581
0.5214649
0.5302538
0.5640930
0.5446493
0.5431398
0.5470654
0.5498776
0.5236613
0.5141404
0.5445360
0.5511686
0.5500877
0.5236796
0.5467240
0.5280608
0.5199638
0.5535655
0.5470425
0.5368763
0.5282302
0.5286975
0.5306567
0.5047822
0.5478475
0.5314327
0.5341946
0.5481842
0.5450256
0.5624324
0.5179712
0.5533364
0.5697618
0.5540484
0.5295397
0.5189787
0.5455450
0.5051130
0.5230692
0.5233667
0.5842581
0.5214649
0.5302538
0.5640930
0.5446493
0.5431398
0.5470654
0.5498776
0.5236613
0.5141404
0.5445360
0.5511686
0.5500877
0.5236796
0.5467240
0.5280608
0.5199638
0.5535655
0.5470425
0.5368763
0.5282302
0.5286975
0.5306567
0.5047822
0.5478475
0.5314327
0.5341946
0.5481842
0.5450256
0.5624324
0.5179712
0.5533364
0.5697618
0.5540484
0.5295397
0.5189787
0.5455450
0.5051130
0.5230692
0.5233667
0.5842581
0.5214649
0.5302538
0.5640930
0.5446493
0.5431398
0.5470654
0.5498776
0.5236613
0.5141404
0.5445360
0.5511686
0.5500877
0.5236796
0.5467240
0.5280608
0.5199638
0.5535655
0.5470425
0.5368763
0.5282302
0.5286975
0.5306567
0.5047822
0.5478475
0.5314327
0.5341946
0.5481842
0.5450256
0.5624324
0.5179712
0.5533364
0.5697618
0.5540484
0.5295397
0.5189787
0.5455450
0.5051130
0.5230692
0.5233667
0.5842581
0.5214649
0.5302538
0.5640930
0.5446493
0.5431398
0.5470654
0.5498776
0.5236613
0.5141404
0.5445360
0.5511686
0.5500877
0.5236796
0.5467240
0.5280608
0.5199638
0.5535655
0.5470425
0.5368763
0.5282302
0.5286975
0.5306567
0.5047822
0.5478475
0.5314327
0.5341946
0.5481842
0.5450256
0.5624324
0.5179712
0.5533364
0.5697618
0.5540484
0.5295397
0.5189787
0.5455450
0.5051130
0.5230692
0.5233667
0.5842581
0.5214649
0.5302538
0.5640930
0.5446493
0.5431398
0.5470654
0.5498776
0.5236613
0.5141404
0.5445360
0.5511686
0.5500877
0.5236796
0.5467240
0.5280608
0.5199638
0.5535655
0.5470425
0.5368763
0.5282302
0.5286975
0.5306567
0.5047822
0.5478475
0.5314327
0.5341946
0.5481842
0.5450256
0.5624324
0.5179712
0.5533364
0.5697618
0.5540484
0.5295397
0.5189787
0.5455450
0.5051130
0.5230692
0.5233667
0.5842581
0.5214649
0.5302538
0.5640930
0.5446493
0.5431398
0.5470654
0.5498776
0.5236613
0.5141404
0.5445360
0.5511686
0.5500877
0.5236796
0.5467240
0.5280608
0.5199638
0.5535655
0.5470425
0.5368763
0.5282302
0.5286975
0.5306567
0.5047822
0.5478475
0.5314327
0.5341946
0.5481842
0.5450256
0.5624324
0.5179712
0.5533364
0.5697618
0.5540484
0.5295397
0.5189787
0.5455450
0.5051130
0.5230692
0.5233667
0.5842581
0.5214649
0.5302538
0.5640930
0.5446493
0.5431398
0.5470654
0.5498776
0.5236613
0.5141404
0.5445360
0.5511686
0.5500877
0.5236796
0.5467240
0.5280608
0.5199638
0.5535655
0.5470425
0.5368763
0.5282302
0.5286975
0.5306567
0.5047822
0.5478475
0.5314327
0.5341946
0.5481842
0.5450256
0.5624324
0.5179712
0.5533364
0.5697618
0.5540484
0.5295397
0.5189787
0.5455450
0.5051130
0.5230692
0.5233667
0.5842581
0.5214649
0.5302538
0.5640930
0.5446493
0.5431398
0.5470654
0.5498776
0.5236613
0.5141404
0.5445360
0.5511686
0.5500877
0.5236796
0.5467240
0.5280608
0.5199638
0.5535655
0.5470425
0.5368763
0.5282302
0.5286975
0.5306567
0.5047822
0.5478475
0.5314327
0.5341946
0.5481842
0.5450256
0.5624324
0.5179712
0.5533364
0.5697618
0.5540484
0.5295397
0.5189787
0.5455450
0.5051130
0.5230692
0.5233667
0.5842581
0.5214649
0.5302538
0.5640930
0.5446493
0.5431398
0.5470654
0.5498776
0.5236613
0.5141404
0.5445360
0.5511686
0.5500877
0.5236796
0.5467240
0.5280608
0.5199638
0.5535655
0.5470425
0.5368763
0.5282302
0.5286975
0.5306567
0.5047822
0.5478475
0.5314327
0.5341946
0.5481842
0.5450256
0.5624324
0.5179712
0.5533364
0.5697618
0.5540484
0.5295397
0.5189787
0.5455450
0.5051130
0.5230692
0.5233667
0.5842581
0.5214649
0.5302538
0.5640930
0.5446493
0.5431398
0.5470654
0.5498776
0.5236613
0.5141404
0.5445360
0.5511686
0.5500877
0.5236796
0.5467240
0.5280608
0.5199638
0.5535655
0.5470425
0.5368763
0.5282302
0.5286975
0.5306567
0.5047822
0.5478475
0.5314327
0.5341946
0.5481842
0.5450256
0.5624324
0.5179712
0.5533364
0.5697618
0.5540484
0.5295397
0.5189787
0.5455450
0.5051130
0.5230692
0.5233667
0.5842581
0.5214649
0.5302538
0.5640930
0.5446493
0.5431398
0.5470654
0.5498776
0.5236613
0.5141404
0.5445360
0.5511686
0.5500877
0.5236796
0.5467240
0.5280608
0.5199638
0.5535655
0.5470425
0.5368763
0.5282302
0.5286975
0.5306567
0.5047822
0.5478475
0.5314327
0.5341946
0.5481842
0.5450256
0.5624324
0.5179712
0.5533364
0.5697618
0.5540484
0.5295397
0.5189787
0.5455450
0.5051130
0.5230692
0.5233667
0.5842581
0.5214649
0.5302538
0.5640930
0.5446493
0.5431398
0.5470654
0.5498776
0.5236613
0.5141404
0.5445360
0.5511686
0.5500877
0.5236796
0.5467240
0.5280608
0.5199638
0.5535655
0.5470425
0.5368763
0.5282302
0.5286975
0.5306567
0.5047822
0.5478475
0.5314327
0.5341946
0.5481842
0.5450256
0.5624324
0.5179712
0.5533364
0.5697618
0.5540484
0.5295397
0.5189787
0.5455450
0.5051130
0.5230692
0.5233667
0.5842581
0.5214649
0.5302538
0.5640930
0.5446493
0.5431398
0.5470654
0.5498776
0.5236613
0.5141404
0.5445360
0.5511686
0.5500877
0.5236796
0.5467240
0.5280608
0.5199638
0.5535655
0.5470425
0.5368763
0.5282302
0.5286975
0.5306567
0.5047822
0.5478475
0.5314327
0.5341946
0.5481842
0.5450256
0.5624324
0.5179712
0.5533364
0.5697618
0.5540484
0.5295397
0.5189787
0.5455450
0.5051130
0.5230692
0.5233667
0.5842581
0.5214649
0.5302538
0.5640930
0.5446493
0.5431398
0.5470654
0.5498776
0.5236613
0.5141404
0.5445360
0.5511686
0.5500877
0.5236796
0.5467240
0.5280608
0.5199638
0.5535655
0.5470425
0.5368763
0.5282302
0.5286975
0.5306567
0.5047822
0.5478475
0.5314327
0.5341946
0.5481842
0.5450256
0.5624324
0.5179712
0.5533364
0.5697618
0.5540484
0.5295397
0.5189787
0.5455450
0.5051130
0.5230692
0.5233667
0.5842581
0.5214649
0.5302538
0.5640930
0.5446493
0.5431398
0.5470654
0.5498776
0.5236613
0.5141404
0.5445360
0.5511686
0.5500877
0.5236796
0.5467240
0.5280608
0.5199638
0.5535655
0.5470425
0.5368763
0.5282302
0.5286975
0.5306567
0.5047822
0.5478475
0.5314327
0.5341946
0.5481842
0.5450256
0.5624324
0.5179712
0.5533364
0.5697618
0.5540484
0.5295397
0.5189787
0.5455450
0.5051130
0.5230692
0.5233667
0.5842581
0.5214649
0.5302538
0.5640930
0.5446493
0.5431398
0.5470654
0.5498776
0.5236613
0.5141404
0.5445360
0.5511686
0.5500877
0.5236796
0.5467240
0.5280608
0.5199638
0.5535655
0.5470425
0.5368763
0.5282302
0.5286975
0.5306567
0.5047822
0.5478475
0.5314327
0.5341946
0.5481842
0.5450256
0.5624324
0.5179712
0.5533364
0.5697618
0.5540484
0.5295397
0.5189787
0.5455450
0.5051130
0.5230692
0.5233667
0.5842581
0.5214649
0.5302538
0.5640930
0.5446493
0.5431398
0.5470654
0.5498776
0.5236613
0.5141404
0.5445360
0.5511686
0.5500877
0.5236796
0.5467240
0.5280608
0.5199638
0.5535655
0.5470425
0.5368763
0.5282302
0.5286975
0.5306567
0.5047822
0.5478475
0.5314327
0.5341946
0.5481842
0.5450256
0.5624324
0.5179712
0.5533364
0.5697618
0.5540484
0.5295397
0.5189787
0.5455450
0.5051130
0.5230692
0.5233667
0.5842581
0.5214649
0.5302538
0.5640930
0.5446493
0.5431398
0.5470654
0.5498776
0.5236613
0.5141404
0.5445360
0.5511686
0.5500877
0.5236796
0.5467240
0.5280608
0.5199638
0.5535655
0.5470425
0.5368763
0.5282302
0.5286975
0.5306567
0.5047822
0.5478475
0.5314327
0.5341946
0.5481842
0.5450256
0.5624324
0.5179712
0.5533364
0.5697618
0.5540484
0.5295397
0.5189787
0.5455450
0.5051130
0.5230692
0.5233667
0.5842581
0.5214649
0.5302538
0.5640930
0.5446493
0.5431398
0.5470654
0.5498776
0.5236613
0.5141404
0.5445360
0.5511686
0.5500877
0.5236796
0.5467240
0.5280608
0.5199638
0.5535655
0.5470425
0.5368763
0.5282302
0.5286975
0.5306567
0.5047822
0.5478475
0.5314327
0.5341946
0.5481842
0.5450256
0.5624324
0.5179712
0.5533364
0.5697618
0.5540484
0.5295397
0.5189787
0.5455450
0.5051130
0.5230692
0.5233667
0.5842581
0.5214649
0.5302538
0.5640930
0.5446493
0.5431398
0.5470654
0.5498776
0.5236613
0.5141404
0.5445360
0.5511686
0.5500877
0.5236796
0.5467240
0.5280608
0.5199638
0.5535655
0.5470425
0.5368763
0.5282302
0.5286975
0.5306567
0.5047822
0.5478475
0.5314327
0.5341946
0.5481842
0.5450256
0.5624324
0.5179712
0.5533364
0.5697618
0.5540484
0.5295397
0.5189787
0.5455450
0.5051130
0.5230692
0.5233667
0.5842581
0.5214649
0.5302538
0.5640930
0.5446493
0.5431398
0.5470654
0.5498776
0.5236613
0.5141404
0.5445360
0.5511686
0.5500877
0.5236796
0.5467240
0.5280608
0.5199638
0.5535655
0.5470425
0.5368763
0.5282302
0.5286975
0.5306567
0.5047822
0.5478475
0.5314327
0.5341946
0.5481842
0.5450256
0.5624324
0.5179712
0.5533364
0.5697618
0.5540484
0.5295397
0.5189787
0.5455450
0.5051130
0.5230692
0.5233667
0.5842581
0.5214649
0.5302538
0.5640930
0.5446493
0.5431398
0.5470654
0.5498776
0.5236613
0.5141404
0.5445360
0.5511686
0.5500877
0.5236796
0.5467240
0.5280608
0.5199638
0.5535655
0.5470425
0.5368763
0.5282302
0.5286975
0.5306567
0.5047822
0.5478475
0.5314327
0.5341946
0.5481842
0.5450256
0.5624324
0.5179712
0.5533364
0.5697618
0.5540484
0.5295397
0.5189787
0.5455450
0.5051130
0.5230692
0.5233667
0.5842581
0.5214649
0.5302538
0.5640930
0.5446493
0.5431398
0.5470654
0.5498776
0.5236613
0.5141404
0.5445360
0.5511686
0.5500877
0.5236796
0.5467240
0.5280608
0.5199638
0.5535655
0.5470425
0.5368763
0.5282302
0.5286975
0.5306567
0.5047822
0.5478475
0.5314327
0.5341946
0.5481842
0.5450256
0.5624324
0.5179712
0.5533364
0.5697618
0.5540484
0.5295397
0.5189787
0.5455450
0.5051130
0.5230692
0.5233667
0.5842581
0.5214649
0.5302538
0.5640930
0.5446493
0.5431398
0.5470654
0.5498776
0.5236613
0.5141404
0.5445360
0.5511686
0.5500877
0.5236796
0.5467240
0.5280608
0.5199638
0.5535655
0.5470425
0.5368763
0.5282302
0.5286975
0.5306567
0.5047822
0.5478475
0.5314327
0.5341946
0.5481842
0.5450256
0.5624324
0.5179712
0.5533364
0.5697618
0.5540484
0.5295397
0.5189787
0.5455450
0.5051130
0.5230692
0.5233667
0.5842581
0.5214649
0.5302538
0.5640930
0.5446493
0.5431398
0.5470654
0.5498776
0.5236613
0.5141404
0.5445360
0.5511686
0.5500877
0.5236796
0.5467240
0.5280608
0.5199638
0.5535655
0.5470425
0.5368763
0.5282302
0.5286975
0.5306567
0.5047822
0.5478475
0.5314327
0.5341946
0.5481842
0.5450256
0.5624324
0.5179712
0.5533364
0.5697618
0.5540484
0.5295397
0.5189787
0.5455450
0.5051130
0.5230692
0.5233667
0.5842581
0.5214649
0.5302538
0.5640930
0.5446493
0.5431398
0.5470654
0.5498776
0.5236613
0.5141404
0.5445360
0.5511686
0.5500877
0.5236796
0.5467240
0.5280608
0.5199638
0.5535655
0.5470425
0.5368763
0.5282302
0.5286975
0.5306567
0.5047822
0.5478475
0.5314327
0.5341946
0.5481842
0.5450256
0.5624324
0.5179712
0.5533364
0.5697618
0.5540484
0.5295397
0.5189787
0.5455450
0.5051130
0.5230692
0.5233667
0.5842581
0.5214649
0.5302538
0.5640930
0.5446493
0.5431398
0.5470654
0.5498776
0.5236613
0.5141404
0.5445360
0.5511686
0.5500877
0.5236796
0.5467240
0.5280608
0.5199638
0.5535655
0.5470425
0.5368763
0.5282302
0.5286975
0.5306567
0.5047822
0.5478475
0.5314327
0.5341946
0.5481842
0.5450256
0.5624324
0.5179712
0.5533364
0.5697618
0.5540484
0.5295397
0.5189787
0.5455450
0.5051130
0.5230692
0.5233667
0.5842581
0.5214649
0.5302538
0.5640930
0.5446493
0.5431398
0.5470654
0.5498776
0.5236613
0.5141404
0.5445360
0.5511686
0.5500877
0.5236796
0.5467240
0.5280608
0.5199638
0.5535655
0.5470425
0.5368763
0.5282302
0.5286975
0.5306567
0.5047822
0.5478475
0.5314327
0.5341946
0.5481842
0.5450256
0.5624324
0.5179712
0.5533364
0.5697618
0.5540484
0.5295397
0.5189787
0.5455450
0.5051130
0.5230692
0.5233667
0.5842581
0.5214649
0.5302538
0.5640930
0.5446493
0.5431398
0.5470654
0.5498776
0.5236613
0.5141404
0.5445360
0.5511686
0.5500877
0.5236796
0.5467240
0.5280608
0.5199638
0.5535655
0.5470425
0.5368763
0.5282302
0.5286975
0.5306567
0.5047822
0.5478475
0.5314327
0.5341946
0.5481842
0.5450256
0.5624324
0.5179712
0.5533364
0.5697618
0.5540484
0.5295397
0.5189787
0.5455450
0.5051130
0.5230692
0.5233667
0.5842581
0.5214649
0.5302538
0.5640930
0.5446493
0.5431398
0.5470654
0.5498776
0.5236613
0.5141404
0.5445360
0.5511686
0.5500877
0.5236796
0.5467240
0.5280608
0.5199638
0.5535655
0.5470425
0.5368763
0.5282302
0.5286975
0.5306567
0.5047822
0.5478475
0.5314327
0.5341946
0.5481842
0.5450256
0.5624324
0.5179712
0.5533364
0.5697618
0.5540484
0.5295397
0.5189787
0.5455450
0.5051130
0.5230692
0.5233667
0.5842581
0.5214649
0.5302538
0.5640930
0.5446493
0.5431398
0.5470654
0.5498776
0.5236613
0.5141404
0.5445360
0.5511686
0.5500877
0.5236796
0.5467240
0.5280608
0.5199638
0.5535655
0.5470425
0.5368763
0.5282302
0.5286975
0.5306567
0.5047822
0.5478475
0.5314327
0.5341946
0.5481842
0.5450256
0.5624324
0.5179712
0.5533364
0.5697618
0.5540484
0.5295397
0.5189787
0.5455450
0.5051130
0.5230692
0.5233667
0.5842581
0.5214649
0.5302538
0.5640930
0.5446493
0.5431398
0.5470654
0.5498776
0.5236613
0.5141404
0.5445360
0.5511686
0.5500877
0.5236796
0.5467240
0.5280608
0.5199638
0.5535655
0.5470425
0.5368763
