 9.684721
 9.728671
10.442006
10.366639
 9.537373
10.451989
10.197838
 9.951163
10.227729
 9.470647
 9.895864
10.072290
 9.502027
 9.436356
10.191436
 9.851415
 9.907901
10.237336
10.326517
 9.725509
10.239510
10.625598
 9.361107
10.466304
10.558428
10.066613
10.164137
 9.777514
10.908023
10.757528
10.236241
 9.761098
10.551481
 9.965955
10.211443
10.315085
 9.569094
10.355667
10.800416
 9.713161
 9.684721
 9.728671
10.442006
10.366639
 9.537373
10.451989
10.197838
 9.951163
10.227729
 9.470647
 9.895864
10.072290
 9.502027
 9.436356
10.191436
 9.851415
 9.907901
10.237336
10.326517
 9.725509
10.239510
10.625598
 9.361107
10.466304
10.558428
10.066613
10.164137
 9.777514
10.908023
10.757528
10.236241
 9.761098
10.551481
 9.965955
10.211443
10.315085
 9.569094
10.355667
10.800416
 9.713161
 9.684721
 9.728671
10.442006
10.366639
 9.537373
10.451989
10.197838
 9.951163
10.227729
 9.470647
 9.895864
10.072290
 9.502027
 9.436356
10.191436
 9.851415
 9.907901
10.237336
10.326517
 9.725509
10.239510
10.625598
 9.361107
10.466304
10.558428
10.066613
10.164137
 9.777514
10.908023
10.757528
10.236241
 9.761098
10.551481
 9.965955
10.211443
10.315085
 9.569094
10.355667
10.800416
 9.713161
 9.684721
 9.728671
10.442006
10.366639
 9.537373
10.451989
10.197838
 9.951163
10.227729
 9.470647
 9.895864
10.072290
 9.502027
 9.436356
10.191436
 9.851415
 9.907901
10.237336
10.326517
 9.725509
10.239510
10.625598
 9.361107
10.466304
10.558428
10.066613
10.164137
 9.777514
10.908023
10.757528
10.236241
 9.761098
10.551481
 9.965955
10.211443
10.315085
 9.569094
10.355667
10.800416
 9.713161
 9.684721
 9.728671
10.442006
10.366639
 9.537373
10.451989
10.197838
 9.951163
10.227729
 9.470647
 9.895864
10.072290
 9.502027
 9.436356
10.191436
 9.851415
 9.907901
10.237336
10.326517
 9.725509
10.239510
10.625598
 9.361107
10.466304
10.558428
10.066613
10.164137
 9.777514
10.908023
10.757528
10.236241
 9.761098
10.551481
 9.965955
10.211443
10.315085
 9.569094
10.355667
10.800416
 9.713161
 9.684721
 9.728671
10.442006
10.366639
 9.537373
10.451989
10.197838
 9.951163
10.227729
 9.470647
 9.895864
10.072290
 9.502027
 9.436356
10.191436
 9.851415
 9.907901
10.237336
10.326517
 9.725509
10.239510
10.625598
 9.361107
10.466304
10.558428
10.066613
10.164137
 9.777514
10.908023
10.757528
10.236241
 9.761098
10.551481
 9.965955
10.211443
10.315085
 9.569094
10.355667
10.800416
 9.713161
 9.684721
 9.728671
10.442006
10.366639
 9.537373
10.451989
10.197838
 9.951163
10.227729
 9.470647
 9.895864
10.072290
 9.502027
 9.436356
10.191436
 9.851415
 9.907901
10.237336
10.326517
 9.725509
10.239510
10.625598
 9.361107
10.466304
10.558428
10.066613
10.164137
 9.777514
10.908023
10.757528
10.236241
 9.761098
10.551481
 9.965955
10.211443
10.315085
 9.569094
10.355667
10.800416
 9.713161
 9.684721
 9.728671
10.442006
10.366639
 9.537373
10.451989
10.197838
 9.951163
10.227729
 9.470647
 9.895864
10.072290
 9.502027
 9.436356
10.191436
 9.851415
 9.907901
10.237336
10.326517
 9.725509
10.239510
10.625598
 9.361107
10.466304
10.558428
10.066613
10.164137
 9.777514
10.908023
10.757528
10.236241
 9.761098
10.551481
 9.965955
10.211443
10.315085
 9.569094
10.355667
10.800416
 9.713161
 9.684721
 9.728671
10.442006
10.366639
 9.537373
10.451989
10.197838
 9.951163
10.227729
 9.470647
 9.895864
10.072290
 9.502027
 9.436356
10.191436
 9.851415
 9.907901
10.237336
10.326517
 9.725509
10.239510
10.625598
 9.361107
10.466304
10.558428
10.066613
10.164137
 9.777514
10.908023
10.757528
10.236241
 9.761098
10.551481
 9.965955
10.211443
10.315085
 9.569094
10.355667
10.800416
 9.713161
 9.684721
 9.728671
10.442006
10.366639
 9.537373
10.451989
10.197838
 9.951163
10.227729
 9.470647
 9.895864
10.072290
 9.502027
 9.436356
10.191436
 9.851415
 9.907901
10.237336
10.326517
 9.725509
10.239510
10.625598
 9.361107
10.466304
10.558428
10.066613
10.164137
 9.777514
10.908023
10.757528
10.236241
 9.761098
10.551481
 9.965955
10.211443
10.315085
 9.569094
10.355667
10.800416
 9.713161
 9.684721
 9.728671
10.442006
10.366639
 9.537373
10.451989
10.197838
 9.951163
10.227729
 9.470647
 9.895864
10.072290
 9.502027
 9.436356
10.191436
 9.851415
 9.907901
10.237336
10.326517
 9.725509
10.239510
10.625598
 9.361107
10.466304
10.558428
10.066613
10.164137
 9.777514
10.908023
10.757528
10.236241
 9.761098
10.551481
 9.965955
10.211443
10.315085
 9.569094
10.355667
10.800416
 9.713161
 9.684721
 9.728671
10.442006
10.366639
 9.537373
10.451989
10.197838
 9.951163
10.227729
 9.470647
 9.895864
10.072290
 9.502027
 9.436356
10.191436
 9.851415
 9.907901
10.237336
10.326517
 9.725509
10.239510
10.625598
 9.361107
10.466304
10.558428
10.066613
10.164137
 9.777514
10.908023
10.757528
10.236241
 9.761098
10.551481
 9.965955
10.211443
10.315085
 9.569094
10.355667
10.800416
 9.713161
 9.684721
 9.728671
10.442006
10.366639
 9.537373
10.451989
10.197838
 9.951163
10.227729
 9.470647
 9.895864
10.072290
 9.502027
 9.436356
10.191436
 9.851415
 9.907901
10.237336
10.326517
 9.725509
10.239510
10.625598
 9.361107
10.466304
10.558428
10.066613
10.164137
 9.777514
10.908023
10.757528
10.236241
 9.761098
10.551481
 9.965955
10.211443
10.315085
 9.569094
10.355667
10.800416
 9.713161
 9.684721
 9.728671
10.442006
10.366639
 9.537373
10.451989
10.197838
 9.951163
10.227729
 9.470647
 9.895864
10.072290
 9.502027
 9.436356
10.191436
 9.851415
 9.907901
10.237336
10.326517
 9.725509
10.239510
10.625598
 9.361107
10.466304
10.558428
10.066613
10.164137
 9.777514
10.908023
10.757528
10.236241
 9.761098
10.551481
 9.965955
10.211443
10.315085
 9.569094
10.355667
10.800416
 9.713161
 9.684721
 9.728671
10.442006
10.366639
 9.537373
10.451989
10.197838
 9.951163
10.227729
 9.470647
 9.895864
10.072290
 9.502027
 9.436356
10.191436
 9.851415
 9.907901
10.237336
10.326517
 9.725509
10.239510
10.625598
 9.361107
10.466304
10.558428
10.066613
10.164137
 9.777514
10.908023
10.757528
10.236241
 9.761098
10.551481
 9.965955
10.211443
10.315085
 9.569094
10.355667
10.800416
 9.713161
 9.684721
 9.728671
10.442006
10.366639
 9.537373
10.451989
10.197838
 9.951163
10.227729
 9.470647
 9.895864
10.072290
 9.502027
 9.436356
10.191436
 9.851415
 9.907901
10.237336
10.326517
 9.725509
10.239510
10.625598
 9.361107
10.466304
10.558428
10.066613
10.164137
 9.777514
10.908023
10.757528
10.236241
 9.761098
10.551481
 9.965955
10.211443
10.315085
 9.569094
10.355667
10.800416
 9.713161
 9.684721
 9.728671
10.442006
10.366639
 9.537373
10.451989
10.197838
 9.951163
10.227729
 9.470647
 9.895864
10.072290
 9.502027
 9.436356
10.191436
 9.851415
 9.907901
10.237336
10.326517
 9.725509
10.239510
10.625598
 9.361107
10.466304
10.558428
10.066613
10.164137
 9.777514
10.908023
10.757528
10.236241
 9.761098
10.551481
 9.965955
10.211443
10.315085
 9.569094
10.355667
10.800416
 9.713161
 9.684721
 9.728671
10.442006
10.366639
 9.537373
10.451989
10.197838
 9.951163
10.227729
 9.470647
 9.895864
10.072290
 9.502027
 9.436356
10.191436
 9.851415
 9.907901
10.237336
10.326517
 9.725509
10.239510
10.625598
 9.361107
10.466304
10.558428
10.066613
10.164137
 9.777514
10.908023
10.757528
10.236241
 9.761098
10.551481
 9.965955
10.211443
10.315085
 9.569094
10.355667
10.800416
 9.713161
 9.684721
 9.728671
10.442006
10.366639
 9.537373
10.451989
10.197838
 9.951163
10.227729
 9.470647
 9.895864
10.072290
 9.502027
 9.436356
10.191436
 9.851415
 9.907901
10.237336
10.326517
 9.725509
10.239510
10.625598
 9.361107
10.466304
10.558428
10.066613
10.164137
 9.777514
10.908023
10.757528
10.236241
 9.761098
10.551481
 9.965955
10.211443
10.315085
 9.569094
10.355667
10.800416
 9.713161
 9.684721
 9.728671
10.442006
10.366639
 9.537373
10.451989
10.197838
 9.951163
10.227729
 9.470647
 9.895864
10.072290
 9.502027
 9.436356
10.191436
 9.851415
 9.907901
10.237336
10.326517
 9.725509
10.239510
10.625598
 9.361107
10.466304
10.558428
10.066613
10.164137
 9.777514
10.908023
10.757528
10.236241
 9.761098
10.551481
 9.965955
10.211443
10.315085
 9.569094
10.355667
10.800416
 9.713161
 9.684721
 9.728671
10.442006
10.366639
 9.537373
10.451989
10.197838
 9.951163
10.227729
 9.470647
 9.895864
10.072290
 9.502027
 9.436356
10.191436
 9.851415
 9.907901
10.237336
10.326517
 9.725509
10.239510
10.625598
 9.361107
10.466304
10.558428
10.066613
10.164137
 9.777514
10.908023
10.757528
10.236241
 9.761098
10.551481
 9.965955
10.211443
10.315085
 9.569094
10.355667
10.800416
 9.713161
 9.684721
 9.728671
10.442006
10.366639
 9.537373
10.451989
10.197838
 9.951163
10.227729
 9.470647
 9.895864
10.072290
 9.502027
 9.436356
10.191436
 9.851415
 9.907901
10.237336
10.326517
 9.725509
10.239510
10.625598
 9.361107
10.466304
10.558428
10.066613
10.164137
 9.777514
10.908023
10.757528
10.236241
 9.761098
10.551481
 9.965955
10.211443
10.315085
 9.569094
10.355667
10.800416
 9.713161
 9.684721
 9.728671
10.442006
10.366639
 9.537373
10.451989
10.197838
 9.951163
10.227729
 9.470647
 9.895864
10.072290
 9.502027
 9.436356
10.191436
 9.851415
 9.907901
10.237336
10.326517
 9.725509
10.239510
10.625598
 9.361107
10.466304
10.558428
10.066613
10.164137
 9.777514
10.908023
10.757528
10.236241
 9.761098
10.551481
 9.965955
10.211443
10.315085
 9.569094
10.355667
10.800416
 9.713161
 9.684721
 9.728671
10.442006
10.366639
 9.537373
10.451989
10.197838
 9.951163
10.227729
 9.470647
 9.895864
10.072290
 9.502027
 9.436356
10.191436
 9.851415
 9.907901
10.237336
10.326517
 9.725509
10.239510
10.625598
 9.361107
10.466304
10.558428
10.066613
10.164137
 9.777514
10.908023
10.757528
10.236241
 9.761098
10.551481
 9.965955
10.211443
10.315085
 9.569094
10.355667
10.800416
 9.713161
 9.684721
 9.728671
10.442006
10.366639
 9.537373
10.451989
10.197838
 9.951163
10.227729
 9.470647
 9.895864
10.072290
 9.502027
 9.436356
10.191436
 9.851415
 9.907901
10.237336
10.326517
 9.725509
10.239510
10.625598
 9.361107
10.466304
10.558428
10.066613
10.164137
 9.777514
10.908023
10.757528
10.236241
 9.761098
10.551481
 9.965955
10.211443
10.315085
 9.569094
10.355667
10.800416
 9.713161
 9.684721
 9.728671
10.442006
10.366639
 9.537373
10.451989
10.197838
 9.951163
10.227729
 9.470647
 9.895864
10.072290
 9.502027
 9.436356
10.191436
 9.851415
 9.907901
10.237336
10.326517
 9.725509
10.239510
10.625598
 9.361107
10.466304
10.558428
10.066613
10.164137
 9.777514
10.908023
10.757528
10.236241
 9.761098
10.551481
 9.965955
10.211443
10.315085
 9.569094
10.355667
10.800416
 9.713161
 9.684721
 9.728671
10.442006
10.366639
 9.537373
10.451989
10.197838
 9.951163
10.227729
 9.470647
 9.895864
10.072290
 9.502027
 9.436356
10.191436
 9.851415
 9.907901
10.237336
10.326517
 9.725509
10.239510
10.625598
 9.361107
10.466304
10.558428
10.066613
10.164137
 9.777514
10.908023
10.757528
10.236241
 9.761098
10.551481
 9.965955
10.211443
10.315085
 9.569094
10.355667
10.800416
 9.713161
 9.684721
 9.728671
10.442006
10.366639
 9.537373
10.451989
10.197838
 9.951163
10.227729
 9.470647
 9.895864
10.072290
 9.502027
 9.436356
10.191436
 9.851415
 9.907901
10.237336
10.326517
 9.725509
10.239510
10.625598
 9.361107
10.466304
10.558428
10.066613
10.164137
 9.777514
10.908023
10.757528
10.236241
 9.761098
10.551481
 9.965955
10.211443
10.315085
 9.569094
10.355667
10.800416
 9.713161
 9.684721
 9.728671
10.442006
10.366639
 9.537373
10.451989
10.197838
 9.951163
10.227729
 9.470647
 9.895864
10.072290
 9.502027
 9.436356
10.191436
 9.851415
 9.907901
10.237336
10.326517
 9.725509
10.239510
10.625598
 9.361107
10.466304
10.558428
10.066613
10.164137
 9.777514
10.908023
10.757528
10.236241
 9.761098
10.551481
 9.965955
10.211443
10.315085
 9.569094
10.355667
10.800416
 9.713161
 9.684721
 9.728671
10.442006
10.366639
 9.537373
10.451989
10.197838
 9.951163
10.227729
 9.470647
 9.895864
10.072290
 9.502027
 9.436356
10.191436
 9.851415
 9.907901
10.237336
10.326517
 9.725509
10.239510
10.625598
 9.361107
10.466304
10.558428
10.066613
10.164137
 9.777514
10.908023
10.757528
10.236241
 9.761098
10.551481
 9.965955
10.211443
10.315085
 9.569094
10.355667
10.800416
 9.713161
 9.684721
 9.728671
10.442006
10.366639
 9.537373
10.451989
10.197838
 9.951163
10.227729
 9.470647
 9.895864
10.072290
 9.502027
 9.436356
10.191436
 9.851415
 9.907901
10.237336
10.326517
 9.725509
10.239510
10.625598
 9.361107
10.466304
10.558428
10.066613
10.164137
 9.777514
10.908023
10.757528
10.236241
 9.761098
10.551481
 9.965955
10.211443
10.315085
 9.569094
10.355667
10.800416
 9.713161
 9.684721
 9.728671
10.442006
10.366639
 9.537373
10.451989
10.197838
 9.951163
10.227729
 9.470647
 9.895864
10.072290
 9.502027
 9.436356
10.191436
 9.851415
 9.907901
10.237336
10.326517
 9.725509
10.239510
10.625598
 9.361107
10.466304
10.558428
10.066613
10.164137
 9.777514
10.908023
10.757528
10.236241
 9.761098
10.551481
 9.965955
10.211443
10.315085
 9.569094
10.355667
10.800416
 9.713161
 9.684721
 9.728671
10.442006
10.366639
 9.537373
10.451989
10.197838
 9.951163
10.227729
 9.470647
 9.895864
10.072290
 9.502027
 9.436356
10.191436
 9.851415
 9.907901
10.237336
10.326517
 9.725509
10.239510
10.625598
 9.361107
10.466304
10.558428
10.066613
10.164137
 9.777514
10.908023
10.757528
10.236241
 9.761098
10.551481
 9.965955
10.211443
10.315085
 9.569094
10.355667
10.800416
 9.713161
 9.684721
 9.728671
10.442006
10.366639
 9.537373
10.451989
10.197838
 9.951163
10.227729
 9.470647
 9.895864
10.072290
 9.502027
 9.436356
10.191436
 9.851415
 9.907901
10.237336
10.326517
 9.725509
10.239510
10.625598
 9.361107
10.466304
10.558428
10.066613
10.164137
 9.777514
10.908023
10.757528
10.236241
 9.761098
10.551481
 9.965955
10.211443
10.315085
 9.569094
10.355667
10.800416
 9.713161
 9.684721
 9.728671
10.442006
10.366639
 9.537373
10.451989
10.197838
 9.951163
10.227729
 9.470647
 9.895864
10.072290
 9.502027
 9.436356
10.191436
 9.851415
 9.907901
10.237336
10.326517
 9.725509
10.239510
10.625598
 9.361107
10.466304
10.558428
10.066613
10.164137
 9.777514
10.908023
10.757528
10.236241
 9.761098
10.551481
 9.965955
10.211443
10.315085
 9.569094
10.355667
10.800416
 9.713161
 9.684721
 9.728671
10.442006
10.366639
 9.537373
10.451989
10.197838
 9.951163
10.227729
 9.470647
 9.895864
10.072290
 9.502027
 9.436356
10.191436
 9.851415
 9.907901
10.237336
10.326517
 9.725509
10.239510
10.625598
 9.361107
10.466304
10.558428
10.066613
10.164137
 9.777514
10.908023
10.757528
10.236241
 9.761098
10.551481
 9.965955
10.211443
10.315085
 9.569094
10.355667
10.800416
 9.713161
 9.684721
 9.728671
10.442006
10.366639
 9.537373
10.451989
10.197838
 9.951163
10.227729
 9.470647
 9.895864
10.072290
 9.502027
 9.436356
10.191436
 9.851415
 9.907901
10.237336
10.326517
 9.725509
10.239510
10.625598
 9.361107
10.466304
10.558428
10.066613
10.164137
 9.777514
10.908023
10.757528
10.236241
 9.761098
10.551481
 9.965955
10.211443
10.315085
 9.569094
10.355667
10.800416
 9.713161
 9.684721
 9.728671
10.442006
10.366639
 9.537373
10.451989
10.197838
 9.951163
10.227729
 9.470647
 9.895864
10.072290
 9.502027
 9.436356
10.191436
 9.851415
 9.907901
10.237336
10.326517
 9.725509
10.239510
10.625598
 9.361107
10.466304
10.558428
10.066613
10.164137
 9.777514
10.908023
10.757528
10.236241
 9.761098
10.551481
 9.965955
10.211443
10.315085
 9.569094
10.355667
10.800416
 9.713161
 9.684721
 9.728671
10.442006
10.366639
 9.537373
10.451989
10.197838
 9.951163
10.227729
 9.470647
 9.895864
10.072290
 9.502027
 9.436356
10.191436
 9.851415
 9.907901
10.237336
10.326517
 9.725509
10.239510
10.625598
 9.361107
10.466304
10.558428
10.066613
10.164137
 9.777514
10.908023
10.757528
10.236241
 9.761098
10.551481
 9.965955
10.211443
10.315085
 9.569094
10.355667
10.800416
 9.713161
 9.684721
 9.728671
10.442006
10.366639
 9.537373
10.451989
10.197838
 9.951163
10.227729
 9.470647
 9.895864
10.072290
 9.502027
 9.436356
10.191436
 9.851415
 9.907901
10.237336
10.326517
 9.725509
10.239510
10.625598
 9.361107
10.466304
10.558428
10.066613
10.164137
 9.777514
10.908023
10.757528
10.236241
 9.761098
10.551481
 9.965955
10.211443
10.315085
 9.569094
10.355667
10.800416
 9.713161
 9.684721
 9.728671
10.442006
10.366639
 9.537373
10.451989
10.197838
 9.951163
10.227729
 9.470647
 9.895864
10.072290
 9.502027
 9.436356
10.191436
 9.851415
 9.907901
10.237336
10.326517
 9.725509
10.239510
10.625598
 9.361107
10.466304
10.558428
10.066613
10.164137
 9.777514
10.908023
10.757528
10.236241
 9.761098
10.551481
 9.965955
10.211443
10.315085
 9.569094
10.355667
10.800416
 9.713161
 9.684721
 9.728671
10.442006
10.366639
 9.537373
10.451989
10.197838
 9.951163
10.227729
 9.470647
 9.895864
10.072290
 9.502027
 9.436356
10.191436
 9.851415
 9.907901
10.237336
10.326517
 9.725509
10.239510
10.625598
 9.361107
10.466304
10.558428
10.066613
10.164137
 9.777514
10.908023
10.757528
10.236241
 9.761098
10.551481
 9.965955
10.211443
10.315085
 9.569094
10.355667
10.800416
 9.713161
 9.684721
 9.728671
10.442006
10.366639
 9.537373
10.451989
10.197838
 9.951163
10.227729
 9.470647
 9.895864
10.072290
 9.502027
 9.436356
10.191436
 9.851415
 9.907901
10.237336
10.326517
 9.725509
10.239510
10.625598
 9.361107
10.466304
10.558428
10.066613
10.164137
 9.777514
10.908023
10.757528
10.236241
 9.761098
10.551481
 9.965955
10.211443
10.315085
 9.569094
10.355667
10.800416
 9.713161
 9.684721
 9.728671
10.442006
10.366639
 9.537373
10.451989
10.197838
 9.951163
10.227729
 9.470647
 9.895864
10.072290
 9.502027
 9.436356
10.191436
 9.851415
 9.907901
10.237336
10.326517
 9.725509
10.239510
10.625598
 9.361107
10.466304
10.558428
10.066613
10.164137
 9.777514
10.908023
10.757528
10.236241
 9.761098
10.551481
 9.965955
10.211443
10.315085
 9.569094
10.355667
10.800416
 9.713161
 9.684721
 9.728671
10.442006
10.366639
 9.537373
10.451989
10.197838
 9.951163
10.227729
 9.470647
 9.895864
10.072290
 9.502027
 9.436356
10.191436
 9.851415
 9.907901
10.237336
10.326517
 9.725509
10.239510
10.625598
 9.361107
10.466304
10.558428
10.066613
10.164137
 9.777514
10.908023
10.757528
10.236241
 9.761098
10.551481
 9.965955
10.211443
10.315085
 9.569094
10.355667
10.800416
 9.713161
 9.684721
 9.728671
10.442006
10.366639
 9.537373
10.451989
10.197838
 9.951163
10.227729
 9.470647
 9.895864
10.072290
 9.502027
 9.436356
10.191436
 9.851415
 9.907901
10.237336
10.326517
 9.725509
10.239510
10.625598
 9.361107
10.466304
10.558428
10.066613
10.164137
 9.777514
10.908023
10.757528
10.236241
 9.761098
10.551481
 9.965955
10.211443
10.315085
 9.569094
10.355667
10.800416
 9.713161
 9.684721
 9.728671
10.442006
10.366639
 9.537373
10.451989
10.197838
 9.951163
10.227729
 9.470647
 9.895864
10.072290
 9.502027
 9.436356
10.191436
 9.851415
 9.907901
10.237336
10.326517
 9.725509
10.239510
10.625598
 9.361107
10.466304
10.558428
10.066613
10.164137
 9.777514
10.908023
10.757528
10.236241
 9.761098
10.551481
 9.965955
10.211443
10.315085
 9.569094
10.355667
10.800416
 9.713161
 9.684721
 9.728671
10.442006
10.366639
 9.537373
10.451989
10.197838
 9.951163
10.227729
 9.470647
 9.895864
10.072290
 9.502027
 9.436356
10.191436
 9.851415
 9.907901
10.237336
10.326517
 9.725509
10.239510
10.625598
 9.361107
10.466304
10.558428
10.066613
10.164137
 9.777514
10.908023
10.757528
10.236241
 9.761098
10.551481
 9.965955
10.211443
10.315085
 9.569094
10.355667
10.800416
 9.713161
 9.684721
 9.728671
10.442006
10.366639
 9.537373
10.451989
10.197838
 9.951163
10.227729
 9.470647
 9.895864
10.072290
 9.502027
 9.436356
10.191436
 9.851415
 9.907901
10.237336
10.326517
 9.725509
10.239510
10.625598
 9.361107
10.466304
10.558428
10.066613
10.164137
 9.777514
10.908023
10.757528
10.236241
 9.761098
10.551481
 9.965955
10.211443
10.315085
 9.569094
10.355667
10.800416
 9.713161
 9.684721
 9.728671
10.442006
10.366639
 9.537373
10.451989
10.197838
 9.951163
10.227729
 9.470647
 9.895864
10.072290
 9.502027
 9.436356
10.191436
 9.851415
 9.907901
10.237336
10.326517
 9.725509
10.239510
10.625598
 9.361107
10.466304
10.558428
10.066613
10.164137
 9.777514
10.908023
10.757528
10.236241
 9.761098
10.551481
 9.965955
10.211443
10.315085
 9.569094
10.355667
10.800416
 9.713161
