0.4654764
0.5099496
0.4680102
0.5021599
0.4937703
0.5105842
0.5406040
0.5498907
0.5116783
0.5451076
0.4947419
0.4961711
0.4889335
0.5111423
0.4899833
0.4992477
0.5034881
0.4601615
0.5080736
0.4910330
0.5182093
0.4878335
0.4856714
0.4993223
0.5044547
0.5332639
0.5103398
0.4873815
0.4688166
0.4984152
0.4757558
0.5185269
0.4838365
0.5088391
0.4941161
0.4707966
0.5292120
0.4685225
0.5089173
0.5113100
0.4654764
0.5099496
0.4680102
0.5021599
0.4937703
0.5105842
0.5406040
0.5498907
0.5116783
0.5451076
0.4947419
0.4961711
0.4889335
0.5111423
0.4899833
0.4992477
0.5034881
0.4601615
0.5080736
0.4910330
0.5182093
0.4878335
0.4856714
0.4993223
0.5044547
0.5332639
0.5103398
0.4873815
0.4688166
0.4984152
0.4757558
0.5185269
0.4838365
0.5088391
0.4941161
0.4707966
0.5292120
0.4685225
0.5089173
0.5113100
0.4654764
0.5099496
0.4680102
0.5021599
0.4937703
0.5105842
0.5406040
0.5498907
0.5116783
0.5451076
0.4947419
0.4961711
0.4889335
0.5111423
0.4899833
0.4992477
0.5034881
0.4601615
0.5080736
0.4910330
0.5182093
0.4878335
0.4856714
0.4993223
0.5044547
0.5332639
0.5103398
0.4873815
0.4688166
0.4984152
0.4757558
0.5185269
0.4838365
0.5088391
0.4941161
0.4707966
0.5292120
0.4685225
0.5089173
0.5113100
0.4654764
0.5099496
0.4680102
0.5021599
0.4937703
0.5105842
0.5406040
0.5498907
0.5116783
0.5451076
0.4947419
0.4961711
0.4889335
0.5111423
0.4899833
0.4992477
0.5034881
0.4601615
0.5080736
0.4910330
0.5182093
0.4878335
0.4856714
0.4993223
0.5044547
0.5332639
0.5103398
0.4873815
0.4688166
0.4984152
0.4757558
0.5185269
0.4838365
0.5088391
0.4941161
0.4707966
0.5292120
0.4685225
0.5089173
0.5113100
0.4654764
0.5099496
0.4680102
0.5021599
0.4937703
0.5105842
0.5406040
0.5498907
0.5116783
0.5451076
0.4947419
0.4961711
0.4889335
0.5111423
0.4899833
0.4992477
0.5034881
0.4601615
0.5080736
0.4910330
0.5182093
0.4878335
0.4856714
0.4993223
0.5044547
0.5332639
0.5103398
0.4873815
0.4688166
0.4984152
0.4757558
0.5185269
0.4838365
0.5088391
0.4941161
0.4707966
0.5292120
0.4685225
0.5089173
0.5113100
0.4654764
0.5099496
0.4680102
0.5021599
0.4937703
0.5105842
0.5406040
0.5498907
0.5116783
0.5451076
0.4947419
0.4961711
0.4889335
0.5111423
0.4899833
0.4992477
0.5034881
0.4601615
0.5080736
0.4910330
0.5182093
0.4878335
0.4856714
0.4993223
0.5044547
0.5332639
0.5103398
0.4873815
0.4688166
0.4984152
0.4757558
0.5185269
0.4838365
0.5088391
0.4941161
0.4707966
0.5292120
0.4685225
0.5089173
0.5113100
0.4654764
0.5099496
0.4680102
0.5021599
0.4937703
0.5105842
0.5406040
0.5498907
0.5116783
0.5451076
0.4947419
0.4961711
0.4889335
0.5111423
0.4899833
0.4992477
0.5034881
0.4601615
0.5080736
0.4910330
0.5182093
0.4878335
0.4856714
0.4993223
0.5044547
0.5332639
0.5103398
0.4873815
0.4688166
0.4984152
0.4757558
0.5185269
0.4838365
0.5088391
0.4941161
0.4707966
0.5292120
0.4685225
0.5089173
0.5113100
0.4654764
0.5099496
0.4680102
0.5021599
0.4937703
0.5105842
0.5406040
0.5498907
0.5116783
0.5451076
0.4947419
0.4961711
0.4889335
0.5111423
0.4899833
0.4992477
0.5034881
0.4601615
0.5080736
0.4910330
0.5182093
0.4878335
0.4856714
0.4993223
0.5044547
0.5332639
0.5103398
0.4873815
0.4688166
0.4984152
0.4757558
0.5185269
0.4838365
0.5088391
0.4941161
0.4707966
0.5292120
0.4685225
0.5089173
0.5113100
0.4654764
0.5099496
0.4680102
0.5021599
0.4937703
0.5105842
0.5406040
0.5498907
0.5116783
0.5451076
0.4947419
0.4961711
0.4889335
0.5111423
0.4899833
0.4992477
0.5034881
0.4601615
0.5080736
0.4910330
0.5182093
0.4878335
0.4856714
0.4993223
0.5044547
0.5332639
0.5103398
0.4873815
0.4688166
0.4984152
0.4757558
0.5185269
0.4838365
0.5088391
0.4941161
0.4707966
0.5292120
0.4685225
0.5089173
0.5113100
0.4654764
0.5099496
0.4680102
0.5021599
0.4937703
0.5105842
0.5406040
0.5498907
0.5116783
0.5451076
0.4947419
0.4961711
0.4889335
0.5111423
0.4899833
0.4992477
0.5034881
0.4601615
0.5080736
0.4910330
0.5182093
0.4878335
0.4856714
0.4993223
0.5044547
0.5332639
0.5103398
0.4873815
0.4688166
0.4984152
0.4757558
0.5185269
0.4838365
0.5088391
0.4941161
0.4707966
0.5292120
0.4685225
0.5089173
0.5113100
0.4654764
0.5099496
0.4680102
0.5021599
0.4937703
0.5105842
0.5406040
0.5498907
0.5116783
0.5451076
0.4947419
0.4961711
0.4889335
0.5111423
0.4899833
0.4992477
0.5034881
0.4601615
0.5080736
0.4910330
0.5182093
0.4878335
0.4856714
0.4993223
0.5044547
0.5332639
0.5103398
0.4873815
0.4688166
0.4984152
0.4757558
0.5185269
0.4838365
0.5088391
0.4941161
0.4707966
0.5292120
0.4685225
0.5089173
0.5113100
0.4654764
0.5099496
0.4680102
0.5021599
0.4937703
0.5105842
0.5406040
0.5498907
0.5116783
0.5451076
0.4947419
0.4961711
0.4889335
0.5111423
0.4899833
0.4992477
0.5034881
0.4601615
0.5080736
0.4910330
0.5182093
0.4878335
0.4856714
0.4993223
0.5044547
0.5332639
0.5103398
0.4873815
0.4688166
0.4984152
0.4757558
0.5185269
0.4838365
0.5088391
0.4941161
0.4707966
0.5292120
0.4685225
0.5089173
0.5113100
0.4654764
0.5099496
0.4680102
0.5021599
0.4937703
0.5105842
0.5406040
0.5498907
0.5116783
0.5451076
0.4947419
0.4961711
0.4889335
0.5111423
0.4899833
0.4992477
0.5034881
0.4601615
0.5080736
0.4910330
0.5182093
0.4878335
0.4856714
0.4993223
0.5044547
0.5332639
0.5103398
0.4873815
0.4688166
0.4984152
0.4757558
0.5185269
0.4838365
0.5088391
0.4941161
0.4707966
0.5292120
0.4685225
0.5089173
0.5113100
0.4654764
0.5099496
0.4680102
0.5021599
0.4937703
0.5105842
0.5406040
0.5498907
0.5116783
0.5451076
0.4947419
0.4961711
0.4889335
0.5111423
0.4899833
0.4992477
0.5034881
0.4601615
0.5080736
0.4910330
0.5182093
0.4878335
0.4856714
0.4993223
0.5044547
0.5332639
0.5103398
0.4873815
0.4688166
0.4984152
0.4757558
0.5185269
0.4838365
0.5088391
0.4941161
0.4707966
0.5292120
0.4685225
0.5089173
0.5113100
0.4654764
0.5099496
0.4680102
0.5021599
0.4937703
0.5105842
0.5406040
0.5498907
0.5116783
0.5451076
0.4947419
0.4961711
0.4889335
0.5111423
0.4899833
0.4992477
0.5034881
0.4601615
0.5080736
0.4910330
0.5182093
0.4878335
0.4856714
0.4993223
0.5044547
0.5332639
0.5103398
0.4873815
0.4688166
0.4984152
0.4757558
0.5185269
0.4838365
0.5088391
0.4941161
0.4707966
0.5292120
0.4685225
0.5089173
0.5113100
0.4654764
0.5099496
0.4680102
0.5021599
0.4937703
0.5105842
0.5406040
0.5498907
0.5116783
0.5451076
0.4947419
0.4961711
0.4889335
0.5111423
0.4899833
0.4992477
0.5034881
0.4601615
0.5080736
0.4910330
0.5182093
0.4878335
0.4856714
0.4993223
0.5044547
0.5332639
0.5103398
0.4873815
0.4688166
0.4984152
0.4757558
0.5185269
0.4838365
0.5088391
0.4941161
0.4707966
0.5292120
0.4685225
0.5089173
0.5113100
0.4654764
0.5099496
0.4680102
0.5021599
0.4937703
0.5105842
0.5406040
0.5498907
0.5116783
0.5451076
0.4947419
0.4961711
0.4889335
0.5111423
0.4899833
0.4992477
0.5034881
0.4601615
0.5080736
0.4910330
0.5182093
0.4878335
0.4856714
0.4993223
0.5044547
0.5332639
0.5103398
0.4873815
0.4688166
0.4984152
0.4757558
0.5185269
0.4838365
0.5088391
0.4941161
0.4707966
0.5292120
0.4685225
0.5089173
0.5113100
0.4654764
0.5099496
0.4680102
0.5021599
0.4937703
0.5105842
0.5406040
0.5498907
0.5116783
0.5451076
0.4947419
0.4961711
0.4889335
0.5111423
0.4899833
0.4992477
0.5034881
0.4601615
0.5080736
0.4910330
0.5182093
0.4878335
0.4856714
0.4993223
0.5044547
0.5332639
0.5103398
0.4873815
0.4688166
0.4984152
0.4757558
0.5185269
0.4838365
0.5088391
0.4941161
0.4707966
0.5292120
0.4685225
0.5089173
0.5113100
0.4654764
0.5099496
0.4680102
0.5021599
0.4937703
0.5105842
0.5406040
0.5498907
0.5116783
0.5451076
0.4947419
0.4961711
0.4889335
0.5111423
0.4899833
0.4992477
0.5034881
0.4601615
0.5080736
0.4910330
0.5182093
0.4878335
0.4856714
0.4993223
0.5044547
0.5332639
0.5103398
0.4873815
0.4688166
0.4984152
0.4757558
0.5185269
0.4838365
0.5088391
0.4941161
0.4707966
0.5292120
0.4685225
0.5089173
0.5113100
0.4654764
0.5099496
0.4680102
0.5021599
0.4937703
0.5105842
0.5406040
0.5498907
0.5116783
0.5451076
0.4947419
0.4961711
0.4889335
0.5111423
0.4899833
0.4992477
0.5034881
0.4601615
0.5080736
0.4910330
0.5182093
0.4878335
0.4856714
0.4993223
0.5044547
0.5332639
0.5103398
0.4873815
0.4688166
0.4984152
0.4757558
0.5185269
0.4838365
0.5088391
0.4941161
0.4707966
0.5292120
0.4685225
0.5089173
0.5113100
0.4654764
0.5099496
0.4680102
0.5021599
0.4937703
0.5105842
0.5406040
0.5498907
0.5116783
0.5451076
0.4947419
0.4961711
0.4889335
0.5111423
0.4899833
0.4992477
0.5034881
0.4601615
0.5080736
0.4910330
0.5182093
0.4878335
0.4856714
0.4993223
0.5044547
0.5332639
0.5103398
0.4873815
0.4688166
0.4984152
0.4757558
0.5185269
0.4838365
0.5088391
0.4941161
0.4707966
0.5292120
0.4685225
0.5089173
0.5113100
0.4654764
0.5099496
0.4680102
0.5021599
0.4937703
0.5105842
0.5406040
0.5498907
0.5116783
0.5451076
0.4947419
0.4961711
0.4889335
0.5111423
0.4899833
0.4992477
0.5034881
0.4601615
0.5080736
0.4910330
0.5182093
0.4878335
0.4856714
0.4993223
0.5044547
0.5332639
0.5103398
0.4873815
0.4688166
0.4984152
0.4757558
0.5185269
0.4838365
0.5088391
0.4941161
0.4707966
0.5292120
0.4685225
0.5089173
0.5113100
0.4654764
0.5099496
0.4680102
0.5021599
0.4937703
0.5105842
0.5406040
0.5498907
0.5116783
0.5451076
0.4947419
0.4961711
0.4889335
0.5111423
0.4899833
0.4992477
0.5034881
0.4601615
0.5080736
0.4910330
0.5182093
0.4878335
0.4856714
0.4993223
0.5044547
0.5332639
0.5103398
0.4873815
0.4688166
0.4984152
0.4757558
0.5185269
0.4838365
0.5088391
0.4941161
0.4707966
0.5292120
0.4685225
0.5089173
0.5113100
0.4654764
0.5099496
0.4680102
0.5021599
0.4937703
0.5105842
0.5406040
0.5498907
0.5116783
0.5451076
0.4947419
0.4961711
0.4889335
0.5111423
0.4899833
0.4992477
0.5034881
0.4601615
0.5080736
0.4910330
0.5182093
0.4878335
0.4856714
0.4993223
0.5044547
0.5332639
0.5103398
0.4873815
0.4688166
0.4984152
0.4757558
0.5185269
0.4838365
0.5088391
0.4941161
0.4707966
0.5292120
0.4685225
0.5089173
0.5113100
0.4654764
0.5099496
0.4680102
0.5021599
0.4937703
0.5105842
0.5406040
0.5498907
0.5116783
0.5451076
0.4947419
0.4961711
0.4889335
0.5111423
0.4899833
0.4992477
0.5034881
0.4601615
0.5080736
0.4910330
0.5182093
0.4878335
0.4856714
0.4993223
0.5044547
0.5332639
0.5103398
0.4873815
0.4688166
0.4984152
0.4757558
0.5185269
0.4838365
0.5088391
0.4941161
0.4707966
0.5292120
0.4685225
0.5089173
0.5113100
0.4654764
0.5099496
0.4680102
0.5021599
0.4937703
0.5105842
0.5406040
0.5498907
0.5116783
0.5451076
0.4947419
0.4961711
0.4889335
0.5111423
0.4899833
0.4992477
0.5034881
0.4601615
0.5080736
0.4910330
0.5182093
0.4878335
0.4856714
0.4993223
0.5044547
0.5332639
0.5103398
0.4873815
0.4688166
0.4984152
0.4757558
0.5185269
0.4838365
0.5088391
0.4941161
0.4707966
0.5292120
0.4685225
0.5089173
0.5113100
0.4654764
0.5099496
0.4680102
0.5021599
0.4937703
0.5105842
0.5406040
0.5498907
0.5116783
0.5451076
0.4947419
0.4961711
0.4889335
0.5111423
0.4899833
0.4992477
0.5034881
0.4601615
0.5080736
0.4910330
0.5182093
0.4878335
0.4856714
0.4993223
0.5044547
0.5332639
0.5103398
0.4873815
0.4688166
0.4984152
0.4757558
0.5185269
0.4838365
0.5088391
0.4941161
0.4707966
0.5292120
0.4685225
0.5089173
0.5113100
0.4654764
0.5099496
0.4680102
0.5021599
0.4937703
0.5105842
0.5406040
0.5498907
0.5116783
0.5451076
0.4947419
0.4961711
0.4889335
0.5111423
0.4899833
0.4992477
0.5034881
0.4601615
0.5080736
0.4910330
0.5182093
0.4878335
0.4856714
0.4993223
0.5044547
0.5332639
0.5103398
0.4873815
0.4688166
0.4984152
0.4757558
0.5185269
0.4838365
0.5088391
0.4941161
0.4707966
0.5292120
0.4685225
0.5089173
0.5113100
0.4654764
0.5099496
0.4680102
0.5021599
0.4937703
0.5105842
0.5406040
0.5498907
0.5116783
0.5451076
0.4947419
0.4961711
0.4889335
0.5111423
0.4899833
0.4992477
0.5034881
0.4601615
0.5080736
0.4910330
0.5182093
0.4878335
0.4856714
0.4993223
0.5044547
0.5332639
0.5103398
0.4873815
0.4688166
0.4984152
0.4757558
0.5185269
0.4838365
0.5088391
0.4941161
0.4707966
0.5292120
0.4685225
0.5089173
0.5113100
0.4654764
0.5099496
0.4680102
0.5021599
0.4937703
0.5105842
0.5406040
0.5498907
0.5116783
0.5451076
0.4947419
0.4961711
0.4889335
0.5111423
0.4899833
0.4992477
0.5034881
0.4601615
0.5080736
0.4910330
0.5182093
0.4878335
0.4856714
0.4993223
0.5044547
0.5332639
0.5103398
0.4873815
0.4688166
0.4984152
0.4757558
0.5185269
0.4838365
0.5088391
0.4941161
0.4707966
0.5292120
0.4685225
0.5089173
0.5113100
0.4654764
0.5099496
0.4680102
0.5021599
0.4937703
0.5105842
0.5406040
0.5498907
0.5116783
0.5451076
0.4947419
0.4961711
0.4889335
0.5111423
0.4899833
0.4992477
0.5034881
0.4601615
0.5080736
0.4910330
0.5182093
0.4878335
0.4856714
0.4993223
0.5044547
0.5332639
0.5103398
0.4873815
0.4688166
0.4984152
0.4757558
0.5185269
0.4838365
0.5088391
0.4941161
0.4707966
0.5292120
0.4685225
0.5089173
0.5113100
0.4654764
0.5099496
0.4680102
0.5021599
0.4937703
0.5105842
0.5406040
0.5498907
0.5116783
0.5451076
0.4947419
0.4961711
0.4889335
0.5111423
0.4899833
0.4992477
0.5034881
0.4601615
0.5080736
0.4910330
0.5182093
0.4878335
0.4856714
0.4993223
0.5044547
0.5332639
0.5103398
0.4873815
0.4688166
0.4984152
0.4757558
0.5185269
0.4838365
0.5088391
0.4941161
0.4707966
0.5292120
0.4685225
0.5089173
0.5113100
0.4654764
0.5099496
0.4680102
0.5021599
0.4937703
0.5105842
0.5406040
0.5498907
0.5116783
0.5451076
0.4947419
0.4961711
0.4889335
0.5111423
0.4899833
0.4992477
0.5034881
0.4601615
0.5080736
0.4910330
0.5182093
0.4878335
0.4856714
0.4993223
0.5044547
0.5332639
0.5103398
0.4873815
0.4688166
0.4984152
0.4757558
0.5185269
0.4838365
0.5088391
0.4941161
0.4707966
0.5292120
0.4685225
0.5089173
0.5113100
0.4654764
0.5099496
0.4680102
0.5021599
0.4937703
0.5105842
0.5406040
0.5498907
0.5116783
0.5451076
0.4947419
0.4961711
0.4889335
0.5111423
0.4899833
0.4992477
0.5034881
0.4601615
0.5080736
0.4910330
0.5182093
0.4878335
0.4856714
0.4993223
0.5044547
0.5332639
0.5103398
0.4873815
0.4688166
0.4984152
0.4757558
0.5185269
0.4838365
0.5088391
0.4941161
0.4707966
0.5292120
0.4685225
0.5089173
0.5113100
0.4654764
0.5099496
0.4680102
0.5021599
0.4937703
0.5105842
0.5406040
0.5498907
0.5116783
0.5451076
0.4947419
0.4961711
0.4889335
0.5111423
0.4899833
0.4992477
0.5034881
0.4601615
0.5080736
0.4910330
0.5182093
0.4878335
0.4856714
0.4993223
0.5044547
0.5332639
0.5103398
0.4873815
0.4688166
0.4984152
0.4757558
0.5185269
0.4838365
0.5088391
0.4941161
0.4707966
0.5292120
0.4685225
0.5089173
0.5113100
0.4654764
0.5099496
0.4680102
0.5021599
0.4937703
0.5105842
0.5406040
0.5498907
0.5116783
0.5451076
0.4947419
0.4961711
0.4889335
0.5111423
0.4899833
0.4992477
0.5034881
0.4601615
0.5080736
0.4910330
0.5182093
0.4878335
0.4856714
0.4993223
0.5044547
0.5332639
0.5103398
0.4873815
0.4688166
0.4984152
0.4757558
0.5185269
0.4838365
0.5088391
0.4941161
0.4707966
0.5292120
0.4685225
0.5089173
0.5113100
0.4654764
0.5099496
0.4680102
0.5021599
0.4937703
0.5105842
0.5406040
0.5498907
0.5116783
0.5451076
0.4947419
0.4961711
0.4889335
0.5111423
0.4899833
0.4992477
0.5034881
0.4601615
0.5080736
0.4910330
0.5182093
0.4878335
0.4856714
0.4993223
0.5044547
0.5332639
0.5103398
0.4873815
0.4688166
0.4984152
0.4757558
0.5185269
0.4838365
0.5088391
0.4941161
0.4707966
0.5292120
0.4685225
0.5089173
0.5113100
0.4654764
0.5099496
0.4680102
0.5021599
0.4937703
0.5105842
0.5406040
0.5498907
0.5116783
0.5451076
0.4947419
0.4961711
0.4889335
0.5111423
0.4899833
0.4992477
0.5034881
0.4601615
0.5080736
0.4910330
0.5182093
0.4878335
0.4856714
0.4993223
0.5044547
0.5332639
0.5103398
0.4873815
0.4688166
0.4984152
0.4757558
0.5185269
0.4838365
0.5088391
0.4941161
0.4707966
0.5292120
0.4685225
0.5089173
0.5113100
0.4654764
0.5099496
0.4680102
0.5021599
0.4937703
0.5105842
0.5406040
0.5498907
0.5116783
0.5451076
0.4947419
0.4961711
0.4889335
0.5111423
0.4899833
0.4992477
0.5034881
0.4601615
0.5080736
0.4910330
0.5182093
0.4878335
0.4856714
0.4993223
0.5044547
0.5332639
0.5103398
0.4873815
0.4688166
0.4984152
0.4757558
0.5185269
0.4838365
0.5088391
0.4941161
0.4707966
0.5292120
0.4685225
0.5089173
0.5113100
0.4654764
0.5099496
0.4680102
0.5021599
0.4937703
0.5105842
0.5406040
0.5498907
0.5116783
0.5451076
0.4947419
0.4961711
0.4889335
0.5111423
0.4899833
0.4992477
0.5034881
0.4601615
0.5080736
0.4910330
0.5182093
0.4878335
0.4856714
0.4993223
0.5044547
0.5332639
0.5103398
0.4873815
0.4688166
0.4984152
0.4757558
0.5185269
0.4838365
0.5088391
0.4941161
0.4707966
0.5292120
0.4685225
0.5089173
0.5113100
0.4654764
0.5099496
0.4680102
0.5021599
0.4937703
0.5105842
0.5406040
0.5498907
0.5116783
0.5451076
0.4947419
0.4961711
0.4889335
0.5111423
0.4899833
0.4992477
0.5034881
0.4601615
0.5080736
0.4910330
0.5182093
0.4878335
0.4856714
0.4993223
0.5044547
0.5332639
0.5103398
0.4873815
0.4688166
0.4984152
0.4757558
0.5185269
0.4838365
0.5088391
0.4941161
0.4707966
0.5292120
0.4685225
0.5089173
0.5113100
0.4654764
0.5099496
0.4680102
0.5021599
0.4937703
0.5105842
0.5406040
0.5498907
0.5116783
0.5451076
0.4947419
0.4961711
0.4889335
0.5111423
0.4899833
0.4992477
0.5034881
0.4601615
0.5080736
0.4910330
0.5182093
0.4878335
0.4856714
0.4993223
0.5044547
0.5332639
0.5103398
0.4873815
0.4688166
0.4984152
0.4757558
0.5185269
0.4838365
0.5088391
0.4941161
0.4707966
0.5292120
0.4685225
0.5089173
0.5113100
0.4654764
0.5099496
0.4680102
0.5021599
0.4937703
0.5105842
0.5406040
0.5498907
0.5116783
0.5451076
0.4947419
0.4961711
0.4889335
0.5111423
0.4899833
0.4992477
0.5034881
0.4601615
0.5080736
0.4910330
0.5182093
0.4878335
0.4856714
0.4993223
0.5044547
0.5332639
0.5103398
0.4873815
0.4688166
0.4984152
0.4757558
0.5185269
0.4838365
0.5088391
0.4941161
0.4707966
0.5292120
0.4685225
0.5089173
0.5113100
0.4654764
0.5099496
0.4680102
0.5021599
0.4937703
0.5105842
0.5406040
0.5498907
0.5116783
0.5451076
0.4947419
0.4961711
0.4889335
0.5111423
0.4899833
0.4992477
0.5034881
0.4601615
0.5080736
0.4910330
0.5182093
0.4878335
0.4856714
0.4993223
0.5044547
0.5332639
0.5103398
0.4873815
0.4688166
0.4984152
0.4757558
0.5185269
0.4838365
0.5088391
0.4941161
0.4707966
0.5292120
0.4685225
0.5089173
0.5113100
0.4654764
0.5099496
0.4680102
0.5021599
0.4937703
0.5105842
0.5406040
0.5498907
0.5116783
0.5451076
0.4947419
0.4961711
0.4889335
0.5111423
0.4899833
0.4992477
0.5034881
0.4601615
0.5080736
0.4910330
0.5182093
0.4878335
0.4856714
0.4993223
0.5044547
0.5332639
0.5103398
0.4873815
0.4688166
0.4984152
0.4757558
0.5185269
0.4838365
0.5088391
0.4941161
0.4707966
0.5292120
0.4685225
0.5089173
0.5113100
0.4654764
0.5099496
0.4680102
0.5021599
0.4937703
0.5105842
0.5406040
0.5498907
0.5116783
0.5451076
0.4947419
0.4961711
0.4889335
0.5111423
0.4899833
0.4992477
0.5034881
0.4601615
0.5080736
0.4910330
0.5182093
0.4878335
0.4856714
0.4993223
0.5044547
0.5332639
0.5103398
0.4873815
0.4688166
0.4984152
0.4757558
0.5185269
0.4838365
0.5088391
0.4941161
0.4707966
0.5292120
0.4685225
0.5089173
0.5113100
0.4654764
0.5099496
0.4680102
0.5021599
0.4937703
0.5105842
0.5406040
0.5498907
0.5116783
0.5451076
0.4947419
0.4961711
0.4889335
0.5111423
0.4899833
0.4992477
0.5034881
0.4601615
0.5080736
0.4910330
0.5182093
0.4878335
0.4856714
0.4993223
0.5044547
0.5332639
0.5103398
0.4873815
0.4688166
0.4984152
0.4757558
0.5185269
0.4838365
0.5088391
0.4941161
0.4707966
0.5292120
0.4685225
0.5089173
0.5113100
0.4654764
0.5099496
0.4680102
0.5021599
0.4937703
0.5105842
0.5406040
0.5498907
0.5116783
0.5451076
0.4947419
0.4961711
0.4889335
0.5111423
0.4899833
0.4992477
0.5034881
0.4601615
0.5080736
0.4910330
0.5182093
0.4878335
0.4856714
0.4993223
0.5044547
0.5332639
0.5103398
0.4873815
0.4688166
0.4984152
0.4757558
0.5185269
0.4838365
0.5088391
0.4941161
0.4707966
0.5292120
0.4685225
0.5089173
0.5113100
0.4654764
0.5099496
0.4680102
0.5021599
0.4937703
0.5105842
0.5406040
0.5498907
0.5116783
0.5451076
0.4947419
0.4961711
0.4889335
0.5111423
0.4899833
0.4992477
0.5034881
0.4601615
0.5080736
0.4910330
0.5182093
0.4878335
0.4856714
0.4993223
0.5044547
0.5332639
0.5103398
0.4873815
0.4688166
0.4984152
0.4757558
0.5185269
0.4838365
0.5088391
0.4941161
0.4707966
0.5292120
0.4685225
0.5089173
0.5113100
0.4654764
0.5099496
0.4680102
0.5021599
0.4937703
0.5105842
0.5406040
0.5498907
0.5116783
0.5451076
0.4947419
0.4961711
0.4889335
0.5111423
0.4899833
0.4992477
0.5034881
0.4601615
0.5080736
0.4910330
0.5182093
0.4878335
0.4856714
0.4993223
0.5044547
0.5332639
0.5103398
0.4873815
0.4688166
0.4984152
0.4757558
0.5185269
0.4838365
0.5088391
0.4941161
0.4707966
0.5292120
0.4685225
0.5089173
0.5113100
