0.9895175
1.0555193
0.9654727
0.9247777
0.9918121
0.9647237
0.9921010
0.9976143
0.9632606
1.0049194
1.0223352
1.0547412
1.0228486
1.0481334
0.9914400
0.9966092
0.9685650
1.0993205
1.0537638
1.0235438
0.9963492
0.9735188
0.9991499
0.9438235
1.0174105
1.0275881
0.9066182
0.9545329
0.9871848
0.9147538
1.0482319
1.0592462
1.0597010
0.9635897
0.9126832
1.0528635
1.0179608
1.0401930
0.9946460
1.0611757
0.9895175
1.0555193
0.9654727
0.9247777
0.9918121
0.9647237
0.9921010
0.9976143
0.9632606
1.0049194
1.0223352
1.0547412
1.0228486
1.0481334
0.9914400
0.9966092
0.9685650
1.0993205
1.0537638
1.0235438
0.9963492
0.9735188
0.9991499
0.9438235
1.0174105
1.0275881
0.9066182
0.9545329
0.9871848
0.9147538
1.0482319
1.0592462
1.0597010
0.9635897
0.9126832
1.0528635
1.0179608
1.0401930
0.9946460
1.0611757
0.9895175
1.0555193
0.9654727
0.9247777
0.9918121
0.9647237
0.9921010
0.9976143
0.9632606
1.0049194
1.0223352
1.0547412
1.0228486
1.0481334
0.9914400
0.9966092
0.9685650
1.0993205
1.0537638
1.0235438
0.9963492
0.9735188
0.9991499
0.9438235
1.0174105
1.0275881
0.9066182
0.9545329
0.9871848
0.9147538
1.0482319
1.0592462
1.0597010
0.9635897
0.9126832
1.0528635
1.0179608
1.0401930
0.9946460
1.0611757
0.9895175
1.0555193
0.9654727
0.9247777
0.9918121
0.9647237
0.9921010
0.9976143
0.9632606
1.0049194
1.0223352
1.0547412
1.0228486
1.0481334
0.9914400
0.9966092
0.9685650
1.0993205
1.0537638
1.0235438
0.9963492
0.9735188
0.9991499
0.9438235
1.0174105
1.0275881
0.9066182
0.9545329
0.9871848
0.9147538
1.0482319
1.0592462
1.0597010
0.9635897
0.9126832
1.0528635
1.0179608
1.0401930
0.9946460
1.0611757
0.9895175
1.0555193
0.9654727
0.9247777
0.9918121
0.9647237
0.9921010
0.9976143
0.9632606
1.0049194
1.0223352
1.0547412
1.0228486
1.0481334
0.9914400
0.9966092
0.9685650
1.0993205
1.0537638
1.0235438
0.9963492
0.9735188
0.9991499
0.9438235
1.0174105
1.0275881
0.9066182
0.9545329
0.9871848
0.9147538
1.0482319
1.0592462
1.0597010
0.9635897
0.9126832
1.0528635
1.0179608
1.0401930
0.9946460
1.0611757
0.9895175
1.0555193
0.9654727
0.9247777
0.9918121
0.9647237
0.9921010
0.9976143
0.9632606
1.0049194
1.0223352
1.0547412
1.0228486
1.0481334
0.9914400
0.9966092
0.9685650
1.0993205
1.0537638
1.0235438
0.9963492
0.9735188
0.9991499
0.9438235
1.0174105
1.0275881
0.9066182
0.9545329
0.9871848
0.9147538
1.0482319
1.0592462
1.0597010
0.9635897
0.9126832
1.0528635
1.0179608
1.0401930
0.9946460
1.0611757
0.9895175
1.0555193
0.9654727
0.9247777
0.9918121
0.9647237
0.9921010
0.9976143
0.9632606
1.0049194
1.0223352
1.0547412
1.0228486
1.0481334
0.9914400
0.9966092
0.9685650
1.0993205
1.0537638
1.0235438
0.9963492
0.9735188
0.9991499
0.9438235
1.0174105
1.0275881
0.9066182
0.9545329
0.9871848
0.9147538
1.0482319
1.0592462
1.0597010
0.9635897
0.9126832
1.0528635
1.0179608
1.0401930
0.9946460
1.0611757
0.9895175
1.0555193
0.9654727
0.9247777
0.9918121
0.9647237
0.9921010
0.9976143
0.9632606
1.0049194
1.0223352
1.0547412
1.0228486
1.0481334
0.9914400
0.9966092
0.9685650
1.0993205
1.0537638
1.0235438
0.9963492
0.9735188
0.9991499
0.9438235
1.0174105
1.0275881
0.9066182
0.9545329
0.9871848
0.9147538
1.0482319
1.0592462
1.0597010
0.9635897
0.9126832
1.0528635
1.0179608
1.0401930
0.9946460
1.0611757
0.9895175
1.0555193
0.9654727
0.9247777
0.9918121
0.9647237
0.9921010
0.9976143
0.9632606
1.0049194
1.0223352
1.0547412
1.0228486
1.0481334
0.9914400
0.9966092
0.9685650
1.0993205
1.0537638
1.0235438
0.9963492
0.9735188
0.9991499
0.9438235
1.0174105
1.0275881
0.9066182
0.9545329
0.9871848
0.9147538
1.0482319
1.0592462
1.0597010
0.9635897
0.9126832
1.0528635
1.0179608
1.0401930
0.9946460
1.0611757
0.9895175
1.0555193
0.9654727
0.9247777
0.9918121
0.9647237
0.9921010
0.9976143
0.9632606
1.0049194
1.0223352
1.0547412
1.0228486
1.0481334
0.9914400
0.9966092
0.9685650
1.0993205
1.0537638
1.0235438
0.9963492
0.9735188
0.9991499
0.9438235
1.0174105
1.0275881
0.9066182
0.9545329
0.9871848
0.9147538
1.0482319
1.0592462
1.0597010
0.9635897
0.9126832
1.0528635
1.0179608
1.0401930
0.9946460
1.0611757
0.9895175
1.0555193
0.9654727
0.9247777
0.9918121
0.9647237
0.9921010
0.9976143
0.9632606
1.0049194
1.0223352
1.0547412
1.0228486
1.0481334
0.9914400
0.9966092
0.9685650
1.0993205
1.0537638
1.0235438
0.9963492
0.9735188
0.9991499
0.9438235
1.0174105
1.0275881
0.9066182
0.9545329
0.9871848
0.9147538
1.0482319
1.0592462
1.0597010
0.9635897
0.9126832
1.0528635
1.0179608
1.0401930
0.9946460
1.0611757
0.9895175
1.0555193
0.9654727
0.9247777
0.9918121
0.9647237
0.9921010
0.9976143
0.9632606
1.0049194
1.0223352
1.0547412
1.0228486
1.0481334
0.9914400
0.9966092
0.9685650
1.0993205
1.0537638
1.0235438
0.9963492
0.9735188
0.9991499
0.9438235
1.0174105
1.0275881
0.9066182
0.9545329
0.9871848
0.9147538
1.0482319
1.0592462
1.0597010
0.9635897
0.9126832
1.0528635
1.0179608
1.0401930
0.9946460
1.0611757
0.9895175
1.0555193
0.9654727
0.9247777
0.9918121
0.9647237
0.9921010
0.9976143
0.9632606
1.0049194
1.0223352
1.0547412
1.0228486
1.0481334
0.9914400
0.9966092
0.9685650
1.0993205
1.0537638
1.0235438
0.9963492
0.9735188
0.9991499
0.9438235
1.0174105
1.0275881
0.9066182
0.9545329
0.9871848
0.9147538
1.0482319
1.0592462
1.0597010
0.9635897
0.9126832
1.0528635
1.0179608
1.0401930
0.9946460
1.0611757
0.9895175
1.0555193
0.9654727
0.9247777
0.9918121
0.9647237
0.9921010
0.9976143
0.9632606
1.0049194
1.0223352
1.0547412
1.0228486
1.0481334
0.9914400
0.9966092
0.9685650
1.0993205
1.0537638
1.0235438
0.9963492
0.9735188
0.9991499
0.9438235
1.0174105
1.0275881
0.9066182
0.9545329
0.9871848
0.9147538
1.0482319
1.0592462
1.0597010
0.9635897
0.9126832
1.0528635
1.0179608
1.0401930
0.9946460
1.0611757
0.9895175
1.0555193
0.9654727
0.9247777
0.9918121
0.9647237
0.9921010
0.9976143
0.9632606
1.0049194
1.0223352
1.0547412
1.0228486
1.0481334
0.9914400
0.9966092
0.9685650
1.0993205
1.0537638
1.0235438
0.9963492
0.9735188
0.9991499
0.9438235
1.0174105
1.0275881
0.9066182
0.9545329
0.9871848
0.9147538
1.0482319
1.0592462
1.0597010
0.9635897
0.9126832
1.0528635
1.0179608
1.0401930
0.9946460
1.0611757
0.9895175
1.0555193
0.9654727
0.9247777
0.9918121
0.9647237
0.9921010
0.9976143
0.9632606
1.0049194
1.0223352
1.0547412
1.0228486
1.0481334
0.9914400
0.9966092
0.9685650
1.0993205
1.0537638
1.0235438
0.9963492
0.9735188
0.9991499
0.9438235
1.0174105
1.0275881
0.9066182
0.9545329
0.9871848
0.9147538
1.0482319
1.0592462
1.0597010
0.9635897
0.9126832
1.0528635
1.0179608
1.0401930
0.9946460
1.0611757
0.9895175
1.0555193
0.9654727
0.9247777
0.9918121
0.9647237
0.9921010
0.9976143
0.9632606
1.0049194
1.0223352
1.0547412
1.0228486
1.0481334
0.9914400
0.9966092
0.9685650
1.0993205
1.0537638
1.0235438
0.9963492
0.9735188
0.9991499
0.9438235
1.0174105
1.0275881
0.9066182
0.9545329
0.9871848
0.9147538
1.0482319
1.0592462
1.0597010
0.9635897
0.9126832
1.0528635
1.0179608
1.0401930
0.9946460
1.0611757
0.9895175
1.0555193
0.9654727
0.9247777
0.9918121
0.9647237
0.9921010
0.9976143
0.9632606
1.0049194
1.0223352
1.0547412
1.0228486
1.0481334
0.9914400
0.9966092
0.9685650
1.0993205
1.0537638
1.0235438
0.9963492
0.9735188
0.9991499
0.9438235
1.0174105
1.0275881
0.9066182
0.9545329
0.9871848
0.9147538
1.0482319
1.0592462
1.0597010
0.9635897
0.9126832
1.0528635
1.0179608
1.0401930
0.9946460
1.0611757
0.9895175
1.0555193
0.9654727
0.9247777
0.9918121
0.9647237
0.9921010
0.9976143
0.9632606
1.0049194
1.0223352
1.0547412
1.0228486
1.0481334
0.9914400
0.9966092
0.9685650
1.0993205
1.0537638
1.0235438
0.9963492
0.9735188
0.9991499
0.9438235
1.0174105
1.0275881
0.9066182
0.9545329
0.9871848
0.9147538
1.0482319
1.0592462
1.0597010
0.9635897
0.9126832
1.0528635
1.0179608
1.0401930
0.9946460
1.0611757
0.9895175
1.0555193
0.9654727
0.9247777
0.9918121
0.9647237
0.9921010
0.9976143
0.9632606
1.0049194
1.0223352
1.0547412
1.0228486
1.0481334
0.9914400
0.9966092
0.9685650
1.0993205
1.0537638
1.0235438
0.9963492
0.9735188
0.9991499
0.9438235
1.0174105
1.0275881
0.9066182
0.9545329
0.9871848
0.9147538
1.0482319
1.0592462
1.0597010
0.9635897
0.9126832
1.0528635
1.0179608
1.0401930
0.9946460
1.0611757
0.9895175
1.0555193
0.9654727
0.9247777
0.9918121
0.9647237
0.9921010
0.9976143
0.9632606
1.0049194
1.0223352
1.0547412
1.0228486
1.0481334
0.9914400
0.9966092
0.9685650
1.0993205
1.0537638
1.0235438
0.9963492
0.9735188
0.9991499
0.9438235
1.0174105
1.0275881
0.9066182
0.9545329
0.9871848
0.9147538
1.0482319
1.0592462
1.0597010
0.9635897
0.9126832
1.0528635
1.0179608
1.0401930
0.9946460
1.0611757
0.9895175
1.0555193
0.9654727
0.9247777
0.9918121
0.9647237
0.9921010
0.9976143
0.9632606
1.0049194
1.0223352
1.0547412
1.0228486
1.0481334
0.9914400
0.9966092
0.9685650
1.0993205
1.0537638
1.0235438
0.9963492
0.9735188
0.9991499
0.9438235
1.0174105
1.0275881
0.9066182
0.9545329
0.9871848
0.9147538
1.0482319
1.0592462
1.0597010
0.9635897
0.9126832
1.0528635
1.0179608
1.0401930
0.9946460
1.0611757
0.9895175
1.0555193
0.9654727
0.9247777
0.9918121
0.9647237
0.9921010
0.9976143
0.9632606
1.0049194
1.0223352
1.0547412
1.0228486
1.0481334
0.9914400
0.9966092
0.9685650
1.0993205
1.0537638
1.0235438
0.9963492
0.9735188
0.9991499
0.9438235
1.0174105
1.0275881
0.9066182
0.9545329
0.9871848
0.9147538
1.0482319
1.0592462
1.0597010
0.9635897
0.9126832
1.0528635
1.0179608
1.0401930
0.9946460
1.0611757
0.9895175
1.0555193
0.9654727
0.9247777
0.9918121
0.9647237
0.9921010
0.9976143
0.9632606
1.0049194
1.0223352
1.0547412
1.0228486
1.0481334
0.9914400
0.9966092
0.9685650
1.0993205
1.0537638
1.0235438
0.9963492
0.9735188
0.9991499
0.9438235
1.0174105
1.0275881
0.9066182
0.9545329
0.9871848
0.9147538
1.0482319
1.0592462
1.0597010
0.9635897
0.9126832
1.0528635
1.0179608
1.0401930
0.9946460
1.0611757
0.9895175
1.0555193
0.9654727
0.9247777
0.9918121
0.9647237
0.9921010
0.9976143
0.9632606
1.0049194
1.0223352
1.0547412
1.0228486
1.0481334
0.9914400
0.9966092
0.9685650
1.0993205
1.0537638
1.0235438
0.9963492
0.9735188
0.9991499
0.9438235
1.0174105
1.0275881
0.9066182
0.9545329
0.9871848
0.9147538
1.0482319
1.0592462
1.0597010
0.9635897
0.9126832
1.0528635
1.0179608
1.0401930
0.9946460
1.0611757
0.9895175
1.0555193
0.9654727
0.9247777
0.9918121
0.9647237
0.9921010
0.9976143
0.9632606
1.0049194
1.0223352
1.0547412
1.0228486
1.0481334
0.9914400
0.9966092
0.9685650
1.0993205
1.0537638
1.0235438
0.9963492
0.9735188
0.9991499
0.9438235
1.0174105
1.0275881
0.9066182
0.9545329
0.9871848
0.9147538
1.0482319
1.0592462
1.0597010
0.9635897
0.9126832
1.0528635
1.0179608
1.0401930
0.9946460
1.0611757
0.9895175
1.0555193
0.9654727
0.9247777
0.9918121
0.9647237
0.9921010
0.9976143
0.9632606
1.0049194
1.0223352
1.0547412
1.0228486
1.0481334
0.9914400
0.9966092
0.9685650
1.0993205
1.0537638
1.0235438
0.9963492
0.9735188
0.9991499
0.9438235
1.0174105
1.0275881
0.9066182
0.9545329
0.9871848
0.9147538
1.0482319
1.0592462
1.0597010
0.9635897
0.9126832
1.0528635
1.0179608
1.0401930
0.9946460
1.0611757
0.9895175
1.0555193
0.9654727
0.9247777
0.9918121
0.9647237
0.9921010
0.9976143
0.9632606
1.0049194
1.0223352
1.0547412
1.0228486
1.0481334
0.9914400
0.9966092
0.9685650
1.0993205
1.0537638
1.0235438
0.9963492
0.9735188
0.9991499
0.9438235
1.0174105
1.0275881
0.9066182
0.9545329
0.9871848
0.9147538
1.0482319
1.0592462
1.0597010
0.9635897
0.9126832
1.0528635
1.0179608
1.0401930
0.9946460
1.0611757
0.9895175
1.0555193
0.9654727
0.9247777
0.9918121
0.9647237
0.9921010
0.9976143
0.9632606
1.0049194
1.0223352
1.0547412
1.0228486
1.0481334
0.9914400
0.9966092
0.9685650
1.0993205
1.0537638
1.0235438
0.9963492
0.9735188
0.9991499
0.9438235
1.0174105
1.0275881
0.9066182
0.9545329
0.9871848
0.9147538
1.0482319
1.0592462
1.0597010
0.9635897
0.9126832
1.0528635
1.0179608
1.0401930
0.9946460
1.0611757
0.9895175
1.0555193
0.9654727
0.9247777
0.9918121
0.9647237
0.9921010
0.9976143
0.9632606
1.0049194
1.0223352
1.0547412
1.0228486
1.0481334
0.9914400
0.9966092
0.9685650
1.0993205
1.0537638
1.0235438
0.9963492
0.9735188
0.9991499
0.9438235
1.0174105
1.0275881
0.9066182
0.9545329
0.9871848
0.9147538
1.0482319
1.0592462
1.0597010
0.9635897
0.9126832
1.0528635
1.0179608
1.0401930
0.9946460
1.0611757
0.9895175
1.0555193
0.9654727
0.9247777
0.9918121
0.9647237
0.9921010
0.9976143
0.9632606
1.0049194
1.0223352
1.0547412
1.0228486
1.0481334
0.9914400
0.9966092
0.9685650
1.0993205
1.0537638
1.0235438
0.9963492
0.9735188
0.9991499
0.9438235
1.0174105
1.0275881
0.9066182
0.9545329
0.9871848
0.9147538
1.0482319
1.0592462
1.0597010
0.9635897
0.9126832
1.0528635
1.0179608
1.0401930
0.9946460
1.0611757
0.9895175
1.0555193
0.9654727
0.9247777
0.9918121
0.9647237
0.9921010
0.9976143
0.9632606
1.0049194
1.0223352
1.0547412
1.0228486
1.0481334
0.9914400
0.9966092
0.9685650
1.0993205
1.0537638
1.0235438
0.9963492
0.9735188
0.9991499
0.9438235
1.0174105
1.0275881
0.9066182
0.9545329
0.9871848
0.9147538
1.0482319
1.0592462
1.0597010
0.9635897
0.9126832
1.0528635
1.0179608
1.0401930
0.9946460
1.0611757
0.9895175
1.0555193
0.9654727
0.9247777
0.9918121
0.9647237
0.9921010
0.9976143
0.9632606
1.0049194
1.0223352
1.0547412
1.0228486
1.0481334
0.9914400
0.9966092
0.9685650
1.0993205
1.0537638
1.0235438
0.9963492
0.9735188
0.9991499
0.9438235
1.0174105
1.0275881
0.9066182
0.9545329
0.9871848
0.9147538
1.0482319
1.0592462
1.0597010
0.9635897
0.9126832
1.0528635
1.0179608
1.0401930
0.9946460
1.0611757
0.9895175
1.0555193
0.9654727
0.9247777
0.9918121
0.9647237
0.9921010
0.9976143
0.9632606
1.0049194
1.0223352
1.0547412
1.0228486
1.0481334
0.9914400
0.9966092
0.9685650
1.0993205
1.0537638
1.0235438
0.9963492
0.9735188
0.9991499
0.9438235
1.0174105
1.0275881
0.9066182
0.9545329
0.9871848
0.9147538
1.0482319
1.0592462
1.0597010
0.9635897
0.9126832
1.0528635
1.0179608
1.0401930
0.9946460
1.0611757
0.9895175
1.0555193
0.9654727
0.9247777
0.9918121
0.9647237
0.9921010
0.9976143
0.9632606
1.0049194
1.0223352
1.0547412
1.0228486
1.0481334
0.9914400
0.9966092
0.9685650
1.0993205
1.0537638
1.0235438
0.9963492
0.9735188
0.9991499
0.9438235
1.0174105
1.0275881
0.9066182
0.9545329
0.9871848
0.9147538
1.0482319
1.0592462
1.0597010
0.9635897
0.9126832
1.0528635
1.0179608
1.0401930
0.9946460
1.0611757
0.9895175
1.0555193
0.9654727
0.9247777
0.9918121
0.9647237
0.9921010
0.9976143
0.9632606
1.0049194
1.0223352
1.0547412
1.0228486
1.0481334
0.9914400
0.9966092
0.9685650
1.0993205
1.0537638
1.0235438
0.9963492
0.9735188
0.9991499
0.9438235
1.0174105
1.0275881
0.9066182
0.9545329
0.9871848
0.9147538
1.0482319
1.0592462
1.0597010
0.9635897
0.9126832
1.0528635
1.0179608
1.0401930
0.9946460
1.0611757
0.9895175
1.0555193
0.9654727
0.9247777
0.9918121
0.9647237
0.9921010
0.9976143
0.9632606
1.0049194
1.0223352
1.0547412
1.0228486
1.0481334
0.9914400
0.9966092
0.9685650
1.0993205
1.0537638
1.0235438
0.9963492
0.9735188
0.9991499
0.9438235
1.0174105
1.0275881
0.9066182
0.9545329
0.9871848
0.9147538
1.0482319
1.0592462
1.0597010
0.9635897
0.9126832
1.0528635
1.0179608
1.0401930
0.9946460
1.0611757
0.9895175
1.0555193
0.9654727
0.9247777
0.9918121
0.9647237
0.9921010
0.9976143
0.9632606
1.0049194
1.0223352
1.0547412
1.0228486
1.0481334
0.9914400
0.9966092
0.9685650
1.0993205
1.0537638
1.0235438
0.9963492
0.9735188
0.9991499
0.9438235
1.0174105
1.0275881
0.9066182
0.9545329
0.9871848
0.9147538
1.0482319
1.0592462
1.0597010
0.9635897
0.9126832
1.0528635
1.0179608
1.0401930
0.9946460
1.0611757
0.9895175
1.0555193
0.9654727
0.9247777
0.9918121
0.9647237
0.9921010
0.9976143
0.9632606
1.0049194
1.0223352
1.0547412
1.0228486
1.0481334
0.9914400
0.9966092
0.9685650
1.0993205
1.0537638
1.0235438
0.9963492
0.9735188
0.9991499
0.9438235
1.0174105
1.0275881
0.9066182
0.9545329
0.9871848
0.9147538
1.0482319
1.0592462
1.0597010
0.9635897
0.9126832
1.0528635
1.0179608
1.0401930
0.9946460
1.0611757
0.9895175
1.0555193
0.9654727
0.9247777
0.9918121
0.9647237
0.9921010
0.9976143
0.9632606
1.0049194
1.0223352
1.0547412
1.0228486
1.0481334
0.9914400
0.9966092
0.9685650
1.0993205
1.0537638
1.0235438
0.9963492
0.9735188
0.9991499
0.9438235
1.0174105
1.0275881
0.9066182
0.9545329
0.9871848
0.9147538
1.0482319
1.0592462
1.0597010
0.9635897
0.9126832
1.0528635
1.0179608
1.0401930
0.9946460
1.0611757
0.9895175
1.0555193
0.9654727
0.9247777
0.9918121
0.9647237
0.9921010
0.9976143
0.9632606
1.0049194
1.0223352
1.0547412
1.0228486
1.0481334
0.9914400
0.9966092
0.9685650
1.0993205
1.0537638
1.0235438
0.9963492
0.9735188
0.9991499
0.9438235
1.0174105
1.0275881
0.9066182
0.9545329
0.9871848
0.9147538
1.0482319
1.0592462
1.0597010
0.9635897
0.9126832
1.0528635
1.0179608
1.0401930
0.9946460
1.0611757
0.9895175
1.0555193
0.9654727
0.9247777
0.9918121
0.9647237
0.9921010
0.9976143
0.9632606
1.0049194
1.0223352
1.0547412
1.0228486
1.0481334
0.9914400
0.9966092
0.9685650
1.0993205
1.0537638
1.0235438
0.9963492
0.9735188
0.9991499
0.9438235
1.0174105
1.0275881
0.9066182
0.9545329
0.9871848
0.9147538
1.0482319
1.0592462
1.0597010
0.9635897
0.9126832
1.0528635
1.0179608
1.0401930
0.9946460
1.0611757
0.9895175
1.0555193
0.9654727
0.9247777
0.9918121
0.9647237
0.9921010
0.9976143
0.9632606
1.0049194
1.0223352
1.0547412
1.0228486
1.0481334
0.9914400
0.9966092
0.9685650
1.0993205
1.0537638
1.0235438
0.9963492
0.9735188
0.9991499
0.9438235
1.0174105
1.0275881
0.9066182
0.9545329
0.9871848
0.9147538
1.0482319
1.0592462
1.0597010
0.9635897
0.9126832
1.0528635
1.0179608
1.0401930
0.9946460
1.0611757
0.9895175
1.0555193
0.9654727
0.9247777
0.9918121
0.9647237
0.9921010
0.9976143
0.9632606
1.0049194
1.0223352
1.0547412
1.0228486
1.0481334
0.9914400
0.9966092
0.9685650
1.0993205
1.0537638
1.0235438
0.9963492
0.9735188
0.9991499
0.9438235
1.0174105
1.0275881
0.9066182
0.9545329
0.9871848
0.9147538
1.0482319
1.0592462
1.0597010
0.9635897
0.9126832
1.0528635
1.0179608
1.0401930
0.9946460
1.0611757
0.9895175
1.0555193
0.9654727
0.9247777
0.9918121
0.9647237
0.9921010
0.9976143
0.9632606
1.0049194
1.0223352
1.0547412
1.0228486
1.0481334
0.9914400
0.9966092
0.9685650
1.0993205
1.0537638
1.0235438
0.9963492
0.9735188
0.9991499
0.9438235
1.0174105
1.0275881
0.9066182
0.9545329
0.9871848
0.9147538
1.0482319
1.0592462
1.0597010
0.9635897
0.9126832
1.0528635
1.0179608
1.0401930
0.9946460
1.0611757
0.9895175
1.0555193
0.9654727
0.9247777
0.9918121
0.9647237
0.9921010
0.9976143
0.9632606
1.0049194
1.0223352
1.0547412
1.0228486
1.0481334
0.9914400
0.9966092
0.9685650
1.0993205
1.0537638
1.0235438
0.9963492
0.9735188
0.9991499
0.9438235
1.0174105
1.0275881
0.9066182
0.9545329
0.9871848
0.9147538
1.0482319
1.0592462
1.0597010
0.9635897
0.9126832
1.0528635
1.0179608
1.0401930
0.9946460
1.0611757
0.9895175
1.0555193
0.9654727
0.9247777
0.9918121
0.9647237
0.9921010
0.9976143
0.9632606
1.0049194
1.0223352
1.0547412
1.0228486
1.0481334
0.9914400
0.9966092
0.9685650
1.0993205
1.0537638
1.0235438
0.9963492
0.9735188
0.9991499
0.9438235
1.0174105
1.0275881
0.9066182
0.9545329
0.9871848
0.9147538
1.0482319
1.0592462
1.0597010
0.9635897
0.9126832
1.0528635
1.0179608
1.0401930
0.9946460
1.0611757
0.9895175
1.0555193
0.9654727
0.9247777
0.9918121
0.9647237
0.9921010
0.9976143
0.9632606
1.0049194
1.0223352
1.0547412
1.0228486
1.0481334
0.9914400
0.9966092
0.9685650
1.0993205
1.0537638
1.0235438
0.9963492
0.9735188
0.9991499
0.9438235
1.0174105
1.0275881
0.9066182
0.9545329
0.9871848
0.9147538
1.0482319
1.0592462
1.0597010
0.9635897
0.9126832
1.0528635
1.0179608
1.0401930
0.9946460
1.0611757
0.9895175
1.0555193
0.9654727
0.9247777
0.9918121
0.9647237
0.9921010
0.9976143
0.9632606
1.0049194
1.0223352
1.0547412
1.0228486
1.0481334
0.9914400
0.9966092
0.9685650
1.0993205
1.0537638
1.0235438
0.9963492
0.9735188
0.9991499
0.9438235
1.0174105
1.0275881
0.9066182
0.9545329
0.9871848
0.9147538
1.0482319
1.0592462
1.0597010
0.9635897
0.9126832
1.0528635
1.0179608
1.0401930
0.9946460
1.0611757
0.9895175
1.0555193
0.9654727
0.9247777
0.9918121
0.9647237
0.9921010
0.9976143
0.9632606
1.0049194
1.0223352
1.0547412
1.0228486
1.0481334
0.9914400
0.9966092
0.9685650
1.0993205
1.0537638
1.0235438
0.9963492
0.9735188
0.9991499
0.9438235
1.0174105
1.0275881
0.9066182
0.9545329
0.9871848
0.9147538
1.0482319
1.0592462
1.0597010
0.9635897
0.9126832
1.0528635
1.0179608
1.0401930
0.9946460
1.0611757
