0.4939935
0.4935607
0.5098573
0.5162630
0.5303748
0.4871492
0.5233227
0.5042230
0.5032883
0.4973275
0.5099732
0.4979849
0.4786751
0.5138462
0.4908200
0.4759122
0.5246318
0.4753529
0.5209677
0.4980631
0.4867735
0.5005105
0.4952611
0.5065644
0.4999357
0.4821191
0.5071321
0.4933994
0.4672662
0.5036950
0.5391928
0.5115187
0.4917090
0.5366910
0.5174818
0.4931869
0.4836922
0.4931945
0.4883717
0.5054614
0.4939935
0.4935607
0.5098573
0.5162630
0.5303748
0.4871492
0.5233227
0.5042230
0.5032883
0.4973275
0.5099732
0.4979849
0.4786751
0.5138462
0.4908200
0.4759122
0.5246318
0.4753529
0.5209677
0.4980631
0.4867735
0.5005105
0.4952611
0.5065644
0.4999357
0.4821191
0.5071321
0.4933994
0.4672662
0.5036950
0.5391928
0.5115187
0.4917090
0.5366910
0.5174818
0.4931869
0.4836922
0.4931945
0.4883717
0.5054614
0.4939935
0.4935607
0.5098573
0.5162630
0.5303748
0.4871492
0.5233227
0.5042230
0.5032883
0.4973275
0.5099732
0.4979849
0.4786751
0.5138462
0.4908200
0.4759122
0.5246318
0.4753529
0.5209677
0.4980631
0.4867735
0.5005105
0.4952611
0.5065644
0.4999357
0.4821191
0.5071321
0.4933994
0.4672662
0.5036950
0.5391928
0.5115187
0.4917090
0.5366910
0.5174818
0.4931869
0.4836922
0.4931945
0.4883717
0.5054614
0.4939935
0.4935607
0.5098573
0.5162630
0.5303748
0.4871492
0.5233227
0.5042230
0.5032883
0.4973275
0.5099732
0.4979849
0.4786751
0.5138462
0.4908200
0.4759122
0.5246318
0.4753529
0.5209677
0.4980631
0.4867735
0.5005105
0.4952611
0.5065644
0.4999357
0.4821191
0.5071321
0.4933994
0.4672662
0.5036950
0.5391928
0.5115187
0.4917090
0.5366910
0.5174818
0.4931869
0.4836922
0.4931945
0.4883717
0.5054614
0.4939935
0.4935607
0.5098573
0.5162630
0.5303748
0.4871492
0.5233227
0.5042230
0.5032883
0.4973275
0.5099732
0.4979849
0.4786751
0.5138462
0.4908200
0.4759122
0.5246318
0.4753529
0.5209677
0.4980631
0.4867735
0.5005105
0.4952611
0.5065644
0.4999357
0.4821191
0.5071321
0.4933994
0.4672662
0.5036950
0.5391928
0.5115187
0.4917090
0.5366910
0.5174818
0.4931869
0.4836922
0.4931945
0.4883717
0.5054614
0.4939935
0.4935607
0.5098573
0.5162630
0.5303748
0.4871492
0.5233227
0.5042230
0.5032883
0.4973275
0.5099732
0.4979849
0.4786751
0.5138462
0.4908200
0.4759122
0.5246318
0.4753529
0.5209677
0.4980631
0.4867735
0.5005105
0.4952611
0.5065644
0.4999357
0.4821191
0.5071321
0.4933994
0.4672662
0.5036950
0.5391928
0.5115187
0.4917090
0.5366910
0.5174818
0.4931869
0.4836922
0.4931945
0.4883717
0.5054614
0.4939935
0.4935607
0.5098573
0.5162630
0.5303748
0.4871492
0.5233227
0.5042230
0.5032883
0.4973275
0.5099732
0.4979849
0.4786751
0.5138462
0.4908200
0.4759122
0.5246318
0.4753529
0.5209677
0.4980631
0.4867735
0.5005105
0.4952611
0.5065644
0.4999357
0.4821191
0.5071321
0.4933994
0.4672662
0.5036950
0.5391928
0.5115187
0.4917090
0.5366910
0.5174818
0.4931869
0.4836922
0.4931945
0.4883717
0.5054614
0.4939935
0.4935607
0.5098573
0.5162630
0.5303748
0.4871492
0.5233227
0.5042230
0.5032883
0.4973275
0.5099732
0.4979849
0.4786751
0.5138462
0.4908200
0.4759122
0.5246318
0.4753529
0.5209677
0.4980631
0.4867735
0.5005105
0.4952611
0.5065644
0.4999357
0.4821191
0.5071321
0.4933994
0.4672662
0.5036950
0.5391928
0.5115187
0.4917090
0.5366910
0.5174818
0.4931869
0.4836922
0.4931945
0.4883717
0.5054614
0.4939935
0.4935607
0.5098573
0.5162630
0.5303748
0.4871492
0.5233227
0.5042230
0.5032883
0.4973275
0.5099732
0.4979849
0.4786751
0.5138462
0.4908200
0.4759122
0.5246318
0.4753529
0.5209677
0.4980631
0.4867735
0.5005105
0.4952611
0.5065644
0.4999357
0.4821191
0.5071321
0.4933994
0.4672662
0.5036950
0.5391928
0.5115187
0.4917090
0.5366910
0.5174818
0.4931869
0.4836922
0.4931945
0.4883717
0.5054614
0.4939935
0.4935607
0.5098573
0.5162630
0.5303748
0.4871492
0.5233227
0.5042230
0.5032883
0.4973275
0.5099732
0.4979849
0.4786751
0.5138462
0.4908200
0.4759122
0.5246318
0.4753529
0.5209677
0.4980631
0.4867735
0.5005105
0.4952611
0.5065644
0.4999357
0.4821191
0.5071321
0.4933994
0.4672662
0.5036950
0.5391928
0.5115187
0.4917090
0.5366910
0.5174818
0.4931869
0.4836922
0.4931945
0.4883717
0.5054614
0.4939935
0.4935607
0.5098573
0.5162630
0.5303748
0.4871492
0.5233227
0.5042230
0.5032883
0.4973275
0.5099732
0.4979849
0.4786751
0.5138462
0.4908200
0.4759122
0.5246318
0.4753529
0.5209677
0.4980631
0.4867735
0.5005105
0.4952611
0.5065644
0.4999357
0.4821191
0.5071321
0.4933994
0.4672662
0.5036950
0.5391928
0.5115187
0.4917090
0.5366910
0.5174818
0.4931869
0.4836922
0.4931945
0.4883717
0.5054614
0.4939935
0.4935607
0.5098573
0.5162630
0.5303748
0.4871492
0.5233227
0.5042230
0.5032883
0.4973275
0.5099732
0.4979849
0.4786751
0.5138462
0.4908200
0.4759122
0.5246318
0.4753529
0.5209677
0.4980631
0.4867735
0.5005105
0.4952611
0.5065644
0.4999357
0.4821191
0.5071321
0.4933994
0.4672662
0.5036950
0.5391928
0.5115187
0.4917090
0.5366910
0.5174818
0.4931869
0.4836922
0.4931945
0.4883717
0.5054614
0.4939935
0.4935607
0.5098573
0.5162630
0.5303748
0.4871492
0.5233227
0.5042230
0.5032883
0.4973275
0.5099732
0.4979849
0.4786751
0.5138462
0.4908200
0.4759122
0.5246318
0.4753529
0.5209677
0.4980631
0.4867735
0.5005105
0.4952611
0.5065644
0.4999357
0.4821191
0.5071321
0.4933994
0.4672662
0.5036950
0.5391928
0.5115187
0.4917090
0.5366910
0.5174818
0.4931869
0.4836922
0.4931945
0.4883717
0.5054614
0.4939935
0.4935607
0.5098573
0.5162630
0.5303748
0.4871492
0.5233227
0.5042230
0.5032883
0.4973275
0.5099732
0.4979849
0.4786751
0.5138462
0.4908200
0.4759122
0.5246318
0.4753529
0.5209677
0.4980631
0.4867735
0.5005105
0.4952611
0.5065644
0.4999357
0.4821191
0.5071321
0.4933994
0.4672662
0.5036950
0.5391928
0.5115187
0.4917090
0.5366910
0.5174818
0.4931869
0.4836922
0.4931945
0.4883717
0.5054614
0.4939935
0.4935607
0.5098573
0.5162630
0.5303748
0.4871492
0.5233227
0.5042230
0.5032883
0.4973275
0.5099732
0.4979849
0.4786751
0.5138462
0.4908200
0.4759122
0.5246318
0.4753529
0.5209677
0.4980631
0.4867735
0.5005105
0.4952611
0.5065644
0.4999357
0.4821191
0.5071321
0.4933994
0.4672662
0.5036950
0.5391928
0.5115187
0.4917090
0.5366910
0.5174818
0.4931869
0.4836922
0.4931945
0.4883717
0.5054614
0.4939935
0.4935607
0.5098573
0.5162630
0.5303748
0.4871492
0.5233227
0.5042230
0.5032883
0.4973275
0.5099732
0.4979849
0.4786751
0.5138462
0.4908200
0.4759122
0.5246318
0.4753529
0.5209677
0.4980631
0.4867735
0.5005105
0.4952611
0.5065644
0.4999357
0.4821191
0.5071321
0.4933994
0.4672662
0.5036950
0.5391928
0.5115187
0.4917090
0.5366910
0.5174818
0.4931869
0.4836922
0.4931945
0.4883717
0.5054614
0.4939935
0.4935607
0.5098573
0.5162630
0.5303748
0.4871492
0.5233227
0.5042230
0.5032883
0.4973275
0.5099732
0.4979849
0.4786751
0.5138462
0.4908200
0.4759122
0.5246318
0.4753529
0.5209677
0.4980631
0.4867735
0.5005105
0.4952611
0.5065644
0.4999357
0.4821191
0.5071321
0.4933994
0.4672662
0.5036950
0.5391928
0.5115187
0.4917090
0.5366910
0.5174818
0.4931869
0.4836922
0.4931945
0.4883717
0.5054614
0.4939935
0.4935607
0.5098573
0.5162630
0.5303748
0.4871492
0.5233227
0.5042230
0.5032883
0.4973275
0.5099732
0.4979849
0.4786751
0.5138462
0.4908200
0.4759122
0.5246318
0.4753529
0.5209677
0.4980631
0.4867735
0.5005105
0.4952611
0.5065644
0.4999357
0.4821191
0.5071321
0.4933994
0.4672662
0.5036950
0.5391928
0.5115187
0.4917090
0.5366910
0.5174818
0.4931869
0.4836922
0.4931945
0.4883717
0.5054614
0.4939935
0.4935607
0.5098573
0.5162630
0.5303748
0.4871492
0.5233227
0.5042230
0.5032883
0.4973275
0.5099732
0.4979849
0.4786751
0.5138462
0.4908200
0.4759122
0.5246318
0.4753529
0.5209677
0.4980631
0.4867735
0.5005105
0.4952611
0.5065644
0.4999357
0.4821191
0.5071321
0.4933994
0.4672662
0.5036950
0.5391928
0.5115187
0.4917090
0.5366910
0.5174818
0.4931869
0.4836922
0.4931945
0.4883717
0.5054614
0.4939935
0.4935607
0.5098573
0.5162630
0.5303748
0.4871492
0.5233227
0.5042230
0.5032883
0.4973275
0.5099732
0.4979849
0.4786751
0.5138462
0.4908200
0.4759122
0.5246318
0.4753529
0.5209677
0.4980631
0.4867735
0.5005105
0.4952611
0.5065644
0.4999357
0.4821191
0.5071321
0.4933994
0.4672662
0.5036950
0.5391928
0.5115187
0.4917090
0.5366910
0.5174818
0.4931869
0.4836922
0.4931945
0.4883717
0.5054614
0.4939935
0.4935607
0.5098573
0.5162630
0.5303748
0.4871492
0.5233227
0.5042230
0.5032883
0.4973275
0.5099732
0.4979849
0.4786751
0.5138462
0.4908200
0.4759122
0.5246318
0.4753529
0.5209677
0.4980631
0.4867735
0.5005105
0.4952611
0.5065644
0.4999357
0.4821191
0.5071321
0.4933994
0.4672662
0.5036950
0.5391928
0.5115187
0.4917090
0.5366910
0.5174818
0.4931869
0.4836922
0.4931945
0.4883717
0.5054614
0.4939935
0.4935607
0.5098573
0.5162630
0.5303748
0.4871492
0.5233227
0.5042230
0.5032883
0.4973275
0.5099732
0.4979849
0.4786751
0.5138462
0.4908200
0.4759122
0.5246318
0.4753529
0.5209677
0.4980631
0.4867735
0.5005105
0.4952611
0.5065644
0.4999357
0.4821191
0.5071321
0.4933994
0.4672662
0.5036950
0.5391928
0.5115187
0.4917090
0.5366910
0.5174818
0.4931869
0.4836922
0.4931945
0.4883717
0.5054614
0.4939935
0.4935607
0.5098573
0.5162630
0.5303748
0.4871492
0.5233227
0.5042230
0.5032883
0.4973275
0.5099732
0.4979849
0.4786751
0.5138462
0.4908200
0.4759122
0.5246318
0.4753529
0.5209677
0.4980631
0.4867735
0.5005105
0.4952611
0.5065644
0.4999357
0.4821191
0.5071321
0.4933994
0.4672662
0.5036950
0.5391928
0.5115187
0.4917090
0.5366910
0.5174818
0.4931869
0.4836922
0.4931945
0.4883717
0.5054614
0.4939935
0.4935607
0.5098573
0.5162630
0.5303748
0.4871492
0.5233227
0.5042230
0.5032883
0.4973275
0.5099732
0.4979849
0.4786751
0.5138462
0.4908200
0.4759122
0.5246318
0.4753529
0.5209677
0.4980631
0.4867735
0.5005105
0.4952611
0.5065644
0.4999357
0.4821191
0.5071321
0.4933994
0.4672662
0.5036950
0.5391928
0.5115187
0.4917090
0.5366910
0.5174818
0.4931869
0.4836922
0.4931945
0.4883717
0.5054614
0.4939935
0.4935607
0.5098573
0.5162630
0.5303748
0.4871492
0.5233227
0.5042230
0.5032883
0.4973275
0.5099732
0.4979849
0.4786751
0.5138462
0.4908200
0.4759122
0.5246318
0.4753529
0.5209677
0.4980631
0.4867735
0.5005105
0.4952611
0.5065644
0.4999357
0.4821191
0.5071321
0.4933994
0.4672662
0.5036950
0.5391928
0.5115187
0.4917090
0.5366910
0.5174818
0.4931869
0.4836922
0.4931945
0.4883717
0.5054614
0.4939935
0.4935607
0.5098573
0.5162630
0.5303748
0.4871492
0.5233227
0.5042230
0.5032883
0.4973275
0.5099732
0.4979849
0.4786751
0.5138462
0.4908200
0.4759122
0.5246318
0.4753529
0.5209677
0.4980631
0.4867735
0.5005105
0.4952611
0.5065644
0.4999357
0.4821191
0.5071321
0.4933994
0.4672662
0.5036950
0.5391928
0.5115187
0.4917090
0.5366910
0.5174818
0.4931869
0.4836922
0.4931945
0.4883717
0.5054614
0.4939935
0.4935607
0.5098573
0.5162630
0.5303748
0.4871492
0.5233227
0.5042230
0.5032883
0.4973275
0.5099732
0.4979849
0.4786751
0.5138462
0.4908200
0.4759122
0.5246318
0.4753529
0.5209677
0.4980631
0.4867735
0.5005105
0.4952611
0.5065644
0.4999357
0.4821191
0.5071321
0.4933994
0.4672662
0.5036950
0.5391928
0.5115187
0.4917090
0.5366910
0.5174818
0.4931869
0.4836922
0.4931945
0.4883717
0.5054614
0.4939935
0.4935607
0.5098573
0.5162630
0.5303748
0.4871492
0.5233227
0.5042230
0.5032883
0.4973275
0.5099732
0.4979849
0.4786751
0.5138462
0.4908200
0.4759122
0.5246318
0.4753529
0.5209677
0.4980631
0.4867735
0.5005105
0.4952611
0.5065644
0.4999357
0.4821191
0.5071321
0.4933994
0.4672662
0.5036950
0.5391928
0.5115187
0.4917090
0.5366910
0.5174818
0.4931869
0.4836922
0.4931945
0.4883717
0.5054614
0.4939935
0.4935607
0.5098573
0.5162630
0.5303748
0.4871492
0.5233227
0.5042230
0.5032883
0.4973275
0.5099732
0.4979849
0.4786751
0.5138462
0.4908200
0.4759122
0.5246318
0.4753529
0.5209677
0.4980631
0.4867735
0.5005105
0.4952611
0.5065644
0.4999357
0.4821191
0.5071321
0.4933994
0.4672662
0.5036950
0.5391928
0.5115187
0.4917090
0.5366910
0.5174818
0.4931869
0.4836922
0.4931945
0.4883717
0.5054614
0.4939935
0.4935607
0.5098573
0.5162630
0.5303748
0.4871492
0.5233227
0.5042230
0.5032883
0.4973275
0.5099732
0.4979849
0.4786751
0.5138462
0.4908200
0.4759122
0.5246318
0.4753529
0.5209677
0.4980631
0.4867735
0.5005105
0.4952611
0.5065644
0.4999357
0.4821191
0.5071321
0.4933994
0.4672662
0.5036950
0.5391928
0.5115187
0.4917090
0.5366910
0.5174818
0.4931869
0.4836922
0.4931945
0.4883717
0.5054614
0.4939935
0.4935607
0.5098573
0.5162630
0.5303748
0.4871492
0.5233227
0.5042230
0.5032883
0.4973275
0.5099732
0.4979849
0.4786751
0.5138462
0.4908200
0.4759122
0.5246318
0.4753529
0.5209677
0.4980631
0.4867735
0.5005105
0.4952611
0.5065644
0.4999357
0.4821191
0.5071321
0.4933994
0.4672662
0.5036950
0.5391928
0.5115187
0.4917090
0.5366910
0.5174818
0.4931869
0.4836922
0.4931945
0.4883717
0.5054614
0.4939935
0.4935607
0.5098573
0.5162630
0.5303748
0.4871492
0.5233227
0.5042230
0.5032883
0.4973275
0.5099732
0.4979849
0.4786751
0.5138462
0.4908200
0.4759122
0.5246318
0.4753529
0.5209677
0.4980631
0.4867735
0.5005105
0.4952611
0.5065644
0.4999357
0.4821191
0.5071321
0.4933994
0.4672662
0.5036950
0.5391928
0.5115187
0.4917090
0.5366910
0.5174818
0.4931869
0.4836922
0.4931945
0.4883717
0.5054614
0.4939935
0.4935607
0.5098573
0.5162630
0.5303748
0.4871492
0.5233227
0.5042230
0.5032883
0.4973275
0.5099732
0.4979849
0.4786751
0.5138462
0.4908200
0.4759122
0.5246318
0.4753529
0.5209677
0.4980631
0.4867735
0.5005105
0.4952611
0.5065644
0.4999357
0.4821191
0.5071321
0.4933994
0.4672662
0.5036950
0.5391928
0.5115187
0.4917090
0.5366910
0.5174818
0.4931869
0.4836922
0.4931945
0.4883717
0.5054614
0.4939935
0.4935607
0.5098573
0.5162630
0.5303748
0.4871492
0.5233227
0.5042230
0.5032883
0.4973275
0.5099732
0.4979849
0.4786751
0.5138462
0.4908200
0.4759122
0.5246318
0.4753529
0.5209677
0.4980631
0.4867735
0.5005105
0.4952611
0.5065644
0.4999357
0.4821191
0.5071321
0.4933994
0.4672662
0.5036950
0.5391928
0.5115187
0.4917090
0.5366910
0.5174818
0.4931869
0.4836922
0.4931945
0.4883717
0.5054614
0.4939935
0.4935607
0.5098573
0.5162630
0.5303748
0.4871492
0.5233227
0.5042230
0.5032883
0.4973275
0.5099732
0.4979849
0.4786751
0.5138462
0.4908200
0.4759122
0.5246318
0.4753529
0.5209677
0.4980631
0.4867735
0.5005105
0.4952611
0.5065644
0.4999357
0.4821191
0.5071321
0.4933994
0.4672662
0.5036950
0.5391928
0.5115187
0.4917090
0.5366910
0.5174818
0.4931869
0.4836922
0.4931945
0.4883717
0.5054614
0.4939935
0.4935607
0.5098573
0.5162630
0.5303748
0.4871492
0.5233227
0.5042230
0.5032883
0.4973275
0.5099732
0.4979849
0.4786751
0.5138462
0.4908200
0.4759122
0.5246318
0.4753529
0.5209677
0.4980631
0.4867735
0.5005105
0.4952611
0.5065644
0.4999357
0.4821191
0.5071321
0.4933994
0.4672662
0.5036950
0.5391928
0.5115187
0.4917090
0.5366910
0.5174818
0.4931869
0.4836922
0.4931945
0.4883717
0.5054614
0.4939935
0.4935607
0.5098573
0.5162630
0.5303748
0.4871492
0.5233227
0.5042230
0.5032883
0.4973275
0.5099732
0.4979849
0.4786751
0.5138462
0.4908200
0.4759122
0.5246318
0.4753529
0.5209677
0.4980631
0.4867735
0.5005105
0.4952611
0.5065644
0.4999357
0.4821191
0.5071321
0.4933994
0.4672662
0.5036950
0.5391928
0.5115187
0.4917090
0.5366910
0.5174818
0.4931869
0.4836922
0.4931945
0.4883717
0.5054614
0.4939935
0.4935607
0.5098573
0.5162630
0.5303748
0.4871492
0.5233227
0.5042230
0.5032883
0.4973275
0.5099732
0.4979849
0.4786751
0.5138462
0.4908200
0.4759122
0.5246318
0.4753529
0.5209677
0.4980631
0.4867735
0.5005105
0.4952611
0.5065644
0.4999357
0.4821191
0.5071321
0.4933994
0.4672662
0.5036950
0.5391928
0.5115187
0.4917090
0.5366910
0.5174818
0.4931869
0.4836922
0.4931945
0.4883717
0.5054614
0.4939935
0.4935607
0.5098573
0.5162630
0.5303748
0.4871492
0.5233227
0.5042230
0.5032883
0.4973275
0.5099732
0.4979849
0.4786751
0.5138462
0.4908200
0.4759122
0.5246318
0.4753529
0.5209677
0.4980631
0.4867735
0.5005105
0.4952611
0.5065644
0.4999357
0.4821191
0.5071321
0.4933994
0.4672662
0.5036950
0.5391928
0.5115187
0.4917090
0.5366910
0.5174818
0.4931869
0.4836922
0.4931945
0.4883717
0.5054614
0.4939935
0.4935607
0.5098573
0.5162630
0.5303748
0.4871492
0.5233227
0.5042230
0.5032883
0.4973275
0.5099732
0.4979849
0.4786751
0.5138462
0.4908200
0.4759122
0.5246318
0.4753529
0.5209677
0.4980631
0.4867735
0.5005105
0.4952611
0.5065644
0.4999357
0.4821191
0.5071321
0.4933994
0.4672662
0.5036950
0.5391928
0.5115187
0.4917090
0.5366910
0.5174818
0.4931869
0.4836922
0.4931945
0.4883717
0.5054614
0.4939935
0.4935607
0.5098573
0.5162630
0.5303748
0.4871492
0.5233227
0.5042230
0.5032883
0.4973275
0.5099732
0.4979849
0.4786751
0.5138462
0.4908200
0.4759122
0.5246318
0.4753529
0.5209677
0.4980631
0.4867735
0.5005105
0.4952611
0.5065644
0.4999357
0.4821191
0.5071321
0.4933994
0.4672662
0.5036950
0.5391928
0.5115187
0.4917090
0.5366910
0.5174818
0.4931869
0.4836922
0.4931945
0.4883717
0.5054614
0.4939935
0.4935607
0.5098573
0.5162630
0.5303748
0.4871492
0.5233227
0.5042230
0.5032883
0.4973275
0.5099732
0.4979849
0.4786751
0.5138462
0.4908200
0.4759122
0.5246318
0.4753529
0.5209677
0.4980631
0.4867735
0.5005105
0.4952611
0.5065644
0.4999357
0.4821191
0.5071321
0.4933994
0.4672662
0.5036950
0.5391928
0.5115187
0.4917090
0.5366910
0.5174818
0.4931869
0.4836922
0.4931945
0.4883717
0.5054614
0.4939935
0.4935607
0.5098573
0.5162630
0.5303748
0.4871492
0.5233227
0.5042230
0.5032883
0.4973275
0.5099732
0.4979849
0.4786751
0.5138462
0.4908200
0.4759122
0.5246318
0.4753529
0.5209677
0.4980631
0.4867735
0.5005105
0.4952611
0.5065644
0.4999357
0.4821191
0.5071321
0.4933994
0.4672662
0.5036950
0.5391928
0.5115187
0.4917090
0.5366910
0.5174818
0.4931869
0.4836922
0.4931945
0.4883717
0.5054614
0.4939935
0.4935607
0.5098573
0.5162630
0.5303748
0.4871492
0.5233227
0.5042230
0.5032883
0.4973275
0.5099732
0.4979849
0.4786751
0.5138462
0.4908200
0.4759122
0.5246318
0.4753529
0.5209677
0.4980631
0.4867735
0.5005105
0.4952611
0.5065644
0.4999357
0.4821191
0.5071321
0.4933994
0.4672662
0.5036950
0.5391928
0.5115187
0.4917090
0.5366910
0.5174818
0.4931869
0.4836922
0.4931945
0.4883717
0.5054614
0.4939935
0.4935607
0.5098573
0.5162630
0.5303748
0.4871492
0.5233227
0.5042230
0.5032883
0.4973275
0.5099732
0.4979849
0.4786751
0.5138462
0.4908200
0.4759122
0.5246318
0.4753529
0.5209677
0.4980631
0.4867735
0.5005105
0.4952611
0.5065644
0.4999357
0.4821191
0.5071321
0.4933994
0.4672662
0.5036950
0.5391928
0.5115187
0.4917090
0.5366910
0.5174818
0.4931869
0.4836922
0.4931945
0.4883717
0.5054614
0.4939935
0.4935607
0.5098573
0.5162630
0.5303748
0.4871492
0.5233227
0.5042230
0.5032883
0.4973275
0.5099732
0.4979849
0.4786751
0.5138462
0.4908200
0.4759122
0.5246318
0.4753529
0.5209677
0.4980631
0.4867735
0.5005105
0.4952611
0.5065644
0.4999357
0.4821191
0.5071321
0.4933994
0.4672662
0.5036950
0.5391928
0.5115187
0.4917090
0.5366910
0.5174818
0.4931869
0.4836922
0.4931945
0.4883717
0.5054614
0.4939935
0.4935607
0.5098573
0.5162630
0.5303748
0.4871492
0.5233227
0.5042230
0.5032883
0.4973275
0.5099732
0.4979849
0.4786751
0.5138462
0.4908200
0.4759122
0.5246318
0.4753529
0.5209677
0.4980631
0.4867735
0.5005105
0.4952611
0.5065644
0.4999357
0.4821191
0.5071321
0.4933994
0.4672662
0.5036950
0.5391928
0.5115187
0.4917090
0.5366910
0.5174818
0.4931869
0.4836922
0.4931945
0.4883717
0.5054614
0.4939935
0.4935607
0.5098573
0.5162630
0.5303748
0.4871492
0.5233227
0.5042230
0.5032883
0.4973275
0.5099732
0.4979849
0.4786751
0.5138462
0.4908200
0.4759122
0.5246318
0.4753529
0.5209677
0.4980631
0.4867735
0.5005105
0.4952611
0.5065644
0.4999357
0.4821191
0.5071321
0.4933994
0.4672662
0.5036950
0.5391928
0.5115187
0.4917090
0.5366910
0.5174818
0.4931869
0.4836922
0.4931945
0.4883717
0.5054614
0.4939935
0.4935607
0.5098573
0.5162630
0.5303748
0.4871492
0.5233227
0.5042230
0.5032883
0.4973275
0.5099732
0.4979849
0.4786751
0.5138462
0.4908200
0.4759122
0.5246318
0.4753529
0.5209677
0.4980631
0.4867735
0.5005105
0.4952611
0.5065644
0.4999357
0.4821191
0.5071321
0.4933994
0.4672662
0.5036950
0.5391928
0.5115187
0.4917090
0.5366910
0.5174818
0.4931869
0.4836922
0.4931945
0.4883717
0.5054614
0.4939935
0.4935607
0.5098573
0.5162630
0.5303748
0.4871492
0.5233227
0.5042230
0.5032883
0.4973275
0.5099732
0.4979849
0.4786751
0.5138462
0.4908200
0.4759122
0.5246318
0.4753529
0.5209677
0.4980631
0.4867735
0.5005105
0.4952611
0.5065644
0.4999357
0.4821191
0.5071321
0.4933994
0.4672662
0.5036950
0.5391928
0.5115187
0.4917090
0.5366910
0.5174818
0.4931869
0.4836922
0.4931945
0.4883717
0.5054614
