 6.113444
 6.121634
 6.430576
 7.597884
 7.629110
 8.763089
 6.981911
 7.195678
 7.867770
 7.981642
 8.477959
 8.374935
 8.715542
 7.399015
 7.803547
 7.031754
 7.520903
 7.541119
 6.816261
 7.088141
 6.597392
 6.995970
 7.625612
 7.450664
 7.229560
 7.564079
 6.400075
 6.219948
 6.346993
 6.399482
 6.470483
 6.073281
 6.579160
 6.138840
 5.912384
 6.408431
 6.420967
 6.276261
 6.445523
 6.160851
 6.196867
 5.862142
 6.171701
 5.790579
 7.067366
 6.643586
 6.696673
 6.563585
 6.864947
 6.833653
 7.189140
 6.515866
 6.877375
 6.716858
 6.571293
 6.255443
 5.998603
 5.549169
 6.182282
 6.478807
 6.062158
 6.387096
 6.611820
 6.464735
 6.221332
 6.510827
 6.301525
 6.845383
 6.813152
 6.479381
 6.188816
 6.808201
 6.385491
 5.314235
 5.341862
 4.881952
 4.712073
 5.119823
 4.793000
 4.970267
 5.222707
 5.227763
 5.044431
 4.729676
 5.726257
 5.327240
 5.771513
 5.721749
 4.860921
 5.070627
 5.186104
 5.898155
 5.683656
 5.337113
 5.505505
 5.207186
 5.318304
 5.152317
 5.575817
 5.522034
 5.726410
 5.429684
 5.351593
 5.560243
 6.109772
 3.964739
 3.947760
 3.635999
 3.430910
 3.532565
 3.470504
 3.685023
 4.829500
 4.281507
 4.611132
 4.718481
 4.125426
 4.525206
 4.474553
 4.773521
 4.312409
 3.996372
 4.410416
 4.419452
 4.324126
 4.444981
 4.514063
 4.640466
 4.699417
 4.368892
 5.348182
 5.489180
 5.527717
 6.118388
 6.249679
 6.248324
 4.435678
 5.956020
 5.395310
 5.356310
 5.773036
 5.355354
 5.290533
 5.515362
 5.700995
 5.351743
 5.377345
 5.577174
 5.536053
 5.661119
 5.411429
 5.466402
 4.753694
 5.233107
 5.090333
 5.172395
 5.516052
 5.130560
 5.053724
 5.563400
 5.195670
 5.573594
 5.052631
 4.941903
 5.042339
 5.136220
 4.895667
 5.222644
 4.863901
 5.375959
 5.128462
 5.177044
 5.056465
 5.431752
 5.421444
 5.025095
 5.313521
 4.778588
 5.604726
 5.555587
 5.233556
 5.311496
 5.117416
 5.541546
 5.696649
 6.078135
 5.804012
 5.895739
 5.381407
 5.243420
 5.725418
 5.581886
 5.547105
 5.058201
 6.075584
 5.251484
 5.183297
 5.289581
 5.139970
 5.040487
 5.449271
 5.439351
 5.291146
 5.602607
 6.077897
 5.763768
 5.924047
 6.042551
 5.610862
 5.370231
 5.897216
 5.359169
 5.870371
 5.497209
 5.387540
 5.366088
 5.579481
 4.951108
 5.356750
 5.232483
 4.838069
 4.890306
 5.119276
 4.906227
 4.896388
 4.967715
 4.860818
 4.922802
 4.822396
 7.350706
 6.824870
 6.747141
 6.870964
 6.269879
 5.894750
 6.481919
 6.839811
 6.974519
 6.935657
 6.537095
 6.403344
 6.513822
 6.847966
 6.944569
 6.262671
 6.409597
 8.015092
 7.372452
 7.463617
 7.994227
 7.581849
 6.197238
 5.957831
 5.968728
 6.247683
 6.713488
 6.799858
 6.754373
 6.792596
 6.791316
 7.020646
 8.301973
 9.144904
 8.031454
 9.294946
 7.881330
 7.655738
 8.625896
 7.676036
 7.594620
 7.424319
 8.021426
 7.565996
 7.666168
 6.883732
 8.433120
 7.313239
 7.084457
 7.334105
 7.272126
 6.900700
 8.004671
 8.263253
 8.951158
 8.395709
 8.631154
 8.412248
 7.892836
 8.506122
 6.291034
 6.510851
 6.891662
 6.613525
 6.549638
 6.642021
 6.687526
 6.611885
 6.798468
 8.002369
 5.459265
 5.139400
 4.746368
 5.224722
 5.378945
 4.109560
 4.463142
 4.852404
 4.477862
 4.808212
 5.274748
 4.915582
 5.221116
 4.104834
 4.155240
 6.977472
 7.219755
 6.549359
 6.334756
 7.023793
 6.865860
 7.166303
 7.223644
 7.377051
 6.824647
 6.882666
 7.554801
 7.535529
 7.483585
 7.747018
 7.166013
 7.780213
 7.758731
 7.689764
 6.083055
 6.763417
 6.868188
 6.438294
 8.309715
 8.707799
 8.148352
 9.116922
 8.475601
 9.723405
 9.084010
 8.648192
 8.721245
 8.695433
 8.628793
 9.463687
 8.927908
 9.184443
10.206805
10.217535
 8.712434
 8.690102
 9.252618
 7.963115
 8.082281
 8.816832
 7.116174
 7.352423
 8.078220
 7.328277
 6.697065
 7.037537
 6.774221
 7.193356
 6.600319
 6.458174
 7.156904
 6.131597
 6.733394
 7.126520
 6.854850
 6.883308
 6.212640
 5.919341
 6.192971
 6.119601
 6.241005
 5.541058
 6.053982
 6.084215
 5.288797
 6.260986
 5.929736
 5.880365
 5.489585
 5.650559
 6.815136
 6.680620
 6.887945
 7.142644
 6.867359
 6.018584
 5.903901
 6.073091
 6.384456
 6.215044
 9.090111
 9.438338
 8.406700
 8.361844
 9.288370
 9.011144
 8.301596
 8.444275
 8.059959
 8.295621
 8.368539
 8.440814
 9.509972
 9.638517
 5.078406
 5.591079
 4.612727
 4.158751
 4.076696
 3.903291
 4.328573
 5.018441
 5.379423
 5.001549
 5.104986
 5.388410
 5.646862
 5.951662
 5.463042
 5.721623
 5.842704
 5.865658
 5.370107
 5.838868
 5.857516
 5.817824
 5.797385
 5.697392
 4.902637
 5.543863
 5.286242
 5.000647
 4.989959
 6.301099
 6.575953
 6.307595
 6.339652
 5.898848
 6.329876
 6.596325
 6.097370
 6.092429
 5.694437
 5.563023
 5.331003
 5.348220
 5.367970
 5.634281
 5.732890
 5.118317
 5.192582
 5.644396
 5.602056
 4.514462
 4.665611
 4.882799
 4.775320
 4.566053
 4.611794
 4.355794
 4.274998
 4.600661
 4.294781
 5.032117
 4.729335
 4.807048
 4.592290
 4.918781
 4.898721
 4.827240
 5.047309
 4.586276
 4.335260
 4.368511
 4.076631
 3.929466
 4.285265
 8.276107
 8.640730
 8.166823
 8.541522
 7.964370
 9.036854
 8.168423
 9.114946
 7.776276
 7.799188
 7.505498
 7.733199
 7.440909
 7.804782
 7.050941
 7.189689
 6.928852
 7.048027
 8.820020
 9.473112
 9.803811
 9.377487
 8.416583
 8.712684
 8.730471
 9.334133
 9.137214
 9.086149
 9.133203
 8.956364
 8.661479
 8.990533
 9.269124
 8.695980
 8.589618
 8.647469
 8.411379
 8.884809
 8.520741
 8.497070
 8.550123
 8.438238
 8.250165
 8.327107
 8.349880
 7.545494
 7.484332
 7.708824
 7.820544
 7.786383
 8.005292
 7.986937
 6.729077
 6.560797
 6.139947
 8.399604
 8.239672
 8.545288
 8.069197
 8.707919
 8.212014
 8.312971
 8.298229
 8.508903
 8.478352
 6.432625
 6.736537
 6.509938
 6.838055
 6.808771
 6.805690
 6.419137
 6.515979
 6.862885
 6.776467
 7.674167
 8.553692
 7.691362
 7.544204
 7.785243
 8.432045
 9.471267
 8.940221
 8.769374
 9.034373
 8.479683
 8.414306
 8.023311
 8.662504
 8.483049
 7.997549
 8.315002
11.583353
10.513582
11.053644
10.784822
10.392165
 8.085719
 7.241747
 6.822457
 6.561711
 7.199327
 6.939184
 6.711691
 6.969479
 6.440563
 6.381482
 5.921391
 5.904761
 6.286713
 6.314188
 6.169369
 6.366229
 5.723275
 6.204964
 7.457337
 6.889776
 7.474829
 7.499438
 7.208855
 7.075697
 6.197962
 6.182840
 7.261138
 6.504940
 6.209781
 5.721983
 5.766770
 6.522507
 6.160831
 5.908892
 5.776807
 5.932778
 5.528776
 5.396792
 5.344204
 5.481548
 6.037838
 6.000854
 5.888357
 6.133304
 5.812419
 5.788379
 5.452529
 5.775186
 5.877383
 5.679114
 5.507113
 5.349559
 5.599916
 5.891253
 5.657993
 6.251816
 5.125014
 5.924613
 5.774832
 5.920895
 5.979434
 5.632040
 5.622694
 5.995628
 5.552578
 5.996894
 6.323002
 6.028455
 5.309101
 5.685477
 5.586893
 5.783683
 6.715778
 6.528636
 5.887625
 6.672621
 6.305177
 6.627120
 6.149375
 9.454956
10.285967
11.422772
12.167427
11.799456
11.253329
12.610638
10.192909
 9.369933
10.152184
 9.184682
11.102397
 7.498442
 7.872178
 8.167239
 7.796351
 7.520922
 8.345153
 8.377133
 7.756482
 8.546576
 8.104461
 8.272475
 7.939691
 8.849153
 8.336306
 8.742025
 8.628994
 8.418751
 7.935047
 7.928079
 7.421758
 8.469654
 8.997723
 8.602578
 7.843382
 7.491090
 7.680622
 7.593028
 7.691395
 7.043154
 6.706377
 6.940114
 8.483393
 8.354315
 7.459461
 5.880345
 6.393278
 5.917640
 5.957291
 6.581946
 6.488396
 7.860715
 8.212903
 8.031873
 7.534964
 8.688799
 8.313182
 7.968487
 8.007083
 9.295727
 9.732891
10.135910
 9.503567
 9.367121
 9.233494
 9.303571
 9.491750
 9.896748
 9.657772
 9.162722
 9.156283
 9.316867
 9.174405
 9.294396
 8.456625
 8.410442
 9.119570
 8.780155
 8.788085
10.377786
10.291547
 9.643781
10.436309
10.090043
 7.064466
 7.265200
 7.452577
 8.474193
 7.970621
 8.117839
 8.373289
 8.285259
 8.028935
 4.449809
 4.866831
 4.205376
 4.444197
 4.345118
 4.947518
 4.929440
 4.307493
 4.424470
 4.198348
 4.269683
 4.235685
 4.528850
 4.441964
 4.506081
 4.380331
 4.467761
 5.176533
 4.894987
 4.355979
 4.526875
 4.562671
 4.291342
 4.529252
 4.603252
 4.316069
 4.556222
 4.445847
 4.559910
 4.526227
 4.240646
 4.193588
 4.305719
 4.035328
 4.387005
 4.653139
 4.484758
 4.818982
 4.633538
 4.835704
 4.868936
 4.639358
 4.356671
 4.846125
 4.921476
 5.004583
 4.861155
 5.740536
 5.612743
 5.783726
 6.041948
 5.724090
 6.235814
 5.871337
 4.246184
 4.255551
 4.345599
 3.864468
 4.337673
 4.112733
 4.261928
 4.269271
 4.298246
 4.585432
 4.483519
 4.513849
 5.615450
 5.348989
 5.074981
 5.249790
 5.385112
 5.610255
 5.497152
 7.458460
 6.869243
 7.321043
 7.388685
 6.684048
 6.524232
 6.464893
 6.853903
 6.021158
 6.551499
 5.893304
 6.613077
 5.915939
 6.487604
 6.569157
 6.369313
 5.604398
 5.508787
 5.431872
 5.808488
 5.546225
 5.654779
 5.638388
 5.592997
 5.871459
 6.200369
 6.248486
 5.743488
 6.212915
 5.605195
 5.996552
 5.623539
 6.442461
 5.809799
 5.832570
 6.260783
 6.522900
 6.405790
 7.273278
 6.774126
 6.335080
 6.771227
 7.478088
 6.762631
 6.183651
 7.007971
 6.911544
 7.889244
 7.459618
 6.918600
 5.010631
 5.659858
 5.375342
 5.869698
 5.381810
 6.179926
 4.975272
 4.522311
 4.980350
 5.039012
 5.188799
 5.356982
 5.176645
 5.450152
 5.509048
 5.592966
 5.390671
 5.683065
 5.563539
 5.370720
 5.237399
 5.454200
 5.220231
 5.199177
 5.391238
 5.305063
 6.704912
 6.191476
 5.491308
 5.388331
 4.091145
 4.251815
 3.739493
 3.952256
 4.057168
 3.904857
 4.218327
 3.718579
 4.847338
 4.426750
 4.013645
 4.472715
 3.712788
 4.109217
 4.997696
 4.696438
 4.886492
 5.920881
 5.803600
 5.229301
 5.932074
 5.148981
 5.484259
 5.716623
 5.010967
 4.703171
 4.841756
 4.721291
 4.887418
 4.909682
 6.035297
 3.870709
 3.775872
 3.639347
 3.681590
 3.570143
 3.569013
 3.636555
 3.590047
 4.057278
 3.811401
 3.631847
 3.793312
 4.107063
 4.197226
 4.146536
 3.666322
 4.092062
 4.054687
 4.521605
 4.589321
 4.635053
 4.327836
 4.758334
 4.752700
 4.385511
 4.569666
 3.973139
 3.731754
 3.909876
 4.198789
 4.052694
 3.961019
 3.791957
 3.983663
 4.116083
 3.984708
 4.886122
 4.759397
 4.504995
 4.753148
 4.734321
 4.446042
 5.683536
 5.265198
 5.785831
 5.379588
 5.174386
 5.105535
 5.549140
 5.665716
 5.032144
 5.005920
 5.097013
 5.204005
 5.138438
 4.526350
 4.968695
 6.104341
 5.837682
 6.158570
 5.254402
 5.192899
 6.004079
 5.760930
 5.684155
 6.206930
 6.497852
 6.342962
 5.858617
 5.964879
 6.180646
 6.016404
 6.503810
 6.201750
 5.523366
 6.193877
 5.847581
 6.045481
 5.536809
 5.606353
 5.704822
 6.178213
 6.417748
 6.043182
 5.924211
 6.217133
 4.720014
 4.471056
 5.090616
 4.686175
 5.339541
 5.843324
 5.731333
 5.938563
 5.665386
 6.256107
 5.525098
 6.074697
 5.379301
 5.544687
 5.333675
 5.080443
 5.253237
 5.103310
 5.314826
 4.666558
 5.080278
 4.873145
 4.894584
 5.277917
 5.707455
 5.684855
 5.724874
 5.246342
 5.197100
 5.570293
 5.756114
 5.531229
 6.586943
 6.771072
 6.459505
 7.094134
 7.875740
 7.134355
 7.274872
 7.396379
 7.413582
 6.744331
 6.260309
 5.981974
 6.024560
 6.024492
 6.404162
 4.895703
 5.155812
 5.113231
 5.221833
 5.846443
 5.431755
 5.425955
 5.237127
 5.688580
 5.550910
 5.733831
 5.622245
 5.862003
 5.308025
 5.308813
 4.597297
 4.557776
 4.463973
 4.703260
 4.757610
 4.636478
 4.479248
 4.748812
 4.770690
 4.814380
 4.829074
 4.706967
 6.409346
 6.246855
 3.524477
 3.667828
 3.700825
 3.454123
 3.573600
 3.508136
 3.625950
 3.671172
 3.757738
 3.717926
 3.542879
 3.606135
 3.558915
 3.401666
 3.618891
 3.296587
 3.657686
 3.383660
 3.529573
 3.464162
 3.380471
 3.285551
 3.182560
 3.225146
 3.370308
 3.903492
 3.926095
 3.743830
 3.771876
 4.002806
 4.068463
 3.770300
 3.890666
 3.592694
 3.881056
 3.875496
 3.807064
 4.669683
 4.375406
 4.329944
 5.098638
 4.954938
 4.985233
 4.036723
 4.191954
 4.584221
 4.382670
 4.364258
 4.191950
 3.976881
 4.208079
 4.046973
 3.962931
 3.982696
 3.802012
 4.064699
 4.329049
 4.374018
 4.391435
 4.725365
 4.295301
 4.481601
 4.269759
 4.090988
 5.528651
 5.638064
 5.745414
 4.861003
 4.575055
 4.495592
 4.623576
 4.706381
 5.195839
 4.973723
 6.724736
 7.012900
 6.700149
 7.164289
 7.065432
 6.624449
 6.947231
 6.892710
 7.110912
 6.591943
 6.686636
 7.072027
 6.785564
 6.327853
 7.043752
 6.570155
 6.984231
 7.483839
 8.625026
 7.827365
 7.409989
 7.114091
 7.528889
 8.122650
 7.354609
 6.936125
 7.265471
 7.602278
 7.712880
 7.238940
 7.656925
 7.339721
 6.996860
 7.892406
 8.064288
 7.621741
 7.601737
 7.541547
 7.338671
 6.442683
 7.030063
 6.427766
 6.708313
 6.940600
 7.324689
 7.363413
 7.653121
 7.135804
 7.442447
 6.794640
 4.932331
 4.927904
 4.855225
 4.880719
 4.832988
 6.939062
 7.103935
 7.004720
 7.308060
 7.360462
 6.441710
 6.530792
 6.359677
 6.091098
 6.361842
 6.101404
 5.831767
 5.582666
 6.117038
 6.106926
 6.265359
 6.484595
 6.240895
 6.309885
 6.003688
 6.170822
 6.190003
 6.338777
 6.442554
 6.302890
 4.960577
 5.343704
 4.527780
 4.727135
 5.278564
 5.123743
 5.427629
 5.142881
 5.214587
 5.388990
 5.803483
 6.091063
 3.838129
 3.975504
 3.988151
 4.255641
 3.867445
 3.637499
 4.235733
 4.456304
 4.274745
 4.426798
 4.367560
 4.211976
 4.355320
 5.164991
 6.106945
 6.069308
 5.321159
 5.411873
 4.970161
 5.627574
 5.602735
 5.591212
 5.660178
 5.557325
 5.682279
 6.704499
 6.640934
 6.282021
 6.248394
 5.978023
 6.175026
 6.299894
 6.097528
 5.964508
 6.283874
 6.376352
 6.499997
 6.648825
 6.645493
 6.918549
 6.980787
 6.724357
 6.807556
 6.178025
 4.992112
 5.195441
 4.612039
 5.344062
 4.902451
 5.192994
 4.813592
 4.761533
 4.980963
 5.169203
 4.878780
 4.920387
 5.018344
 4.692962
 5.241282
 5.084622
 4.882641
 4.760911
 5.172044
 5.298610
 5.353374
 5.215948
 5.209616
 5.638629
 5.467274
 4.712381
 4.666783
 4.510909
 4.664223
 4.971448
 4.678172
 5.001570
 5.681244
 5.232289
 4.747538
 4.547651
 4.661710
 4.850468
 4.532939
 3.725403
 3.941904
 3.905226
 4.240689
 4.161732
 3.964715
 3.889533
 4.109639
 4.124034
 5.508522
 5.180533
 4.980468
 4.993581
 5.447424
 5.213391
 5.221407
 4.865823
 4.966454
 4.916260
 5.076853
 4.706174
 4.431655
 4.148337
 4.215005
 4.245044
 4.540317
 4.679490
 4.709515
 4.825555
 5.165269
 5.249642
 5.526046
 5.333724
 5.976662
 5.191188
 5.267138
 5.314777
 5.381115
 5.335190
 4.189083
 5.070365
 4.068177
 4.414730
 4.076469
 4.363039
 4.500232
 4.556586
 4.611050
 4.462032
 4.829534
 4.990682
 4.615584
 4.835003
 4.726793
 4.467618
 4.433620
 4.272591
 4.151099
 3.985837
 3.883425
 5.166862
 5.141025
 4.860506
 5.345660
 5.209810
 4.991415
 5.059007
 4.728165
 4.889488
 4.841835
 4.528340
 4.863692
 4.738190
 4.689858
 4.638392
 4.769516
 4.778370
 4.879698
 4.713697
 4.700033
 5.484642
 5.631999
 5.274547
 5.498897
 5.545058
 5.876563
 5.444338
 5.538704
 5.118204
 5.510444
 5.650973
 4.688759
 4.755139
 4.513068
 4.325213
 4.090618
 3.976157
 4.324955
 4.144219
 4.179861
 6.590706
 6.685112
 5.794564
 6.011164
 3.980299
 3.689624
 3.967619
 3.635767
 3.688340
 3.564155
 8.264125
 8.449336
 8.776176
 8.623997
 7.869028
 8.083975
 8.784106
 8.675301
 9.221288
 8.493015
 8.699537
 8.712722
10.064128
10.808189
 7.658589
 8.069472
 8.209027
 5.893613
 6.081682
 5.857163
 5.754540
 5.898900
 5.791612
 6.101659
 6.449751
 6.282924
 7.166251
 7.338652
 7.820790
 6.937901
 4.997349
 5.200062
 5.126575
 4.897414
 5.160159
 6.550852
 6.184436
 6.339358
 6.573683
 6.869485
 5.863523
 6.146985
 6.079024
 5.815218
 4.551759
 4.814952
 4.232205
 4.451964
 4.841749
 5.126521
 6.195293
 6.221968
 5.814630
 6.009591
 5.947425
 5.966246
 5.609552
 5.772998
 5.853000
 5.642771
 4.611587
 4.599906
 4.991684
 5.173639
 4.900290
 5.020662
 5.231540
 5.407779
 5.032131
 5.784875
 4.594084
 4.486626
 4.422137
 4.443731
 5.140115
 5.025890
 4.937635
 7.117956
 6.524743
 6.785760
 6.507031
 6.352892
 7.703461
 7.077520
 6.513180
 7.364365
 6.774641
 6.921652
 6.894133
 6.259660
 6.435412
 6.369553
 6.378018
 6.652283
 7.134643
 6.242789
 6.355486
 6.181742
 5.730525
 5.808479
 5.604570
 4.554055
 4.719168
 3.987572
 4.073736
 4.231012
 3.234755
 3.347590
 3.407225
 3.445857
 3.406057
 3.586244
 3.508099
 3.674391
 3.460446
 3.650402
 4.243401
 4.292858
 4.118375
 4.059905
 3.309151
 3.867478
 3.999895
 5.354453
 5.243907
 5.209230
 5.105403
 5.110050
 5.116903
 5.352095
 5.048042
 5.357795
 5.151824
 5.268918
 5.913152
 6.180355
 3.819244
 3.496333
 3.855133
 3.818567
 3.783299
 3.686062
 3.861559
 4.422650
 4.348361
 4.070862
 4.272285
 4.607003
 4.209192
 4.605408
 4.362150
 4.606109
 4.649549
 4.330409
 4.482649
 4.080135
 4.454082
 4.806470
 5.592193
 5.407992
 5.122242
 5.156884
 4.973973
 5.314703
 4.878714
 4.723182
 3.079358
 3.178078
 3.899313
 4.158038
 4.092651
 3.986796
 4.385789
 4.154543
 4.412336
 4.085023
 4.383020
 4.216931
 3.796246
 3.602092
 3.431585
 3.151190
 3.466875
 4.355510
 4.247011
 3.671322
 4.498817
 3.920938
 4.434664
 4.216709
 4.391832
 4.131195
 4.159414
 4.166684
 4.058886
 4.291054
 4.056006
 4.325105
 3.783191
 3.669471
 3.651045
 4.016106
 3.914606
 4.041490
 3.895369
 4.270306
 4.219614
 4.295190
 4.355269
 4.662075
 4.836075
 4.789777
 4.548362
 4.769792
 4.796983
 4.983923
 4.970240
 4.896566
 4.693933
 5.437675
 5.027502
 4.882376
 5.027041
 4.950087
 4.984755
 5.046882
 4.137830
 4.241911
 4.316954
 4.495723
 3.722216
 3.847918
 3.799368
 3.969248
 4.089644
 4.047125
 4.287336
 3.826980
 4.049381
 3.744742
 3.896775
 3.969952
 3.566761
 4.126508
 4.263756
 3.987195
 4.277682
 4.032520
 4.227660
 4.176735
 4.481599
 4.712837
 5.062922
 4.552818
 3.948132
 4.894653
 5.077940
 5.282368
 5.026334
 6.062629
 6.187927
 6.039930
 6.030720
 6.261481
 6.945678
 6.430570
 6.504509
 6.074685
 5.763526
 6.058799
 6.025334
 5.985736
 3.821071
 3.866366
 3.759864
 3.434143
 3.713826
 3.979000
 2.234484
 2.298215
 2.022333
 2.171025
 2.215750
 2.118619
 2.105834
 2.277614
 4.987767
 4.825412
 4.744627
 5.122069
 4.401172
 4.002580
 4.486978
 4.451974
 4.452038
 4.482087
 4.901450
 4.497414
 4.089424
 4.283812
 4.247306
 4.334409
 4.235395
 4.316692
 4.438167
 4.548766
 4.384074
 4.389229
 3.765720
 4.252199
 4.257853
 4.142975
 4.204305
 4.337396
 4.249870
 4.249005
 4.305130
 3.752848
 4.783516
 4.681448
 4.300625
 3.908387
 4.303234
 4.774040
 4.795215
 3.895712
 3.864770
 4.116095
 3.702219
 3.885388
 4.144046
 4.150004
 4.072413
 3.889634
 4.167547
 3.852462
 3.930120
 3.716740
 3.988784
 3.792031
 4.121068
 4.411960
 4.778976
 4.713946
 4.616562
 4.873318
 4.227050
 4.270083
 4.049589
 2.987661
 3.383409
 3.246451
 3.323808
 3.157353
 2.839426
 2.911726
 2.952588
 3.161529
 2.961108
 2.596996
 2.570235
 2.488321
 3.036874
 2.721858
 4.646232
 4.447216
 4.746686
 4.851054
 4.864590
 4.588970
 4.788593
 4.821755
 4.686416
 4.756475
 4.456499
 4.395266
 4.396660
 4.139242
 4.940122
 4.741090
 4.507325
 3.985333
 4.068361
 4.106376
 4.499770
 4.137507
 6.370085
 7.574798
 7.536903
 6.817362
 6.914326
 6.705796
 6.358982
 6.510582
 7.046493
 6.820711
 6.566462
 6.346832
 5.898862
 5.926967
 6.140802
 5.909314
 5.588284
 6.610861
 6.707990
 6.791125
 5.809584
 5.531403
 6.224120
 5.614783
 5.831385
 5.795330
 6.083021
 5.978339
 5.796654
 6.286868
 5.841448
 6.020422
 5.875738
 5.410098
 6.150166
 6.652032
 6.707434
 6.772768
 6.841855
 6.871803
 6.038107
 6.249604
 5.894879
 5.870646
 6.109194
 5.782904
 5.503201
 5.408453
 5.540852
 5.616702
 5.687017
 5.529699
 5.756864
 5.612951
 5.574028
 5.669237
 5.615391
 5.333796
 6.026052
 5.736348
 5.736370
 6.918405
 6.324326
 7.073356
 7.424599
 6.941321
 6.371550
 6.758511
 6.683922
 6.031312
 5.830857
 5.852552
 6.107634
 6.305240
 6.204694
 6.778107
 5.240932
 5.851479
 6.004259
 4.934960
 4.942277
 4.832800
 4.448118
 4.083983
 4.106891
 4.121295
 4.488751
 4.761421
 4.513320
 4.512041
 4.308892
 4.334075
 4.417592
 4.207092
 4.180906
 3.861900
 4.367070
 4.647357
 4.386153
 4.407033
 4.521090
 3.889805
 4.325937
 4.242225
 3.864156
 4.193846
 4.747682
 6.163708
 6.497342
 5.474955
 5.387014
 5.452819
 5.840793
 5.884472
 5.979700
 5.498550
 4.493129
 4.768384
 4.792138
 4.663587
 4.950565
 5.243750
 5.390821
 5.295649
 5.152377
 5.113505
 5.574069
 5.097614
 4.997612
 4.871241
 5.035892
 5.301028
 5.263671
 5.507452
 5.169999
 5.186501
 4.809348
 4.399375
 4.713619
 4.882383
 4.763307
 4.977660
 4.933577
 4.905733
 4.705067
 4.839693
 4.592748
 4.573764
 4.977358
 5.299647
 5.129495
 5.488729
 4.820444
 5.262462
 4.980814
 6.854090
 6.946253
 6.769754
 7.018013
 6.859580
 6.609024
 7.326349
 7.497555
 7.164499
 7.377576
 7.738662
 7.985720
 7.524023
 7.373443
 6.509466
 6.954135
 6.803194
 6.717569
 6.324640
 7.104680
 6.607348
 7.140320
 7.030322
 6.415091
 5.422465
 5.150905
 4.735303
 4.830735
 4.964466
 4.338701
 4.435103
 4.927944
 4.199140
 4.645693
 4.397037
 4.713503
 4.738069
 4.728386
 4.550812
 4.493638
 6.548748
 6.528790
 6.387163
 6.512799
 5.029487
 5.194744
 5.106734
 5.736553
 5.628847
 5.089405
 5.355228
 5.483549
 5.059460
 5.636190
 5.523718
 5.220512
 6.029810
 5.992689
 6.281272
 6.144016
 6.545914
 5.690219
 5.382515
 5.282996
 4.947542
 6.112492
 6.172369
 6.013058
 7.128143
 6.188820
 6.913702
 6.403883
 6.790075
 6.841581
 7.366235
 7.255187
 6.756098
 6.857832
 6.622971
 8.202154
 7.922296
 8.690308
 8.615069
 8.225776
 8.737912
 7.008741
 6.775608
 7.087080
 6.909099
 6.722597
 6.618174
 6.506763
 7.611879
 7.703610
 7.816322
 6.602487
 6.491288
 6.944295
 7.186148
 6.760724
 6.358224
 7.158926
 7.041634
 7.000092
 6.920891
 6.666570
 7.088134
 5.736289
 7.656906
 7.818170
 8.453152
 8.257409
 8.809952
 8.459283
 7.362904
 7.578636
 6.873267
 7.737660
 7.310915
 7.753064
 6.439394
 6.860238
 6.568421
 7.322340
 7.636919
 7.656095
 7.370560
 7.274659
 8.042727
 7.194182
 7.221463
 7.243712
 5.878571
 6.442326
 6.300153
 6.113063
 6.436429
 6.007755
 5.395309
 5.867772
 5.309158
 6.826954
 8.284977
 7.685334
 8.218443
 8.384007
 8.242460
 8.170676
 7.585353
 8.014260
 7.208929
 7.181261
 7.392109
 7.616410
 7.010998
 6.234908
 7.737728
 8.073315
 7.959469
 7.571865
 7.540099
 6.936475
 6.980157
 7.352484
 7.490615
 5.897793
 5.643480
 5.737359
 5.734331
 5.724412
 4.655115
 4.526455
 4.636279
 4.557705
 4.516170
 4.917460
 4.312858
 4.622754
 4.475338
 3.842688
 3.824921
 4.797807
 4.815012
 4.159151
 4.050413
 3.815343
 3.457587
 3.652223
 3.617548
 3.388307
 3.257634
 3.181264
 3.528105
 3.426350
 3.619815
 3.680227
 3.488923
 3.723161
 3.321523
 3.573951
 3.393150
 3.740160
 3.329699
 3.759999
 3.344172
 3.659514
 3.274531
 3.349961
 3.196237
 3.654820
 3.057738
 3.429943
 3.358103
 3.207709
 3.057932
 3.676239
 3.573989
 4.200676
 4.154715
 4.530573
 4.699090
 5.036611
 4.890048
 4.811648
 4.257622
 4.511370
 4.240353
 4.330126
 4.106382
 4.622506
 4.480632
 4.411736
 4.234857
 4.584360
 4.212401
 4.356675
 4.364781
 4.330687
 4.171012
 3.916321
 4.106768
 5.093076
 4.292310
 4.510924
 4.103356
 4.437315
 4.469224
 4.591427
 4.173444
 4.831939
 4.489984
 4.912683
 5.203807
 4.155394
 4.087269
 4.138668
 4.281624
 5.768490
 5.903160
 5.588136
 5.416837
 5.529100
 5.699560
 6.098235
 5.826828
 5.973509
 5.931071
 5.944524
 6.193288
 4.733175
 5.285906
 5.126636
 5.494929
 5.480917
 5.933570
 4.038588
 4.345816
 5.493794
 5.362129
 5.254847
 4.765668
 4.837180
 4.970556
 5.197388
 5.720385
 5.401557
 5.634859
 5.777153
 5.936112
 5.589383
 6.116090
 5.851221
 5.442982
 5.437168
 5.688708
 5.463122
 5.839919
 6.013893
 5.785858
 6.005781
 5.905625
 6.465365
 5.768428
 6.569262
 6.335066
 6.040794
 5.883065
 5.640385
 5.972465
 6.114754
 5.672885
 6.227247
 7.368045
 6.793858
 6.949747
 7.428427
 6.985983
 6.715303
 6.555580
 5.931627
 6.545712
 6.568064
 6.619791
 5.343913
 5.421065
 5.462675
 5.409576
 5.210060
 5.479451
 5.763801
 5.540831
 5.731004
 5.732812
 5.848429
 5.648009
 5.141240
 5.515081
 5.637840
 5.730630
 5.179598
 6.464435
 5.949248
 6.292671
 6.124298
 4.029720
 3.955783
 3.948330
 3.901796
 3.933464
 4.661805
 4.553289
 4.639957
 4.688995
 4.375078
 5.035428
 4.619788
 4.595243
 4.321766
 4.571335
 5.040671
 5.489031
 4.936488
 5.164753
 5.544956
 5.391866
 4.914817
 5.081864
 5.580901
 5.102434
 5.392177
 5.397007
 4.991404
 5.349687
 5.203635
 5.492723
 5.720766
 5.376916
 5.114145
 5.143897
 5.351879
 5.417559
 5.177485
 5.382659
 4.460343
 4.157294
 4.784900
 4.715564
 4.359019
 4.515358
 4.666253
 4.915294
 4.753231
 4.562275
 4.291498
 4.398367
 4.568636
 4.208973
 4.401629
 4.534480
 4.230373
 4.029284
 3.263044
 3.146636
 3.287085
 5.687543
 5.637953
 5.951027
 5.592326
 5.581767
 5.534490
 5.606058
 5.607656
 5.988208
 5.833080
 5.796319
 5.284874
 5.727604
 5.688657
 5.596229
 5.463858
 5.724212
 5.652882
 5.349218
 5.069558
 5.764669
 5.938503
 5.879016
 6.098238
 6.135750
 5.638105
 5.712318
 4.639457
 4.951709
 4.963879
 5.023002
 5.205830
 7.746751
 7.684614
 7.512028
 7.703239
 7.771436
 7.857067
 8.536672
 9.458892
 8.958076
 7.601651
 8.033870
 7.647154
 7.675811
 8.140355
 7.900997
 8.807342
 8.635350
 5.962621
 6.412023
 6.340582
 6.016284
 6.658045
 6.401260
 6.487900
 6.057872
 6.273563
 6.818410
 6.304722
 6.823086
 6.636810
 6.458904
 6.765970
 6.915655
 5.617945
 5.507969
 5.362292
 5.212678
 5.479255
 4.918820
 5.148059
 5.344982
 5.219729
 5.330111
 5.486160
 6.436523
 6.586211
 6.358892
 6.535540
 6.907979
 6.506564
 6.000845
 5.857218
 5.920031
 6.932791
 6.963140
 7.354931
 7.775369
 7.395248
 7.713112
 4.842781
 4.943440
 4.649900
 4.741170
 4.413125
 4.709852
 4.921440
 4.647896
 5.229931
 5.659793
 5.452335
 5.961334
 5.881591
 5.882129
 5.811074
 5.315477
 5.795964
 5.299090
 5.180563
 5.250877
 5.771851
 5.359885
 5.000251
 5.735213
 5.491110
 6.216303
 6.703228
 6.824106
 5.025735
 5.085892
 4.967360
 5.607545
 5.491547
 5.365941
 5.814406
 5.002020
 4.786047
 4.882123
 4.906374
 4.682823
 4.814611
 4.875730
 5.058028
 4.648974
 4.928551
 4.740900
 5.330169
 4.759445
 4.720358
 4.573934
 4.740597
 6.028031
 6.116942
 5.762013
 5.864850
 6.063861
 5.869860
 5.874224
 5.991948
 5.692005
 6.301835
 6.340224
 6.314527
 6.424155
 6.222015
 6.639015
 8.292019
 8.050602
 7.855011
 7.942877
 8.169177
 8.029056
 6.750728
 5.839222
 6.159219
 6.519652
 6.257447
 6.355178
 6.221043
 6.257607
 6.471376
 6.370729
 6.588252
 5.331309
 5.409255
 5.643019
 5.729240
 8.294386
 8.375638
 8.757600
 8.144722
 8.593983
 7.085067
 7.316931
 8.122254
 7.860580
 7.396536
 8.086007
 8.851801
 7.992893
 8.007936
 8.402615
 7.326816
 8.014309
 7.839061
 7.214412
 7.836864
 8.545817
 9.041423
 8.503869
 8.490337
 8.421331
 9.190781
 7.664407
 7.296410
 7.652156
 7.056347
 6.804728
 6.154671
 5.695667
 5.381306
 5.447791
 5.558458
 5.615742
 5.654205
 5.044459
 7.010992
 6.549512
 7.389483
 7.404665
 7.498544
 7.107243
 7.426135
 7.905966
 7.712364
 7.595211
 6.678576
 6.366333
 8.208719
 8.165960
 7.541587
 7.548168
 7.331914
 7.843362
 8.225564
 7.876465
 7.025830
 8.439920
 7.818599
 6.109610
 7.132516
 7.693262
 7.826025
 8.453740
 7.945855
 6.394220
 6.664652
 6.533510
 7.239095
 7.604729
 7.162694
 7.517431
 8.082855
 7.264548
 7.278018
 7.058148
 6.322240
 6.283729
 5.919946
 5.875063
 5.987140
 6.299773
 5.924062
 5.682236
 6.368463
 5.577122
 6.009900
 5.887725
 6.280358
 5.668827
 5.748961
 5.542240
 5.017550
 5.183910
 5.222609
 5.219547
 5.057397
 5.495385
 5.613053
 5.848714
 4.826741
 4.676565
 4.788703
 4.918340
 4.430390
 4.684580
 4.885953
 4.718666
 3.091882
 5.169136
 5.814313
 5.934394
 6.350145
 6.015345
 6.519327
 6.561854
 6.397648
 6.062110
 5.758633
 5.771904
 6.081590
 5.872915
 6.232161
 6.691024
 5.974643
 6.209944
 4.997435
 5.038843
 4.867688
 4.960708
 4.898366
 5.292642
 4.952639
 5.048938
 4.875191
 4.777500
 4.590912
 4.686291
 4.428898
 5.052777
 5.165871
 5.033762
 4.114678
 4.166748
 4.088803
 3.909416
 3.744861
 6.392189
 6.314203
 6.001094
 6.677649
 6.092501
 6.510563
 6.311094
 6.334879
 6.464113
 5.519564
 5.783692
 5.554952
 5.801066
 5.838750
 5.892256
 5.319189
 5.000698
 5.179363
 4.574954
 5.376450
 5.713461
 4.966238
 5.167602
 5.593205
 5.913043
 6.285173
 6.037155
 6.035152
 5.988461
 5.544854
 6.483102
 6.418219
 5.522176
 4.792594
 5.204857
 4.739753
 5.569148
 5.713249
 5.154742
 4.474899
 4.170058
 4.725236
 4.322930
 4.701160
 4.393905
 5.318934
 4.949566
 5.744098
 5.651900
 5.667891
 5.542181
 5.763061
 6.084897
 5.678443
 5.864362
 5.602896
 5.402444
 5.427074
 5.948322
 5.615333
 5.706111
 6.027301
 5.284177
 5.874458
 6.236899
 6.633186
 4.005689
 4.510151
 4.344158
 4.406177
 4.225363
 4.175948
 4.390448
 4.471491
 4.034908
 4.554308
 5.472064
 5.012201
 5.176059
 4.666708
 4.573169
 4.695747
 4.834550
 4.748815
 4.780574
 4.768480
 4.701970
 4.212973
 4.546647
 5.132479
 5.152946
 5.691637
 5.093414
 5.274427
 4.742816
 4.976756
 4.914100
 5.474744
 5.320891
 5.633684
 5.230705
 5.738229
 5.033574
 4.672504
 5.067281
 4.877949
 5.152495
 5.167014
 5.107663
 5.176242
 4.762855
 4.886316
 4.876113
 5.137901
 4.899357
 5.106358
 5.655349
 5.578514
 5.021520
 4.861531
 5.354677
 4.933704
 4.825702
 4.699690
 5.109582
 5.145493
 5.594744
 5.449319
 5.228525
 5.804683
 6.204013
 4.317345
 4.054477
 9.283606
 9.103959
 9.358354
 8.898841
 9.337231
 8.953916
 8.926250
 8.696824
 9.363169
 8.806227
 8.954168
 8.866280
 8.749676
 9.287491
 6.101368
 6.489736
 6.354229
 6.972553
 6.568104
 5.579106
 5.603047
 6.484273
 6.983093
 6.590407
 5.111625
 5.556779
 5.576347
 5.864627
 8.930909
 8.480375
 8.342516
 8.192650
 8.926091
 7.739260
 8.097834
 7.334673
 7.054301
 7.366764
 7.139200
 7.577222
 7.084591
 7.544121
 7.013208
 7.153947
 6.280077
 6.802228
 6.402661
 6.371409
 6.495221
 6.487445
 6.533046
 6.573440
 6.022567
 6.732281
 7.108515
 5.552806
 6.231191
 6.392083
 6.740179
 6.273183
 6.469849
 6.111345
 6.069968
 6.485702
 6.577255
 6.009813
 6.406752
 6.357033
 6.675527
 7.042457
 7.810828
 7.692128
 7.709953
 7.829099
 7.359783
 6.587655
 6.866153
 7.158861
 7.288747
 7.004096
 6.805989
 7.269294
 7.856042
 7.297521
 7.305695
 7.175317
 6.936803
 7.346704
 7.673002
 6.902568
 7.212394
 7.736447
 7.033730
 7.805526
 7.674406
 7.901759
 7.677818
 8.134486
 8.402823
 8.360534
 8.205562
 7.943260
 8.146481
 8.762726
 8.597169
 8.143946
 8.413436
 8.322444
 7.111261
 6.508352
 6.126609
 7.197039
 6.845413
 6.477849
 6.911293
 6.843807
 6.453428
 7.067377
 6.553348
 6.845261
 6.523319
 7.279281
 7.092159
 7.760154
 8.132426
 7.738891
 7.480955
 7.120201
 7.398047
 7.693143
 6.957316
 6.980970
 7.272599
 8.084878
 7.814545
 7.741754
 8.293304
 7.503232
 7.490646
 7.466864
 6.797730
 7.329377
 7.676704
 7.952319
 7.313621
 7.395793
 7.985105
 8.140916
 7.429112
 6.762166
 7.338719
 7.055576
 8.021249
 7.927316
 8.278770
 7.314443
 7.853645
 7.338174
 7.734121
 7.892781
 7.714547
 7.283746
 7.631006
 7.568744
 7.443882
 7.301911
 7.729664
 7.935620
 4.913934
 4.862048
 4.821546
 4.904173
 6.420470
 5.709928
 5.764912
 5.872166
 6.075919
 5.365242
 5.565044
 5.426684
 5.543426
 6.808584
 6.552032
 5.420215
 5.374489
 6.186184
 6.170578
 6.147158
 5.722122
 5.654405
 5.535142
 5.457199
 5.224171
 5.453895
 5.953091
 5.777500
 5.558435
 5.338006
 5.427506
 5.173415
 5.033776
 5.156649
 5.263717
 5.214237
 5.056130
 5.183700
 5.543408
 7.485051
 6.452795
 6.948680
 4.590750
 4.552266
 4.379003
 4.646771
 4.465992
 4.672905
 4.976544
 4.428510
 4.611440
 5.317167
 5.177225
 5.156668
 4.839486
 4.102353
 3.923895
 4.313931
 4.415164
 4.105153
 4.100736
 4.254140
 3.735400
 3.930778
 3.888293
 4.060049
 4.105819
 5.117858
 4.480834
 4.461759
 4.717479
 4.405727
 4.428349
 4.738431
 4.564178
 4.443066
 4.359400
 4.419471
 4.496616
 4.734230
 4.276463
 4.298844
 4.243818
 3.021253
 3.203501
 3.098927
 6.974918
 6.800958
 6.612336
 6.431293
 6.320000
 6.737863
 7.106054
 6.625524
 5.452821
 5.647079
 5.509003
 5.064778
 5.424695
 5.312922
 5.366867
 5.441012
 5.373438
 5.098695
 7.936552
 7.663498
 8.895819
 8.609950
 8.251543
 8.590050
 8.632919
 9.249138
 8.359503
 8.672515
 8.926831
 9.173114
 9.242753
 9.822863
 9.522014
 8.950317
 9.349580
 8.705649
 9.163013
 8.739920
10.082339
 9.743032
 9.450586
 8.838475
 9.286676
 9.722204
 8.903779
 9.400860
 7.404017
 8.490526
 8.044051
 8.233305
 8.527364
 8.858523
 8.224159
 9.066751
 3.584254
 3.664068
 5.413612
 5.083440
 2.437480
 2.515571
 2.714475
 2.402763
 2.312752
 2.701516
 2.634377
 2.659240
 3.836423
 4.031288
 3.773306
 4.534971
 4.211771
 3.938900
 3.801622
 3.655781
 3.685308
 3.785262
 3.588666
 3.645954
 3.742635
 3.916135
 3.538912
 3.638017
 3.561887
 3.978352
 4.216944
 3.941311
 4.698726
 3.756057
 4.380974
 4.257335
 4.081297
 3.943495
 3.754611
 3.986457
 3.788608
 4.694619
 4.461432
 3.708582
 3.676536
 3.901932
 4.166600
 5.468198
 4.370594
 4.423628
 4.563164
 4.301834
 3.865287
 4.098688
 4.345933
 4.052048
 4.786212
 4.539028
 4.470047
 4.365237
 4.673468
 4.672855
 4.412173
 3.813929
 4.056442
 4.197442
 4.267256
 4.570402
 4.646973
 4.580129
 4.719199
 4.852227
 5.283436
 8.381447
 8.907114
 8.892980
 8.345554
 8.722604
 8.493284
 7.461252
 8.397016
 8.545398
 6.073189
 6.427227
 5.758648
 8.614967
 9.186249
 9.107773
 8.881953
 8.424799
 8.932646
 8.826742
 8.046119
 8.676284
 9.227763
 9.364836
 8.689459
 8.881916
 8.966469
 9.223454
 8.177145
 7.845659
 8.257254
 8.763856
 8.665960
 3.389808
 3.551191
 3.578139
 3.523288
 4.226765
 4.099876
 4.280009
 4.184592
 4.627197
 4.819632
 5.136414
 4.749325
 5.149681
 5.551477
 5.177560
 5.171902
 5.417626
 4.262333
 4.485283
 3.993511
 4.060926
 4.335546
 4.407618
 4.188038
 3.794764
 3.934903
 3.944144
 4.187571
 4.679342
 4.845222
 4.969301
 5.058390
 5.181071
 5.146018
 5.158204
 4.922932
 4.913412
 4.810248
 4.959747
 4.839212
 5.038128
 4.993230
 3.487332
 3.427855
 3.730423
 3.723764
 3.839340
 4.018481
 3.799942
 4.145138
 6.296069
 7.670621
 7.773506
 7.556877
 7.131134
 6.930986
 7.693976
 6.359248
 6.262345
 6.866935
 6.411290
 6.314520
 6.271257
 6.685182
 6.334019
 5.700490
 5.844831
 5.459710
 6.562543
 5.884342
 6.288544
 6.164876
 6.147769
 5.670346
 5.858279
 6.118099
 6.172455
 6.184794
 5.900597
 6.214485
 5.979926
 6.367578
 6.737769
 6.701612
 6.454561
 6.094283
 5.201393
 4.874078
 5.264228
 5.071188
 5.259171
 5.747084
 5.591400
 6.476777
 6.702968
 6.948587
 6.772710
 6.079680
 7.154344
 4.891023
 5.189267
 5.344367
 4.491335
 5.183389
 5.486779
 6.077803
 6.010533
 6.264941
 6.316203
 5.920418
 5.927497
 6.872056
 7.262697
 6.854801
 7.442128
 7.019994
 6.928859
 7.073897
 7.070845
 6.247688
 6.341205
 6.338450
 6.396334
 3.571204
 3.516888
 3.872273
 3.765825
 4.276162
 3.776463
 3.624193
 4.292136
 4.420920
 3.608800
 3.475757
 3.676114
 4.313724
 4.048642
 4.404336
 6.949496
 7.069885
 6.578428
 6.553438
 6.611555
 6.755077
 7.512388
 7.081630
 7.637576
 7.175255
 6.069374
 6.032674
 6.120684
 6.899570
 6.080392
 6.516748
 7.024598
 6.684831
 6.220555
 5.599860
 6.512606
 6.880929
 7.039692
 5.205343
 4.962272
 5.432439
 5.509924
 4.899555
 5.490088
 5.629776
 5.647078
 5.390343
 5.223455
 5.395246
 5.233883
 5.012198
 6.292889
 5.910428
 6.168110
 6.277589
 6.820750
 6.297925
 6.206784
 5.991851
 4.874343
 5.066318
 6.293671
 6.489558
 6.353505
 5.855032
 6.332098
 7.776997
 7.597484
 7.928943
 7.861227
 7.177989
 7.577429
 7.646623
 7.563588
 6.857644
 5.179987
 4.992475
 5.245363
 4.874780
 4.682680
 4.645415
 4.748199
 4.903110
 5.272358
 4.133773
 4.284862
 4.816471
 4.816327
 5.093386
 5.117879
 5.055326
 4.773262
 3.826173
 4.067009
 4.054179
 4.144254
 3.492432
 3.425343
 3.523939
 3.303968
 3.669446
 3.569849
 3.689560
 3.544389
 3.526302
 3.747880
 3.720831
 3.800490
 5.353125
 5.135946
 5.601408
 5.157438
 5.377624
 5.401721
 5.153794
 4.979779
 4.947331
 5.096018
 5.256739
 4.928770
 4.912352
 4.999259
 4.944201
 4.944768
 5.198130
 5.240992
 5.248630
 6.119732
 5.856644
 5.586209
 6.349829
 6.001444
 6.190231
 4.881678
 5.274395
 5.069217
 4.889415
 5.164469
 5.033084
 4.883475
 4.941723
 4.853023
 4.675545
 4.776528
 4.702118
 4.840770
 6.250324
 5.456912
 5.805342
 5.462441
 5.886468
 5.810603
 6.586009
 5.863075
 6.253691
 6.227098
 3.702486
 3.121871
 3.268869
 3.037231
 3.068925
 3.047461
 3.596219
 3.583453
 3.752902
 3.550321
 3.489004
 3.679999
 3.513558
 5.348914
 5.142561
 4.705054
 5.089365
 5.406888
 5.646973
 5.484209
 4.961330
 4.903211
 5.102456
 4.689049
 5.045678
 5.302171
 4.902475
 5.141748
 5.207550
 5.500884
 5.147355
 5.542500
 5.853692
 5.420949
 5.422438
 4.791054
 5.229039
 4.866552
 5.231846
 5.769410
 5.699857
 5.495785
 6.740645
 6.971695
 6.967577
 6.848764
 6.789438
 6.627082
 7.277352
 6.425934
 6.950080
 6.938144
 7.082204
 4.447301
 4.582050
 4.479220
 4.638008
 4.572697
 4.742457
 4.672339
 3.996849
 4.151030
 4.099903
 4.980753
 4.601822
 4.700808
 4.848737
 4.724949
 4.824977
 6.565148
 6.487299
 6.633768
 6.761223
 6.529083
 6.625936
 6.516997
 6.551049
 5.797118
 6.278716
 6.561262
 6.046226
 6.146704
 6.382512
 6.193158
 5.128521
 5.716835
 5.435083
 5.228405
 5.419557
 5.531021
 5.983388
 6.063960
 7.382442
 7.323844
 6.865755
 7.033086
 6.675299
 7.200765
 6.694794
 6.814642
 7.054971
 6.542981
 6.804754
 6.788840
 6.557862
 7.297328
 6.868059
 6.228939
 6.669889
 6.627376
 6.685065
 6.965484
 6.857956
 6.516132
 7.016627
 6.714452
 6.594071
 6.519638
 7.472572
 6.855299
 6.753260
 6.445440
 6.784237
 6.129176
 6.850313
 6.832373
 6.086397
 6.618591
 5.904545
 6.339564
 6.101036
 6.544803
 5.872036
 4.697885
 4.666271
 5.916474
 6.102842
 5.959528
 6.851395
 6.649215
 6.452946
 6.320151
 6.220833
 6.453374
 6.172278
 6.176352
 4.655561
 4.435871
 5.568944
 5.081867
 5.424734
 4.755523
 5.444865
 4.952941
 5.067081
 5.173209
 5.023193
 5.112315
 6.164612
 6.537969
 6.491523
 6.752938
 6.479615
 7.267835
 6.688601
 6.214410
 6.261401
 5.962072
 6.519053
 5.808447
 6.752285
 5.970758
 6.310109
 5.681496
 5.905954
 6.063075
 6.027772
 5.804615
 6.312708
 6.694754
 6.340062
 6.602315
 6.065169
 6.046317
 6.400063
 6.744259
 6.122019
 6.048476
 5.990783
 6.289907
 6.284983
 5.582050
 6.049164
 6.895202
 6.336799
 6.609003
 6.188569
 6.719198
 7.583920
 7.520648
 6.908188
 7.853667
 7.258792
 7.160691
 7.718316
 7.172233
 7.566862
 8.185081
 7.311866
 5.980751
 5.346512
 5.542012
 5.754050
 6.252814
 6.147736
 5.783261
 5.676001
 5.719150
 5.674149
 5.382297
 4.908396
 4.720120
 4.851365
 5.717532
 6.036875
 5.829353
 5.450493
 5.789385
 6.466090
 6.479766
 5.414552
 5.359855
 5.081465
 5.243367
 5.329914
 5.107696
 4.839583
 5.243516
 5.288202
 5.281857
 5.325836
 4.947176
 4.997607
 5.293596
 5.477688
 4.846319
 4.777184
 4.395181
 4.938709
 6.079066
 6.278269
 6.058562
 6.021041
 6.121522
 6.363000
 5.368106
 5.714316
 6.146745
 5.999014
 6.375245
 6.061568
 6.005536
 6.523423
 7.130441
 6.559368
 6.531323
 6.299041
 6.474869
 6.372676
 5.899495
 5.328527
 5.240266
 6.237293
 6.417020
 5.849617
 6.037762
 5.959674
 5.573983
 5.700086
 5.525682
 5.465473
 4.951705
 5.719171
 5.531855
 5.826149
 5.424351
 5.689440
 4.934963
 5.358592
 5.369558
 5.080882
 6.215140
 5.950384
 6.373916
 6.456165
 6.060369
 5.958491
 6.098691
 5.793471
 6.173291
 5.963268
 6.034417
 6.261007
 6.051037
 5.640821
 5.638900
 5.705012
 5.833506
 5.441172
 5.697686
 6.406124
 6.429962
 6.245434
 5.307821
 4.945262
 5.160131
 6.280332
 6.129876
 6.359623
 6.383560
 6.070419
 5.898851
 6.584010
 6.818476
 6.472521
 6.784025
 7.535868
 7.004376
 6.613824
 6.761396
 6.736601
 6.916073
 6.925857
 6.996363
 6.944539
 7.167051
 6.997978
 6.112650
 5.731467
 5.610019
 5.416850
 5.217695
 8.038219
 7.392310
 6.769883
 7.061385
 7.306394
 7.724744
 6.916038
 7.314448
 7.184551
 7.382672
 6.687052
 7.648327
 7.296246
 5.256689
 4.898268
 5.614211
 5.468475
 5.980153
 5.840174
 6.334974
 6.152703
 5.758155
 6.302027
 5.935053
 6.285656
 6.227178
 5.977134
 6.212587
 6.579067
 6.742055
 7.133412
 6.995508
 6.473659
 6.375364
 7.272613
 6.599997
 6.652080
 6.181989
 6.454475
 6.143560
 7.144536
 7.078328
 7.174309
 6.637981
 6.607873
 8.354286
 7.902750
 7.548565
 6.587188
 6.824106
 6.235114
 6.995161
 7.653245
 8.653410
 8.027745
 8.119080
 7.906139
 7.754853
 8.279080
 7.079248
 6.826126
 7.013031
 7.131039
 6.769943
 7.951186
 6.914773
 6.913563
 7.426640
 7.268537
 7.826628
 7.622530
 8.158942
 7.861486
 7.987738
 8.246511
 8.421216
 7.315311
 7.629973
 7.737711
 7.474579
 7.834262
 7.781616
 8.108533
 7.410644
 7.730590
 8.232241
 8.140351
 6.878775
 7.642212
 6.951259
 7.219023
 7.331890
 6.468806
 6.316812
 6.347026
 6.718343
 7.304500
 6.628735
 6.561122
 6.572734
 6.282032
 6.677458
 6.331734
 6.954189
 6.166282
 6.725430
 6.778273
 5.833883
 6.214542
 6.067285
 5.382847
 5.459456
 5.570663
 5.649796
 5.567694
 5.127565
 6.164899
 5.972595
 6.196992
 5.582221
 5.946977
 5.728707
 6.051902
 5.929955
 5.807449
 5.565437
 5.473123
 6.153688
 4.236785
 4.394753
 4.241027
 4.553379
 5.171782
 5.269785
 6.098841
 6.191931
 5.648895
 5.450160
 5.371848
 5.582053
 5.594329
 5.925217
 5.667374
 6.051239
 5.634824
 5.873937
 5.541327
 5.553499
 5.659933
 5.264019
 5.718800
 5.880500
 6.142602
 6.225707
 5.949055
 6.105989
 5.861569
 7.249464
 7.694361
 6.766406
 6.657962
 6.447094
 6.201112
 6.506793
 5.603524
 6.313926
 5.643065
 5.913344
 5.922711
 5.897486
 5.281227
 6.156793
 6.428708
 6.924324
 6.715467
 5.429143
 5.692466
 6.010937
 5.918911
 8.039865
 7.909330
 7.342884
 7.568802
 7.389418
 7.768208
 7.861758
 7.390723
 7.148341
 6.992631
 6.533815
 6.886525
 6.476300
 6.369295
 5.933568
 6.642083
 6.733056
 7.193489
 7.316602
 7.585314
 6.793630
 6.475295
 6.846760
 6.238842
 6.512866
 6.386114
 6.974947
 6.892072
 6.970967
 6.111715
 6.397882
 6.995328
 6.981422
 6.548544
 6.672037
 7.186752
 7.153648
 5.881787
 6.211786
 5.981715
 6.394226
 6.733636
 6.590740
 7.293081
 6.775631
 6.556097
 7.132672
 5.590781
 5.825146
 5.554951
 7.609650
 7.954005
 8.344897
 7.842773
 8.807094
 7.923686
 7.308900
 7.268049
 7.692208
 6.997422
 7.748244
 7.126111
 7.637174
 8.615872
 7.546224
 7.641495
 8.306709
 7.882878
 8.064918
 7.857520
 7.834204
 8.311950
 7.721671
 8.030125
 7.939041
 8.106098
 8.573391
 8.106579
 8.153062
 5.760666
 6.144865
 6.072515
 6.234673
 5.911713
 6.998815
 6.297329
 6.454461
 6.489174
 7.038477
 6.317798
 6.738824
 6.388790
 6.361104
 6.619083
 6.383653
 6.815468
 5.933816
 6.202599
 6.360488
 6.907591
 7.380232
 8.440035
 7.842190
 7.576315
 8.264724
 7.394555
 6.221157
 6.447360
 5.636126
 6.090099
 6.409876
 6.661592
 6.130795
 6.732135
 4.970496
 5.579553
 5.189362
 5.111463
 5.100720
 5.704134
 5.837247
 6.116416
 6.091649
 5.961576
 6.301220
 6.093247
 6.226937
 5.647747
 6.339421
 6.209361
 6.237618
 6.749194
 6.187114
 6.369734
 5.990424
 6.551080
 6.686732
 6.702027
 6.583036
 7.134526
 7.218757
 6.932277
 7.442253
 5.906000
 6.280551
 5.922055
 6.254369
 5.422505
 5.931295
 6.217910
 6.043054
 5.916779
 5.983454
 6.200684
 6.428961
 6.346482
 5.813080
 6.054795
 5.678972
 6.249710
 5.812093
 6.134698
 5.926770
 5.155846
 5.202735
 5.058402
 5.176928
 6.546019
 6.316839
 6.091320
 6.817571
 5.930945
 6.422218
 6.803941
 6.348020
 6.737768
 7.037712
 6.957601
 5.551775
 5.344950
 5.511607
 5.631848
 5.522396
 5.248401
 5.597712
 5.078165
 5.158221
 5.488124
 5.359286
 5.059828
 5.246052
 5.236552
 5.220162
 5.084604
 5.634913
 5.710038
 6.124838
 5.696939
 5.463037
 4.791570
 4.978967
 4.972093
 5.220843
 4.989274
 4.830913
 4.627485
 4.310097
 4.532230
 4.087784
 3.993006
 4.207260
 4.116848
 4.340769
 4.299534
 4.851431
 4.420160
 5.049103
 4.704377
 3.532815
 3.644369
 3.595581
 3.857343
 4.207486
 3.952163
 4.317376
 4.084701
 4.049436
 4.149243
 3.637297
 3.827236
 3.892554
 4.185765
 4.256867
 4.121448
 4.372997
 3.853996
 4.162865
 4.048032
 3.563967
 3.591291
 3.677148
 3.462543
 3.759862
 3.682186
 3.837950
 4.134106
 4.027449
 3.878115
 4.197999
 4.098317
 4.083545
 4.169928
 4.120646
 4.006840
 4.394997
 3.401572
 3.128822
 3.526463
 3.653195
 3.270476
 3.600652
 3.436675
 3.731490
 3.818800
 3.548673
 4.125597
 3.617339
 3.797860
 5.095876
 5.262534
 4.524960
 4.475205
 4.904911
 4.632548
 4.979965
 4.649721
 5.171945
 4.927451
 5.045555
 4.801312
 4.801914
 4.940355
 5.192587
 4.908092
 4.212998
 3.949394
 4.035015
 4.059161
 3.918648
 4.938458
 4.934211
 4.591431
 4.771434
 5.066816
 4.737467
 4.762270
 4.641928
 4.852401
 4.659141
 4.635135
 4.463530
 4.653822
 4.800380
 4.271433
 4.660732
 7.366355
 7.696588
 7.679991
 7.915290
 7.128268
 7.929899
 6.745108
 6.165745
 7.060568
 6.864709
 6.849840
 8.544634
 8.636826
 8.784049
 8.164570
 8.908400
 8.846325
 9.441806
 6.358316
 6.021886
 7.728643
 7.464533
 7.442183
 7.344627
 7.118343
 7.533118
 7.418174
 7.145578
 7.367730
 7.595393
 6.825697
 7.194745
 7.677641
 7.448159
 6.863282
 7.009511
 7.731950
 7.304165
 7.346175
 7.510219
 7.355303
 8.173313
 7.484390
 7.772082
 5.555910
 6.187096
 6.132527
 6.527264
 6.369236
 5.883617
 5.865566
 7.474174
 7.418934
 7.947853
 7.075149
 7.137566
 6.910981
 6.623555
 5.234749
 4.871693
 5.534968
 5.723073
 5.726130
 6.248530
 5.717090
 7.610521
 7.711679
 7.237914
 7.191630
 6.725258
 7.208704
 6.901927
 6.956055
 7.079208
 6.484622
 3.430193
 3.560970
 3.369122
 4.373496
 4.299863
 4.580159
 4.558773
 4.002559
 4.263953
 4.251534
 3.999894
 4.612898
 4.675319
 4.496069
 4.657931
 4.538738
 4.111598
 4.317726
 4.799255
 4.564419
 4.717332
 4.652994
 4.369890
 4.776205
 5.365392
 5.776305
 5.289497
 5.387916
 5.612952
 4.146933
 4.257247
 4.307408
 3.840864
 3.926456
 4.285825
 4.309977
 4.827841
 4.625862
 4.724856
 4.844651
 4.254372
 4.455107
 4.279890
 4.131749
 4.616827
 4.613768
 4.375048
 3.514372
 3.612151
 4.405434
 4.037213
 4.733063
 4.583679
 4.666752
 4.004606
 4.432973
 4.363425
 4.678858
 4.107643
 3.995519
 4.304869
 4.128939
 4.125190
 4.234484
 4.298889
 5.728596
 5.271047
 5.612054
 5.748470
 5.452178
 5.250609
 5.749642
 5.766356
 5.742528
 5.408979
 5.602934
 5.322669
 5.749966
 5.418193
 5.268781
 5.537213
 5.163097
 5.143162
 5.060418
 5.920151
 5.785154
 5.733407
 5.864197
 5.771978
 5.533943
 4.494026
 4.334161
 4.214818
 4.346111
 4.466195
 3.955344
 4.145549
 4.499568
 4.457489
 4.562060
 4.551012
 4.395624
 4.743958
 4.402389
 4.759266
 5.040329
 4.754595
 4.995598
 4.284776
 4.130205
 4.478270
 4.312339
 4.249232
 4.174167
 4.251135
 3.957881
 4.196698
 3.824004
 3.772434
 3.775347
 3.783174
 4.218481
 4.349014
 4.290190
 4.174140
 4.186319
 4.103130
 3.802785
 3.839500
 3.797809
 2.825509
 2.845185
 3.043184
 3.063485
 3.393531
 3.451254
 2.978620
 2.961124
 3.335727
 3.201700
 3.289039
 3.463455
 2.934066
 3.340509
 3.362563
 3.285303
 3.604819
 3.565590
 3.215026
 3.240192
 3.325219
 3.089178
 3.185095
 3.221754
 3.238890
 3.307229
 2.831207
 2.935370
 2.736353
 2.624066
 2.648520
 3.010198
 2.819852
 2.778721
 4.069062
 3.734524
 4.052868
 3.901064
 3.649616
 4.278171
 4.338942
 4.413384
 4.381967
 4.083786
 4.681806
 3.812263
 3.889753
 4.248627
 3.849255
 3.382727
 3.313927
 3.341370
 3.240455
 3.265152
 3.373051
 4.354225
 4.337702
 4.249177
 3.454462
 3.537888
 3.298555
 4.603229
 4.525366
 4.627231
 4.645533
 5.537083
 5.245800
 5.562197
 5.386883
 5.457480
 5.168240
 5.476631
 5.617600
 6.052423
 5.957290
 5.829558
 6.079466
 5.584103
 6.008500
 6.014778
 6.446461
 6.836578
 4.349931
 4.414821
 3.940672
 4.292200
 4.314215
 3.997726
 4.097848
 4.720233
 4.710645
 4.684412
 4.853545
 4.728416
 4.659886
 4.580418
 5.337820
 5.758807
 6.135695
 5.565387
 5.485895
 4.633168
 4.544960
 5.784916
 5.931981
 6.171984
 5.988955
 5.754635
 5.935354
 5.359850
 5.025717
 5.148194
 5.294784
 5.007579
 4.887903
 5.236593
 4.906600
 4.849342
 5.135625
 4.861728
 5.030856
 5.889048
 5.546540
 6.079527
 5.556982
 5.762071
 6.071559
 6.262456
 6.419904
 6.288918
 6.638700
 6.272133
 6.718296
 6.529293
 6.204564
 6.960924
 6.291825
 6.677101
 7.526263
 7.294576
 8.222454
 4.498103
 4.623535
 4.811464
 4.590092
 4.771072
 4.989556
 5.315278
 5.314207
 5.345500
 5.076486
 4.707757
 5.445333
 6.024529
 6.335498
 6.478822
 5.882063
 6.549135
 6.581460
 5.888512
 5.893406
 6.297819
 6.536815
 6.660580
 6.469391
 6.634405
 6.044852
 6.240059
 5.672599
 5.769739
 6.063605
 6.284263
 6.468994
 3.962626
 4.083605
 3.883309
 4.133920
 4.584582
 4.681325
 4.849151
 4.917135
 4.770017
 4.918322
 4.947931
 4.855765
 4.941675
 4.394248
 4.762166
 4.907926
 4.773895
 4.466046
 4.647895
 4.174853
 4.792573
 4.480474
 4.448311
 4.908279
 5.057314
 4.497199
 3.903861
 3.938615
 3.957862
 4.219469
 3.894318
 4.251576
 4.567040
 3.895965
 3.927458
 4.229207
 4.032282
 3.971398
 3.877722
 3.979327
 4.210271
 4.171028
 4.160740
 4.396336
 4.162489
 3.815158
 3.859626
 3.506073
 3.767436
 3.909570
 3.038944
 2.940391
 2.853445
 2.762898
 2.925461
 3.030304
 4.628393
 4.985152
 5.211351
 5.534838
 4.582214
 4.715453
 5.055813
 5.528345
 5.664215
 5.459669
 5.288359
 4.521064
 4.333839
 4.567448
 4.493429
 4.743032
 4.948477
 4.578984
 4.716039
 5.012065
 4.968508
 5.105117
 4.796334
 5.009289
 4.759682
 5.036332
 5.067817
 4.891926
 5.015094
 4.662846
 4.899115
 4.983938
 4.410030
 4.492073
 4.615181
 4.370125
 4.931550
 4.461806
 4.134922
 4.960111
 4.972575
 4.833939
 4.735520
 4.507266
 4.618654
 4.560851
 5.211286
 5.396871
 5.395606
 5.330118
 5.177146
 5.463166
 5.437584
 5.291058
 4.805537
 4.936605
 5.122032
 5.052000
 4.929301
 4.812779
 4.605701
 4.735235
 4.659181
 4.368165
 4.850808
 4.878808
 4.945440
 4.756305
 4.300531
 4.174270
 4.104001
 4.623782
 4.511870
 4.350053
 5.509560
 5.676721
 5.609326
 5.013035
 5.622703
 5.664484
 5.634796
 5.189376
 5.462684
 5.801487
 5.434215
 5.588586
 4.948460
 5.399808
 5.069043
 4.925592
 4.969984
 4.220076
 4.577683
 4.237021
 4.491212
 4.954649
 4.689857
 4.330682
 4.711620
 4.620915
 4.401931
 4.688742
 5.392812
 5.367075
 4.058817
 4.227047
 3.891512
 4.159696
 3.980288
 3.863520
 4.095783
 6.448223
 6.370799
 5.999479
 6.655950
 5.654332
 5.559623
 5.850594
 5.278146
 5.257161
 4.729832
 5.071452
 4.951232
 4.893936
 5.298001
 4.793609
 4.553386
 4.909355
 4.566637
 4.441771
 4.231070
 4.194770
 4.086610
 4.498102
 5.758756
 5.455579
 5.188832
 5.639423
 5.243214
 5.224728
 5.390245
 5.173127
 4.895038
 5.277335
 5.092553
 5.531804
 5.647480
 5.696353
 5.602399
 5.991951
 5.374070
 5.542742
 5.887281
 5.946918
 6.324625
 5.776700
 5.488807
 5.509556
 5.863539
 5.567092
 5.811203
 5.769754
 5.803779
 5.658781
 5.572195
 5.285686
 5.888920
 5.630162
 5.879004
 4.991750
 5.079789
 5.265882
 4.865095
 4.946447
 4.536140
 5.706326
 5.605450
 5.524666
 5.573627
 5.358684
 6.200737
 6.643298
 7.097054
 6.310860
 5.223137
 5.725969
 5.852870
 4.398727
 4.434626
 5.134629
 5.020046
 4.906902
 4.795943
 5.257512
 5.095559
 5.475110
 5.080367
 4.916716
 4.575844
 4.500414
 4.844174
 4.835716
 5.047122
 5.553388
 5.293878
 5.416428
 4.522820
 4.843628
 4.665999
 4.656945
 4.842721
 5.278416
 4.685290
 4.789171
 4.801256
 5.547238
 5.684575
 5.687339
 4.737042
 4.884771
 5.446916
 4.630181
 4.708443
 4.685177
 4.815112
 4.704866
 4.878197
 4.965934
 4.810671
 5.414756
 5.448362
 5.577921
 5.529353
 5.111017
 5.106901
 5.163921
 5.429111
 5.382100
 5.100517
 3.595064
 3.514716
 3.664170
 3.456024
 3.814802
 3.787996
 3.990735
 3.933956
 4.081468
 4.024462
 4.177898
 3.958367
 4.302068
 4.061467
 6.489279
 6.713946
 6.394392
 6.561031
 6.494180
 6.366337
 6.779232
 7.020978
 7.285116
 7.813739
 7.153342
 6.983969
 6.848093
 6.754395
 7.347437
 7.553473
 6.351691
 6.138215
 6.637579
 6.494195
 6.958433
 6.634457
 6.743366
 7.110276
 7.272369
 7.659005
 6.786248
 6.715533
 7.439313
 6.349485
 6.257463
 6.496448
 6.343554
 6.719939
 6.434577
 6.578891
 6.223176
 6.513277
 7.083352
 6.389269
 6.389469
 6.346781
 6.421160
 6.151447
 4.702598
 4.396440
 4.495991
 4.292897
 4.274327
 4.199543
 4.501116
 4.590266
 4.547794
 4.433373
 4.534884
 4.847111
 4.387214
 4.330833
 4.375415
 4.160118
 4.466760
 4.530547
 4.547751
 4.579738
 4.174196
 4.240960
 4.156241
 4.651513
 5.119499
 4.821564
 4.713470
 4.649240
 4.902158
 4.846263
 4.693862
 4.506646
 5.130062
 4.538775
 4.974316
 4.906187
 4.812203
 5.075262
 4.745042
 4.795908
 5.339693
 5.556045
 5.512189
 5.241721
 6.065663
 5.447256
 5.224557
 5.636001
 5.209975
 5.224262
 5.380240
 5.164868
 5.224815
 7.163966
 7.148092
 5.624164
 5.691456
 6.272951
 5.619092
 5.588454
 5.344224
 6.477895
 5.842729
 6.153836
 5.923575
 6.364531
 6.507806
 6.245637
 6.512111
 8.039663
 8.171890
 8.783019
 8.708285
10.134777
 9.324643
 9.364617
 9.003326
 9.565076
10.371261
 9.879245
 9.630824
 9.066893
 9.681794
 9.238358
 9.640233
 9.520880
 9.816229
10.400102
10.202761
 9.463522
 9.377028
 9.451161
 9.282844
10.146242
 7.743753
 7.820842
 7.507185
 8.041363
 8.800884
 8.472353
 5.344675
 5.507856
 4.823770
 4.373975
 4.530417
 4.760895
 4.942014
 4.151173
 4.013446
 4.028770
 3.811373
 3.457810
 3.294911
 3.437347
 4.071729
 4.483448
 3.806259
 3.746139
 4.900255
 5.455353
 5.698462
 5.763872
 6.091752
 6.109582
 5.437534
 5.523538
 5.301658
 6.088432
 6.089020
 6.167063
 6.398297
 6.364963
 6.166707
 6.220902
 6.235078
 6.348019
 5.976719
 6.004770
 6.047056
 5.601128
 6.226311
 5.466703
 5.645156
 5.700801
 6.345947
 5.807985
 6.064093
 5.835994
 5.949657
 5.681377
 5.968929
 5.738571
 5.998463
 6.094541
 6.060196
 5.637144
 5.683516
 5.727509
 5.910318
 5.702533
 6.316834
 5.831721
 5.462856
 5.964834
 6.548916
 6.187020
 6.245147
 7.652436
 7.248621
 7.409017
 7.791885
 7.510663
 7.680389
 7.312814
 7.538982
 5.783128
 5.976056
 6.253665
 5.785602
 3.287378
 3.568047
 3.414983
 3.268619
 3.278099
 3.349595
 3.596365
 3.301195
 3.471715
 3.082543
 3.209999
 4.080797
 4.215292
 4.333437
 3.181510
 3.031957
 3.198471
 3.657603
 3.438569
 3.161492
 3.348460
 3.737433
 3.706248
 3.881039
 3.711174
 3.626318
 2.410730
 2.538235
 2.545703
 2.605405
 2.485529
 2.711618
 2.527683
 2.507722
 2.595880
 2.680363
 2.629757
 5.068882
 4.796534
 5.091836
 5.651643
 5.381639
 5.371971
 3.988707
 4.159531
 4.155325
 4.028317
 4.042382
 3.990612
 3.927677
 4.188441
 3.873609
 4.632772
 4.845919
 4.838117
 4.774686
 4.449685
 4.595185
 4.316304
 4.512212
 4.812152
 4.481947
 4.517188
 4.557761
 4.256843
 4.408829
 4.421674
 4.689139
 4.377343
 4.879584
 4.864728
 5.046858
 5.136937
 4.972321
 4.737564
 4.647646
 4.663762
 5.792229
 5.610190
 5.769259
 5.941989
 7.185719
 8.180921
 7.285762
 7.799885
 7.868207
 7.758586
 7.683268
 8.393256
 8.016351
 8.430229
 7.784452
 9.109340
 9.237863
 8.885077
 8.279729
 7.955854
 7.627114
 4.840249
 4.844283
 4.933345
 4.950991
 4.768607
 5.032041
 4.743002
 4.761478
 4.994123
 5.247126
 4.953313
 4.822987
 4.595810
 4.824626
 4.530154
 4.678716
 4.641015
 5.095591
 4.953906
 4.517851
 4.664093
 4.655482
 5.036395
 5.020325
 5.214020
 5.589780
 5.370390
 5.151439
 4.599794
 4.539736
 4.347451
 4.734406
 4.591538
 4.281194
 4.443882
 4.326698
 4.321443
 4.658813
 4.827615
 4.485864
 6.982256
 5.963735
 6.239863
 6.711299
 6.911582
 6.155784
 6.719670
 6.731799
 6.137943
 5.902127
 6.620693
 6.581389
 6.928352
 6.783118
 6.934730
 6.535856
 6.577626
 6.448569
 6.850842
 6.766947
 7.012378
 6.787780
 5.536363
 5.310323
 4.948637
 5.267041
 5.436578
 5.531361
 6.117074
 6.123300
 6.082056
 5.810428
 6.072155
 6.424411
 6.451283
 5.925262
 6.204061
 6.653149
 6.267743
 7.102285
 6.977020
 6.855875
 6.384432
 6.797648
 6.166609
 6.565248
 7.875973
 7.889743
 8.277075
 7.032018
 7.246966
 7.279989
 7.367485
 7.683072
 7.321974
 8.244425
 8.180999
 7.614783
 7.634979
 7.803159
 5.358969
 5.596293
 5.878363
 5.373966
 5.442003
 4.979151
 5.777762
 5.725098
 5.600771
 5.430469
 5.618296
 5.519834
 5.488254
 6.901647
 7.297564
 7.090636
 7.702643
 7.386564
 7.334846
 6.717700
 6.769696
 7.421345
 6.982165
 6.329043
 5.688822
 6.843306
 5.782637
 5.463046
 6.174868
 7.973907
 8.190316
 8.415412
 8.228230
 7.756549
 7.628689
 7.640088
 7.657911
 8.283896
 6.964995
 8.899805
 9.852421
 9.259809
 8.229229
 9.511971
 9.629862
 7.053851
 6.904937
 7.246591
 6.839968
 6.359944
 6.768195
 7.073572
 6.917260
 7.029923
 7.516455
 7.232264
 7.085897
 7.305534
 6.839319
 7.761118
 7.552211
 6.668995
 6.792674
 7.040498
 6.571903
 6.767518
 6.637620
 6.805584
 6.716869
 6.576688
 6.983128
 6.585420
 6.636718
 6.953872
 7.317659
 7.299813
 6.824128
 7.807160
 7.338513
 7.816891
 7.750730
 7.912832
 7.891782
 7.370235
 7.452738
 6.547962
 6.912278
 6.264956
 7.256369
 7.309641
 7.314159
 6.871864
 7.239213
 7.249341
 7.135323
 7.383609
 7.023161
 6.602769
 7.063549
 7.072295
 8.164143
 8.165393
 8.182569
 7.679844
 7.434642
 7.814481
 7.515583
 7.906720
 7.782015
 7.799505
 7.948551
 8.992751
 9.336181
 8.060234
 7.911292
 8.364405
 4.115047
 4.034244
 3.937145
 4.723424
 4.855509
 6.607666
 6.612572
 6.604321
 6.889836
 6.657756
 6.321405
 7.071280
 6.031399
 5.625809
 6.128859
 7.575131
 7.122936
 7.422544
 7.556289
 8.323032
 7.984984
 6.920730
 7.514415
 7.328256
 8.125441
 7.124449
 7.074763
 7.421719
 6.845414
 6.978173
 9.183372
 9.147932
 9.002899
 8.466113
 8.355569
 8.586391
 7.830495
 8.337435
 8.085958
 7.861757
 7.863010
 7.805346
 7.727291
 7.471753
 4.550133
 4.351836
 4.640866
 4.831159
 4.610371
 4.632606
 4.145494
 4.642459
 4.506674
 4.527772
 4.904531
 4.777367
 4.108516
 4.471995
 6.999493
 6.889471
 7.808140
 6.978417
 7.271930
 8.419172
 8.056201
 8.345114
 8.215221
 8.064763
 6.225182
 6.572511
 5.881843
 6.141862
 6.285580
 6.421443
 6.370977
 5.922023
 6.300452
 6.210335
 6.533507
 7.125833
 7.122553
 6.896003
 7.160845
 6.492874
 7.184481
 7.299292
 7.006930
 6.960456
 6.922334
 6.890801
 7.150373
 8.743545
 8.194025
 7.347703
 7.195450
 7.480920
 7.133744
 6.978606
 6.963275
 6.905767
 6.914304
 7.407736
 7.042011
 7.031662
 7.154332
 7.366068
 6.136760
 6.256495
 6.362323
 6.397811
 6.404192
 6.441193
 4.668345
 4.524481
 4.692731
 4.626050
 4.641956
 4.422254
 4.478633
 3.964298
 4.745438
 4.780670
 3.294646
 3.323237
 3.182718
 3.216709
 3.359451
 3.157852
 3.136901
 3.772050
 3.820106
 4.103802
 3.900719
 2.723275
 2.575792
 2.885764
 2.557730
 2.819127
 2.649533
 3.584970
 3.565133
 3.399982
 3.358964
 3.045523
 3.509427
 3.371026
 3.233296
 3.238095
 3.127301
 3.112669
 6.094683
 6.714403
 6.988907
 6.462143
 6.169338
 8.896443
 9.280531
 7.801503
 8.683560
 8.618809
 8.867825
 7.954955
 9.501885
 8.929487
 9.416158
 9.550544
 8.412381
 8.593646
 7.954614
 7.662795
 7.545443
 7.342885
 7.198859
 7.332290
 7.561595
 8.462121
 8.595388
 8.835089
 8.050328
 8.506954
 5.582430
 5.188436
 5.437839
 5.444944
 5.311255
 5.384934
 5.483256
 5.600605
 5.221256
 5.712350
 6.066808
 5.822394
 5.546581
 5.781321
 6.145000
 5.893857
 6.155558
 5.855733
 5.812093
 5.739554
 5.966163
 5.488497
 6.547381
 6.210170
 5.256658
 5.232186
 4.067719
 4.340678
 4.868941
 4.282510
 4.935858
 4.631167
 4.876821
 4.699062
 4.824623
 4.796157
 4.791339
 5.334790
 5.089967
 5.707494
 5.558867
 5.650660
 5.664873
 6.142237
 5.907135
 5.857593
 5.601330
 5.398389
 5.789900
 4.779661
 6.105219
 5.898636
 7.041391
 6.962736
 7.054283
 6.474946
 7.100573
 6.519820
 6.891005
 6.701227
 6.823203
 6.535872
 6.088274
 6.178422
 5.904985
 5.773171
 6.545137
 6.674465
 6.324702
 6.498491
 6.444940
 5.474447
 5.685849
 5.563584
 5.648669
 5.850463
 6.245363
 6.266199
 6.406131
 6.058985
 6.131961
 6.034748
 6.117737
 6.399938
 6.927441
 6.850171
 6.795700
 6.807781
 6.925598
 6.949862
 6.122439
 5.940110
 5.965135
 6.195734
 6.701527
 7.001609
 6.932455
 7.198779
 6.694364
 6.910432
 7.113237
 5.954815
 6.654417
 5.997599
 6.303896
 6.371164
 6.350018
 6.638965
 6.224387
 6.535874
 6.849285
 7.688757
 7.020962
 7.338027
 7.548239
 7.458810
 7.643313
 7.720171
 7.370710
 7.273935
 7.323099
 7.967898
 7.216256
 8.639407
 8.369650
 7.719334
 9.247855
 8.832676
 9.229660
 6.765365
 7.150567
 4.849296
 4.992385
 4.829488
 5.137767
 4.999115
 5.371556
 5.607646
 5.434485
 5.355238
 4.594280
 4.653994
 4.796138
 4.483019
 5.584952
 5.520030
 5.843216
 5.252358
 5.568391
 5.208137
 5.188808
 5.472827
 5.279309
 5.879637
 5.872012
 5.655684
 4.980093
 4.887526
 4.926186
 5.086685
 4.852525
 4.927782
 4.398717
 4.691016
 5.546961
 5.621025
 5.616781
 5.242987
 4.744975
 4.986208
 5.877805
 5.829927
 5.570360
 5.783985
 5.872686
 5.832195
 5.925231
 5.569253
 5.798960
 5.946647
 5.575492
 5.843185
 5.887138
 6.189351
 5.758397
 6.290074
 6.056000
 5.988209
 5.855500
 6.049016
 6.041725
 5.675209
 6.507772
 5.938247
 5.848298
 5.419829
 5.635021
 5.571418
 5.699887
 6.082563
 5.099782
 6.229569
 6.122251
 6.716394
 4.512794
 4.568803
 4.340622
 4.493778
 5.110009
 5.162218
 5.231075
 4.693297
 5.011683
 4.808989
 4.720156
 6.916271
 7.269773
 7.432010
 7.433694
 7.219339
 6.795944
 6.930447
 6.955990
 6.864205
 6.925478
 7.621271
 6.730329
 7.477463
 7.548634
 6.943594
 6.892314
 7.019814
 6.956800
 7.355184
 7.888709
 6.888978
 6.551905
 6.852857
 6.620161
 6.802424
 6.361415
 6.879420
 6.435707
 6.698202
 4.044419
 3.871653
 3.723810
 4.080131
 4.375129
 4.163894
 4.093486
 4.291080
 4.351053
 4.709022
 4.685870
 5.064190
 4.694614
 4.865809
 4.412173
 4.792968
 4.284725
 4.807464
 4.452031
 4.530306
 4.513189
 4.003119
 4.678185
 4.491088
 4.499416
 4.817867
 4.432435
 3.982722
 3.963306
 4.226565
 4.306058
 4.610657
 4.868122
 4.630092
 4.423618
 4.449175
 4.495802
 4.474315
 5.363496
 5.127324
 5.200167
 5.162810
 5.019354
 4.510284
 4.782043
 4.583306
 4.587903
 5.040836
 5.059602
 4.542538
 4.611523
 4.934809
 4.774799
 4.760384
 5.187143
 5.129696
 4.980894
 5.091185
 4.820043
 5.226256
 5.679785
 4.412708
 4.745959
 4.355953
 4.487300
 4.200086
 4.160925
 4.351328
 4.445002
 4.384175
 4.477974
 4.488370
 4.775478
 4.188367
 4.632137
 4.502002
 6.501435
 6.856127
 6.262907
 6.521227
 5.741195
 5.885830
 8.904472
 9.402933
 9.210208
11.667518
11.072068
10.222289
11.263015
11.141671
10.530902
10.049846
 9.706843
12.870312
12.499370
10.771701
11.233507
12.291544
10.889020
10.497862
12.362576
10.999635
11.417413
11.455832
11.083087
11.566050
12.596914
13.131804
12.235228
12.738969
 6.533838
 6.699932
 6.705970
 6.516030
 6.305017
 5.390492
 5.120228
 5.343272
 5.944830
 5.842022
 5.764322
 5.546023
 6.966028
 6.699651
 7.543276
 6.028936
 5.929853
 6.120302
 5.869347
 6.180529
 5.767314
 5.644099
 5.252022
 5.459875
 5.571986
 5.107875
 5.303611
 6.397308
 6.504523
 6.039018
 6.216528
 5.870935
 6.100539
 5.984493
 5.745676
 5.852214
 5.933246
 5.969416
 5.236873
 5.186627
 5.562208
 5.609914
 5.599521
 5.230329
 5.402471
 5.408295
 5.015945
 5.249724
 5.214127
 5.489533
 5.924094
 5.761966
 5.990126
 6.324622
 6.030718
 5.308127
 5.329182
 5.545930
 5.531731
 5.453853
 6.546260
 6.172861
 3.474137
 3.732014
 3.704085
 3.453186
 3.579304
 3.819173
 3.903742
 4.156318
 3.048789
 3.297548
 3.754362
 3.937347
 3.851412
 3.937661
 3.977163
 3.914849
 3.813927
 3.845395
 3.799189
 4.036836
 3.956941
 3.870233
 3.943454
 3.660556
 3.540852
 3.527740
 3.968593
 3.728006
 3.594459
 3.810332
 4.191010
 3.262230
 3.430748
 3.307628
 3.595324
 3.085977
 3.411788
 3.520569
 3.476013
 3.727375
 3.435739
 6.241931
 7.065123
 7.311220
 7.269361
 7.363081
 7.227939
 7.111254
 7.205527
 7.106543
 6.080992
 5.840547
 5.692736
 6.230954
 5.394747
 5.805220
 5.222314
 5.089215
 5.180993
 5.519210
 5.640168
 5.624434
 5.834470
 6.636240
 6.578412
 6.906253
 6.503449
 6.747355
 6.782512
 6.267093
 6.820659
 7.868475
 8.080527
 8.639259
 7.719484
 7.176191
 7.468342
 7.371194
 8.074734
 8.238668
 7.658100
 7.875167
 6.629276
 6.624103
 6.595878
 8.968214
 8.590747
 8.651243
 8.779401
 7.886929
 6.964461
 7.231408
 6.709592
 6.881735
 7.118736
 6.900528
 8.282168
 8.817635
 9.292380
 7.564324
 8.544923
 8.263407
 7.484584
 4.518689
 4.399638
 4.468668
 4.419157
 4.338091
 4.530446
 4.664539
 4.441895
 4.452816
 4.326031
 4.664474
 4.655574
 4.629833
 5.460479
 4.921375
 4.922656
 5.362259
 4.933536
 5.073183
 4.895537
 4.912418
 4.895879
 4.496239
 4.451291
 4.235457
 3.713506
 4.352197
 4.740462
 4.594476
 4.791342
 4.224672
 4.300468
 4.849850
 4.449972
 4.525049
 4.432699
 4.078481
 4.111708
 4.081078
 4.475633
 4.219096
 4.406959
 5.304016
 5.374259
 5.599307
 5.559964
 5.698774
 5.494796
 5.959142
 6.066058
 6.204240
 5.210363
 5.445821
 5.758853
 6.102058
 5.462790
 6.265595
 6.883736
 7.446070
 7.451623
 7.683139
 7.520223
 6.929357
 5.045475
 5.070445
 5.153495
 4.937147
 4.753728
 5.403781
 5.206433
 5.422614
 5.677008
 5.308468
 6.684880
 5.923317
 6.598128
 6.304409
 6.406418
 6.041416
 5.904101
 5.896443
 6.022559
 5.751659
 6.126126
 6.087422
 6.262918
 6.437220
 6.680051
 6.959732
 7.103299
 6.707362
 6.803727
 6.802642
 7.795393
 7.121692
 7.309301
 7.507877
 6.962809
 7.030567
 7.458593
 6.617512
 6.855680
 6.998908
 6.921431
 6.630705
 6.942137
 7.293157
 6.835799
 6.958286
 7.108762
 5.951844
 5.734227
 5.845307
 6.099598
 5.731382
 6.492074
 5.808319
 6.429115
 5.914773
 5.890444
 6.405196
 5.713819
 5.309879
 6.060863
 6.200473
 5.774597
 5.643159
 5.907056
 4.952956
 6.203162
 6.077530
 6.320570
 6.807958
 7.096804
 5.299572
 5.760163
 5.530788
 5.639718
 5.645247
 5.729073
 5.459141
 5.288650
 5.897840
 5.371760
 5.540012
 5.791683
 5.854281
 5.800580
 6.361456
 5.743448
 5.628906
 5.919513
 5.772989
 5.757615
 5.426622
 5.355875
 5.202628
 5.013151
 6.509137
 6.595652
 5.944196
 5.938706
 6.158259
 6.087914
 5.413991
 6.303073
 4.514454
 4.318711
 4.625270
 4.482848
 4.562911
 5.488672
 5.177189
 6.145921
 5.863156
 5.767542
 5.624722
 5.561961
 5.629339
 5.862269
 5.675698
 5.992085
 5.939806
 5.185928
 5.373902
 4.992492
 4.872629
 5.727713
 5.435040
 5.447988
 6.052244
 5.526462
 5.199969
 5.511534
 5.760797
 5.440884
 5.415817
 5.552703
 5.283198
 5.897623
 5.629617
 5.834084
 6.095453
 5.907268
 5.776461
 6.144241
 5.440285
 6.228790
 3.886216
 3.854688
 3.906918
 4.147952
 4.264052
 3.948405
 4.181651
 3.957838
 3.968261
 3.919840
 4.084642
 3.703913
 3.787131
 4.797737
 4.987874
 4.974865
 5.041494
 4.664173
 5.047993
 5.201803
 4.305833
 4.531690
 4.688419
 4.377582
 4.871077
 4.828121
 4.844914
 4.852307
 4.204092
 4.173557
 4.302194
 4.200648
 4.248553
 4.230226
 4.362634
 4.301901
 4.400827
 4.246304
 4.333689
 5.427421
 5.835029
 5.520405
 5.329266
 6.024963
 4.571951
 4.635080
 5.297280
 5.167545
 4.984195
 5.505144
 5.182401
 5.262898
 4.694440
 5.504062
 5.404506
 5.902325
 5.798290
 5.606839
 5.985775
 5.495316
 5.665657
 5.760056
 5.997489
 5.555707
 6.122225
 5.384893
 4.877645
 5.508715
 5.099819
 4.216220
 3.939980
 3.962760
 3.982836
 4.372043
 4.089877
 4.126116
 4.212480
 4.722168
 4.492574
 4.439434
 4.567634
 4.423773
 4.583263
 4.260748
 4.199365
 4.160057
 4.399548
 4.106174
 4.231812
 4.211418
 5.045586
 5.235400
 4.969005
 4.909092
 6.748117
 6.835904
 6.674292
 6.201234
 6.153240
 5.984213
 6.365528
 6.682011
 6.104411
 6.053355
 6.662335
 6.623974
 6.280860
 6.339524
 6.270609
 6.547021
 6.735189
 6.627867
 6.925203
 6.767307
 6.799675
 5.723271
 5.248788
 4.831984
 5.810319
 5.265303
 5.755292
 5.239740
 5.504852
 5.929741
 6.836547
 6.912294
 7.055981
 6.630200
 8.441705
 9.394140
 9.111421
 9.202352
 8.830006
 8.929342
 8.681325
 8.813881
 8.699057
 8.543680
 8.411406
 9.115347
 8.326243
 7.075383
 7.114195
 7.502171
 6.644814
 6.264482
 6.558436
 6.855056
 6.610426
 6.709087
 6.293925
 6.374871
 6.916025
 6.265323
 7.237357
 7.652322
 7.749039
 7.713631
 7.144805
 7.483291
 7.750468
 7.693496
 7.598382
 7.396159
 7.603489
 7.651091
 7.818340
 6.372483
 6.784091
 6.814594
 6.532088
 7.702147
 7.365146
 7.414332
 7.277322
 7.727401
 7.617125
 7.044914
 7.017623
 7.409101
 5.657828
 6.003024
 5.622261
 5.478722
 5.714157
 8.967139
 7.755678
 8.417848
 8.770072
 8.236015
 8.319408
 7.953963
 8.211340
 8.276392
 7.766294
 8.409123
 8.290517
 8.437573
 8.575027
 9.499232
 9.628597
 5.866678
 5.883964
 5.522104
 5.366816
 7.587845
 8.179960
 7.244021
 7.397047
 7.666206
 6.937169
 6.773649
 7.658671
 7.455428
 7.511540
 7.349563
 6.117776
 5.570275
 5.836605
 6.050890
 6.193292
 5.623560
 6.040691
 5.543956
 5.491478
 6.177522
 5.562509
 5.906545
 6.146794
 6.323163
 6.113453
 5.960532
 6.294640
 6.201828
 5.933184
 5.987506
 6.060942
 5.658859
 5.577932
 5.945341
 5.741506
 6.207875
 6.095695
 6.584953
 4.665575
 4.945849
 4.714034
 5.097468
 5.311056
 4.982586
 4.959165
 5.376800
 5.453401
 5.363733
 5.249245
 4.689098
 5.946106
 5.758641
 6.261872
 6.419440
 6.015190
 6.895361
 6.228110
 6.416153
 5.972500
 6.501840
 6.494005
 6.286965
 5.769102
 7.156065
 7.380708
 7.278507
 7.125368
 6.998074
 6.988054
 7.308906
 7.546951
 6.914972
 7.374570
 5.442175
 5.432093
 5.514803
 5.397300
 5.466052
 5.016487
 5.140544
 5.832936
 5.306033
 5.608514
 4.569855
 5.227107
 5.013702
 4.865463
 4.247296
 4.378558
 4.521048
 4.345354
 5.144282
 3.093130
 2.707841
 2.927469
 3.140017
 2.922407
 3.068130
 2.799809
 3.074609
 3.027838
 3.127844
 3.301104
 3.109539
 3.286626
 3.048519
 3.387122
 3.183291
 3.031812
 2.759216
 3.263119
 3.352994
 3.232564
 3.290278
 3.176024
 3.312811
 2.910835
 4.386122
 4.344739
 4.200733
 4.059728
 4.378391
 4.228669
 5.011813
 4.497176
 4.562435
 4.769840
 4.841711
 4.847379
 5.210118
 5.286936
 5.389305
 4.915461
 4.896739
 5.359392
 5.213157
 4.624178
 4.462539
 4.494112
 4.287241
 3.939376
 4.227351
 4.426677
 3.871611
 4.095375
 4.102165
 4.004013
 4.153703
 4.257729
 4.395990
 4.170907
 3.734187
 4.113868
 3.861127
 4.060865
 4.484124
 4.074162
 4.258488
 4.182895
 4.182957
 4.413198
 4.323036
 3.432814
 3.676676
 3.459967
 3.713491
 3.484084
 3.787555
 3.704191
 4.044134
 3.756654
 3.895775
 3.942082
 3.955898
 3.779807
 3.773391
 3.736327
 3.799576
 3.722675
 3.625631
 3.750978
 4.066578
 4.074284
 3.798488
 3.633554
 3.639158
 3.646056
 4.523255
 4.812605
 4.629531
 4.828607
 4.595265
 4.528073
 4.658013
 4.344683
 4.622183
 5.119632
 4.732625
 5.188566
 4.357592
 4.086120
 3.879586
 3.968867
 4.400947
 4.585499
 3.788535
 3.890648
 3.875044
 4.086775
 4.083708
 3.925449
 3.606430
 3.808009
 3.902851
 4.262231
 3.755682
 4.062815
 3.978963
 3.557186
 3.793401
 3.709660
 3.591507
 3.747974
 5.491121
 5.432829
 6.418829
 5.805287
 5.914672
 5.549419
 5.944516
 6.574329
 6.068794
 6.247315
 5.789695
 6.049433
 6.237555
 4.544830
 4.478330
 4.503138
 4.308113
 4.293436
 4.439864
 4.493611
 5.512062
 5.696610
 4.856048
 4.786356
 7.009632
 6.122741
 5.865651
 6.055883
 6.133048
 4.562579
 4.801875
 6.284343
 6.212138
 5.892793
 5.930004
 5.309370
 6.344124
 5.079859
 5.878565
 6.250273
 6.759488
 6.287803
 7.853579
 7.490507
 7.210529
 7.514532
 7.655641
 7.743094
 7.614409
 7.604183
 6.641427
 6.439777
 6.543482
 6.149778
 6.842226
 5.271311
 4.760040
 4.623738
 5.210163
 5.319180
 5.057581
 4.561277
 5.059295
 4.580931
 4.665703
 4.862088
 5.737686
 5.416961
 5.577620
 5.317994
 5.575249
 5.838327
 5.655812
 5.877216
 5.494983
 5.834373
 5.718322
 5.302838
 5.241417
 5.140380
 5.402763
 5.238015
 5.112094
 5.172222
 5.490558
 6.331582
 6.596230
 6.533963
 6.670857
 6.867007
 6.494478
 6.558651
 6.297185
 6.143494
 5.880527
 5.823472
 6.120614
 5.954444
 6.018008
 5.897248
 6.181000
 5.965737
 5.742501
 6.071677
 5.893573
 6.046515
 6.460812
 6.137493
 6.394607
 6.147377
 5.975045
 6.120217
 6.218700
 5.467923
 6.353349
 5.949674
 6.149493
 6.648342
 6.078450
 5.650973
 5.846113
 5.791591
 6.557073
 6.640140
 6.856857
 7.317866
 7.037052
 7.224670
 7.327033
 7.406701
 6.746758
 6.965135
 6.848316
 6.814064
 6.560328
 6.114492
 6.087919
 6.191090
 6.160463
 6.161529
 6.176819
 6.068311
 6.171173
 5.314108
 4.323757
 4.388017
 4.761171
 4.728746
 4.606391
 4.972993
 5.082213
 4.784560
 4.142967
 6.419251
 7.484155
 7.764084
 7.479810
 7.361157
 7.336579
 7.452018
 5.306085
 5.436200
 5.782814
 5.962718
 5.770874
 5.446485
 5.593898
 5.572872
 5.298675
 4.746135
 4.993377
 4.923070
 4.992523
 5.428867
 5.339728
 5.553424
 5.146805
 5.443437
 5.197987
 6.179469
 6.055691
 6.563905
 6.334566
 5.990355
 5.502849
 5.752561
 5.741764
 5.283759
 5.427717
 5.201945
 4.151382
 4.458079
 4.786945
 4.746711
 4.815029
 5.351533
 5.130391
 4.958470
 5.941448
 5.573041
 5.579151
 5.497391
 5.270320
 6.005659
 6.106017
 5.651331
 5.400259
 5.097687
 4.763052
 5.285350
 5.346124
 5.402643
 5.613405
 5.345644
 5.136228
 5.510061
 5.121623
 4.533811
 4.529922
 5.001987
 4.409292
 4.625151
 4.368146
 4.482428
 4.832054
 4.204022
 4.302783
 4.297479
 4.311490
 4.109128
 4.267111
 4.412050
 4.025520
 5.190697
 5.176901
 4.766095
 4.852837
 5.051419
 5.254647
 5.301558
 4.885903
 5.360422
 5.207469
 5.597419
 5.165018
 5.265503
 4.966893
 5.112150
 5.496217
 5.724804
 5.477756
 5.289744
 5.071904
 5.076640
 4.676980
 4.765582
 4.728929
 4.648001
 4.052357
 4.747171
 4.810538
 5.149880
 4.346177
 5.146865
 4.797190
 4.830567
 5.143897
 4.723357
 5.077657
 5.201998
 4.144146
 4.068234
 4.037842
 4.399102
 4.375964
 4.012050
 4.523603
 4.105206
 4.667540
 4.454080
 4.468515
 4.354008
 4.444783
 4.987267
 4.760261
 4.738569
 5.369070
 5.034775
 4.750215
 4.831723
 5.033479
 4.905793
 4.667764
 5.260620
 5.102704
 5.530993
 5.862063
 5.743905
 5.661772
 5.666932
 5.432829
 5.724999
 5.508636
 5.615116
 5.643556
 7.531453
 7.816776
 7.324959
 7.893079
 7.194754
 6.919807
 6.833787
 7.349155
 7.238123
 7.352060
 6.904875
 6.111114
 6.679741
 6.299516
 7.053263
 6.799192
 5.534429
 5.956735
 6.030096
 6.240803
 6.066106
 5.763078
 6.792031
 5.971023
 6.489891
 5.973598
 5.613851
 5.670611
 6.272089
 5.866810
 5.443561
 5.399659
 5.468170
 5.043241
 5.298019
 5.346003
 5.345809
 5.457333
 5.194583
 4.018253
 3.749586
 4.275890
 4.184907
 4.464432
 4.287649
 4.625562
 4.507779
 4.748109
 4.508717
 4.641662
 4.657279
 4.817509
 4.614928
 4.297709
 4.107711
 4.188792
 4.473087
 4.391465
 4.476564
 4.804164
 3.264223
 3.583180
 4.893596
 5.154039
 4.891661
 5.091911
 4.885130
 5.099160
 4.782727
 6.243819
 5.973561
 6.358298
 6.000427
 6.089270
 5.789401
 5.955753
 6.113286
 7.271687
 6.418275
 5.994728
 6.607805
 6.507445
 7.066395
 7.041133
 6.771666
 6.707338
 7.055401
 7.260902
 7.007605
 7.232311
 6.700414
 6.400043
 6.504308
 6.582984
 6.002473
 6.764798
 6.424686
 6.468761
 5.364714
 5.327591
 4.882472
 5.148486
 4.938877
 4.321237
 5.243083
 5.349354
 5.308199
 5.486350
 5.644457
 5.280166
 5.010045
 4.684540
 4.921921
 5.058031
 4.631770
 5.024257
 5.205129
 5.134348
 5.947568
 5.726666
 5.778993
 6.088489
 5.819808
 6.184431
 4.587149
 4.169958
 5.025041
 4.696226
 4.806309
 4.654560
 4.825131
 4.370737
 4.471279
 4.356265
 4.680247
 4.580037
 5.320182
 4.318113
 4.044774
 4.094473
 4.610597
 4.353953
 4.212276
 4.541813
 4.323155
 4.204524
 4.122740
 4.284040
 5.466473
 5.357668
 5.160060
 4.496466
 4.781182
 4.660240
 4.732159
 4.651753
 5.162098
 4.805984
 5.051592
 4.491606
 4.170112
 4.316226
 4.687078
 3.595631
 3.499427
 4.054875
 4.297671
 4.242146
 4.630852
 4.365314
 4.569111
 4.537464
 4.329273
 4.353624
 4.646823
 4.735073
 4.337876
 4.985798
 4.725798
 4.613936
 4.917934
 4.915265
 4.574321
 4.184099
 4.181134
 3.997205
 4.159064
 3.930915
 3.775450
 5.878923
 5.080568
 4.986954
 5.284046
 5.213999
 5.323489
 5.672484
 8.706156
 8.791239
 9.261737
 8.901320
 8.859927
 9.504756
 8.127778
 9.163648
 8.889242
 8.834280
 8.508026
 9.464784
 8.130748
 8.506334
 8.412989
 8.339630
 8.364758
 8.098433
 8.393649
 8.181818
 9.041017
 8.562461
 8.499389
 8.492123
 8.116174
 8.036861
 8.098906
 7.777423
 7.526514
 8.106008
 8.331506
 8.428479
 7.621529
 7.553943
 8.034630
 7.279530
 7.664293
 6.829018
 6.903906
 6.972423
 7.223137
 6.803714
 7.167164
 7.899766
 7.157163
 9.069696
 9.284145
 8.667598
 4.997810
 5.078866
 4.742480
 5.262944
 5.228266
 5.060247
 5.194007
 5.084027
 5.247777
 5.270289
 5.222158
 5.032587
 5.611474
 5.402912
 4.758940
 5.618382
 5.495817
 5.273189
 4.923456
 5.633228
 5.111182
 5.501378
 5.113055
 5.683778
 4.837132
 4.974796
 5.242016
 5.018282
 5.085780
 5.306159
 4.874803
 4.651150
 4.926792
 4.795268
 6.045809
 6.170328
 5.879694
 6.188081
 5.703989
 7.769180
 7.248953
 7.660472
 8.140336
 7.687315
 5.309170
 5.635413
 5.170600
 4.616812
 4.628266
 4.538874
 4.852678
 4.408584
11.469983
11.791247
10.654292
10.693819
12.088980
11.824111
10.620874
10.557617
12.327818
12.785150
12.873469
13.087503
12.928287
12.877641
11.536867
13.221441
12.674056
10.125434
10.340946
10.021438
 9.608958
10.428678
 9.345288
 9.891139
10.334106
10.136113
 9.615848
 8.393038
 8.879996
 8.757069
 8.751812
