0.5049855
0.4976660
0.4859541
0.4997150
0.5221509
0.5168442
0.4949918
0.5111329
0.4973924
0.5213064
0.5284908
0.5265880
0.5092169
0.5338823
0.4942309
0.4883199
0.4836628
0.5065770
0.4896105
0.4845308
0.5038679
0.5127352
0.4807679
0.5058397
0.4923774
0.4668739
0.5114268
0.4947750
0.5311902
0.4948921
0.4620500
0.4796740
0.4685896
0.4999690
0.4959585
0.5322082
0.4721316
0.5289756
0.4832263
0.4815562
0.5049855
0.4976660
0.4859541
0.4997150
0.5221509
0.5168442
0.4949918
0.5111329
0.4973924
0.5213064
0.5284908
0.5265880
0.5092169
0.5338823
0.4942309
0.4883199
0.4836628
0.5065770
0.4896105
0.4845308
0.5038679
0.5127352
0.4807679
0.5058397
0.4923774
0.4668739
0.5114268
0.4947750
0.5311902
0.4948921
0.4620500
0.4796740
0.4685896
0.4999690
0.4959585
0.5322082
0.4721316
0.5289756
0.4832263
0.4815562
0.5049855
0.4976660
0.4859541
0.4997150
0.5221509
0.5168442
0.4949918
0.5111329
0.4973924
0.5213064
0.5284908
0.5265880
0.5092169
0.5338823
0.4942309
0.4883199
0.4836628
0.5065770
0.4896105
0.4845308
0.5038679
0.5127352
0.4807679
0.5058397
0.4923774
0.4668739
0.5114268
0.4947750
0.5311902
0.4948921
0.4620500
0.4796740
0.4685896
0.4999690
0.4959585
0.5322082
0.4721316
0.5289756
0.4832263
0.4815562
0.5049855
0.4976660
0.4859541
0.4997150
0.5221509
0.5168442
0.4949918
0.5111329
0.4973924
0.5213064
0.5284908
0.5265880
0.5092169
0.5338823
0.4942309
0.4883199
0.4836628
0.5065770
0.4896105
0.4845308
0.5038679
0.5127352
0.4807679
0.5058397
0.4923774
0.4668739
0.5114268
0.4947750
0.5311902
0.4948921
0.4620500
0.4796740
0.4685896
0.4999690
0.4959585
0.5322082
0.4721316
0.5289756
0.4832263
0.4815562
0.5049855
0.4976660
0.4859541
0.4997150
0.5221509
0.5168442
0.4949918
0.5111329
0.4973924
0.5213064
0.5284908
0.5265880
0.5092169
0.5338823
0.4942309
0.4883199
0.4836628
0.5065770
0.4896105
0.4845308
0.5038679
0.5127352
0.4807679
0.5058397
0.4923774
0.4668739
0.5114268
0.4947750
0.5311902
0.4948921
0.4620500
0.4796740
0.4685896
0.4999690
0.4959585
0.5322082
0.4721316
0.5289756
0.4832263
0.4815562
0.5049855
0.4976660
0.4859541
0.4997150
0.5221509
0.5168442
0.4949918
0.5111329
0.4973924
0.5213064
0.5284908
0.5265880
0.5092169
0.5338823
0.4942309
0.4883199
0.4836628
0.5065770
0.4896105
0.4845308
0.5038679
0.5127352
0.4807679
0.5058397
0.4923774
0.4668739
0.5114268
0.4947750
0.5311902
0.4948921
0.4620500
0.4796740
0.4685896
0.4999690
0.4959585
0.5322082
0.4721316
0.5289756
0.4832263
0.4815562
0.5049855
0.4976660
0.4859541
0.4997150
0.5221509
0.5168442
0.4949918
0.5111329
0.4973924
0.5213064
0.5284908
0.5265880
0.5092169
0.5338823
0.4942309
0.4883199
0.4836628
0.5065770
0.4896105
0.4845308
0.5038679
0.5127352
0.4807679
0.5058397
0.4923774
0.4668739
0.5114268
0.4947750
0.5311902
0.4948921
0.4620500
0.4796740
0.4685896
0.4999690
0.4959585
0.5322082
0.4721316
0.5289756
0.4832263
0.4815562
0.5049855
0.4976660
0.4859541
0.4997150
0.5221509
0.5168442
0.4949918
0.5111329
0.4973924
0.5213064
0.5284908
0.5265880
0.5092169
0.5338823
0.4942309
0.4883199
0.4836628
0.5065770
0.4896105
0.4845308
0.5038679
0.5127352
0.4807679
0.5058397
0.4923774
0.4668739
0.5114268
0.4947750
0.5311902
0.4948921
0.4620500
0.4796740
0.4685896
0.4999690
0.4959585
0.5322082
0.4721316
0.5289756
0.4832263
0.4815562
0.5049855
0.4976660
0.4859541
0.4997150
0.5221509
0.5168442
0.4949918
0.5111329
0.4973924
0.5213064
0.5284908
0.5265880
0.5092169
0.5338823
0.4942309
0.4883199
0.4836628
0.5065770
0.4896105
0.4845308
0.5038679
0.5127352
0.4807679
0.5058397
0.4923774
0.4668739
0.5114268
0.4947750
0.5311902
0.4948921
0.4620500
0.4796740
0.4685896
0.4999690
0.4959585
0.5322082
0.4721316
0.5289756
0.4832263
0.4815562
0.5049855
0.4976660
0.4859541
0.4997150
0.5221509
0.5168442
0.4949918
0.5111329
0.4973924
0.5213064
0.5284908
0.5265880
0.5092169
0.5338823
0.4942309
0.4883199
0.4836628
0.5065770
0.4896105
0.4845308
0.5038679
0.5127352
0.4807679
0.5058397
0.4923774
0.4668739
0.5114268
0.4947750
0.5311902
0.4948921
0.4620500
0.4796740
0.4685896
0.4999690
0.4959585
0.5322082
0.4721316
0.5289756
0.4832263
0.4815562
0.5049855
0.4976660
0.4859541
0.4997150
0.5221509
0.5168442
0.4949918
0.5111329
0.4973924
0.5213064
0.5284908
0.5265880
0.5092169
0.5338823
0.4942309
0.4883199
0.4836628
0.5065770
0.4896105
0.4845308
0.5038679
0.5127352
0.4807679
0.5058397
0.4923774
0.4668739
0.5114268
0.4947750
0.5311902
0.4948921
0.4620500
0.4796740
0.4685896
0.4999690
0.4959585
0.5322082
0.4721316
0.5289756
0.4832263
0.4815562
0.5049855
0.4976660
0.4859541
0.4997150
0.5221509
0.5168442
0.4949918
0.5111329
0.4973924
0.5213064
0.5284908
0.5265880
0.5092169
0.5338823
0.4942309
0.4883199
0.4836628
0.5065770
0.4896105
0.4845308
0.5038679
0.5127352
0.4807679
0.5058397
0.4923774
0.4668739
0.5114268
0.4947750
0.5311902
0.4948921
0.4620500
0.4796740
0.4685896
0.4999690
0.4959585
0.5322082
0.4721316
0.5289756
0.4832263
0.4815562
0.5049855
0.4976660
0.4859541
0.4997150
0.5221509
0.5168442
0.4949918
0.5111329
0.4973924
0.5213064
0.5284908
0.5265880
0.5092169
0.5338823
0.4942309
0.4883199
0.4836628
0.5065770
0.4896105
0.4845308
0.5038679
0.5127352
0.4807679
0.5058397
0.4923774
0.4668739
0.5114268
0.4947750
0.5311902
0.4948921
0.4620500
0.4796740
0.4685896
0.4999690
0.4959585
0.5322082
0.4721316
0.5289756
0.4832263
0.4815562
0.5049855
0.4976660
0.4859541
0.4997150
0.5221509
0.5168442
0.4949918
0.5111329
0.4973924
0.5213064
0.5284908
0.5265880
0.5092169
0.5338823
0.4942309
0.4883199
0.4836628
0.5065770
0.4896105
0.4845308
0.5038679
0.5127352
0.4807679
0.5058397
0.4923774
0.4668739
0.5114268
0.4947750
0.5311902
0.4948921
0.4620500
0.4796740
0.4685896
0.4999690
0.4959585
0.5322082
0.4721316
0.5289756
0.4832263
0.4815562
0.5049855
0.4976660
0.4859541
0.4997150
0.5221509
0.5168442
0.4949918
0.5111329
0.4973924
0.5213064
0.5284908
0.5265880
0.5092169
0.5338823
0.4942309
0.4883199
0.4836628
0.5065770
0.4896105
0.4845308
0.5038679
0.5127352
0.4807679
0.5058397
0.4923774
0.4668739
0.5114268
0.4947750
0.5311902
0.4948921
0.4620500
0.4796740
0.4685896
0.4999690
0.4959585
0.5322082
0.4721316
0.5289756
0.4832263
0.4815562
0.5049855
0.4976660
0.4859541
0.4997150
0.5221509
0.5168442
0.4949918
0.5111329
0.4973924
0.5213064
0.5284908
0.5265880
0.5092169
0.5338823
0.4942309
0.4883199
0.4836628
0.5065770
0.4896105
0.4845308
0.5038679
0.5127352
0.4807679
0.5058397
0.4923774
0.4668739
0.5114268
0.4947750
0.5311902
0.4948921
0.4620500
0.4796740
0.4685896
0.4999690
0.4959585
0.5322082
0.4721316
0.5289756
0.4832263
0.4815562
0.5049855
0.4976660
0.4859541
0.4997150
0.5221509
0.5168442
0.4949918
0.5111329
0.4973924
0.5213064
0.5284908
0.5265880
0.5092169
0.5338823
0.4942309
0.4883199
0.4836628
0.5065770
0.4896105
0.4845308
0.5038679
0.5127352
0.4807679
0.5058397
0.4923774
0.4668739
0.5114268
0.4947750
0.5311902
0.4948921
0.4620500
0.4796740
0.4685896
0.4999690
0.4959585
0.5322082
0.4721316
0.5289756
0.4832263
0.4815562
0.5049855
0.4976660
0.4859541
0.4997150
0.5221509
0.5168442
0.4949918
0.5111329
0.4973924
0.5213064
0.5284908
0.5265880
0.5092169
0.5338823
0.4942309
0.4883199
0.4836628
0.5065770
0.4896105
0.4845308
0.5038679
0.5127352
0.4807679
0.5058397
0.4923774
0.4668739
0.5114268
0.4947750
0.5311902
0.4948921
0.4620500
0.4796740
0.4685896
0.4999690
0.4959585
0.5322082
0.4721316
0.5289756
0.4832263
0.4815562
0.5049855
0.4976660
0.4859541
0.4997150
0.5221509
0.5168442
0.4949918
0.5111329
0.4973924
0.5213064
0.5284908
0.5265880
0.5092169
0.5338823
0.4942309
0.4883199
0.4836628
0.5065770
0.4896105
0.4845308
0.5038679
0.5127352
0.4807679
0.5058397
0.4923774
0.4668739
0.5114268
0.4947750
0.5311902
0.4948921
0.4620500
0.4796740
0.4685896
0.4999690
0.4959585
0.5322082
0.4721316
0.5289756
0.4832263
0.4815562
0.5049855
0.4976660
0.4859541
0.4997150
0.5221509
0.5168442
0.4949918
0.5111329
0.4973924
0.5213064
0.5284908
0.5265880
0.5092169
0.5338823
0.4942309
0.4883199
0.4836628
0.5065770
0.4896105
0.4845308
0.5038679
0.5127352
0.4807679
0.5058397
0.4923774
0.4668739
0.5114268
0.4947750
0.5311902
0.4948921
0.4620500
0.4796740
0.4685896
0.4999690
0.4959585
0.5322082
0.4721316
0.5289756
0.4832263
0.4815562
0.5049855
0.4976660
0.4859541
0.4997150
0.5221509
0.5168442
0.4949918
0.5111329
0.4973924
0.5213064
0.5284908
0.5265880
0.5092169
0.5338823
0.4942309
0.4883199
0.4836628
0.5065770
0.4896105
0.4845308
0.5038679
0.5127352
0.4807679
0.5058397
0.4923774
0.4668739
0.5114268
0.4947750
0.5311902
0.4948921
0.4620500
0.4796740
0.4685896
0.4999690
0.4959585
0.5322082
0.4721316
0.5289756
0.4832263
0.4815562
0.5049855
0.4976660
0.4859541
0.4997150
0.5221509
0.5168442
0.4949918
0.5111329
0.4973924
0.5213064
0.5284908
0.5265880
0.5092169
0.5338823
0.4942309
0.4883199
0.4836628
0.5065770
0.4896105
0.4845308
0.5038679
0.5127352
0.4807679
0.5058397
0.4923774
0.4668739
0.5114268
0.4947750
0.5311902
0.4948921
0.4620500
0.4796740
0.4685896
0.4999690
0.4959585
0.5322082
0.4721316
0.5289756
0.4832263
0.4815562
0.5049855
0.4976660
0.4859541
0.4997150
0.5221509
0.5168442
0.4949918
0.5111329
0.4973924
0.5213064
0.5284908
0.5265880
0.5092169
0.5338823
0.4942309
0.4883199
0.4836628
0.5065770
0.4896105
0.4845308
0.5038679
0.5127352
0.4807679
0.5058397
0.4923774
0.4668739
0.5114268
0.4947750
0.5311902
0.4948921
0.4620500
0.4796740
0.4685896
0.4999690
0.4959585
0.5322082
0.4721316
0.5289756
0.4832263
0.4815562
0.5049855
0.4976660
0.4859541
0.4997150
0.5221509
0.5168442
0.4949918
0.5111329
0.4973924
0.5213064
0.5284908
0.5265880
0.5092169
0.5338823
0.4942309
0.4883199
0.4836628
0.5065770
0.4896105
0.4845308
0.5038679
0.5127352
0.4807679
0.5058397
0.4923774
0.4668739
0.5114268
0.4947750
0.5311902
0.4948921
0.4620500
0.4796740
0.4685896
0.4999690
0.4959585
0.5322082
0.4721316
0.5289756
0.4832263
0.4815562
0.5049855
0.4976660
0.4859541
0.4997150
0.5221509
0.5168442
0.4949918
0.5111329
0.4973924
0.5213064
0.5284908
0.5265880
0.5092169
0.5338823
0.4942309
0.4883199
0.4836628
0.5065770
0.4896105
0.4845308
0.5038679
0.5127352
0.4807679
0.5058397
0.4923774
0.4668739
0.5114268
0.4947750
0.5311902
0.4948921
0.4620500
0.4796740
0.4685896
0.4999690
0.4959585
0.5322082
0.4721316
0.5289756
0.4832263
0.4815562
0.5049855
0.4976660
0.4859541
0.4997150
0.5221509
0.5168442
0.4949918
0.5111329
0.4973924
0.5213064
0.5284908
0.5265880
0.5092169
0.5338823
0.4942309
0.4883199
0.4836628
0.5065770
0.4896105
0.4845308
0.5038679
0.5127352
0.4807679
0.5058397
0.4923774
0.4668739
0.5114268
0.4947750
0.5311902
0.4948921
0.4620500
0.4796740
0.4685896
0.4999690
0.4959585
0.5322082
0.4721316
0.5289756
0.4832263
0.4815562
0.5049855
0.4976660
0.4859541
0.4997150
0.5221509
0.5168442
0.4949918
0.5111329
0.4973924
0.5213064
0.5284908
0.5265880
0.5092169
0.5338823
0.4942309
0.4883199
0.4836628
0.5065770
0.4896105
0.4845308
0.5038679
0.5127352
0.4807679
0.5058397
0.4923774
0.4668739
0.5114268
0.4947750
0.5311902
0.4948921
0.4620500
0.4796740
0.4685896
0.4999690
0.4959585
0.5322082
0.4721316
0.5289756
0.4832263
0.4815562
0.5049855
0.4976660
0.4859541
0.4997150
0.5221509
0.5168442
0.4949918
0.5111329
0.4973924
0.5213064
0.5284908
0.5265880
0.5092169
0.5338823
0.4942309
0.4883199
0.4836628
0.5065770
0.4896105
0.4845308
0.5038679
0.5127352
0.4807679
0.5058397
0.4923774
0.4668739
0.5114268
0.4947750
0.5311902
0.4948921
0.4620500
0.4796740
0.4685896
0.4999690
0.4959585
0.5322082
0.4721316
0.5289756
0.4832263
0.4815562
0.5049855
0.4976660
0.4859541
0.4997150
0.5221509
0.5168442
0.4949918
0.5111329
0.4973924
0.5213064
0.5284908
0.5265880
0.5092169
0.5338823
0.4942309
0.4883199
0.4836628
0.5065770
0.4896105
0.4845308
0.5038679
0.5127352
0.4807679
0.5058397
0.4923774
0.4668739
0.5114268
0.4947750
0.5311902
0.4948921
0.4620500
0.4796740
0.4685896
0.4999690
0.4959585
0.5322082
0.4721316
0.5289756
0.4832263
0.4815562
0.5049855
0.4976660
0.4859541
0.4997150
0.5221509
0.5168442
0.4949918
0.5111329
0.4973924
0.5213064
0.5284908
0.5265880
0.5092169
0.5338823
0.4942309
0.4883199
0.4836628
0.5065770
0.4896105
0.4845308
0.5038679
0.5127352
0.4807679
0.5058397
0.4923774
0.4668739
0.5114268
0.4947750
0.5311902
0.4948921
0.4620500
0.4796740
0.4685896
0.4999690
0.4959585
0.5322082
0.4721316
0.5289756
0.4832263
0.4815562
0.5049855
0.4976660
0.4859541
0.4997150
0.5221509
0.5168442
0.4949918
0.5111329
0.4973924
0.5213064
0.5284908
0.5265880
0.5092169
0.5338823
0.4942309
0.4883199
0.4836628
0.5065770
0.4896105
0.4845308
0.5038679
0.5127352
0.4807679
0.5058397
0.4923774
0.4668739
0.5114268
0.4947750
0.5311902
0.4948921
0.4620500
0.4796740
0.4685896
0.4999690
0.4959585
0.5322082
0.4721316
0.5289756
0.4832263
0.4815562
0.5049855
0.4976660
0.4859541
0.4997150
0.5221509
0.5168442
0.4949918
0.5111329
0.4973924
0.5213064
0.5284908
0.5265880
0.5092169
0.5338823
0.4942309
0.4883199
0.4836628
0.5065770
0.4896105
0.4845308
0.5038679
0.5127352
0.4807679
0.5058397
0.4923774
0.4668739
0.5114268
0.4947750
0.5311902
0.4948921
0.4620500
0.4796740
0.4685896
0.4999690
0.4959585
0.5322082
0.4721316
0.5289756
0.4832263
0.4815562
0.5049855
0.4976660
0.4859541
0.4997150
0.5221509
0.5168442
0.4949918
0.5111329
0.4973924
0.5213064
0.5284908
0.5265880
0.5092169
0.5338823
0.4942309
0.4883199
0.4836628
0.5065770
0.4896105
0.4845308
0.5038679
0.5127352
0.4807679
0.5058397
0.4923774
0.4668739
0.5114268
0.4947750
0.5311902
0.4948921
0.4620500
0.4796740
0.4685896
0.4999690
0.4959585
0.5322082
0.4721316
0.5289756
0.4832263
0.4815562
0.5049855
0.4976660
0.4859541
0.4997150
0.5221509
0.5168442
0.4949918
0.5111329
0.4973924
0.5213064
0.5284908
0.5265880
0.5092169
0.5338823
0.4942309
0.4883199
0.4836628
0.5065770
0.4896105
0.4845308
0.5038679
0.5127352
0.4807679
0.5058397
0.4923774
0.4668739
0.5114268
0.4947750
0.5311902
0.4948921
0.4620500
0.4796740
0.4685896
0.4999690
0.4959585
0.5322082
0.4721316
0.5289756
0.4832263
0.4815562
0.5049855
0.4976660
0.4859541
0.4997150
0.5221509
0.5168442
0.4949918
0.5111329
0.4973924
0.5213064
0.5284908
0.5265880
0.5092169
0.5338823
0.4942309
0.4883199
0.4836628
0.5065770
0.4896105
0.4845308
0.5038679
0.5127352
0.4807679
0.5058397
0.4923774
0.4668739
0.5114268
0.4947750
0.5311902
0.4948921
0.4620500
0.4796740
0.4685896
0.4999690
0.4959585
0.5322082
0.4721316
0.5289756
0.4832263
0.4815562
0.5049855
0.4976660
0.4859541
0.4997150
0.5221509
0.5168442
0.4949918
0.5111329
0.4973924
0.5213064
0.5284908
0.5265880
0.5092169
0.5338823
0.4942309
0.4883199
0.4836628
0.5065770
0.4896105
0.4845308
0.5038679
0.5127352
0.4807679
0.5058397
0.4923774
0.4668739
0.5114268
0.4947750
0.5311902
0.4948921
0.4620500
0.4796740
0.4685896
0.4999690
0.4959585
0.5322082
0.4721316
0.5289756
0.4832263
0.4815562
0.5049855
0.4976660
0.4859541
0.4997150
0.5221509
0.5168442
0.4949918
0.5111329
0.4973924
0.5213064
0.5284908
0.5265880
0.5092169
0.5338823
0.4942309
0.4883199
0.4836628
0.5065770
0.4896105
0.4845308
0.5038679
0.5127352
0.4807679
0.5058397
0.4923774
0.4668739
0.5114268
0.4947750
0.5311902
0.4948921
0.4620500
0.4796740
0.4685896
0.4999690
0.4959585
0.5322082
0.4721316
0.5289756
0.4832263
0.4815562
0.5049855
0.4976660
0.4859541
0.4997150
0.5221509
0.5168442
0.4949918
0.5111329
0.4973924
0.5213064
0.5284908
0.5265880
0.5092169
0.5338823
0.4942309
0.4883199
0.4836628
0.5065770
0.4896105
0.4845308
0.5038679
0.5127352
0.4807679
0.5058397
0.4923774
0.4668739
0.5114268
0.4947750
0.5311902
0.4948921
0.4620500
0.4796740
0.4685896
0.4999690
0.4959585
0.5322082
0.4721316
0.5289756
0.4832263
0.4815562
0.5049855
0.4976660
0.4859541
0.4997150
0.5221509
0.5168442
0.4949918
0.5111329
0.4973924
0.5213064
0.5284908
0.5265880
0.5092169
0.5338823
0.4942309
0.4883199
0.4836628
0.5065770
0.4896105
0.4845308
0.5038679
0.5127352
0.4807679
0.5058397
0.4923774
0.4668739
0.5114268
0.4947750
0.5311902
0.4948921
0.4620500
0.4796740
0.4685896
0.4999690
0.4959585
0.5322082
0.4721316
0.5289756
0.4832263
0.4815562
0.5049855
0.4976660
0.4859541
0.4997150
0.5221509
0.5168442
0.4949918
0.5111329
0.4973924
0.5213064
0.5284908
0.5265880
0.5092169
0.5338823
0.4942309
0.4883199
0.4836628
0.5065770
0.4896105
0.4845308
0.5038679
0.5127352
0.4807679
0.5058397
0.4923774
0.4668739
0.5114268
0.4947750
0.5311902
0.4948921
0.4620500
0.4796740
0.4685896
0.4999690
0.4959585
0.5322082
0.4721316
0.5289756
0.4832263
0.4815562
0.5049855
0.4976660
0.4859541
0.4997150
0.5221509
0.5168442
0.4949918
0.5111329
0.4973924
0.5213064
0.5284908
0.5265880
0.5092169
0.5338823
0.4942309
0.4883199
0.4836628
0.5065770
0.4896105
0.4845308
0.5038679
0.5127352
0.4807679
0.5058397
0.4923774
0.4668739
0.5114268
0.4947750
0.5311902
0.4948921
0.4620500
0.4796740
0.4685896
0.4999690
0.4959585
0.5322082
0.4721316
0.5289756
0.4832263
0.4815562
0.5049855
0.4976660
0.4859541
0.4997150
0.5221509
0.5168442
0.4949918
0.5111329
0.4973924
0.5213064
0.5284908
0.5265880
0.5092169
0.5338823
0.4942309
0.4883199
0.4836628
0.5065770
0.4896105
0.4845308
0.5038679
0.5127352
0.4807679
0.5058397
0.4923774
0.4668739
0.5114268
0.4947750
0.5311902
0.4948921
0.4620500
0.4796740
0.4685896
0.4999690
0.4959585
0.5322082
0.4721316
0.5289756
0.4832263
0.4815562
0.5049855
0.4976660
0.4859541
0.4997150
0.5221509
0.5168442
0.4949918
0.5111329
0.4973924
0.5213064
0.5284908
0.5265880
0.5092169
0.5338823
0.4942309
0.4883199
0.4836628
0.5065770
0.4896105
0.4845308
0.5038679
0.5127352
0.4807679
0.5058397
0.4923774
0.4668739
0.5114268
0.4947750
0.5311902
0.4948921
0.4620500
0.4796740
0.4685896
0.4999690
0.4959585
0.5322082
0.4721316
0.5289756
0.4832263
0.4815562
0.5049855
0.4976660
0.4859541
0.4997150
0.5221509
0.5168442
0.4949918
0.5111329
0.4973924
0.5213064
0.5284908
0.5265880
0.5092169
0.5338823
0.4942309
0.4883199
0.4836628
0.5065770
0.4896105
0.4845308
0.5038679
0.5127352
0.4807679
0.5058397
0.4923774
0.4668739
0.5114268
0.4947750
0.5311902
0.4948921
0.4620500
0.4796740
0.4685896
0.4999690
0.4959585
0.5322082
0.4721316
0.5289756
0.4832263
0.4815562
0.5049855
0.4976660
0.4859541
0.4997150
0.5221509
0.5168442
0.4949918
0.5111329
0.4973924
0.5213064
0.5284908
0.5265880
0.5092169
0.5338823
0.4942309
0.4883199
0.4836628
0.5065770
0.4896105
0.4845308
0.5038679
0.5127352
0.4807679
0.5058397
0.4923774
0.4668739
0.5114268
0.4947750
0.5311902
0.4948921
0.4620500
0.4796740
0.4685896
0.4999690
0.4959585
0.5322082
0.4721316
0.5289756
0.4832263
0.4815562
0.5049855
0.4976660
0.4859541
0.4997150
0.5221509
0.5168442
0.4949918
0.5111329
0.4973924
0.5213064
0.5284908
0.5265880
0.5092169
0.5338823
0.4942309
0.4883199
0.4836628
0.5065770
0.4896105
0.4845308
0.5038679
0.5127352
0.4807679
0.5058397
0.4923774
0.4668739
0.5114268
0.4947750
0.5311902
0.4948921
0.4620500
0.4796740
0.4685896
0.4999690
0.4959585
0.5322082
0.4721316
0.5289756
0.4832263
0.4815562
0.5049855
0.4976660
0.4859541
0.4997150
0.5221509
0.5168442
0.4949918
0.5111329
0.4973924
0.5213064
0.5284908
0.5265880
0.5092169
0.5338823
0.4942309
0.4883199
0.4836628
0.5065770
0.4896105
0.4845308
0.5038679
0.5127352
0.4807679
0.5058397
0.4923774
0.4668739
0.5114268
0.4947750
0.5311902
0.4948921
0.4620500
0.4796740
0.4685896
0.4999690
0.4959585
0.5322082
0.4721316
0.5289756
0.4832263
0.4815562
0.5049855
0.4976660
0.4859541
0.4997150
0.5221509
0.5168442
0.4949918
0.5111329
0.4973924
0.5213064
0.5284908
0.5265880
0.5092169
0.5338823
0.4942309
0.4883199
0.4836628
0.5065770
0.4896105
0.4845308
0.5038679
0.5127352
0.4807679
0.5058397
0.4923774
0.4668739
0.5114268
0.4947750
0.5311902
0.4948921
0.4620500
0.4796740
0.4685896
0.4999690
0.4959585
0.5322082
0.4721316
0.5289756
0.4832263
0.4815562
0.5049855
0.4976660
0.4859541
0.4997150
0.5221509
0.5168442
0.4949918
0.5111329
0.4973924
0.5213064
0.5284908
0.5265880
0.5092169
0.5338823
0.4942309
0.4883199
0.4836628
0.5065770
0.4896105
0.4845308
0.5038679
0.5127352
0.4807679
0.5058397
0.4923774
0.4668739
0.5114268
0.4947750
0.5311902
0.4948921
0.4620500
0.4796740
0.4685896
0.4999690
0.4959585
0.5322082
0.4721316
0.5289756
0.4832263
0.4815562
0.5049855
0.4976660
0.4859541
0.4997150
0.5221509
0.5168442
0.4949918
0.5111329
0.4973924
0.5213064
0.5284908
0.5265880
0.5092169
0.5338823
0.4942309
0.4883199
0.4836628
0.5065770
0.4896105
0.4845308
0.5038679
0.5127352
0.4807679
0.5058397
0.4923774
0.4668739
0.5114268
0.4947750
0.5311902
0.4948921
0.4620500
0.4796740
0.4685896
0.4999690
0.4959585
0.5322082
0.4721316
0.5289756
0.4832263
0.4815562
