1.0116856
0.9695203
1.0698941
1.0017346
1.0433107
0.9951456
1.0043428
1.0354053
0.9844870
1.0034836
0.9091925
1.0202852
0.9516649
1.0059077
0.9645557
1.0239328
1.0371232
0.9664110
1.0452559
1.0044998
1.0289678
1.0229308
1.0466807
0.9372637
1.0401617
1.0011416
1.0629633
1.0067139
0.9555955
1.1038724
0.9701140
0.9299476
1.0443188
0.9874145
1.0063701
1.0345873
0.9685047
0.9904891
1.0371959
1.0120265
1.0116856
0.9695203
1.0698941
1.0017346
1.0433107
0.9951456
1.0043428
1.0354053
0.9844870
1.0034836
0.9091925
1.0202852
0.9516649
1.0059077
0.9645557
1.0239328
1.0371232
0.9664110
1.0452559
1.0044998
1.0289678
1.0229308
1.0466807
0.9372637
1.0401617
1.0011416
1.0629633
1.0067139
0.9555955
1.1038724
0.9701140
0.9299476
1.0443188
0.9874145
1.0063701
1.0345873
0.9685047
0.9904891
1.0371959
1.0120265
1.0116856
0.9695203
1.0698941
1.0017346
1.0433107
0.9951456
1.0043428
1.0354053
0.9844870
1.0034836
0.9091925
1.0202852
0.9516649
1.0059077
0.9645557
1.0239328
1.0371232
0.9664110
1.0452559
1.0044998
1.0289678
1.0229308
1.0466807
0.9372637
1.0401617
1.0011416
1.0629633
1.0067139
0.9555955
1.1038724
0.9701140
0.9299476
1.0443188
0.9874145
1.0063701
1.0345873
0.9685047
0.9904891
1.0371959
1.0120265
1.0116856
0.9695203
1.0698941
1.0017346
1.0433107
0.9951456
1.0043428
1.0354053
0.9844870
1.0034836
0.9091925
1.0202852
0.9516649
1.0059077
0.9645557
1.0239328
1.0371232
0.9664110
1.0452559
1.0044998
1.0289678
1.0229308
1.0466807
0.9372637
1.0401617
1.0011416
1.0629633
1.0067139
0.9555955
1.1038724
0.9701140
0.9299476
1.0443188
0.9874145
1.0063701
1.0345873
0.9685047
0.9904891
1.0371959
1.0120265
1.0116856
0.9695203
1.0698941
1.0017346
1.0433107
0.9951456
1.0043428
1.0354053
0.9844870
1.0034836
0.9091925
1.0202852
0.9516649
1.0059077
0.9645557
1.0239328
1.0371232
0.9664110
1.0452559
1.0044998
1.0289678
1.0229308
1.0466807
0.9372637
1.0401617
1.0011416
1.0629633
1.0067139
0.9555955
1.1038724
0.9701140
0.9299476
1.0443188
0.9874145
1.0063701
1.0345873
0.9685047
0.9904891
1.0371959
1.0120265
1.0116856
0.9695203
1.0698941
1.0017346
1.0433107
0.9951456
1.0043428
1.0354053
0.9844870
1.0034836
0.9091925
1.0202852
0.9516649
1.0059077
0.9645557
1.0239328
1.0371232
0.9664110
1.0452559
1.0044998
1.0289678
1.0229308
1.0466807
0.9372637
1.0401617
1.0011416
1.0629633
1.0067139
0.9555955
1.1038724
0.9701140
0.9299476
1.0443188
0.9874145
1.0063701
1.0345873
0.9685047
0.9904891
1.0371959
1.0120265
1.0116856
0.9695203
1.0698941
1.0017346
1.0433107
0.9951456
1.0043428
1.0354053
0.9844870
1.0034836
0.9091925
1.0202852
0.9516649
1.0059077
0.9645557
1.0239328
1.0371232
0.9664110
1.0452559
1.0044998
1.0289678
1.0229308
1.0466807
0.9372637
1.0401617
1.0011416
1.0629633
1.0067139
0.9555955
1.1038724
0.9701140
0.9299476
1.0443188
0.9874145
1.0063701
1.0345873
0.9685047
0.9904891
1.0371959
1.0120265
1.0116856
0.9695203
1.0698941
1.0017346
1.0433107
0.9951456
1.0043428
1.0354053
0.9844870
1.0034836
0.9091925
1.0202852
0.9516649
1.0059077
0.9645557
1.0239328
1.0371232
0.9664110
1.0452559
1.0044998
1.0289678
1.0229308
1.0466807
0.9372637
1.0401617
1.0011416
1.0629633
1.0067139
0.9555955
1.1038724
0.9701140
0.9299476
1.0443188
0.9874145
1.0063701
1.0345873
0.9685047
0.9904891
1.0371959
1.0120265
1.0116856
0.9695203
1.0698941
1.0017346
1.0433107
0.9951456
1.0043428
1.0354053
0.9844870
1.0034836
0.9091925
1.0202852
0.9516649
1.0059077
0.9645557
1.0239328
1.0371232
0.9664110
1.0452559
1.0044998
1.0289678
1.0229308
1.0466807
0.9372637
1.0401617
1.0011416
1.0629633
1.0067139
0.9555955
1.1038724
0.9701140
0.9299476
1.0443188
0.9874145
1.0063701
1.0345873
0.9685047
0.9904891
1.0371959
1.0120265
1.0116856
0.9695203
1.0698941
1.0017346
1.0433107
0.9951456
1.0043428
1.0354053
0.9844870
1.0034836
0.9091925
1.0202852
0.9516649
1.0059077
0.9645557
1.0239328
1.0371232
0.9664110
1.0452559
1.0044998
1.0289678
1.0229308
1.0466807
0.9372637
1.0401617
1.0011416
1.0629633
1.0067139
0.9555955
1.1038724
0.9701140
0.9299476
1.0443188
0.9874145
1.0063701
1.0345873
0.9685047
0.9904891
1.0371959
1.0120265
1.0116856
0.9695203
1.0698941
1.0017346
1.0433107
0.9951456
1.0043428
1.0354053
0.9844870
1.0034836
0.9091925
1.0202852
0.9516649
1.0059077
0.9645557
1.0239328
1.0371232
0.9664110
1.0452559
1.0044998
1.0289678
1.0229308
1.0466807
0.9372637
1.0401617
1.0011416
1.0629633
1.0067139
0.9555955
1.1038724
0.9701140
0.9299476
1.0443188
0.9874145
1.0063701
1.0345873
0.9685047
0.9904891
1.0371959
1.0120265
1.0116856
0.9695203
1.0698941
1.0017346
1.0433107
0.9951456
1.0043428
1.0354053
0.9844870
1.0034836
0.9091925
1.0202852
0.9516649
1.0059077
0.9645557
1.0239328
1.0371232
0.9664110
1.0452559
1.0044998
1.0289678
1.0229308
1.0466807
0.9372637
1.0401617
1.0011416
1.0629633
1.0067139
0.9555955
1.1038724
0.9701140
0.9299476
1.0443188
0.9874145
1.0063701
1.0345873
0.9685047
0.9904891
1.0371959
1.0120265
1.0116856
0.9695203
1.0698941
1.0017346
1.0433107
0.9951456
1.0043428
1.0354053
0.9844870
1.0034836
0.9091925
1.0202852
0.9516649
1.0059077
0.9645557
1.0239328
1.0371232
0.9664110
1.0452559
1.0044998
1.0289678
1.0229308
1.0466807
0.9372637
1.0401617
1.0011416
1.0629633
1.0067139
0.9555955
1.1038724
0.9701140
0.9299476
1.0443188
0.9874145
1.0063701
1.0345873
0.9685047
0.9904891
1.0371959
1.0120265
1.0116856
0.9695203
1.0698941
1.0017346
1.0433107
0.9951456
1.0043428
1.0354053
0.9844870
1.0034836
0.9091925
1.0202852
0.9516649
1.0059077
0.9645557
1.0239328
1.0371232
0.9664110
1.0452559
1.0044998
1.0289678
1.0229308
1.0466807
0.9372637
1.0401617
1.0011416
1.0629633
1.0067139
0.9555955
1.1038724
0.9701140
0.9299476
1.0443188
0.9874145
1.0063701
1.0345873
0.9685047
0.9904891
1.0371959
1.0120265
1.0116856
0.9695203
1.0698941
1.0017346
1.0433107
0.9951456
1.0043428
1.0354053
0.9844870
1.0034836
0.9091925
1.0202852
0.9516649
1.0059077
0.9645557
1.0239328
1.0371232
0.9664110
1.0452559
1.0044998
1.0289678
1.0229308
1.0466807
0.9372637
1.0401617
1.0011416
1.0629633
1.0067139
0.9555955
1.1038724
0.9701140
0.9299476
1.0443188
0.9874145
1.0063701
1.0345873
0.9685047
0.9904891
1.0371959
1.0120265
1.0116856
0.9695203
1.0698941
1.0017346
1.0433107
0.9951456
1.0043428
1.0354053
0.9844870
1.0034836
0.9091925
1.0202852
0.9516649
1.0059077
0.9645557
1.0239328
1.0371232
0.9664110
1.0452559
1.0044998
1.0289678
1.0229308
1.0466807
0.9372637
1.0401617
1.0011416
1.0629633
1.0067139
0.9555955
1.1038724
0.9701140
0.9299476
1.0443188
0.9874145
1.0063701
1.0345873
0.9685047
0.9904891
1.0371959
1.0120265
1.0116856
0.9695203
1.0698941
1.0017346
1.0433107
0.9951456
1.0043428
1.0354053
0.9844870
1.0034836
0.9091925
1.0202852
0.9516649
1.0059077
0.9645557
1.0239328
1.0371232
0.9664110
1.0452559
1.0044998
1.0289678
1.0229308
1.0466807
0.9372637
1.0401617
1.0011416
1.0629633
1.0067139
0.9555955
1.1038724
0.9701140
0.9299476
1.0443188
0.9874145
1.0063701
1.0345873
0.9685047
0.9904891
1.0371959
1.0120265
1.0116856
0.9695203
1.0698941
1.0017346
1.0433107
0.9951456
1.0043428
1.0354053
0.9844870
1.0034836
0.9091925
1.0202852
0.9516649
1.0059077
0.9645557
1.0239328
1.0371232
0.9664110
1.0452559
1.0044998
1.0289678
1.0229308
1.0466807
0.9372637
1.0401617
1.0011416
1.0629633
1.0067139
0.9555955
1.1038724
0.9701140
0.9299476
1.0443188
0.9874145
1.0063701
1.0345873
0.9685047
0.9904891
1.0371959
1.0120265
1.0116856
0.9695203
1.0698941
1.0017346
1.0433107
0.9951456
1.0043428
1.0354053
0.9844870
1.0034836
0.9091925
1.0202852
0.9516649
1.0059077
0.9645557
1.0239328
1.0371232
0.9664110
1.0452559
1.0044998
1.0289678
1.0229308
1.0466807
0.9372637
1.0401617
1.0011416
1.0629633
1.0067139
0.9555955
1.1038724
0.9701140
0.9299476
1.0443188
0.9874145
1.0063701
1.0345873
0.9685047
0.9904891
1.0371959
1.0120265
1.0116856
0.9695203
1.0698941
1.0017346
1.0433107
0.9951456
1.0043428
1.0354053
0.9844870
1.0034836
0.9091925
1.0202852
0.9516649
1.0059077
0.9645557
1.0239328
1.0371232
0.9664110
1.0452559
1.0044998
1.0289678
1.0229308
1.0466807
0.9372637
1.0401617
1.0011416
1.0629633
1.0067139
0.9555955
1.1038724
0.9701140
0.9299476
1.0443188
0.9874145
1.0063701
1.0345873
0.9685047
0.9904891
1.0371959
1.0120265
1.0116856
0.9695203
1.0698941
1.0017346
1.0433107
0.9951456
1.0043428
1.0354053
0.9844870
1.0034836
0.9091925
1.0202852
0.9516649
1.0059077
0.9645557
1.0239328
1.0371232
0.9664110
1.0452559
1.0044998
1.0289678
1.0229308
1.0466807
0.9372637
1.0401617
1.0011416
1.0629633
1.0067139
0.9555955
1.1038724
0.9701140
0.9299476
1.0443188
0.9874145
1.0063701
1.0345873
0.9685047
0.9904891
1.0371959
1.0120265
1.0116856
0.9695203
1.0698941
1.0017346
1.0433107
0.9951456
1.0043428
1.0354053
0.9844870
1.0034836
0.9091925
1.0202852
0.9516649
1.0059077
0.9645557
1.0239328
1.0371232
0.9664110
1.0452559
1.0044998
1.0289678
1.0229308
1.0466807
0.9372637
1.0401617
1.0011416
1.0629633
1.0067139
0.9555955
1.1038724
0.9701140
0.9299476
1.0443188
0.9874145
1.0063701
1.0345873
0.9685047
0.9904891
1.0371959
1.0120265
1.0116856
0.9695203
1.0698941
1.0017346
1.0433107
0.9951456
1.0043428
1.0354053
0.9844870
1.0034836
0.9091925
1.0202852
0.9516649
1.0059077
0.9645557
1.0239328
1.0371232
0.9664110
1.0452559
1.0044998
1.0289678
1.0229308
1.0466807
0.9372637
1.0401617
1.0011416
1.0629633
1.0067139
0.9555955
1.1038724
0.9701140
0.9299476
1.0443188
0.9874145
1.0063701
1.0345873
0.9685047
0.9904891
1.0371959
1.0120265
1.0116856
0.9695203
1.0698941
1.0017346
1.0433107
0.9951456
1.0043428
1.0354053
0.9844870
1.0034836
0.9091925
1.0202852
0.9516649
1.0059077
0.9645557
1.0239328
1.0371232
0.9664110
1.0452559
1.0044998
1.0289678
1.0229308
1.0466807
0.9372637
1.0401617
1.0011416
1.0629633
1.0067139
0.9555955
1.1038724
0.9701140
0.9299476
1.0443188
0.9874145
1.0063701
1.0345873
0.9685047
0.9904891
1.0371959
1.0120265
1.0116856
0.9695203
1.0698941
1.0017346
1.0433107
0.9951456
1.0043428
1.0354053
0.9844870
1.0034836
0.9091925
1.0202852
0.9516649
1.0059077
0.9645557
1.0239328
1.0371232
0.9664110
1.0452559
1.0044998
1.0289678
1.0229308
1.0466807
0.9372637
1.0401617
1.0011416
1.0629633
1.0067139
0.9555955
1.1038724
0.9701140
0.9299476
1.0443188
0.9874145
1.0063701
1.0345873
0.9685047
0.9904891
1.0371959
1.0120265
1.0116856
0.9695203
1.0698941
1.0017346
1.0433107
0.9951456
1.0043428
1.0354053
0.9844870
1.0034836
0.9091925
1.0202852
0.9516649
1.0059077
0.9645557
1.0239328
1.0371232
0.9664110
1.0452559
1.0044998
1.0289678
1.0229308
1.0466807
0.9372637
1.0401617
1.0011416
1.0629633
1.0067139
0.9555955
1.1038724
0.9701140
0.9299476
1.0443188
0.9874145
1.0063701
1.0345873
0.9685047
0.9904891
1.0371959
1.0120265
1.0116856
0.9695203
1.0698941
1.0017346
1.0433107
0.9951456
1.0043428
1.0354053
0.9844870
1.0034836
0.9091925
1.0202852
0.9516649
1.0059077
0.9645557
1.0239328
1.0371232
0.9664110
1.0452559
1.0044998
1.0289678
1.0229308
1.0466807
0.9372637
1.0401617
1.0011416
1.0629633
1.0067139
0.9555955
1.1038724
0.9701140
0.9299476
1.0443188
0.9874145
1.0063701
1.0345873
0.9685047
0.9904891
1.0371959
1.0120265
1.0116856
0.9695203
1.0698941
1.0017346
1.0433107
0.9951456
1.0043428
1.0354053
0.9844870
1.0034836
0.9091925
1.0202852
0.9516649
1.0059077
0.9645557
1.0239328
1.0371232
0.9664110
1.0452559
1.0044998
1.0289678
1.0229308
1.0466807
0.9372637
1.0401617
1.0011416
1.0629633
1.0067139
0.9555955
1.1038724
0.9701140
0.9299476
1.0443188
0.9874145
1.0063701
1.0345873
0.9685047
0.9904891
1.0371959
1.0120265
1.0116856
0.9695203
1.0698941
1.0017346
1.0433107
0.9951456
1.0043428
1.0354053
0.9844870
1.0034836
0.9091925
1.0202852
0.9516649
1.0059077
0.9645557
1.0239328
1.0371232
0.9664110
1.0452559
1.0044998
1.0289678
1.0229308
1.0466807
0.9372637
1.0401617
1.0011416
1.0629633
1.0067139
0.9555955
1.1038724
0.9701140
0.9299476
1.0443188
0.9874145
1.0063701
1.0345873
0.9685047
0.9904891
1.0371959
1.0120265
1.0116856
0.9695203
1.0698941
1.0017346
1.0433107
0.9951456
1.0043428
1.0354053
0.9844870
1.0034836
0.9091925
1.0202852
0.9516649
1.0059077
0.9645557
1.0239328
1.0371232
0.9664110
1.0452559
1.0044998
1.0289678
1.0229308
1.0466807
0.9372637
1.0401617
1.0011416
1.0629633
1.0067139
0.9555955
1.1038724
0.9701140
0.9299476
1.0443188
0.9874145
1.0063701
1.0345873
0.9685047
0.9904891
1.0371959
1.0120265
1.0116856
0.9695203
1.0698941
1.0017346
1.0433107
0.9951456
1.0043428
1.0354053
0.9844870
1.0034836
0.9091925
1.0202852
0.9516649
1.0059077
0.9645557
1.0239328
1.0371232
0.9664110
1.0452559
1.0044998
1.0289678
1.0229308
1.0466807
0.9372637
1.0401617
1.0011416
1.0629633
1.0067139
0.9555955
1.1038724
0.9701140
0.9299476
1.0443188
0.9874145
1.0063701
1.0345873
0.9685047
0.9904891
1.0371959
1.0120265
1.0116856
0.9695203
1.0698941
1.0017346
1.0433107
0.9951456
1.0043428
1.0354053
0.9844870
1.0034836
0.9091925
1.0202852
0.9516649
1.0059077
0.9645557
1.0239328
1.0371232
0.9664110
1.0452559
1.0044998
1.0289678
1.0229308
1.0466807
0.9372637
1.0401617
1.0011416
1.0629633
1.0067139
0.9555955
1.1038724
0.9701140
0.9299476
1.0443188
0.9874145
1.0063701
1.0345873
0.9685047
0.9904891
1.0371959
1.0120265
1.0116856
0.9695203
1.0698941
1.0017346
1.0433107
0.9951456
1.0043428
1.0354053
0.9844870
1.0034836
0.9091925
1.0202852
0.9516649
1.0059077
0.9645557
1.0239328
1.0371232
0.9664110
1.0452559
1.0044998
1.0289678
1.0229308
1.0466807
0.9372637
1.0401617
1.0011416
1.0629633
1.0067139
0.9555955
1.1038724
0.9701140
0.9299476
1.0443188
0.9874145
1.0063701
1.0345873
0.9685047
0.9904891
1.0371959
1.0120265
1.0116856
0.9695203
1.0698941
1.0017346
1.0433107
0.9951456
1.0043428
1.0354053
0.9844870
1.0034836
0.9091925
1.0202852
0.9516649
1.0059077
0.9645557
1.0239328
1.0371232
0.9664110
1.0452559
1.0044998
1.0289678
1.0229308
1.0466807
0.9372637
1.0401617
1.0011416
1.0629633
1.0067139
0.9555955
1.1038724
0.9701140
0.9299476
1.0443188
0.9874145
1.0063701
1.0345873
0.9685047
0.9904891
1.0371959
1.0120265
1.0116856
0.9695203
1.0698941
1.0017346
1.0433107
0.9951456
1.0043428
1.0354053
0.9844870
1.0034836
0.9091925
1.0202852
0.9516649
1.0059077
0.9645557
1.0239328
1.0371232
0.9664110
1.0452559
1.0044998
1.0289678
1.0229308
1.0466807
0.9372637
1.0401617
1.0011416
1.0629633
1.0067139
0.9555955
1.1038724
0.9701140
0.9299476
1.0443188
0.9874145
1.0063701
1.0345873
0.9685047
0.9904891
1.0371959
1.0120265
1.0116856
0.9695203
1.0698941
1.0017346
1.0433107
0.9951456
1.0043428
1.0354053
0.9844870
1.0034836
0.9091925
1.0202852
0.9516649
1.0059077
0.9645557
1.0239328
1.0371232
0.9664110
1.0452559
1.0044998
1.0289678
1.0229308
1.0466807
0.9372637
1.0401617
1.0011416
1.0629633
1.0067139
0.9555955
1.1038724
0.9701140
0.9299476
1.0443188
0.9874145
1.0063701
1.0345873
0.9685047
0.9904891
1.0371959
1.0120265
1.0116856
0.9695203
1.0698941
1.0017346
1.0433107
0.9951456
1.0043428
1.0354053
0.9844870
1.0034836
0.9091925
1.0202852
0.9516649
1.0059077
0.9645557
1.0239328
1.0371232
0.9664110
1.0452559
1.0044998
1.0289678
1.0229308
1.0466807
0.9372637
1.0401617
1.0011416
1.0629633
1.0067139
0.9555955
1.1038724
0.9701140
0.9299476
1.0443188
0.9874145
1.0063701
1.0345873
0.9685047
0.9904891
1.0371959
1.0120265
1.0116856
0.9695203
1.0698941
1.0017346
1.0433107
0.9951456
1.0043428
1.0354053
0.9844870
1.0034836
0.9091925
1.0202852
0.9516649
1.0059077
0.9645557
1.0239328
1.0371232
0.9664110
1.0452559
1.0044998
1.0289678
1.0229308
1.0466807
0.9372637
1.0401617
1.0011416
1.0629633
1.0067139
0.9555955
1.1038724
0.9701140
0.9299476
1.0443188
0.9874145
1.0063701
1.0345873
0.9685047
0.9904891
1.0371959
1.0120265
1.0116856
0.9695203
1.0698941
1.0017346
1.0433107
0.9951456
1.0043428
1.0354053
0.9844870
1.0034836
0.9091925
1.0202852
0.9516649
1.0059077
0.9645557
1.0239328
1.0371232
0.9664110
1.0452559
1.0044998
1.0289678
1.0229308
1.0466807
0.9372637
1.0401617
1.0011416
1.0629633
1.0067139
0.9555955
1.1038724
0.9701140
0.9299476
1.0443188
0.9874145
1.0063701
1.0345873
0.9685047
0.9904891
1.0371959
1.0120265
1.0116856
0.9695203
1.0698941
1.0017346
1.0433107
0.9951456
1.0043428
1.0354053
0.9844870
1.0034836
0.9091925
1.0202852
0.9516649
1.0059077
0.9645557
1.0239328
1.0371232
0.9664110
1.0452559
1.0044998
1.0289678
1.0229308
1.0466807
0.9372637
1.0401617
1.0011416
1.0629633
1.0067139
0.9555955
1.1038724
0.9701140
0.9299476
1.0443188
0.9874145
1.0063701
1.0345873
0.9685047
0.9904891
1.0371959
1.0120265
1.0116856
0.9695203
1.0698941
1.0017346
1.0433107
0.9951456
1.0043428
1.0354053
0.9844870
1.0034836
0.9091925
1.0202852
0.9516649
1.0059077
0.9645557
1.0239328
1.0371232
0.9664110
1.0452559
1.0044998
1.0289678
1.0229308
1.0466807
0.9372637
1.0401617
1.0011416
1.0629633
1.0067139
0.9555955
1.1038724
0.9701140
0.9299476
1.0443188
0.9874145
1.0063701
1.0345873
0.9685047
0.9904891
1.0371959
1.0120265
1.0116856
0.9695203
1.0698941
1.0017346
1.0433107
0.9951456
1.0043428
1.0354053
0.9844870
1.0034836
0.9091925
1.0202852
0.9516649
1.0059077
0.9645557
1.0239328
1.0371232
0.9664110
1.0452559
1.0044998
1.0289678
1.0229308
1.0466807
0.9372637
1.0401617
1.0011416
1.0629633
1.0067139
0.9555955
1.1038724
0.9701140
0.9299476
1.0443188
0.9874145
1.0063701
1.0345873
0.9685047
0.9904891
1.0371959
1.0120265
1.0116856
0.9695203
1.0698941
1.0017346
1.0433107
0.9951456
1.0043428
1.0354053
0.9844870
1.0034836
0.9091925
1.0202852
0.9516649
1.0059077
0.9645557
1.0239328
1.0371232
0.9664110
1.0452559
1.0044998
1.0289678
1.0229308
1.0466807
0.9372637
1.0401617
1.0011416
1.0629633
1.0067139
0.9555955
1.1038724
0.9701140
0.9299476
1.0443188
0.9874145
1.0063701
1.0345873
0.9685047
0.9904891
1.0371959
1.0120265
1.0116856
0.9695203
1.0698941
1.0017346
1.0433107
0.9951456
1.0043428
1.0354053
0.9844870
1.0034836
0.9091925
1.0202852
0.9516649
1.0059077
0.9645557
1.0239328
1.0371232
0.9664110
1.0452559
1.0044998
1.0289678
1.0229308
1.0466807
0.9372637
1.0401617
1.0011416
1.0629633
1.0067139
0.9555955
1.1038724
0.9701140
0.9299476
1.0443188
0.9874145
1.0063701
1.0345873
0.9685047
0.9904891
1.0371959
1.0120265
1.0116856
0.9695203
1.0698941
1.0017346
1.0433107
0.9951456
1.0043428
1.0354053
0.9844870
1.0034836
0.9091925
1.0202852
0.9516649
1.0059077
0.9645557
1.0239328
1.0371232
0.9664110
1.0452559
1.0044998
1.0289678
1.0229308
1.0466807
0.9372637
1.0401617
1.0011416
1.0629633
1.0067139
0.9555955
1.1038724
0.9701140
0.9299476
1.0443188
0.9874145
1.0063701
1.0345873
0.9685047
0.9904891
1.0371959
1.0120265
1.0116856
0.9695203
1.0698941
1.0017346
1.0433107
0.9951456
1.0043428
1.0354053
0.9844870
1.0034836
0.9091925
1.0202852
0.9516649
1.0059077
0.9645557
1.0239328
1.0371232
0.9664110
1.0452559
1.0044998
1.0289678
1.0229308
1.0466807
0.9372637
1.0401617
1.0011416
1.0629633
1.0067139
0.9555955
1.1038724
0.9701140
0.9299476
1.0443188
0.9874145
1.0063701
1.0345873
0.9685047
0.9904891
1.0371959
1.0120265
1.0116856
0.9695203
1.0698941
1.0017346
1.0433107
0.9951456
1.0043428
1.0354053
0.9844870
1.0034836
0.9091925
1.0202852
0.9516649
1.0059077
0.9645557
1.0239328
1.0371232
0.9664110
1.0452559
1.0044998
1.0289678
1.0229308
1.0466807
0.9372637
1.0401617
1.0011416
1.0629633
1.0067139
0.9555955
1.1038724
0.9701140
0.9299476
1.0443188
0.9874145
1.0063701
1.0345873
0.9685047
0.9904891
1.0371959
1.0120265
1.0116856
0.9695203
1.0698941
1.0017346
1.0433107
0.9951456
1.0043428
1.0354053
0.9844870
1.0034836
0.9091925
1.0202852
0.9516649
1.0059077
0.9645557
1.0239328
1.0371232
0.9664110
1.0452559
1.0044998
1.0289678
1.0229308
1.0466807
0.9372637
1.0401617
1.0011416
1.0629633
1.0067139
0.9555955
1.1038724
0.9701140
0.9299476
1.0443188
0.9874145
1.0063701
1.0345873
0.9685047
0.9904891
1.0371959
1.0120265
1.0116856
0.9695203
1.0698941
1.0017346
1.0433107
0.9951456
1.0043428
1.0354053
0.9844870
1.0034836
0.9091925
1.0202852
0.9516649
1.0059077
0.9645557
1.0239328
1.0371232
0.9664110
1.0452559
1.0044998
1.0289678
1.0229308
1.0466807
0.9372637
1.0401617
1.0011416
1.0629633
1.0067139
0.9555955
1.1038724
0.9701140
0.9299476
1.0443188
0.9874145
1.0063701
1.0345873
0.9685047
0.9904891
1.0371959
1.0120265
1.0116856
0.9695203
1.0698941
1.0017346
1.0433107
0.9951456
1.0043428
1.0354053
0.9844870
1.0034836
0.9091925
1.0202852
0.9516649
1.0059077
0.9645557
1.0239328
1.0371232
0.9664110
1.0452559
1.0044998
1.0289678
1.0229308
1.0466807
0.9372637
1.0401617
1.0011416
1.0629633
1.0067139
0.9555955
1.1038724
0.9701140
0.9299476
1.0443188
0.9874145
1.0063701
1.0345873
0.9685047
0.9904891
1.0371959
1.0120265
