1.5688314
1.5644227
1.5441972
1.5138628
1.5690669
1.5060029
1.5323266
1.6502131
1.5866343
1.3250640
1.4109616
1.2959226
1.5241150
1.4329946
1.3933101
1.4543167
1.4061000
1.4602051
0.9895044
0.9344278
0.9251031
0.8365714
1.3255021
1.2596027
1.3726160
1.2623352
1.2310827
1.3844619
1.1944487
1.1750552
1.2018648
1.3147623
1.0455792
1.0181152
1.0812679
1.0516616
1.1014507
1.0450453
1.0320640
1.1019388
1.2376376
1.1622778
1.1141752
1.0642677
1.2130132
1.6984687
1.6231788
1.5715716
1.5412792
1.7677941
1.6461173
1.1593615
1.3326405
1.2889388
1.1672561
1.1557085
1.1407263
1.4491004
1.4027643
1.3362914
1.2082211
1.4395712
1.2341003
1.4148054
1.3411270
1.3645171
1.2334448
1.3390482
1.3055197
1.4140674
1.3442431
1.3365642
1.1748771
1.3284463
1.3173375
1.3866035
1.3661048
1.1991075
1.1454275
1.1521710
1.1417268
1.1415267
1.2107228
1.2809441
1.0499952
1.0419285
1.0207394
0.9995674
1.0933009
1.1991213
1.1620192
1.1033922
1.2941358
1.1816779
1.2763433
1.3615033
1.4233071
1.3651882
1.2612110
1.2411584
1.2528893
1.2662697
1.2882858
1.2949903
1.3357082
1.3064513
1.2674328
0.9593997
0.9872285
0.9655787
1.0908865
1.0776170
1.0479691
1.0607418
1.0763753
1.1710787
1.1839263
1.0661258
1.0336775
1.0034185
1.0444708
1.1186549
1.1489078
1.1166798
1.1646542
1.1646375
1.2234672
1.1410914
1.1229247
1.1951662
1.3203225
1.3149512
1.3091775
0.9587577
0.9838738
0.9501122
1.0769237
1.0586761
1.0577856
1.0772100
0.9711863
0.9012865
1.0283626
1.0956803
1.3764088
1.1427669
1.1704948
1.3361575
1.2058150
1.2377546
1.1580781
1.7208175
1.5381785
1.5361948
1.5298032
0.8938368
1.0449222
1.1309172
1.1438285
1.1256628
1.1412270
1.2165866
1.0837335
1.1331618
1.0813391
1.1177911
1.0722323
1.0929687
1.0881265
1.0340509
1.5234192
1.4722185
1.8478825
1.8217165
1.6519993
1.8650971
1.8384846
1.7969493
1.7040834
1.8150178
1.6375987
1.7927896
1.7991518
2.1009601
2.1652234
1.2396954
1.3885285
1.2702670
1.2587824
1.3165301
0.9658963
0.9678461
1.1301164
1.2568356
1.1216644
1.1078235
1.1037288
1.2837016
1.0683272
1.1085885
1.1326249
1.0940871
1.0352566
1.2196980
1.2148135
1.2986557
1.2441397
1.2233132
1.2847269
1.2394019
1.2615824
1.1984532
1.1599464
0.9545280
1.0401380
0.9518814
1.3975330
1.2866735
1.3875385
1.4666519
1.3377961
1.3477827
1.4821621
1.4193840
1.4438294
1.1797758
1.1615054
1.1190627
1.0103422
1.2524047
1.2710338
1.2954700
1.2426317
1.2501650
1.1766530
1.1597660
1.2437413
1.2685865
1.2441687
1.1262721
1.2131460
1.2577480
1.1572153
1.2579559
1.2807549
1.1607255
1.2338875
1.2519718
1.1732015
1.2539831
0.9692953
0.9757994
0.9909044
0.9445697
0.9158085
0.8677160
1.0687547
0.9599057
0.9924310
0.9960276
0.9378832
1.4387940
1.4236091
1.6107084
1.6871029
1.3901403
1.1120916
1.0983166
1.1400520
1.0904115
1.1415988
1.0641882
1.1081552
1.1608081
1.0167926
1.1186747
1.4385316
1.2339596
1.3715733
1.4189205
1.3935022
1.3280007
2.7197206
2.8897390
2.5637580
2.5565619
2.9353511
2.8274230
2.9040004
2.6108142
2.7056321
2.8072664
2.7670835
2.1479694
2.1800157
2.4582749
2.1547691
2.2697886
2.3515390
2.1568688
2.2413501
2.4043801
2.7716421
2.3615200
2.3459950
2.3298683
2.0884825
2.2155034
2.4930750
2.5246259
2.5776304
2.3922892
2.5885950
3.1641049
3.5979210
3.3940800
3.2738793
3.3466824
3.4582299
3.1310970
2.9093044
3.0829521
3.1389636
3.0551918
1.1129345
1.1469221
1.2254666
1.2292621
1.2120733
1.1917962
1.1010139
1.0949865
1.0517013
1.0571668
1.0475347
1.0115856
0.9758273
0.9847855
1.1720245
1.1209531
1.1147328
0.8545945
0.9027829
0.9630661
0.8488730
0.8395907
0.8026672
0.8149258
0.7803534
0.8767352
0.8593864
0.8509040
0.8151320
0.7273121
0.9207525
0.8912805
0.9387475
0.9234757
0.8557618
0.8331920
0.8924605
0.8796154
0.8179768
0.7699977
0.8237281
0.9317714
0.9360498
1.0171369
0.9649051
0.8862713
0.9781488
0.9222479
0.9303291
0.9162988
0.9506566
0.9467037
0.8886103
0.9917483
0.9847481
0.9632649
1.1215342
0.9266964
1.0285697
0.9428426
1.0779105
0.9981657
1.1163063
0.9900124
0.9147262
0.9177147
0.8333519
0.8535099
0.8144354
0.8807932
0.9959771
0.9925628
0.9903736
0.8263774
0.8334788
0.8610244
0.7722476
0.8318973
0.8220064
0.7507008
0.7968045
0.8048441
0.8375678
0.7928685
0.9130856
1.3736351
1.3858270
1.3107373
1.3791566
1.4021415
1.2789010
1.2670309
1.4133332
1.3418861
1.4162645
1.4540086
1.3595022
1.4689708
1.2605582
1.3186998
1.2901548
1.3520757
1.4413382
1.4578836
1.6109119
1.4471820
1.5536191
1.5757140
1.4665367
1.4034016
1.5000560
1.3354919
1.4302958
1.5242296
1.4322645
1.8330037
1.7543707
1.8641385
1.8201112
1.8126101
1.6365849
1.5650322
1.6029048
1.5746365
1.3779322
1.1619095
1.1694753
1.2066057
1.1643353
1.4680728
1.4025010
1.3709470
1.3124655
1.1489994
1.3750691
1.3748930
1.3676733
1.3387901
1.1742200
1.1882395
1.3792407
1.4204620
1.4101765
1.4772803
1.5130564
1.5133365
1.4869637
1.5942637
1.3595178
1.4337788
0.8247074
0.8719937
0.9211463
0.8578210
0.8848058
0.9333015
0.8891470
0.8615695
0.7478904
0.8509721
1.0780363
0.9442142
1.1316637
1.0891015
1.1244690
1.1089188
1.0945209
1.0483716
1.0882376
1.2108873
1.0802979
1.1822092
1.1350149
1.2105590
1.1991131
1.1537261
1.1998223
1.3099568
1.0687463
1.2799375
1.2128621
1.1793930
1.3397601
1.2198840
1.2875501
1.2886110
1.3234073
1.2540566
1.2158008
1.2922548
1.2190054
1.1780722
1.2176087
0.9368491
0.9688285
0.9395000
0.9036394
0.8706462
1.0682794
0.9526053
1.0419264
0.8037844
0.9546341
0.8328299
0.8722097
0.9305857
0.9900348
2.0888527
2.0990975
1.8807152
1.7650450
1.5520099
1.6441890
1.4694971
1.5672749
1.7871177
2.1244898
2.0903071
1.9596757
2.1560280
2.0012666
2.1049988
1.8649122
1.1549023
1.3240540
1.3385839
1.3334302
1.3620542
1.4187947
1.3604617
1.4547079
1.5566586
1.4943869
1.3760257
1.4313022
1.4207434
1.1096966
1.1916280
1.1130129
1.0437959
1.2691634
1.3196836
1.3116007
1.4941190
1.3752753
1.3648590
1.3493987
1.3359623
1.3373439
1.3548217
1.2873757
1.6147624
1.5594130
1.5568640
1.5323541
1.6386941
1.2588859
1.6353844
1.7007611
1.5621110
1.6300536
1.6211637
1.6620863
1.6113255
1.6926271
1.6748964
1.5072463
1.4767497
1.4266411
1.2545689
1.2518773
1.3421642
1.2757177
1.3328588
1.4010264
1.3719391
1.2212155
1.2449209
1.0805122
1.1438129
1.1749694
1.1261555
1.1224933
1.7513842
1.7558668
1.7170190
1.8214528
1.7531784
2.1763535
2.2933664
2.1059488
1.8848977
1.9496988
1.7969556
1.9677764
1.6884127
1.8528270
1.7374894
1.8055487
1.7381389
1.8108958
1.7036770
1.7761130
1.6792960
1.6460804
1.6716880
1.5919608
1.6810840
1.3582671
1.3525172
1.3732794
1.4453736
1.5213168
1.5392623
1.5783115
1.6562723
1.7363957
1.8556442
2.3287250
2.2562282
2.3267379
1.9691120
2.0552944
2.1289401
2.0095791
2.0764007
2.0465926
2.2055082
2.1269866
1.9876994
2.1861839
2.0531245
2.0164261
2.1003036
1.6053097
1.3075503
1.3304726
1.3604239
1.2576249
1.2428769
1.2197305
1.4512020
1.5774947
1.5084913
1.3473523
1.4168718
1.4622818
1.4440320
1.0749163
1.1407834
1.7244099
1.6200302
1.6759170
1.6963859
1.4811602
1.5046419
1.4434606
1.0662979
1.0427680
1.0436765
1.0466951
1.1179278
1.2122955
0.8149296
0.8695288
0.8606598
0.8657342
0.8800791
0.9780728
0.8378865
0.8524080
0.9086414
0.8812444
0.9276495
0.8448051
0.7856607
0.8540213
0.8432753
0.8953821
0.8717109
0.9255365
0.8431821
0.8908966
0.8736688
1.1044054
0.9267864
0.9580172
0.9042693
1.0123427
0.9939434
1.0337059
1.0360933
1.0955801
0.9608446
0.9852355
1.0430892
1.2223214
1.2650761
1.0757713
1.1387782
1.2503283
1.2643800
1.2598160
1.1935279
0.9545997
0.9918339
1.3435946
1.4441618
1.2507085
1.3550590
1.2566674
1.3573182
1.4178693
1.3348489
1.3881547
1.2482756
1.3030568
1.2856496
1.0223884
0.9594462
0.9489517
0.9331063
1.0290309
0.9155931
0.9177609
0.9956211
0.9955937
1.0271057
1.0785565
0.9993658
1.0417060
1.0400869
1.0029323
0.9531448
0.9806694
0.9634055
0.9626052
0.8856012
0.8192221
0.8808690
0.8439383
0.8040912
0.9741522
1.0427413
1.0398221
1.1105505
1.0762574
0.9635774
0.9707221
1.1170004
1.1255195
1.0710191
0.9378023
0.9174626
1.0981547
1.0572865
1.1035197
1.0326464
0.9922096
1.1223894
1.0440715
1.0676467
1.1561598
1.0980120
0.7919284
0.9075452
0.8858979
1.3363342
1.6303906
1.6932531
1.4211978
1.3066214
1.3544103
1.5061452
1.3846228
1.5774365
1.4058991
1.3434803
1.4057834
1.3966761
1.2859125
1.3347023
1.3216308
1.5249833
1.4470985
1.3698667
1.3918115
1.3211770
1.1427948
1.1886148
1.2050313
1.4191316
1.4379227
1.2023886
1.3102148
1.1714548
1.2114787
1.3243527
1.5867456
1.4457879
1.4859323
1.6981775
1.6655659
0.8974284
0.8762512
0.9270340
0.9526926
0.9522664
0.9764848
0.9270159
1.0186243
0.9634166
0.9741083
1.0111894
0.9986766
0.9756974
0.8896346
0.9309273
0.8990085
0.9286960
0.9157654
0.9152078
1.2753231
1.3190596
1.3099867
1.3591729
1.4256583
1.1447501
1.1743258
1.2038020
1.5591580
1.4909330
1.4864984
1.4270776
1.4333628
1.3391449
1.8514244
1.7472433
1.9329410
1.1828582
1.0955525
1.2812550
1.3156072
1.3193228
1.3353888
1.4835693
1.4388141
1.4615644
1.4018837
1.4494904
1.3529426
1.3645117
1.3702682
1.3107829
1.4242387
1.4491523
1.3293333
1.3031450
1.0064011
1.1358717
1.0617824
1.1208156
1.1862937
1.1360131
1.0318350
1.1765005
1.1210512
1.1837718
1.2228144
1.2124805
1.3247774
1.3124870
1.2160505
1.2476761
1.2528270
1.2246074
1.3173492
1.3523315
1.2787438
1.2574940
1.1132483
0.9072067
0.9034910
0.8621455
0.8700409
0.8911635
0.9454033
0.9041259
0.8815694
0.8988667
0.8828848
0.9195369
0.9719776
0.9004467
0.8956312
0.9147770
0.9944306
0.8794871
0.9050549
0.9704704
0.9087453
0.9354303
0.9499423
0.9773916
1.1920245
1.2138493
1.0966793
1.1809992
1.3241810
1.0568998
1.2426286
1.5616738
1.5107438
1.3245154
1.3076187
1.4366358
1.4458023
1.4332800
1.4194455
1.6320122
1.4813978
1.6089526
1.6041121
1.0217923
1.0785157
1.0545090
1.0572086
1.1002531
1.0744581
1.1264364
1.1582569
1.1643942
1.0635335
1.1360165
1.2800455
0.9808648
0.9838988
0.9778726
1.0340429
1.0546806
1.0455419
1.0149441
1.1414242
1.1387086
1.0537529
1.0591462
1.0386051
1.0751718
1.0321488
1.1971555
1.1368171
1.1564291
1.0346596
1.0676011
0.6658167
0.6722048
0.7013250
0.8370679
0.8634292
0.8597244
0.7083757
0.7486637
0.6995558
0.6898467
0.7190224
0.7167709
0.6695417
0.6835195
0.6419999
0.6427549
0.7316314
0.6926031
0.6614736
0.6630834
0.6590198
0.6931354
0.7869987
0.7996712
0.7856850
0.8122553
0.7897942
0.7479556
0.6881272
0.6362197
0.6265040
0.8451118
0.8291034
0.8463873
0.7733501
0.7328406
0.7603891
0.8413848
0.8506002
0.8019889
0.8523222
0.9294108
0.8005643
0.9106600
0.7636417
0.3348959
0.3161525
0.2947789
0.4344251
1.1855934
1.2521748
1.1623772
1.1785586
1.4141420
1.3933825
1.4157450
1.4069105
1.1362635
1.0435474
1.2634843
1.2869373
1.2182351
1.2622084
1.3803123
1.2689527
1.3577256
1.4408619
1.2466138
1.1358861
1.0719837
1.1815337
1.1490972
1.3442689
1.2434589
1.5004511
1.5255376
1.0993575
1.0884169
1.0373369
1.1599969
1.1284423
1.1728581
1.1415215
1.0728344
1.1981178
1.2044948
1.6861068
1.8076315
1.6783709
1.5070805
1.4418125
1.6405527
1.6588685
1.6787576
1.6548229
1.6963450
1.6453143
1.7030295
1.6283927
1.6490159
1.6127770
1.6065565
1.7232000
1.6009707
1.6277413
2.0364867
2.1207641
2.1131124
2.0321625
2.0836837
1.8320242
1.8188989
1.8462502
1.8022528
1.7377976
1.3408562
1.3969208
1.2278773
1.2028865
1.0711264
1.1975286
1.1301469
1.1926298
1.1483534
1.1233133
1.1294410
1.1687806
1.5766703
1.4833071
1.4575805
1.4317080
1.5422517
1.4700257
1.5759170
1.6132811
1.9827983
2.0004356
1.8882815
1.9199957
1.6934205
1.7469362
1.6533158
2.1194093
2.1379234
1.6749132
1.8118789
1.7417977
1.7733655
1.6803055
1.6255381
1.6383955
1.6347236
1.7475429
1.3291934
1.3594428
1.1758272
1.1732638
1.2822154
1.3697975
1.2407278
1.2457335
1.3069938
1.2962944
1.4059868
1.3356050
1.2777960
1.3600411
1.2676121
1.4545011
1.3531059
1.3660799
1.5916356
1.3850324
1.3961833
1.3101574
1.4756960
1.5185552
1.4661361
1.5315416
1.4562320
1.5287411
1.2921419
1.4053726
1.3833115
1.4582121
1.4739604
1.5401878
1.5326380
1.4370424
1.4808865
1.4177892
1.4129342
1.2496626
1.2521251
1.3640954
1.3890021
1.3282489
1.3105796
1.4565830
1.0507953
1.0807555
1.0661691
1.1544234
1.1262259
1.2589966
1.1619043
1.4434479
1.5533430
1.4866208
1.0824950
1.2126182
1.2553213
1.2416145
1.1816786
1.5702509
1.3294686
1.2385236
1.2393363
1.2739884
1.2672326
1.3518972
1.3734035
1.4326394
1.4594718
1.1925817
1.2791442
1.2578265
1.2069813
1.1986621
1.6082031
1.5103728
1.3925422
1.7805805
1.2814883
1.3063876
1.3952403
1.4529179
0.9968408
1.1228057
1.0852047
1.0815166
0.9429809
1.0605318
0.9783118
1.0541786
1.0016303
1.0577926
1.0648366
0.9851212
1.1464406
1.3091911
1.5703901
1.4457300
1.4821555
1.5422004
1.5161484
1.4976831
1.5570355
1.4204584
1.2080100
0.9346344
1.2488165
1.2599193
1.0925187
1.3101497
1.4194201
1.2889165
1.2885321
1.3175152
1.4074417
1.1730308
1.2060340
1.1016968
1.2557088
1.2020310
1.1815431
1.1637557
1.2140605
1.3162384
1.1995560
1.1885365
1.1922836
1.2155118
1.1642113
1.2656515
1.4157499
1.2406261
1.2349805
1.1994875
1.2613808
1.2654052
1.3627771
1.3149970
1.4929155
1.4350472
1.2671764
1.3793311
1.3661547
1.3682694
1.3671163
1.0711808
1.1211861
1.1324806
1.0401468
0.7615027
0.8250478
0.9139457
0.9423463
0.9527225
0.9912626
0.9174057
0.9484424
0.9360418
1.0105122
1.0798850
1.0106292
1.4726343
1.6120752
0.6416599
0.6851926
0.6848504
0.6824919
0.7091991
0.6454806
0.6691683
0.6621086
0.5447563
0.5914778
0.6394292
0.6055166
0.7019627
0.6763427
0.7141621
0.7080593
2.3477474
2.4633749
2.3301728
2.0957176
2.4487740
2.4117871
2.2767568
1.9889203
1.8165311
1.8471582
1.9272639
1.8280234
1.7670507
1.9145775
2.7421202
2.5150286
2.3706986
2.5888055
1.9548190
2.1424847
2.1444819
2.2816028
2.6866242
2.3639287
2.5375084
2.5639912
2.5710246
2.5541414
2.0071034
1.8784165
2.0910385
2.1524434
2.0482219
2.1676680
2.4347031
2.2554421
2.2417549
2.1735769
2.3514422
2.1151538
2.0342652
2.0546170
1.8306192
2.0466267
1.9893066
1.9884613
2.0181462
1.7954611
1.7794073
1.3624104
1.4271020
1.7017605
1.5796282
1.5768150
1.5354729
1.6840615
1.6614539
1.5849767
1.5599700
1.6240117
1.5457340
1.6616054
1.5361143
1.6783867
1.5794448
1.5023832
1.3246003
1.2903620
1.5155301
1.5183421
1.5196693
1.8046991
1.7187906
1.8185594
1.6589451
1.6897060
1.3874572
1.4760529
1.3565598
1.3609799
1.0879947
1.1049398
1.1418025
1.1053728
1.0827599
1.2329176
1.1312126
1.3946359
1.3881588
1.2235853
1.0848430
1.0578053
1.1598325
1.8741751
1.8749485
1.8248885
1.8691566
1.9676445
1.8486712
1.9008513
1.8470519
1.9025127
1.9219418
2.0284547
2.0524355
2.1592573
1.9969748
1.9466096
1.2368856
1.4061236
1.2690485
1.1995704
1.2315455
1.3248709
1.2730038
1.2914824
1.2260194
1.3225668
1.2902304
1.2211202
1.1245131
1.1764966
1.1538780
1.1971032
1.1309789
1.0078041
0.9250996
1.0222785
1.2184765
1.1835231
1.0697068
1.1566663
1.1381012
1.1388665
1.2266357
1.1457467
1.1557631
1.0223304
1.2121345
1.3005797
1.2048090
1.1057473
1.1770189
1.2127228
1.3906953
1.4431113
1.4771161
1.3886264
1.3846451
1.3624565
1.4070221
1.4248824
1.1293733
1.1269989
1.1600014
1.3074975
1.3386602
1.2162451
1.1880049
1.2736894
1.2823878
1.1512966
1.1388008
0.9955152
1.0238715
1.1872745
1.5047625
1.4559010
1.3417365
1.3546027
1.3850178
1.3214948
1.3169201
1.1948769
1.1083781
1.1142113
1.0698739
1.1143907
1.0532064
0.9459624
0.9590387
1.4015269
1.3936912
1.2524882
1.3261180
1.3243427
1.4410148
1.3948889
1.4542931
1.4766347
1.5555720
1.5680758
1.2962125
1.1900243
1.2969578
1.7052634
1.8388229
1.9741869
1.9090511
1.7545221
1.8416680
1.9619390
1.9984227
1.8197097
1.8635520
1.2213987
1.3186941
1.2975555
1.2511102
1.2671978
1.3523458
1.1872996
1.3029590
1.2598474
1.3372318
1.3748565
1.2401499
1.9351189
2.0580941
2.0270392
1.9510317
1.9946887
2.1527762
2.1254093
1.9008086
2.0055885
1.9594987
1.8578767
1.9377334
1.8845536
1.7242527
1.6586489
1.5796231
2.0083908
1.9876635
1.8565545
1.5274581
1.5164264
1.6507232
1.6248534
1.6386096
1.7142499
1.3163858
1.3729729
1.5869636
1.5710118
1.5318196
1.5940874
1.4093195
1.5173994
1.5556199
1.4484452
1.4169942
1.5361592
1.6155335
1.7104149
1.5720885
1.8243679
1.5685175
1.5699804
1.5960961
1.6212409
1.5313537
1.6041215
1.4616286
1.4857698
1.5805540
1.5011227
1.7789902
1.5741410
1.6113299
1.5194495
1.5415953
1.5069765
1.5202144
0.6426363
0.6329385
0.6482766
0.6372042
0.6436511
0.6298261
0.6800844
0.6507865
0.6608263
0.6924180
0.6480404
0.6514509
1.6016885
1.3210787
1.3797023
1.4115053
1.3446200
1.4349474
1.4040167
1.4901108
1.2677262
1.3428108
1.2506959
1.2627436
1.1838180
1.2008604
1.1270041
1.1218108
1.2294477
1.1767597
1.2262754
1.1838123
1.1996980
1.4517096
1.4380886
1.3207648
1.3152400
1.3990046
1.2279548
1.4277539
1.3677412
1.3461764
1.1566865
1.2071489
1.7397599
1.5966685
1.6391370
1.6096051
1.6818930
1.6974758
1.9366365
1.7455299
1.6602838
1.6048045
1.6592063
1.9797030
1.8340079
1.9817386
1.7516942
1.6735615
1.5369388
1.5842809
1.5241285
1.3481718
1.2137539
1.3602233
1.2677984
1.3443005
1.3788888
1.3231327
1.4015374
1.3771810
1.3017964
1.3706231
0.7725835
0.9201028
0.9974482
0.9082972
0.8562186
0.8338072
0.8148838
0.8556643
0.8256204
0.8662728
0.9763138
1.1042084
1.0821714
1.0773842
0.6928591
0.7154071
0.9836524
1.0267897
0.9785171
1.0331678
0.8402671
0.8777042
1.0001867
0.8936378
0.9151401
0.7997969
0.7657178
0.5515163
0.5662367
0.5445761
0.5120070
0.7231237
0.7696431
0.8220549
0.7958644
0.7849566
0.6560022
0.7356055
0.7486489
0.7330054
0.7096699
0.7010739
0.6694568
0.7773228
0.7443999
0.6868204
1.5789445
1.4465467
1.8177837
1.5983474
1.5780837
1.8152908
1.6959610
1.8747999
1.9582958
2.0037994
1.8859773
1.8261851
2.0107035
1.9106974
1.9347822
1.9526423
1.8442518
1.9948181
1.7279784
1.8085142
1.7419648
1.6179079
1.7733022
1.6920220
1.7056454
1.7497648
1.7457435
1.8801766
1.8572557
1.6621993
1.7988517
1.9961313
1.9593815
1.7874512
1.8356013
1.8792686
1.9581029
1.8448730
1.8725947
1.9114749
1.8706303
1.4832349
1.5974826
1.5941344
1.5918030
1.5248391
1.5346728
1.6146482
1.5852780
1.5296308
1.7016696
1.8353179
1.5903691
1.4591554
1.4642964
1.4964808
1.5116696
1.9122840
1.8854295
1.7772564
1.9176134
1.8395651
1.8640942
1.8143261
1.5726711
1.9298615
1.7333522
1.7749307
1.8292209
1.7786915
1.6756092
2.1242077
2.0427684
1.8685338
1.7649209
1.4246635
1.4489124
1.4462343
1.6180500
1.6403511
1.3862335
1.3882406
1.4573117
1.2283951
1.2917908
1.7362159
1.6497589
1.7405624
1.9054286
2.0094124
1.7351898
1.5957395
1.6260702
1.6583258
1.6602434
1.7392000
2.1278010
1.9335040
2.0009276
2.0213110
1.9131881
1.7006841
1.8634715
1.7734764
1.7637004
1.8470913
1.8400367
1.9681532
1.8629496
1.8798948
1.5512192
1.2521942
1.3622339
1.2669899
1.2049884
1.2420132
1.1834205
1.1754626
1.3184149
1.3457650
1.4406294
1.4912399
1.3609461
1.3743136
1.4541048
1.4379914
1.4178161
1.4190305
1.4864187
1.3710811
1.0259685
1.0913827
1.0714797
1.0618394
1.0306931
0.9786617
1.0619416
1.1064561
1.0385358
1.0637882
1.0468905
0.8839536
0.9106290
0.8497654
0.8924166
0.9561761
0.8942982
0.7107544
0.7200270
0.7552843
0.7924816
0.7543455
0.7801601
0.7781239
0.6823531
0.8291217
0.9257230
0.9069048
0.8470873
0.8463974
1.0204003
0.9920467
0.8928366
0.7138194
0.9443194
0.8930785
0.7009633
0.8795391
0.8717522
0.7304307
0.8366714
0.7830182
0.8636576
0.9219390
0.6427019
0.6712630
0.5469235
0.6788071
0.7501703
0.8053872
0.8137560
0.7515718
0.8116918
0.8099304
0.9357262
0.8295601
0.9042977
0.8651211
0.9124703
0.7817970
0.8102332
0.8546773
1.1397527
1.0981031
1.1235999
1.0862862
1.4370314
1.3115992
1.1951914
1.1785586
1.4845213
1.4653803
1.3196357
1.2388001
1.4012102
1.2786727
1.2816996
1.3459506
1.3640741
1.4175021
1.1188097
1.4927093
0.6389140
0.6790007
0.6053370
0.6276946
0.5817920
0.6096341
0.5984637
0.5647897
0.5872885
0.6353422
0.5009592
0.5505910
0.5648479
0.5512167
0.5327983
0.5512555
0.5104712
0.6303823
0.6212925
0.6703305
0.9823724
1.0387001
1.0316169
1.0728732
0.8535986
1.0802062
1.0458963
1.0859889
1.0419072
1.0287764
0.9061154
0.9443057
0.9943890
1.0921984
1.1006877
0.8489523
0.5763573
0.5957158
1.1391365
1.0257214
1.1366961
1.0570234
1.0662000
1.0884364
1.0895528
1.0529317
0.9896114
0.9065291
0.9200872
1.8030114
1.6252459
1.7518876
1.7506912
1.7544700
1.6875115
1.6877583
1.4474010
1.4601258
1.4166154
1.3377615
1.2020428
1.1060137
1.2604080
1.2558465
1.2715119
1.3047277
1.2393417
1.2683387
1.3326478
1.2123023
1.3097723
1.2175017
1.4822406
1.4372768
1.5730666
1.4000732
1.5075202
1.2943994
1.3042199
1.2638335
1.4009525
1.3467034
1.3652387
1.3484411
1.3391780
1.3183221
1.2921193
0.8035002
0.8414914
0.7982612
0.8326835
0.8019335
0.8819571
0.8758986
0.9020018
0.8611200
0.9510416
0.9787974
1.0647681
0.9660986
0.9762672
0.9242993
0.9722683
1.0170185
1.0144422
0.9315721
1.0858200
0.9903993
0.9639205
1.0418674
0.9628920
0.9542860
0.9654039
1.1582399
0.9994158
0.9527446
1.0197561
0.7401474
0.8156533
0.7003970
0.6707776
0.7335070
0.6664445
0.6777352
0.6839735
1.4546934
1.4842874
1.4641601
1.3888162
1.4125924
1.6313194
1.6167874
1.5355283
1.4574186
1.7013698
1.0708539
1.0177345
1.0384154
1.0111058
1.2840780
1.0672322
1.0538085
1.1451358
1.1877451
1.0700057
1.1050911
1.0459081
1.1001912
0.9510719
0.9079093
0.9634556
0.9521163
0.8588371
1.1028587
1.1148286
0.9766488
1.0426666
0.9604969
0.9578067
0.9880999
1.0173505
0.8858462
0.9474782
0.9539114
0.9114332
0.9728856
1.0398469
0.9322946
1.0084632
1.0449516
0.9478883
1.0701558
0.9193391
0.9481444
0.9397811
1.0100876
1.0330655
0.8950518
0.8793045
0.9402346
0.9098805
0.9839248
1.0270066
1.0757317
1.0235060
0.9548738
0.9617805
1.0093936
0.9956131
0.9961978
1.0451891
0.9385507
1.0347434
1.0591327
1.6249202
1.5362388
1.4658340
1.4633081
1.4805410
1.6511130
1.7156527
1.5995224
1.5741909
1.4956239
1.4708812
1.7254889
1.6406493
1.6373978
1.6681392
1.6764770
1.7384789
1.5901759
1.6697317
1.6375762
1.5566003
1.6044813
1.4859135
1.4041515
1.5237331
1.5569795
1.6213177
1.5881106
1.4495072
1.3259171
1.4946038
1.3129008
1.4700700
1.4400558
1.4447843
1.4676732
1.5869936
1.5693577
1.6224893
1.6313641
1.6771240
1.6817976
1.7599579
1.4968124
1.4665846
1.7610335
1.6507285
1.6598085
1.4478879
1.7593769
1.6373886
1.2550876
1.2696219
1.2806322
1.2198306
1.2950240
1.2215386
1.2201054
1.3356684
1.1958366
1.7814625
1.4964277
1.5757753
1.4645479
1.6282028
1.6821587
1.5970128
1.4293194
1.3599843
1.4564736
1.4107497
1.3469916
1.2737204
1.2600976
1.2915379
1.2767848
1.1944968
1.2813829
1.2934155
1.3216869
1.3054126
1.8319854
1.8196055
1.8629557
1.8430875
1.5568685
1.9410312
1.9082032
1.9743558
1.9339633
1.8586716
1.8207606
1.3718644
1.3419589
1.4179918
1.5480500
1.5021301
1.5065010
1.9119940
1.8200586
1.6706951
2.1966366
2.1358695
1.9246761
2.0160025
1.8922909
1.5687054
1.3044223
1.3419688
2.0551380
2.1206887
2.1280196
1.9612649
2.0135107
1.0437442
1.1885590
0.9104744
0.9537605
0.9500881
1.1583806
1.0899926
1.1900222
1.1144106
1.2299575
1.3029664
1.1505992
1.1481238
0.9595159
0.8558664
0.9395519
0.8557556
0.8663639
1.1087844
0.9488095
1.0448000
1.0368114
1.0350929
1.2402153
1.1412821
1.1219140
1.0457036
1.0950759
1.4012741
1.3816700
1.4639039
1.5167886
1.2710631
1.3673142
1.2783439
1.2964190
1.3924158
1.3481347
1.0936949
1.1629928
1.2610907
1.2642504
1.2417657
1.3743874
1.3000153
1.3733353
1.2045381
1.2091833
1.1692533
1.2374193
1.1278474
1.1489104
1.2048863
1.1141384
1.2371268
1.1635335
1.2296628
1.2413007
1.1213585
1.1680233
1.1761103
1.1110456
1.2850098
1.2028783
1.3308662
1.2659386
1.8122142
1.7010918
1.6999598
1.6835092
1.7617162
1.7034275
1.5397551
1.4631202
1.4940605
1.4554186
1.4342617
1.4300333
1.4347111
1.5457062
1.4840708
1.4925462
1.6715835
1.4479341
1.4418348
1.3943287
1.5359487
1.5653513
1.6147920
1.5112716
1.6381305
1.4560053
1.5130425
1.3984376
1.5215154
1.6819174
1.5458993
1.5826168
1.5505900
1.5308218
1.1428467
1.3180635
1.2874611
1.3700293
1.3263563
1.1930541
1.2745700
1.2223857
1.2079729
1.1273459
1.2287911
1.2327116
1.2175494
1.1905839
1.2299277
1.2528412
0.8383563
0.9704340
0.9398756
0.9402535
1.0072756
1.0279342
0.9758518
1.0073203
0.9285404
0.9447696
0.8095443
0.8029195
0.9181884
0.9283256
0.8113829
0.9278980
0.9793912
0.9084267
0.6636161
0.6460397
0.6373635
0.6122679
0.6549026
0.6506289
0.6942542
0.6677568
0.7053481
0.7025613
0.6548421
0.6696004
0.6334929
0.6812430
0.7635329
0.7175280
0.7124631
0.6721226
0.6785160
0.6298745
1.2012992
1.1978714
1.1736866
1.1133696
1.1927205
1.1358359
1.2378617
1.2091250
1.1623997
1.1967862
1.1647642
1.1434859
1.1653553
1.1881008
1.3372435
1.1113755
1.2011663
1.2722163
1.1275930
1.2581692
1.2823446
1.2114244
1.1365569
1.1164286
1.4411376
1.3493411
1.2492544
1.3828383
1.2377186
1.3832026
1.2482115
1.3056777
1.2900083
1.3631991
1.3425448
1.2964956
1.4112301
1.3647923
1.2497697
1.3747051
1.3603202
1.2694070
1.3728327
1.3886718
1.4798812
1.3375127
1.4912724
1.4150348
2.2704352
2.1283928
2.0318563
2.2925435
2.2591218
2.4435124
1.0141822
1.0142652
1.0129186
0.9178237
0.9449934
1.1893628
1.1157943
1.0717378
1.1062981
1.0426763
1.0445623
1.1000707
1.1788209
1.1569090
1.5014752
1.4285909
1.3077141
1.3827178
1.4176476
1.4710769
1.3613097
1.4935268
1.5592148
1.5799564
1.4243459
1.4299717
1.4586628
1.2459616
1.2626935
1.5675862
1.4640778
1.5349460
1.1932695
1.1605680
1.2207419
1.1626993
1.1402024
1.2171359
1.4505870
1.5995099
1.3544525
1.4380776
1.0536252
1.0456578
1.0498929
0.9947244
1.0631052
1.1132301
1.0989136
0.9998250
0.9584645
1.0747577
0.9997698
1.0248563
0.9770339
1.0186296
1.0195460
0.9574228
0.9653541
1.0160639
0.8338925
0.8746816
0.9936752
1.0810225
1.0459234
1.0010270
1.0783335
1.2092017
1.1419258
1.1177051
1.1227039
1.1943792
1.0661827
0.9653934
0.9871994
0.9671599
1.0890556
0.8615417
0.9015758
0.8246213
1.0018431
1.0771147
0.8626196
0.9062999
0.9083135
0.9453946
1.0523738
0.9531683
1.0130272
0.9405824
0.8918282
0.8600123
0.6375413
0.7200314
0.7472120
0.7359665
0.7449582
0.7982913
0.7523035
0.7124693
0.7339845
0.7102719
0.7353021
0.6929551
0.8857000
0.8022521
1.0759592
1.0339519
0.9576523
1.0769331
1.0470651
0.9676924
0.9945170
1.0724958
1.1239502
1.1197310
1.1182320
1.0632568
1.0235372
0.9839309
1.0291653
1.0858257
1.0289991
1.0359046
1.0866998
0.9440058
1.0109576
0.9782238
1.0175608
1.2376614
1.1904089
0.9212851
0.9496051
0.9530952
0.9972586
0.7642031
0.7945955
0.8441216
0.8393314
0.8987480
1.0393526
1.3260101
1.5260245
1.5987175
1.5302207
1.4514801
1.3775629
1.4244434
1.2838701
1.3440518
1.0857991
1.2728509
1.2932799
1.2579705
1.0042554
1.0062229
1.0300265
1.0996111
1.0528815
1.0714077
1.0849847
1.1833883
1.1249515
1.1390439
1.0294587
0.9663972
1.0306770
0.9205052
1.1264202
1.0943676
1.2079530
1.2046535
1.2370669
1.2809173
0.9535222
0.9475811
0.9343160
1.0161369
1.1097614
1.1229441
1.0285558
0.9303271
0.8946359
0.9518834
1.0039366
1.7179348
1.6657917
1.7437736
1.7706255
1.3612211
1.3369287
1.2683959
1.3220894
1.4241355
1.3144200
1.4699918
1.3590863
1.3542145
1.4798231
1.4832779
1.5209882
1.4999029
1.5163380
1.3801948
1.4418475
1.3936695
1.4006935
1.3913241
1.4958870
1.4495943
1.1542755
1.0827508
1.1662810
1.2014280
1.0570672
1.1007222
1.2105552
1.1211616
1.1929715
1.1998963
1.2285500
1.2207344
1.1215566
1.1711198
1.1789399
1.2125965
1.2336311
1.1814473
1.0465202
1.1251679
1.0645483
1.2005268
1.1384617
1.1784643
1.1347607
1.0951906
1.1077039
1.0729080
1.1354496
1.0963651
1.1094397
1.0452489
1.1453657
1.0998853
1.1517822
1.5054870
1.6235975
1.4750789
1.4394737
1.5689711
1.2301895
1.1604217
1.4357966
1.3468335
1.4005277
1.2378459
1.1703940
1.3713180
1.3878958
1.3443374
1.5262133
1.3917851
1.5229833
1.5332470
1.5457210
1.4108582
1.4505055
1.4374107
1.3044424
1.3948822
1.3840644
1.2947756
1.4232455
1.3679554
1.3306576
1.3396293
1.3345831
1.1993674
1.2755101
1.2872129
1.3666787
1.3465115
1.4264511
1.4950336
1.5548110
1.4941570
1.4728609
1.4891428
1.4090258
1.3884373
1.4520033
1.3007580
1.4132146
1.4867251
1.4817023
1.2724667
1.3557718
1.2913672
1.2603353
1.4543532
1.4221529
1.5303235
1.4259952
1.2549097
1.3292664
1.5287783
2.0400194
1.9159581
1.9750903
1.8863507
1.8060640
1.7391180
1.6690946
1.7910641
1.8727567
1.8190621
1.9150799
1.7521235
1.6764340
1.7345006
1.7880884
1.7878791
1.7188293
2.0415515
2.0062643
1.9799927
1.6717955
1.7190124
1.6390859
1.9410004
1.8866323
1.9402557
1.7907061
1.4598532
1.4077289
1.3724529
1.2935188
1.2824669
1.3706524
1.3362168
1.2973145
1.4102382
1.3715026
1.4606907
1.3561940
1.4433647
1.3832246
1.4083715
1.2887887
1.4215990
2.0678530
1.9477549
2.0919205
2.1818423
2.2412708
0.7194026
0.7350194
0.7613886
0.6787903
0.6822048
0.7134378
0.7681420
0.6652031
0.6220752
0.5848308
0.5627384
0.6739229
0.5035364
0.7929096
0.7335406
1.2230001
1.1135149
0.9716252
0.9711210
1.0703303
1.0954977
1.0720766
0.9165887
0.9927302
1.0004517
1.0495703
1.0662240
1.3982328
1.2229189
1.2185043
0.8262786
1.0408898
1.0477510
0.9968616
1.1751286
1.1412046
1.1067162
0.9651961
1.0401049
1.0848571
1.0216607
0.9204990
1.2933237
1.0924947
1.0486845
1.0822225
1.1635171
1.0954908
1.1347322
1.0921309
1.0844322
1.1250086
1.1591096
1.2477943
1.2932204
1.2832730
0.9831608
0.9016006
0.8984811
0.9046960
0.9138144
1.1236329
1.0899988
1.1535729
1.3579920
1.4792678
1.2078660
1.0396201
1.0916288
1.1352558
1.0938788
1.0021146
1.0334250
0.6702673
0.6854696
0.6777014
0.6918954
0.7165703
0.6021726
0.6643769
0.6860169
0.7172873
0.6667010
0.6367514
0.6734870
0.6263335
0.6176121
0.6540285
0.6320914
0.6969211
0.8186604
0.7264956
0.7318518
0.7405972
0.7740948
0.7178928
0.7352433
0.8627647
0.7959450
0.8290301
0.7599760
0.7502999
0.9569724
0.9535511
1.1497604
1.1403726
1.0865652
1.1112035
1.2134272
1.0274011
1.0077265
1.0050959
1.0419113
0.9977485
0.9006181
0.9845067
1.1906298
1.0703079
1.1009544
1.1205950
0.9888653
1.1427224
1.1283343
1.1282016
1.0644095
1.1822583
1.1233154
1.2018990
1.0408497
1.1045421
1.2225646
1.4334296
1.3264051
1.2729424
1.5203924
1.5732742
1.5417885
1.5922199
1.6374561
1.8474229
1.8946039
0.8804298
0.9269829
0.9387324
0.9966052
0.9415437
1.0093457
1.0224279
1.0878681
0.9580824
0.9728033
0.9778301
0.9529473
1.1582502
0.8380732
0.7840042
0.8155859
0.7834855
0.8546544
0.8431125
0.7576767
0.8520179
0.8448168
0.8338100
0.9605078
0.9473422
0.9561330
1.0358491
1.0008346
0.9243494
0.9749787
1.1851991
1.1340515
1.1963112
1.2060415
1.3492085
1.2220895
1.2800858
1.1465284
1.0948910
1.3216159
1.2872132
1.2783302
1.2625922
1.2161267
1.1648133
1.3179489
1.1186463
1.1115415
1.1689228
1.2792817
1.2670626
1.1386751
1.2009927
1.0308769
1.0530301
1.0404141
1.0394437
0.8335631
1.0443608
0.9380287
0.8746116
0.9316158
0.8915283
0.9379525
0.9264523
0.9424692
0.8835506
1.1616771
1.2389183
1.1954752
0.8208702
1.0081193
0.9865552
0.9132043
0.8351583
1.1122448
0.8484406
0.9401979
0.9493125
0.9202338
0.9712936
0.8885083
0.9646218
0.9111334
0.8896054
0.9302459
1.0066000
0.9518826
1.0707608
1.1039484
1.1541097
1.0980060
1.0991513
1.0691056
1.0299167
1.0901071
1.1340099
1.0954060
1.1428417
1.1134119
1.0848925
1.2043995
1.1687682
1.1515310
1.1731365
1.0293215
1.0873818
2.0329463
1.9670063
1.9183067
2.1057762
2.0383383
1.9999129
1.9149759
1.9168363
1.9580745
2.0323307
2.1011764
2.1233742
2.1753585
1.9707780
1.0336624
1.0505448
1.0497029
0.9788830
0.9977364
0.8901252
0.9010244
0.8709539
0.9219004
0.9945882
1.0316642
1.0878522
1.1059712
0.9039919
0.9434108
1.0350933
1.0387312
1.0634016
0.9609253
1.0553211
1.0208444
1.0002423
1.0548551
1.2061132
1.3272732
1.3459685
1.1642518
1.1029056
1.0163614
1.1339587
0.8345342
0.8383975
0.7871538
0.8883516
0.7983208
1.5740280
1.6158886
1.6667732
1.4758727
1.5536665
1.7114611
1.7384487
1.9502290
1.7830032
1.9573956
1.9061074
2.0206385
1.9806837
1.5115035
1.7512626
1.6875673
1.4786004
1.5489124
1.1750204
2.0910390
2.2491841
2.3976243
2.3951498
2.3575706
2.2979800
1.7244854
1.7165766
1.7940994
1.6981125
1.8401334
1.9060252
1.8655797
1.7068569
1.8546756
1.9016916
2.3228617
2.4407145
2.3198927
2.3861112
2.4991159
2.5530240
2.5104506
2.3423751
2.4560326
2.3845941
2.4101009
2.0239447
2.1038611
1.9906407
2.0256311
2.0622635
1.8749498
1.9155663
1.8493888
2.1256146
1.9823160
1.9378923
1.8791103
1.9269221
1.9188430
1.7112822
1.8280336
1.7975695
1.8526652
1.7631890
1.6940732
1.8522551
1.7045411
1.7658157
1.8021447
1.9651273
1.8677322
1.7457641
1.8893816
1.6892262
1.9476764
1.9269071
2.0935739
2.0309318
2.0235601
2.1253028
2.3256675
2.1957446
2.3148002
2.2294114
2.3189180
2.4244952
2.5300348
2.4547595
2.3695882
1.8845351
1.8933410
2.4418629
2.2912312
2.3656051
2.1427263
2.1652738
2.0009585
2.1881304
2.2568333
2.0767011
1.9701747
1.6621708
2.3129906
2.3836566
2.4997673
2.1297583
2.2630292
2.2163556
2.1948770
2.2027484
2.1823343
2.3103855
1.9231405
1.6897383
1.7968422
1.9420033
1.9455412
1.7542878
1.8925645
2.1949764
2.3071456
2.0894618
2.1632428
2.1053014
2.1030110
2.1874542
1.9991433
1.9858079
1.8416742
2.0077151
1.9559930
2.1347466
2.2155824
2.1843038
2.0699261
2.1569286
1.7937330
1.8242561
1.8314139
2.1028669
1.8777043
1.9394654
1.9974543
1.6703282
1.7933202
1.9342484
2.0316166
1.7722064
1.9347831
1.9194576
1.3198592
1.4073709
1.3993512
1.3449957
1.5550050
1.3307139
1.1637228
1.3804505
1.2996124
1.3438415
1.2471330
2.3065348
2.1629331
1.8768822
1.9734166
1.9548448
1.9426542
2.4394031
2.0685445
2.1078488
2.0221722
2.3980428
2.5350628
1.8087882
1.9745593
1.9358709
1.9699248
1.0398437
0.9811313
1.0123924
1.1205789
1.0262421
1.2008935
1.0519977
0.9347975
0.9991553
0.9459514
0.9384640
1.0132316
1.0024141
0.8630836
0.9466134
0.9386710
0.9429761
0.9566801
0.9978270
1.0343761
0.9812462
0.9903636
1.1777303
1.0140312
1.0016943
0.9408450
1.0763105
1.0792920
1.0365892
1.0466884
0.9390328
0.9954866
0.8683494
1.0169574
0.9006816
0.9990044
0.9555020
0.9144140
1.3456058
1.3333248
0.9130130
0.9690940
0.9134107
1.0180375
0.9570015
1.0903002
1.0220266
1.0632254
0.9730490
1.1134034
1.1308905
1.1375347
1.0031044
0.8517865
0.8308047
0.9003038
0.9288704
0.8974498
0.9041487
0.9882559
0.9238886
0.9161322
0.9369393
0.8704053
0.9282691
0.9209943
0.9726806
0.9820779
1.0675282
0.9514583
1.1381878
1.1661404
1.0351538
0.9746258
0.9112484
1.1083325
1.1156201
1.0839537
1.0979394
1.0885159
1.1284303
1.1461491
0.5031466
0.5010904
0.4793060
0.4634640
0.5003875
0.4519230
0.5243645
0.4792544
0.4495932
0.5651944
0.5113901
0.5950418
0.6483049
1.3974688
1.3414659
1.3429290
1.4388430
1.5232302
1.4535074
1.4689768
1.4535595
1.3764957
1.2995841
1.2523304
1.3420561
1.2535818
1.3325960
1.4274484
1.3114223
1.5423360
1.5903296
1.5979600
1.5825155
1.6585256
1.5280183
1.9615212
2.0181611
2.0045607
1.9959131
2.0503049
2.4257259
2.2957342
2.3764770
2.0209682
2.1020731
2.1152905
1.8823654
1.7015982
1.5475170
1.5598177
1.6710643
1.7783418
1.8737528
1.9110433
1.8173514
1.7169193
1.7032057
1.8516968
1.7536750
0.9696733
1.0477449
1.0488139
0.9912042
0.9476295
1.0654843
1.9413535
1.9282216
2.0033187
1.8190521
1.7408998
1.7222244
1.7155009
1.7162223
1.5985476
1.6263081
1.5013420
1.6481841
1.6615672
1.6727708
1.6140534
1.8760251
2.0557188
1.9291136
2.0321910
1.8108218
1.7406129
1.7881069
1.7686096
1.8084710
1.9201885
2.0495542
2.0089432
1.5042477
1.5490733
1.6764264
2.0386625
1.9357355
1.9306107
1.9055868
1.9335085
1.7263082
2.5042055
1.3922832
1.3136437
1.2838129
1.2924964
1.2606170
1.2369490
1.1748177
1.1867242
1.2838341
1.2624492
1.2849823
1.1657361
1.1454338
1.2759337
1.2026137
1.2121154
1.2553127
1.2674214
1.1720130
1.3992321
1.2311496
1.2199660
1.3325183
1.2948297
1.2068346
1.2033054
1.2260975
1.1946474
1.6028968
1.4740206
1.5511236
1.5388474
1.5923091
1.5605766
1.5276796
1.5551030
1.7203773
1.5592676
1.5343327
1.4517513
1.4634128
1.1317567
1.1588071
1.0837361
1.0257946
1.0519480
1.1968283
1.2750914
1.1854380
2.0232811
2.0928696
1.9730869
1.9382022
2.0378238
2.0840265
2.0096247
2.1677874
2.2781429
1.9320476
2.1168382
2.1787732
2.1121405
2.1870532
2.1442517
2.0376505
2.1253609
2.1314059
2.0003222
2.1852960
2.0642374
2.2156209
2.1310267
1.8231984
1.9432126
1.9136573
1.7094818
1.7576483
1.8013196
1.7983421
1.8198929
1.7227066
1.7946878
1.5067567
1.8999027
1.9142233
1.9897344
1.9927132
1.5761326
2.2961904
2.3678673
2.4773090
2.3146362
2.3289913
1.8189358
1.8040876
1.7774330
1.8576057
1.8439789
1.6880887
1.7307010
1.6754219
1.9967961
1.8925167
1.9804266
2.1490138
2.0431619
2.1860600
1.6069652
1.4553662
1.6261018
1.5750130
1.7148513
1.8026902
1.7247436
1.8001071
1.8793361
2.1368845
1.9054169
1.8322479
1.8759622
1.9956261
1.9996040
1.7479789
1.8523746
1.7604628
1.8273882
2.3502927
2.2339635
2.1113576
2.1769406
2.0886883
2.0965564
1.9345977
2.1008051
1.8958172
1.5699667
1.5994439
1.4899939
1.4677840
1.4376371
1.4060219
1.3923404
1.2822183
1.3271307
1.3509771
0.8835776
0.8936806
0.8786149
0.8563463
0.8161693
0.9460038
0.9073547
0.8694153
1.3442741
1.2201360
1.1850407
1.2278486
1.2697537
1.1603440
1.1574724
1.2027724
1.1716304
1.1945430
1.1849808
1.1655636
1.1541623
1.1517445
1.1201315
1.3185808
1.1442435
1.1007543
1.1464527
1.0677453
1.0393404
1.0484289
1.0729613
1.1076985
0.9388179
1.0253943
1.2290079
1.1805107
1.0977649
1.1293641
1.2151282
1.1686462
1.0842098
1.1496607
1.1771588
1.1021313
1.2558884
1.3154768
1.2891167
1.2606086
1.2449340
1.2154840
1.2280592
1.2607647
1.0844446
1.1748273
1.1610139
1.1842817
1.5573740
1.4130631
1.5983116
1.5886506
1.8312589
1.8337756
1.7937813
1.4436676
1.4133405
1.4688159
1.3400608
1.3807286
1.5029420
1.6855563
1.6240718
1.5813197
1.4986223
1.4653828
1.4690240
1.5234046
1.3945832
1.3956955
1.5135135
1.4441560
1.4548088
1.7453928
1.8077385
1.8091924
2.0742739
1.9668946
2.1461424
2.2912511
2.3631558
2.2826064
2.3853803
2.3361578
2.3169356
2.4450626
2.1368969
2.2819582
2.1785585
2.1576188
2.1703200
2.1577322
2.2594190
2.3674936
2.2967609
2.0309726
2.3281429
2.0810220
2.1771959
1.8339656
2.0320273
1.9728459
2.0740898
1.9668396
1.7665195
1.7407071
1.6055013
1.9459906
1.7022434
1.6745178
1.7754119
1.7883128
1.7117726
1.5625008
1.4559248
1.5636091
1.4752252
1.5394702
1.4649817
1.4561334
1.6840111
1.6864124
1.2215914
1.1576504
1.3127651
1.2968999
1.3068008
1.2146277
1.1319654
1.2416988
1.1830599
1.2332343
0.8748766
0.8968205
0.8615765
1.3178867
1.2393006
1.3523450
1.2782122
1.3149182
1.2389135
1.2632947
1.3704491
1.2953755
1.2327790
1.2826675
1.2267625
1.1161687
1.0916776
1.0797296
1.2276083
2.0447364
1.8511624
1.9397579
2.1498665
2.1758075
2.1849119
2.3088334
2.1499337
2.0750256
2.1403818
2.2951642
2.3674698
2.3916352
2.3226571
2.2928955
2.2809675
2.4516666
2.4487275
2.5279318
2.4787161
2.3454666
1.3938238
1.4307398
1.2488532
1.3262161
1.6510980
1.4752192
1.4940249
1.7966672
1.8625362
1.8793872
1.9733890
1.9487453
1.6984719
1.6945941
1.8574956
1.7333682
1.6902749
1.6186214
1.3750680
1.5060351
1.5749828
1.5534650
2.0278284
2.0309930
2.0840191
1.9671733
1.4548598
1.4871218
1.4305685
1.9007770
1.7170667
1.7331256
1.6171654
1.6181019
2.1561781
2.0414196
2.0520789
2.1248480
2.0483167
2.1157573
2.0425871
2.1846628
2.2307275
2.1230189
2.0180160
1.0259384
0.9687364
1.0130904
0.9205954
1.0002426
1.0653051
1.0183284
1.0794615
0.8932151
0.9302405
0.8656468
0.8492601
0.9007149
0.8509710
0.7708257
0.7373508
0.7826247
0.7633801
0.8714705
0.8338912
0.8534535
0.8404821
1.4182213
1.3381691
1.1301320
1.0413788
1.0452129
0.9885374
1.1289083
1.5000908
1.6321772
1.5138555
1.5647152
1.4045398
1.5462923
1.5964718
1.5657336
1.6514801
1.4788249
1.7127381
1.6151690
1.4876063
1.2522348
1.3649523
1.2570759
1.2482263
1.3702220
1.4174637
1.3163986
1.2309112
1.2661839
1.2836986
1.3896211
1.3068147
1.3390883
1.0018398
1.0096743
0.9944694
1.0784787
0.9457470
0.9232495
0.9320329
0.9265033
0.9697882
0.8811942
0.9785818
1.0486183
1.3617797
1.2962503
1.2730476
1.3578216
1.3343215
1.2364345
1.3118345
1.4108872
1.2638771
1.3594136
1.3257469
1.3000115
1.3040579
1.3201652
1.2421321
1.2973997
1.4434173
1.2357816
1.4255789
1.3418058
1.3769604
1.2525268
1.5118905
1.5169421
1.4916550
1.3253175
1.4471564
1.5274027
1.5527288
1.2993711
1.3012224
1.1800230
1.2391736
1.2328356
1.4915082
1.3363622
1.4906579
1.5405714
1.4278683
1.6065678
1.3290967
1.4736029
1.4435502
1.3717444
1.5264295
1.3810234
1.4631076
1.4611718
1.4054383
1.3958391
1.3254134
1.3705874
1.3830426
1.4335571
1.4741613
1.5244535
1.1709753
1.3109562
1.3301276
1.3078081
1.2849598
1.3622532
1.1453420
1.2565494
1.3526974
1.3281271
1.3086965
1.8163214
1.6652156
1.5826919
1.7384229
1.7665148
1.7712192
1.8139284
1.8718237
1.8590862
1.9942123
1.9299735
1.9679509
1.6323436
1.5561260
1.6488478
1.5759366
1.6472502
1.7357870
1.7383068
1.5003491
1.5566876
1.6537108
1.6200277
1.4759707
1.6845846
1.5605977
1.6004300
1.4738674
1.7181102
1.6888111
1.6906614
1.7780641
1.9422900
1.7183777
1.6919152
1.5323638
1.5405580
1.6368315
1.5185666
1.6899651
1.6086841
1.5528867
1.6801782
1.5194338
1.5572633
1.6627691
1.6607855
1.5881690
1.6188515
1.5910538
1.7912473
1.7160361
2.2979353
2.2261198
2.0511852
2.2590671
2.0031364
2.1736120
2.3352588
2.4349390
2.3348369
1.9164268
1.9050358
1.7851408
1.9983414
1.8480079
1.9526597
1.9715527
1.6285237
1.8163979
1.3825970
1.4094614
1.3467310
1.3504504
1.3892660
1.5798144
1.6305895
1.6078889
1.5425129
1.5486160
1.7066264
1.5662582
1.5819975
1.5834372
1.5681164
1.5430246
1.7611191
1.6180642
1.3519646
1.5136158
1.4697098
1.5474153
1.3618887
1.2821345
1.2432802
1.2393208
1.2785206
1.2909789
1.2424182
1.3791499
1.3301276
1.4212635
1.2902461
1.3007676
1.2146074
1.6285366
1.6495058
1.6835104
1.6525408
1.7078701
1.5990072
1.5785021
1.5313827
1.5439106
1.5635608
1.6120896
1.6650636
1.6902149
1.6958105
1.7098103
1.7742806
1.6033320
1.2737326
1.3264468
1.2955240
2.2895292
2.2505974
1.7424840
1.6034830
1.7231135
1.7047033
1.6801811
1.7690246
1.6914787
1.7533470
1.6932733
1.6137374
1.8827763
1.9473471
1.1917037
1.1130912
1.1871767
1.0202421
1.2325409
1.7047580
1.6792428
1.5280838
1.6056159
1.7131447
1.7465105
1.6410379
1.4558804
1.5303771
1.3583623
1.7074619
1.6738886
1.7454375
1.6725107
1.5428651
1.5561628
1.7458713
1.6490990
1.5502493
1.4167375
1.3925131
1.3062405
1.3787078
1.2876789
1.2549840
1.3335801
1.3760782
1.4867009
1.4296393
1.4439543
1.3131462
1.3700554
1.3870291
1.7473460
1.6082914
1.5979036
2.1774000
2.0794096
1.5660367
1.5261353
1.6350595
1.3843512
1.6694600
1.5565529
1.7450888
1.6802598
1.9955011
2.0102928
2.0266070
1.9493805
2.0415843
1.9613911
2.0161573
2.0174139
1.8326459
1.4465248
1.4686193
1.4992948
1.4664674
1.9534306
1.9120231
2.0170236
1.6984273
1.7970343
1.7734872
1.9104954
1.6769307
1.7225506
1.7072755
1.6811460
1.6485975
1.7388016
1.6897247
1.8321764
1.7806075
1.7804243
1.6267252
1.6464518
1.7468440
1.8601189
1.5168550
1.5791301
1.5560904
1.5496313
1.6490019
1.6742557
1.5781076
1.4645276
1.6960917
1.6835782
1.2724539
1.2004641
1.1704081
1.2494174
1.2495698
1.3025917
1.2468952
1.3313458
1.2617775
1.2388751
1.1636190
1.2585362
1.2144356
1.2151503
1.2788298
1.2566073
1.3961920
1.2960265
1.1507773
1.0828627
1.1340315
0.9216421
0.8753877
0.8784746
0.9292422
0.8779676
1.1461071
1.1647678
1.0885051
1.3067068
1.2332074
1.2055044
1.2996984
1.0800658
1.1390560
1.1357595
1.2669975
1.3382773
1.1976865
1.2681038
1.2197055
1.0500529
1.0827771
1.0323430
0.9169247
1.4413323
1.6691243
1.4642655
1.5187848
1.6517527
1.8260312
1.5503526
1.6513454
1.6473227
1.7209742
1.6543277
1.5412169
1.9477460
2.0494220
2.1047065
1.9447246
2.0985771
2.2204410
2.0927071
1.9088361
1.9767697
2.1537384
2.2008499
2.0691319
2.2142507
2.1845254
2.2227501
2.0724477
2.1137387
2.0102933
1.8858074
1.8862391
2.0413439
2.0919948
1.9382389
1.8148051
2.0070415
2.0344911
1.9499042
2.1045939
2.0284645
1.7430680
1.6830305
1.7042046
1.8185598
1.7707844
1.7823256
1.7447445
1.7012103
1.3305646
1.3315808
1.3125905
1.3147315
1.9825027
1.9238118
1.9182115
1.9146372
2.0100591
1.8477215
1.1200378
1.0418108
1.1310949
1.0397475
1.1097679
1.1113370
1.1691068
1.1891799
1.1949358
1.1531182
1.1068620
1.3693437
1.4781462
1.5352926
1.3101697
1.1226491
1.0978090
1.0892463
1.0303525
1.9181233
1.9479818
1.8310198
1.9575454
1.9134733
1.9336976
1.9517050
1.9805789
1.7680825
1.9628846
1.8505923
1.7905631
1.6652190
1.3249234
1.3131938
1.2848782
1.3387504
1.4622943
1.4907827
1.9206782
1.9817187
1.2411531
1.1651852
1.0743302
1.1828105
1.8173029
1.7842126
1.7424930
1.8330474
1.8388227
1.7544826
1.8722386
1.8314220
1.7678196
1.7327476
1.5618409
1.7580884
1.5441223
1.7208260
1.6438854
1.5406206
1.6860330
1.2311701
1.2420175
1.6216446
1.6094651
1.5424798
1.7314395
1.6841622
1.4421811
1.3771285
1.6149511
1.6025949
1.5826215
1.7453613
1.7039601
1.8674190
1.6346178
1.5053013
1.4258904
1.7194216
1.7138847
2.0591940
1.8293538
1.8897627
1.8443328
1.8504198
0.9197129
0.8918622
1.0409379
1.3210921
1.2256032
1.2141245
1.2841366
1.2743943
1.5163534
1.6118906
1.5944634
1.3346692
1.2801033
1.3611996
1.6115532
1.5264623
1.6308716
1.4808552
1.2317153
1.6639140
1.7031165
1.6982947
1.6079519
1.5731693
1.7001664
1.3096914
1.3504553
1.4917405
1.4823520
1.4780143
1.8826132
1.9688578
1.1548644
1.0849495
1.1742233
1.2971098
1.0278448
1.0668650
1.0144011
1.0954927
0.9827404
1.2963840
1.2840869
1.1908901
1.2089504
1.2493699
1.2951365
1.2821142
1.3529454
1.3353885
1.3474988
1.1636968
1.1214007
1.1415579
1.0848173
1.0990337
1.0159614
1.0975889
1.0470118
1.0284554
1.0868068
1.0190986
1.0416701
0.7987920
0.8022700
0.7315270
1.2974782
1.5494139
1.6525369
1.5860483
1.5086288
1.4858974
1.5327089
1.3782408
1.3905247
1.4076859
1.5470345
1.5519698
1.5182250
1.4805321
1.2835588
1.3392030
1.2363381
1.1495954
1.1657507
1.2265407
1.0621231
1.3440118
1.2851707
1.3098711
1.3121265
1.3300746
1.1841177
1.1147961
1.1464821
1.1594648
1.2831269
1.3233205
1.3202494
1.2001463
1.2091771
1.3428254
1.2976834
1.4080809
1.2155653
1.0715779
1.2174921
1.1321902
0.8072549
0.7709361
0.8016146
0.7274036
0.7829392
0.8209241
0.7540492
0.7704283
0.6272403
0.6449816
0.6465796
0.6358579
0.8042888
0.8143030
0.8649148
0.7416996
0.7154851
0.7878331
0.8546621
0.7996648
0.7645602
0.7220542
0.6729623
0.7773380
0.7204802
0.6496039
0.7363675
0.7822514
0.7946754
0.8535063
0.8743164
0.8105999
0.8657640
0.7428104
0.7120922
0.7630550
0.7192585
0.7070915
0.6888186
0.7176079
0.7177448
0.7822483
0.7698204
0.8591307
0.8113944
0.7812740
0.7785121
1.4464213
1.4234584
1.2511861
1.3704011
1.3926689
1.4052500
1.4507062
1.3464975
1.4108793
1.4334215
1.3846729
1.2466248
1.2132123
1.3900542
1.2410302
1.3041766
1.1775682
1.2464575
1.3045707
1.3609302
1.2410537
1.3383021
1.3663411
1.3899472
1.3060508
1.3519350
1.3117203
1.4002201
1.2458335
1.2579419
1.2061625
1.2620083
1.2405557
1.2003670
1.2387492
1.1497090
1.2661896
1.2466078
1.3854025
1.2703316
1.2309078
1.1029902
0.8038099
0.8254649
0.8210869
0.7496067
0.9961882
0.9967156
0.7552493
0.8948839
0.8759578
0.7716756
0.9065936
0.8707644
0.9277103
0.9320972
0.8478763
0.8828407
1.0729816
0.9507693
0.9704303
0.9096197
0.8122329
0.9081870
0.9144206
1.0511700
1.0067920
0.8318685
0.6372000
0.5635362
0.6332630
0.6577615
0.6291054
0.6342892
0.5723024
0.6040527
0.5816000
0.5921795
0.5582446
0.6034318
0.5974950
0.6376200
0.5861519
0.7193665
0.8436701
0.9452161
0.8429442
0.9027035
0.9226143
0.9047109
0.8877501
1.0502600
0.7713719
0.8027427
0.7751700
0.7439535
0.7643124
0.7434978
0.7798913
0.7324406
0.8062778
0.7398180
0.6797303
0.7285032
0.6559098
0.5942066
0.6308361
0.5946019
0.6183134
0.6362434
0.6474904
0.5928555
0.5983948
0.6382507
0.6024288
0.6247535
0.7059728
0.7869456
0.8671198
0.8848862
1.5291311
1.4106521
1.3770783
1.3290833
1.4479959
1.1679462
1.2524574
1.3688273
1.7891534
1.7632885
1.8400830
1.7550462
1.7173781
1.8158757
1.8891870
1.7630138
1.7761873
1.8372272
1.9903183
1.9290510
2.0295151
1.9107164
1.5915205
1.6823921
1.6146866
1.6344148
1.6826101
1.5365415
1.7189263
1.5464120
1.6835227
1.7280907
1.4568966
1.3564148
1.3251071
1.2882740
1.2836734
1.3011838
1.2975993
1.3376616
1.3962264
1.3563195
1.3276518
1.3341381
1.2664092
1.2929996
1.3316205
1.3338367
1.3218844
1.4319133
1.3948319
1.2720026
1.2909233
1.4067252
1.3451007
1.3605649
1.1830136
1.2432054
1.2620774
1.1550523
1.1421041
1.2440573
1.2025980
1.2575110
1.1970345
1.9048780
2.0183359
1.9025810
2.0639195
1.8640409
1.8622776
1.8514880
1.8623131
1.8399147
1.6918006
1.6468219
1.6187371
1.8497864
1.7502801
1.8615137
1.8571880
1.7096259
1.6110761
1.5322424
1.7471676
1.3580474
1.2829966
1.3248222
1.3530426
1.3609063
1.3528579
1.3590708
1.4912603
1.4554839
1.4519550
1.4718097
1.3222018
1.4372560
1.0457959
0.9709291
1.3258138
1.3624901
1.3840772
1.1862165
1.2731733
1.1937414
1.2499780
1.2560220
1.2669269
1.4303405
1.5301403
1.5352376
1.5119406
1.4404746
1.5002941
1.1674733
1.2666997
1.1989985
1.2226051
1.2994934
1.2679187
1.4633317
1.3488996
1.3101273
1.3417270
1.2951532
1.2347378
1.1217410
1.2142323
1.1850678
1.1593309
1.1419465
1.1600010
1.0416947
1.0179934
1.1556737
1.1866867
1.1560201
1.1373569
1.2266692
1.1674633
1.3174767
1.2404945
1.1572146
1.2391086
1.1872654
1.2501692
1.2854396
1.2847755
1.3279396
0.9122869
0.9709724
1.1205528
1.2002988
1.2155080
1.0571378
1.0250248
1.0232368
0.9730460
1.6638006
1.6580901
1.4555871
1.5294373
1.4925627
1.5037373
1.3864357
1.2522719
1.2891037
1.5976789
1.6364920
1.5637796
1.3705709
1.4123416
1.4422989
1.5613040
1.5482826
1.5443379
1.4195928
1.6265451
1.6128901
1.6038771
1.5444100
1.6941413
1.4115781
1.4232639
1.5228108
1.5725714
1.5973616
1.4667416
1.4259991
1.3460403
1.5179353
1.5109167
1.3394512
1.4635599
1.4014231
1.3816353
1.4027760
0.8946938
0.9484650
0.9678523
0.9226349
0.8924613
0.7880774
0.7064823
0.6812571
0.7198910
0.6634586
1.0293269
0.9493164
0.8865018
0.9328440
0.9476681
1.0235592
0.9396995
0.8217225
0.8113070
0.8185643
0.7612215
0.8395949
0.8546597
0.7759372
1.0161143
1.0451521
1.0783902
0.9619506
0.9534468
0.8342981
0.9237722
0.8600141
0.9114207
0.8161502
0.8469377
0.8580060
0.7188784
0.6629360
1.6250906
1.5111694
1.6778344
2.0104885
1.8329818
2.1429908
1.9870744
2.1589922
2.0122131
2.2174940
2.2230393
2.0232583
2.0711499
2.1138690
1.8978379
1.9422277
1.9323924
1.7617190
1.8862937
1.9543627
1.5322148
1.5734698
1.6348911
1.5795364
1.3918385
1.4680542
2.0564371
1.9683224
2.2543628
1.9145984
2.2964065
2.3798091
1.9273501
1.7337359
1.7737957
1.7212835
1.7630956
1.6470857
1.3730175
1.4865570
1.5107383
1.7507694
1.7061030
1.7536890
1.8415947
1.9219780
1.7008585
1.8228865
1.9275487
1.6350963
1.8793799
1.8309767
1.8362773
1.6903292
2.0324620
2.2446377
2.0933496
2.0438681
2.0233211
2.0762447
1.8672894
1.8256453
1.6074273
1.6065912
1.5400906
1.6771401
1.7544993
1.8319019
1.9601524
2.2887191
1.9028079
1.9705822
2.0198458
2.2043726
2.3369345
2.2864231
2.1073643
2.1638238
1.0081137
0.9519221
0.8921568
0.9582622
1.1407409
1.0239481
1.0698087
1.1611376
1.0252391
1.0563082
1.2207898
0.8267514
0.8189468
1.0256783
1.0677462
1.0324455
1.0238812
1.1072030
1.0543722
1.0298169
1.1022459
1.0117187
1.0146892
1.0560567
1.0958521
1.0277978
1.0332623
0.9904264
0.9777105
1.2275080
1.2615958
1.1993739
1.1798262
1.1686150
1.3254091
1.2782344
1.0635133
1.1953548
1.1400314
1.2092019
1.4239218
1.3011305
1.3483536
1.4816786
1.3209926
1.4340677
1.6384844
1.7127846
1.7124133
1.7173250
1.5897604
1.6967935
1.8999991
1.8222799
1.7468776
1.5867076
1.7027243
1.7868024
1.7768423
1.5622040
1.7861703
1.5665048
1.6257013
1.6606219
1.9439011
1.8395897
1.9165622
1.6287305
1.7030095
1.7558197
1.7658417
1.7568722
1.5503355
1.6036541
1.5341893
1.6031740
1.6586514
1.8510588
1.7604337
1.8363105
1.6946919
1.7672647
1.7711791
1.8430563
1.7044689
1.7784762
1.8121873
1.8419423
1.8629539
1.5659272
1.9943866
1.8817307
1.9505615
1.7372351
1.8025926
1.8907635
1.8143515
1.7825749
1.8358380
1.6589391
1.8436086
1.6339962
1.7638940
1.8423931
1.8287102
1.6534496
1.6867534
1.6904509
1.4595738
1.6365509
1.8424526
1.5632695
1.4935059
1.4262288
1.3996743
2.0903129
1.9222351
2.0769934
2.0901961
2.1959992
2.0829130
1.7990332
1.8097243
1.8955914
1.7752987
1.6795675
1.6584248
2.3079334
1.9688532
1.9201682
1.8978710
1.6721866
1.7520296
0.7881307
0.7813744
0.8858108
1.1970340
1.2281548
1.1692592
1.0697824
0.9989367
1.1370451
1.1647409
0.9594263
1.0740119
1.0444553
1.0008355
1.0255720
1.1201671
1.0395586
0.9785763
0.9675462
0.9137850
0.8356416
0.9164099
0.9668935
0.9045829
0.9654178
0.9670223
1.0990297
1.2020561
0.8779473
0.8698725
0.7859714
0.8286198
0.7947233
0.8837226
0.8830545
1.8569825
1.5739335
1.5048782
1.6289072
1.5699297
1.4511044
1.3802259
1.4301699
1.3557732
1.3360416
1.2882173
1.1226109
1.1990887
1.1991766
1.2575948
1.2710647
1.1448612
1.1953652
1.2778099
1.3947433
1.3684328
1.1989714
1.2582990
1.5957508
1.5625478
1.5896198
1.5307472
1.4701151
1.4187241
1.3144936
1.3861580
1.4495393
1.3904794
1.4101015
1.4855187
1.5515129
2.9917267
2.1950871
2.2849986
2.5864049
2.3059319
2.2159997
2.2605561
2.3148713
2.4803725
2.4004287
2.0710327
2.0916337
1.9616910
2.1620596
2.0632229
2.1684762
2.1287185
2.4298151
2.5293845
1.8456024
1.9024399
1.8478556
2.0749764
1.9988272
2.1199907
1.6246052
1.7652638
1.6378679
1.7467713
1.5776955
1.5097004
1.6433887
1.5005480
1.5776827
1.4046461
1.3141637
1.6347891
1.5978041
1.6912506
1.4193101
1.5347622
1.4528529
1.5167670
1.5298144
1.2801834
1.3351822
1.2682656
1.2057670
1.2247895
1.2865325
1.3074703
1.3150677
1.2597634
1.2677771
1.4249730
1.3024028
1.3296786
1.3504300
1.4633606
1.4856694
1.5574736
1.5586875
1.4033017
1.4843789
1.3828740
1.5098074
1.1888845
1.3304525
1.2177963
1.5436906
1.4743217
1.4402506
1.3952450
1.4836080
1.4357768
1.3480627
1.5882158
1.4835439
1.3867709
1.4066601
1.5023668
1.5234128
1.3601394
1.3844765
1.3502539
1.3038672
1.3887017
1.3011939
1.3341162
1.3711279
1.2868904
1.2327789
1.3456784
1.8536732
1.6999291
1.8187582
0.9242510
0.8712681
0.9697599
1.0026392
1.0559806
1.0109842
0.9024537
1.1278677
1.0566211
1.2641654
1.2232542
1.1927502
0.9394165
1.0295157
0.9232946
0.9292414
1.0632829
1.0416765
0.8891928
1.0046807
0.9599397
0.9020475
1.0328297
0.8074669
0.7501850
0.7973120
0.7820640
0.8570502
0.6325956
0.6586873
0.6020600
0.6211893
0.6288909
0.7386168
0.7547668
1.1434745
1.0752285
1.2586551
1.3213633
1.3502541
1.2229716
1.3619076
1.3069031
1.0129083
1.0439423
1.0411728
1.0542007
0.9968135
0.9731331
1.0361773
1.0366161
0.9572609
0.9002048
0.9414987
0.9182760
0.9813741
0.9533242
0.9710361
0.9176176
0.8512961
0.9476044
0.9187590
0.9831656
0.9058969
1.1829032
1.2028859
1.2141624
1.0870691
0.9550049
0.8717495
0.8941070
1.0979876
1.0740945
1.0223715
0.9434666
0.9695026
0.9908412
0.6515945
0.6319365
0.7009250
0.6907781
0.7018196
0.6839917
0.6282860
1.4332877
1.3508438
1.4561969
1.3421436
1.2584290
1.5702148
1.4224350
1.4150009
1.4483275
1.4322057
1.4186882
1.5983687
1.4219037
1.5781482
1.4940070
1.4244303
1.3961007
1.3523745
1.4492809
1.6067847
1.5970235
1.1128035
1.1784253
1.5183802
1.9768128
1.8545935
1.8301573
1.5124900
1.5557365
1.5039735
1.4352342
1.4394368
1.4723401
1.2499913
1.3792497
1.2575346
1.2935095
1.4668116
1.3151180
1.3889175
1.2899472
1.3828147
1.4459952
1.4133605
1.4640293
1.3606694
1.4533165
1.4229404
1.2815804
1.8034420
1.6564088
1.5041484
1.6399131
1.4414057
1.4833585
1.7208840
1.5695024
1.3815164
1.3832585
1.5551993
1.6515978
1.1209710
1.0441190
1.0008179
1.0029712
1.0622427
1.1321402
1.0300505
1.1606801
1.1903920
1.0893200
1.0593232
1.0241707
1.2537832
1.1490577
1.1211082
1.0977117
1.1539249
1.1504364
1.0735974
1.1133847
1.0649946
1.0646805
1.2478607
1.2177090
1.1518586
1.1539776
1.1690817
2.0749659
2.2138330
1.7447602
1.8158390
1.7251953
1.7893499
1.7504403
1.8247586
1.6760925
1.6482101
1.6609574
1.6010351
1.6074511
1.7126573
1.5902445
1.7137025
1.5200465
1.6448043
1.5793646
1.4540770
1.6004930
1.5372853
1.6811729
1.6299557
1.6924854
1.5921483
1.4822763
1.5602201
1.3207846
1.3351527
1.2883747
1.3274295
1.3215204
1.6925020
1.5916940
1.6518583
2.1038386
2.3859768
2.0808321
1.9969490
2.0175665
2.0317541
1.7067005
1.5786619
1.6214086
1.5286412
1.5671209
1.5245433
1.5141188
1.5353410
1.5714210
1.6009267
1.5505118
1.5395750
1.6014891
1.7433580
1.8645909
1.8083739
1.7929892
1.8888717
1.7875693
1.7596284
1.7129538
1.5102353
1.5868724
1.6681065
1.5109074
1.5603622
1.5375841
1.5218315
1.5529104
1.6257647
1.6833722
1.7200808
1.7340742
1.7132651
1.5561210
1.5796695
1.5158269
1.4972273
1.6259147
1.5483004
1.6587847
1.6363194
1.7966306
1.6604896
1.7234633
1.6286323
1.6173686
1.6595540
1.6747077
1.7664277
1.8288494
1.8839089
1.9593067
1.7320786
1.5407609
1.7461273
1.7410914
1.6797194
1.5948637
1.5084577
1.9440709
1.8281282
1.8515675
1.7656955
1.8495210
1.8433959
1.8337959
1.8321150
1.4703235
1.4363725
1.3718261
1.4360143
1.4559863
1.4726094
1.7270727
1.8005845
1.7491236
1.6533330
1.7437854
1.7197722
1.7879298
1.6017819
1.7535554
1.7725101
1.8171986
1.5527127
1.6218446
1.6467039
1.8062984
1.7415313
1.8123071
1.6844567
1.7879454
1.6683989
2.0096221
2.0122524
2.0757880
2.1505522
2.0625421
2.0396169
0.9658303
0.9989102
1.0438899
0.9111865
0.8609344
0.8529539
0.8721897
0.9207076
1.2032858
1.2293745
1.2368329
1.1932518
1.1294113
0.9562303
0.9336974
0.9148814
0.9548759
0.9406036
1.1190995
1.0679098
0.9760203
0.9405039
1.0150814
0.9976521
1.0160317
1.0543132
0.9776815
1.2628821
1.3206098
1.2721868
1.2718102
1.4111728
1.5289852
1.3748798
1.3280565
1.3957394
1.2667369
1.2417002
1.1917250
1.2178812
1.2008351
1.3253079
0.9076874
0.9147165
0.9099714
0.8312593
1.1343886
1.1310437
0.9470374
0.8753570
0.8777997
0.8815385
0.6174327
1.3730383
1.2561584
1.3316145
1.2475488
1.2469399
1.2706150
0.8247382
0.7852033
0.5663398
0.8412944
0.8448759
0.6531736
0.7042220
0.5747226
0.7973995
0.8029267
0.6589748
0.6285309
0.6695832
0.6179676
0.7275656
0.7666246
0.7814507
0.6624851
0.6754235
0.6685516
0.6059417
0.6129134
0.5877364
0.6294054
0.6059342
0.6444140
0.6452088
0.6542078
0.6137358
0.6473734
0.6329540
0.5742370
0.4967348
0.5883418
0.6025450
0.6136677
0.9085754
0.9083008
0.8542160
0.7250460
0.8092280
0.8460039
0.8080555
0.7979293
0.8179265
0.7882392
0.8496722
0.8643418
0.7959066
0.7625791
0.8998134
0.9740779
0.9703561
0.6740505
0.6418605
0.5796229
0.6171330
0.6594868
0.6266645
0.7106047
0.7314690
0.7040355
0.7741256
0.7807882
0.7693130
1.6614226
1.7212037
1.5343818
1.5143537
1.2378145
1.3334502
1.4029091
1.3034589
1.3552293
1.3315750
1.3210611
1.4410866
1.3512528
1.0973868
1.1276671
1.3099066
1.2305660
1.2830826
1.4604413
1.4747938
1.3031460
1.1798402
1.1281151
1.2124052
1.2198578
1.1820007
1.2337305
1.1682912
1.0162270
1.1479577
1.1401747
1.1448301
1.0364695
1.2347987
1.3060132
1.3052217
1.2917487
1.2770016
1.3248704
1.2371256
1.2941648
1.2617814
1.2464918
1.3844583
1.4315301
1.4496254
1.4846508
1.2501717
1.3926527
1.0837651
1.0617314
1.0821490
1.0430484
1.0217345
1.7679130
1.5454022
1.5591068
1.5838946
1.8846528
1.8030767
1.9028086
1.7074264
1.4409290
1.5647667
1.5192701
1.4830837
1.4347763
1.6394341
1.5989063
1.0422865
1.0325629
1.0193755
1.1106398
1.0906164
1.1474793
0.8178440
0.8660963
0.8657876
0.8610494
0.8840724
0.8724892
0.8156073
0.8666113
0.9548227
0.9254747
0.9467218
0.7637954
0.6756143
0.6760501
0.6963706
0.8391518
1.0203383
1.0595183
1.0603728
1.0575569
0.9461563
0.9359760
0.9123519
0.8936776
0.9218648
0.9751640
0.9543191
0.9868563
0.8888183
0.8965186
0.8996380
0.9788614
0.9616448
0.8531837
0.8135198
0.8016641
0.8631939
0.7412288
0.6737889
0.7358561
0.7086513
0.7148487
0.7029852
0.6935412
0.7289005
0.7334601
0.7384771
0.6766426
1.3125339
1.4111214
1.3021867
1.3649223
1.3404049
0.9967247
1.0284199
1.1708107
1.0560291
1.0317380
1.0945669
1.1376368
1.1472176
1.1535454
1.1854910
1.2010722
1.1923952
1.2176885
1.2634358
1.4168975
1.3794032
1.2632077
1.4983704
1.3176018
1.2964707
1.4597209
1.3136031
1.3801343
1.4333931
1.3500283
1.5272152
1.4439185
1.3811228
1.4436814
1.3344842
1.1625692
1.2584950
1.2386911
1.2813511
1.2356649
1.6107312
0.9998025
1.0798352
1.0198014
0.9539337
1.2235027
1.1878097
1.0169973
1.0648284
1.0597609
0.9516920
0.9611520
1.0423860
0.9642083
0.9676658
1.1859773
0.9864097
1.0259445
1.0424909
1.0439935
1.0578933
1.0940953
1.0081357
1.0489493
1.0394702
1.0145170
1.0731974
1.0801116
0.6444718
0.6010709
0.6506611
0.5898349
0.6279173
0.6802273
0.6473891
0.7964959
2.2643607
2.2337255
2.4154488
2.2108969
2.3351348
1.9553909
1.7449969
1.9249420
1.6809293
1.6738411
1.4590771
1.4787945
1.8486188
1.8174497
1.8597001
1.7835687
1.8725057
2.0926923
1.9108813
1.7666458
1.7759840
1.9204562
1.9528675
1.8434696
2.0547774
2.0600977
1.5292120
1.5865301
1.5630831
1.4762397
1.5171816
1.2253049
1.2127115
1.2627812
1.4206028
1.4767569
1.4098726
1.5108892
1.5932384
1.4284115
1.4751851
1.5319133
1.5682654
1.5482569
1.4050516
1.5088002
1.4629313
1.4235841
1.5173043
1.3041667
1.2264738
1.2727202
1.2929248
1.3356330
1.2992478
1.3830898
1.3248868
1.1262877
1.2257592
1.2477297
1.8187635
1.7230906
1.6833517
1.7255648
1.6824449
1.5069012
1.5777900
1.6077866
1.6134380
1.6479602
1.6409651
1.8352063
1.7880097
1.6067214
0.6932731
0.7663258
0.7124681
0.7337485
0.6513698
0.8315555
1.2496350
1.2250581
1.2782154
1.2681091
1.1940609
1.2413966
1.1155697
1.2195183
1.4444272
1.4312713
1.4139744
1.2892488
1.0428932
1.1539320
1.0551706
1.0550732
1.0526263
1.0976231
1.0630660
1.0868262
1.0868339
1.0650590
1.1474799
1.1366723
1.1178180
1.0854750
1.1513737
1.2194561
1.1306295
1.1706110
1.2943160
1.4643880
1.8945535
1.7402096
1.7521782
1.7555069
1.7763114
1.3079188
1.4324274
1.4558226
1.4648015
1.2178848
1.2191711
1.2162987
1.0692395
1.0989499
1.2717475
1.3134966
1.3504428
1.2753939
1.3076202
1.2752734
1.3423022
1.3353719
1.2974917
1.2606992
1.3449445
1.2594712
1.2224018
1.2198750
1.0490449
1.0560536
1.3221298
1.2700830
1.0322583
1.0642143
1.2011345
1.0666880
1.1104159
1.0394090
1.1161718
1.1495492
1.2741152
1.2850605
1.1732272
1.1389243
1.2534381
1.1828153
1.1391778
1.0309844
1.0155480
1.0480792
1.0187285
0.8746452
0.9828010
0.9757107
0.9051984
1.4091611
1.3240412
0.8365897
0.8407794
0.8542650
0.6827427
0.6815463
0.7032958
0.6787512
0.6566599
0.7505854
0.8049437
0.8508807
0.8107417
0.7964245
0.8378859
0.8392974
0.7673362
0.7423846
0.6912889
0.7180170
0.8042518
0.7267951
0.7151852
0.6844228
0.6963984
0.7205383
0.6987849
0.6799645
0.6514042
1.0545806
1.0792921
1.0061477
1.1845086
1.1902371
0.9952409
0.9825912
0.9394371
0.9204668
0.9367507
0.8358202
0.7595552
0.7255007
0.8358325
0.8315807
0.8573696
0.8154864
0.8371034
0.8540945
0.8134825
0.8769576
0.8564177
0.8687307
0.9421975
0.9714249
1.0038561
0.9536898
1.6906599
1.7064338
1.1146225
1.1757096
1.2113374
1.1548440
1.1156613
1.4115195
1.4606830
1.0393194
1.0594656
1.1684826
1.0457485
1.0478115
0.9340850
1.6393635
1.7900910
1.6318068
1.7701279
1.7254179
1.6572304
1.4710484
1.4237618
1.4352740
1.4579731
1.3874381
1.6042267
1.6294423
1.5723518
1.7093555
1.6133699
1.5198360
1.5633581
1.7203794
1.6307933
1.6860960
1.7758172
1.6080659
1.7269659
1.6595828
1.7209429
1.6968849
1.6084452
1.7378781
1.7547427
1.5294405
1.6027254
1.5333163
1.5209267
1.7739831
1.3811452
1.5258628
1.6046818
1.4637977
1.3664508
1.3789519
1.4084822
1.2287696
1.1756885
1.2299519
1.1790653
1.2634325
1.2134149
1.3231564
1.1221484
1.1611956
1.1199660
0.9810701
0.9701887
0.9689488
1.0388693
0.9975061
1.0765996
1.1435121
1.1300459
1.1011043
1.2362234
1.1437241
1.2518428
1.1024132
1.0908129
1.2370179
1.2884584
1.1789484
1.3023161
1.2371282
1.3550161
1.0905086
1.0455266
1.2178605
1.2185597
1.2119064
1.0868673
1.1460972
1.2207038
1.1935265
1.0767561
1.0497689
1.1458810
1.0551074
1.0663435
0.9835642
0.9909195
1.0830317
1.1071123
1.0806058
1.0719768
0.9720638
1.0949461
1.2197016
1.1561932
1.1418203
1.2038589
1.2223911
1.1622036
1.1827274
1.2305621
1.1589558
1.1759483
1.1996090
1.0773615
1.0628766
0.9671761
1.0201158
0.9736957
1.1932519
1.0284840
1.0772466
1.0790468
1.0944908
1.0329844
1.0280655
1.0614056
1.0596416
1.1226204
1.4033152
1.3460320
1.3157739
0.9036364
0.9654295
1.0183288
1.0389752
1.0123460
1.0058432
0.9629123
1.0833294
1.0343461
1.0239950
1.0575638
1.0405891
0.9956607
0.9763238
1.0516903
1.0116282
1.1314898
1.1212680
1.2237465
1.0615099
1.0192956
0.9944596
0.9984080
0.9769834
0.9904412
0.9587030
0.8337744
0.9264106
0.8411687
0.7708196
0.8942036
0.8818047
0.8423709
0.8621383
0.8748000
1.4464671
1.2585756
1.3153716
1.3046745
1.3209333
1.3501317
1.3030068
0.9099930
1.0417440
1.0637519
0.8888396
0.8332185
1.7385516
1.7696135
1.6055079
1.5850720
1.4493348
1.3718494
1.4337363
1.5158563
1.5021494
1.4953477
1.5871967
1.6198450
1.6076967
1.7121264
1.6687210
1.9099332
1.5773920
1.6849126
1.7383713
1.9357970
2.0123210
2.0651839
1.8958361
1.9041575
1.9408085
1.8933996
1.9587141
1.8713013
1.9182341
1.9480626
1.8188534
1.6859524
1.7486268
1.6710197
1.7294103
1.6135908
1.6642740
1.8294609
1.9330654
2.1267410
1.9802336
2.0314911
2.0227584
2.2628065
2.1709359
2.0535612
0.8345338
0.8506093
1.0443275
0.9680476
1.0168030
0.9210393
0.9833232
0.9498376
0.8471959
0.9830937
0.8833331
0.9467955
0.8997824
0.8428855
0.9839060
1.0628535
0.9781542
0.8543647
0.8065404
0.9532406
0.8974797
0.8504022
0.8278767
0.7300255
0.8621955
0.8731586
0.8564415
0.9564100
0.9285381
0.8269070
0.9264228
0.8703496
0.7661752
0.9383961
0.9000561
0.8744129
0.9290568
0.8428111
0.8414235
0.7155883
0.8922912
0.8241455
0.9311352
0.9761642
0.8953171
0.9640570
0.8850141
0.8996334
0.8227433
0.6800068
0.6203460
0.7423444
0.7357821
0.7749111
0.6964251
0.7631247
0.7537141
0.6638419
0.7097905
0.7561900
0.7310672
0.6975437
0.6473159
0.7032532
0.7071517
0.7109360
0.7132524
0.7784075
0.7210641
0.8574280
0.8158069
0.8028553
1.2530936
1.2153962
1.2000579
1.1379502
1.0792868
1.1502311
1.1890996
1.2359093
1.1844194
1.0023899
1.1222408
1.1769959
1.0792052
1.0468293
1.1871395
1.0502116
1.0761872
1.0840432
1.1146416
1.1084169
1.2982561
1.2917269
1.5327725
1.3497434
1.2489836
1.3238225
1.4205833
1.3769879
1.3539922
1.3007291
1.2912997
1.5410616
1.3503287
1.4164487
1.6680536
1.6043820
1.7225389
1.6160303
1.3594118
1.5322136
1.2908309
1.3273950
1.3462617
1.2939192
1.2438278
1.2366146
1.3194930
1.3055536
1.3260811
1.3473426
1.2919085
1.5195361
1.4563606
1.6041556
1.5544207
1.5706004
1.6316593
1.3156823
1.3314402
1.3445381
1.4803477
1.1200305
1.1075442
1.2082117
1.1610360
1.1121229
1.1938223
1.1955133
0.8474931
0.8713863
0.8427918
0.8102092
0.8439302
0.7973576
0.8660157
0.8916134
0.7992037
0.8347956
0.5830415
0.6852589
0.9634810
0.8668738
0.9161126
0.9231672
0.9520744
0.8777041
1.2271664
1.2606413
1.1555044
1.2884609
1.1696750
1.1878642
1.3167763
1.2615372
1.2925127
1.4584502
0.6612916
0.7055339
0.6934988
0.6971959
0.7263393
0.9810921
0.9233464
0.9296909
0.8323314
0.8632809
0.8879831
0.8217339
0.7573992
0.8719890
0.9368693
0.8800611
1.4033135
1.3223710
1.3692964
1.7155270
2.0024454
2.2525228
2.1610450
2.0621117
2.0628045
2.0371200
1.4832415
1.3685080
1.4457640
1.3044847
1.2505150
1.3113855
1.3617867
1.4392051
1.3293200
1.3425218
1.1867902
1.1140646
1.2408177
1.1078452
1.1341094
1.0746920
1.0581668
1.1394952
1.0902010
1.1246021
1.1166983
1.2432648
1.1204829
1.1032434
1.1210524
1.1364927
1.0514940
1.0192765
0.9767905
1.0275817
0.9390448
1.0362197
0.9661180
0.9531528
1.0269430
0.9892132
0.9387042
1.1092405
1.0243460
1.0017669
1.0774959
0.8378409
0.9868933
1.2018951
1.0908045
0.8478204
0.7564979
0.7920470
0.9879186
1.0402394
0.9816638
1.0413027
1.0538254
1.0711980
1.0719408
1.1355863
1.1702827
1.1612875
0.9660414
0.9508325
1.0261490
1.1353908
1.0281921
1.1522395
1.2096020
1.1375223
1.0745769
0.8436321
0.8539910
0.8710078
1.1654755
1.1960583
1.3549848
1.2248433
1.3110178
1.0706111
1.0391450
1.0545609
0.9760853
0.9625490
0.8853819
1.0428952
1.0500392
1.0750326
1.0872117
1.6466096
1.5206652
1.6615661
1.6150506
1.4694656
1.5729194
1.4987633
1.5797439
1.6385353
1.5619842
1.5598530
1.7346691
1.1890108
1.1272092
1.1486365
1.4499078
1.5661724
1.3695110
1.3055743
1.4038320
1.3687640
0.9920310
1.0246454
0.9679518
1.7074111
1.7007159
1.7527420
1.8064936
1.6370362
1.6713027
1.5738124
1.5653856
1.5108026
1.5696513
1.4050682
1.6065068
1.6134672
1.5521414
1.5449403
1.8984710
1.9666407
1.7090290
1.7613806
1.8286315
1.9272438
1.8461459
1.8243201
1.6624932
1.7202234
1.9140117
1.7854991
1.9429955
1.8989284
1.8278415
1.7541378
2.0740605
1.7919549
1.7092527
1.8577082
1.7433577
1.7809014
1.7332425
1.8294433
1.9124001
1.6871906
1.2654262
1.1947209
1.4531625
1.2617980
1.2311139
1.1671261
1.2648342
1.3100266
1.3091868
1.3545942
1.2618839
1.0318304
0.5967379
0.7265032
0.6779081
0.6775662
0.7375072
0.8106199
0.8367336
0.8605719
0.8081705
0.8214352
0.9278101
0.9684787
0.7120805
0.7055559
0.7022265
0.6340355
0.9495447
1.0115697
1.8793181
1.8506862
2.0484659
1.4689308
1.4809614
1.4722796
1.6599328
1.7985740
1.7057115
1.7237549
1.5563551
1.6240950
1.8050837
1.6864261
1.6133025
1.5874091
1.2621388
1.2232329
1.1185058
1.3327373
1.0745588
1.1645273
1.1038467
1.2168936
1.1554467
1.1988903
1.6686425
1.7413808
1.6062288
1.4328449
1.9939943
1.8201744
1.9372820
1.8276954
1.7999465
1.9157425
1.8496368
1.3444658
1.3593862
1.3263499
1.4310262
1.4036262
1.4305170
1.5830431
1.3374131
1.6346412
1.5648792
1.5050671
1.5629240
1.5771198
1.5038016
1.4230611
1.5744019
1.7047653
1.6039913
1.5944472
1.6285397
1.3836510
1.4559104
1.5855643
1.4578226
1.7786817
1.8273857
1.4793612
1.4844783
1.5871896
1.7287654
1.6376298
1.5623556
2.0564220
1.9935140
1.9973159
1.7112181
1.6922826
1.8420141
1.8534834
1.9632659
1.8912425
1.6844312
1.8242986
1.7827508
1.7109535
1.6443518
1.7620627
1.6232255
1.6687964
1.4997178
1.5652978
2.2646887
2.1441134
2.3486702
2.5167137
2.2581625
2.4986031
2.5317766
2.4318539
2.5567576
2.5678650
2.3065902
2.2508654
2.4526560
2.2992711
2.2612558
2.5192401
2.3065128
2.3609692
2.1912733
2.6096090
2.5338526
2.6055678
2.5472454
2.6089681
2.6908659
1.9937810
2.0009533
2.6124616
0.9706984
1.0078285
1.0745612
0.9904290
0.9146424
1.0068234
0.9761446
0.9869875
0.6091674
0.6778722
1.1177179
1.1260208
1.1334793
1.1174751
1.1348938
1.1415250
1.0759602
0.9804383
1.0792173
1.0805600
1.0774346
1.0898053
1.0406627
1.0986119
1.0729780
0.7392765
0.8011071
0.5044264
0.4874165
0.4980848
0.5192219
0.5086535
0.4857169
0.7303948
0.6847902
1.3778173
1.5100277
1.4607385
1.3813597
1.1635493
1.2278695
1.3968151
1.3818306
1.3918364
1.3876597
1.1134044
1.4974529
1.2992285
1.3552365
1.2730639
1.4968312
1.4676144
1.3867857
1.4069425
0.8774380
0.8609766
1.0055716
1.0751136
1.0695504
0.9205578
0.9476317
0.8165191
0.8079164
0.9121613
0.9594599
0.9819205
0.8261183
0.8238333
0.8600237
0.7034379
0.6805091
0.7425116
0.6880272
0.7747400
0.9309684
0.8975424
0.8821429
0.9458799
0.7646456
0.7505810
0.8007760
0.7967486
0.7851401
0.7615109
0.7325638
0.7707117
0.7648564
0.7521195
0.8464041
0.7940480
0.7927700
0.8205471
0.7757242
0.8416505
0.8172039
0.7980637
0.8351970
0.7703874
0.7868151
0.7725411
0.7896611
0.7513822
0.8343562
0.7412736
0.7372246
0.8401985
0.8066282
0.6967731
0.6888861
0.7289956
0.6166234
0.6517697
0.6632532
0.6850817
0.7003117
0.7928536
0.7263191
0.8952501
0.7198670
0.7614612
0.6256851
0.6545674
0.7187079
0.6558124
0.6590450
0.6992389
0.7137094
0.7174911
0.5373623
0.5131520
0.4631216
0.4388606
0.5598389
0.5841561
0.5154634
0.5611200
0.5377641
0.5549351
0.5397098
0.5371998
0.5920711
0.5865431
0.5593240
0.4719426
0.5093462
0.5132648
0.5366123
0.5751226
0.5536915
0.5405525
0.8478803
0.8396491
0.8565784
0.8730645
0.8592395
0.9004665
0.8756718
0.9531717
0.8997156
0.9432104
0.8515919
0.8146095
0.8458621
0.8864967
0.8790057
0.9170421
0.8844121
0.8552390
0.8787711
0.7630210
0.7423748
0.7078652
0.6860055
0.8554246
0.8857746
0.7235553
0.7716068
0.7947374
0.8219182
0.7766868
0.8193057
0.8118102
0.7288752
0.7634727
0.7795515
0.8134125
0.9150502
0.8290703
1.4507915
1.3947758
1.2682387
1.3337478
1.2395321
1.5189328
1.3612289
1.3375940
1.2262528
1.2831731
1.1690696
1.0331477
0.9770923
0.9967152
1.0472533
1.1988337
1.2886111
1.2086592
1.1364494
1.2411692
1.0455782
1.1164787
1.1966509
1.2227601
1.3915929
1.2750590
1.3753505
1.2976230
1.4164413
1.3130444
1.3396328
1.4603576
1.4213462
1.4194378
1.4908772
1.4599817
1.3616198
1.4247540
1.3962884
1.3667275
1.3339638
1.4663091
1.4708653
1.4603328
1.4291323
1.2731429
1.2853893
1.2513832
1.0002082
1.0273621
0.9432375
0.9149605
0.8995659
1.1941533
1.1720708
1.3654555
1.4054095
1.0108505
1.0464117
1.0062581
1.1771933
1.0393141
1.1043758
1.2988714
1.3327589
1.2428414
1.3967553
1.2738701
1.3519405
1.3308607
1.3734927
1.2984492
1.3134234
1.3990667
1.3957189
1.5591100
1.0086842
1.0578095
1.0289757
0.9696881
1.2703021
1.3435366
1.2309164
1.2904058
1.3160150
1.3320151
1.3233085
1.2141400
1.2202898
1.1997896
1.1557591
1.2303831
1.1749149
1.1190754
1.6255313
1.5104257
1.5009197
1.4730174
1.4457172
1.7793884
1.7614358
1.5958664
1.9625578
2.0257131
2.0493613
1.7128786
1.7862127
1.8152023
1.7201928
1.7059189
1.8078834
1.8180457
1.8840637
2.0951049
1.8420701
1.4286205
1.4748402
1.3091104
1.3045914
1.4411999
1.5093871
1.4322206
1.4910046
1.3468400
1.5478942
1.3801045
1.4148987
1.5578967
1.5385571
1.5469036
1.2676758
1.1002084
1.0586271
1.0636217
1.0838810
1.0704966
0.7620691
0.7427802
0.7315246
1.1276856
1.0625715
0.9536423
1.0844058
1.0635188
0.9854160
1.0784980
1.0199791
1.0866595
1.1307204
0.5446836
0.6278334
0.5491807
0.6983048
0.6589926
0.7230170
0.7331119
0.7348935
0.7872088
0.7846808
0.6503295
0.6781324
0.6487259
0.6861143
0.6689878
0.6389904
0.6690412
0.6637300
0.7809558
0.7064026
0.7880103
0.7354184
0.7371636
0.7796512
1.3162987
1.2614642
1.2252401
1.2173306
1.2246262
1.2318474
1.3125251
1.2720644
1.3871841
1.3740919
1.3257905
1.1566275
1.3364098
1.4524102
1.3499211
1.4325957
1.3976108
1.4572869
1.4333343
1.0539812
0.9951256
0.8080401
0.8039970
0.8138607
0.7667573
0.8396237
0.7412046
0.7861380
0.8361199
0.8690297
0.8099635
1.4266357
1.5509844
1.4872550
0.8804111
0.9401690
0.9301271
0.8755193
0.8863593
0.9147966
0.8215723
0.9204826
0.8953364
0.9537542
0.9612325
0.9508004
1.0021832
0.9508786
0.9451868
0.9644340
1.0671078
1.0197691
1.0210945
1.4246677
1.2400517
1.2310189
1.3456210
1.3460186
1.6300148
1.4784616
1.4947383
1.5106230
1.5808028
1.4487178
1.5495178
1.4320358
1.3898774
1.3867516
1.2615517
1.4607821
1.2554086
1.2996003
1.2186722
1.3038637
1.4427193
1.3628762
1.3794182
1.2063642
1.4438881
1.4179299
1.7050572
1.6887106
1.6347899
1.7257062
1.6458608
1.6841484
1.6074535
1.6912840
1.4947767
1.6060039
1.5746783
1.5347106
1.3639142
1.3887113
1.4844084
1.4034034
1.3786039
1.3731437
1.3757647
1.3226030
1.4089041
1.5524449
1.3936798
1.4406087
1.3390562
1.5084089
1.1550819
1.1825991
1.1452579
1.2450192
1.1571802
1.3550241
1.3046148
1.0233163
0.8855287
0.9594993
0.9467707
0.8506043
0.8801865
0.7908876
0.8342011
0.8396335
0.9333963
0.8876515
0.9308415
0.8718051
1.0425364
1.0410776
1.0367554
0.9050868
0.8863875
0.9236484
1.1398239
1.1772310
1.0790068
0.8688230
0.8868258
0.8937889
0.8944932
1.0172466
0.9533379
1.0111484
0.9248470
0.9244317
0.7997217
1.2852677
1.1767202
1.3690260
1.2090609
1.4240565
1.2884729
1.3136677
1.2466453
1.5127177
1.4459598
1.4323546
1.5981009
1.5221256
1.4132140
1.7333426
1.6799018
1.5096768
1.4524936
1.7276315
1.6220464
1.3336875
1.3826953
1.4438938
1.3650584
1.0854613
1.5969937
1.5896202
1.4943679
1.5629181
1.5518046
1.4393715
1.5200233
1.6913186
1.6477866
1.6485876
1.7125922
1.6980825
1.6086450
1.5061171
1.6152869
1.6859897
1.5481148
1.5610100
1.7114286
1.6352368
1.6622828
1.5757733
1.5031455
1.4026630
1.3971568
1.3341168
1.2775048
1.8877955
1.3806846
1.2976731
1.0425642
1.0228724
1.0878547
1.0923249
1.0739655
0.9340480
1.0529339
0.9767287
1.0713281
1.0296509
1.3678309
1.4618481
1.3979513
1.4206866
1.3757907
1.4291911
1.4326128
1.0509947
1.0798534
1.0094402
1.2818639
1.1873151
1.3158914
1.3726217
1.2832673
1.2239405
1.3426980
1.2161718
1.1812162
1.0566098
1.2120931
1.0975114
0.9772726
0.8971898
0.8147959
0.8167974
0.8176162
0.9155249
0.9731880
0.9822711
1.0763396
1.2058916
1.2453881
1.2185269
1.2129007
1.5778432
1.5001595
1.1981647
1.1848324
1.1376357
1.2089171
1.1249565
1.2174885
1.1453011
1.2207175
1.2756228
1.2250911
1.2296763
1.2614319
1.3219670
1.2853084
1.2104475
1.3087295
1.2490727
1.3222760
1.4193297
1.5269843
1.3931681
1.1763467
1.3391148
1.1819227
1.5102917
1.5605360
1.8534679
1.7660670
1.7529959
1.6198370
1.6028110
1.5820527
1.6364480
1.5783298
1.5717586
1.8567891
1.5584264
1.9863174
1.6224302
1.7180213
1.7858885
1.5032326
1.5458132
1.5886980
1.5087795
1.6244385
1.5637941
1.4940120
1.5559133
1.1677569
1.1784233
1.1120879
0.9482645
0.9237047
1.0049683
1.0137554
0.9396090
1.0379646
1.0311238
1.0081821
1.0832221
0.9993875
0.8719076
0.9326718
1.0334485
1.0097788
0.9755999
1.0085074
1.0353642
1.0374673
1.0525326
1.0327594
1.3144909
1.3597923
1.1429108
1.1659383
1.3421685
1.2537949
1.0255174
1.0308995
1.0475442
0.9319755
1.0116028
1.0611367
1.1576324
1.0896900
1.1761709
1.2287610
1.1962822
1.1592008
1.1465701
1.0490677
1.5256773
1.6093331
1.4005105
1.4057552
1.1882701
1.1786547
1.0932380
1.1736843
1.1453921
1.2928203
1.3585816
1.2876307
1.3591597
1.3381033
1.3288043
1.3008019
1.3027755
1.2963735
1.2594548
1.3481593
1.1210559
1.2100563
1.1511512
1.2043814
1.1107363
1.0497982
1.0992632
1.0850618
1.1288420
1.1357952
1.1266731
1.1344152
1.0344919
1.0612904
1.0181675
1.7677134
1.6931048
1.7316377
1.7750887
1.6439091
2.3049879
2.1211783
2.3103624
1.6632246
1.6964396
1.6104446
1.7928955
1.7114713
1.7656945
1.8214192
1.7808930
1.4595713
1.6259968
1.6408906
1.6288873
1.7021951
1.7943862
1.7940441
1.6802057
1.6809508
1.4891379
1.6718241
1.6479770
1.7210577
2.0418049
1.8107725
0.7402517
0.7808637
0.7211113
0.7173076
0.7461507
0.7485121
0.7845845
0.7888403
0.7780223
0.7377550
0.7949020
0.7253250
0.8146356
0.8490279
0.8287932
0.9167934
0.9219756
0.9724134
0.9424578
0.9212066
0.9617917
0.9588614
0.9572106
0.9878836
1.0393241
1.0353216
1.0089899
0.9075116
0.9393649
0.9266677
0.9047322
0.9474470
1.4575753
1.4124508
1.3786768
1.4419322
1.4117512
1.4456172
1.4608970
1.4468747
1.4018413
1.5281127
1.4669523
1.5305476
1.7045773
1.6153103
1.4967244
1.3664101
1.4035992
1.4742259
1.4379804
1.4505697
1.5379295
1.6049397
1.5159559
1.4575432
1.4663106
1.5339350
1.5526819
1.3872781
1.3251133
1.3207817
1.5007575
1.4663589
1.3869758
1.5865823
1.5974457
1.5232114
1.4672160
1.2837561
1.2782888
1.4617532
1.3658374
1.3584037
1.4331565
1.2812572
1.2706302
1.3151445
1.3432577
1.2478436
1.4391911
1.4972117
1.4846689
1.3206614
1.3744070
1.4416953
1.4464284
1.4688447
1.4462360
1.2598260
1.1607673
1.4598724
1.3913510
1.4212568
1.2632337
1.3085433
1.3718934
1.4845163
1.3583177
1.4282463
1.4315336
1.1524638
1.1739104
1.1901980
1.1393131
1.0507294
0.9284317
1.0148326
1.0746958
1.0072057
1.3664516
1.3127709
1.3436649
1.1882765
1.2983058
1.3321716
1.4402837
1.3333357
1.1068033
1.1383180
1.2213910
1.1860643
1.1698423
1.2610749
1.1532401
1.1374257
1.1847372
0.9410788
0.8778933
0.8939697
0.9152968
1.0144657
0.9667548
0.8976532
0.9565596
1.0065384
0.8958194
0.8275728
0.8494129
0.8670396
1.5512804
1.5332625
1.4766976
1.5657597
1.4550150
1.5525393
1.3499421
1.3960834
1.3477200
1.3520149
0.9121271
0.9560787
0.8906760
0.8497790
0.8074438
0.7312846
0.7855537
0.6906823
0.7438157
0.7381829
0.7765220
0.9840781
0.9904377
0.9774464
1.0441730
1.0129625
0.9550239
0.9138038
0.9200046
1.7690397
1.7184326
1.8490070
1.7458529
1.7362543
2.0490001
1.8468661
1.9557740
1.6343535
1.4259700
1.5694906
1.4786877
1.5514957
1.6162610
1.4028175
1.3662814
1.4327878
1.3931443
1.2674479
1.7937905
1.6819913
1.7423264
1.7437531
1.7306384
1.7342256
1.6642776
1.6759718
1.7710074
1.6939516
1.5679748
1.5375441
1.7050949
1.7995505
2.2245723
2.1132700
2.0839289
1.9685690
2.0733303
2.0921869
2.0428643
2.1119112
1.9677061
2.1320004
1.6653335
1.5744158
1.6396991
1.5100179
1.3927327
1.5378975
1.5339563
1.5564790
1.3901197
1.4781580
1.3865397
1.3438290
1.4599759
1.3815968
1.4289256
1.4816493
1.5257109
1.4103457
1.3152811
1.2485703
1.4123376
1.3743368
1.3348224
1.3858249
1.3774648
1.3622710
1.4019681
1.2875561
1.3979078
1.4570718
1.4956781
1.5105529
1.4602618
1.3118463
1.4733368
1.5355408
1.4332609
1.6458731
0.9636270
1.0922717
1.0931842
1.1189889
1.0513980
1.0593392
1.0179685
1.0573085
1.1294895
1.0341511
1.1110176
1.1102384
1.0983941
1.0393422
1.0644103
1.0305236
1.0096332
0.9969718
1.1180073
1.1835075
1.2446183
1.2652931
1.2324090
1.2392134
1.2216993
1.4143286
1.2366213
1.3659217
1.3131082
1.2321759
1.2215671
1.2547415
1.2099349
1.3273561
1.2758031
2.0213475
2.0205013
1.9791867
1.1888509
1.1219388
1.2215304
1.1535082
1.3179652
1.6844809
1.8010168
1.6949683
1.7073037
1.6302263
1.6607394
1.5313989
1.7516873
1.8116081
2.1269830
2.0745414
2.1435666
2.1618734
1.8363464
1.8866152
1.9778939
2.0614253
1.9726850
2.0818675
2.0299690
1.9847409
2.0048640
1.9599037
1.8385712
1.8956719
2.1016203
1.8437820
1.9391960
1.9372737
2.0591417
1.9279317
2.0477360
2.0694970
2.0674714
2.0741536
2.0822455
2.0232720
2.0290713
0.8928751
0.9438786
0.8786519
1.7183155
1.7259373
1.1559894
1.1284654
1.1283662
1.1079218
1.1117305
1.1870230
1.3116212
1.2890874
1.2388880
1.3006970
1.3243943
1.3236078
1.2651628
1.3764797
1.4488173
1.3763796
1.3709201
1.1924178
1.2259430
1.2435916
1.2667058
1.2641814
1.3597717
1.2250700
1.3419814
1.1733701
1.5460706
1.6200109
1.5165712
1.5706170
1.3052035
1.2411016
1.1491660
1.1418222
1.1916084
1.2349633
1.3228635
1.2984111
1.4497044
1.3639760
1.2829330
1.4432928
1.3549236
1.3737585
1.3725833
1.3656350
1.3129161
1.2597004
1.1215491
1.1476852
1.1508976
1.2789237
1.3373281
1.2843970
1.2262891
1.1405129
1.1194452
1.1296443
1.1174005
1.1581345
1.2558856
1.2475003
1.2011414
1.2914840
1.1093023
1.0255857
1.0808731
1.0696403
0.9661657
1.0783203
0.9944227
1.0182101
1.0868377
1.1272777
1.2554851
1.2052690
1.2735125
1.2924771
1.3083923
1.2261028
1.2495605
1.3216202
1.2966013
1.2771703
1.2958686
1.1164734
1.1147903
1.1418994
1.0897433
1.1976495
1.0128149
1.5208725
1.5224739
1.3663381
1.2716690
1.3088336
1.2966629
1.3200214
1.3769227
1.3116547
1.2957320
1.3636543
1.2357602
1.2855430
1.4468370
1.5638554
1.3213787
1.1970948
1.2753985
1.2924986
1.5513779
1.3943957
1.3336813
1.3511884
1.5401117
2.5161654
2.6223171
2.4995029
2.4018080
2.4393895
2.5518631
2.3808488
2.4084269
2.5768338
2.4832007
2.5692578
2.7345787
2.5881260
1.8153398
1.8270362
2.1047034
1.9387928
1.8846229
1.1651973
1.0753747
1.0949622
1.0766261
0.9065305
1.0138621
0.9986430
0.9384902
0.9463356
0.9590059
0.9395011
1.0071095
1.0308648
1.0288807
1.0664596
1.0008704
0.9744420
0.9982031
1.1361523
0.9947078
1.0136945
1.0452250
1.3456756
1.2769997
1.3041687
1.2907452
1.0849765
1.1491833
1.2323156
1.2302494
1.3000129
1.2974785
1.1598831
1.1986442
1.1686761
1.1534827
1.3367114
1.4548807
1.2971104
1.2674150
1.2105448
1.0721133
1.1564326
1.1635912
1.1153021
1.1641938
1.0330748
1.0733646
1.1467256
1.1105889
0.9759930
0.8622114
0.8828479
0.9182695
0.9466854
0.7792360
0.8411357
0.8089253
0.8037834
0.9847347
1.0259653
0.9285254
0.9753040
0.9070987
1.2195951
1.2548172
1.1830913
1.2336652
1.1393274
1.4881766
1.5263554
1.4967003
1.5267231
1.6331785
1.7024446
1.6074833
1.6994856
1.6009648
1.5754912
1.7568584
1.5970407
1.8675986
2.1456107
1.9130367
1.9400952
1.2543302
1.3260376
1.4696333
1.4153065
1.3538008
1.4390470
1.2935170
1.3461680
1.3807717
1.2836452
1.3609498
1.2803696
1.4252345
1.4095667
1.3414268
1.3263962
1.3424921
1.3991681
1.3755541
1.1160097
1.1746750
1.3376067
1.3897783
1.3441796
1.4067577
1.2286727
1.3386493
1.2928234
1.2721075
1.3420778
1.2077557
1.2225274
1.1377949
1.2871390
1.4769756
1.4855343
1.5002907
1.6140092
1.5436127
1.4525038
1.5254588
1.6550931
1.7741652
1.6088083
1.6211028
1.2105257
1.3852670
1.2479802
1.3232000
1.3460853
1.1848553
1.1989043
1.1963552
1.1526044
2.3205509
2.1809676
2.6084819
2.6304243
2.5606762
1.7331648
1.7386346
1.7772040
1.8903685
1.6523545
1.7690434
1.7155029
1.7235979
1.2697521
1.2768653
1.2759311
1.2681780
1.6073298
1.5038626
1.7203515
1.8000536
1.4844520
1.5772961
1.5831567
1.7221942
1.7618919
1.3814561
1.4482469
1.3428356
1.3935020
1.4525082
1.5009330
1.4166875
1.5013002
1.5641248
1.4507992
1.4260111
1.4653652
0.7942421
0.7558785
0.7492727
0.7859990
0.7817220
0.7643440
0.7537946
0.7278829
0.7311572
0.9815602
0.9346787
1.0121288
0.8268213
0.8439091
0.8772913
0.8782820
1.0586901
1.0543353
1.0385832
1.0543364
0.9583596
0.8517190
0.9237973
0.7189020
0.7178002
0.7632513
0.7730292
0.7494238
0.7405303
0.7793926
0.7364949
0.7267551
0.7981066
0.7841816
0.7341999
0.6856433
0.7051157
0.6773174
0.7051385
0.8423160
0.8305137
1.0215188
1.0354691
0.9590257
1.0542991
0.9624439
1.0354921
0.9850363
0.9442742
0.8852237
0.9442717
0.9944566
1.2909991
1.2542612
1.0784263
0.9905935
1.0199989
1.0064424
1.1111681
1.0899454
1.2160665
1.1211928
1.2109824
1.3810721
1.3833008
1.2564534
1.2877904
1.3423639
1.2355956
1.3367847
0.7638753
0.7961508
0.7888513
0.7930095
0.7845141
0.8191044
0.7609990
0.7937782
0.8056997
1.1740020
1.2665032
1.1962821
1.2587054
1.2787594
1.0880309
1.0687396
1.0391343
0.8916876
0.8896021
0.8810787
0.8508785
0.8395174
0.7788739
0.8300072
0.8230786
0.8127486
0.9494693
0.8874288
0.9284979
1.0145551
1.0230314
1.1821273
1.0872303
1.7276677
1.7436166
1.7749607
1.7719871
1.6547007
1.6420860
1.7386705
1.6243405
1.7275224
1.7239251
1.4601806
1.2549912
1.3118035
1.2797328
1.3945030
1.4622855
1.3595849
1.4093703
1.4154891
1.2481073
1.2683431
1.4562852
1.4964344
1.4032978
1.4960479
1.5524798
1.4189198
1.3916526
1.4458910
1.4637288
1.4986898
1.3437358
1.4311974
1.1794909
1.2818140
1.1828856
1.2795702
1.2244229
1.3718102
1.2222895
1.2671290
1.4105257
1.3496681
1.7803209
1.8000005
1.2419763
1.3220621
1.3602779
1.4850054
1.4373917
1.4312516
1.4774501
1.3381188
1.4257282
1.2921147
1.3098538
1.3355440
1.3400265
1.4328862
1.3251287
1.3294373
1.2905275
1.2178098
1.3225495
1.4757823
1.3241227
1.2368772
1.2935089
1.2625901
1.2545608
1.2957688
1.5320611
0.8678912
0.8414799
0.8994922
0.9212317
1.0241452
1.0548938
0.9605501
0.8793572
0.8333175
0.7216903
0.7535148
0.7532694
0.7656018
0.8173473
0.7159953
0.6882613
0.8624510
0.8494850
0.8210814
0.8039522
0.7906580
0.7785483
0.7757189
0.8691707
0.8281723
0.7994871
1.1750780
1.2387126
1.1488101
1.2434724
1.1945375
1.3973047
1.2847306
1.2863110
1.0181863
1.0133151
0.9517827
0.9736477
0.9969494
0.8983751
0.8899682
1.1367840
1.0731445
1.0744510
0.9693115
0.8442975
1.1265822
1.0890165
1.0472426
1.0648037
1.3953217
1.3342757
1.4242589
1.3915180
1.4431062
1.4010384
1.4131943
1.3843670
1.3180198
1.2968799
1.2527629
1.2763744
1.1087516
1.1119866
1.4619769
1.6164533
1.4574380
1.4034773
1.0835603
0.9485565
0.9967483
0.9857463
1.0288345
1.0461607
0.9447354
0.9457745
0.9073313
0.9527103
0.9378457
0.9517762
0.9718657
0.7823143
1.1307103
0.7811404
1.1896220
1.1367305
1.1297107
1.1419524
1.1947957
1.1236416
1.1573407
1.1769655
1.1423224
1.1682786
1.0939460
1.0485083
1.1011246
1.1505542
1.1786309
1.1872053
1.0699185
1.0981546
1.1837242
1.1320627
1.0688293
1.0668572
1.0882348
1.2051093
1.1766138
1.2127657
1.1974324
1.2933080
1.3058054
1.2162852
0.9455696
1.0397447
0.9660380
0.9398488
1.0397148
1.0833293
1.0486162
1.0375505
1.2421638
1.2448839
1.1439036
1.3226720
1.1870149
1.2551415
1.1398187
1.1839442
1.0396605
1.0972657
1.1730686
1.2009621
1.1100720
1.1634661
1.1191384
0.8288206
0.8535614
0.7976686
1.2885465
1.2353487
1.3182885
1.3524002
1.2976049
1.2929806
1.4329770
1.5219187
1.3717745
1.3254572
1.2392340
1.3631898
1.3289524
1.3206634
1.2388059
1.2955407
0.8550360
0.7952603
0.8507888
0.7506239
0.7015241
0.7217353
0.6547636
0.7960646
0.7504362
0.9427956
0.8891002
0.9767352
0.9907777
1.1283398
1.1044386
1.0713136
0.9170329
1.0265879
1.0044911
0.9361090
1.1704628
1.1046459
1.1251060
1.0081023
0.9958167
1.0672192
1.0865698
1.0701641
1.1519161
1.1970118
1.2326009
1.2632167
1.4126712
1.4927698
1.3962575
1.2327573
1.3031814
1.2631967
1.2872521
1.4309496
1.2933394
1.2944778
1.3628266
1.2086505
1.2676114
1.2224485
1.3320525
1.2683867
1.2125183
1.0857200
1.2652466
1.0488373
1.0503251
1.0534640
1.0615739
1.0486925
0.8167963
0.8011316
0.8078116
0.7427373
0.7553069
0.9505577
0.8670770
1.1999751
