0.4785983
0.4976906
0.5140124
0.5041640
0.5100735
0.5060902
0.5505122
0.4925908
0.4894490
0.4839573
0.4659980
0.5206520
0.5041010
0.4904293
0.5153331
0.4587409
0.4930235
0.4812251
0.5293864
0.4775812
0.5319446
0.5224565
0.5014728
0.4831962
0.4984306
0.5139140
0.4942812
0.5083868
0.4721911
0.4985565
0.4989200
0.4859267
0.4597552
0.4968456
0.4806092
0.5126452
0.4835499
0.4805508
0.4856737
0.5140626
0.4785983
0.4976906
0.5140124
0.5041640
0.5100735
0.5060902
0.5505122
0.4925908
0.4894490
0.4839573
0.4659980
0.5206520
0.5041010
0.4904293
0.5153331
0.4587409
0.4930235
0.4812251
0.5293864
0.4775812
0.5319446
0.5224565
0.5014728
0.4831962
0.4984306
0.5139140
0.4942812
0.5083868
0.4721911
0.4985565
0.4989200
0.4859267
0.4597552
0.4968456
0.4806092
0.5126452
0.4835499
0.4805508
0.4856737
0.5140626
0.4785983
0.4976906
0.5140124
0.5041640
0.5100735
0.5060902
0.5505122
0.4925908
0.4894490
0.4839573
0.4659980
0.5206520
0.5041010
0.4904293
0.5153331
0.4587409
0.4930235
0.4812251
0.5293864
0.4775812
0.5319446
0.5224565
0.5014728
0.4831962
0.4984306
0.5139140
0.4942812
0.5083868
0.4721911
0.4985565
0.4989200
0.4859267
0.4597552
0.4968456
0.4806092
0.5126452
0.4835499
0.4805508
0.4856737
0.5140626
0.4785983
0.4976906
0.5140124
0.5041640
0.5100735
0.5060902
0.5505122
0.4925908
0.4894490
0.4839573
0.4659980
0.5206520
0.5041010
0.4904293
0.5153331
0.4587409
0.4930235
0.4812251
0.5293864
0.4775812
0.5319446
0.5224565
0.5014728
0.4831962
0.4984306
0.5139140
0.4942812
0.5083868
0.4721911
0.4985565
0.4989200
0.4859267
0.4597552
0.4968456
0.4806092
0.5126452
0.4835499
0.4805508
0.4856737
0.5140626
0.4785983
0.4976906
0.5140124
0.5041640
0.5100735
0.5060902
0.5505122
0.4925908
0.4894490
0.4839573
0.4659980
0.5206520
0.5041010
0.4904293
0.5153331
0.4587409
0.4930235
0.4812251
0.5293864
0.4775812
0.5319446
0.5224565
0.5014728
0.4831962
0.4984306
0.5139140
0.4942812
0.5083868
0.4721911
0.4985565
0.4989200
0.4859267
0.4597552
0.4968456
0.4806092
0.5126452
0.4835499
0.4805508
0.4856737
0.5140626
0.4785983
0.4976906
0.5140124
0.5041640
0.5100735
0.5060902
0.5505122
0.4925908
0.4894490
0.4839573
0.4659980
0.5206520
0.5041010
0.4904293
0.5153331
0.4587409
0.4930235
0.4812251
0.5293864
0.4775812
0.5319446
0.5224565
0.5014728
0.4831962
0.4984306
0.5139140
0.4942812
0.5083868
0.4721911
0.4985565
0.4989200
0.4859267
0.4597552
0.4968456
0.4806092
0.5126452
0.4835499
0.4805508
0.4856737
0.5140626
0.4785983
0.4976906
0.5140124
0.5041640
0.5100735
0.5060902
0.5505122
0.4925908
0.4894490
0.4839573
0.4659980
0.5206520
0.5041010
0.4904293
0.5153331
0.4587409
0.4930235
0.4812251
0.5293864
0.4775812
0.5319446
0.5224565
0.5014728
0.4831962
0.4984306
0.5139140
0.4942812
0.5083868
0.4721911
0.4985565
0.4989200
0.4859267
0.4597552
0.4968456
0.4806092
0.5126452
0.4835499
0.4805508
0.4856737
0.5140626
0.4785983
0.4976906
0.5140124
0.5041640
0.5100735
0.5060902
0.5505122
0.4925908
0.4894490
0.4839573
0.4659980
0.5206520
0.5041010
0.4904293
0.5153331
0.4587409
0.4930235
0.4812251
0.5293864
0.4775812
0.5319446
0.5224565
0.5014728
0.4831962
0.4984306
0.5139140
0.4942812
0.5083868
0.4721911
0.4985565
0.4989200
0.4859267
0.4597552
0.4968456
0.4806092
0.5126452
0.4835499
0.4805508
0.4856737
0.5140626
0.4785983
0.4976906
0.5140124
0.5041640
0.5100735
0.5060902
0.5505122
0.4925908
0.4894490
0.4839573
0.4659980
0.5206520
0.5041010
0.4904293
0.5153331
0.4587409
0.4930235
0.4812251
0.5293864
0.4775812
0.5319446
0.5224565
0.5014728
0.4831962
0.4984306
0.5139140
0.4942812
0.5083868
0.4721911
0.4985565
0.4989200
0.4859267
0.4597552
0.4968456
0.4806092
0.5126452
0.4835499
0.4805508
0.4856737
0.5140626
0.4785983
0.4976906
0.5140124
0.5041640
0.5100735
0.5060902
0.5505122
0.4925908
0.4894490
0.4839573
0.4659980
0.5206520
0.5041010
0.4904293
0.5153331
0.4587409
0.4930235
0.4812251
0.5293864
0.4775812
0.5319446
0.5224565
0.5014728
0.4831962
0.4984306
0.5139140
0.4942812
0.5083868
0.4721911
0.4985565
0.4989200
0.4859267
0.4597552
0.4968456
0.4806092
0.5126452
0.4835499
0.4805508
0.4856737
0.5140626
0.4785983
0.4976906
0.5140124
0.5041640
0.5100735
0.5060902
0.5505122
0.4925908
0.4894490
0.4839573
0.4659980
0.5206520
0.5041010
0.4904293
0.5153331
0.4587409
0.4930235
0.4812251
0.5293864
0.4775812
0.5319446
0.5224565
0.5014728
0.4831962
0.4984306
0.5139140
0.4942812
0.5083868
0.4721911
0.4985565
0.4989200
0.4859267
0.4597552
0.4968456
0.4806092
0.5126452
0.4835499
0.4805508
0.4856737
0.5140626
0.4785983
0.4976906
0.5140124
0.5041640
0.5100735
0.5060902
0.5505122
0.4925908
0.4894490
0.4839573
0.4659980
0.5206520
0.5041010
0.4904293
0.5153331
0.4587409
0.4930235
0.4812251
0.5293864
0.4775812
0.5319446
0.5224565
0.5014728
0.4831962
0.4984306
0.5139140
0.4942812
0.5083868
0.4721911
0.4985565
0.4989200
0.4859267
0.4597552
0.4968456
0.4806092
0.5126452
0.4835499
0.4805508
0.4856737
0.5140626
0.4785983
0.4976906
0.5140124
0.5041640
0.5100735
0.5060902
0.5505122
0.4925908
0.4894490
0.4839573
0.4659980
0.5206520
0.5041010
0.4904293
0.5153331
0.4587409
0.4930235
0.4812251
0.5293864
0.4775812
0.5319446
0.5224565
0.5014728
0.4831962
0.4984306
0.5139140
0.4942812
0.5083868
0.4721911
0.4985565
0.4989200
0.4859267
0.4597552
0.4968456
0.4806092
0.5126452
0.4835499
0.4805508
0.4856737
0.5140626
0.4785983
0.4976906
0.5140124
0.5041640
0.5100735
0.5060902
0.5505122
0.4925908
0.4894490
0.4839573
0.4659980
0.5206520
0.5041010
0.4904293
0.5153331
0.4587409
0.4930235
0.4812251
0.5293864
0.4775812
0.5319446
0.5224565
0.5014728
0.4831962
0.4984306
0.5139140
0.4942812
0.5083868
0.4721911
0.4985565
0.4989200
0.4859267
0.4597552
0.4968456
0.4806092
0.5126452
0.4835499
0.4805508
0.4856737
0.5140626
0.4785983
0.4976906
0.5140124
0.5041640
0.5100735
0.5060902
0.5505122
0.4925908
0.4894490
0.4839573
0.4659980
0.5206520
0.5041010
0.4904293
0.5153331
0.4587409
0.4930235
0.4812251
0.5293864
0.4775812
0.5319446
0.5224565
0.5014728
0.4831962
0.4984306
0.5139140
0.4942812
0.5083868
0.4721911
0.4985565
0.4989200
0.4859267
0.4597552
0.4968456
0.4806092
0.5126452
0.4835499
0.4805508
0.4856737
0.5140626
0.4785983
0.4976906
0.5140124
0.5041640
0.5100735
0.5060902
0.5505122
0.4925908
0.4894490
0.4839573
0.4659980
0.5206520
0.5041010
0.4904293
0.5153331
0.4587409
0.4930235
0.4812251
0.5293864
0.4775812
0.5319446
0.5224565
0.5014728
0.4831962
0.4984306
0.5139140
0.4942812
0.5083868
0.4721911
0.4985565
0.4989200
0.4859267
0.4597552
0.4968456
0.4806092
0.5126452
0.4835499
0.4805508
0.4856737
0.5140626
0.4785983
0.4976906
0.5140124
0.5041640
0.5100735
0.5060902
0.5505122
0.4925908
0.4894490
0.4839573
0.4659980
0.5206520
0.5041010
0.4904293
0.5153331
0.4587409
0.4930235
0.4812251
0.5293864
0.4775812
0.5319446
0.5224565
0.5014728
0.4831962
0.4984306
0.5139140
0.4942812
0.5083868
0.4721911
0.4985565
0.4989200
0.4859267
0.4597552
0.4968456
0.4806092
0.5126452
0.4835499
0.4805508
0.4856737
0.5140626
0.4785983
0.4976906
0.5140124
0.5041640
0.5100735
0.5060902
0.5505122
0.4925908
0.4894490
0.4839573
0.4659980
0.5206520
0.5041010
0.4904293
0.5153331
0.4587409
0.4930235
0.4812251
0.5293864
0.4775812
0.5319446
0.5224565
0.5014728
0.4831962
0.4984306
0.5139140
0.4942812
0.5083868
0.4721911
0.4985565
0.4989200
0.4859267
0.4597552
0.4968456
0.4806092
0.5126452
0.4835499
0.4805508
0.4856737
0.5140626
0.4785983
0.4976906
0.5140124
0.5041640
0.5100735
0.5060902
0.5505122
0.4925908
0.4894490
0.4839573
0.4659980
0.5206520
0.5041010
0.4904293
0.5153331
0.4587409
0.4930235
0.4812251
0.5293864
0.4775812
0.5319446
0.5224565
0.5014728
0.4831962
0.4984306
0.5139140
0.4942812
0.5083868
0.4721911
0.4985565
0.4989200
0.4859267
0.4597552
0.4968456
0.4806092
0.5126452
0.4835499
0.4805508
0.4856737
0.5140626
0.4785983
0.4976906
0.5140124
0.5041640
0.5100735
0.5060902
0.5505122
0.4925908
0.4894490
0.4839573
0.4659980
0.5206520
0.5041010
0.4904293
0.5153331
0.4587409
0.4930235
0.4812251
0.5293864
0.4775812
0.5319446
0.5224565
0.5014728
0.4831962
0.4984306
0.5139140
0.4942812
0.5083868
0.4721911
0.4985565
0.4989200
0.4859267
0.4597552
0.4968456
0.4806092
0.5126452
0.4835499
0.4805508
0.4856737
0.5140626
0.4785983
0.4976906
0.5140124
0.5041640
0.5100735
0.5060902
0.5505122
0.4925908
0.4894490
0.4839573
0.4659980
0.5206520
0.5041010
0.4904293
0.5153331
0.4587409
0.4930235
0.4812251
0.5293864
0.4775812
0.5319446
0.5224565
0.5014728
0.4831962
0.4984306
0.5139140
0.4942812
0.5083868
0.4721911
0.4985565
0.4989200
0.4859267
0.4597552
0.4968456
0.4806092
0.5126452
0.4835499
0.4805508
0.4856737
0.5140626
0.4785983
0.4976906
0.5140124
0.5041640
0.5100735
0.5060902
0.5505122
0.4925908
0.4894490
0.4839573
0.4659980
0.5206520
0.5041010
0.4904293
0.5153331
0.4587409
0.4930235
0.4812251
0.5293864
0.4775812
0.5319446
0.5224565
0.5014728
0.4831962
0.4984306
0.5139140
0.4942812
0.5083868
0.4721911
0.4985565
0.4989200
0.4859267
0.4597552
0.4968456
0.4806092
0.5126452
0.4835499
0.4805508
0.4856737
0.5140626
0.4785983
0.4976906
0.5140124
0.5041640
0.5100735
0.5060902
0.5505122
0.4925908
0.4894490
0.4839573
0.4659980
0.5206520
0.5041010
0.4904293
0.5153331
0.4587409
0.4930235
0.4812251
0.5293864
0.4775812
0.5319446
0.5224565
0.5014728
0.4831962
0.4984306
0.5139140
0.4942812
0.5083868
0.4721911
0.4985565
0.4989200
0.4859267
0.4597552
0.4968456
0.4806092
0.5126452
0.4835499
0.4805508
0.4856737
0.5140626
0.4785983
0.4976906
0.5140124
0.5041640
0.5100735
0.5060902
0.5505122
0.4925908
0.4894490
0.4839573
0.4659980
0.5206520
0.5041010
0.4904293
0.5153331
0.4587409
0.4930235
0.4812251
0.5293864
0.4775812
0.5319446
0.5224565
0.5014728
0.4831962
0.4984306
0.5139140
0.4942812
0.5083868
0.4721911
0.4985565
0.4989200
0.4859267
0.4597552
0.4968456
0.4806092
0.5126452
0.4835499
0.4805508
0.4856737
0.5140626
0.4785983
0.4976906
0.5140124
0.5041640
0.5100735
0.5060902
0.5505122
0.4925908
0.4894490
0.4839573
0.4659980
0.5206520
0.5041010
0.4904293
0.5153331
0.4587409
0.4930235
0.4812251
0.5293864
0.4775812
0.5319446
0.5224565
0.5014728
0.4831962
0.4984306
0.5139140
0.4942812
0.5083868
0.4721911
0.4985565
0.4989200
0.4859267
0.4597552
0.4968456
0.4806092
0.5126452
0.4835499
0.4805508
0.4856737
0.5140626
0.4785983
0.4976906
0.5140124
0.5041640
0.5100735
0.5060902
0.5505122
0.4925908
0.4894490
0.4839573
0.4659980
0.5206520
0.5041010
0.4904293
0.5153331
0.4587409
0.4930235
0.4812251
0.5293864
0.4775812
0.5319446
0.5224565
0.5014728
0.4831962
0.4984306
0.5139140
0.4942812
0.5083868
0.4721911
0.4985565
0.4989200
0.4859267
0.4597552
0.4968456
0.4806092
0.5126452
0.4835499
0.4805508
0.4856737
0.5140626
0.4785983
0.4976906
0.5140124
0.5041640
0.5100735
0.5060902
0.5505122
0.4925908
0.4894490
0.4839573
0.4659980
0.5206520
0.5041010
0.4904293
0.5153331
0.4587409
0.4930235
0.4812251
0.5293864
0.4775812
0.5319446
0.5224565
0.5014728
0.4831962
0.4984306
0.5139140
0.4942812
0.5083868
0.4721911
0.4985565
0.4989200
0.4859267
0.4597552
0.4968456
0.4806092
0.5126452
0.4835499
0.4805508
0.4856737
0.5140626
0.4785983
0.4976906
0.5140124
0.5041640
0.5100735
0.5060902
0.5505122
0.4925908
0.4894490
0.4839573
0.4659980
0.5206520
0.5041010
0.4904293
0.5153331
0.4587409
0.4930235
0.4812251
0.5293864
0.4775812
0.5319446
0.5224565
0.5014728
0.4831962
0.4984306
0.5139140
0.4942812
0.5083868
0.4721911
0.4985565
0.4989200
0.4859267
0.4597552
0.4968456
0.4806092
0.5126452
0.4835499
0.4805508
0.4856737
0.5140626
0.4785983
0.4976906
0.5140124
0.5041640
0.5100735
0.5060902
0.5505122
0.4925908
0.4894490
0.4839573
0.4659980
0.5206520
0.5041010
0.4904293
0.5153331
0.4587409
0.4930235
0.4812251
0.5293864
0.4775812
0.5319446
0.5224565
0.5014728
0.4831962
0.4984306
0.5139140
0.4942812
0.5083868
0.4721911
0.4985565
0.4989200
0.4859267
0.4597552
0.4968456
0.4806092
0.5126452
0.4835499
0.4805508
0.4856737
0.5140626
0.4785983
0.4976906
0.5140124
0.5041640
0.5100735
0.5060902
0.5505122
0.4925908
0.4894490
0.4839573
0.4659980
0.5206520
0.5041010
0.4904293
0.5153331
0.4587409
0.4930235
0.4812251
0.5293864
0.4775812
0.5319446
0.5224565
0.5014728
0.4831962
0.4984306
0.5139140
0.4942812
0.5083868
0.4721911
0.4985565
0.4989200
0.4859267
0.4597552
0.4968456
0.4806092
0.5126452
0.4835499
0.4805508
0.4856737
0.5140626
0.4785983
0.4976906
0.5140124
0.5041640
0.5100735
0.5060902
0.5505122
0.4925908
0.4894490
0.4839573
0.4659980
0.5206520
0.5041010
0.4904293
0.5153331
0.4587409
0.4930235
0.4812251
0.5293864
0.4775812
0.5319446
0.5224565
0.5014728
0.4831962
0.4984306
0.5139140
0.4942812
0.5083868
0.4721911
0.4985565
0.4989200
0.4859267
0.4597552
0.4968456
0.4806092
0.5126452
0.4835499
0.4805508
0.4856737
0.5140626
0.4785983
0.4976906
0.5140124
0.5041640
0.5100735
0.5060902
0.5505122
0.4925908
0.4894490
0.4839573
0.4659980
0.5206520
0.5041010
0.4904293
0.5153331
0.4587409
0.4930235
0.4812251
0.5293864
0.4775812
0.5319446
0.5224565
0.5014728
0.4831962
0.4984306
0.5139140
0.4942812
0.5083868
0.4721911
0.4985565
0.4989200
0.4859267
0.4597552
0.4968456
0.4806092
0.5126452
0.4835499
0.4805508
0.4856737
0.5140626
0.4785983
0.4976906
0.5140124
0.5041640
0.5100735
0.5060902
0.5505122
0.4925908
0.4894490
0.4839573
0.4659980
0.5206520
0.5041010
0.4904293
0.5153331
0.4587409
0.4930235
0.4812251
0.5293864
0.4775812
0.5319446
0.5224565
0.5014728
0.4831962
0.4984306
0.5139140
0.4942812
0.5083868
0.4721911
0.4985565
0.4989200
0.4859267
0.4597552
0.4968456
0.4806092
0.5126452
0.4835499
0.4805508
0.4856737
0.5140626
0.4785983
0.4976906
0.5140124
0.5041640
0.5100735
0.5060902
0.5505122
0.4925908
0.4894490
0.4839573
0.4659980
0.5206520
0.5041010
0.4904293
0.5153331
0.4587409
0.4930235
0.4812251
0.5293864
0.4775812
0.5319446
0.5224565
0.5014728
0.4831962
0.4984306
0.5139140
0.4942812
0.5083868
0.4721911
0.4985565
0.4989200
0.4859267
0.4597552
0.4968456
0.4806092
0.5126452
0.4835499
0.4805508
0.4856737
0.5140626
0.4785983
0.4976906
0.5140124
0.5041640
0.5100735
0.5060902
0.5505122
0.4925908
0.4894490
0.4839573
0.4659980
0.5206520
0.5041010
0.4904293
0.5153331
0.4587409
0.4930235
0.4812251
0.5293864
0.4775812
0.5319446
0.5224565
0.5014728
0.4831962
0.4984306
0.5139140
0.4942812
0.5083868
0.4721911
0.4985565
0.4989200
0.4859267
0.4597552
0.4968456
0.4806092
0.5126452
0.4835499
0.4805508
0.4856737
0.5140626
0.4785983
0.4976906
0.5140124
0.5041640
0.5100735
0.5060902
0.5505122
0.4925908
0.4894490
0.4839573
0.4659980
0.5206520
0.5041010
0.4904293
0.5153331
0.4587409
0.4930235
0.4812251
0.5293864
0.4775812
0.5319446
0.5224565
0.5014728
0.4831962
0.4984306
0.5139140
0.4942812
0.5083868
0.4721911
0.4985565
0.4989200
0.4859267
0.4597552
0.4968456
0.4806092
0.5126452
0.4835499
0.4805508
0.4856737
0.5140626
0.4785983
0.4976906
0.5140124
0.5041640
0.5100735
0.5060902
0.5505122
0.4925908
0.4894490
0.4839573
0.4659980
0.5206520
0.5041010
0.4904293
0.5153331
0.4587409
0.4930235
0.4812251
0.5293864
0.4775812
0.5319446
0.5224565
0.5014728
0.4831962
0.4984306
0.5139140
0.4942812
0.5083868
0.4721911
0.4985565
0.4989200
0.4859267
0.4597552
0.4968456
0.4806092
0.5126452
0.4835499
0.4805508
0.4856737
0.5140626
0.4785983
0.4976906
0.5140124
0.5041640
0.5100735
0.5060902
0.5505122
0.4925908
0.4894490
0.4839573
0.4659980
0.5206520
0.5041010
0.4904293
0.5153331
0.4587409
0.4930235
0.4812251
0.5293864
0.4775812
0.5319446
0.5224565
0.5014728
0.4831962
0.4984306
0.5139140
0.4942812
0.5083868
0.4721911
0.4985565
0.4989200
0.4859267
0.4597552
0.4968456
0.4806092
0.5126452
0.4835499
0.4805508
0.4856737
0.5140626
0.4785983
0.4976906
0.5140124
0.5041640
0.5100735
0.5060902
0.5505122
0.4925908
0.4894490
0.4839573
0.4659980
0.5206520
0.5041010
0.4904293
0.5153331
0.4587409
0.4930235
0.4812251
0.5293864
0.4775812
0.5319446
0.5224565
0.5014728
0.4831962
0.4984306
0.5139140
0.4942812
0.5083868
0.4721911
0.4985565
0.4989200
0.4859267
0.4597552
0.4968456
0.4806092
0.5126452
0.4835499
0.4805508
0.4856737
0.5140626
0.4785983
0.4976906
0.5140124
0.5041640
0.5100735
0.5060902
0.5505122
0.4925908
0.4894490
0.4839573
0.4659980
0.5206520
0.5041010
0.4904293
0.5153331
0.4587409
0.4930235
0.4812251
0.5293864
0.4775812
0.5319446
0.5224565
0.5014728
0.4831962
0.4984306
0.5139140
0.4942812
0.5083868
0.4721911
0.4985565
0.4989200
0.4859267
0.4597552
0.4968456
0.4806092
0.5126452
0.4835499
0.4805508
0.4856737
0.5140626
0.4785983
0.4976906
0.5140124
0.5041640
0.5100735
0.5060902
0.5505122
0.4925908
0.4894490
0.4839573
0.4659980
0.5206520
0.5041010
0.4904293
0.5153331
0.4587409
0.4930235
0.4812251
0.5293864
0.4775812
0.5319446
0.5224565
0.5014728
0.4831962
0.4984306
0.5139140
0.4942812
0.5083868
0.4721911
0.4985565
0.4989200
0.4859267
0.4597552
0.4968456
0.4806092
0.5126452
0.4835499
0.4805508
0.4856737
0.5140626
0.4785983
0.4976906
0.5140124
0.5041640
0.5100735
0.5060902
0.5505122
0.4925908
0.4894490
0.4839573
0.4659980
0.5206520
0.5041010
0.4904293
0.5153331
0.4587409
0.4930235
0.4812251
0.5293864
0.4775812
0.5319446
0.5224565
0.5014728
0.4831962
0.4984306
0.5139140
0.4942812
0.5083868
0.4721911
0.4985565
0.4989200
0.4859267
0.4597552
0.4968456
0.4806092
0.5126452
0.4835499
0.4805508
0.4856737
0.5140626
0.4785983
0.4976906
0.5140124
0.5041640
0.5100735
0.5060902
0.5505122
0.4925908
0.4894490
0.4839573
0.4659980
0.5206520
0.5041010
0.4904293
0.5153331
0.4587409
0.4930235
0.4812251
0.5293864
0.4775812
0.5319446
0.5224565
0.5014728
0.4831962
0.4984306
0.5139140
0.4942812
0.5083868
0.4721911
0.4985565
0.4989200
0.4859267
0.4597552
0.4968456
0.4806092
0.5126452
0.4835499
0.4805508
0.4856737
0.5140626
0.4785983
0.4976906
0.5140124
0.5041640
0.5100735
0.5060902
0.5505122
0.4925908
0.4894490
0.4839573
0.4659980
0.5206520
0.5041010
0.4904293
0.5153331
0.4587409
0.4930235
0.4812251
0.5293864
0.4775812
0.5319446
0.5224565
0.5014728
0.4831962
0.4984306
0.5139140
0.4942812
0.5083868
0.4721911
0.4985565
0.4989200
0.4859267
0.4597552
0.4968456
0.4806092
0.5126452
0.4835499
0.4805508
0.4856737
0.5140626
0.4785983
0.4976906
0.5140124
0.5041640
0.5100735
0.5060902
0.5505122
0.4925908
0.4894490
0.4839573
0.4659980
0.5206520
0.5041010
0.4904293
0.5153331
0.4587409
0.4930235
0.4812251
0.5293864
0.4775812
0.5319446
0.5224565
0.5014728
0.4831962
0.4984306
0.5139140
0.4942812
0.5083868
0.4721911
0.4985565
0.4989200
0.4859267
0.4597552
0.4968456
0.4806092
0.5126452
0.4835499
0.4805508
0.4856737
0.5140626
0.4785983
0.4976906
0.5140124
0.5041640
0.5100735
0.5060902
0.5505122
0.4925908
0.4894490
0.4839573
0.4659980
0.5206520
0.5041010
0.4904293
0.5153331
0.4587409
0.4930235
0.4812251
0.5293864
0.4775812
0.5319446
0.5224565
0.5014728
0.4831962
0.4984306
0.5139140
0.4942812
0.5083868
0.4721911
0.4985565
0.4989200
0.4859267
0.4597552
0.4968456
0.4806092
0.5126452
0.4835499
0.4805508
0.4856737
0.5140626
0.4785983
0.4976906
0.5140124
0.5041640
0.5100735
0.5060902
0.5505122
0.4925908
0.4894490
0.4839573
0.4659980
0.5206520
0.5041010
0.4904293
0.5153331
0.4587409
0.4930235
0.4812251
0.5293864
0.4775812
0.5319446
0.5224565
0.5014728
0.4831962
0.4984306
0.5139140
0.4942812
0.5083868
0.4721911
0.4985565
0.4989200
0.4859267
0.4597552
0.4968456
0.4806092
0.5126452
0.4835499
0.4805508
0.4856737
0.5140626
0.4785983
0.4976906
0.5140124
0.5041640
0.5100735
0.5060902
0.5505122
0.4925908
0.4894490
0.4839573
0.4659980
0.5206520
0.5041010
0.4904293
0.5153331
0.4587409
0.4930235
0.4812251
0.5293864
0.4775812
0.5319446
0.5224565
0.5014728
0.4831962
0.4984306
0.5139140
0.4942812
0.5083868
0.4721911
0.4985565
0.4989200
0.4859267
0.4597552
0.4968456
0.4806092
0.5126452
0.4835499
0.4805508
0.4856737
0.5140626
0.4785983
0.4976906
0.5140124
0.5041640
0.5100735
0.5060902
0.5505122
0.4925908
0.4894490
0.4839573
0.4659980
0.5206520
0.5041010
0.4904293
0.5153331
0.4587409
0.4930235
0.4812251
0.5293864
0.4775812
0.5319446
0.5224565
0.5014728
0.4831962
0.4984306
0.5139140
0.4942812
0.5083868
0.4721911
0.4985565
0.4989200
0.4859267
0.4597552
0.4968456
0.4806092
0.5126452
0.4835499
0.4805508
0.4856737
0.5140626
0.4785983
0.4976906
0.5140124
0.5041640
0.5100735
0.5060902
0.5505122
0.4925908
0.4894490
0.4839573
0.4659980
0.5206520
0.5041010
0.4904293
0.5153331
0.4587409
0.4930235
0.4812251
0.5293864
0.4775812
0.5319446
0.5224565
0.5014728
0.4831962
0.4984306
0.5139140
0.4942812
0.5083868
0.4721911
0.4985565
0.4989200
0.4859267
0.4597552
0.4968456
0.4806092
0.5126452
0.4835499
0.4805508
0.4856737
0.5140626
