0.9669108
0.9411564
0.9865750
0.9691983
0.9763316
1.0196817
0.9276364
1.0169625
0.9558063
1.0472233
1.0213839
1.0127041
1.0107959
1.0673692
0.9314394
0.9975434
0.9953882
0.9758487
1.0501488
0.9956666
0.9519394
0.9820659
0.9887668
1.0048887
0.9677639
0.9468572
1.0127000
0.9419081
1.0624493
1.0381869
1.0462301
0.9822028
1.0934003
0.9857298
0.9927232
1.0042092
0.9948528
1.0126796
1.0138275
1.0309904
0.9669108
0.9411564
0.9865750
0.9691983
0.9763316
1.0196817
0.9276364
1.0169625
0.9558063
1.0472233
1.0213839
1.0127041
1.0107959
1.0673692
0.9314394
0.9975434
0.9953882
0.9758487
1.0501488
0.9956666
0.9519394
0.9820659
0.9887668
1.0048887
0.9677639
0.9468572
1.0127000
0.9419081
1.0624493
1.0381869
1.0462301
0.9822028
1.0934003
0.9857298
0.9927232
1.0042092
0.9948528
1.0126796
1.0138275
1.0309904
0.9669108
0.9411564
0.9865750
0.9691983
0.9763316
1.0196817
0.9276364
1.0169625
0.9558063
1.0472233
1.0213839
1.0127041
1.0107959
1.0673692
0.9314394
0.9975434
0.9953882
0.9758487
1.0501488
0.9956666
0.9519394
0.9820659
0.9887668
1.0048887
0.9677639
0.9468572
1.0127000
0.9419081
1.0624493
1.0381869
1.0462301
0.9822028
1.0934003
0.9857298
0.9927232
1.0042092
0.9948528
1.0126796
1.0138275
1.0309904
0.9669108
0.9411564
0.9865750
0.9691983
0.9763316
1.0196817
0.9276364
1.0169625
0.9558063
1.0472233
1.0213839
1.0127041
1.0107959
1.0673692
0.9314394
0.9975434
0.9953882
0.9758487
1.0501488
0.9956666
0.9519394
0.9820659
0.9887668
1.0048887
0.9677639
0.9468572
1.0127000
0.9419081
1.0624493
1.0381869
1.0462301
0.9822028
1.0934003
0.9857298
0.9927232
1.0042092
0.9948528
1.0126796
1.0138275
1.0309904
0.9669108
0.9411564
0.9865750
0.9691983
0.9763316
1.0196817
0.9276364
1.0169625
0.9558063
1.0472233
1.0213839
1.0127041
1.0107959
1.0673692
0.9314394
0.9975434
0.9953882
0.9758487
1.0501488
0.9956666
0.9519394
0.9820659
0.9887668
1.0048887
0.9677639
0.9468572
1.0127000
0.9419081
1.0624493
1.0381869
1.0462301
0.9822028
1.0934003
0.9857298
0.9927232
1.0042092
0.9948528
1.0126796
1.0138275
1.0309904
0.9669108
0.9411564
0.9865750
0.9691983
0.9763316
1.0196817
0.9276364
1.0169625
0.9558063
1.0472233
1.0213839
1.0127041
1.0107959
1.0673692
0.9314394
0.9975434
0.9953882
0.9758487
1.0501488
0.9956666
0.9519394
0.9820659
0.9887668
1.0048887
0.9677639
0.9468572
1.0127000
0.9419081
1.0624493
1.0381869
1.0462301
0.9822028
1.0934003
0.9857298
0.9927232
1.0042092
0.9948528
1.0126796
1.0138275
1.0309904
0.9669108
0.9411564
0.9865750
0.9691983
0.9763316
1.0196817
0.9276364
1.0169625
0.9558063
1.0472233
1.0213839
1.0127041
1.0107959
1.0673692
0.9314394
0.9975434
0.9953882
0.9758487
1.0501488
0.9956666
0.9519394
0.9820659
0.9887668
1.0048887
0.9677639
0.9468572
1.0127000
0.9419081
1.0624493
1.0381869
1.0462301
0.9822028
1.0934003
0.9857298
0.9927232
1.0042092
0.9948528
1.0126796
1.0138275
1.0309904
0.9669108
0.9411564
0.9865750
0.9691983
0.9763316
1.0196817
0.9276364
1.0169625
0.9558063
1.0472233
1.0213839
1.0127041
1.0107959
1.0673692
0.9314394
0.9975434
0.9953882
0.9758487
1.0501488
0.9956666
0.9519394
0.9820659
0.9887668
1.0048887
0.9677639
0.9468572
1.0127000
0.9419081
1.0624493
1.0381869
1.0462301
0.9822028
1.0934003
0.9857298
0.9927232
1.0042092
0.9948528
1.0126796
1.0138275
1.0309904
0.9669108
0.9411564
0.9865750
0.9691983
0.9763316
1.0196817
0.9276364
1.0169625
0.9558063
1.0472233
1.0213839
1.0127041
1.0107959
1.0673692
0.9314394
0.9975434
0.9953882
0.9758487
1.0501488
0.9956666
0.9519394
0.9820659
0.9887668
1.0048887
0.9677639
0.9468572
1.0127000
0.9419081
1.0624493
1.0381869
1.0462301
0.9822028
1.0934003
0.9857298
0.9927232
1.0042092
0.9948528
1.0126796
1.0138275
1.0309904
0.9669108
0.9411564
0.9865750
0.9691983
0.9763316
1.0196817
0.9276364
1.0169625
0.9558063
1.0472233
1.0213839
1.0127041
1.0107959
1.0673692
0.9314394
0.9975434
0.9953882
0.9758487
1.0501488
0.9956666
0.9519394
0.9820659
0.9887668
1.0048887
0.9677639
0.9468572
1.0127000
0.9419081
1.0624493
1.0381869
1.0462301
0.9822028
1.0934003
0.9857298
0.9927232
1.0042092
0.9948528
1.0126796
1.0138275
1.0309904
0.9669108
0.9411564
0.9865750
0.9691983
0.9763316
1.0196817
0.9276364
1.0169625
0.9558063
1.0472233
1.0213839
1.0127041
1.0107959
1.0673692
0.9314394
0.9975434
0.9953882
0.9758487
1.0501488
0.9956666
0.9519394
0.9820659
0.9887668
1.0048887
0.9677639
0.9468572
1.0127000
0.9419081
1.0624493
1.0381869
1.0462301
0.9822028
1.0934003
0.9857298
0.9927232
1.0042092
0.9948528
1.0126796
1.0138275
1.0309904
0.9669108
0.9411564
0.9865750
0.9691983
0.9763316
1.0196817
0.9276364
1.0169625
0.9558063
1.0472233
1.0213839
1.0127041
1.0107959
1.0673692
0.9314394
0.9975434
0.9953882
0.9758487
1.0501488
0.9956666
0.9519394
0.9820659
0.9887668
1.0048887
0.9677639
0.9468572
1.0127000
0.9419081
1.0624493
1.0381869
1.0462301
0.9822028
1.0934003
0.9857298
0.9927232
1.0042092
0.9948528
1.0126796
1.0138275
1.0309904
0.9669108
0.9411564
0.9865750
0.9691983
0.9763316
1.0196817
0.9276364
1.0169625
0.9558063
1.0472233
1.0213839
1.0127041
1.0107959
1.0673692
0.9314394
0.9975434
0.9953882
0.9758487
1.0501488
0.9956666
0.9519394
0.9820659
0.9887668
1.0048887
0.9677639
0.9468572
1.0127000
0.9419081
1.0624493
1.0381869
1.0462301
0.9822028
1.0934003
0.9857298
0.9927232
1.0042092
0.9948528
1.0126796
1.0138275
1.0309904
0.9669108
0.9411564
0.9865750
0.9691983
0.9763316
1.0196817
0.9276364
1.0169625
0.9558063
1.0472233
1.0213839
1.0127041
1.0107959
1.0673692
0.9314394
0.9975434
0.9953882
0.9758487
1.0501488
0.9956666
0.9519394
0.9820659
0.9887668
1.0048887
0.9677639
0.9468572
1.0127000
0.9419081
1.0624493
1.0381869
1.0462301
0.9822028
1.0934003
0.9857298
0.9927232
1.0042092
0.9948528
1.0126796
1.0138275
1.0309904
0.9669108
0.9411564
0.9865750
0.9691983
0.9763316
1.0196817
0.9276364
1.0169625
0.9558063
1.0472233
1.0213839
1.0127041
1.0107959
1.0673692
0.9314394
0.9975434
0.9953882
0.9758487
1.0501488
0.9956666
0.9519394
0.9820659
0.9887668
1.0048887
0.9677639
0.9468572
1.0127000
0.9419081
1.0624493
1.0381869
1.0462301
0.9822028
1.0934003
0.9857298
0.9927232
1.0042092
0.9948528
1.0126796
1.0138275
1.0309904
0.9669108
0.9411564
0.9865750
0.9691983
0.9763316
1.0196817
0.9276364
1.0169625
0.9558063
1.0472233
1.0213839
1.0127041
1.0107959
1.0673692
0.9314394
0.9975434
0.9953882
0.9758487
1.0501488
0.9956666
0.9519394
0.9820659
0.9887668
1.0048887
0.9677639
0.9468572
1.0127000
0.9419081
1.0624493
1.0381869
1.0462301
0.9822028
1.0934003
0.9857298
0.9927232
1.0042092
0.9948528
1.0126796
1.0138275
1.0309904
0.9669108
0.9411564
0.9865750
0.9691983
0.9763316
1.0196817
0.9276364
1.0169625
0.9558063
1.0472233
1.0213839
1.0127041
1.0107959
1.0673692
0.9314394
0.9975434
0.9953882
0.9758487
1.0501488
0.9956666
0.9519394
0.9820659
0.9887668
1.0048887
0.9677639
0.9468572
1.0127000
0.9419081
1.0624493
1.0381869
1.0462301
0.9822028
1.0934003
0.9857298
0.9927232
1.0042092
0.9948528
1.0126796
1.0138275
1.0309904
0.9669108
0.9411564
0.9865750
0.9691983
0.9763316
1.0196817
0.9276364
1.0169625
0.9558063
1.0472233
1.0213839
1.0127041
1.0107959
1.0673692
0.9314394
0.9975434
0.9953882
0.9758487
1.0501488
0.9956666
0.9519394
0.9820659
0.9887668
1.0048887
0.9677639
0.9468572
1.0127000
0.9419081
1.0624493
1.0381869
1.0462301
0.9822028
1.0934003
0.9857298
0.9927232
1.0042092
0.9948528
1.0126796
1.0138275
1.0309904
0.9669108
0.9411564
0.9865750
0.9691983
0.9763316
1.0196817
0.9276364
1.0169625
0.9558063
1.0472233
1.0213839
1.0127041
1.0107959
1.0673692
0.9314394
0.9975434
0.9953882
0.9758487
1.0501488
0.9956666
0.9519394
0.9820659
0.9887668
1.0048887
0.9677639
0.9468572
1.0127000
0.9419081
1.0624493
1.0381869
1.0462301
0.9822028
1.0934003
0.9857298
0.9927232
1.0042092
0.9948528
1.0126796
1.0138275
1.0309904
0.9669108
0.9411564
0.9865750
0.9691983
0.9763316
1.0196817
0.9276364
1.0169625
0.9558063
1.0472233
1.0213839
1.0127041
1.0107959
1.0673692
0.9314394
0.9975434
0.9953882
0.9758487
1.0501488
0.9956666
0.9519394
0.9820659
0.9887668
1.0048887
0.9677639
0.9468572
1.0127000
0.9419081
1.0624493
1.0381869
1.0462301
0.9822028
1.0934003
0.9857298
0.9927232
1.0042092
0.9948528
1.0126796
1.0138275
1.0309904
0.9669108
0.9411564
0.9865750
0.9691983
0.9763316
1.0196817
0.9276364
1.0169625
0.9558063
1.0472233
1.0213839
1.0127041
1.0107959
1.0673692
0.9314394
0.9975434
0.9953882
0.9758487
1.0501488
0.9956666
0.9519394
0.9820659
0.9887668
1.0048887
0.9677639
0.9468572
1.0127000
0.9419081
1.0624493
1.0381869
1.0462301
0.9822028
1.0934003
0.9857298
0.9927232
1.0042092
0.9948528
1.0126796
1.0138275
1.0309904
0.9669108
0.9411564
0.9865750
0.9691983
0.9763316
1.0196817
0.9276364
1.0169625
0.9558063
1.0472233
1.0213839
1.0127041
1.0107959
1.0673692
0.9314394
0.9975434
0.9953882
0.9758487
1.0501488
0.9956666
0.9519394
0.9820659
0.9887668
1.0048887
0.9677639
0.9468572
1.0127000
0.9419081
1.0624493
1.0381869
1.0462301
0.9822028
1.0934003
0.9857298
0.9927232
1.0042092
0.9948528
1.0126796
1.0138275
1.0309904
0.9669108
0.9411564
0.9865750
0.9691983
0.9763316
1.0196817
0.9276364
1.0169625
0.9558063
1.0472233
1.0213839
1.0127041
1.0107959
1.0673692
0.9314394
0.9975434
0.9953882
0.9758487
1.0501488
0.9956666
0.9519394
0.9820659
0.9887668
1.0048887
0.9677639
0.9468572
1.0127000
0.9419081
1.0624493
1.0381869
1.0462301
0.9822028
1.0934003
0.9857298
0.9927232
1.0042092
0.9948528
1.0126796
1.0138275
1.0309904
0.9669108
0.9411564
0.9865750
0.9691983
0.9763316
1.0196817
0.9276364
1.0169625
0.9558063
1.0472233
1.0213839
1.0127041
1.0107959
1.0673692
0.9314394
0.9975434
0.9953882
0.9758487
1.0501488
0.9956666
0.9519394
0.9820659
0.9887668
1.0048887
0.9677639
0.9468572
1.0127000
0.9419081
1.0624493
1.0381869
1.0462301
0.9822028
1.0934003
0.9857298
0.9927232
1.0042092
0.9948528
1.0126796
1.0138275
1.0309904
0.9669108
0.9411564
0.9865750
0.9691983
0.9763316
1.0196817
0.9276364
1.0169625
0.9558063
1.0472233
1.0213839
1.0127041
1.0107959
1.0673692
0.9314394
0.9975434
0.9953882
0.9758487
1.0501488
0.9956666
0.9519394
0.9820659
0.9887668
1.0048887
0.9677639
0.9468572
1.0127000
0.9419081
1.0624493
1.0381869
1.0462301
0.9822028
1.0934003
0.9857298
0.9927232
1.0042092
0.9948528
1.0126796
1.0138275
1.0309904
0.9669108
0.9411564
0.9865750
0.9691983
0.9763316
1.0196817
0.9276364
1.0169625
0.9558063
1.0472233
1.0213839
1.0127041
1.0107959
1.0673692
0.9314394
0.9975434
0.9953882
0.9758487
1.0501488
0.9956666
0.9519394
0.9820659
0.9887668
1.0048887
0.9677639
0.9468572
1.0127000
0.9419081
1.0624493
1.0381869
1.0462301
0.9822028
1.0934003
0.9857298
0.9927232
1.0042092
0.9948528
1.0126796
1.0138275
1.0309904
0.9669108
0.9411564
0.9865750
0.9691983
0.9763316
1.0196817
0.9276364
1.0169625
0.9558063
1.0472233
1.0213839
1.0127041
1.0107959
1.0673692
0.9314394
0.9975434
0.9953882
0.9758487
1.0501488
0.9956666
0.9519394
0.9820659
0.9887668
1.0048887
0.9677639
0.9468572
1.0127000
0.9419081
1.0624493
1.0381869
1.0462301
0.9822028
1.0934003
0.9857298
0.9927232
1.0042092
0.9948528
1.0126796
1.0138275
1.0309904
0.9669108
0.9411564
0.9865750
0.9691983
0.9763316
1.0196817
0.9276364
1.0169625
0.9558063
1.0472233
1.0213839
1.0127041
1.0107959
1.0673692
0.9314394
0.9975434
0.9953882
0.9758487
1.0501488
0.9956666
0.9519394
0.9820659
0.9887668
1.0048887
0.9677639
0.9468572
1.0127000
0.9419081
1.0624493
1.0381869
1.0462301
0.9822028
1.0934003
0.9857298
0.9927232
1.0042092
0.9948528
1.0126796
1.0138275
1.0309904
0.9669108
0.9411564
0.9865750
0.9691983
0.9763316
1.0196817
0.9276364
1.0169625
0.9558063
1.0472233
1.0213839
1.0127041
1.0107959
1.0673692
0.9314394
0.9975434
0.9953882
0.9758487
1.0501488
0.9956666
0.9519394
0.9820659
0.9887668
1.0048887
0.9677639
0.9468572
1.0127000
0.9419081
1.0624493
1.0381869
1.0462301
0.9822028
1.0934003
0.9857298
0.9927232
1.0042092
0.9948528
1.0126796
1.0138275
1.0309904
0.9669108
0.9411564
0.9865750
0.9691983
0.9763316
1.0196817
0.9276364
1.0169625
0.9558063
1.0472233
1.0213839
1.0127041
1.0107959
1.0673692
0.9314394
0.9975434
0.9953882
0.9758487
1.0501488
0.9956666
0.9519394
0.9820659
0.9887668
1.0048887
0.9677639
0.9468572
1.0127000
0.9419081
1.0624493
1.0381869
1.0462301
0.9822028
1.0934003
0.9857298
0.9927232
1.0042092
0.9948528
1.0126796
1.0138275
1.0309904
0.9669108
0.9411564
0.9865750
0.9691983
0.9763316
1.0196817
0.9276364
1.0169625
0.9558063
1.0472233
1.0213839
1.0127041
1.0107959
1.0673692
0.9314394
0.9975434
0.9953882
0.9758487
1.0501488
0.9956666
0.9519394
0.9820659
0.9887668
1.0048887
0.9677639
0.9468572
1.0127000
0.9419081
1.0624493
1.0381869
1.0462301
0.9822028
1.0934003
0.9857298
0.9927232
1.0042092
0.9948528
1.0126796
1.0138275
1.0309904
0.9669108
0.9411564
0.9865750
0.9691983
0.9763316
1.0196817
0.9276364
1.0169625
0.9558063
1.0472233
1.0213839
1.0127041
1.0107959
1.0673692
0.9314394
0.9975434
0.9953882
0.9758487
1.0501488
0.9956666
0.9519394
0.9820659
0.9887668
1.0048887
0.9677639
0.9468572
1.0127000
0.9419081
1.0624493
1.0381869
1.0462301
0.9822028
1.0934003
0.9857298
0.9927232
1.0042092
0.9948528
1.0126796
1.0138275
1.0309904
0.9669108
0.9411564
0.9865750
0.9691983
0.9763316
1.0196817
0.9276364
1.0169625
0.9558063
1.0472233
1.0213839
1.0127041
1.0107959
1.0673692
0.9314394
0.9975434
0.9953882
0.9758487
1.0501488
0.9956666
0.9519394
0.9820659
0.9887668
1.0048887
0.9677639
0.9468572
1.0127000
0.9419081
1.0624493
1.0381869
1.0462301
0.9822028
1.0934003
0.9857298
0.9927232
1.0042092
0.9948528
1.0126796
1.0138275
1.0309904
0.9669108
0.9411564
0.9865750
0.9691983
0.9763316
1.0196817
0.9276364
1.0169625
0.9558063
1.0472233
1.0213839
1.0127041
1.0107959
1.0673692
0.9314394
0.9975434
0.9953882
0.9758487
1.0501488
0.9956666
0.9519394
0.9820659
0.9887668
1.0048887
0.9677639
0.9468572
1.0127000
0.9419081
1.0624493
1.0381869
1.0462301
0.9822028
1.0934003
0.9857298
0.9927232
1.0042092
0.9948528
1.0126796
1.0138275
1.0309904
0.9669108
0.9411564
0.9865750
0.9691983
0.9763316
1.0196817
0.9276364
1.0169625
0.9558063
1.0472233
1.0213839
1.0127041
1.0107959
1.0673692
0.9314394
0.9975434
0.9953882
0.9758487
1.0501488
0.9956666
0.9519394
0.9820659
0.9887668
1.0048887
0.9677639
0.9468572
1.0127000
0.9419081
1.0624493
1.0381869
1.0462301
0.9822028
1.0934003
0.9857298
0.9927232
1.0042092
0.9948528
1.0126796
1.0138275
1.0309904
0.9669108
0.9411564
0.9865750
0.9691983
0.9763316
1.0196817
0.9276364
1.0169625
0.9558063
1.0472233
1.0213839
1.0127041
1.0107959
1.0673692
0.9314394
0.9975434
0.9953882
0.9758487
1.0501488
0.9956666
0.9519394
0.9820659
0.9887668
1.0048887
0.9677639
0.9468572
1.0127000
0.9419081
1.0624493
1.0381869
1.0462301
0.9822028
1.0934003
0.9857298
0.9927232
1.0042092
0.9948528
1.0126796
1.0138275
1.0309904
0.9669108
0.9411564
0.9865750
0.9691983
0.9763316
1.0196817
0.9276364
1.0169625
0.9558063
1.0472233
1.0213839
1.0127041
1.0107959
1.0673692
0.9314394
0.9975434
0.9953882
0.9758487
1.0501488
0.9956666
0.9519394
0.9820659
0.9887668
1.0048887
0.9677639
0.9468572
1.0127000
0.9419081
1.0624493
1.0381869
1.0462301
0.9822028
1.0934003
0.9857298
0.9927232
1.0042092
0.9948528
1.0126796
1.0138275
1.0309904
0.9669108
0.9411564
0.9865750
0.9691983
0.9763316
1.0196817
0.9276364
1.0169625
0.9558063
1.0472233
1.0213839
1.0127041
1.0107959
1.0673692
0.9314394
0.9975434
0.9953882
0.9758487
1.0501488
0.9956666
0.9519394
0.9820659
0.9887668
1.0048887
0.9677639
0.9468572
1.0127000
0.9419081
1.0624493
1.0381869
1.0462301
0.9822028
1.0934003
0.9857298
0.9927232
1.0042092
0.9948528
1.0126796
1.0138275
1.0309904
0.9669108
0.9411564
0.9865750
0.9691983
0.9763316
1.0196817
0.9276364
1.0169625
0.9558063
1.0472233
1.0213839
1.0127041
1.0107959
1.0673692
0.9314394
0.9975434
0.9953882
0.9758487
1.0501488
0.9956666
0.9519394
0.9820659
0.9887668
1.0048887
0.9677639
0.9468572
1.0127000
0.9419081
1.0624493
1.0381869
1.0462301
0.9822028
1.0934003
0.9857298
0.9927232
1.0042092
0.9948528
1.0126796
1.0138275
1.0309904
0.9669108
0.9411564
0.9865750
0.9691983
0.9763316
1.0196817
0.9276364
1.0169625
0.9558063
1.0472233
1.0213839
1.0127041
1.0107959
1.0673692
0.9314394
0.9975434
0.9953882
0.9758487
1.0501488
0.9956666
0.9519394
0.9820659
0.9887668
1.0048887
0.9677639
0.9468572
1.0127000
0.9419081
1.0624493
1.0381869
1.0462301
0.9822028
1.0934003
0.9857298
0.9927232
1.0042092
0.9948528
1.0126796
1.0138275
1.0309904
0.9669108
0.9411564
0.9865750
0.9691983
0.9763316
1.0196817
0.9276364
1.0169625
0.9558063
1.0472233
1.0213839
1.0127041
1.0107959
1.0673692
0.9314394
0.9975434
0.9953882
0.9758487
1.0501488
0.9956666
0.9519394
0.9820659
0.9887668
1.0048887
0.9677639
0.9468572
1.0127000
0.9419081
1.0624493
1.0381869
1.0462301
0.9822028
1.0934003
0.9857298
0.9927232
1.0042092
0.9948528
1.0126796
1.0138275
1.0309904
0.9669108
0.9411564
0.9865750
0.9691983
0.9763316
1.0196817
0.9276364
1.0169625
0.9558063
1.0472233
1.0213839
1.0127041
1.0107959
1.0673692
0.9314394
0.9975434
0.9953882
0.9758487
1.0501488
0.9956666
0.9519394
0.9820659
0.9887668
1.0048887
0.9677639
0.9468572
1.0127000
0.9419081
1.0624493
1.0381869
1.0462301
0.9822028
1.0934003
0.9857298
0.9927232
1.0042092
0.9948528
1.0126796
1.0138275
1.0309904
0.9669108
0.9411564
0.9865750
0.9691983
0.9763316
1.0196817
0.9276364
1.0169625
0.9558063
1.0472233
1.0213839
1.0127041
1.0107959
1.0673692
0.9314394
0.9975434
0.9953882
0.9758487
1.0501488
0.9956666
0.9519394
0.9820659
0.9887668
1.0048887
0.9677639
0.9468572
1.0127000
0.9419081
1.0624493
1.0381869
1.0462301
0.9822028
1.0934003
0.9857298
0.9927232
1.0042092
0.9948528
1.0126796
1.0138275
1.0309904
0.9669108
0.9411564
0.9865750
0.9691983
0.9763316
1.0196817
0.9276364
1.0169625
0.9558063
1.0472233
1.0213839
1.0127041
1.0107959
1.0673692
0.9314394
0.9975434
0.9953882
0.9758487
1.0501488
0.9956666
0.9519394
0.9820659
0.9887668
1.0048887
0.9677639
0.9468572
1.0127000
0.9419081
1.0624493
1.0381869
1.0462301
0.9822028
1.0934003
0.9857298
0.9927232
1.0042092
0.9948528
1.0126796
1.0138275
1.0309904
0.9669108
0.9411564
0.9865750
0.9691983
0.9763316
1.0196817
0.9276364
1.0169625
0.9558063
1.0472233
1.0213839
1.0127041
1.0107959
1.0673692
0.9314394
0.9975434
0.9953882
0.9758487
1.0501488
0.9956666
0.9519394
0.9820659
0.9887668
1.0048887
0.9677639
0.9468572
1.0127000
0.9419081
1.0624493
1.0381869
1.0462301
0.9822028
1.0934003
0.9857298
0.9927232
1.0042092
0.9948528
1.0126796
1.0138275
1.0309904
0.9669108
0.9411564
0.9865750
0.9691983
0.9763316
1.0196817
0.9276364
1.0169625
0.9558063
1.0472233
1.0213839
1.0127041
1.0107959
1.0673692
0.9314394
0.9975434
0.9953882
0.9758487
1.0501488
0.9956666
0.9519394
0.9820659
0.9887668
1.0048887
0.9677639
0.9468572
1.0127000
0.9419081
1.0624493
1.0381869
1.0462301
0.9822028
1.0934003
0.9857298
0.9927232
1.0042092
0.9948528
1.0126796
1.0138275
1.0309904
0.9669108
0.9411564
0.9865750
0.9691983
0.9763316
1.0196817
0.9276364
1.0169625
0.9558063
1.0472233
1.0213839
1.0127041
1.0107959
1.0673692
0.9314394
0.9975434
0.9953882
0.9758487
1.0501488
0.9956666
0.9519394
0.9820659
0.9887668
1.0048887
0.9677639
0.9468572
1.0127000
0.9419081
1.0624493
1.0381869
1.0462301
0.9822028
1.0934003
0.9857298
0.9927232
1.0042092
0.9948528
1.0126796
1.0138275
1.0309904
0.9669108
0.9411564
0.9865750
0.9691983
0.9763316
1.0196817
0.9276364
1.0169625
0.9558063
1.0472233
1.0213839
1.0127041
1.0107959
1.0673692
0.9314394
0.9975434
0.9953882
0.9758487
1.0501488
0.9956666
0.9519394
0.9820659
0.9887668
1.0048887
0.9677639
0.9468572
1.0127000
0.9419081
1.0624493
1.0381869
1.0462301
0.9822028
1.0934003
0.9857298
0.9927232
1.0042092
0.9948528
1.0126796
1.0138275
1.0309904
0.9669108
0.9411564
0.9865750
0.9691983
0.9763316
1.0196817
0.9276364
1.0169625
0.9558063
1.0472233
1.0213839
1.0127041
1.0107959
1.0673692
0.9314394
0.9975434
0.9953882
0.9758487
1.0501488
0.9956666
0.9519394
0.9820659
0.9887668
1.0048887
0.9677639
0.9468572
1.0127000
0.9419081
1.0624493
1.0381869
1.0462301
0.9822028
1.0934003
0.9857298
0.9927232
1.0042092
0.9948528
1.0126796
1.0138275
1.0309904
0.9669108
0.9411564
0.9865750
0.9691983
0.9763316
1.0196817
0.9276364
1.0169625
0.9558063
1.0472233
1.0213839
1.0127041
1.0107959
1.0673692
0.9314394
0.9975434
0.9953882
0.9758487
1.0501488
0.9956666
0.9519394
0.9820659
0.9887668
1.0048887
0.9677639
0.9468572
1.0127000
0.9419081
1.0624493
1.0381869
1.0462301
0.9822028
1.0934003
0.9857298
0.9927232
1.0042092
0.9948528
1.0126796
1.0138275
1.0309904
