14.813174
15.014956
14.680503
14.542658
 7.505644
 7.798465
 7.839987
 8.293596
 8.804582
 7.628719
10.169277
 9.890933
 9.298909
 8.559780
 8.564971
 8.420519
 8.824031
 8.051000
 9.839961
10.188265
 9.568320
10.467447
 9.499772
10.079922
10.844174
 9.265323
 9.210492
 9.497383
 9.934361
 9.503427
10.258925
 9.450642
 9.491493
 8.675041
 8.871982
 9.102905
 8.974050
 9.543134
 9.602512
 9.542202
 9.658431
 9.979746
 9.024285
 9.255957
13.718352
13.724551
12.652585
13.027104
14.889459
15.018960
13.352757
12.346120
12.873840
12.916158
12.173753
12.842399
12.526132
14.082437
13.313567
15.223511
15.015704
15.603685
15.331315
15.584006
14.735825
15.726643
15.219978
15.284677
14.265964
14.584800
14.213996
14.695062
14.884058
14.899679
14.221501
14.448636
16.334086
14.877937
15.957448
15.253049
15.177167
15.306903
13.746884
13.984004
13.409184
12.278569
14.132184
13.353043
14.515937
14.158358
14.167607
13.813490
14.047486
14.979394
15.239307
14.471054
14.375207
14.555690
15.138562
14.745738
19.739046
19.285773
18.032422
18.621818
18.988704
17.916329
21.170404
17.659434
20.278510
15.621429
15.686486
16.715417
15.432646
17.642540
17.547848
18.096656
16.236839
18.084326
17.878157
17.750225
17.535396
17.689887
18.259886
16.964000
16.968468
16.690702
16.996550
15.383619
14.636922
15.170940
14.834457
15.722742
18.720355
20.797690
18.830294
19.448990
18.984732
17.238826
17.753562
16.617266
16.168599
16.405867
17.407984
17.053240
17.942705
17.810752
21.730034
22.028042
21.945339
21.072961
19.608015
20.111094
19.580582
20.596734
19.866751
18.453651
20.794901
19.291823
20.419065
19.792162
19.492834
20.763763
20.832915
20.747824
15.205065
16.167995
17.190998
17.099379
16.262934
16.613448
16.535448
15.885475
16.379240
14.984350
17.746905
17.108674
17.542201
16.834302
15.983984
16.932524
16.576273
17.394893
16.326719
16.136172
15.841541
14.505704
15.722472
16.690548
17.202387
17.047677
16.320297
16.840782
16.837298
14.563376
15.877600
23.660451
24.035314
23.110140
24.611602
23.672597
22.434601
23.786893
24.342710
22.986891
23.594827
16.368879
16.241651
17.328455
16.466558
17.117688
16.560647
17.980843
19.202040
18.875599
18.643030
18.722401
11.705465
12.025068
11.907310
11.902833
12.363169
11.709138
12.074611
11.760980
12.010533
11.287848
12.056815
12.717490
13.185079
12.632407
13.730757
12.531402
12.888679
13.541593
16.045500
14.152682
14.334208
15.129157
15.642711
15.195023
14.192831
13.447156
14.238024
13.561613
13.323731
13.892762
15.842239
16.811094
17.506519
16.439123
15.283472
14.827988
15.720810
15.107480
15.154737
13.821884
15.448347
14.037734
13.637898
12.730410
13.595786
12.827784
14.583224
14.562183
14.198856
13.841637
14.293803
13.660244
15.119717
14.468188
15.986569
15.142507
15.740829
16.066227
15.612941
15.339949
14.252342
14.436381
15.135659
15.413033
14.705711
14.507995
15.579813
13.691063
15.492649
14.731551
14.675595
14.244169
14.075967
13.177230
14.065781
14.252865
13.039968
14.861066
13.870482
14.504656
16.622039
15.699560
14.239510
14.903961
13.537744
14.685167
13.847784
15.144801
14.296305
16.350398
16.821668
17.530205
16.171829
18.751578
17.745266
19.750787
19.359706
19.044734
12.315511
12.741807
12.344221
12.045584
12.606652
10.494488
10.938551
 9.906402
10.343149
10.411048
12.032248
11.534224
11.043130
11.353341
10.019500
10.402060
10.663737
11.381277
10.264085
10.508946
 7.020730
 7.890218
 7.502436
 7.311190
 7.013523
 7.041353
 7.037405
 7.013913
 7.252045
 7.218054
 6.998842
 6.933172
 7.007970
 7.714079
 6.874039
 7.677115
 6.982859
 6.969243
 6.485616
 8.086183
 7.745628
 6.839303
 7.375479
 8.466260
 9.562820
 8.420225
 8.585598
 8.125641
 8.329470
 8.113378
 7.966154
 8.109717
10.757010
11.720735
11.313799
10.889222
11.472600
11.116678
11.029756
11.198195
10.919054
12.635807
11.446867
12.244562
12.158019
12.309189
11.207872
11.643287
11.948725
12.105490
12.192227
12.952142
11.213952
11.463566
11.102293
10.291349
10.845086
12.976870
12.359827
12.182614
13.366746
12.391766
12.451432
12.586322
12.305091
12.127985
13.407191
12.516346
 7.784014
 7.862064
 7.891765
 8.143485
 8.032534
11.151580
11.643218
12.452096
11.472099
12.042140
12.674451
12.590282
12.504284
11.535534
11.605129
11.651965
12.021057
12.737953
13.357234
12.478935
12.899107
13.532177
12.129077
10.824017
11.229380
11.911701
12.208619
11.925856
13.085662
12.346412
13.236872
12.400266
12.881167
12.552237
12.950407
12.289545
13.056268
11.009261
10.792708
10.670845
11.276826
11.812717
12.192665
11.701789
12.081499
11.839902
12.140350
13.736450
13.078013
18.529862
17.989223
18.504939
18.365649
17.679679
18.741786
19.014310
14.175139
16.543130
17.036807
16.439726
16.675366
17.897576
17.213438
17.571402
17.305252
18.523867
14.725094
14.628891
15.508141
15.346484
15.869401
16.210075
15.730981
16.991303
17.827132
16.180320
17.424768
16.338399
15.925283
15.673302
15.403533
15.530945
16.508025
15.938867
15.106179
13.968952
14.500900
13.723545
14.728112
14.551709
15.756876
16.855794
16.176367
17.250513
14.420974
15.169512
14.829912
14.162699
15.117645
13.704289
15.772294
15.029222
15.780067
13.794956
16.959477
15.325156
16.067580
13.451745
15.183943
13.133713
12.842100
14.214004
14.502920
14.909228
15.370225
13.683773
13.919180
13.891552
15.238045
10.909452
12.035494
10.908195
11.701192
11.364460
11.472175
11.074095
14.454462
14.809822
15.077173
14.364290
10.214582
11.085918
11.165410
11.865016
11.711104
11.496456
 9.322806
10.295030
 9.382152
10.012971
10.630591
 9.843376
10.934022
10.423894
10.297961
 9.290195
11.113233
11.080569
10.942279
11.641490
10.942851
11.027500
11.110721
13.927261
12.831724
14.796903
14.993318
14.187143
14.058052
14.300405
14.661047
14.668447
13.208922
12.068457
13.587313
12.661761
13.809399
13.657483
12.746713
13.194550
12.180236
12.370674
12.822183
12.297802
12.934488
11.655486
12.225902
13.249697
12.777343
13.908410
12.640534
14.489222
11.423038
11.968760
11.353762
12.014095
12.681201
11.189084
11.883858
10.572979
11.606596
12.009495
11.731079
10.896209
11.985889
11.361423
11.392934
11.617194
11.898647
12.147891
12.299329
11.953193
12.354096
11.776731
12.181104
16.464623
17.214486
17.530887
17.454967
19.011372
20.453601
19.318531
19.206335
20.304705
20.623413
18.018867
20.295269
19.751859
19.826576
18.532988
15.359127
17.980436
17.068778
16.197296
16.701232
19.409603
18.482597
19.126983
17.824179
19.068887
18.567761
17.872451
11.178312
11.184875
11.147259
11.742854
12.338673
12.373091
16.415954
11.007720
10.808594
10.593384
11.567442
10.911546
10.641744
13.810303
16.367713
14.708413
15.261053
16.785917
15.521759
14.754193
15.682021
12.952019
13.868575
13.867059
13.176126
13.757883
13.199855
10.784311
11.046113
11.561106
11.896981
11.581207
11.567288
10.589968
10.682785
10.916376
14.248388
13.419773
12.356574
13.999533
13.405088
13.732653
17.418693
19.119281
15.852291
17.260945
16.220145
15.146265
16.152451
14.404702
11.804447
11.588833
11.293274
11.015665
11.749578
11.408092
11.446805
11.803706
11.770985
11.524112
12.467619
11.394160
11.786607
12.349372
14.866547
14.432994
15.772105
14.810708
15.810889
12.714307
13.045624
14.204765
13.050079
14.401080
12.943422
12.833810
12.215566
12.460728
11.273936
13.086305
12.790942
12.212094
11.692082
14.279278
13.819995
13.761209
13.569477
13.420956
13.756950
14.191648
13.412775
13.635107
12.462094
12.618769
13.570327
14.087302
13.230126
13.222673
14.094659
11.874933
12.319839
12.711643
11.710752
11.757413
11.693388
10.655923
12.690596
13.079081
12.245794
12.568158
12.473852
12.508849
12.574424
13.776129
13.367764
13.140044
12.744221
15.730209
14.917954
15.710029
15.827795
13.289325
13.448288
12.581215
13.184179
14.992250
15.013183
13.600396
13.860478
13.782616
16.681748
15.804933
16.220929
15.342848
15.512509
16.695880
15.793124
16.320141
15.716887
16.049372
13.659317
14.581823
13.701899
14.805252
13.859913
14.605234
15.309109
14.740901
15.130107
14.863952
15.677703
13.730071
14.828964
15.385038
14.758274
15.225967
15.875525
16.278202
16.384917
14.756980
15.359820
14.882480
14.673675
14.126425
14.813051
14.336301
14.254968
14.741080
12.346029
13.150672
13.644271
13.281613
13.777775
13.966219
13.891033
13.963069
15.392395
13.644158
15.365843
14.060194
13.395172
12.826812
14.964523
12.628865
14.186666
 9.578613
 9.750573
 9.153207
10.044692
 9.133726
 9.934876
11.799447
11.001619
 9.675953
 9.149125
10.362168
 9.028831
 8.890123
 8.840733
10.055016
 9.738992
10.215030
 9.422498
 9.670998
 9.768976
10.394663
10.258113
 9.915202
 9.950624
 9.575297
10.043408
 9.383972
 8.603494
 8.488037
 8.885497
 8.450468
 9.604772
 9.965605
 9.647052
 9.424979
 9.664542
12.301377
11.970778
11.745189
11.968754
11.192234
10.978276
12.135402
10.897071
10.321400
10.416678
 9.998200
10.065377
10.826186
10.760659
11.374173
12.158026
11.339962
11.591589
11.971443
10.719600
11.518041
11.983557
11.865892
11.676146
11.146091
11.523869
12.387359
12.140941
12.559624
12.694841
11.974065
11.740642
11.903491
14.089073
14.209135
15.999428
15.900382
14.852531
13.146577
16.202343
15.365587
14.345631
14.206159
14.260406
13.977010
14.034996
13.722058
16.098030
14.147549
14.912965
14.739800
13.515633
14.875140
15.092515
16.880898
18.710015
16.573076
16.542082
15.700791
16.542413
14.590321
15.242236
13.231530
13.320320
13.730092
12.822921
14.873474
14.259976
13.717981
13.993698
14.226195
17.881633
16.935633
17.327633
16.676351
17.097004
16.739864
17.250268
18.309829
19.656874
20.597969
19.223117
19.698751
19.539738
19.016542
20.051430
18.217554
19.336746
19.533316
20.555009
19.264009
18.730648
19.700184
17.040598
17.477242
16.939902
18.280913
18.206373
17.685132
17.925147
19.857787
18.624293
18.859084
17.282057
18.786534
17.881940
18.264412
17.158446
17.703573
16.508020
16.945809
16.301995
17.189396
14.779893
14.663257
17.934296
17.791800
17.362821
17.168341
18.391488
17.206443
18.052864
17.785343
18.722367
16.779352
18.015368
14.481046
14.180499
12.798925
13.806399
13.153230
17.242314
17.040530
19.249888
16.296610
18.234010
17.375708
14.862520
17.301841
14.597951
14.964739
16.085614
15.661851
14.724707
16.774058
16.828594
16.973069
15.839330
15.681272
15.286101
14.265835
15.942622
15.095611
16.790737
16.164453
15.510133
15.758488
14.051714
13.804256
14.213592
13.768988
13.954563
14.632725
14.857292
14.864846
12.891742
13.471659
12.924005
16.299807
14.603512
14.396142
15.058561
17.860858
16.518397
17.971915
17.777562
15.427655
15.644461
15.546553
15.131814
15.905278
15.133456
15.709485
16.437173
14.688162
13.946205
15.706601
14.001719
15.229977
16.045519
15.574047
15.199671
14.748994
14.715108
13.881801
15.634350
15.686405
16.380257
15.825579
16.122321
15.772650
15.584542
15.816925
20.118477
20.773062
20.182379
21.092018
18.442637
19.870482
19.733583
19.475754
20.185789
13.609219
13.864107
14.354807
13.180830
12.743064
12.436461
12.393832
12.411518
12.729040
12.760021
13.305130
12.268099
11.592118
11.296189
12.022790
12.294571
11.370727
12.594560
11.828706
12.622150
13.055014
13.637279
12.751378
12.194774
12.469966
11.922964
13.257749
12.796682
13.234351
12.156600
13.486425
11.942155
12.024316
12.665692
12.309791
13.268482
13.239655
12.499721
13.646973
13.775921
13.225877
15.288188
14.602964
14.744020
15.905612
15.749563
14.188885
14.549350
13.955447
13.997022
11.206549
12.851029
11.834058
12.510945
14.108344
13.510116
 9.732645
10.061689
 9.554421
 9.709296
10.240118
13.749884
12.603219
12.422565
12.918842
13.104982
12.890845
11.588073
10.460482
11.044551
11.562077
11.566397
12.298093
11.421387
11.706444
11.525001
12.090257
11.592904
11.533182
11.661821
12.670656
12.960726
13.021042
11.914459
11.919876
11.855069
11.766673
10.228648
10.134507
10.314665
10.218410
11.105247
10.454779
10.508793
 9.722469
 9.798366
10.407899
13.427580
12.697476
12.628456
13.753087
11.453280
12.068225
11.193127
11.089911
11.425534
10.324900
10.914229
 8.227609
 9.386563
 8.593611
11.483675
11.992552
11.334624
10.721315
12.517919
12.453173
 9.811837
10.397970
10.113517
 9.695252
10.137513
12.333232
12.455455
11.787602
17.191752
15.626254
16.809443
14.600166
15.215855
14.756243
13.411220
14.702347
14.345150
14.361995
13.609925
12.906469
12.571051
13.265255
13.046500
12.802641
12.490872
13.182617
11.705534
12.198178
12.016865
12.608661
12.410403
11.972185
17.791649
17.112294
18.258484
16.435951
18.219816
19.336129
17.534423
19.700304
17.967844
16.960560
18.811775
18.509979
17.655832
17.685700
17.476811
18.084208
13.442891
15.267290
14.895271
13.371583
14.288594
14.002887
13.783547
16.566169
11.924920
12.099019
12.679338
12.297389
12.329282
12.562441
12.888751
12.749382
13.003413
12.552752
 9.972841
10.810028
10.642474
10.291108
11.491434
11.524419
 9.542265
 9.943622
10.310144
10.116200
11.191980
10.283561
10.835142
10.538750
12.312056
11.682302
12.435809
12.047315
13.470272
11.959151
11.937409
11.205973
10.212904
11.848576
10.998617
11.998424
11.226984
11.685089
10.878160
11.358995
11.222987
11.012793
11.019232
11.103356
11.285613
 9.857994
10.405886
10.686593
10.034462
10.420566
 9.256533
 8.636547
 8.247873
 9.940109
 9.675925
 9.840782
 9.059564
 8.771188
 9.041408
 9.998924
 8.547468
 9.191000
 8.898328
 9.275581
10.641882
 9.210125
 9.552138
10.049050
 9.394886
 9.903380
10.086690
10.141063
10.290480
 9.674828
 9.841035
 9.846726
13.859071
13.466734
13.813198
13.653601
12.682421
12.786731
12.338297
13.076160
11.120458
11.904167
11.929643
10.111544
 9.716504
 9.815328
10.133933
 9.019043
 9.183641
 9.222910
 9.653722
 9.531857
11.066868
11.627318
10.860631
11.534448
10.524174
11.500006
11.168411
11.395114
11.192692
10.394800
11.076367
10.313085
10.932853
10.864168
 8.963149
 9.236529
10.224403
 9.720395
 9.948242
10.552822
10.089710
10.126884
14.662406
14.708740
14.427287
15.740472
15.364620
17.922108
16.842796
16.318761
18.418786
17.607621
13.051040
13.067258
12.504343
13.719427
13.466309
13.790772
13.817148
13.323502
14.684665
14.476410
14.126752
14.786548
15.941315
17.107666
17.247265
16.876271
17.560698
16.728406
15.589230
16.599798
16.059442
15.703700
17.291452
17.185028
17.820295
18.484886
17.623834
17.279889
16.600114
17.027818
17.767541
17.702281
16.978706
14.606053
13.470079
14.143948
15.411108
15.023061
15.041670
14.967028
13.807060
15.847112
14.729401
14.639565
10.262576
 9.946673
 9.289267
 9.656361
 8.792821
 8.841227
11.212371
10.952680
10.714328
11.135865
11.440583
11.067742
12.063224
11.788256
11.575452
 6.597387
 5.900458
 6.388487
 6.162746
 6.343097
 6.262857
 6.008798
 7.017731
 7.649351
 7.967284
 7.867320
 9.264081
 9.841359
 9.318277
 9.092476
 9.955534
 9.145922
 9.505504
 9.183708
10.189647
 9.713570
 9.654225
 9.326569
 8.994153
 8.606981
 8.087258
 8.578730
 8.835235
 8.497958
 8.327862
 8.284729
 8.139163
 8.782448
 8.244570
 9.818840
 9.095623
 9.069288
 8.954233
 8.674279
 7.975314
 9.938046
 9.948064
10.039118
 9.791376
 9.896591
10.197152
 9.821431
10.618708
10.586710
10.801076
10.564400
 9.699900
10.492047
10.217666
 9.947964
10.475851
11.105331
11.404487
 9.412926
 9.537113
 8.883992
 9.974645
10.352397
10.132069
10.007115
 8.866741
 9.613601
10.090419
10.115376
10.161027
10.730229
11.430867
10.330400
10.080258
 9.297770
10.215642
11.650468
10.696913
10.565256
10.753678
 7.751675
 8.387596
 8.721291
 8.112830
 8.397753
 8.090207
 9.061741
 9.153883
 8.844020
 8.465726
 9.336633
 9.935974
 9.134598
 9.490064
 9.511102
 9.175302
 9.331647
 9.352281
 9.444907
 8.739838
 9.621102
 9.373089
 9.704409
11.887445
12.665993
12.245401
11.798391
11.560709
10.646313
11.314836
11.037646
10.554876
10.735115
 9.363435
10.163850
 8.910383
10.606251
10.188468
 9.801958
10.564892
10.989813
10.810078
10.718826
11.168894
11.186706
10.994250
10.451040
10.857883
10.573231
10.418683
11.463567
10.567440
11.180418
 9.534444
 9.406769
 9.130528
 9.596107
 9.131011
 8.638950
 8.316195
 8.629658
 9.147556
 8.430561
 9.674061
 9.140192
 9.306931
 9.425669
 7.408063
 7.732019
 7.660599
 7.689961
 8.214818
 7.786592
 9.741707
10.005646
 9.731037
10.432317
10.273680
 9.791742
10.624548
10.950227
10.844210
10.276118
11.346123
 7.896991
 7.777703
 7.286569
 7.536992
 7.907624
 7.390858
 7.607366
 7.395616
 7.542968
 7.366872
 7.441550
 6.919551
 7.649281
 7.161907
 7.839324
11.864768
11.907628
11.512429
10.875793
11.597481
10.746034
11.285587
11.086071
11.480016
11.677502
11.205616
10.838160
11.014323
10.400408
10.838973
10.267936
11.060453
11.130850
10.618627
19.948266
18.707152
17.017583
18.387035
14.433014
14.776453
15.251009
13.941924
15.580847
14.617422
14.653007
15.290778
16.750547
16.597883
14.823570
16.834111
15.677224
15.573221
15.263539
16.183771
15.608065
15.320390
14.571517
15.371022
14.556522
15.279829
16.495406
16.380899
16.348685
16.763759
15.663957
15.509783
12.346988
13.563132
13.631756
13.086247
13.067040
13.288108
13.515447
12.890931
20.309823
18.749645
19.832166
19.468144
20.529029
20.584336
17.796837
20.801597
19.883670
18.253088
18.061970
19.885503
20.958699
19.822813
19.250551
23.475572
24.414582
22.887656
22.096686
21.979109
22.704483
22.562613
24.756674
22.770705
23.857033
15.901015
15.677843
16.856993
16.392053
16.581825
17.108254
16.849031
17.179803
16.330869
16.478796
16.388804
14.118339
14.728216
15.095828
15.968053
15.930501
15.119677
15.703495
15.953043
16.487106
15.925380
16.341596
16.264049
16.916022
16.319140
14.925247
15.955375
15.785233
16.712782
17.475457
15.194642
16.140041
16.828549
17.696361
16.372805
16.429584
17.774768
16.829298
18.100133
19.542598
19.592103
19.749446
21.580941
21.990619
20.757192
17.814886
19.562144
19.403708
17.220129
17.804687
17.850299
17.859393
18.696172
20.415276
19.519552
20.933318
20.549474
20.475426
20.212387
18.583959
20.727555
17.835077
24.399198
24.319638
22.814514
23.835747
21.675472
19.688609
19.382034
19.508185
19.066271
19.173345
18.494795
20.363030
18.818338
18.954192
18.046369
18.050060
20.277070
19.946576
19.905561
19.314720
20.625382
19.696796
20.273712
19.761295
21.315288
18.119023
21.330059
19.404232
19.949323
21.466317
19.554104
20.798628
21.492546
22.173264
18.157919
19.671718
20.189343
19.319696
18.036268
19.144051
20.359164
18.868670
20.202965
21.098057
21.920922
19.921566
21.020905
20.614581
21.907109
11.802445
11.174251
10.699337
10.950629
11.154649
10.983749
11.262317
11.564791
13.227631
15.199205
13.981752
13.484534
14.562747
14.997963
13.716836
14.109716
14.711232
14.956963
13.794142
13.486627
13.643430
12.788714
15.945516
16.639046
15.467115
15.964057
15.055472
16.226969
16.511183
15.875822
16.179099
16.837224
16.397202
16.451021
15.324514
17.159009
17.205737
16.815645
12.611763
12.050749
12.572525
12.253987
13.048892
13.816129
13.500818
14.519090
16.843083
17.415823
18.520826
18.104507
18.383452
19.574676
18.999016
18.917084
19.124033
18.522611
17.762345
19.671416
18.706397
18.977531
18.782824
17.938116
17.469186
17.818081
18.316286
18.463573
18.964702
19.112912
16.854147
18.212882
18.710485
17.559360
12.791045
12.808206
13.256632
11.947334
13.646171
12.088065
10.569201
11.366296
11.664491
11.227403
10.993851
11.172811
11.256166
10.900291
12.844403
13.339700
13.310372
12.283453
13.121291
13.573983
14.275373
15.045190
14.060632
13.684960
15.461045
12.831417
14.651713
14.052978
14.751998
13.335767
13.300247
12.589180
12.731496
13.213329
13.558075
13.954310
12.536516
13.818532
13.606298
12.608551
13.233610
13.538170
13.926472
13.408846
13.331643
12.222621
10.993636
11.745575
11.004041
11.547236
11.568383
11.634002
11.107798
11.249011
10.250206
11.730694
11.985971
11.647077
11.428162
11.636548
11.581592
12.417647
11.624125
12.296218
 9.681891
 9.488595
 9.916630
10.766446
10.557451
10.190598
10.676147
10.750761
11.989686
10.243969
10.912852
11.539595
11.451078
 9.982600
10.281612
10.425837
10.691700
11.737685
11.532003
10.666088
10.467145
10.195287
10.753455
10.220086
10.139755
10.480084
10.662721
12.516784
11.199537
12.323192
12.486771
12.198001
12.173166
12.702358
11.590219
11.749164
11.444984
11.981976
11.460668
12.490339
15.944294
15.098505
15.658595
15.383172
14.995922
17.068795
17.222374
20.278013
21.070055
20.690554
 7.511218
 7.658000
 7.982432
 7.600186
 7.374886
 7.590351
 7.675570
 7.428035
 7.029206
 7.450258
 7.545950
 7.198854
 7.405575
 7.483492
 7.652462
 8.334463
 7.557926
 7.994366
 7.647424
 7.671209
 8.023442
 8.644294
 8.707086
12.261681
13.019513
13.774497
14.128747
13.502173
14.069461
13.867602
13.411219
14.977064
13.335622
13.934317
15.024484
16.421183
14.343045
13.482041
12.249956
13.327137
13.274173
13.573613
13.467450
13.482309
13.516612
13.118084
13.776876
12.587038
12.808399
13.489388
13.309715
12.204816
13.053673
13.505473
15.446222
16.016857
17.046284
17.243375
16.325089
14.209761
12.625348
12.482739
11.660404
11.435468
12.266749
 8.560784
 9.292917
10.647008
11.656557
10.693348
10.501936
11.167543
11.443288
10.660554
10.241820
10.442332
10.329143
 9.035199
 9.794060
 8.907122
 9.145149
 8.615695
 9.231290
 9.064614
11.229501
11.467135
11.069089
10.480464
11.358971
10.745148
10.715963
11.451252
10.781165
11.334247
10.060710
 9.883788
10.443824
10.077522
10.150196
10.065801
11.007839
 9.972181
10.489094
10.762656
10.320622
 7.341990
 7.387103
 7.348293
 7.458563
 7.231983
 7.207164
 8.061029
 7.323139
 6.977896
 6.444940
 6.970890
 6.820556
 7.214260
 6.733716
 7.618842
 7.284751
 7.016852
 7.129293
 7.030149
 7.509208
 6.950376
 5.782174
 5.874409
 6.004143
 5.559428
 5.476348
 6.398457
 6.013012
 6.063515
 6.904322
 7.420226
 6.561823
 6.570094
 6.573117
 7.220315
 7.199062
 7.122743
 7.311566
 7.474725
 6.733226
 7.061168
 6.843982
 6.935672
 6.980453
 6.894746
 7.516046
 8.404664
 9.397997
 9.354390
 9.627307
10.129245
 8.915880
 8.977902
 9.114877
 9.460727
 8.823424
10.095935
 9.782605
 9.649772
10.169636
10.528751
10.352683
 9.433402
 9.840681
 9.917129
 9.372354
10.147552
10.682414
 9.845269
10.342721
 7.617798
 8.237844
 8.002550
 8.131673
 8.343530
 8.632739
 9.434553
 7.850632
 7.749453
 7.725198
 8.388950
 6.905122
 7.329209
 7.576580
 7.609895
 7.609563
 7.631168
 7.741866
 9.823233
 9.208662
 8.972211
 9.030237
 9.525667
 9.349831
 9.139811
10.024249
 9.351459
 9.392511
 9.520006
 9.461601
 9.774914
10.696769
 9.773176
 9.666614
 8.983958
 9.262835
 8.714393
10.190256
 9.887449
10.667637
10.455730
10.427612
10.837154
 8.948045
 8.646245
 8.429028
 8.544220
 9.674928
 9.856188
 7.926436
 7.247405
 8.237572
 7.063961
 7.407204
 7.414734
 7.633000
 7.762830
 7.771597
11.785182
12.873456
12.035342
10.840875
11.274408
11.791471
11.421923
11.448875
12.209932
12.051741
11.916793
20.141368
19.686695
19.110905
19.195471
20.560354
20.320209
21.454042
17.068605
16.979668
17.389127
17.797402
16.644332
15.980878
16.199634
17.251652
18.001925
18.126277
18.014942
18.201626
14.533504
16.235563
16.735602
15.295895
15.694653
18.722569
19.129786
19.229795
18.650142
18.481977
18.946583
20.500914
20.661301
16.584598
17.971905
17.249498
16.037948
15.518166
17.894747
16.468423
16.752371
16.807120
17.748918
16.274163
16.262943
16.804776
18.370947
18.927596
19.812596
19.546325
19.127760
19.578794
20.338888
18.710692
20.707477
22.163666
23.171274
23.209392
21.376723
21.399837
21.705970
21.587579
24.662401
23.912249
21.535658
21.470060
18.688594
19.121976
10.985446
10.848197
10.934728
11.259901
11.075942
10.264515
11.070354
12.003827
11.042071
11.447439
10.682807
11.479558
10.769186
11.137782
13.312404
12.640573
13.806311
13.251688
19.653711
18.743328
19.776699
19.089121
18.323249
18.905639
19.446560
16.674766
18.141338
16.078129
18.399176
16.695642
16.215072
16.347269
16.466656
15.878600
15.377513
16.035914
16.082406
15.303146
15.048149
18.476062
19.813071
19.811491
18.821645
20.367316
20.710815
21.594229
19.915461
21.205143
18.849307
18.665298
19.785592
17.932157
18.912524
20.085084
19.050071
17.563171
20.517891
20.025139
18.720596
21.157786
19.654529
19.635764
20.274439
18.741132
15.496890
16.825484
14.964730
13.925249
15.381200
17.354968
17.638907
16.686983
21.444572
20.849561
20.821332
20.855178
21.135426
12.529276
13.244261
16.672662
16.425778
17.085907
16.742257
17.020959
17.896720
17.070882
16.968656
16.801926
17.724850
15.375653
16.868396
14.694752
14.957556
15.570644
14.081723
15.131220
13.201305
14.031561
13.917040
15.387790
14.203895
15.796179
14.761778
15.362774
18.315238
17.437417
18.033126
18.112341
18.094524
17.891742
18.001409
18.895778
18.866985
14.228410
11.564566
12.805719
12.444992
12.264067
11.363043
11.961794
12.049328
12.137969
12.087437
12.118750
12.684339
11.673675
13.887184
13.880888
14.415586
14.601347
13.394298
14.461187
14.264921
14.911797
11.596574
11.074781
11.632725
12.603954
11.622157
15.663084
14.315781
14.556753
14.453820
13.706763
13.263537
13.396769
13.432190
13.423419
11.723241
12.949244
11.313951
12.817217
12.137602
11.834924
11.496534
11.567290
12.788184
12.419298
11.377991
10.769734
11.783935
10.686027
11.741354
10.977715
10.098757
10.543652
10.410334
 9.603646
10.227407
 9.667534
11.237546
18.749533
18.022743
18.089703
19.158571
18.322607
19.163847
19.730197
19.150190
19.189215
19.893086
18.481095
22.012567
22.769689
22.533845
20.382397
21.967806
21.132596
20.144235
21.032185
19.602937
18.083470
18.457303
16.787375
16.612348
18.764072
17.528568
18.668924
18.381146
18.696920
21.257671
22.900487
22.517097
21.045520
21.933635
22.176183
24.155992
23.423414
23.073377
23.368637
22.406264
22.848011
24.359670
22.512477
 9.778411
 9.293079
11.482083
12.178340
12.170304
11.522716
10.663903
10.952043
11.499906
12.597004
13.198084
11.590056
13.245607
12.380680
12.663633
12.779323
12.915782
12.463362
11.555895
12.330376
10.405299
10.587606
12.393479
12.844346
12.556725
11.936343
11.797718
12.478895
13.951659
12.207865
14.012946
13.801304
13.415354
13.710597
17.753673
19.589943
19.147383
19.440344
18.002574
19.177371
15.872073
15.225743
15.374914
15.530412
16.444319
16.057121
17.316549
16.433910
16.970117
16.111552
16.249900
16.153525
18.579062
17.757186
17.405743
16.978539
16.120963
17.236831
18.451381
16.779949
17.693793
17.268456
17.674778
17.670851
17.925825
15.906151
16.527722
17.516780
17.745973
17.752483
15.877638
14.944126
15.198112
15.923417
16.601128
15.848442
15.863389
16.380516
16.065198
17.295127
15.754241
15.642081
16.498359
14.342720
13.880653
13.839875
15.656244
16.321943
15.924090
17.893888
18.080333
17.120422
14.539177
16.095143
16.728090
15.671320
16.011833
16.777561
16.372956
15.380694
16.567540
15.120229
16.234873
17.257873
16.042768
16.104544
16.170606
15.474737
17.085120
16.630403
16.797846
15.796952
15.834055
15.846278
16.548344
16.565732
16.926402
17.285815
16.482127
17.186973
17.858246
16.535941
16.815234
17.188322
16.849563
16.860359
13.925901
15.098853
16.969635
17.724216
17.374890
18.021616
18.005682
16.317399
18.130419
16.706881
17.563545
15.520370
18.202546
16.195228
17.263552
16.980552
17.514858
17.583530
15.943398
18.340686
17.670530
15.859274
14.760390
14.698442
15.006276
13.350116
13.301372
14.106703
13.079321
13.739290
12.278273
14.294836
15.115294
14.730685
15.188167
15.827655
14.236927
14.709439
14.762506
14.826990
15.131188
15.450155
15.294022
15.113285
14.532942
14.473268
15.618587
16.085056
14.602958
14.650092
16.418794
15.792334
16.886581
15.996176
16.704832
15.946311
17.166352
17.497683
15.559919
18.113960
17.118045
16.195968
18.025892
10.725737
11.679343
11.518752
11.468891
12.643488
11.824111
12.420683
11.075257
13.557274
12.253069
13.799756
14.427782
14.244868
14.617976
13.882092
14.403431
14.937047
13.996059
13.514981
10.609073
10.613442
11.758329
10.524353
11.501568
11.448160
 9.560086
11.128587
10.394697
10.969690
10.617742
10.622948
11.462107
16.266237
17.086808
17.673059
16.856465
 6.908753
 6.233228
 6.555124
 6.524930
 6.750260
 7.268609
 7.088710
 7.528476
 6.670845
 6.355753
 6.309889
 6.060475
 6.105963
 5.745736
 5.980737
 6.007421
 6.635050
 6.445267
 9.746651
 9.127333
 9.163915
10.487455
11.181664
10.726241
11.178180
10.654558
11.494948
15.743124
14.849613
16.501590
14.854170
15.831876
14.269332
15.255053
16.029303
13.614560
15.128742
13.425997
14.967712
13.774749
14.728908
17.286206
16.197010
17.292787
15.531250
17.930475
16.770553
16.570788
11.073373
11.828812
11.773259
11.636468
12.094793
11.176302
10.927067
12.041967
11.492708
11.831927
11.216424
11.709091
11.369269
11.203981
11.359597
13.188405
13.098805
12.403700
10.943716
12.242708
11.390894
11.893179
11.780012
11.531436
11.706110
11.562776
11.178975
11.500030
10.986518
11.618329
20.459592
23.337380
22.539498
23.793290
23.920555
23.310717
21.658848
24.282788
22.017209
22.596687
21.454609
23.388061
23.019861
23.742032
19.257587
20.620009
19.714770
19.943412
20.598854
15.216566
14.953779
14.589971
14.311949
15.612237
14.677705
14.668085
14.375233
15.061950
13.742529
13.212947
13.031144
14.220456
15.187645
13.546606
12.578603
16.298495
16.228247
18.509402
16.929366
16.793913
18.161892
16.623512
17.388450
16.989087
17.362169
17.488005
17.313074
17.657742
17.662629
16.212591
16.478115
19.571509
23.088224
22.672121
21.593904
20.403855
19.977883
19.898127
18.779206
19.051653
19.115248
19.544747
18.965445
20.068903
19.240190
19.075355
21.207867
20.259332
18.816672
18.248356
17.370502
15.816488
17.645352
17.909027
16.838293
17.043512
17.609964
17.375827
18.076154
17.411258
17.752092
20.765192
18.698332
19.856394
20.598297
20.289943
15.791446
15.586558
14.111800
14.685963
14.014098
14.276097
14.192288
14.138175
15.600348
14.968068
14.959438
15.330650
14.553325
13.169381
14.534069
14.920801
13.434548
12.346433
12.931661
13.672355
13.637001
13.634503
14.284539
13.560991
12.087037
13.290574
11.823506
13.378373
12.579477
12.145114
13.357858
12.057284
11.840036
12.873878
12.784625
13.201111
13.871911
16.232752
15.916479
14.079589
13.648727
13.185165
13.355376
12.961090
13.982571
14.320032
13.541613
14.787945
15.090679
14.831351
14.630033
16.344540
15.076697
16.235899
16.924486
16.111453
17.293157
16.507778
14.760633
14.673658
14.963901
13.981583
14.936143
14.062188
14.020456
14.096011
13.917544
15.132740
13.203017
13.358111
13.361567
13.575115
14.374000
13.590368
13.580862
12.829414
14.094053
13.604152
14.101248
13.269564
14.005697
13.674873
13.440963
13.483208
15.708754
15.482254
16.516892
15.696875
16.018263
14.773128
16.011856
15.123324
15.655757
16.130474
14.072326
14.660777
14.343327
13.881494
15.014120
13.745883
15.187572
13.932870
14.747074
14.239742
14.888046
13.589914
14.048633
14.772089
14.881567
14.143642
14.660406
13.527494
14.108748
14.554431
13.815168
14.600335
14.992684
13.670482
13.709914
14.554270
13.365303
14.919198
13.295357
14.743666
13.594042
15.264417
14.286509
13.928597
16.082813
16.545642
14.922916
17.073995
15.652065
14.634483
16.347049
17.184200
16.817793
16.564982
15.617651
14.802277
14.705345
15.002008
13.305504
12.535982
12.601918
13.491559
13.492138
13.040569
14.108279
14.784979
13.958768
13.672900
14.387576
14.588242
13.975993
14.490600
15.041423
14.307538
15.654905
15.239760
14.903713
14.492785
14.403571
15.810493
15.089371
13.545838
14.229161
14.251780
10.038147
10.486361
10.972572
10.784160
10.550119
10.135612
11.308542
10.784292
11.354669
11.410654
10.310985
10.502810
15.985740
14.867919
15.675574
15.779423
16.300099
15.100375
14.761509
13.474213
13.329047
14.636411
14.475349
14.713590
14.098976
14.443058
13.544107
14.044140
15.147969
16.015462
15.404062
17.163977
17.489539
16.383769
18.064430
16.586604
22.877656
24.245557
23.284604
21.789404
20.530170
23.532173
22.980033
21.052881
22.090786
22.363621
22.397510
20.894347
22.714483
20.633635
21.413878
22.118987
20.800358
21.258039
20.283875
23.077062
20.996526
21.241300
21.987904
22.509608
23.021282
20.585370
20.707789
20.870620
20.810544
20.518351
20.703531
19.857258
20.634449
19.864744
19.649971
19.420677
19.456840
22.855253
22.705179
24.042818
21.902716
19.848545
20.917136
19.357122
19.071999
21.076623
20.984721
20.770482
18.699576
19.286595
17.988827
18.499143
18.293612
19.726762
19.246077
18.738918
20.258363
12.477038
12.609153
12.663514
12.221866
12.229295
12.209428
12.214622
12.521579
14.554890
14.498004
14.796463
14.773680
13.565321
14.276127
13.051238
12.309750
12.712411
10.675935
11.865992
12.032946
12.281324
15.084812
16.740534
15.754159
16.006323
13.979499
13.698048
12.513650
11.948398
12.773886
12.856806
14.652538
18.675823
18.255959
19.589250
19.504368
12.674688
13.646143
12.611214
13.779145
13.239130
14.141562
14.211653
14.806145
14.227392
13.220413
14.379349
13.259637
14.101903
17.365392
16.768306
17.240603
15.402031
15.502341
17.344072
15.002879
16.440120
17.762224
16.386360
16.940708
17.835612
18.009836
17.040458
18.011749
16.934465
18.096083
16.776992
16.978771
17.076272
16.881650
15.201585
17.941259
18.288095
17.298701
16.454082
17.552478
17.154196
15.305935
15.634312
15.429224
17.412239
17.156137
17.666556
18.676759
17.122604
18.104024
13.299447
13.277587
13.440482
13.880603
11.733727
11.643504
12.030697
11.756193
11.630202
12.286624
11.450075
11.954220
11.245240
11.651920
12.720686
11.891859
12.019598
11.774517
12.106317
14.667731
13.858043
13.417426
13.295865
14.399819
14.240629
14.674489
13.441473
14.391579
14.225474
14.096078
15.594748
15.756303
15.280125
15.098766
15.040191
12.729323
14.821127
14.093621
14.107724
12.987612
13.751239
13.882191
13.641652
14.210846
13.848038
14.102920
15.370452
15.073392
13.621287
14.383833
14.361444
17.459160
16.786211
15.866430
17.216947
17.693753
17.234201
17.473388
15.408535
16.060802
16.670486
15.829098
15.676856
15.838731
16.850452
16.895632
17.193362
17.605114
14.589478
14.618309
14.811244
14.478024
14.678801
16.109735
18.231175
14.359175
14.484523
13.281088
14.602211
15.386201
15.302009
13.101461
13.788429
14.266885
13.526263
17.918033
19.760562
15.862139
15.211573
16.864918
16.425878
16.839893
18.948178
17.891237
18.925570
18.426087
17.972229
18.645555
17.290558
16.282045
14.501955
16.967776
15.000996
14.787687
11.836929
12.319643
11.909650
12.739514
12.314272
12.988409
20.323609
19.011290
19.633300
23.538348
24.371470
24.053783
24.705693
23.371634
25.512628
22.558407
23.355204
24.468135
23.470865
24.646230
24.552274
24.420077
21.579653
21.643675
21.840090
21.075920
22.324533
21.891871
23.197643
21.838844
22.764437
21.300302
23.022449
21.758531
23.576265
24.595536
24.574300
10.426500
10.437729
10.535697
10.008683
10.914277
11.023762
11.406928
12.688472
12.774731
12.467269
13.775986
12.293813
12.572069
12.612327
12.091376
13.859757
11.641075
12.725781
11.315708
13.562329
14.697163
13.920945
13.942400
15.391584
13.309441
13.596460
14.941884
12.836882
13.964696
11.861466
12.330319
12.389267
12.438883
20.546580
20.661012
21.383870
20.450881
20.245218
22.690806
21.432841
20.927851
12.915833
13.444063
12.840377
13.497803
12.670512
12.756019
12.073779
12.739686
12.353821
12.256360
12.358812
12.629118
11.977028
12.697890
12.983532
11.833735
14.832962
16.558170
14.300777
16.143981
17.144561
15.693634
15.897426
15.810098
15.278979
15.662002
16.316460
15.567402
16.201083
16.497351
17.194395
17.669358
16.854937
16.695028
17.275536
16.764605
16.592037
16.791339
18.178788
16.078832
15.943541
15.635828
16.675495
14.465314
15.692352
15.000768
13.871260
13.574754
13.158992
14.458314
15.056784
13.766706
13.855703
14.577399
13.904266
14.166384
14.316802
14.300674
14.003537
14.094809
13.500080
13.858745
12.858895
13.051055
13.446636
18.618629
19.153405
17.398951
20.116446
19.361679
19.715128
19.521809
19.461577
20.261558
19.008770
20.574762
19.998095
20.301622
20.163023
19.361145
14.485513
14.349908
15.274417
14.812620
14.481269
13.330341
18.443987
19.648378
19.461062
18.274204
18.498036
19.577893
17.894094
18.538319
19.014912
16.943720
18.218911
16.758759
17.750524
18.613501
19.030186
17.535710
17.008969
17.697914
20.982285
21.756983
20.533401
22.308204
21.799285
21.466737
22.749370
20.886656
21.501504
20.547474
18.625021
19.819739
19.041044
23.192312
23.342955
22.602791
23.528287
20.572942
14.691411
13.464903
15.636488
14.451006
12.828377
13.239883
16.035219
11.555000
11.978032
11.362030
11.125483
11.594387
10.283288
10.650596
10.311659
10.563144
10.395634
10.844927
10.105829
10.665914
10.566653
10.566880
11.039637
10.752079
10.935236
10.699810
10.080930
10.532538
10.913071
11.511715
12.957450
12.448894
12.046783
12.913772
10.463635
12.467373
 8.660182
 9.792945
 7.770410
 8.352317
 7.946218
 8.033647
 7.972024
 7.995294
 7.904226
 8.341803
 8.425422
 8.715266
 8.677995
 8.941203
 9.156390
 9.399772
 8.579967
12.113174
12.128171
12.495168
12.878680
12.532282
13.008146
12.908685
13.574100
12.021251
12.939861
11.923153
12.080359
12.497327
11.973758
11.956759
11.438818
11.278867
12.026745
13.917031
12.545055
15.267594
14.104711
14.254372
13.876961
13.914891
14.354660
13.657298
14.215299
12.839896
13.914690
14.376065
13.867787
15.339531
15.444405
15.450836
14.298890
15.221735
14.960360
15.507675
15.023207
14.403089
14.974699
14.541665
15.394848
15.006017
14.781975
14.700731
13.648572
13.337473
14.325654
15.045205
14.175097
15.412588
13.223371
13.309215
13.035571
13.940147
12.768097
12.648283
12.899172
 8.745483
 8.361146
 8.140608
 9.154592
 7.964782
 8.603606
 8.371697
 8.655929
 8.421723
 8.660332
 7.938694
 8.266572
 8.528532
 8.012587
 8.287337
 7.922764
 8.344935
 8.080217
 7.968105
 8.997172
 8.179342
 8.419409
 7.941118
 8.756955
11.142315
 9.885459
 9.578033
11.584623
10.273085
 9.402723
 9.609214
 9.805933
 9.775402
 9.416283
11.494254
 9.423490
 7.382155
 7.475028
 7.054288
 7.028489
11.162251
11.037462
11.300477
11.950178
12.827059
12.196163
12.206758
12.339285
11.616516
12.563799
11.091605
11.761572
12.011143
11.753708
12.708077
11.464646
12.399784
10.487112
10.686599
10.860605
10.970359
12.217764
12.451885
12.245997
11.470121
12.347123
12.162002
11.903183
12.468788
12.010626
12.091733
12.190717
11.270472
 9.701129
 9.676103
10.311787
 9.393398
10.180970
 9.186805
 9.790718
 9.352706
 8.817088
 9.233166
10.100446
 9.738115
10.331060
10.021455
10.238915
10.553268
 9.967104
10.067185
16.055567
18.577350
18.199684
16.089751
17.035793
17.233802
19.582923
19.950154
18.838245
19.098058
19.504034
17.954218
18.264011
18.834199
17.189939
18.123044
17.500754
19.119354
17.628900
17.921528
18.344014
18.322917
17.798812
19.977939
20.115481
19.923565
19.293909
20.271138
19.534621
19.501717
19.569602
19.302540
19.426248
19.124968
20.548145
17.808120
19.018775
19.338845
19.812089
18.432779
20.090606
21.382276
21.435832
18.886013
18.341154
21.171165
17.559789
17.592932
19.799310
18.742054
18.364571
19.593695
18.967279
18.734141
18.711515
18.673991
19.290612
20.078012
19.634551
18.352154
20.354547
18.852819
 8.114140
 7.624326
 7.295610
 7.701495
 6.321972
 7.572832
 7.179082
 7.233716
 7.133140
 7.314449
 8.762465
 9.438705
 8.335417
 7.719926
 7.936195
 8.140616
 8.092446
 8.420062
 7.505908
 6.306859
 6.923283
 6.895601
 7.167168
 6.625485
 7.359832
 6.933398
 6.642839
 6.853273
 6.843622
 6.766892
 6.856710
 6.967993
 6.807369
 8.410569
 8.623206
 9.311375
 8.721949
 9.201492
 8.453960
 8.530462
 8.553290
 7.934042
 8.627592
 8.040260
 8.316578
 8.799864
 8.486214
 7.935601
 8.071295
 8.032695
 7.948556
 7.719003
 7.688916
 7.979654
 8.394062
 8.237956
 7.937951
 8.616518
13.432236
13.143608
14.584181
14.083383
11.507453
13.070175
12.202102
12.053389
11.942849
12.001009
12.764288
12.251711
12.876120
11.198393
12.314332
11.823612
10.090749
10.673938
10.825793
11.551137
10.847724
11.469664
10.634470
10.845499
11.455115
11.366108
10.552461
10.043561
10.462737
10.851161
14.092278
12.482653
13.360198
13.419732
13.928113
14.192518
12.843257
12.005760
13.386880
14.514233
14.655086
13.815721
13.097574
13.690858
12.624852
12.802709
14.486074
15.144547
13.697946
13.866327
14.038319
15.321183
15.065406
15.270853
14.530000
15.164725
15.669958
14.883429
15.708783
14.888867
13.823668
14.755843
15.534077
14.372063
15.206666
14.611188
13.381084
15.024626
14.180443
14.309000
13.839765
14.543792
14.444974
12.991888
13.427528
13.635599
13.183262
14.004531
14.418906
14.605327
13.118279
13.300433
13.215717
13.336688
13.577886
13.036164
14.228891
14.826635
13.193524
12.448529
14.254277
13.381621
13.544603
13.219653
12.849670
13.030382
12.515529
12.396505
13.554652
13.438417
13.018702
12.884448
12.727226
13.388365
13.831698
13.336744
14.430145
12.475058
13.699839
13.886227
14.063096
14.192692
13.352915
13.274047
14.763337
13.505883
14.011389
13.075621
11.912413
12.389452
13.291240
12.700556
15.070012
15.372653
14.338041
14.462321
12.787881
11.138659
13.181794
12.442694
12.296864
12.673471
13.466403
14.231474
13.615255
14.985856
13.828853
13.488930
13.187474
12.915217
13.247037
14.060922
13.382346
12.977743
14.874901
14.168059
14.835340
14.708533
12.715819
13.034795
14.433450
16.522914
15.580429
16.032271
15.079244
15.603535
15.811825
16.684280
17.268335
17.090120
19.114348
16.653767
18.045128
19.244217
19.200904
18.162493
18.110666
19.206626
19.752387
18.389838
18.764197
19.332954
19.327879
15.314800
16.068755
16.999583
15.941540
17.870159
17.593595
19.529907
18.401599
17.885612
17.270957
17.108704
17.015742
12.485687
11.909828
12.072872
11.507558
11.420282
14.206123
14.334314
14.096706
12.839644
13.320534
13.739417
12.687166
13.418900
13.659711
12.990516
16.848461
17.187953
17.733659
16.719905
17.611190
17.353276
19.484282
20.293836
19.685113
18.424441
20.362628
18.103018
19.150542
20.616684
22.226706
21.561741
20.601406
21.753768
22.522655
18.825204
18.214407
18.682513
18.619445
19.029963
18.853176
18.589029
21.462835
20.877652
21.613650
21.893698
21.618463
21.139287
20.805056
21.198379
19.153906
18.876054
20.173580
20.318079
19.472192
20.751679
18.844794
18.976530
18.023333
19.380391
19.092389
19.449530
21.831089
21.540084
20.875341
20.745731
20.797235
20.572272
21.294649
19.647269
18.832191
21.123290
18.689703
19.862657
19.665835
20.448776
20.424700
20.091990
17.364987
18.578125
10.492710
10.381929
 9.706561
10.255568
10.480588
10.609504
10.515151
10.246987
10.481099
12.407425
11.744496
11.934690
11.360841
10.588164
10.472032
 9.803255
10.566445
10.717408
10.677785
10.919658
11.402141
10.950611
11.274361
11.353838
10.842609
10.993053
11.404212
12.097075
13.325378
12.839094
12.783806
12.419417
13.330498
13.563697
10.762661
10.502797
10.335521
11.087358
11.706153
11.163691
11.555241
13.164753
12.563541
13.260662
11.414243
10.970798
10.896870
16.522953
15.699385
15.330190
15.117840
14.603497
21.358756
21.355856
20.864889
20.881155
20.902687
20.660625
19.211382
21.352332
20.438736
19.820070
18.895790
18.955036
18.220926
18.477594
19.260946
20.214950
16.821859
15.915951
15.513273
16.016765
17.441451
17.349441
16.152505
10.396602
 9.665932
 9.154166
 9.446349
 9.898349
 9.051721
 9.491179
 9.348454
10.302392
10.547975
 9.998804
10.417444
10.230906
 8.438317
 8.566372
 8.516378
 8.879461
 8.818765
 8.902737
 8.799595
 8.163386
 9.210019
 9.232039
 9.543451
 8.889947
 9.154353
 8.809577
 8.421399
 8.938118
 9.036072
10.746029
10.019781
10.525266
10.614920
10.462549
10.586471
 7.816249
 7.575356
 7.677516
 8.401004
 8.368747
 8.137592
 9.108720
 9.080191
 8.289833
 7.716768
 9.236253
 9.610959
 8.875101
10.156901
10.532552
10.925193
11.055274
11.560748
11.313563
11.032252
10.637412
10.681155
11.326097
11.858704
10.264220
10.874259
13.773332
13.914529
13.894070
13.601104
15.612488
14.679601
15.102236
14.791286
14.627705
16.995807
16.773049
17.011120
17.445462
16.664903
17.304660
15.832465
16.337965
18.061476
16.887473
16.755749
17.883019
17.768099
15.841550
17.738330
15.510567
15.619157
14.328688
14.912868
14.733538
15.080257
15.421659
14.501942
16.274678
13.909667
14.463713
13.385364
13.731470
13.259806
13.644012
13.174147
13.544948
13.847237
13.755769
13.645502
14.392833
14.330539
14.601701
13.701519
13.122840
13.700405
13.758977
12.607133
13.318005
16.409955
14.772034
16.233516
15.638184
 7.993742
 7.489356
 8.190519
 8.857389
 7.881808
 8.574764
19.493424
19.702428
19.432754
16.235881
16.515849
15.544898
15.578232
15.881166
16.520295
17.135322
18.574751
18.662298
17.755541
18.206299
19.470138
18.139353
18.425533
18.777997
18.282848
18.138025
18.065844
18.715223
18.548481
17.682813
18.661251
18.350117
13.305476
14.933086
15.152626
14.666497
15.474665
15.125217
15.022609
13.877757
13.627749
14.932675
16.272149
14.709478
16.509838
15.836267
15.013220
15.295325
15.292460
15.466201
14.972786
16.627738
15.348586
17.626207
14.234726
14.835645
15.032851
14.602135
14.228495
15.336957
14.481817
14.904295
15.084980
15.943722
16.638920
13.820434
16.535189
16.330917
16.861354
17.267535
16.511655
17.048765
16.239709
15.635092
15.720403
14.341905
13.941902
14.791186
14.697599
 9.848421
 8.568107
 9.362111
 9.055592
 9.359695
 8.443721
 9.494823
 8.727566
 8.760012
 8.778880
 8.799176
 7.254542
10.117790
 9.259153
 9.855976
 9.727530
 9.689246
 9.600394
 9.252169
10.076382
 9.951052
 8.844251
 9.539958
 9.137849
 9.105865
 7.867295
 9.366149
 9.471113
 9.204045
 8.855941
 9.229910
 9.854539
10.127611
10.378725
10.670286
10.390038
10.723000
 9.388404
10.092730
 9.921677
11.108090
10.166857
 9.909868
 9.707905
 9.607292
 9.565357
 9.429615
 9.757316
 9.801232
 9.276282
10.816648
 9.960957
11.720223
11.739425
12.007978
12.471141
13.220144
12.142584
11.072439
12.748945
12.257656
11.443713
12.055283
10.957824
11.573704
10.963022
11.622029
10.826926
10.202632
 8.884319
 8.152302
 9.336585
 8.617282
 8.473315
 7.882689
 9.156584
 9.598982
 8.659516
 9.029785
 8.300080
 8.651055
 8.337333
11.224934
10.802738
10.098365
11.038907
10.520288
10.683958
10.219284
10.723119
10.259774
 9.982353
 9.538807
 9.430047
 9.615219
10.025202
10.017790
 9.385407
 9.896375
10.750453
10.340764
10.030746
 9.832605
10.503064
11.038539
10.940649
11.043386
10.836505
 9.800278
10.773726
10.895495
10.535501
13.024007
13.118132
12.964984
13.054203
13.084403
13.006259
12.690203
12.878767
12.680415
12.238417
12.687844
13.539583
14.368668
14.621271
14.184886
13.151410
13.145773
12.132365
12.378413
13.186838
12.355419
12.969559
13.853698
13.851770
14.065759
12.875106
14.412198
11.595292
11.195808
11.425969
11.526707
11.472065
10.539589
11.883754
10.891706
10.297861
10.713979
11.697449
11.839668
10.905929
11.552287
10.778660
10.703437
10.297588
11.415885
10.064816
10.522416
16.389357
14.789787
16.249379
12.892475
13.427088
13.112333
14.571587
12.989651
14.890152
14.134888
14.016645
15.023300
16.630221
16.185512
16.627737
15.507629
15.955760
15.814809
17.137791
17.589277
15.464753
16.152813
16.538123
16.110632
15.297271
14.836338
14.866121
14.253197
16.234770
15.853716
14.508349
15.243315
15.718350
16.043095
15.371306
14.703720
15.753246
16.356650
13.940502
16.077866
15.781847
16.210456
17.621700
16.123012
17.216785
16.755665
16.169798
13.365866
12.526596
13.099786
13.230834
13.895513
14.072985
14.127523
14.873053
12.066652
12.911552
12.045795
12.569344
10.761366
11.093452
11.948490
10.934969
11.896031
 9.647689
 9.456873
 8.639581
 9.626203
10.078240
 9.633030
10.095968
10.315350
10.337481
10.123342
12.193473
11.849970
11.101363
11.256533
11.311717
11.134072
11.041382
11.271678
14.323130
12.424162
12.457952
12.882980
12.336849
12.794114
13.488723
12.854518
11.969481
12.488236
12.833804
13.174955
13.682757
14.497183
12.089217
12.046653
12.419077
11.957084
11.175606
12.727639
11.767897
12.430680
12.997281
13.284267
13.119754
11.304247
11.882705
11.771931
11.831681
13.068982
11.332917
12.313981
13.501032
13.065214
12.798068
12.548251
12.359340
13.242140
13.493295
14.225719
13.526362
14.045326
13.921045
16.463491
16.061485
14.492323
16.061851
15.938250
14.812809
14.427861
13.609769
15.876341
16.446207
15.811586
13.935986
14.352519
14.153759
14.483184
14.654545
13.283159
12.844902
12.369121
13.080515
13.848516
13.568660
13.184889
13.278046
15.208630
14.893003
13.598424
16.244533
15.024373
14.212184
14.165934
12.708953
13.640194
13.264734
12.677774
13.378978
13.173921
14.311481
14.465195
14.175783
14.104749
13.778378
13.981256
11.165185
12.757248
11.835213
12.845399
12.084426
11.951234
13.132335
13.526742
13.418928
12.755750
13.434784
13.864341
13.011151
13.429804
14.864733
12.842284
14.542062
13.279912
14.633239
13.544452
10.587464
13.267599
13.116403
12.728441
12.065205
12.197196
12.671255
12.089032
11.041132
11.407466
11.571612
12.981551
13.190712
12.643963
13.145983
13.204803
14.579180
13.084676
12.947773
13.609532
14.658631
13.621763
13.603159
13.185712
13.903542
13.595451
13.862611
13.561407
12.933295
14.499254
13.344383
14.421669
13.408511
13.795861
13.071130
12.589347
12.910563
13.883305
13.125978
13.623706
10.214466
10.320955
10.980125
10.387307
 9.978003
10.766354
 9.457935
 9.981709
10.332404
 9.929775
10.068736
10.879272
10.758842
10.034474
10.619300
10.412864
11.810165
12.458341
12.080144
12.300788
14.181331
13.015043
13.775387
14.004123
13.261245
12.960246
12.900833
12.495443
16.539665
15.850636
14.514046
14.586809
15.444942
14.143797
14.654188
14.936887
13.980899
15.424934
14.418230
14.240253
15.288824
15.271996
 9.045531
 9.195007
 9.113767
 9.100904
 8.428534
 8.228014
 7.879694
 8.080590
 9.704837
 8.538473
 8.227319
 8.576655
 7.971956
 7.760630
 7.760591
 9.250922
 9.350656
 8.662188
 8.246780
10.494505
10.651707
10.906524
10.577983
 9.937632
11.647568
12.002340
10.328877
 9.320603
 9.996870
10.390527
10.707575
10.748816
10.343535
10.415076
11.362273
11.986718
11.455635
 9.609757
11.351588
10.673474
10.544375
 9.456288
10.130947
 9.863814
 9.779137
 9.898142
 9.274676
10.480758
11.046741
10.347754
10.881082
11.048049
10.983891
 9.368578
 9.679505
 9.286807
 9.230274
 9.139234
 8.666098
11.267845
10.335252
10.289535
 9.451635
 9.100908
 9.016946
 8.839058
 9.232165
 9.217667
10.317876
11.109119
10.263785
12.811762
11.851055
12.343538
11.996553
10.571841
10.699219
11.786104
11.244317
11.186034
12.111114
11.926697
11.718113
10.690719
10.978310
11.784789
12.299020
11.074313
11.714827
12.447843
11.830932
11.663821
12.156157
11.528669
12.331598
13.782513
12.869300
13.833471
12.687807
13.646708
13.577439
13.621232
14.013233
14.099642
14.596867
14.354911
16.455998
17.991193
17.420775
10.377965
10.325889
10.076338
11.419926
11.006369
11.016910
11.835864
12.525821
12.161545
10.334524
10.589480
11.197063
11.228672
12.152911
12.980269
11.396750
12.483716
11.823923
11.772020
 9.854690
10.277987
10.710165
10.089657
14.323528
13.225861
14.036131
14.216788
12.943168
12.049663
11.933893
11.365759
11.658705
12.183938
12.061342
12.020644
11.344836
11.464925
11.601881
11.774038
12.612749
13.119661
12.317511
 9.662889
 9.203456
 9.298572
 9.421411
 9.464236
 9.482100
 9.970549
 9.440198
 9.151886
 7.266913
 7.837429
 9.482577
 9.551107
 8.341557
 9.176359
 8.241067
 9.246129
15.981508
16.515656
16.791572
16.611466
14.323660
13.493582
14.547787
13.207278
13.569366
13.844882
14.682203
15.708554
13.866686
14.890238
14.223620
15.099600
13.178866
13.409989
12.709724
13.090869
13.336625
13.255898
16.489622
17.889920
17.382965
16.573249
16.221589
16.872473
17.291638
15.701354
16.053951
16.827742
14.724131
14.892931
15.236915
15.762720
16.362778
11.051569
11.220867
11.127660
11.533394
11.305939
10.575680
10.386020
14.542663
14.759250
15.620763
14.586709
14.303755
14.176735
14.287559
14.526050
15.695913
15.518938
10.767488
10.170506
11.051368
10.874971
10.705732
11.459552
10.936307
10.896171
11.748935
11.761728
11.477514
11.489130
11.869642
10.564216
 9.883485
10.196368
 9.684985
10.467256
11.068346
10.126762
10.809286
10.869892
10.684095
11.406374
11.082486
11.433592
11.346063
11.559251
11.003595
11.095788
12.011970
12.392992
13.119913
12.322990
13.466495
13.094909
12.592311
13.004462
12.682378
13.264743
11.464699
13.286863
13.539883
11.253135
11.240840
11.936366
 9.607994
 9.775449
 9.270615
 9.200286
 8.814949
 9.066239
 8.262760
 9.917053
10.677330
 9.629328
 9.759833
 8.850311
10.072205
10.851772
 9.746670
 9.588271
 8.230203
 7.871797
 8.311617
 9.089239
 9.444893
 9.363972
 8.124900
 8.271812
 9.765331
 9.828120
10.837302
10.928587
10.173862
 9.271058
 9.071712
 9.734666
10.673993
12.183724
11.592366
12.055481
11.132168
11.244699
11.004772
10.725072
10.216267
11.119397
11.491013
 9.668052
 9.614605
10.183261
11.046673
10.777629
10.318880
10.641022
10.267248
10.855472
 9.954319
11.126997
10.006898
10.816142
 9.680747
11.589079
11.436254
10.592227
11.392835
 9.125518
 9.449355
 9.751810
 9.674719
10.450957
10.665897
 9.724423
 9.874478
10.032289
 9.030738
10.519535
10.008945
10.535540
10.168163
10.364377
11.436522
10.725566
10.459395
 8.378723
 9.604238
 9.152756
 9.934629
 8.971475
 9.248228
 9.675267
 9.915812
10.041618
 9.779820
 9.736624
 9.421001
 9.397232
 8.100693
 8.684558
 7.529779
 8.554910
 8.491464
 8.835526
 9.051730
 9.558499
 8.991009
 9.512930
 9.085635
11.392319
10.488269
 9.921283
10.017541
10.167988
10.731636
10.730051
11.140956
11.199157
 8.835833
10.349099
 8.883799
 9.257080
 9.261999
 9.503834
10.104001
12.334317
11.692024
12.835219
11.907058
11.652592
11.017956
11.408714
11.914011
11.459635
11.743855
10.855785
11.010514
11.160673
 9.963035
10.141791
10.404116
11.945884
11.012478
11.004460
11.059886
10.086956
10.503446
10.745828
11.197739
11.181878
 9.693478
10.706738
10.916526
11.374830
11.229744
12.217860
12.774697
12.534164
12.164859
12.669811
13.007245
12.336216
13.766665
12.785491
13.139143
 7.218360
 7.483168
 8.004701
 7.443324
 7.895742
 7.758679
 7.307836
 8.222718
17.569390
17.975566
18.132071
18.353860
15.722820
16.919631
16.672513
16.207513
16.439797
15.748185
15.926483
16.082654
15.468429
15.624574
15.840417
14.581136
16.015663
14.808349
15.607025
17.208373
17.611989
17.903434
17.566282
19.204064
20.763460
18.188741
19.218370
19.101982
19.460653
18.615942
19.379444
15.783207
15.804452
15.446519
17.139385
15.805001
15.614454
14.822966
16.422777
15.696988
15.628832
14.467170
13.417252
14.973626
15.395286
16.516773
15.793632
14.683911
14.935605
14.249550
15.935002
16.135267
16.418706
16.554450
16.666765
16.619206
18.336550
18.154066
18.539351
20.392758
20.500792
20.106020
19.237241
18.982840
19.634609
17.257318
17.617655
17.456635
16.838453
16.472465
17.193004
23.367601
22.122591
21.911857
13.535242
13.032901
14.679989
14.714292
14.560449
14.858553
13.702687
15.022739
15.304296
12.289331
12.936025
13.789264
12.533194
11.903806
12.113738
14.060396
13.830740
15.442362
15.217253
14.350441
13.121224
15.053135
13.924985
17.654377
15.781376
15.730175
16.548572
15.800437
15.251354
17.291960
14.939083
15.865986
15.014642
14.744999
15.811182
15.008281
15.644640
15.008741
15.301559
15.416770
16.349388
14.962444
16.767963
17.224740
16.559847
16.082485
14.870805
14.840133
16.168506
17.065063
15.671864
15.635966
17.393773
16.235431
17.493262
17.682740
16.533720
16.788887
16.539245
16.497292
15.847387
17.028595
17.279336
16.546322
16.259407
17.026982
17.032236
15.946399
16.419036
11.005198
10.468636
11.250563
10.067448
10.062978
10.919583
10.432469
10.577919
10.176001
10.237180
 8.837612
10.206592
 9.548498
 9.793463
 9.890985
10.865589
10.551984
11.010203
10.959491
10.417049
10.563487
 9.856104
10.390492
 9.739676
10.723632
10.257730
11.311656
11.591195
10.977751
11.613714
11.351186
12.209382
11.899755
11.730369
12.054352
11.508316
17.338714
15.395548
17.698435
17.612628
15.657915
15.175223
18.054990
16.115782
14.178469
17.429778
15.907800
16.867335
16.545667
18.274749
18.883218
18.303728
17.799010
18.033122
17.508894
17.231305
18.488485
 9.873456
11.116960
10.863178
 9.797679
10.139059
10.101626
 8.750702
10.967508
11.149998
11.437087
11.669342
10.285035
 8.496279
 7.953002
13.911760
12.786924
12.306865
12.444156
12.710581
12.491016
 9.785661
10.460709
11.345575
11.581249
10.865990
11.540188
11.638709
10.911543
10.428102
10.370448
10.979052
11.708295
10.961819
12.215034
12.394448
11.313839
12.041975
12.539936
12.526471
11.904369
10.989812
11.013305
11.851702
11.683297
13.058448
 9.500117
 9.562287
10.630451
 9.927456
10.562566
10.561139
10.257217
11.831469
10.474182
10.365327
11.273471
11.118054
10.428249
11.457650
10.798863
11.177129
 9.823916
10.142283
 9.583296
10.097940
 8.536582
 9.202772
 8.572622
 8.295340
 9.049738
 9.004805
 8.339435
 9.209820
 9.613696
 9.163577
 8.142907
 9.173827
 8.407470
 8.984851
 8.974466
 9.064991
 8.791733
 8.828175
11.532513
10.604187
10.930912
10.742985
12.094966
11.977048
11.701336
16.469677
17.447764
17.524733
18.249892
16.718033
17.201632
17.163735
16.722354
17.216328
17.242633
18.362243
16.745762
14.223341
15.560654
13.639196
13.947284
12.397374
14.431867
14.371340
13.945047
14.149098
14.405087
14.310492
15.103006
14.939131
14.477991
12.365731
12.579606
12.806421
12.516197
13.209700
11.989289
13.038265
13.231170
12.264390
12.328925
12.686622
12.353478
13.980676
13.110129
12.928791
13.301448
10.767654
10.733579
10.667977
10.684269
18.046858
16.426671
17.976384
18.677714
19.758681
18.908495
19.081095
18.066321
19.513884
18.979113
19.917260
18.462010
19.273497
13.074148
12.228269
12.014089
12.123331
12.501405
12.460837
12.274947
12.951169
11.585386
11.122052
 9.903041
 9.395530
 9.531802
 9.361040
 9.373745
 9.670644
 9.985593
12.979627
12.210490
12.485153
12.351644
11.846379
13.185542
12.663535
12.323527
13.614990
12.973643
10.880622
11.503050
11.078697
11.260029
14.031187
13.619737
14.485392
15.002103
14.250622
14.909770
13.463302
10.960093
11.687311
11.762527
11.573322
12.405487
11.757862
12.145173
12.194268
11.777966
11.660533
 8.410586
 9.559150
 8.836968
 8.642551
 9.217271
 9.479091
 8.957603
 9.317534
 8.857260
 9.849868
 9.660451
10.678608
10.379441
13.945274
14.065696
13.731305
13.926097
12.757888
11.475764
11.355821
10.835929
10.777831
10.443051
12.974249
11.766316
12.766487
12.628633
12.415991
12.435643
12.293459
10.992238
11.825710
14.276158
14.295148
13.676657
14.390410
13.741945
10.900234
10.894211
 9.953162
 7.957272
 7.436636
 7.955457
 7.384926
 6.694307
 7.245257
 7.284416
 7.416322
 7.379089
 7.293802
 7.385488
 7.838186
 7.602525
 8.353051
 8.169573
 8.799952
 8.498456
 8.597872
 9.365325
 9.182256
 8.628824
 8.789048
 8.364836
12.037913
11.160339
11.796379
11.215615
11.358160
10.605325
12.006273
11.636099
 8.991750
 9.539125
 9.365943
 9.095804
 9.231842
 9.318915
 9.600359
 9.245245
 8.891609
10.067586
10.355212
 9.778713
 9.552136
10.210939
10.655929
 9.618383
10.166416
 9.630190
 9.653063
 9.413112
14.343304
12.885336
14.046081
13.017766
12.351641
12.433213
12.330975
12.579491
11.597740
12.197980
11.911883
13.092829
12.678308
14.371632
13.358202
12.927444
11.878525
12.422301
12.259952
11.804178
12.740726
13.515550
12.114218
12.247559
12.918745
11.880255
12.183834
12.601136
12.545728
12.912447
14.684846
13.107727
11.560614
13.017701
12.845760
13.026741
12.270157
11.428981
11.852892
11.823783
12.400955
11.322791
11.924484
11.285909
14.199380
14.032967
12.752990
12.993860
12.982691
13.184930
12.899104
13.029107
 9.988982
10.425098
10.033186
 9.636658
 9.334425
 9.907260
11.913326
10.827434
11.185917
11.701310
10.721108
 8.581816
 8.562653
 8.158051
 8.281631
 8.324215
 9.480461
 8.623160
 9.396046
 9.199965
 9.179090
 8.794558
 9.739518
10.301572
10.360531
10.236351
 9.397826
 9.960361
 9.721186
 8.340376
 7.757884
 8.029696
 7.244379
10.384247
10.243233
 9.461819
 9.081541
10.460956
 9.558204
 9.411455
10.459248
 9.448322
10.062800
 9.510556
 9.397794
 9.847234
16.083962
15.160476
14.730491
15.970368
16.160020
15.060487
14.958186
14.857390
15.097400
14.795665
14.215261
13.492480
13.711950
13.450028
14.210059
14.378863
12.948088
12.756908
13.073722
12.303786
12.013791
13.150304
14.437365
13.394552
14.116235
14.652135
14.954301
14.634129
12.155091
12.369301
12.625778
13.023017
14.673050
14.339941
13.949294
13.960369
13.564994
14.366239
13.881319
14.469422
12.806909
12.735812
13.435757
13.671214
13.015546
13.594251
12.493384
12.846025
12.677841
13.479020
12.546743
11.640167
12.447967
11.614735
11.650682
12.076777
12.143657
12.055313
12.961217
11.810137
12.610060
15.174503
15.026362
14.584464
14.105727
14.215964
15.166546
14.817625
14.014128
14.623193
13.960901
11.761587
10.751017
10.455662
11.490861
12.369926
13.183522
10.020674
 9.594903
 8.805726
 8.950955
 9.841927
10.186673
10.095043
10.097999
10.604076
11.433947
11.180696
11.092692
11.050000
10.775148
 9.399795
10.497266
11.126249
10.963438
11.164809
10.577707
10.200999
10.331776
10.309858
10.629940
10.756131
10.388006
10.415801
10.577019
11.350034
10.949064
11.095656
10.883196
 9.927743
10.487527
10.359841
 9.968020
10.593900
 9.886535
10.361327
 9.996040
 9.713925
 9.810320
 9.905612
 9.767413
 8.868426
 9.162066
 8.807025
 8.115143
 9.631237
 8.777232
 8.757960
 8.586720
 8.651651
 8.387883
 8.413793
 8.435727
 9.516099
 7.921737
 8.162969
 8.775402
 8.333974
 8.684170
 9.895990
10.222517
 9.975832
10.049127
 9.683068
11.207587
10.355214
 8.752426
 8.279871
 9.453205
 9.007147
11.761565
12.172581
11.772569
11.257359
11.192461
12.048963
11.927622
11.856457
11.947204
 9.109372
 8.713280
 8.816894
 8.379026
 7.897976
 8.832870
 7.908014
11.954343
10.497352
11.219754
17.975501
17.692449
15.877661
15.690361
16.745565
17.253922
18.367271
18.265754
16.223730
16.714152
16.003673
16.705951
16.219028
13.619915
14.449128
14.572051
14.873270
14.131312
14.226936
14.167931
13.574712
17.088876
16.605472
16.382790
17.491777
16.581504
17.261850
17.006492
16.254342
16.672475
15.495318
16.638332
16.546959
17.493290
17.385453
15.538111
16.356928
15.216758
15.493203
14.609398
15.220142
15.464021
14.968801
14.388377
14.940673
15.956176
15.320581
15.171898
15.053383
15.414269
14.626241
15.020941
14.165271
14.161107
14.085485
14.250625
12.527132
13.150259
17.000094
17.921960
16.877269
19.339076
19.593168
19.398375
20.167495
18.363328
17.977419
17.814332
18.661701
19.453318
19.612441
20.854988
19.604782
13.069095
12.710224
12.080616
12.281236
13.109888
15.878016
14.411804
15.674672
15.698172
14.950399
14.287688
14.813685
14.964333
14.217789
14.965520
16.512828
15.237347
14.967675
15.795299
15.133547
15.407581
16.961521
15.978363
17.239537
17.605256
16.916435
17.098373
19.812190
20.628425
22.016101
20.315498
20.897607
20.402935
21.101994
19.643624
19.257859
21.041064
10.017783
10.635055
10.347614
10.900180
 9.981241
10.820294
10.520928
11.649614
 9.625046
10.078217
 9.918574
 9.785725
10.285487
10.727353
11.062601
11.578454
10.342017
10.754616
13.633990
12.483586
13.411251
12.995547
13.957194
13.652103
12.412010
 8.554260
 9.465772
 8.898792
 9.178813
 9.147457
 9.848889
10.510409
11.042435
10.223359
10.563272
10.168550
10.031484
 9.664549
10.085087
10.358421
10.155757
10.538061
10.969251
10.187403
 9.779129
10.098864
11.057839
10.391353
10.451335
 9.450628
 9.957986
10.016324
10.658356
10.273665
 9.685311
 9.798727
10.820508
10.276834
10.017599
 9.939073
 9.488560
10.437901
 9.577247
 9.205923
 9.481230
11.487588
12.605977
12.851665
 9.742488
10.167811
10.790984
10.432471
10.011576
 9.970774
10.920862
10.405031
10.007652
10.106741
 9.636427
10.162776
10.390231
10.172722
 9.112934
17.872737
16.775667
18.900560
16.733716
17.608689
17.778061
14.753393
15.201331
14.256862
15.296757
14.896972
14.703686
16.120509
13.808333
14.991227
14.801251
14.732950
14.050400
14.746728
14.558632
13.942872
15.283753
12.518531
11.864648
12.954684
12.405519
14.629006
13.016855
14.789838
13.653811
12.987928
13.748077
13.493581
16.120211
15.267690
13.058767
13.747869
12.578736
14.650070
12.785672
13.164720
15.334534
13.076973
14.156919
14.679058
14.700453
13.678545
13.489211
13.180657
13.019985
12.244418
13.707064
13.342958
13.572266
13.290036
14.149804
14.219615
11.947472
11.844228
12.624007
12.000896
12.257807
12.332475
14.239994
14.456849
14.822272
14.343171
11.775258
11.994518
12.284616
12.857018
11.790911
11.688929
11.289687
12.047347
10.911656
11.420152
11.075266
11.090435
10.856158
10.836896
10.204969
14.294536
14.184756
13.414968
13.649451
13.606531
14.303186
14.417999
13.490572
13.180543
14.789623
13.753728
13.217814
12.597289
13.731625
13.700821
12.436471
12.316094
12.857443
12.570411
11.267714
11.851198
11.661079
 8.891026
 9.606791
 8.805863
 9.288692
11.208035
10.667686
10.749988
10.984838
10.777296
10.934124
10.499557
10.888549
10.073808
10.611337
10.325367
12.626124
11.765480
12.027893
11.144932
11.482523
12.292817
11.649799
12.338124
11.785633
11.756274
12.122337
12.532524
11.348766
10.205071
11.099136
12.192893
10.300688
10.515195
11.091829
11.600653
11.031368
11.437958
11.909240
11.117367
11.188343
11.289352
11.177120
10.042178
 9.149904
10.391836
 8.431424
 9.221768
 8.690568
 8.997793
12.981998
12.820524
13.671100
13.606112
12.176846
12.063787
11.353887
11.998936
12.331590
13.251557
12.696876
12.671614
11.623803
11.832859
12.248478
11.572896
10.266544
10.288609
 9.217142
 6.447716
 7.145734
 6.725556
 6.787296
 6.687975
12.378726
12.489994
12.233274
12.938698
13.573419
13.009030
12.038140
11.423790
11.689239
10.929223
10.952035
12.285540
11.823501
12.103841
11.030125
11.766464
11.576552
11.148695
11.403373
11.848856
10.423169
10.615420
 7.577537
 7.335506
 7.155840
 7.836814
11.795424
12.131494
12.082582
12.312278
12.530549
12.327193
11.819724
11.937200
10.750995
10.816222
10.595812
10.409430
10.823365
10.226840
 9.751435
 9.792752
11.441521
11.805176
11.364951
11.551304
12.747201
13.561776
12.870526
13.181725
12.318608
11.928015
11.859768
11.447094
10.536731
10.371844
11.861672
10.238124
11.257587
 9.384508
10.317597
 9.579493
11.063412
10.158550
10.669565
10.826090
12.066746
12.607980
12.019968
12.262747
11.553164
12.472059
13.216382
14.728553
 9.389368
 8.918595
 8.902628
 9.142708
 9.439960
 8.468009
12.023029
11.580609
10.398839
10.430796
10.470668
 9.360045
 9.253040
10.778566
12.382727
11.967358
11.761283
10.826480
12.406250
11.976613
14.441896
15.805005
16.025275
14.402054
15.818980
15.378687
16.883903
15.980679
17.635776
17.685005
17.918623
18.274036
17.586966
18.322519
19.366180
21.347580
18.630092
21.142181
19.705921
19.314755
19.931428
20.432011
18.993598
20.479354
20.340301
18.670901
19.364401
17.611338
19.930687
18.459886
17.515754
14.057835
13.180721
13.427677
13.579935
12.677806
12.831231
12.985993
13.851841
12.196529
12.662454
14.035501
12.998888
12.964991
13.060297
14.267414
13.118606
13.276743
13.080541
12.739222
12.343951
12.269665
11.989906
12.170128
11.877624
11.896994
12.725867
13.933984
14.090161
14.604068
14.211836
14.833871
14.467207
14.329170
14.975909
15.834719
15.114275
15.144378
14.650933
14.432155
12.682452
14.426039
13.264506
16.471881
16.243010
16.650411
16.458238
17.387907
19.512941
17.598452
18.032935
17.831066
17.961875
16.309533
12.109775
12.340812
12.297959
11.535640
11.417212
16.741148
16.227581
16.312498
17.492114
15.778798
16.275277
17.510567
16.454177
20.087899
20.620046
20.544642
20.761416
20.731427
20.908831
20.708970
19.584122
20.200534
19.278035
19.990396
21.985433
20.439267
20.448188
19.995744
21.900827
21.755597
19.502219
19.595775
13.722315
13.593718
13.225483
14.577442
13.527731
14.281102
17.596628
16.494427
16.794167
14.859864
16.001193
14.486595
16.124267
15.440042
15.826906
16.269714
16.814964
16.029385
18.740569
19.254576
18.147645
15.557330
15.753032
16.989902
15.943145
21.816927
21.217347
21.789822
24.130461
22.130236
20.545043
22.669293
21.264049
21.449263
22.022499
20.875912
23.255785
21.359508
20.694640
19.086587
19.553750
19.695268
18.670296
19.735687
16.336253
16.873690
16.652200
16.295755
18.526140
18.490914
18.459071
 8.365431
 8.887083
 8.331162
 8.702939
 8.608804
 8.642985
 8.841713
 8.556540
 8.821307
 8.160415
 8.264964
 9.217948
 9.736928
10.009242
 8.514923
 8.619581
 8.723048
 8.909298
 9.496902
 9.666457
 8.672430
 9.430827
 9.532613
 9.960926
 9.734822
 9.909636
 8.409899
 8.769597
 8.792117
 7.988913
 9.004201
 8.346186
 8.945763
 9.939526
 8.589533
 8.879657
 8.735972
 8.806182
 9.349537
 8.684826
 8.763240
 9.464285
 9.248965
 9.410875
 8.872271
 8.440908
 8.267551
 8.232332
 8.355410
 7.632125
 8.605230
 8.572424
 9.176389
 8.011304
 8.244817
 7.926065
 7.527385
 7.623178
 7.804196
 7.634205
 8.244377
 7.707964
 8.052978
 7.857014
 7.992798
 7.661743
 8.251768
 7.854663
 7.902814
 8.048649
 7.899571
 7.883379
 8.061356
 8.297359
 7.256250
 6.657379
 6.734522
 7.121313
 7.940776
 7.497843
 8.141184
 8.013263
 8.394549
 8.241803
 8.292593
 8.647311
 8.249054
 8.844490
 9.278266
 8.868955
 9.151789
 9.083012
13.762366
13.507476
13.900796
13.439103
12.656696
14.854071
14.571356
15.821695
16.232262
18.103183
17.263253
17.997495
17.299556
16.865728
16.947508
19.131601
18.915965
17.577552
18.056141
17.630068
16.342481
17.139694
16.604505
18.404483
16.099517
17.809996
17.580086
17.597963
15.417011
14.162067
14.811183
14.019753
14.524660
15.186305
14.408473
17.251955
17.742312
17.813521
15.571484
16.117387
16.164630
16.548735
16.987954
16.398217
16.368091
16.633550
16.040906
16.446314
13.956067
14.206619
13.931972
15.492982
14.466168
16.313044
15.054190
15.813540
16.130805
15.567450
16.359306
16.436402
17.730535
15.856092
14.161798
15.813624
14.992895
14.790008
14.946011
14.964603
15.216170
13.986326
15.331356
11.948234
12.517324
12.161011
13.105370
12.720218
13.298199
12.940166
12.526565
12.122224
10.650412
 9.790369
10.885978
 9.712119
 9.663226
 9.581998
 9.294077
 9.321702
11.197207
12.703607
12.184003
11.918787
12.136660
14.053873
13.333348
13.471229
12.146170
12.826242
12.063631
12.881189
12.796835
12.512791
11.791423
10.990064
10.229773
10.956307
11.525918
 9.562519
10.171426
10.783956
10.214401
10.949632
11.187834
10.760341
 9.274341
 9.265354
 9.410115
11.388769
10.443864
11.109691
10.603076
10.171349
10.868513
 9.869567
 9.781852
10.438022
10.053087
 9.877907
10.380019
10.656740
 9.953729
10.121572
10.157537
11.192332
10.386269
 9.913373
 9.179454
 9.666222
 9.369599
 9.870148
 9.865868
 9.186615
 9.148934
10.076373
10.165976
 9.612527
 9.481653
10.155488
10.007882
 9.639421
 8.087102
 8.533287
 8.137732
10.496211
10.765395
10.428539
 9.886576
12.408714
11.508687
11.686827
11.815047
12.296047
11.216379
11.644601
11.689987
11.681678
11.811492
10.306857
10.018579
 9.776538
 9.366741
 9.373584
 9.803777
 9.450296
 8.994059
 9.765470
 9.338795
 9.996224
 9.256974
10.436483
 9.500830
 9.438220
11.563190
11.467783
11.666693
15.748025
16.231632
15.321838
15.325030
18.258017
19.984767
18.675301
16.120291
17.034079
16.502218
17.086188
16.656403
16.210138
17.422563
18.243663
18.272472
19.107388
18.326221
15.931862
15.653824
15.669915
16.655951
15.587004
13.352499
15.640964
14.613023
14.951571
14.395222
14.517539
13.915602
15.331156
16.230171
15.328184
15.432052
14.306837
14.253390
14.621408
13.228259
13.323776
13.640568
13.069029
13.387991
13.736074
14.556289
13.901746
13.442007
14.290654
13.849063
13.494755
12.536997
13.994508
13.559197
12.890566
12.736298
12.525266
12.206179
11.406687
12.392514
20.728735
19.527378
18.036305
19.144557
19.773851
18.550024
18.559570
17.060094
17.557138
19.168057
21.129895
20.487059
19.893335
19.983363
18.902106
18.651390
19.317649
15.260872
15.936338
15.487815
19.220913
19.115036
19.060271
19.990468
17.805644
17.112120
19.492602
19.038866
18.810287
19.594314
20.724320
21.055523
20.880825
20.826452
19.795537
21.065413
18.121431
19.793443
19.755040
22.014392
21.520750
22.135208
21.168152
21.332217
19.155676
17.438065
16.266355
18.287073
18.014619
18.822417
20.490919
19.263501
20.731699
19.011486
15.931435
16.144044
16.573391
15.833996
15.978298
15.856436
14.745997
21.303549
21.290555
19.487890
20.637803
21.355739
20.641712
22.796819
21.748514
24.304341
23.524927
23.338432
29.199581
32.071575
12.977415
12.599306
12.308278
12.547064
12.521187
11.746671
12.270708
11.570584
13.587199
11.942475
12.413968
12.290580
12.399212
11.766313
11.540324
11.187259
11.127234
11.656380
12.603550
11.561832
12.825114
14.924323
15.407270
14.155307
14.202233
15.632372
14.815497
15.162595
14.772503
13.175080
13.511870
14.424116
13.189496
13.374319
13.427669
13.810486
14.409102
12.774497
11.601300
13.422952
18.429858
20.450244
21.056459
22.715257
21.716998
17.939441
16.252104
16.807888
17.169680
19.592748
18.358882
19.249819
19.128851
16.538312
16.630958
17.124076
17.503694
17.262940
17.547357
17.431379
20.120450
18.906196
18.495754
17.947611
18.561818
17.319588
17.243880
17.495728
16.271178
17.282103
16.859000
19.577380
19.264880
19.318003
17.863365
17.979898
17.117696
19.069893
18.462348
19.364120
19.981277
20.023603
19.288399
19.528640
20.700993
16.662419
16.502099
16.824243
16.844087
18.212933
17.754636
18.186977
17.228037
16.235052
16.895663
16.635228
15.668578
16.361778
16.125408
18.774524
18.212493
20.511638
20.328117
18.576956
19.694039
15.442767
15.861917
15.918657
15.253318
 9.814938
 8.855503
 9.084439
 8.865132
 8.026125
 9.453995
 8.445427
 9.044855
 9.615993
 9.808126
10.192439
 9.206212
 8.958346
 9.371972
13.554990
13.998298
13.754380
13.265593
14.194364
14.359122
14.301565
16.275352
16.228955
16.474731
15.014125
13.753512
14.479194
13.955384
14.570992
14.515918
14.186223
15.110280
15.653385
16.065013
16.322165
14.523244
15.408163
14.640639
15.111437
14.937708
14.435332
15.591744
14.821744
14.366931
14.408332
 7.088218
 7.150652
 7.575775
 6.956524
 6.622049
 7.389021
 7.430699
 6.565446
 6.674857
 8.001430
 8.168872
 8.570359
 8.145151
 8.168259
 7.790409
 8.064343
 7.723660
 8.081287
 7.953996
 7.499516
 7.676586
 8.521189
 7.223841
 7.101692
 8.031853
 8.374939
 7.832267
 8.576311
 9.479554
 9.305527
 7.492889
 7.264606
 7.609409
 8.068249
 8.149198
 8.172748
 8.459240
 6.867079
 7.729077
 7.424987
 7.190963
 7.170939
 6.872056
 7.017625
 7.061913
 7.990259
 8.345811
 8.513929
 8.724974
 8.579342
 8.208730
 7.948024
 8.379320
 7.594956
 7.041284
15.400107
15.809202
14.770080
16.239349
16.282632
16.064407
16.329089
17.866621
16.087562
16.438439
16.596373
15.191221
17.218053
17.096383
15.479870
16.373371
16.497835
16.258373
16.150320
17.138124
16.041357
16.204185
16.780123
16.953506
18.535401
18.015314
20.571910
19.008328
18.912307
18.575378
19.038503
19.584506
17.373996
18.029476
18.028916
16.882608
21.409386
19.111919
21.106128
20.589381
18.667656
21.158738
19.077848
20.988702
18.770265
20.265658
19.996717
20.395368
18.613494
19.258980
18.263305
19.020255
17.833690
18.594578
17.944531
18.425919
17.510135
17.151427
17.265421
10.216088
10.946360
11.120509
11.115830
11.285447
10.536770
10.799667
11.246363
 9.877397
10.376002
 9.774321
 9.743872
 9.987727
 9.679475
 9.051598
 9.051579
 9.276286
 9.345834
 9.338627
11.432469
11.739970
12.121338
11.636506
11.405237
17.155841
16.318477
15.138389
16.915975
14.005503
13.153780
13.506184
14.517952
13.508489
13.093166
13.592330
12.656731
12.880161
12.639066
12.749027
14.712761
15.019239
14.959742
13.976237
14.946692
13.506825
12.866963
11.586563
12.420659
12.665646
12.900413
12.536955
12.863124
12.461542
11.758527
12.411335
13.846599
14.749903
14.211960
14.592851
13.832708
12.269314
15.278644
13.217867
13.525810
14.644622
13.222701
13.043944
12.776122
16.543332
16.296651
16.288716
16.621037
16.175169
16.590613
17.569690
15.586555
15.662011
16.682641
15.903869
15.284714
15.197216
12.927114
14.533153
13.879972
13.048292
13.155369
12.220956
13.005098
13.227241
12.866685
12.592292
13.011586
12.791598
12.415455
11.920958
12.331465
13.036756
13.213998
12.842677
11.485509
13.156357
12.199591
13.241464
11.956024
12.762455
12.818261
13.352659
13.462654
11.796278
12.241076
12.393282
10.842687
12.133461
11.357437
15.594991
16.320629
16.310717
17.268610
15.219255
14.492689
15.867231
15.935308
11.721645
12.123423
11.025759
11.430186
11.684581
11.287232
11.578319
 9.608997
10.244353
10.298080
10.224940
12.094059
12.950746
11.038476
11.291635
13.968792
14.164122
14.447373
13.309870
14.009566
13.275774
12.929445
13.907436
13.410188
15.142125
15.339691
14.072860
14.642764
14.722421
12.697935
14.078613
13.550514
13.386744
14.271988
15.234923
14.763601
15.284874
15.270319
15.219661
14.040201
14.856838
13.624433
13.012905
13.324385
13.134292
 9.503383
10.482381
10.231987
10.191240
 9.762134
 9.939861
 9.110944
10.641784
11.522853
10.188654
 9.823022
11.081693
10.954667
11.691041
11.282677
12.100189
12.081807
11.764818
12.273649
12.235050
11.366874
11.331874
11.322148
11.793676
11.403958
11.847600
11.999873
12.846185
11.614809
12.438447
13.152195
18.461419
17.010982
17.600611
19.047959
18.025489
17.416004
18.813589
17.845885
17.278885
17.739790
16.350807
17.460485
15.828301
16.064560
15.573170
15.677598
15.417928
16.047364
15.850219
15.398429
16.773567
17.799156
17.725204
15.994615
15.918786
16.679830
16.315782
16.510500
14.229592
14.934501
14.105874
13.998123
14.559189
14.893555
14.787931
21.435955
19.839416
23.083207
21.919101
22.256158
22.830119
22.950265
21.878407
21.747029
17.248836
18.126931
17.206389
18.048908
17.801526
16.139708
16.590731
15.567234
14.056154
13.619830
13.345855
14.833672
14.840969
13.865992
14.843326
15.426170
14.149663
14.917233
14.445836
15.873465
11.416135
10.581637
10.486453
11.402636
11.316586
12.012149
14.010864
14.620360
14.299810
15.048262
13.327576
12.347035
16.084710
16.007593
16.158377
15.444990
14.341864
15.120416
14.958381
 9.556798
 8.683389
10.576032
10.877462
10.244362
11.715874
10.452212
10.001190
11.067930
10.280747
10.714600
 9.708196
 8.921031
 9.439937
 9.183268
 8.999185
10.112343
10.110359
10.503433
10.715696
 9.467101
10.718155
 9.601121
 9.358351
 9.300959
10.001859
 9.522993
11.216863
11.094412
10.190082
10.093399
 9.495163
 9.516676
 9.687244
12.969470
13.278845
13.775577
13.731295
12.903085
14.742015
15.920990
15.682692
16.002425
13.226389
12.423723
13.442819
14.354917
14.874105
14.660997
15.077913
14.412491
14.356671
13.354951
14.789130
14.865720
14.903776
13.253191
13.317857
13.264138
13.044833
13.562267
14.171930
15.291293
14.500308
15.483460
15.438016
14.718843
13.537196
12.945430
13.124463
12.232385
13.431166
16.255515
15.341801
16.049175
15.534807
16.500145
15.815946
16.096516
16.236794
 9.418852
10.517450
 9.423661
10.481881
10.099409
 9.064958
 9.396099
10.093290
 8.851146
 9.363610
 9.357991
10.170754
 9.779686
 9.325949
 9.183471
 9.537787
 9.810947
 9.333305
 9.522174
 9.034904
 8.832794
 9.134740
 9.633091
 9.181082
 8.961366
11.022031
10.074579
10.563380
 7.672436
 7.647599
 7.066187
 8.025109
 8.109869
 8.323889
 8.450954
 9.376822
 9.543647
 9.173193
10.059451
10.213919
 9.868912
10.998458
10.496138
10.475928
 9.476867
 9.460265
 9.439337
 9.311735
11.017023
10.696289
 8.378499
 8.826313
 6.064039
 6.096465
 8.002308
 8.012473
 7.625835
 8.343879
 8.505744
 8.724058
 8.995718
 8.055660
 7.874172
 8.188120
 7.005175
 7.230572
 7.084414
 9.566293
 9.184922
 9.898614
10.407298
 9.844977
 9.970659
13.110012
11.922438
10.901748
10.857880
11.909202
11.128633
12.189670
12.020489
12.418175
11.860184
12.822231
12.159469
11.188798
12.585135
13.066158
13.229540
12.685820
12.184606
12.674354
12.154530
11.445200
12.287924
10.725596
10.918462
10.104991
10.616965
10.989003
10.619869
10.483210
11.079950
10.213941
10.401530
10.030850
10.162624
11.988429
10.701514
12.158039
11.776305
11.967967
11.512336
12.215710
13.988061
13.936347
14.570818
13.977707
12.873213
12.601561
13.616902
12.217788
12.204887
13.308295
12.552650
14.043661
12.727145
13.514122
13.204694
15.062441
14.649768
16.283267
16.435563
15.533107
15.282946
16.456195
14.622678
16.301793
15.229652
15.234283
15.662914
14.605857
15.360925
14.557803
15.519940
14.329408
15.347892
14.722215
15.262981
13.998181
13.713949
13.011257
14.403048
13.682060
14.085801
15.159129
15.115970
14.662559
15.682449
15.020299
11.129172
11.911803
12.075443
11.562822
11.293445
11.631999
11.043206
11.028748
12.795441
 9.408309
 9.665902
10.027934
 9.393003
10.352039
11.398608
11.789107
12.631331
11.903277
12.278149
11.831483
12.373950
16.385027
16.357071
15.837237
15.715506
17.164193
14.973702
15.362385
14.945174
15.629691
15.221589
14.814011
13.677977
14.565133
13.956781
12.359980
12.685370
13.533941
12.527429
11.811228
12.538094
12.789925
11.317159
15.019052
14.373530
14.751743
14.204789
13.753379
15.210346
15.725146
14.430622
14.653124
15.086874
20.312217
19.416345
20.877528
19.816361
19.894103
19.878324
18.817269
18.133795
20.491504
20.351578
19.654009
19.270732
19.409498
16.968590
17.333133
18.293386
17.173587
17.551841
16.158166
17.449926
17.840559
18.392940
18.143943
18.999695
17.634580
17.223079
17.730373
14.588168
14.818246
16.135712
18.477729
18.712712
19.886331
17.690597
16.451644
15.912270
16.636337
17.339543
16.870485
17.410647
16.208565
16.874047
13.774407
14.294105
13.761220
13.842689
13.490130
12.575715
13.659842
14.007937
13.078123
13.588022
13.385150
15.054375
13.240460
14.928448
14.839933
14.848912
15.993172
15.168193
14.527461
15.811793
14.469805
14.993359
15.023895
16.147771
16.381629
15.781777
14.626367
15.534427
14.833576
16.498313
17.638812
17.037772
15.217997
15.425149
16.309729
16.170338
15.912852
15.840415
16.645909
15.743782
15.857461
15.569395
16.708104
16.078669
16.247640
17.093170
17.637919
16.732378
13.679196
13.748236
13.033131
14.289463
14.534785
13.461529
14.140823
13.294815
15.075140
12.810610
14.087833
13.142048
14.533796
11.589111
12.118450
11.277838
12.108241
12.336236
12.101283
19.768146
19.838044
20.625127
20.320097
17.189885
17.209023
17.285633
17.835384
16.359705
16.129475
17.253950
12.515933
13.562283
12.738096
12.437211
12.898062
13.420393
13.349461
12.386674
13.518416
12.793502
12.789204
13.714056
12.464684
13.126030
12.940920
13.064280
12.514653
12.296312
12.451669
11.620391
12.082505
12.921550
13.044563
12.458342
15.204165
15.012986
15.982005
15.418508
15.526014
18.905131
18.849668
18.519608
19.169676
19.041793
17.890021
18.880356
17.090166
18.558761
19.767601
19.808810
17.835878
17.836020
18.791802
18.523598
18.136054
17.088737
16.416933
16.493609
16.455043
16.801764
18.920617
18.036880
18.592317
19.202856
18.683330
20.820168
22.459162
19.879454
20.821188
20.698889
20.137396
21.166974
20.981185
20.233736
19.816603
19.485870
21.534523
18.677757
19.461571
19.313993
19.569301
21.679213
20.382603
17.860420
16.047078
16.974818
17.615576
16.242967
17.076477
17.079180
15.935879
16.701038
17.284679
17.845582
17.256630
16.872413
16.745696
17.176095
17.673475
10.265283
 9.755820
 9.323100
 9.625680
 9.982344
 9.213560
 9.687583
 9.706017
10.026098
 8.397342
 8.683654
 9.120628
 8.694437
 8.384423
 8.200752
 9.654820
10.154958
10.751925
10.584437
10.833613
11.054004
 9.831061
10.460089
10.330116
10.242710
10.301118
 9.189513
 9.569307
10.387367
 9.544992
10.018765
 9.635162
 9.434590
 9.329856
 9.897713
 9.361412
 9.785140
 8.815402
 9.315227
 9.411785
 9.194723
 9.397885
 9.279436
 8.687550
 8.052574
 8.291107
10.083078
10.688430
10.274231
 9.454412
 8.867159
 9.440364
 8.713236
 9.166430
 9.409814
 9.635929
10.061801
 9.472287
11.530834
11.112020
12.023247
10.982674
11.979379
10.838959
12.849469
14.306385
12.587941
11.361749
12.061711
11.005600
11.575494
11.480854
11.880118
12.096348
12.325502
11.748561
11.693011
11.403311
12.295061
12.716623
12.052702
11.753470
11.576378
11.177580
10.721013
10.676955
10.966095
11.859099
13.033761
12.347104
12.684259
12.809017
13.058700
13.938192
13.979875
12.847748
14.099283
11.869041
13.168316
12.538023
13.505385
10.900314
10.838058
10.861928
11.007444
10.594041
10.453769
10.097013
11.684678
10.026092
12.446269
12.852092
12.755659
12.740168
13.053823
13.049309
12.922806
12.107737
13.558271
13.072115
13.068093
13.028655
13.065666
13.348743
13.114247
13.082068
12.443710
13.469765
11.923269
12.635433
12.879265
13.166871
13.757657
12.911327
12.408203
11.891528
13.007041
13.439823
13.711772
12.466238
12.344466
12.193249
12.599067
13.335324
12.807795
14.008550
14.239292
14.492232
14.237337
15.015889
14.307516
10.116577
10.056511
 9.807863
 9.014559
 9.646425
 8.821601
 8.106170
 6.833490
 7.022657
 7.297297
 6.933300
 7.723501
 7.363443
 6.914072
 7.343338
 6.868805
 7.788596
 8.047800
 7.396395
 7.697541
 7.195512
 8.366462
 7.441353
 7.695195
 6.574299
 6.805480
 7.072330
 6.470774
 6.494439
 6.461881
 6.008500
 6.524478
 6.364638
 8.046914
 7.601151
 7.859356
 6.978773
 7.124697
 8.299605
 7.862017
 7.560973
 7.737929
 7.862578
 7.626515
 8.976549
 9.662163
 9.319577
 9.584294
 9.502156
 7.122744
 6.988354
 7.229993
 7.619796
 7.168087
 7.044931
12.599717
12.228447
11.912936
12.555133
12.218384
11.933497
14.167839
13.389758
12.773041
14.320550
14.562119
14.800740
14.846074
14.346506
14.819357
14.048661
13.977298
13.504201
14.496353
13.410584
12.966319
15.723192
15.208218
15.184341
15.083366
13.797298
14.068517
14.549446
14.249142
13.703026
13.868383
13.792667
15.240667
14.865623
14.823338
13.938089
13.735633
13.696713
13.969110
13.281621
14.870596
15.227576
14.718836
15.750629
14.441879
15.626343
14.676823
15.320477
14.483181
15.837730
14.997066
15.731576
15.601906
13.900190
14.926523
15.203347
15.189802
15.244856
15.530894
15.184699
13.884998
15.650523
14.904898
13.927912
15.504142
13.987357
13.271717
14.311379
15.547026
14.158847
14.502435
16.058155
14.841938
15.358903
11.391866
11.024436
11.465705
10.684274
11.580081
11.756295
11.710092
16.846709
15.371583
10.384675
 9.955447
 9.914003
11.058935
11.224266
11.952401
10.755963
11.217049
11.420729
11.244617
10.706366
10.653086
11.087575
11.422864
10.518004
11.128370
11.075818
13.944391
13.399527
13.181695
12.271070
12.534475
12.770601
13.332710
13.582028
13.787449
13.873360
13.753717
14.541094
 8.650913
 9.177512
 9.121660
 9.187453
 8.500894
 9.429224
 9.717259
 8.336089
 8.311326
16.982277
19.332058
17.839818
18.382599
16.633992
18.586666
15.221973
15.241223
14.668310
16.589249
12.763444
11.283183
12.500259
12.711290
12.715281
13.095178
12.138757
15.799238
16.722553
15.596535
13.899906
13.300585
13.573402
13.070420
13.557157
12.896811
13.412946
13.402895
14.176279
13.170815
13.212951
13.905143
13.927310
13.413476
13.785092
13.841266
13.621871
14.522698
14.623435
13.005430
13.942226
15.133335
14.207372
14.195670
14.949750
14.788405
14.474951
15.160232
14.411584
16.240134
15.512317
16.100092
14.596278
15.447136
15.801292
16.394664
15.583629
15.183516
14.273670
15.000631
14.327748
14.695266
14.528946
14.210239
15.190486
14.112869
14.095648
14.063672
13.800434
18.502077
17.444243
19.140404
18.784705
19.839572
21.917156
20.430794
20.478588
19.738024
21.382481
21.243966
20.735202
22.426724
21.496244
22.892996
23.369670
23.643128
23.821444
18.508063
19.589864
21.522563
22.288671
23.482979
22.809669
21.274825
23.089323
17.327189
19.223396
16.909726
17.500366
17.514458
18.215491
18.016609
18.486460
17.931232
18.016889
16.538738
18.438840
18.250485
19.288587
19.536295
17.744548
18.867537
19.488927
18.870080
19.392081
17.156101
18.655590
19.058901
19.403835
19.386359
17.535088
16.328136
15.501506
15.313716
16.039244
14.853161
15.686546
16.527430
17.002399
16.357477
17.154977
15.920953
16.357691
15.570289
17.442301
16.791546
16.444827
16.671764
16.720695
19.693565
19.126580
17.762433
16.645958
16.973714
21.046763
22.358344
24.475806
17.422987
17.646715
16.955952
17.508867
15.721346
15.656150
16.411213
17.049480
16.182281
16.428984
16.796339
17.086430
16.928572
16.204695
17.155049
16.828827
17.018367
16.300670
17.617412
17.630748
16.858685
16.541701
17.800343
17.753412
17.433714
15.801275
16.337854
16.691779
15.063502
16.812052
17.032210
15.662773
17.090264
17.253899
17.991417
17.626439
17.028066
17.503989
16.403004
16.813756
23.106845
22.490234
23.195902
21.586694
23.929245
22.719120
22.294809
16.821575
17.793220
17.888783
16.221777
18.171118
16.338834
16.225289
19.036674
19.426824
18.552391
20.419270
19.968817
20.251324
21.207456
20.379611
20.318088
18.308296
18.390345
19.525428
19.167405
17.841634
18.864094
21.540193
22.088712
22.927201
22.153102
22.053358
20.554986
21.877726
19.834535
20.735033
20.093288
19.258816
22.111031
21.325760
17.935457
17.965080
18.247732
19.310235
21.130481
20.786794
19.606273
19.068373
15.980024
14.906288
16.743069
17.897225
17.195700
15.083504
14.883268
15.579405
15.242626
14.928132
15.914701
16.410167
15.151990
16.461841
17.422041
18.680455
16.382062
17.751962
18.220300
18.267695
19.340252
19.384499
17.588074
19.569495
18.654356
20.416106
18.892622
20.690798
18.050208
19.702837
19.333402
18.325732
19.081872
20.221040
19.229515
19.111517
17.659490
19.660622
20.435973
19.714464
18.684460
20.176204
19.131717
17.848986
18.176434
20.674340
20.396911
20.122414
20.191525
15.641625
15.598277
14.445922
15.790508
16.077106
15.905341
15.401682
14.441764
15.038238
15.495551
14.985624
15.515202
14.480591
15.276214
13.162387
15.531391
14.896836
13.684398
14.063464
16.073523
15.326374
15.638786
15.393894
16.128968
17.191138
18.039320
17.107942
17.258069
17.197853
19.346359
17.935576
18.021531
17.688728
16.566091
18.398833
17.917505
19.571145
18.422144
17.216776
11.225577
11.947142
12.370013
11.156605
11.340046
13.847872
13.602605
13.248417
14.970885
14.733599
14.862604
15.105332
13.814582
14.496383
13.391814
13.546210
14.238738
12.882839
19.007410
18.445627
17.595747
18.315623
17.540015
18.784562
15.281449
15.271804
15.295447
16.068930
15.651618
16.407465
15.342985
15.728254
16.792924
16.638108
17.049064
17.184866
16.355901
16.180055
16.615616
16.759762
17.080393
16.227699
15.658168
15.528489
15.274204
16.148283
15.551292
14.672007
14.119366
14.842477
14.251316
14.335121
13.780834
16.179024
16.705971
17.189577
17.776887
 9.298176
 9.438645
 9.592543
 8.475112
 8.821165
10.083716
 9.704441
 9.637084
 9.113802
 9.820702
 9.951590
 8.529798
 8.837205
 7.839799
 9.379235
 9.721125
10.381816
 8.994712
 9.761370
 9.586730
10.428927
 9.947051
10.315932
10.273081
 9.580576
 9.908318
 9.449897
 8.446237
 9.589500
 9.010474
 9.240696
 8.398550
 8.281637
 7.712201
 8.619961
 8.507759
10.426869
 9.422064
 8.901131
 9.204035
 8.912176
16.719086
17.317905
17.274696
16.629904
20.285015
18.885829
18.595858
18.007523
17.949889
18.195977
14.844401
14.148805
14.251141
13.336575
14.280357
15.463725
16.114800
14.149193
16.255891
16.695321
16.266663
16.593277
16.636323
16.288633
15.377695
16.809896
15.868993
16.859855
15.959393
16.183902
12.889374
13.590622
12.873223
12.835110
13.710686
13.464452
12.479039
12.701939
13.122018
13.708999
12.372506
13.150740
13.276203
14.831185
14.718863
15.999422
15.424827
14.617793
14.482003
15.042085
15.030932
15.512738
14.367384
14.140709
14.125809
13.916419
16.982281
15.634262
18.097699
16.624640
16.984827
14.643663
14.708066
14.594967
14.384461
12.275145
12.339569
12.825724
11.640907
12.291667
13.263194
13.192482
12.277536
13.679095
12.891697
13.963523
13.746223
13.084134
13.349296
13.892248
12.747528
12.747872
13.052473
12.379695
13.804256
13.329485
14.916150
13.612090
15.637353
14.908142
15.607656
14.508698
15.293480
16.536031
16.345020
14.589343
13.213161
18.434814
16.621552
16.167968
15.439360
16.356208
16.448282
15.980372
17.036045
19.181990
18.426308
19.274813
14.485571
13.422376
14.125594
14.157961
13.465622
13.554259
13.295365
14.192870
14.302513
14.705423
14.581871
13.956730
14.149304
13.404858
13.751712
13.321797
13.859226
12.735035
13.253195
12.487384
12.174140
12.252668
12.342442
12.819815
13.110233
12.602478
12.906915
13.087396
12.667460
12.617245
13.871750
12.900634
12.345955
13.696939
14.862344
13.335643
14.161303
13.135792
14.353871
13.172032
13.062326
18.092014
19.231271
19.837664
17.901026
20.597789
20.203569
18.791418
19.211366
19.311795
18.825121
20.294579
19.791769
19.734469
19.293855
17.407516
16.928542
17.621095
17.655367
16.971571
18.208267
16.049147
16.317674
16.803386
16.903530
16.074954
15.558521
16.206219
13.145054
14.392609
14.596813
15.377773
14.082930
14.026250
14.896196
14.956574
14.566509
13.658865
15.598459
15.221448
14.475941
17.497118
17.095085
16.863412
17.415524
23.764108
22.713753
18.909759
20.993336
19.562644
18.870550
19.176818
20.483019
20.968520
20.958283
21.744160
21.269229
20.848360
20.381685
19.550694
19.918118
18.321462
17.241527
18.194916
17.722216
17.628321
19.840047
13.721193
14.067707
14.906656
14.214606
15.694945
13.883615
14.446844
16.576498
15.990738
15.581783
21.171989
20.926047
17.879514
20.880084
18.295300
19.840378
20.205462
20.995842
21.183049
20.394913
21.011762
21.472819
22.390437
23.476057
22.228539
17.226693
18.006921
16.440993
15.799105
16.510747
16.545508
16.091245
16.497775
16.748459
16.973556
19.160040
18.705524
18.651205
18.678658
20.260212
21.750777
20.426971
19.910194
20.189924
18.123457
18.406707
19.997130
19.377668
20.875632
20.763799
20.130396
20.470807
19.169776
21.431584
19.374586
19.921005
20.955269
18.856766
19.894853
19.017987
19.475755
18.292843
18.817545
14.332507
15.170185
14.748236
14.750063
13.526144
15.852697
15.400420
16.037924
16.358704
15.516708
17.515354
16.083143
18.012340
16.503335
16.156148
17.171931
16.977618
15.926874
15.820612
14.671894
15.323254
15.658906
16.039507
15.398854
18.929906
18.090370
17.406603
17.875658
16.386238
17.608509
18.879577
19.283924
18.807225
17.174315
19.942531
18.662493
19.606252
17.060439
19.348923
20.554666
 7.908122
 7.974792
 7.916236
11.315810
10.989706
10.104784
13.318223
11.342673
12.424979
12.408785
