0.5139618
0.5124362
0.5063782
0.5207122
0.4778706
0.4521602
0.5282464
0.5236618
0.4992515
0.4773923
0.4878048
0.5095973
0.5076271
0.4998974
0.4789877
0.5323457
0.5140250
0.5211686
0.5040599
0.4717859
0.5002887
0.4960168
0.4752114
0.5309179
0.4868049
0.4679096
0.5248036
0.5060884
0.4841815
0.5322465
0.4744136
0.5118788
0.4994479
0.5153924
0.4736548
0.4459593
0.5111067
0.5077996
0.5056130
0.4820303
0.5139618
0.5124362
0.5063782
0.5207122
0.4778706
0.4521602
0.5282464
0.5236618
0.4992515
0.4773923
0.4878048
0.5095973
0.5076271
0.4998974
0.4789877
0.5323457
0.5140250
0.5211686
0.5040599
0.4717859
0.5002887
0.4960168
0.4752114
0.5309179
0.4868049
0.4679096
0.5248036
0.5060884
0.4841815
0.5322465
0.4744136
0.5118788
0.4994479
0.5153924
0.4736548
0.4459593
0.5111067
0.5077996
0.5056130
0.4820303
0.5139618
0.5124362
0.5063782
0.5207122
0.4778706
0.4521602
0.5282464
0.5236618
0.4992515
0.4773923
0.4878048
0.5095973
0.5076271
0.4998974
0.4789877
0.5323457
0.5140250
0.5211686
0.5040599
0.4717859
0.5002887
0.4960168
0.4752114
0.5309179
0.4868049
0.4679096
0.5248036
0.5060884
0.4841815
0.5322465
0.4744136
0.5118788
0.4994479
0.5153924
0.4736548
0.4459593
0.5111067
0.5077996
0.5056130
0.4820303
0.5139618
0.5124362
0.5063782
0.5207122
0.4778706
0.4521602
0.5282464
0.5236618
0.4992515
0.4773923
0.4878048
0.5095973
0.5076271
0.4998974
0.4789877
0.5323457
0.5140250
0.5211686
0.5040599
0.4717859
0.5002887
0.4960168
0.4752114
0.5309179
0.4868049
0.4679096
0.5248036
0.5060884
0.4841815
0.5322465
0.4744136
0.5118788
0.4994479
0.5153924
0.4736548
0.4459593
0.5111067
0.5077996
0.5056130
0.4820303
0.5139618
0.5124362
0.5063782
0.5207122
0.4778706
0.4521602
0.5282464
0.5236618
0.4992515
0.4773923
0.4878048
0.5095973
0.5076271
0.4998974
0.4789877
0.5323457
0.5140250
0.5211686
0.5040599
0.4717859
0.5002887
0.4960168
0.4752114
0.5309179
0.4868049
0.4679096
0.5248036
0.5060884
0.4841815
0.5322465
0.4744136
0.5118788
0.4994479
0.5153924
0.4736548
0.4459593
0.5111067
0.5077996
0.5056130
0.4820303
0.5139618
0.5124362
0.5063782
0.5207122
0.4778706
0.4521602
0.5282464
0.5236618
0.4992515
0.4773923
0.4878048
0.5095973
0.5076271
0.4998974
0.4789877
0.5323457
0.5140250
0.5211686
0.5040599
0.4717859
0.5002887
0.4960168
0.4752114
0.5309179
0.4868049
0.4679096
0.5248036
0.5060884
0.4841815
0.5322465
0.4744136
0.5118788
0.4994479
0.5153924
0.4736548
0.4459593
0.5111067
0.5077996
0.5056130
0.4820303
0.5139618
0.5124362
0.5063782
0.5207122
0.4778706
0.4521602
0.5282464
0.5236618
0.4992515
0.4773923
0.4878048
0.5095973
0.5076271
0.4998974
0.4789877
0.5323457
0.5140250
0.5211686
0.5040599
0.4717859
0.5002887
0.4960168
0.4752114
0.5309179
0.4868049
0.4679096
0.5248036
0.5060884
0.4841815
0.5322465
0.4744136
0.5118788
0.4994479
0.5153924
0.4736548
0.4459593
0.5111067
0.5077996
0.5056130
0.4820303
0.5139618
0.5124362
0.5063782
0.5207122
0.4778706
0.4521602
0.5282464
0.5236618
0.4992515
0.4773923
0.4878048
0.5095973
0.5076271
0.4998974
0.4789877
0.5323457
0.5140250
0.5211686
0.5040599
0.4717859
0.5002887
0.4960168
0.4752114
0.5309179
0.4868049
0.4679096
0.5248036
0.5060884
0.4841815
0.5322465
0.4744136
0.5118788
0.4994479
0.5153924
0.4736548
0.4459593
0.5111067
0.5077996
0.5056130
0.4820303
0.5139618
0.5124362
0.5063782
0.5207122
0.4778706
0.4521602
0.5282464
0.5236618
0.4992515
0.4773923
0.4878048
0.5095973
0.5076271
0.4998974
0.4789877
0.5323457
0.5140250
0.5211686
0.5040599
0.4717859
0.5002887
0.4960168
0.4752114
0.5309179
0.4868049
0.4679096
0.5248036
0.5060884
0.4841815
0.5322465
0.4744136
0.5118788
0.4994479
0.5153924
0.4736548
0.4459593
0.5111067
0.5077996
0.5056130
0.4820303
0.5139618
0.5124362
0.5063782
0.5207122
0.4778706
0.4521602
0.5282464
0.5236618
0.4992515
0.4773923
0.4878048
0.5095973
0.5076271
0.4998974
0.4789877
0.5323457
0.5140250
0.5211686
0.5040599
0.4717859
0.5002887
0.4960168
0.4752114
0.5309179
0.4868049
0.4679096
0.5248036
0.5060884
0.4841815
0.5322465
0.4744136
0.5118788
0.4994479
0.5153924
0.4736548
0.4459593
0.5111067
0.5077996
0.5056130
0.4820303
0.5139618
0.5124362
0.5063782
0.5207122
0.4778706
0.4521602
0.5282464
0.5236618
0.4992515
0.4773923
0.4878048
0.5095973
0.5076271
0.4998974
0.4789877
0.5323457
0.5140250
0.5211686
0.5040599
0.4717859
0.5002887
0.4960168
0.4752114
0.5309179
0.4868049
0.4679096
0.5248036
0.5060884
0.4841815
0.5322465
0.4744136
0.5118788
0.4994479
0.5153924
0.4736548
0.4459593
0.5111067
0.5077996
0.5056130
0.4820303
0.5139618
0.5124362
0.5063782
0.5207122
0.4778706
0.4521602
0.5282464
0.5236618
0.4992515
0.4773923
0.4878048
0.5095973
0.5076271
0.4998974
0.4789877
0.5323457
0.5140250
0.5211686
0.5040599
0.4717859
0.5002887
0.4960168
0.4752114
0.5309179
0.4868049
0.4679096
0.5248036
0.5060884
0.4841815
0.5322465
0.4744136
0.5118788
0.4994479
0.5153924
0.4736548
0.4459593
0.5111067
0.5077996
0.5056130
0.4820303
0.5139618
0.5124362
0.5063782
0.5207122
0.4778706
0.4521602
0.5282464
0.5236618
0.4992515
0.4773923
0.4878048
0.5095973
0.5076271
0.4998974
0.4789877
0.5323457
0.5140250
0.5211686
0.5040599
0.4717859
0.5002887
0.4960168
0.4752114
0.5309179
0.4868049
0.4679096
0.5248036
0.5060884
0.4841815
0.5322465
0.4744136
0.5118788
0.4994479
0.5153924
0.4736548
0.4459593
0.5111067
0.5077996
0.5056130
0.4820303
0.5139618
0.5124362
0.5063782
0.5207122
0.4778706
0.4521602
0.5282464
0.5236618
0.4992515
0.4773923
0.4878048
0.5095973
0.5076271
0.4998974
0.4789877
0.5323457
0.5140250
0.5211686
0.5040599
0.4717859
0.5002887
0.4960168
0.4752114
0.5309179
0.4868049
0.4679096
0.5248036
0.5060884
0.4841815
0.5322465
0.4744136
0.5118788
0.4994479
0.5153924
0.4736548
0.4459593
0.5111067
0.5077996
0.5056130
0.4820303
0.5139618
0.5124362
0.5063782
0.5207122
0.4778706
0.4521602
0.5282464
0.5236618
0.4992515
0.4773923
0.4878048
0.5095973
0.5076271
0.4998974
0.4789877
0.5323457
0.5140250
0.5211686
0.5040599
0.4717859
0.5002887
0.4960168
0.4752114
0.5309179
0.4868049
0.4679096
0.5248036
0.5060884
0.4841815
0.5322465
0.4744136
0.5118788
0.4994479
0.5153924
0.4736548
0.4459593
0.5111067
0.5077996
0.5056130
0.4820303
0.5139618
0.5124362
0.5063782
0.5207122
0.4778706
0.4521602
0.5282464
0.5236618
0.4992515
0.4773923
0.4878048
0.5095973
0.5076271
0.4998974
0.4789877
0.5323457
0.5140250
0.5211686
0.5040599
0.4717859
0.5002887
0.4960168
0.4752114
0.5309179
0.4868049
0.4679096
0.5248036
0.5060884
0.4841815
0.5322465
0.4744136
0.5118788
0.4994479
0.5153924
0.4736548
0.4459593
0.5111067
0.5077996
0.5056130
0.4820303
0.5139618
0.5124362
0.5063782
0.5207122
0.4778706
0.4521602
0.5282464
0.5236618
0.4992515
0.4773923
0.4878048
0.5095973
0.5076271
0.4998974
0.4789877
0.5323457
0.5140250
0.5211686
0.5040599
0.4717859
0.5002887
0.4960168
0.4752114
0.5309179
0.4868049
0.4679096
0.5248036
0.5060884
0.4841815
0.5322465
0.4744136
0.5118788
0.4994479
0.5153924
0.4736548
0.4459593
0.5111067
0.5077996
0.5056130
0.4820303
0.5139618
0.5124362
0.5063782
0.5207122
0.4778706
0.4521602
0.5282464
0.5236618
0.4992515
0.4773923
0.4878048
0.5095973
0.5076271
0.4998974
0.4789877
0.5323457
0.5140250
0.5211686
0.5040599
0.4717859
0.5002887
0.4960168
0.4752114
0.5309179
0.4868049
0.4679096
0.5248036
0.5060884
0.4841815
0.5322465
0.4744136
0.5118788
0.4994479
0.5153924
0.4736548
0.4459593
0.5111067
0.5077996
0.5056130
0.4820303
0.5139618
0.5124362
0.5063782
0.5207122
0.4778706
0.4521602
0.5282464
0.5236618
0.4992515
0.4773923
0.4878048
0.5095973
0.5076271
0.4998974
0.4789877
0.5323457
0.5140250
0.5211686
0.5040599
0.4717859
0.5002887
0.4960168
0.4752114
0.5309179
0.4868049
0.4679096
0.5248036
0.5060884
0.4841815
0.5322465
0.4744136
0.5118788
0.4994479
0.5153924
0.4736548
0.4459593
0.5111067
0.5077996
0.5056130
0.4820303
0.5139618
0.5124362
0.5063782
0.5207122
0.4778706
0.4521602
0.5282464
0.5236618
0.4992515
0.4773923
0.4878048
0.5095973
0.5076271
0.4998974
0.4789877
0.5323457
0.5140250
0.5211686
0.5040599
0.4717859
0.5002887
0.4960168
0.4752114
0.5309179
0.4868049
0.4679096
0.5248036
0.5060884
0.4841815
0.5322465
0.4744136
0.5118788
0.4994479
0.5153924
0.4736548
0.4459593
0.5111067
0.5077996
0.5056130
0.4820303
0.5139618
0.5124362
0.5063782
0.5207122
0.4778706
0.4521602
0.5282464
0.5236618
0.4992515
0.4773923
0.4878048
0.5095973
0.5076271
0.4998974
0.4789877
0.5323457
0.5140250
0.5211686
0.5040599
0.4717859
0.5002887
0.4960168
0.4752114
0.5309179
0.4868049
0.4679096
0.5248036
0.5060884
0.4841815
0.5322465
0.4744136
0.5118788
0.4994479
0.5153924
0.4736548
0.4459593
0.5111067
0.5077996
0.5056130
0.4820303
0.5139618
0.5124362
0.5063782
0.5207122
0.4778706
0.4521602
0.5282464
0.5236618
0.4992515
0.4773923
0.4878048
0.5095973
0.5076271
0.4998974
0.4789877
0.5323457
0.5140250
0.5211686
0.5040599
0.4717859
0.5002887
0.4960168
0.4752114
0.5309179
0.4868049
0.4679096
0.5248036
0.5060884
0.4841815
0.5322465
0.4744136
0.5118788
0.4994479
0.5153924
0.4736548
0.4459593
0.5111067
0.5077996
0.5056130
0.4820303
0.5139618
0.5124362
0.5063782
0.5207122
0.4778706
0.4521602
0.5282464
0.5236618
0.4992515
0.4773923
0.4878048
0.5095973
0.5076271
0.4998974
0.4789877
0.5323457
0.5140250
0.5211686
0.5040599
0.4717859
0.5002887
0.4960168
0.4752114
0.5309179
0.4868049
0.4679096
0.5248036
0.5060884
0.4841815
0.5322465
0.4744136
0.5118788
0.4994479
0.5153924
0.4736548
0.4459593
0.5111067
0.5077996
0.5056130
0.4820303
0.5139618
0.5124362
0.5063782
0.5207122
0.4778706
0.4521602
0.5282464
0.5236618
0.4992515
0.4773923
0.4878048
0.5095973
0.5076271
0.4998974
0.4789877
0.5323457
0.5140250
0.5211686
0.5040599
0.4717859
0.5002887
0.4960168
0.4752114
0.5309179
0.4868049
0.4679096
0.5248036
0.5060884
0.4841815
0.5322465
0.4744136
0.5118788
0.4994479
0.5153924
0.4736548
0.4459593
0.5111067
0.5077996
0.5056130
0.4820303
0.5139618
0.5124362
0.5063782
0.5207122
0.4778706
0.4521602
0.5282464
0.5236618
0.4992515
0.4773923
0.4878048
0.5095973
0.5076271
0.4998974
0.4789877
0.5323457
0.5140250
0.5211686
0.5040599
0.4717859
0.5002887
0.4960168
0.4752114
0.5309179
0.4868049
0.4679096
0.5248036
0.5060884
0.4841815
0.5322465
0.4744136
0.5118788
0.4994479
0.5153924
0.4736548
0.4459593
0.5111067
0.5077996
0.5056130
0.4820303
0.5139618
0.5124362
0.5063782
0.5207122
0.4778706
0.4521602
0.5282464
0.5236618
0.4992515
0.4773923
0.4878048
0.5095973
0.5076271
0.4998974
0.4789877
0.5323457
0.5140250
0.5211686
0.5040599
0.4717859
0.5002887
0.4960168
0.4752114
0.5309179
0.4868049
0.4679096
0.5248036
0.5060884
0.4841815
0.5322465
0.4744136
0.5118788
0.4994479
0.5153924
0.4736548
0.4459593
0.5111067
0.5077996
0.5056130
0.4820303
0.5139618
0.5124362
0.5063782
0.5207122
0.4778706
0.4521602
0.5282464
0.5236618
0.4992515
0.4773923
0.4878048
0.5095973
0.5076271
0.4998974
0.4789877
0.5323457
0.5140250
0.5211686
0.5040599
0.4717859
0.5002887
0.4960168
0.4752114
0.5309179
0.4868049
0.4679096
0.5248036
0.5060884
0.4841815
0.5322465
0.4744136
0.5118788
0.4994479
0.5153924
0.4736548
0.4459593
0.5111067
0.5077996
0.5056130
0.4820303
0.5139618
0.5124362
0.5063782
0.5207122
0.4778706
0.4521602
0.5282464
0.5236618
0.4992515
0.4773923
0.4878048
0.5095973
0.5076271
0.4998974
0.4789877
0.5323457
0.5140250
0.5211686
0.5040599
0.4717859
0.5002887
0.4960168
0.4752114
0.5309179
0.4868049
0.4679096
0.5248036
0.5060884
0.4841815
0.5322465
0.4744136
0.5118788
0.4994479
0.5153924
0.4736548
0.4459593
0.5111067
0.5077996
0.5056130
0.4820303
0.5139618
0.5124362
0.5063782
0.5207122
0.4778706
0.4521602
0.5282464
0.5236618
0.4992515
0.4773923
0.4878048
0.5095973
0.5076271
0.4998974
0.4789877
0.5323457
0.5140250
0.5211686
0.5040599
0.4717859
0.5002887
0.4960168
0.4752114
0.5309179
0.4868049
0.4679096
0.5248036
0.5060884
0.4841815
0.5322465
0.4744136
0.5118788
0.4994479
0.5153924
0.4736548
0.4459593
0.5111067
0.5077996
0.5056130
0.4820303
0.5139618
0.5124362
0.5063782
0.5207122
0.4778706
0.4521602
0.5282464
0.5236618
0.4992515
0.4773923
0.4878048
0.5095973
0.5076271
0.4998974
0.4789877
0.5323457
0.5140250
0.5211686
0.5040599
0.4717859
0.5002887
0.4960168
0.4752114
0.5309179
0.4868049
0.4679096
0.5248036
0.5060884
0.4841815
0.5322465
0.4744136
0.5118788
0.4994479
0.5153924
0.4736548
0.4459593
0.5111067
0.5077996
0.5056130
0.4820303
0.5139618
0.5124362
0.5063782
0.5207122
0.4778706
0.4521602
0.5282464
0.5236618
0.4992515
0.4773923
0.4878048
0.5095973
0.5076271
0.4998974
0.4789877
0.5323457
0.5140250
0.5211686
0.5040599
0.4717859
0.5002887
0.4960168
0.4752114
0.5309179
0.4868049
0.4679096
0.5248036
0.5060884
0.4841815
0.5322465
0.4744136
0.5118788
0.4994479
0.5153924
0.4736548
0.4459593
0.5111067
0.5077996
0.5056130
0.4820303
0.5139618
0.5124362
0.5063782
0.5207122
0.4778706
0.4521602
0.5282464
0.5236618
0.4992515
0.4773923
0.4878048
0.5095973
0.5076271
0.4998974
0.4789877
0.5323457
0.5140250
0.5211686
0.5040599
0.4717859
0.5002887
0.4960168
0.4752114
0.5309179
0.4868049
0.4679096
0.5248036
0.5060884
0.4841815
0.5322465
0.4744136
0.5118788
0.4994479
0.5153924
0.4736548
0.4459593
0.5111067
0.5077996
0.5056130
0.4820303
0.5139618
0.5124362
0.5063782
0.5207122
0.4778706
0.4521602
0.5282464
0.5236618
0.4992515
0.4773923
0.4878048
0.5095973
0.5076271
0.4998974
0.4789877
0.5323457
0.5140250
0.5211686
0.5040599
0.4717859
0.5002887
0.4960168
0.4752114
0.5309179
0.4868049
0.4679096
0.5248036
0.5060884
0.4841815
0.5322465
0.4744136
0.5118788
0.4994479
0.5153924
0.4736548
0.4459593
0.5111067
0.5077996
0.5056130
0.4820303
0.5139618
0.5124362
0.5063782
0.5207122
0.4778706
0.4521602
0.5282464
0.5236618
0.4992515
0.4773923
0.4878048
0.5095973
0.5076271
0.4998974
0.4789877
0.5323457
0.5140250
0.5211686
0.5040599
0.4717859
0.5002887
0.4960168
0.4752114
0.5309179
0.4868049
0.4679096
0.5248036
0.5060884
0.4841815
0.5322465
0.4744136
0.5118788
0.4994479
0.5153924
0.4736548
0.4459593
0.5111067
0.5077996
0.5056130
0.4820303
0.5139618
0.5124362
0.5063782
0.5207122
0.4778706
0.4521602
0.5282464
0.5236618
0.4992515
0.4773923
0.4878048
0.5095973
0.5076271
0.4998974
0.4789877
0.5323457
0.5140250
0.5211686
0.5040599
0.4717859
0.5002887
0.4960168
0.4752114
0.5309179
0.4868049
0.4679096
0.5248036
0.5060884
0.4841815
0.5322465
0.4744136
0.5118788
0.4994479
0.5153924
0.4736548
0.4459593
0.5111067
0.5077996
0.5056130
0.4820303
0.5139618
0.5124362
0.5063782
0.5207122
0.4778706
0.4521602
0.5282464
0.5236618
0.4992515
0.4773923
0.4878048
0.5095973
0.5076271
0.4998974
0.4789877
0.5323457
0.5140250
0.5211686
0.5040599
0.4717859
0.5002887
0.4960168
0.4752114
0.5309179
0.4868049
0.4679096
0.5248036
0.5060884
0.4841815
0.5322465
0.4744136
0.5118788
0.4994479
0.5153924
0.4736548
0.4459593
0.5111067
0.5077996
0.5056130
0.4820303
0.5139618
0.5124362
0.5063782
0.5207122
0.4778706
0.4521602
0.5282464
0.5236618
0.4992515
0.4773923
0.4878048
0.5095973
0.5076271
0.4998974
0.4789877
0.5323457
0.5140250
0.5211686
0.5040599
0.4717859
0.5002887
0.4960168
0.4752114
0.5309179
0.4868049
0.4679096
0.5248036
0.5060884
0.4841815
0.5322465
0.4744136
0.5118788
0.4994479
0.5153924
0.4736548
0.4459593
0.5111067
0.5077996
0.5056130
0.4820303
0.5139618
0.5124362
0.5063782
0.5207122
0.4778706
0.4521602
0.5282464
0.5236618
0.4992515
0.4773923
0.4878048
0.5095973
0.5076271
0.4998974
0.4789877
0.5323457
0.5140250
0.5211686
0.5040599
0.4717859
0.5002887
0.4960168
0.4752114
0.5309179
0.4868049
0.4679096
0.5248036
0.5060884
0.4841815
0.5322465
0.4744136
0.5118788
0.4994479
0.5153924
0.4736548
0.4459593
0.5111067
0.5077996
0.5056130
0.4820303
0.5139618
0.5124362
0.5063782
0.5207122
0.4778706
0.4521602
0.5282464
0.5236618
0.4992515
0.4773923
0.4878048
0.5095973
0.5076271
0.4998974
0.4789877
0.5323457
0.5140250
0.5211686
0.5040599
0.4717859
0.5002887
0.4960168
0.4752114
0.5309179
0.4868049
0.4679096
0.5248036
0.5060884
0.4841815
0.5322465
0.4744136
0.5118788
0.4994479
0.5153924
0.4736548
0.4459593
0.5111067
0.5077996
0.5056130
0.4820303
0.5139618
0.5124362
0.5063782
0.5207122
0.4778706
0.4521602
0.5282464
0.5236618
0.4992515
0.4773923
0.4878048
0.5095973
0.5076271
0.4998974
0.4789877
0.5323457
0.5140250
0.5211686
0.5040599
0.4717859
0.5002887
0.4960168
0.4752114
0.5309179
0.4868049
0.4679096
0.5248036
0.5060884
0.4841815
0.5322465
0.4744136
0.5118788
0.4994479
0.5153924
0.4736548
0.4459593
0.5111067
0.5077996
0.5056130
0.4820303
0.5139618
0.5124362
0.5063782
0.5207122
0.4778706
0.4521602
0.5282464
0.5236618
0.4992515
0.4773923
0.4878048
0.5095973
0.5076271
0.4998974
0.4789877
0.5323457
0.5140250
0.5211686
0.5040599
0.4717859
0.5002887
0.4960168
0.4752114
0.5309179
0.4868049
0.4679096
0.5248036
0.5060884
0.4841815
0.5322465
0.4744136
0.5118788
0.4994479
0.5153924
0.4736548
0.4459593
0.5111067
0.5077996
0.5056130
0.4820303
0.5139618
0.5124362
0.5063782
0.5207122
0.4778706
0.4521602
0.5282464
0.5236618
0.4992515
0.4773923
0.4878048
0.5095973
0.5076271
0.4998974
0.4789877
0.5323457
0.5140250
0.5211686
0.5040599
0.4717859
0.5002887
0.4960168
0.4752114
0.5309179
0.4868049
0.4679096
0.5248036
0.5060884
0.4841815
0.5322465
0.4744136
0.5118788
0.4994479
0.5153924
0.4736548
0.4459593
0.5111067
0.5077996
0.5056130
0.4820303
0.5139618
0.5124362
0.5063782
0.5207122
0.4778706
0.4521602
0.5282464
0.5236618
0.4992515
0.4773923
0.4878048
0.5095973
0.5076271
0.4998974
0.4789877
0.5323457
0.5140250
0.5211686
0.5040599
0.4717859
0.5002887
0.4960168
0.4752114
0.5309179
0.4868049
0.4679096
0.5248036
0.5060884
0.4841815
0.5322465
0.4744136
0.5118788
0.4994479
0.5153924
0.4736548
0.4459593
0.5111067
0.5077996
0.5056130
0.4820303
0.5139618
0.5124362
0.5063782
0.5207122
0.4778706
0.4521602
0.5282464
0.5236618
0.4992515
0.4773923
0.4878048
0.5095973
0.5076271
0.4998974
0.4789877
0.5323457
0.5140250
0.5211686
0.5040599
0.4717859
0.5002887
0.4960168
0.4752114
0.5309179
0.4868049
0.4679096
0.5248036
0.5060884
0.4841815
0.5322465
0.4744136
0.5118788
0.4994479
0.5153924
0.4736548
0.4459593
0.5111067
0.5077996
0.5056130
0.4820303
0.5139618
0.5124362
0.5063782
0.5207122
0.4778706
0.4521602
0.5282464
0.5236618
0.4992515
0.4773923
0.4878048
0.5095973
0.5076271
0.4998974
0.4789877
0.5323457
0.5140250
0.5211686
0.5040599
0.4717859
0.5002887
0.4960168
0.4752114
0.5309179
0.4868049
0.4679096
0.5248036
0.5060884
0.4841815
0.5322465
0.4744136
0.5118788
0.4994479
0.5153924
0.4736548
0.4459593
0.5111067
0.5077996
0.5056130
0.4820303
0.5139618
0.5124362
0.5063782
0.5207122
0.4778706
0.4521602
0.5282464
0.5236618
0.4992515
0.4773923
0.4878048
0.5095973
0.5076271
0.4998974
0.4789877
0.5323457
0.5140250
0.5211686
0.5040599
0.4717859
0.5002887
0.4960168
0.4752114
0.5309179
0.4868049
0.4679096
0.5248036
0.5060884
0.4841815
0.5322465
0.4744136
0.5118788
0.4994479
0.5153924
0.4736548
0.4459593
0.5111067
0.5077996
0.5056130
0.4820303
0.5139618
0.5124362
0.5063782
0.5207122
0.4778706
0.4521602
0.5282464
0.5236618
0.4992515
0.4773923
0.4878048
0.5095973
0.5076271
0.4998974
0.4789877
0.5323457
0.5140250
0.5211686
0.5040599
0.4717859
0.5002887
0.4960168
0.4752114
0.5309179
0.4868049
0.4679096
0.5248036
0.5060884
0.4841815
0.5322465
0.4744136
0.5118788
0.4994479
0.5153924
0.4736548
0.4459593
0.5111067
0.5077996
0.5056130
0.4820303
0.5139618
0.5124362
0.5063782
0.5207122
0.4778706
0.4521602
0.5282464
0.5236618
0.4992515
0.4773923
0.4878048
0.5095973
0.5076271
0.4998974
0.4789877
0.5323457
0.5140250
0.5211686
0.5040599
0.4717859
0.5002887
0.4960168
0.4752114
0.5309179
0.4868049
0.4679096
0.5248036
0.5060884
0.4841815
0.5322465
0.4744136
0.5118788
0.4994479
0.5153924
0.4736548
0.4459593
0.5111067
0.5077996
0.5056130
0.4820303
0.5139618
0.5124362
0.5063782
0.5207122
0.4778706
0.4521602
0.5282464
0.5236618
0.4992515
0.4773923
0.4878048
0.5095973
0.5076271
0.4998974
0.4789877
0.5323457
0.5140250
0.5211686
0.5040599
0.4717859
0.5002887
0.4960168
0.4752114
0.5309179
0.4868049
0.4679096
0.5248036
0.5060884
0.4841815
0.5322465
0.4744136
0.5118788
0.4994479
0.5153924
0.4736548
0.4459593
0.5111067
0.5077996
0.5056130
0.4820303
0.5139618
0.5124362
0.5063782
0.5207122
0.4778706
0.4521602
0.5282464
0.5236618
0.4992515
0.4773923
0.4878048
0.5095973
0.5076271
0.4998974
0.4789877
0.5323457
0.5140250
0.5211686
0.5040599
0.4717859
0.5002887
0.4960168
0.4752114
0.5309179
0.4868049
0.4679096
0.5248036
0.5060884
0.4841815
0.5322465
0.4744136
0.5118788
0.4994479
0.5153924
0.4736548
0.4459593
0.5111067
0.5077996
0.5056130
0.4820303
