19.617616
19.365913
20.529923
20.284605
19.147354
21.029747
19.980272
19.524314
18.857906
19.626816
20.043661
19.794806
18.309487
19.440346
18.539238
18.521859
18.200306
17.685286
17.798009
18.271941
16.929344
17.733920
19.280310
18.099486
17.149059
 9.012777
 9.160673
 9.584658
 9.537107
 8.900096
 8.049014
 8.805514
 9.468087
 9.709860
 8.423324
 8.953239
 8.291584
 8.671619
 8.895411
 8.605629
 9.262358
 8.523911
 8.284790
 8.605285
 8.228342
 8.581435
 8.409324
 7.907372
 7.973161
 9.792244
14.540901
13.854686
13.728772
12.587274
12.062159
13.325618
14.099795
13.375125
13.990458
14.243917
12.703893
13.238046
13.169473
13.280599
13.025820
10.859173
12.339012
10.794049
10.843788
10.514208
10.098468
10.563968
10.664593
12.996149
13.290924
13.847914
13.051100
13.042338
13.171703
13.374741
13.876814
13.206216
14.759773
12.980414
13.234248
12.995129
14.104343
14.037478
13.423412
13.558177
13.310004
12.872722
12.836329
12.786270
13.462525
13.479734
13.585550
14.209524
13.064007
11.110615
12.152296
12.665380
12.399547
12.009617
12.104363
11.802583
11.973258
16.913565
16.379165
16.971740
16.903688
14.540958
13.386174
13.559492
14.187890
13.743565
14.157686
15.033087
15.961792
14.154340
15.333515
14.225909
14.389783
15.601033
13.571795
14.247455
13.791458
14.250324
13.911609
15.166273
23.273695
22.923176
24.658125
21.089970
22.949024
22.011218
18.850230
18.775954
17.637123
19.556897
20.159132
19.080467
18.615286
18.750703
19.903276
18.074906
19.032976
16.578411
16.774182
18.196533
19.820496
18.324375
18.750281
19.983336
18.628481
18.830588
18.011600
17.219353
15.974682
24.658920
22.716958
22.393818
23.257842
23.606057
21.874147
22.244669
22.190071
22.112180
22.490386
20.985057
21.594947
20.645637
21.280155
20.110183
19.993919
19.535843
22.482281
20.776725
22.843132
19.653941
19.194008
20.356007
18.250655
18.096724
18.391171
17.748972
18.885515
17.787347
18.302417
18.625191
17.755089
19.302727
19.530998
19.621307
19.263663
17.869551
17.367805
18.211058
17.454646
17.020225
17.174128
19.720305
18.460321
19.799608
20.045080
19.771103
19.775273
21.273213
21.441382
23.158887
22.267077
22.859511
21.653760
21.325547
21.313587
20.340396
18.018673
21.669028
20.145969
20.081931
20.225804
21.352201
 9.520825
13.244286
12.495626
13.017285
12.675729
13.748339
12.681870
12.703204
12.690920
13.183742
11.681591
12.461670
11.696495
13.052036
12.310257
12.657645
13.717277
12.470236
13.037766
12.842673
12.574163
13.299555
13.437031
13.711661
13.341961
12.449528
12.362084
12.276589
12.640709
12.081124
18.587143
20.094416
20.192210
19.171525
20.374665
19.602468
21.208043
20.381174
21.235355
21.971395
17.564548
18.608308
18.701761
18.271228
15.944398
17.467230
16.311984
16.560515
15.453600
15.397331
 9.129557
 9.663814
 9.137548
 8.933951
 9.206447
 9.155378
 9.364326
 8.819902
10.605115
 9.688478
 9.759073
 9.852979
10.308787
10.102536
10.146532
 9.499681
10.944295
10.920378
10.405942
10.271295
18.480789
17.552130
17.492883
18.262395
17.993443
17.593716
17.994383
18.420901
19.374610
19.691174
20.036400
20.187569
18.471615
20.284066
18.257055
19.998281
17.614498
11.893702
11.401926
12.239734
11.796140
12.086465
11.749927
11.847200
11.565548
10.334524
 9.479672
10.093050
 9.728019
10.444597
10.782050
10.557894
11.208098
10.923289
10.387539
11.474496
10.014956
10.624066
 9.774803
 9.438130
 9.957941
10.919121
10.786068
11.618071
10.903329
10.640802
10.582970
11.300240
 9.970757
 9.503338
 9.481612
 9.082767
 8.673806
 9.436159
 8.726887
12.140201
12.146281
10.803515
10.966249
11.785723
11.181784
11.263684
10.894219
10.380107
11.898968
11.305750
10.840857
11.347871
11.509841
13.033555
18.508666
18.089393
18.368703
17.253222
18.996845
17.921416
18.458578
18.601084
16.829394
17.388952
16.807083
15.753472
16.181925
16.561642
16.119983
16.690859
16.328006
16.397505
17.420714
19.577847
19.819490
18.811343
18.662986
16.826705
18.916331
19.131409
18.942983
18.690562
18.700102
19.237702
17.975900
16.180707
16.112376
18.902489
16.918185
19.672036
19.403927
17.233525
17.612792
18.629507
17.341386
17.265851
17.296102
17.871094
17.739643
17.534951
17.617160
17.182296
18.341677
18.447719
17.278437
16.583562
16.471882
17.917209
17.072374
18.127258
18.282315
17.536234
17.894939
17.764318
17.409355
12.983872
12.874101
13.000812
13.216824
12.514425
13.301734
15.322435
14.319174
13.928721
14.398368
12.305984
11.902452
14.003626
14.365175
13.788025
14.187176
13.995541
15.868012
13.844670
13.785427
14.339160
12.900768
11.317473
12.914271
11.324169
16.179141
15.610854
16.596178
16.326941
16.075263
14.763737
15.543013
14.355877
14.475872
13.457477
14.419632
14.054395
12.082248
11.507842
13.079722
12.363289
12.605593
12.858781
12.546001
13.359807
12.539012
13.930169
12.045221
13.388390
13.947014
13.431516
13.138780
12.568587
12.261869
13.298060
11.074891
12.177571
13.249805
11.760822
11.622902
12.589204
11.827422
12.173602
11.930843
12.372122
12.999909
12.484657
12.474421
13.012052
12.976582
12.062072
12.106357
12.171373
12.704416
11.136170
12.079495
11.783567
11.528804
11.861129
11.835174
 5.703081
 5.400042
 5.208472
 5.099401
 4.879323
 5.324327
 5.617670
 6.372644
 6.280938
 6.732385
 6.403317
 6.654137
 6.509404
 6.582111
 6.003099
 6.296652
 6.247397
 6.550156
 6.012615
 5.936505
 5.587262
 7.008341
 7.133720
 7.543662
 7.124522
 7.625170
 7.655233
 6.513275
 6.917659
 6.930608
 6.985161
 6.856631
10.949810
10.235250
10.707715
12.846066
13.081004
13.022655
13.704220
 9.989515
10.742429
11.082540
10.769915
10.712146
10.164764
 6.591369
 6.884589
 9.702297
 8.473272
 8.466037
 8.842136
 8.069876
 8.163547
 7.959892
 8.321188
 7.867982
 8.536273
 8.257906
 8.742306
 8.736412
15.038107
13.753440
14.086334
15.095501
13.425754
14.495180
12.065694
12.030257
11.366721
11.444617
12.699623
13.461740
12.797481
13.018649
12.949149
12.960120
12.311579
14.408833
13.416553
13.386084
13.179237
13.883443
13.242288
 7.868651
 9.135697
 8.649849
 8.088551
 8.419571
 8.267736
 8.141162
 8.142946
 7.881631
 8.263146
 8.332143
 8.785037
10.648486
10.118956
10.120026
 9.208601
 9.099470
 8.574171
 9.251700
 9.245213
 7.841194
 8.300575
 8.231586
 8.972176
 9.037191
 8.725273
 9.487698
 9.278674
 8.710619
 9.292082
 7.395054
 7.690790
 7.950471
 6.965001
 7.348115
 7.320794
 7.257341
 7.084877
 8.045330
 8.041645
 7.294958
 7.852768
 8.295359
 8.438714
 7.891445
 8.469654
 8.398730
 8.881691
 8.023696
 9.872628
 9.735800
 9.736526
 9.860555
 9.334830
 9.863185
 9.510512
10.107941
10.274216
 9.991166
 8.019756
 7.895922
 8.299201
 9.307453
 8.911275
 9.654792
10.156284
 9.269274
 9.307635
 8.914157
 8.280047
 9.678206
 9.079374
 9.024306
 8.550785
 8.918692
 9.384957
 9.804996
 7.525239
 8.347300
 7.697382
17.644941
16.454016
17.525970
16.233120
15.240973
15.641277
15.595437
16.194475
15.735480
14.805202
11.715485
11.394660
13.241342
13.722312
13.473024
13.550408
12.145687
12.770611
13.495489
12.134641
13.042799
13.453077
12.512972
15.009888
15.795530
16.259213
15.689454
16.295980
14.638342
14.881681
14.050128
14.289739
14.968968
16.176420
15.374103
15.597458
15.898440
15.655061
15.873750
15.805177
12.973289
13.612929
13.801265
14.188080
15.686145
15.580179
14.942402
15.856578
12.416271
11.618038
12.046936
11.701235
11.372010
11.568324
12.635680
12.251793
12.683235
12.777684
14.661492
13.023499
12.050758
11.948955
12.340402
11.971206
12.454363
13.064689
13.743241
13.518276
14.002788
14.340225
13.701018
14.938077
14.116627
15.139873
14.613750
12.972941
13.007420
13.245070
13.256271
11.725929
11.946939
14.238220
12.671840
12.542908
15.013511
13.898113
15.515243
14.589857
14.742335
14.010750
14.280278
17.691984
16.425475
17.846983
17.027723
17.131348
17.290381
16.052003
16.245733
14.131723
16.219577
16.261748
17.080313
14.821994
16.283954
15.127854
14.487777
15.802704
14.663578
14.578409
14.631003
15.276687
16.085350
16.108773
14.591036
12.681140
12.034833
14.470914
14.440479
14.659162
14.117143
13.524165
14.092383
13.552031
12.976487
14.699733
15.146003
15.324795
14.875173
16.832801
16.273081
14.606329
15.551036
16.535424
16.586485
15.807097
15.019234
14.506342
14.546418
14.024677
16.401856
14.166710
15.960067
15.127114
12.826427
13.722003
12.685587
12.918420
13.130627
13.670051
11.921528
11.396319
11.280778
12.629936
13.004772
18.078279
17.280356
16.313526
16.354469
16.295952
16.634664
17.506686
16.278316
13.170297
11.999841
11.369482
11.452064
11.745051
11.564985
11.285251
10.406266
10.232548
10.511783
10.595208
10.533608
11.986700
11.352574
11.301515
10.580703
11.434335
12.589720
12.548954
12.477431
12.488278
12.634280
13.200900
12.131365
13.137672
14.237030
13.188519
 9.433395
 9.680921
 9.924554
 9.048134
 8.960854
 9.384148
10.160505
10.086972
10.298607
 8.985081
 8.583769
10.252995
 9.484896
 9.351760
10.065062
 8.689971
 9.757769
 9.771844
 9.083440
 8.875061
 8.533885
 8.977938
 8.514255
10.598902
 9.375025
10.748323
10.417502
 8.611111
 8.241960
 9.054427
 8.887827
 9.043833
 8.720997
 8.540049
 8.975810
 9.094813
 8.664749
 8.124571
 9.087960
 8.109432
 8.123785
 8.287899
 8.044055
 8.416984
 8.052138
 7.415061
 6.783790
 7.315231
 6.467459
 6.957341
 7.249378
 7.097286
 7.542876
 7.423200
 7.810236
 6.691855
 6.805997
 9.901331
10.127921
 9.209998
 9.132331
 9.688982
 9.598404
 7.902530
 8.186968
 8.161430
 9.033053
 8.819940
 8.600241
 9.762440
 9.644889
 9.721085
 8.795223
 8.981272
 8.760845
 8.954581
 9.708685
 8.783364
 8.854310
 9.156634
 9.028219
 9.527517
 9.229151
 8.671487
 8.845759
 9.028535
 8.577334
 8.660106
 9.528683
 7.328178
 9.694032
10.167034
 9.589335
 9.845311
 9.132028
10.189678
10.966792
 9.540032
11.311850
10.269411
11.344136
10.675836
11.477782
11.176137
 9.946092
10.903215
10.076741
10.868793
10.571589
 9.268527
 9.296593
 9.350211
 9.842441
 8.925508
 9.449318
 9.668029
 8.841162
 9.352623
 9.349989
 9.589643
10.335768
10.934660
10.184668
 9.456735
10.285800
12.664029
13.967458
13.820566
13.744891
14.286861
13.752909
13.702800
14.111509
14.356293
 9.961819
 9.762760
 9.941012
10.257559
10.003817
10.780975
 9.812733
 9.819219
 9.844692
10.184166
10.073873
 9.548810
12.020667
12.611333
12.840021
14.097314
14.979630
14.275219
14.924138
15.458740
15.319391
14.440436
13.784353
14.163412
15.268193
15.489447
16.003034
16.026212
15.702537
15.949082
15.846281
15.776855
15.989706
15.712696
15.870297
16.139537
14.555645
14.143455
14.904460
16.411506
17.442634
16.349938
16.373800
16.440497
17.964186
17.720267
16.188948
16.570059
16.763820
18.581386
16.381105
17.326117
15.579226
14.891703
14.211169
14.196686
15.241691
14.720283
14.659191
13.893763
14.213261
14.225228
13.893007
14.278713
15.481617
13.165136
12.238029
12.626181
12.582466
13.448058
15.820856
16.434849
14.518789
14.436520
13.909554
14.125782
13.213733
14.441645
14.603420
14.256777
14.249559
13.906359
14.911826
13.620132
13.575172
14.463002
14.385509
14.326965
13.920855
13.272956
12.864107
12.711963
12.814932
12.548065
16.102834
15.170230
14.643977
15.425916
14.102888
15.326663
14.441555
14.497328
14.419538
15.574758
14.103899
16.623489
16.126124
14.629237
15.080499
16.775969
16.887511
15.802222
14.361363
13.308501
13.931104
13.087390
17.102977
16.691349
13.662758
12.206577
12.708731
12.648398
12.483147
12.441961
13.306633
14.256324
12.476038
13.747446
13.439168
13.436724
14.467315
13.759481
13.890731
13.321221
12.163696
12.753108
12.394106
13.676648
14.033970
13.453143
15.062602
12.996362
14.730821
12.604471
13.925119
14.168484
12.851569
12.103253
12.601368
12.366566
13.694231
13.914959
13.604977
11.574090
11.440011
11.540712
12.055435
12.256378
11.424760
11.064538
12.195674
11.093089
11.641688
11.711708
11.184344
12.212200
10.667771
11.055887
10.622410
11.505584
12.773571
13.572452
13.663755
12.375318
12.175389
11.765466
13.159871
12.579099
13.074746
11.657487
11.443531
12.588201
11.507360
12.696801
11.880018
11.657871
11.367540
12.144892
11.610777
11.742525
11.584888
12.387755
12.058330
11.019241
12.813685
12.053102
11.827740
13.067272
13.455813
13.375899
14.179507
12.404952
13.998559
11.766282
11.801937
12.513630
12.964099
12.817892
13.201037
13.522721
12.317565
13.150655
12.300310
12.374183
11.993325
11.974882
12.308267
12.738665
11.954756
12.967306
14.313990
13.493817
14.573945
16.696460
16.715129
16.808555
16.425898
16.233447
16.921425
15.369352
14.889940
14.145821
14.342225
14.690482
15.158441
14.491509
14.240445
13.313856
14.651406
15.240152
13.453265
13.532551
13.878645
13.991378
12.864708
14.696493
17.564316
17.822389
17.455734
15.733894
15.356011
16.931147
15.526585
14.961148
17.395556
16.713386
17.319459
15.278306
16.534017
14.122511
15.115465
15.275258
15.648057
14.285952
14.172352
21.981107
22.712842
22.729480
21.700100
23.941593
18.520903
17.138293
17.541497
16.952834
18.437884
20.145098
21.544468
16.766353
17.691687
19.273230
19.390187
19.260682
19.934349
20.515944
20.636572
20.957159
20.424726
21.240697
23.967490
21.282407
21.468815
21.005442
21.467238
19.239843
21.173065
19.485729
19.447525
22.732018
24.206567
20.284938
19.584085
19.250981
20.004618
21.257933
19.656839
19.949184
20.395787
20.721332
19.683419
18.026855
19.921630
18.203093
17.517292
17.451080
20.474747
20.562518
19.361448
19.242382
17.985790
18.036685
17.298749
17.587624
17.935570
16.723549
17.582149
17.607675
18.944933
17.803551
19.012519
17.655391
19.213849
18.873225
18.782168
17.661401
19.203206
17.203597
18.254789
19.014457
24.856162
24.003216
23.888884
15.590457
16.254058
17.465436
16.477333
16.248422
16.411367
17.245988
16.338034
15.536065
15.784312
15.498761
15.835514
14.532115
15.183319
18.455351
20.532988
19.380291
19.122603
19.091875
19.923448
19.551766
18.649066
18.999663
13.996192
13.850213
13.830126
14.065931
14.077256
14.489367
13.630798
12.596743
13.867574
12.772081
13.176054
14.042385
12.753063
13.446027
14.437419
14.645266
14.760321
14.011124
13.372071
14.613015
15.126597
14.837333
14.447244
14.881155
19.137918
17.879299
18.059643
18.897907
19.693981
18.437552
19.508822
19.257232
16.061814
17.169603
17.173279
15.915347
16.547790
16.651313
15.837733
16.807652
16.044566
16.966261
16.688977
17.082923
14.683152
13.772448
14.489507
15.094734
15.052640
14.192629
15.649177
15.014340
14.434654
14.436939
13.183371
12.867329
13.652183
13.163087
12.729128
12.569474
12.879385
12.821009
10.312741
 9.924286
 9.701259
10.287414
 9.239909
 8.848796
 9.929197
10.474517
 9.793453
10.380258
10.835181
10.312640
10.624036
11.061534
11.207345
10.462777
10.530872
10.783897
10.328218
 9.384673
10.237782
23.630372
21.815118
21.927942
16.641821
17.101213
16.344451
15.930919
16.707471
15.904551
16.811477
15.484958
15.483279
15.663832
15.933671
15.693925
16.239850
17.405715
16.955167
17.061648
15.726731
16.218287
16.755766
15.941889
16.048960
17.706001
15.187486
15.974564
16.014552
16.297625
15.050596
12.796924
12.863990
13.773123
12.140349
12.731365
12.786074
13.436531
13.096788
11.889305
12.145963
11.102389
10.585144
11.244516
11.788721
10.491858
11.262016
10.976334
11.070369
10.677222
10.903773
12.378823
11.620155
11.802211
10.419600
 9.963110
 9.946474
10.530109
10.422315
12.944666
12.100312
12.104062
11.826423
 9.825441
10.023816
 9.724319
10.520195
10.376483
10.831867
10.196043
10.197790
11.230515
10.465339
11.169893
10.176737
10.634759
10.579591
11.509552
10.152981
10.380252
10.441179
11.093803
10.988606
 9.844911
 9.858739
10.004568
 9.731902
10.083809
11.431922
11.275232
11.607022
10.962593
13.803415
14.571304
13.678780
14.930006
14.023604
11.013510
12.213883
12.210076
12.004173
12.210616
11.581396
12.306404
11.633598
11.309839
11.555003
10.997411
13.999293
13.128998
13.956427
12.341086
13.300169
12.832319
12.883997
13.101390
12.009961
13.619689
14.949551
15.365860
16.098296
14.072077
14.557728
15.776300
15.127616
16.271355
13.856033
14.372961
13.964661
 8.660912
 8.699754
 8.325064
14.172061
15.058734
13.755367
12.944569
14.903597
14.441682
12.684912
13.566062
13.114814
12.596998
13.033386
12.326213
13.600641
14.152543
13.047119
13.143373
14.796262
15.869927
14.325466
14.619719
16.334172
14.536728
14.679860
13.541764
13.785508
14.003242
12.993093
13.417666
13.842111
14.006818
14.077250
15.851693
14.685230
16.029642
16.505831
21.489086
19.026023
19.897425
11.584258
10.809266
10.932138
11.668496
11.296940
12.099934
11.393546
12.726867
11.225983
12.357368
13.138434
14.094157
13.659506
12.624979
13.741112
14.486046
13.070098
12.619426
13.849284
12.077397
12.719578
12.947253
12.483938
13.717158
13.561875
13.888711
13.020804
14.315516
13.348015
14.263376
13.578086
12.890568
13.404762
13.532994
13.823233
13.905198
11.081248
11.671282
11.342643
11.400056
12.495013
13.058790
11.765830
11.398388
11.821841
13.197121
14.500895
13.522178
15.018280
13.992674
14.540576
15.442850
15.522476
15.715304
13.887634
14.965235
13.803580
14.183267
15.192264
14.330800
14.934261
14.613861
14.384313
13.649716
13.745912
13.004869
12.348301
13.533483
14.448995
13.629175
12.930476
12.445624
13.499515
13.002943
13.241274
12.779231
14.235214
14.982400
14.688031
14.722500
17.036049
17.666201
17.364550
16.164595
17.512746
17.359146
17.355887
17.990893
18.548360
18.712573
17.615032
19.320858
18.760832
19.687418
18.900679
19.694616
18.646815
18.433558
12.229091
10.851524
16.259184
16.196007
15.602155
17.030052
13.886450
13.589312
14.434790
14.582092
14.830336
14.300031
14.726854
13.439922
14.244739
14.084750
13.396499
13.689729
15.347441
14.870399
14.138045
12.216894
12.922612
 9.214586
 9.582260
 9.692198
10.670736
12.600853
11.787951
10.755796
10.896968
 9.727038
10.600012
 9.883822
10.197583
10.347332
10.307327
10.015970
16.032498
15.237510
14.882920
13.571715
14.100711
13.888476
14.447706
13.426126
15.157988
15.243458
13.807248
13.543666
17.708253
17.011332
17.074889
16.703668
17.083955
17.830527
17.685712
17.274237
18.723302
18.054736
17.009748
16.500447
16.980354
16.190134
15.255479
15.309162
16.908787
15.735788
14.305076
15.201367
14.747403
15.686743
15.941243
14.822732
13.582658
14.449884
13.393659
13.719522
13.453076
10.402607
10.531327
11.491054
10.824783
10.260036
11.097829
10.469861
10.487320
10.388713
10.598156
10.366929
10.225763
10.698961
10.506599
10.721099
10.520473
10.480116
 9.427400
 9.559541
10.093994
10.439486
10.866254
10.513040
10.184822
10.635646
 8.606062
 8.726958
 8.657504
 8.762696
 8.716774
10.626224
 9.966723
10.669668
10.708472
 8.819449
 9.760835
 8.800992
 9.662022
 9.737006
10.942987
 9.959167
10.911777
11.375891
11.156143
11.232000
11.077724
10.553484
11.725178
12.946793
12.732932
13.023572
12.705903
11.477837
11.902835
11.232986
11.350685
10.823852
10.328234
11.105744
12.396196
11.938210
11.296801
11.285976
10.287307
10.134155
10.167753
10.244437
10.240895
10.452894
10.900718
10.541421
12.973821
12.312411
12.625842
11.467587
11.763293
11.870017
12.717239
12.967574
12.898195
13.044938
12.000375
12.679391
12.175526
12.440887
13.173708
12.860663
13.477790
12.196971
12.644068
13.039008
13.112675
12.105045
12.437155
12.467684
12.738753
11.849848
12.118826
10.622079
11.407386
10.217457
12.793495
12.109632
12.751169
12.341379
11.522515
12.815717
11.442478
12.302393
 9.869537
10.293563
 9.977584
10.638271
10.399791
 9.103305
 8.930520
 9.569560
 9.192859
 9.180832
10.038265
 9.452645
 9.804626
 7.968391
 8.555335
 8.563855
 8.566841
10.363805
 9.923783
 9.642153
 9.817997
10.420526
10.556407
10.658163
 9.768070
 9.997987
 9.422177
 9.201735
 9.049107
 9.445242
 8.814038
 9.348805
 9.019895
 9.703721
 8.907357
 8.946817
 9.928813
10.898646
11.256918
10.732885
10.878540
11.504782
11.231068
11.055995
11.263933
11.444378
 9.467824
 9.935297
10.451043
10.711225
10.602208
11.983709
11.768737
10.859933
 9.929615
 9.542049
 9.220740
 9.441369
 9.194294
 9.308012
 9.133736
 9.986373
 9.339661
10.103182
 9.523235
 9.091918
 8.846037
 8.634831
 8.953836
 9.218654
 8.799670
 8.562096
 9.058631
 9.381986
 9.056437
 9.327694
 9.300511
 9.653109
 9.791693
 9.334959
 9.383982
 9.754469
10.529583
 9.802683
 9.830913
 9.663046
 9.906764
 9.685807
10.580281
10.608237
10.135563
10.138892
 9.989300
 9.672364
 9.408875
10.270618
 9.450535
 9.907815
 9.714350
10.418980
10.587912
10.325669
 9.893758
 9.463079
10.233592
10.285910
 9.318769
10.165904
10.310587
10.104835
10.126920
17.847401
 9.501005
10.286229
 9.638093
 9.587877
 9.528414
14.427995
14.596213
15.546370
15.040898
14.901587
14.663661
14.259167
14.832991
12.170523
12.032624
12.628979
12.326449
11.791059
12.989721
11.092272
11.835317
10.659252
11.757423
12.382869
11.794376
13.457275
13.306297
14.088371
12.074868
12.640594
13.411766
13.375202
13.455337
13.219292
12.969721
14.159028
13.793135
12.484037
12.041578
12.143062
12.783258
12.274909
12.367614
12.441252
12.709237
12.749210
13.237186
13.280939
13.384945
12.957074
14.411821
15.614861
14.144864
13.962080
14.547424
14.096261
15.279808
13.499374
13.441930
12.192208
12.836973
12.754951
14.969100
13.842498
14.886883
13.728428
16.149342
16.184518
16.774695
16.264005
15.134729
16.600327
16.858555
16.011892
15.857561
14.759353
14.598815
14.832118
15.440717
16.021998
14.768525
14.603182
14.762553
14.379857
14.440325
14.416452
12.974340
13.714068
14.585590
13.717090
13.139589
13.561433
14.106964
17.359214
17.052756
15.288519
16.705445
16.308397
11.199567
11.390435
10.856276
11.784694
13.093545
13.927400
13.622800
13.658864
18.272732
20.660862
20.214171
18.608345
20.248263
20.188164
19.849264
 8.618411
 8.660584
 7.975608
 8.425230
 8.123980
 8.200926
 8.518268
 9.029992
 9.683230
 8.652787
 7.730121
 8.193018
 7.900826
 8.493471
 8.684926
 8.561870
 8.982615
 9.202293
 8.991326
 7.883017
 7.821041
 7.933073
 8.186525
 8.052757
 8.452057
 8.413740
 8.101992
 8.082372
 7.897363
11.318425
11.476571
11.222887
11.027441
 9.975491
10.457246
10.496762
 9.115305
 9.361731
 9.600959
10.081977
 9.667585
 9.760558
 8.973110
 8.729256
 9.557054
10.927638
10.246220
10.192626
11.523967
11.223587
11.703917
11.367965
10.929489
12.035733
10.583431
11.508466
12.144640
12.148157
10.437267
11.554614
11.378990
11.465606
11.968555
12.268551
11.921098
12.319360
10.859481
10.936039
10.857188
10.703164
 9.458396
10.271999
 9.228187
10.492478
 9.735942
10.029627
10.222067
10.075731
 9.815775
10.037533
 7.805835
 8.719494
 7.082025
 7.723505
11.650398
12.507758
11.859709
13.278791
12.427615
12.222833
12.682878
11.511404
10.947715
11.888006
12.694153
10.769844
12.413558
12.950304
13.014693
11.886441
12.721184
13.536900
11.677355
13.124822
11.736590
11.859902
12.410720
11.380914
10.875117
11.313863
12.389109
11.504770
11.518703
11.156023
10.561861
11.446261
 9.502785
 8.844121
 9.809217
 9.151956
 9.221270
 8.783720
 9.009209
10.956722
11.251969
11.282387
12.334640
11.221308
 9.802959
10.140751
 9.691951
10.269175
11.252821
11.430813
11.440610
12.410791
12.051757
12.144617
11.524235
10.372751
10.622492
10.281934
 9.983804
10.311322
11.054857
10.565781
11.964100
12.127742
11.824153
11.355278
10.976657
11.384123
11.071422
11.648747
11.173087
11.142037
10.176063
11.672783
10.606125
11.802634
12.180176
12.279631
10.683676
11.032694
11.045236
10.578902
10.866925
10.683188
11.062451
11.188250
14.263448
13.825452
13.990784
12.568606
12.579403
12.247800
12.365359
12.081367
13.409266
13.797131
13.801259
13.119058
13.463511
12.910049
11.780228
13.163662
12.301641
12.339935
15.200854
14.618378
15.056976
14.717770
14.555113
14.660069
13.693251
14.694424
12.887836
12.184648
12.050131
12.451695
13.251411
13.436563
13.897105
13.228267
14.443200
13.930739
13.455377
12.802423
13.886373
12.790913
14.114678
11.547720
10.915948
11.430014
11.380442
11.891663
12.722400
12.038306
11.867791
11.836061
10.975838
13.023513
12.955183
12.748094
12.768506
20.230326
20.315414
21.129217
20.671242
20.798805
19.977710
19.934998
21.643215
19.991798
20.388447
20.164781
25.527607
24.589574
26.085338
25.716443
22.568140
25.003558
23.197397
24.057083
22.795973
25.164281
24.088760
25.739960
23.569953
25.522573
25.739395
24.151154
21.411858
21.963144
21.092404
21.780382
21.690681
21.205181
19.751242
19.281768
18.582290
19.249594
18.522739
17.988284
18.143448
17.442306
20.673168
21.255360
19.840072
19.014501
18.538537
20.457521
19.285217
18.123328
21.839773
21.767309
21.992350
22.454284
21.040406
20.199860
21.620966
20.898031
22.232868
20.353142
16.318586
15.542008
15.985568
16.579825
15.316996
15.776466
14.424897
15.154805
14.363383
16.419673
18.385325
18.639809
17.587597
17.746523
17.052809
17.917337
16.846238
19.254729
18.862354
17.980689
17.799803
18.355450
16.525509
18.143286
18.640940
19.212941
17.837604
18.538707
11.453621
11.844557
11.853334
 9.966745
11.362247
11.627047
10.657504
11.167935
10.530115
11.296657
11.127944
11.319946
10.163665
10.395783
 9.516309
10.031471
10.430126
 9.742875
 9.822781
13.166647
12.456621
15.142503
15.388614
16.903315
16.947736
16.246505
15.541447
16.268852
14.647432
14.889634
14.372583
13.525988
14.794256
15.093390
16.547237
15.531773
15.001570
14.713192
17.292079
17.052679
17.051264
16.945036
18.517614
17.497711
17.287929
17.673564
17.784399
16.021885
11.940054
13.451935
12.344156
12.273868
12.323656
12.348418
12.678031
13.324209
22.934545
22.586719
22.983811
22.520908
21.541443
20.016859
19.788508
19.479727
19.484849
19.820823
19.616852
19.230243
19.250584
14.741759
13.338120
12.966184
13.431883
13.844742
15.236719
15.331387
15.868595
15.180208
15.937721
14.467673
15.803719
15.277906
16.497875
16.987392
15.875914
20.249224
20.821475
22.112546
22.043712
20.381340
19.952349
18.537373
19.203568
19.622165
19.814995
19.923266
18.812654
18.388304
22.182724
23.142751
21.808692
21.325051
20.567585
19.735202
19.934723
21.128054
21.194805
17.120464
15.927263
16.732716
16.355664
17.196679
17.515293
18.217023
18.382897
17.207459
17.208690
17.252345
16.834711
17.494030
16.469359
14.282271
16.570820
15.135642
15.967436
15.998828
16.705330
17.404806
17.531596
18.293607
17.019301
16.200225
16.650883
16.144371
16.613264
17.067312
11.432279
11.643789
11.957915
11.301540
11.013215
10.675336
10.639847
11.484477
11.178849
11.587139
11.586007
12.034975
11.400323
11.795068
11.725443
12.213514
10.426386
10.626131
11.096559
10.161349
10.406229
10.419385
10.568401
10.316647
 9.647713
 9.872848
 9.828082
11.838754
12.321812
12.653529
12.093676
12.356241
11.487654
12.849829
12.920672
12.746030
12.465718
12.120557
11.802112
12.216501
12.075404
12.461900
13.318634
12.716099
12.077499
12.392658
13.244837
12.565283
11.948433
11.986449
12.299546
12.916458
12.057968
12.379798
15.015597
14.190727
14.619331
14.775456
16.165067
14.497997
16.085224
15.227243
15.998121
15.635646
15.085543
15.052408
17.907244
17.651653
18.579335
18.078995
17.986356
19.962016
19.368910
18.952372
18.420208
20.274838
18.032252
19.125534
19.581947
21.101861
18.984711
11.702006
12.231300
12.049124
11.714152
12.284772
11.451696
11.735273
11.292710
12.179695
12.254224
11.433175
11.990606
12.360910
11.912275
11.527852
12.489737
12.522227
12.087855
 8.793227
 8.559258
 8.059348
 8.866092
 8.495904
 8.929376
10.496890
10.396339
10.872638
11.473935
10.086815
10.916134
11.086916
11.006676
10.639370
11.544554
11.532774
11.275610
11.707143
10.940647
11.637204
11.375285
11.051671
12.241690
12.118830
11.383799
12.498847
12.153541
13.094705
12.652673
12.364097
12.578819
11.290028
11.724856
11.041857
11.562956
11.220364
12.790505
11.926063
10.742306
12.712533
12.426258
11.906873
12.955166
11.664347
13.599955
13.637870
13.323806
14.290649
14.885337
13.070473
13.725835
14.439942
13.694122
13.696903
12.474475
11.636320
12.647393
12.518146
12.284786
11.684674
14.967641
16.559250
14.803437
15.557764
15.630906
16.790419
15.648044
13.726009
13.516832
12.597221
12.893572
12.467899
12.847030
12.525414
12.907372
12.742483
14.278193
14.897417
15.501837
16.048587
14.549220
15.395323
14.705631
16.224550
15.937071
15.123725
14.948850
15.675174
13.748703
14.692405
18.302624
18.714898
15.911505
20.106597
17.699150
17.948191
18.505465
13.657987
14.050661
13.655913
13.562007
12.187350
12.459480
12.813545
13.154403
13.056321
12.505913
13.195362
12.413404
14.543562
13.957767
14.415437
13.667104
13.235164
14.236492
13.726847
14.220724
14.160261
13.321089
11.587976
11.322280
12.259382
11.531838
12.470209
11.260293
10.771778
11.215746
14.574829
14.305130
16.000014
14.197301
14.510215
15.739081
14.576896
14.437966
14.551638
15.461155
15.215757
15.911034
14.640585
13.862292
16.268604
13.746799
15.025587
14.277649
14.457167
13.382713
14.905164
14.410438
13.469467
14.077413
14.426835
13.438712
12.517119
13.311596
13.713084
13.615165
13.621811
13.567706
13.468657
12.892426
13.627647
13.541249
12.456196
13.236103
12.583628
12.024462
12.541473
12.740257
13.129351
11.813098
13.186138
12.018921
12.454223
11.448005
11.796661
12.074090
11.762749
12.371253
11.659342
12.444677
11.174555
12.521331
12.261331
11.286537
11.159228
12.556475
12.482786
12.123437
12.237314
12.628003
11.760305
11.838090
12.318221
11.272527
11.347198
10.966959
11.649628
11.367944
10.243445
10.966850
11.769618
25.901234
25.887351
26.279605
24.305071
23.237947
22.969538
22.048105
23.503950
23.445785
23.384396
21.462958
21.434972
25.532173
24.011719
24.042725
21.168338
21.128538
22.068541
16.558928
17.593763
18.742551
18.577001
17.186527
17.829915
18.087172
15.790700
17.171851
18.157729
18.206840
19.145296
21.071901
19.655811
19.231711
22.614307
23.555643
22.460090
18.609768
20.573702
19.797685
16.957457
17.318044
17.174334
17.644695
17.264752
17.741128
17.504955
18.355560
19.757690
10.833391
12.084057
13.078346
13.069583
12.022697
12.245002
12.596034
12.655202
12.144320
12.003256
12.094833
12.970838
11.757535
16.616680
16.514956
16.638152
16.975741
17.917097
18.118893
17.175501
18.438734
19.357897
16.307870
16.742871
16.157685
16.308186
16.356591
16.658550
18.146240
18.464894
18.242499
19.057354
11.528138
12.569586
13.174600
12.315449
13.708629
14.041564
13.541310
13.453908
13.879155
15.053184
14.586954
14.534360
14.867459
12.889914
14.195723
13.017010
12.987190
12.993682
11.721887
12.410578
11.893403
20.584422
19.060381
19.617836
19.569934
18.764810
20.843471
19.647267
18.346170
18.763647
19.281801
19.730260
19.962258
18.331431
20.681240
19.107217
21.655658
19.511873
19.020711
18.592311
20.300134
18.776831
17.637941
17.825548
17.812089
20.967454
19.537545
18.412872
20.841769
21.623288
21.538116
21.499135
20.486997
21.840742
19.381027
19.014896
19.294686
17.868500
16.739460
18.383582
16.171008
16.802982
16.530234
18.860322
18.684975
14.661285
13.782983
14.497167
12.435512
13.044972
13.252893
12.847979
15.122026
14.374712
14.425551
14.365195
14.790726
15.045186
14.139531
12.552471
14.007160
13.609105
13.990906
14.638418
11.900096
11.618362
11.861773
11.464355
12.462818
12.629160
11.959815
12.718777
11.843917
12.777139
13.504270
13.067546
12.057642
11.653126
12.841474
12.911526
11.852591
12.519175
10.916891
11.693368
12.121528
12.392154
11.328913
11.646470
15.926859
15.603684
16.713145
13.698948
13.435799
13.696431
13.596633
11.451619
12.233496
14.179183
11.855640
11.847679
12.944925
13.756553
13.100731
13.056466
13.798318
13.123219
14.412478
13.819676
15.323498
15.054457
15.237819
15.466614
14.846589
15.251946
14.866065
14.226254
15.544973
14.280475
13.605781
14.565390
17.036432
16.017398
16.498942
16.453088
15.329751
16.516524
15.353239
15.598270
15.716001
14.277752
13.893453
14.099134
15.248664
14.842352
14.470663
13.760985
13.795500
14.605353
14.267948
16.012591
 9.055654
 9.339052
11.520981
10.769042
10.848795
10.448423
10.694876
10.469383
10.837024
10.805684
11.315405
10.409376
10.287281
10.485804
10.721813
10.976747
10.906789
10.846834
10.637036
11.313487
10.419404
10.791801
11.172137
18.930627
18.961821
18.657606
18.312427
18.535079
17.662509
17.098112
16.705587
21.441867
19.433627
19.549128
18.058633
19.630665
19.094847
18.762263
19.268398
17.256910
17.752184
18.498379
19.068787
17.941110
16.468238
20.421148
20.741543
22.903291
20.404720
20.306820
19.953119
20.537868
19.638081
18.083067
19.887014
20.495203
20.253926
20.303228
19.088423
18.728517
19.249867
20.654093
18.036241
19.160877
18.246416
20.404899
20.107893
18.338393
19.814707
18.654658
20.863850
20.424005
19.084725
19.821690
18.821699
20.121440
18.159060
19.679199
19.230532
16.660301
16.009870
16.257162
16.017025
15.304058
16.221616
15.217654
14.784414
14.332824
14.521096
15.122499
14.854590
14.019671
15.018436
14.134691
14.753501
15.110565
14.635170
14.366066
16.752337
15.704666
15.975040
16.663987
16.377054
17.103629
15.295885
16.773465
16.048799
14.966305
15.003766
15.736857
15.232520
12.194047
12.369309
13.012342
12.290762
13.708703
13.298385
13.640398
12.856739
12.056415
12.121698
13.276648
12.098734
11.983607
14.971991
14.506016
15.010636
15.950313
14.916384
16.699457
15.729369
21.871035
21.137232
23.520670
21.251970
20.204904
22.284455
22.795432
22.785878
23.077384
 9.690725
 8.962627
 8.683130
 8.388123
 9.025460
 9.635961
 9.315535
 9.032444
 9.443754
 9.354930
 9.490793
 9.917726
10.027540
 8.730780
 8.850685
 9.814501
 9.760670
 9.710678
 8.897898
 8.836675
 9.124800
 9.462642
 8.140099
 8.386673
 8.144913
 8.449211
 8.014852
 7.917629
 8.163802
 8.288326
10.322756
 8.723688
 8.404508
 9.052117
10.199465
10.327848
 9.857137
 9.872125
 9.758302
 9.664532
 9.302324
 9.278856
10.278561
 9.658365
 8.032098
 8.638165
 8.975408
 8.140170
 8.147970
 8.253993
 8.558610
 8.285229
 8.216147
12.953282
13.171133
13.022109
13.130234
12.151801
12.942854
14.591651
15.654657
14.556997
14.768595
 9.720109
 9.912830
11.346046
 9.986558
10.486128
11.502532
11.721655
11.437439
11.994764
12.149072
11.502701
11.376506
10.759343
11.508524
11.544521
10.482639
 9.879367
10.286725
10.571912
11.272166
10.405622
10.146295
11.496867
11.621821
10.736023
10.382462
12.450356
10.255500
11.010123
12.229686
12.223515
10.399435
10.165450
 9.922111
10.215579
 9.992399
 9.646168
10.269029
10.878612
11.197062
11.255622
11.318625
11.828899
11.176815
10.926853
13.074595
12.099523
12.551112
13.157137
12.989140
12.733406
11.220287
11.184091
11.505566
11.007185
12.257629
11.832440
11.078437
11.503419
11.942946
10.967733
11.367187
11.316779
 9.874997
 9.636918
10.129131
10.557713
12.599017
12.168236
13.083837
13.715493
12.599926
12.697258
12.780310
12.895166
14.059258
13.586714
13.097165
11.747190
11.592805
11.382290
12.787222
11.889320
11.446920
12.221454
11.042536
12.347931
10.895177
11.752479
13.380383
11.677387
12.023223
12.091843
14.201614
14.468599
15.275542
14.107710
15.989075
14.177372
14.541930
13.943887
14.014676
14.300004
14.728534
14.173281
13.874459
13.948242
13.094184
12.889515
12.941015
12.429296
12.665761
12.948164
12.703125
11.543237
12.276860
12.195273
12.636980
13.391885
12.183496
12.972196
11.974067
12.803838
11.746312
13.020055
12.259695
12.430373
11.225702
11.139511
11.370237
11.519066
10.221061
10.512181
 8.356950
 8.265044
 9.154119
 8.721852
10.348633
 9.994434
 9.996246
 9.910857
 9.950069
 9.347045
10.217353
10.557293
10.245135
 9.937557
10.074489
10.140886
10.024422
10.284507
10.107911
14.235488
15.214991
13.240531
14.425946
13.889003
14.401758
15.206208
14.346272
13.286642
13.722815
14.466785
14.525081
15.850714
15.791885
15.899160
13.298903
13.985525
15.964650
15.025033
15.441926
14.235765
15.334562
16.973673
16.768516
16.294675
15.183790
16.406236
17.148061
15.883382
16.100556
15.337711
14.429136
15.869077
15.282672
15.474178
15.938944
14.432003
13.776407
14.901776
14.745852
13.894487
14.231821
16.818804
17.210694
17.280716
17.836922
15.941823
16.628532
10.275720
 9.513502
 9.181170
10.751999
11.111662
10.995425
10.553068
10.287281
10.787379
 7.891074
 9.172212
 8.546219
 8.402106
 7.909721
 8.436882
10.032389
 9.120636
 8.464693
 9.029140
 8.053555
12.482621
13.722046
13.324745
14.065377
13.583365
12.745715
11.995215
12.611936
12.743281
14.177886
14.075056
14.878223
13.649234
15.433751
12.738530
11.829539
11.824128
11.853023
11.957990
11.709188
14.738507
12.843396
10.727809
11.471160
10.719111
10.236934
12.447190
12.464571
13.231044
14.443012
15.302944
11.154181
10.233157
10.991491
10.900013
10.038797
10.914955
10.691691
10.466745
11.570131
11.709144
 8.185858
 8.937045
 7.807547
 8.651617
 8.565070
 8.378447
 9.632930
 9.835849
 9.521456
 9.520362
 9.201836
 9.813664
 8.629402
 8.178940
 8.398003
 8.728637
 8.769254
 8.614760
 9.504410
 9.428336
 9.093662
 9.058643
 9.291177
 9.464599
 7.010607
 6.910566
 7.176138
 7.297187
 7.167859
 7.294494
 7.274968
 6.615767
 6.145605
 6.442829
 7.775509
 7.835148
 7.691894
 7.753440
 7.989626
 7.590836
 7.000906
 7.096787
 6.560312
 6.216916
 6.641667
 6.506595
 7.011185
 7.225970
 7.601844
 7.974354
 9.582398
 7.966532
 8.785711
 8.907277
 8.440739
 8.746593
10.460897
10.317751
 9.666356
 9.517699
 9.533607
10.336255
10.676559
10.017941
 9.836282
10.789092
 9.325671
10.131219
11.731074
10.489566
 9.892247
 6.681743
 8.889726
 8.860657
 8.923587
 9.033902
 9.025393
 9.542357
 8.745479
 9.618392
 9.643715
 8.977284
 9.825119
 9.098030
 9.624515
10.145635
 7.207040
 7.361852
 6.618907
 6.463768
 6.796776
 6.312806
 6.542857
 7.686655
 6.755160
 6.869917
 6.526911
 6.707449
 7.524842
 7.607691
 7.812661
 8.088950
 8.216916
 8.097206
 8.434175
 7.964574
 8.656519
 8.525905
 9.168191
15.292802
14.206163
13.265832
14.769367
13.280346
13.971693
14.511435
12.768618
12.131716
11.631756
10.603664
 9.868526
10.039364
 9.897254
11.015452
 9.500321
10.693607
10.354892
10.834771
10.698893
 9.714520
 9.686677
10.170087
10.241930
10.391139
10.087915
10.454096
 9.877586
11.125793
10.870902
12.222991
10.735019
11.149687
11.308355
10.931091
11.781866
11.748137
12.818636
12.114781
11.418628
12.322946
12.590023
11.650062
11.671676
11.669226
 9.846926
 9.518559
10.568807
 9.752229
11.407509
11.163829
11.007075
11.225141
10.800428
10.536005
 9.927822
10.090108
10.426462
 9.184253
10.139724
10.778842
10.676905
11.144804
10.582646
10.694644
 8.617269
 9.028378
 9.523971
 9.789665
10.630342
10.411812
13.506130
13.251088
13.742527
13.754292
13.282130
13.948662
14.229127
10.740713
10.816057
10.638239
11.190972
10.286893
10.279591
10.174362
10.225905
10.594003
11.094007
 9.896343
 9.935406
10.104003
10.916335
10.834944
11.452997
10.811613
11.047781
11.337680
11.724332
11.137538
 9.192266
 9.630256
 8.957883
 9.946457
11.109019
11.611164
11.846764
12.465412
11.680870
11.484828
12.323859
11.100250
12.554152
12.577174
13.545108
12.639507
12.378422
11.526023
11.972883
 9.799441
 8.642101
 8.693050
 8.662131
 7.525392
 9.816481
10.115212
10.162226
 9.585553
 9.640563
 9.887548
10.293109
10.982024
10.725522
11.243601
11.448885
11.801357
12.199030
11.649880
11.264282
12.053555
11.974438
11.139431
10.228461
 9.963946
 9.986635
10.210072
11.073990
11.412137
12.257725
12.375842
 9.565975
 9.765971
 9.984601
10.196869
10.228612
 9.323491
 8.918677
 8.996983
 9.215777
 9.051562
 9.052136
 8.734577
 8.628502
12.404746
12.525252
11.397613
12.746931
12.311935
13.059989
13.171401
12.241227
12.461743
13.014886
13.173499
11.470500
10.254191
11.039817
10.278206
 9.312366
10.817989
11.788688
11.563789
11.010127
 9.502065
 9.852929
10.930949
10.106281
 9.951194
 9.953480
10.682831
 9.807462
 9.551437
11.196181
11.925030
11.975889
12.097416
11.757519
11.590888
11.219684
11.982150
12.840081
12.417135
12.126185
11.502917
11.812653
11.840624
11.678572
15.169902
15.027837
15.508300
13.600959
10.479079
10.180135
 9.632710
 9.381436
 9.925166
 9.581237
10.162225
11.074511
10.033993
13.012422
12.916330
11.609042
 9.397445
 9.326466
 9.402091
10.922605
10.772921
11.589529
13.553185
13.224942
14.667699
12.942058
13.447985
13.177966
14.141401
13.603810
13.232339
13.746412
13.580120
13.869990
14.014968
13.275858
14.220819
13.624035
12.418614
13.474499
12.690621
12.826754
12.012438
11.726745
11.470804
11.987933
11.785063
 9.870464
10.049113
 9.719198
11.219380
10.726975
12.708706
11.422793
12.730259
12.628750
11.922084
12.204948
12.084769
12.354330
11.817928
12.232872
11.593043
12.053432
11.938231
10.349876
12.084512
11.670974
10.383706
10.368085
14.596352
13.900233
15.092128
15.610621
15.389291
14.442229
15.852575
14.905169
14.974884
14.630709
15.647490
14.345294
14.750422
15.484258
14.761973
15.387466
15.214266
13.821842
13.814497
14.421934
13.127089
12.373386
12.399031
12.266298
12.825040
12.319628
12.045559
13.964406
13.490322
13.300200
13.618509
13.862276
15.694946
15.715433
14.921972
15.229109
14.338097
14.656286
14.578723
15.004076
15.149240
14.991547
15.389950
14.513251
15.423804
15.725928
14.931177
14.585386
15.938358
15.811159
16.141979
16.225929
15.582898
15.827877
15.604624
15.486850
15.904399
14.917525
15.079137
15.457932
14.763882
16.441199
15.550137
15.010799
16.030600
16.471617
14.421871
13.612840
14.005284
15.020349
14.292585
14.992861
14.083083
13.444626
13.065311
14.041205
14.569301
15.030487
12.842906
13.522764
13.672235
14.344940
13.753244
16.027624
14.745095
14.634606
14.298510
14.576190
14.629723
13.402358
13.833428
13.962337
12.645505
13.545087
13.463920
15.479158
14.724483
14.682761
13.830298
15.855863
16.275602
14.910346
16.777327
15.952696
15.888924
15.282210
17.064205
12.208577
12.871508
10.974682
11.122349
11.450146
13.101978
12.255928
13.607050
12.537528
12.911341
13.261825
12.175830
14.488545
13.273079
13.564617
13.963693
13.144179
13.083517
11.222825
11.591063
11.727969
10.549267
11.439875
11.973213
12.044669
10.166448
10.433304
 9.557069
 8.721442
 9.611953
 9.203412
 9.488072
16.648897
15.774986
15.879020
15.291881
16.649992
17.057236
15.900018
14.719141
14.683621
15.116442
14.062797
14.511041
15.145073
15.810926
14.769616
14.676080
15.454543
14.814762
15.224533
15.083880
17.689596
17.062027
17.527602
16.939349
18.358078
16.776394
16.388275
16.199479
16.011336
15.510616
16.289605
16.819378
18.051757
17.997436
17.962042
17.669440
18.771570
17.079034
16.860184
14.526750
16.006821
14.494334
14.747514
15.835423
15.663464
15.609220
15.701605
15.994928
15.113291
16.941497
16.982991
16.714491
16.066776
18.417023
17.150492
17.649845
17.347334
16.215490
17.552786
17.071339
17.491743
16.747687
17.058531
17.201586
15.941831
16.084196
14.843975
20.590570
20.439366
23.319654
21.919148
22.016403
19.740187
19.221994
17.856754
20.086894
17.951271
19.112508
20.072283
19.160508
19.630176
19.518981
19.518530
18.311422
17.388311
17.787563
18.085236
18.344090
17.700406
17.473467
19.717359
19.781177
18.067927
20.583809
20.159111
11.244171
11.884850
12.144110
12.166930
12.259203
12.482954
 8.614031
 8.827093
 8.587962
 8.320769
 8.269733
 8.372595
 9.129016
 8.575113
 8.715016
 8.805035
 8.296548
10.863401
12.085517
11.619905
12.049060
10.822612
10.261705
10.047678
 9.637069
10.144330
 9.917437
 9.563385
 9.164556
 9.032052
 9.182870
 9.806238
 9.300512
 9.776994
 8.747979
 9.136497
 9.241398
 9.160549
 9.609599
10.103316
 9.867332
10.217488
 9.207759
 9.321652
 8.944697
 9.170937
10.204955
 9.689386
10.608644
 7.401546
 7.930268
 7.854543
 7.443722
 7.681313
 7.611746
 7.931184
 7.823962
 7.912112
 8.244960
 8.321987
 7.642044
 7.926518
10.653835
10.175860
 9.783115
10.027887
10.588300
10.488604
11.244261
10.199973
11.627522
 9.500709
 8.929530
 8.993088
 9.703680
 9.441616
 8.702828
 9.399072
14.961414
14.727218
15.460323
15.544599
15.503385
14.923008
14.880740
14.849070
14.133832
14.698786
14.820821
13.775586
13.759424
14.665827
14.586655
14.425872
14.780165
15.198432
15.500406
15.390908
16.142240
14.743467
15.007533
16.025294
16.329500
15.417698
15.466681
14.872228
16.118569
13.885889
14.596995
13.760749
14.443767
13.794072
13.569511
13.894344
13.849857
12.405889
14.199390
15.173409
14.381560
14.799237
13.985903
16.003454
15.561247
15.069357
15.222879
15.507574
15.302265
14.570981
15.662949
15.430778
15.252145
14.797603
15.633850
15.691981
15.157571
15.368900
16.649881
17.153083
17.938666
17.826102
17.458547
16.621614
18.227801
17.469406
18.337233
18.086760
18.011218
17.819944
16.634144
17.781679
17.034127
17.497971
17.885824
13.731756
14.032730
 9.052571
 9.573476
 9.531522
11.361492
11.508186
11.037853
 9.582621
 9.591201
 8.660182
 9.498046
 8.609630
 8.959991
 8.591828
 9.749879
 9.844624
10.121501
10.436869
 9.909821
11.922366
11.560462
10.764987
10.680635
11.227795
12.343307
11.558413
12.499244
12.532280
13.001329
12.342310
13.047025
13.691037
13.962077
12.416654
13.665176
13.283117
12.928978
12.646095
11.823263
12.540188
12.524555
11.632054
12.726800
12.268327
12.154198
12.725701
11.777028
14.271115
15.032667
14.988367
14.809422
12.613171
12.763378
12.413324
12.965736
13.656779
14.623946
13.834781
13.520623
14.153980
14.228742
15.099950
14.674403
14.217806
14.219634
13.987673
14.635823
14.142323
14.913044
13.477701
13.325899
14.695122
15.425953
15.377728
15.885850
15.092519
14.267376
11.489203
11.886491
10.807368
 9.858058
10.799434
12.558223
12.220305
11.418833
12.815444
14.289149
14.786724
16.499872
15.267497
13.837176
14.796421
15.498157
13.713482
13.573499
12.263577
13.887254
12.534921
12.855889
12.356090
14.553810
14.982977
12.461428
13.699335
13.579003
 8.343409
 8.978500
 7.791369
 8.725699
 8.708693
 7.275974
 7.812835
 7.352425
11.197501
10.960679
12.258775
11.068387
11.636011
11.352379
11.240882
11.607645
14.013875
13.597070
13.119592
13.685943
13.266709
12.451486
13.371171
13.611576
13.866474
14.176955
13.450277
10.977821
10.937860
11.286382
11.394809
11.498509
11.163675
10.132209
10.940561
12.116101
11.147723
11.989665
11.408744
12.018818
13.115276
13.015964
13.981600
13.669080
14.395612
12.965828
13.032918
11.914483
11.458810
12.147950
11.932414
12.754327
13.934037
12.774235
13.023056
13.260528
12.760804
11.747031
12.663355
13.363122
10.824218
10.930733
10.798217
 9.579314
 9.692209
 9.718985
 9.915259
10.566418
10.296329
10.753987
10.605381
10.342519
10.454784
11.727664
12.142463
13.206814
11.601059
11.487409
12.152214
11.757754
11.836622
10.940655
11.231228
11.294175
11.257085
12.286615
11.850524
13.259188
12.873421
13.124515
12.438922
13.477100
13.550533
12.192344
12.455415
12.147785
13.054824
11.522995
13.498051
13.155556
12.802889
 9.225795
 9.300247
 9.522066
 9.690215
 9.577261
10.285112
10.159660
 8.645524
 9.186976
 8.558621
 9.245223
 9.213689
 8.844318
 9.910831
 9.509087
13.296573
13.148845
12.586928
12.827530
12.061066
12.135060
12.002887
11.155994
10.324203
10.344680
10.189710
10.927686
11.138229
11.739803
10.879601
11.280521
10.447772
11.648137
11.631440
11.611508
11.887594
11.100200
11.922247
11.254795
11.296919
11.985968
11.905664
11.555534
11.752778
11.220413
11.053741
10.834331
11.800376
12.001362
11.762778
12.112512
10.086752
10.839172
12.014461
12.262650
 9.624438
10.460813
12.865615
11.506959
13.193952
13.083670
13.019003
11.245266
10.925453
12.043070
11.757583
11.793081
10.401316
 9.600252
 9.949001
 9.080759
 8.344813
 9.044049
 8.758798
 9.376542
 8.350331
 8.223302
 8.721746
12.117692
12.579022
11.730760
12.913121
12.449701
13.178158
13.438798
13.732461
13.410398
12.855384
12.845398
12.204661
12.559515
 9.051494
10.126612
11.261271
12.947359
11.684409
10.800271
10.612284
10.810923
10.244593
10.924779
10.559885
11.837493
11.057361
11.158052
10.645623
11.248596
11.036339
11.096743
10.650267
11.128548
11.756761
11.874608
12.492780
12.156687
12.076350
11.382638
11.986532
11.788672
12.377542
12.871018
13.261372
12.266114
12.504401
10.478555
11.016606
11.500544
12.527841
11.720672
10.944283
11.223276
12.497271
11.216814
 9.933401
10.640196
10.084113
10.523582
10.505476
10.412411
11.438178
10.796979
10.191514
11.718979
11.442922
11.550009
11.283262
11.393059
11.448544
11.153610
11.718944
11.412441
11.474256
11.636883
11.325064
12.308927
12.823270
12.923214
13.023919
12.896122
13.379235
13.256629
12.152595
10.141279
12.149497
10.740673
10.167106
10.417116
11.068662
10.740380
10.349796
10.410143
11.218815
10.456981
10.640493
10.996904
10.988707
12.908124
13.779917
14.881678
14.045880
12.323772
13.085563
16.688270
15.944959
17.252428
17.253742
16.356969
16.602490
15.985235
17.583550
17.005028
17.555985
17.270948
15.594471
17.529504
16.991871
16.694262
16.399852
18.449927
18.256517
18.697445
19.431946
20.101435
19.493974
16.568552
18.285096
17.885541
16.923833
19.399883
17.425299
16.666319
17.475269
17.726795
17.928051
18.480761
17.507995
18.862956
18.985533
19.191167
19.320138
18.936763
18.831954
18.438693
17.365291
17.394628
17.386741
17.580930
17.161979
17.316930
16.438333
17.290046
18.056064
16.108266
17.181785
15.402265
16.258284
15.346971
15.236871
15.715086
15.441980
16.312706
16.655344
19.022790
18.908439
19.152520
17.876491
19.350499
10.472632
10.726317
10.689311
 9.663987
 8.769052
 9.304059
 9.305413
 9.044510
 9.411528
 9.225599
 9.214327
 9.786496
 9.590973
 9.756990
10.377313
10.076893
 9.546540
 9.697228
 9.940491
10.015649
 9.609034
 9.351445
 9.436039
 9.489604
10.159324
 9.161377
 9.397048
 9.804887
 9.957435
 9.383316
11.838326
11.471950
11.868008
11.179446
11.301796
11.107487
11.516847
11.833204
11.594195
11.133456
 9.947324
10.000278
10.286085
 9.874957
12.247201
11.388560
11.947102
11.755681
11.284096
12.416808
14.425937
12.327201
12.404921
11.074226
12.441724
14.397748
14.397992
15.063923
10.060810
 9.779197
10.485907
 9.469157
10.862258
11.857167
11.488942
10.792809
17.664140
17.571149
19.188932
20.808914
19.943484
20.285847
16.178846
15.949137
15.809327
15.665738
15.898480
15.487406
15.318561
17.025912
14.759790
16.124777
15.070027
14.910560
14.066580
13.854968
13.647177
12.625632
12.497277
12.933716
12.782618
11.296727
11.712452
11.660439
13.252283
12.596431
13.725087
13.712543
14.451567
13.108606
14.865368
14.234784
13.556754
13.448690
14.257144
14.423634
15.422715
15.921910
16.060932
18.253111
17.176044
18.165461
19.685755
20.672580
19.482104
20.778378
21.360489
21.779388
21.088455
20.839890
18.156277
18.603711
16.944863
17.070388
17.218914
17.322359
15.692739
13.393308
13.780765
11.945223
11.539268
12.625508
12.058292
14.620441
14.693389
14.441142
16.517297
17.534210
17.602539
17.391112
17.669774
17.210789
18.011337
20.832046
14.990206
15.663764
14.692176
14.218602
15.340611
14.615844
15.213384
14.830119
14.579455
15.560089
15.556855
16.464765
14.735215
15.167477
14.054335
13.456803
14.004491
13.588457
13.880442
12.936206
12.939425
11.089137
12.092538
10.756495
10.326787
10.497700
10.507200
 9.850964
10.522349
10.210209
 9.594952
12.655221
11.365524
12.420304
12.247877
12.186458
11.963820
10.499538
10.138073
14.747681
15.297407
14.361065
13.981674
15.646935
14.944407
13.664434
15.056559
13.664946
14.488070
14.173176
13.305333
13.677102
15.591112
15.651139
15.215617
15.430032
15.712931
15.351962
14.436996
13.637321
15.772851
15.265541
14.663833
13.451805
13.303061
14.140718
13.845926
14.160402
16.484372
14.779217
15.579876
15.928565
13.732802
16.099889
16.881312
16.919283
16.968457
17.054379
16.641969
17.027583
15.962000
15.246062
16.118401
15.956069
14.249873
12.426199
13.572715
13.373495
13.305681
13.415918
13.824920
13.057076
12.947054
13.860548
14.390178
14.053188
16.090103
14.419745
14.935311
14.611692
12.573223
15.043709
15.363220
14.605902
15.489496
14.447070
14.425598
14.816771
14.385519
13.833921
15.300610
13.957951
14.498061
12.942445
13.818522
16.823137
15.548626
16.344247
14.914258
14.967286
 9.884194
10.455415
11.042031
11.101162
10.234601
 9.528694
 9.854186
 9.181481
10.046963
10.291050
 9.711910
 9.683478
 9.534091
 8.960778
 9.128601
 9.314880
 9.403366
 9.712495
10.352637
 9.439742
 9.814763
 9.251478
 9.162301
 9.789434
10.988751
 9.884768
11.378753
11.228745
10.233816
10.845203
11.227673
11.613928
10.748130
10.297259
10.105663
12.641027
11.353510
11.789920
12.552044
11.315924
10.526402
10.474804
 9.999322
10.377144
10.771998
10.675408
10.446036
10.836286
 9.709509
10.061149
10.887665
15.373938
15.450169
15.889520
15.087042
14.432037
16.035807
15.365627
14.103007
14.027291
15.476415
14.597742
15.742997
14.841705
14.088901
14.183273
14.855613
15.181449
14.811703
14.674282
14.483449
14.106731
13.515182
13.495838
13.337151
12.547755
12.821254
12.567063
12.376947
13.453028
12.939886
12.644038
13.341302
13.668985
19.895562
18.502735
18.723751
20.608246
18.030307
18.322286
18.856784
20.878718
18.752938
16.185644
17.494720
16.110894
14.629279
14.652971
15.065483
14.463810
14.993117
14.887553
13.941295
14.941956
15.372236
15.826394
16.943777
16.333383
14.703011
14.206083
12.552648
14.079314
15.338637
14.735789
14.716998
14.739089
15.408670
14.408265
13.780681
13.784245
13.919567
13.007040
14.719426
14.544884
14.673345
13.722718
12.623734
13.485538
10.451179
10.295205
10.251957
10.610698
12.164895
12.035365
11.314165
12.178642
12.571794
16.458525
16.549627
15.986736
17.372739
16.651217
16.836293
16.106279
17.533956
16.375291
16.278622
17.150501
16.503770
16.253636
17.081129
17.210793
16.610101
18.738208
18.572387
17.607301
18.614544
17.375378
17.498043
16.939167
16.926373
21.180021
19.749389
19.911373
20.064344
20.865860
22.702331
22.897491
21.846102
22.115210
21.653158
21.268854
14.841990
14.929086
14.006013
14.927716
13.492675
15.016910
16.071688
16.474308
16.622006
12.416737
13.213480
12.043952
13.178734
12.363982
12.086060
12.305270
12.874058
12.627115
12.494278
12.759292
12.728752
12.228303
12.159117
10.713782
11.909925
11.274294
12.424379
13.819692
12.065784
13.295639
12.697549
12.779009
10.573327
11.187629
11.453390
11.752978
11.123487
11.861595
11.280602
10.964881
12.280125
14.537220
13.826486
13.159264
12.887044
11.753896
10.813279
11.478390
10.455589
10.205024
10.910937
10.937309
10.680841
 9.989758
11.100706
10.302466
11.172026
10.963377
10.586328
11.456641
10.413615
10.480673
10.455532
10.666090
10.518166
10.568796
10.561973
10.815566
 9.608572
 9.396878
10.440602
10.972233
11.269764
11.181780
11.699734
11.750858
10.607381
11.365426
11.017780
11.724101
13.251986
12.447798
11.985718
11.933852
12.599933
12.024107
11.131089
12.204389
11.974803
11.946617
11.118842
11.477168
10.781538
10.626847
10.726390
10.645187
11.011885
10.538040
 9.455015
10.068994
 9.560926
 9.829572
10.547959
10.686807
11.168248
10.321024
10.624089
10.017346
10.349159
10.379656
10.158922
10.092010
 9.876400
12.588944
13.108611
13.554483
14.291466
14.316646
12.442189
11.109116
11.795410
11.590912
11.820001
11.183649
10.423885
10.613918
11.240803
11.699762
10.911481
10.562799
10.633875
10.863542
 9.694976
10.635596
10.832392
11.153341
11.683898
10.570646
13.042224
13.224480
12.671410
13.306588
 9.716288
 9.130221
 9.291402
 9.163157
10.059807
 9.057762
 9.511099
 9.050008
 9.747096
 9.929369
 9.534428
 9.444186
 9.844933
 9.927932
 9.452141
10.179526
11.144364
10.801315
10.416751
15.119552
15.395882
14.884726
15.098167
14.559205
13.764991
13.491941
13.743893
13.803717
14.998228
14.343926
15.603386
15.820581
15.757177
15.552500
15.292631
15.543070
14.941466
14.933216
14.690526
14.497308
15.812261
14.671772
 9.287225
 8.760779
 9.529688
 8.313663
 8.934869
 8.594161
 8.944068
 8.357932
 8.758584
 8.873939
 9.746773
 9.516578
 9.099358
 8.492896
 8.328959
 8.929389
 8.958985
 9.187328
 9.998879
 9.926926
10.263771
 8.563260
 7.892094
 8.402983
 8.172902
 8.092700
 8.603671
 8.729291
 7.790981
 7.847651
 8.087349
 8.290740
 8.647548
 8.374146
 9.222239
 9.015616
 8.803166
 9.415864
 9.078993
 9.504376
 9.426135
 9.052640
 9.850428
 9.535831
 9.069621
 9.232401
 9.077156
 8.943660
 8.929623
 9.555985
 8.857515
 9.680536
 8.467630
 8.002684
19.281509
18.955227
20.008400
20.807070
21.229320
21.149377
21.862853
20.699917
21.370503
20.799217
20.564381
20.996387
12.799336
13.974494
13.532834
13.594812
12.153989
12.121973
11.892525
12.200808
13.600803
13.186699
12.800906
13.358094
11.082125
12.382372
12.010633
12.032732
12.750249
13.421673
11.839213
12.911011
13.246836
14.445814
13.229876
12.114524
13.255716
12.690980
12.069971
17.826707
17.627830
18.081379
16.918921
18.308742
17.029329
18.034065
18.575329
17.707405
19.334021
19.324786
18.366462
19.149744
12.109694
11.789623
12.487544
12.597083
12.485602
12.737302
12.528934
12.113460
13.591643
11.841884
12.885932
13.099393
13.147976
13.152683
12.568356
12.542183
12.620422
11.845769
11.698051
12.637649
12.977782
10.289642
11.661057
10.040141
15.149976
14.453214
14.299684
14.717359
13.059058
12.171720
11.419655
11.545070
13.042592
13.320719
13.710380
11.482541
12.083907
11.640236
12.002662
11.425726
11.764907
12.387658
12.563402
11.863459
12.282534
12.314665
11.969979
12.604021
12.406990
12.438136
12.347356
12.215509
11.471893
12.547820
11.423934
12.686225
13.680616
13.236663
13.493759
13.400397
12.441660
12.269540
12.650364
11.263282
11.563365
12.231364
12.395085
12.316000
12.135707
12.863227
12.418185
12.551065
10.804342
12.169473
12.681655
11.493864
12.081399
11.757999
10.831744
11.933010
12.094263
11.664474
10.927995
11.035898
12.000475
11.800358
10.091015
11.465286
12.991742
12.561824
12.338337
12.217273
14.542517
14.866471
14.926300
15.758135
14.410291
13.944207
13.686500
14.047562
14.414780
12.925723
14.733221
10.852717
12.489330
12.784765
11.322149
12.015222
13.897812
14.401959
13.125003
13.628165
11.750108
12.555774
12.506539
13.028562
12.371583
12.064063
13.818896
12.150151
12.122878
10.928036
11.450146
11.463483
11.564164
11.861034
11.884407
11.896888
12.472517
11.336558
13.391243
12.484602
12.206632
 9.991339
10.576264
11.550780
10.890996
10.776435
15.749726
16.113774
16.306606
15.625177
15.974380
16.046551
16.651204
16.968298
17.525676
17.305891
16.771314
14.994662
14.999307
14.306351
15.533307
14.412450
15.107084
12.391107
12.750675
12.271283
12.084874
13.428064
13.617022
13.830774
14.361427
13.601086
12.490139
12.924938
11.909033
12.948495
10.646295
10.908956
10.255953
10.552672
10.568229
10.376124
 9.869486
 9.716149
 9.214027
10.214939
11.641886
10.996187
11.429417
11.288195
11.887960
12.056495
12.609391
12.009683
 9.214560
 9.633102
 8.773684
 9.256398
 9.054969
10.524971
10.646632
10.476509
 9.665437
10.696883
 9.616043
10.242552
11.754862
12.055852
11.559226
11.756137
11.165285
10.658299
11.467448
11.608982
10.959613
10.638920
10.548803
11.226462
10.986580
13.586076
13.645930
12.871935
13.519842
14.556101
14.373587
16.139729
14.308071
14.094615
13.303947
13.359040
13.064059
12.582764
13.949110
13.078814
 8.491942
 7.917475
 8.706561
 8.054478
 8.818230
 7.044599
 8.100713
 7.860232
 7.888785
 7.613392
 7.375901
 6.950603
 7.447932
 7.974773
 7.533038
 8.203900
 7.622388
 9.865968
 8.953724
 8.793760
 8.651086
 9.883851
10.204555
10.233381
10.231464
10.648735
10.368544
10.127472
10.210231
10.160138
10.021486
10.215458
10.596559
10.529186
11.231961
 9.488612
10.407750
 9.060595
 9.898629
 9.347007
 9.190046
 9.460380
10.349277
10.488076
11.034488
11.168248
10.723798
10.697955
11.071867
10.971467
10.068543
10.763525
10.561225
10.566343
10.704417
10.517728
10.343771
10.070228
10.421676
10.006632
11.187660
11.493273
11.103750
11.727945
11.415624
12.659903
 7.782657
 7.623343
 7.791010
 7.782366
 8.224821
 7.992512
 7.567493
 7.698447
 7.464510
 7.887803
 8.195597
 7.621901
 8.292069
 7.702803
 7.449665
 9.561822
 8.717588
 8.730048
 9.301982
 9.034240
 9.680822
 8.283474
 8.171894
 7.807328
 7.604120
 7.184094
10.314466
10.981938
11.057683
11.186715
16.920768
15.231260
15.503166
15.505737
15.906172
17.230215
16.880112
17.426133
15.743563
15.772258
17.445155
16.510927
16.866130
16.814987
16.335789
15.547614
15.325975
 8.341623
 8.038615
 8.518044
 8.568009
 9.000584
 8.254998
 8.534624
 8.315532
 9.459260
 9.069148
 8.804362
 9.178638
 9.783320
 9.870586
10.105182
 8.041281
10.771493
10.168412
10.575796
11.866737
11.409002
12.057411
10.344627
10.730708
11.719013
10.060560
11.337338
11.178294
10.187914
 9.520081
 8.464961
 9.160732
 9.268269
 8.874970
 9.579312
 9.638670
 9.751963
 9.975173
10.372175
11.179176
 9.978508
 9.519317
10.131563
10.519643
10.778943
 9.964700
10.656568
10.514826
10.395083
10.014779
10.364023
10.155630
 8.659014
 9.265725
 9.159885
 9.536442
 9.572914
 9.533175
15.000259
14.426346
15.709730
14.186541
14.469583
14.296701
15.465214
15.162964
16.094949
15.516749
16.394432
17.191063
15.938793
15.716323
15.291759
15.025041
14.451722
15.428832
14.950131
17.562272
15.861747
15.664427
15.998695
15.431771
16.212966
15.999133
16.892754
15.383528
16.898896
16.908218
17.193446
15.164652
14.748603
16.225265
14.528903
14.625344
14.452814
15.231045
16.330829
14.715242
13.720547
15.106642
15.078863
14.585438
15.677985
15.606878
14.565951
14.894418
16.846741
17.940860
14.712495
14.851334
15.329613
13.981600
12.999159
13.915248
13.931290
13.484896
13.834018
12.694368
12.714405
14.549214
14.791584
12.881543
14.246796
14.563610
12.943523
14.815294
14.212768
15.264030
15.524385
15.973072
14.431006
14.912729
14.986762
16.138712
15.342977
16.404482
16.993300
17.725150
17.554279
18.158178
10.677532
 9.414673
11.183023
12.625284
11.228370
11.734984
12.282682
12.340703
10.647680
10.546175
10.881441
10.782602
13.282181
14.027517
12.907051
13.216795
13.281019
14.846437
12.966059
12.827482
12.168081
13.193869
12.116353
13.205139
13.098267
13.584433
13.065384
13.531220
13.265656
13.712620
11.926920
13.756210
15.519661
12.589403
13.208124
14.591918
13.498480
14.525450
20.167987
20.505584
20.675004
19.123773
20.573899
20.103575
20.108412
20.008930
17.924865
19.328386
18.107949
18.679053
19.202864
19.418464
17.803347
17.989915
19.061626
17.149742
16.579638
16.049822
18.835006
17.441476
17.780102
17.538894
16.092913
17.624536
16.749307
16.011649
18.331671
17.649923
17.459900
16.499399
17.949988
18.633231
17.137651
18.177378
18.260244
17.819325
17.383075
18.209115
13.976298
13.959454
13.551874
14.393213
13.978133
13.523371
13.533560
15.656014
14.505314
14.860721
14.328243
12.924717
11.488118
12.467876
13.084724
13.254857
13.340293
13.671200
14.040507
14.869512
14.716489
13.063889
12.828225
12.362021
12.543210
13.099396
13.418497
11.896079
16.298492
16.866753
16.339670
14.305774
16.283166
15.894559
15.437480
15.597312
14.846308
15.076766
14.930200
15.361063
14.629296
15.410493
15.947565
16.065256
15.168024
 7.817884
 7.459676
 7.788725
 7.997599
 7.905494
 7.456297
 7.755432
 7.133041
 8.499579
 7.958840
 9.277664
 8.502655
 8.892607
 8.284198
 8.429468
 8.550375
 8.972523
 9.011487
 8.712485
 8.201435
 8.846093
 8.696196
 8.489238
 7.440807
 8.220952
 8.671805
 8.167553
 8.162971
 8.406571
 8.513661
 8.083596
 8.849105
 8.661469
 8.300110
 8.586247
 8.802276
 8.649294
 8.172225
 9.120376
 8.397643
 9.077881
 9.146861
 9.517481
10.524744
 9.555673
10.361957
10.056306
10.214583
10.899914
 8.935876
 9.643118
 9.095438
 9.805494
12.227373
11.257597
11.691067
10.389947
11.180616
11.754034
11.198964
11.463758
10.642813
11.084774
10.572608
10.917742
10.249208
11.182440
10.769762
11.348785
11.132201
11.534587
11.856992
10.766353
11.805735
12.087011
11.914227
11.578239
12.488192
11.725920
10.983394
11.970455
11.436360
12.006643
11.498649
12.280704
12.251109
11.995879
10.368578
10.602775
10.858117
10.501992
10.547192
11.684808
12.467566
12.378966
13.567354
12.044618
12.744988
13.321791
13.597005
13.057723
 9.765792
 9.886883
10.416119
 8.404277
 8.696837
 8.421679
 7.237049
 9.942028
10.993100
10.849451
 8.866354
 8.807150
 9.083348
 9.825428
 9.083453
 8.639368
 8.120169
 7.266079
 8.167895
 8.555056
 8.653788
 8.381775
 8.989130
 8.617285
 8.761436
 8.606158
 8.927981
 9.093087
 8.348920
 9.396926
 9.253457
 9.028670
 8.927451
 8.871372
 8.924165
 9.012622
 9.442862
 8.919605
 8.654734
 8.616587
 8.793092
 8.312635
 8.592749
 7.722164
 8.253296
 7.982781
 7.800884
 9.296784
 8.449387
 8.853354
 9.162504
10.458051
 9.440110
13.283698
11.715832
12.525463
11.843771
11.172042
11.593953
12.685286
13.291597
12.841453
14.032877
13.887451
13.781550
14.260929
12.789647
12.047259
12.721475
13.545871
13.292843
12.757058
13.553544
12.821863
13.353148
12.288415
11.473240
11.732543
11.254278
19.581267
20.223624
18.778244
20.540687
21.514215
21.367705
20.686499
20.567202
20.950602
16.917379
16.024291
16.059337
17.060345
16.613785
15.962495
16.641832
17.203263
16.186382
17.425498
16.915644
17.520933
20.383436
19.843028
19.711938
18.181956
17.053057
18.236830
17.520422
18.189024
 9.777777
10.784564
10.840562
10.704058
11.083109
10.522899
10.783932
12.559659
11.033305
11.200220
10.001172
10.893538
 9.873534
10.043097
 9.671685
10.009043
 9.797293
 9.162163
 9.679051
11.268173
11.908552
10.891983
11.600427
11.343264
11.481405
10.531629
11.903136
11.140407
11.544598
11.055182
10.699208
11.985608
11.684298
 9.767918
 8.418857
 8.518973
 8.990949
10.699987
11.216165
10.184301
10.098669
11.128412
12.645784
12.321018
13.326195
11.809019
12.680960
11.411680
12.268652
16.084560
15.007917
15.697065
15.077555
15.187991
14.661254
16.070381
14.494294
14.190772
15.543113
18.408166
16.881796
19.116245
18.886318
18.012785
16.765618
17.882292
18.076625
18.828311
17.628868
18.953956
20.129500
19.930637
13.710768
12.644140
13.286882
13.689063
12.983380
12.676951
12.904410
12.241699
12.269486
12.033922
11.637799
12.313802
12.520157
14.243966
14.625434
14.465284
13.722754
14.214075
14.461638
14.510233
15.390358
15.018141
14.420224
14.501519
13.734032
16.378177
14.347191
15.172039
15.799070
14.385409
14.005225
13.704596
19.706537
19.757857
16.590305
16.367760
17.043319
19.345746
20.458855
21.041046
19.519683
21.035678
11.723580
12.148271
14.754195
14.674633
13.809072
13.769721
14.148685
15.217743
19.930290
19.365418
17.422683
17.450484
17.417479
17.123741
17.711484
17.737904
17.610366
16.869654
18.315278
18.200882
18.613530
17.972388
17.404237
18.878085
17.467582
19.363964
17.347452
17.687727
18.039095
17.590634
18.286856
19.397305
17.699593
20.118145
17.269676
18.288854
17.959916
17.746768
16.808193
16.702128
19.417403
18.307153
18.754607
17.391761
18.274320
15.521297
14.151420
14.747571
13.873252
15.246763
15.604206
14.106164
16.020770
15.315123
16.005782
15.165417
16.090857
13.721926
14.859266
13.667155
14.579792
14.070248
14.202822
14.422892
13.143117
13.681584
16.527896
15.537134
15.620529
14.634679
15.661099
16.029047
16.327842
15.774636
17.346693
16.603452
14.085145
14.203464
14.163234
13.163684
12.857909
13.019696
13.410001
14.028113
12.657454
13.476203
14.011338
12.257197
13.594082
13.735249
14.584134
14.555687
14.169175
14.933919
13.973621
14.215930
14.340575
14.680499
14.864533
18.185853
17.123023
17.734717
17.450674
19.187126
19.443650
19.315918
20.230651
16.470885
15.090597
14.523103
15.364894
15.792934
15.350561
14.792228
16.970459
15.691434
16.387980
15.493871
16.671545
16.363405
11.652883
11.150363
11.864573
11.347722
10.585854
14.605728
13.174896
13.523315
13.970472
11.295600
12.102376
10.621069
11.434913
10.951085
 9.748719
 8.913325
 9.023317
11.991213
13.099144
12.940965
14.476387
13.821894
16.079910
12.164198
12.936928
12.882134
11.113222
11.518894
10.709807
11.242652
11.975168
10.935774
11.773705
12.891722
13.640152
12.060737
11.759085
12.489081
13.027076
12.451081
12.300948
11.611708
13.305709
12.349913
 8.816599
 8.993343
 9.304919
 9.638506
 9.914282
10.207551
16.682872
16.815030
14.998262
14.121697
16.563401
16.183552
15.769463
15.576420
16.246662
14.779452
14.816081
10.201563
10.588943
10.381743
 9.892445
11.271570
11.907758
11.418841
11.193327
12.092867
11.639510
11.022976
 9.659960
10.835322
10.613942
10.558103
11.811577
11.560735
12.075719
12.225767
13.003670
11.723755
12.615532
12.765594
12.721568
12.164979
11.219770
10.792981
11.203774
11.771135
11.666627
12.462704
12.490757
12.040563
12.898880
12.391262
12.477148
11.568441
11.999204
12.187009
13.040681
13.115020
11.313934
11.828892
11.998819
11.807412
12.063681
12.280867
11.531752
10.951315
12.444861
11.482990
12.537871
12.628477
11.520388
11.027785
12.530895
10.101521
10.849006
10.605083
11.207064
11.850557
11.534786
10.768344
12.079389
11.227418
11.495394
12.616125
11.410543
11.714034
11.001866
11.567526
11.257469
11.446116
11.287635
12.320617
11.637887
10.859426
10.969652
10.613461
10.326630
 9.884634
10.513541
10.413056
10.361080
10.014812
10.305689
 9.653361
10.349099
10.209896
 9.006609
 8.285691
 9.105920
10.094275
10.276247
 8.945273
 9.681764
 9.342796
 8.992848
 8.810201
 9.690754
 9.391192
 9.020073
 8.663434
 8.603959
 8.898231
 9.553883
 9.024362
 8.739725
 9.261507
 7.861106
 8.139480
 8.012104
 8.451422
 8.962206
 9.257082
11.236381
11.387910
12.611319
13.429384
12.260380
12.095675
12.311958
12.551820
12.415942
12.990030
12.001092
12.793814
12.458409
12.643275
13.029918
12.293393
14.056796
13.180118
13.094940
18.690520
17.849479
18.558831
18.310918
18.424305
18.380200
20.839666
18.641112
17.282903
17.942029
17.133453
18.026353
18.079489
17.093466
16.754146
16.780971
20.726079
20.197141
20.375382
18.844849
21.495285
20.276848
19.830061
20.157554
18.808084
21.164234
22.497717
22.148124
22.825409
19.858646
19.631853
20.402523
19.715740
21.581028
20.824781
20.070074
22.754085
25.085601
20.227231
22.296330
24.614541
24.203408
24.625706
24.399585
15.727731
15.566649
15.901126
16.793655
15.453700
16.360948
16.026673
14.890717
15.613972
16.933081
15.991039
16.538391
16.322550
16.067142
17.337990
16.435743
16.098987
17.155938
17.980801
17.692476
14.597164
17.059617
17.053909
17.377564
16.752786
16.938199
17.812479
17.916843
19.128691
18.107851
17.268202
18.610902
17.792692
15.775780
16.103513
16.020265
23.497897
23.803226
22.912904
22.980867
22.478765
20.223991
20.985649
21.658172
20.016458
20.183931
22.383673
21.608324
17.817128
18.567710
18.733789
18.085305
19.203336
16.896084
18.590663
16.761637
17.006028
17.987064
17.347907
18.003582
17.724672
16.912757
17.177469
15.745571
17.449631
16.521845
16.595624
16.885602
17.430558
16.464157
17.307501
18.168664
19.565079
20.859866
20.127780
18.593859
18.777221
19.743748
20.199035
19.774456
21.026661
18.894171
20.357399
18.834708
19.361933
18.902987
19.503796
18.672967
19.877977
17.032155
17.148424
