1.0843605
0.9186549
1.0813529
1.0271850
1.0805208
0.9611089
1.0276039
0.9956042
0.9859482
1.0589828
1.0586274
0.9639898
0.9897597
1.0636371
1.0593699
1.0275754
1.0662906
0.9656962
0.8769043
0.9832217
0.9962241
1.0280041
0.9929392
1.0446511
0.9958522
0.9645264
1.0423551
0.9808287
0.9762941
1.0163822
1.0251578
0.9848980
0.9940815
0.9654160
0.9441598
0.9801812
1.0417712
0.9680854
1.0752759
1.0726013
1.0843605
0.9186549
1.0813529
1.0271850
1.0805208
0.9611089
1.0276039
0.9956042
0.9859482
1.0589828
1.0586274
0.9639898
0.9897597
1.0636371
1.0593699
1.0275754
1.0662906
0.9656962
0.8769043
0.9832217
0.9962241
1.0280041
0.9929392
1.0446511
0.9958522
0.9645264
1.0423551
0.9808287
0.9762941
1.0163822
1.0251578
0.9848980
0.9940815
0.9654160
0.9441598
0.9801812
1.0417712
0.9680854
1.0752759
1.0726013
1.0843605
0.9186549
1.0813529
1.0271850
1.0805208
0.9611089
1.0276039
0.9956042
0.9859482
1.0589828
1.0586274
0.9639898
0.9897597
1.0636371
1.0593699
1.0275754
1.0662906
0.9656962
0.8769043
0.9832217
0.9962241
1.0280041
0.9929392
1.0446511
0.9958522
0.9645264
1.0423551
0.9808287
0.9762941
1.0163822
1.0251578
0.9848980
0.9940815
0.9654160
0.9441598
0.9801812
1.0417712
0.9680854
1.0752759
1.0726013
1.0843605
0.9186549
1.0813529
1.0271850
1.0805208
0.9611089
1.0276039
0.9956042
0.9859482
1.0589828
1.0586274
0.9639898
0.9897597
1.0636371
1.0593699
1.0275754
1.0662906
0.9656962
0.8769043
0.9832217
0.9962241
1.0280041
0.9929392
1.0446511
0.9958522
0.9645264
1.0423551
0.9808287
0.9762941
1.0163822
1.0251578
0.9848980
0.9940815
0.9654160
0.9441598
0.9801812
1.0417712
0.9680854
1.0752759
1.0726013
1.0843605
0.9186549
1.0813529
1.0271850
1.0805208
0.9611089
1.0276039
0.9956042
0.9859482
1.0589828
1.0586274
0.9639898
0.9897597
1.0636371
1.0593699
1.0275754
1.0662906
0.9656962
0.8769043
0.9832217
0.9962241
1.0280041
0.9929392
1.0446511
0.9958522
0.9645264
1.0423551
0.9808287
0.9762941
1.0163822
1.0251578
0.9848980
0.9940815
0.9654160
0.9441598
0.9801812
1.0417712
0.9680854
1.0752759
1.0726013
1.0843605
0.9186549
1.0813529
1.0271850
1.0805208
0.9611089
1.0276039
0.9956042
0.9859482
1.0589828
1.0586274
0.9639898
0.9897597
1.0636371
1.0593699
1.0275754
1.0662906
0.9656962
0.8769043
0.9832217
0.9962241
1.0280041
0.9929392
1.0446511
0.9958522
0.9645264
1.0423551
0.9808287
0.9762941
1.0163822
1.0251578
0.9848980
0.9940815
0.9654160
0.9441598
0.9801812
1.0417712
0.9680854
1.0752759
1.0726013
1.0843605
0.9186549
1.0813529
1.0271850
1.0805208
0.9611089
1.0276039
0.9956042
0.9859482
1.0589828
1.0586274
0.9639898
0.9897597
1.0636371
1.0593699
1.0275754
1.0662906
0.9656962
0.8769043
0.9832217
0.9962241
1.0280041
0.9929392
1.0446511
0.9958522
0.9645264
1.0423551
0.9808287
0.9762941
1.0163822
1.0251578
0.9848980
0.9940815
0.9654160
0.9441598
0.9801812
1.0417712
0.9680854
1.0752759
1.0726013
1.0843605
0.9186549
1.0813529
1.0271850
1.0805208
0.9611089
1.0276039
0.9956042
0.9859482
1.0589828
1.0586274
0.9639898
0.9897597
1.0636371
1.0593699
1.0275754
1.0662906
0.9656962
0.8769043
0.9832217
0.9962241
1.0280041
0.9929392
1.0446511
0.9958522
0.9645264
1.0423551
0.9808287
0.9762941
1.0163822
1.0251578
0.9848980
0.9940815
0.9654160
0.9441598
0.9801812
1.0417712
0.9680854
1.0752759
1.0726013
1.0843605
0.9186549
1.0813529
1.0271850
1.0805208
0.9611089
1.0276039
0.9956042
0.9859482
1.0589828
1.0586274
0.9639898
0.9897597
1.0636371
1.0593699
1.0275754
1.0662906
0.9656962
0.8769043
0.9832217
0.9962241
1.0280041
0.9929392
1.0446511
0.9958522
0.9645264
1.0423551
0.9808287
0.9762941
1.0163822
1.0251578
0.9848980
0.9940815
0.9654160
0.9441598
0.9801812
1.0417712
0.9680854
1.0752759
1.0726013
1.0843605
0.9186549
1.0813529
1.0271850
1.0805208
0.9611089
1.0276039
0.9956042
0.9859482
1.0589828
1.0586274
0.9639898
0.9897597
1.0636371
1.0593699
1.0275754
1.0662906
0.9656962
0.8769043
0.9832217
0.9962241
1.0280041
0.9929392
1.0446511
0.9958522
0.9645264
1.0423551
0.9808287
0.9762941
1.0163822
1.0251578
0.9848980
0.9940815
0.9654160
0.9441598
0.9801812
1.0417712
0.9680854
1.0752759
1.0726013
1.0843605
0.9186549
1.0813529
1.0271850
1.0805208
0.9611089
1.0276039
0.9956042
0.9859482
1.0589828
1.0586274
0.9639898
0.9897597
1.0636371
1.0593699
1.0275754
1.0662906
0.9656962
0.8769043
0.9832217
0.9962241
1.0280041
0.9929392
1.0446511
0.9958522
0.9645264
1.0423551
0.9808287
0.9762941
1.0163822
1.0251578
0.9848980
0.9940815
0.9654160
0.9441598
0.9801812
1.0417712
0.9680854
1.0752759
1.0726013
1.0843605
0.9186549
1.0813529
1.0271850
1.0805208
0.9611089
1.0276039
0.9956042
0.9859482
1.0589828
1.0586274
0.9639898
0.9897597
1.0636371
1.0593699
1.0275754
1.0662906
0.9656962
0.8769043
0.9832217
0.9962241
1.0280041
0.9929392
1.0446511
0.9958522
0.9645264
1.0423551
0.9808287
0.9762941
1.0163822
1.0251578
0.9848980
0.9940815
0.9654160
0.9441598
0.9801812
1.0417712
0.9680854
1.0752759
1.0726013
1.0843605
0.9186549
1.0813529
1.0271850
1.0805208
0.9611089
1.0276039
0.9956042
0.9859482
1.0589828
1.0586274
0.9639898
0.9897597
1.0636371
1.0593699
1.0275754
1.0662906
0.9656962
0.8769043
0.9832217
0.9962241
1.0280041
0.9929392
1.0446511
0.9958522
0.9645264
1.0423551
0.9808287
0.9762941
1.0163822
1.0251578
0.9848980
0.9940815
0.9654160
0.9441598
0.9801812
1.0417712
0.9680854
1.0752759
1.0726013
1.0843605
0.9186549
1.0813529
1.0271850
1.0805208
0.9611089
1.0276039
0.9956042
0.9859482
1.0589828
1.0586274
0.9639898
0.9897597
1.0636371
1.0593699
1.0275754
1.0662906
0.9656962
0.8769043
0.9832217
0.9962241
1.0280041
0.9929392
1.0446511
0.9958522
0.9645264
1.0423551
0.9808287
0.9762941
1.0163822
1.0251578
0.9848980
0.9940815
0.9654160
0.9441598
0.9801812
1.0417712
0.9680854
1.0752759
1.0726013
1.0843605
0.9186549
1.0813529
1.0271850
1.0805208
0.9611089
1.0276039
0.9956042
0.9859482
1.0589828
1.0586274
0.9639898
0.9897597
1.0636371
1.0593699
1.0275754
1.0662906
0.9656962
0.8769043
0.9832217
0.9962241
1.0280041
0.9929392
1.0446511
0.9958522
0.9645264
1.0423551
0.9808287
0.9762941
1.0163822
1.0251578
0.9848980
0.9940815
0.9654160
0.9441598
0.9801812
1.0417712
0.9680854
1.0752759
1.0726013
1.0843605
0.9186549
1.0813529
1.0271850
1.0805208
0.9611089
1.0276039
0.9956042
0.9859482
1.0589828
1.0586274
0.9639898
0.9897597
1.0636371
1.0593699
1.0275754
1.0662906
0.9656962
0.8769043
0.9832217
0.9962241
1.0280041
0.9929392
1.0446511
0.9958522
0.9645264
1.0423551
0.9808287
0.9762941
1.0163822
1.0251578
0.9848980
0.9940815
0.9654160
0.9441598
0.9801812
1.0417712
0.9680854
1.0752759
1.0726013
1.0843605
0.9186549
1.0813529
1.0271850
1.0805208
0.9611089
1.0276039
0.9956042
0.9859482
1.0589828
1.0586274
0.9639898
0.9897597
1.0636371
1.0593699
1.0275754
1.0662906
0.9656962
0.8769043
0.9832217
0.9962241
1.0280041
0.9929392
1.0446511
0.9958522
0.9645264
1.0423551
0.9808287
0.9762941
1.0163822
1.0251578
0.9848980
0.9940815
0.9654160
0.9441598
0.9801812
1.0417712
0.9680854
1.0752759
1.0726013
1.0843605
0.9186549
1.0813529
1.0271850
1.0805208
0.9611089
1.0276039
0.9956042
0.9859482
1.0589828
1.0586274
0.9639898
0.9897597
1.0636371
1.0593699
1.0275754
1.0662906
0.9656962
0.8769043
0.9832217
0.9962241
1.0280041
0.9929392
1.0446511
0.9958522
0.9645264
1.0423551
0.9808287
0.9762941
1.0163822
1.0251578
0.9848980
0.9940815
0.9654160
0.9441598
0.9801812
1.0417712
0.9680854
1.0752759
1.0726013
1.0843605
0.9186549
1.0813529
1.0271850
1.0805208
0.9611089
1.0276039
0.9956042
0.9859482
1.0589828
1.0586274
0.9639898
0.9897597
1.0636371
1.0593699
1.0275754
1.0662906
0.9656962
0.8769043
0.9832217
0.9962241
1.0280041
0.9929392
1.0446511
0.9958522
0.9645264
1.0423551
0.9808287
0.9762941
1.0163822
1.0251578
0.9848980
0.9940815
0.9654160
0.9441598
0.9801812
1.0417712
0.9680854
1.0752759
1.0726013
1.0843605
0.9186549
1.0813529
1.0271850
1.0805208
0.9611089
1.0276039
0.9956042
0.9859482
1.0589828
1.0586274
0.9639898
0.9897597
1.0636371
1.0593699
1.0275754
1.0662906
0.9656962
0.8769043
0.9832217
0.9962241
1.0280041
0.9929392
1.0446511
0.9958522
0.9645264
1.0423551
0.9808287
0.9762941
1.0163822
1.0251578
0.9848980
0.9940815
0.9654160
0.9441598
0.9801812
1.0417712
0.9680854
1.0752759
1.0726013
1.0843605
0.9186549
1.0813529
1.0271850
1.0805208
0.9611089
1.0276039
0.9956042
0.9859482
1.0589828
1.0586274
0.9639898
0.9897597
1.0636371
1.0593699
1.0275754
1.0662906
0.9656962
0.8769043
0.9832217
0.9962241
1.0280041
0.9929392
1.0446511
0.9958522
0.9645264
1.0423551
0.9808287
0.9762941
1.0163822
1.0251578
0.9848980
0.9940815
0.9654160
0.9441598
0.9801812
1.0417712
0.9680854
1.0752759
1.0726013
1.0843605
0.9186549
1.0813529
1.0271850
1.0805208
0.9611089
1.0276039
0.9956042
0.9859482
1.0589828
1.0586274
0.9639898
0.9897597
1.0636371
1.0593699
1.0275754
1.0662906
0.9656962
0.8769043
0.9832217
0.9962241
1.0280041
0.9929392
1.0446511
0.9958522
0.9645264
1.0423551
0.9808287
0.9762941
1.0163822
1.0251578
0.9848980
0.9940815
0.9654160
0.9441598
0.9801812
1.0417712
0.9680854
1.0752759
1.0726013
1.0843605
0.9186549
1.0813529
1.0271850
1.0805208
0.9611089
1.0276039
0.9956042
0.9859482
1.0589828
1.0586274
0.9639898
0.9897597
1.0636371
1.0593699
1.0275754
1.0662906
0.9656962
0.8769043
0.9832217
0.9962241
1.0280041
0.9929392
1.0446511
0.9958522
0.9645264
1.0423551
0.9808287
0.9762941
1.0163822
1.0251578
0.9848980
0.9940815
0.9654160
0.9441598
0.9801812
1.0417712
0.9680854
1.0752759
1.0726013
1.0843605
0.9186549
1.0813529
1.0271850
1.0805208
0.9611089
1.0276039
0.9956042
0.9859482
1.0589828
1.0586274
0.9639898
0.9897597
1.0636371
1.0593699
1.0275754
1.0662906
0.9656962
0.8769043
0.9832217
0.9962241
1.0280041
0.9929392
1.0446511
0.9958522
0.9645264
1.0423551
0.9808287
0.9762941
1.0163822
1.0251578
0.9848980
0.9940815
0.9654160
0.9441598
0.9801812
1.0417712
0.9680854
1.0752759
1.0726013
1.0843605
0.9186549
1.0813529
1.0271850
1.0805208
0.9611089
1.0276039
0.9956042
0.9859482
1.0589828
1.0586274
0.9639898
0.9897597
1.0636371
1.0593699
1.0275754
1.0662906
0.9656962
0.8769043
0.9832217
0.9962241
1.0280041
0.9929392
1.0446511
0.9958522
0.9645264
1.0423551
0.9808287
0.9762941
1.0163822
1.0251578
0.9848980
0.9940815
0.9654160
0.9441598
0.9801812
1.0417712
0.9680854
1.0752759
1.0726013
1.0843605
0.9186549
1.0813529
1.0271850
1.0805208
0.9611089
1.0276039
0.9956042
0.9859482
1.0589828
1.0586274
0.9639898
0.9897597
1.0636371
1.0593699
1.0275754
1.0662906
0.9656962
0.8769043
0.9832217
0.9962241
1.0280041
0.9929392
1.0446511
0.9958522
0.9645264
1.0423551
0.9808287
0.9762941
1.0163822
1.0251578
0.9848980
0.9940815
0.9654160
0.9441598
0.9801812
1.0417712
0.9680854
1.0752759
1.0726013
1.0843605
0.9186549
1.0813529
1.0271850
1.0805208
0.9611089
1.0276039
0.9956042
0.9859482
1.0589828
1.0586274
0.9639898
0.9897597
1.0636371
1.0593699
1.0275754
1.0662906
0.9656962
0.8769043
0.9832217
0.9962241
1.0280041
0.9929392
1.0446511
0.9958522
0.9645264
1.0423551
0.9808287
0.9762941
1.0163822
1.0251578
0.9848980
0.9940815
0.9654160
0.9441598
0.9801812
1.0417712
0.9680854
1.0752759
1.0726013
1.0843605
0.9186549
1.0813529
1.0271850
1.0805208
0.9611089
1.0276039
0.9956042
0.9859482
1.0589828
1.0586274
0.9639898
0.9897597
1.0636371
1.0593699
1.0275754
1.0662906
0.9656962
0.8769043
0.9832217
0.9962241
1.0280041
0.9929392
1.0446511
0.9958522
0.9645264
1.0423551
0.9808287
0.9762941
1.0163822
1.0251578
0.9848980
0.9940815
0.9654160
0.9441598
0.9801812
1.0417712
0.9680854
1.0752759
1.0726013
1.0843605
0.9186549
1.0813529
1.0271850
1.0805208
0.9611089
1.0276039
0.9956042
0.9859482
1.0589828
1.0586274
0.9639898
0.9897597
1.0636371
1.0593699
1.0275754
1.0662906
0.9656962
0.8769043
0.9832217
0.9962241
1.0280041
0.9929392
1.0446511
0.9958522
0.9645264
1.0423551
0.9808287
0.9762941
1.0163822
1.0251578
0.9848980
0.9940815
0.9654160
0.9441598
0.9801812
1.0417712
0.9680854
1.0752759
1.0726013
1.0843605
0.9186549
1.0813529
1.0271850
1.0805208
0.9611089
1.0276039
0.9956042
0.9859482
1.0589828
1.0586274
0.9639898
0.9897597
1.0636371
1.0593699
1.0275754
1.0662906
0.9656962
0.8769043
0.9832217
0.9962241
1.0280041
0.9929392
1.0446511
0.9958522
0.9645264
1.0423551
0.9808287
0.9762941
1.0163822
1.0251578
0.9848980
0.9940815
0.9654160
0.9441598
0.9801812
1.0417712
0.9680854
1.0752759
1.0726013
1.0843605
0.9186549
1.0813529
1.0271850
1.0805208
0.9611089
1.0276039
0.9956042
0.9859482
1.0589828
1.0586274
0.9639898
0.9897597
1.0636371
1.0593699
1.0275754
1.0662906
0.9656962
0.8769043
0.9832217
0.9962241
1.0280041
0.9929392
1.0446511
0.9958522
0.9645264
1.0423551
0.9808287
0.9762941
1.0163822
1.0251578
0.9848980
0.9940815
0.9654160
0.9441598
0.9801812
1.0417712
0.9680854
1.0752759
1.0726013
1.0843605
0.9186549
1.0813529
1.0271850
1.0805208
0.9611089
1.0276039
0.9956042
0.9859482
1.0589828
1.0586274
0.9639898
0.9897597
1.0636371
1.0593699
1.0275754
1.0662906
0.9656962
0.8769043
0.9832217
0.9962241
1.0280041
0.9929392
1.0446511
0.9958522
0.9645264
1.0423551
0.9808287
0.9762941
1.0163822
1.0251578
0.9848980
0.9940815
0.9654160
0.9441598
0.9801812
1.0417712
0.9680854
1.0752759
1.0726013
1.0843605
0.9186549
1.0813529
1.0271850
1.0805208
0.9611089
1.0276039
0.9956042
0.9859482
1.0589828
1.0586274
0.9639898
0.9897597
1.0636371
1.0593699
1.0275754
1.0662906
0.9656962
0.8769043
0.9832217
0.9962241
1.0280041
0.9929392
1.0446511
0.9958522
0.9645264
1.0423551
0.9808287
0.9762941
1.0163822
1.0251578
0.9848980
0.9940815
0.9654160
0.9441598
0.9801812
1.0417712
0.9680854
1.0752759
1.0726013
1.0843605
0.9186549
1.0813529
1.0271850
1.0805208
0.9611089
1.0276039
0.9956042
0.9859482
1.0589828
1.0586274
0.9639898
0.9897597
1.0636371
1.0593699
1.0275754
1.0662906
0.9656962
0.8769043
0.9832217
0.9962241
1.0280041
0.9929392
1.0446511
0.9958522
0.9645264
1.0423551
0.9808287
0.9762941
1.0163822
1.0251578
0.9848980
0.9940815
0.9654160
0.9441598
0.9801812
1.0417712
0.9680854
1.0752759
1.0726013
1.0843605
0.9186549
1.0813529
1.0271850
1.0805208
0.9611089
1.0276039
0.9956042
0.9859482
1.0589828
1.0586274
0.9639898
0.9897597
1.0636371
1.0593699
1.0275754
1.0662906
0.9656962
0.8769043
0.9832217
0.9962241
1.0280041
0.9929392
1.0446511
0.9958522
0.9645264
1.0423551
0.9808287
0.9762941
1.0163822
1.0251578
0.9848980
0.9940815
0.9654160
0.9441598
0.9801812
1.0417712
0.9680854
1.0752759
1.0726013
1.0843605
0.9186549
1.0813529
1.0271850
1.0805208
0.9611089
1.0276039
0.9956042
0.9859482
1.0589828
1.0586274
0.9639898
0.9897597
1.0636371
1.0593699
1.0275754
1.0662906
0.9656962
0.8769043
0.9832217
0.9962241
1.0280041
0.9929392
1.0446511
0.9958522
0.9645264
1.0423551
0.9808287
0.9762941
1.0163822
1.0251578
0.9848980
0.9940815
0.9654160
0.9441598
0.9801812
1.0417712
0.9680854
1.0752759
1.0726013
1.0843605
0.9186549
1.0813529
1.0271850
1.0805208
0.9611089
1.0276039
0.9956042
0.9859482
1.0589828
1.0586274
0.9639898
0.9897597
1.0636371
1.0593699
1.0275754
1.0662906
0.9656962
0.8769043
0.9832217
0.9962241
1.0280041
0.9929392
1.0446511
0.9958522
0.9645264
1.0423551
0.9808287
0.9762941
1.0163822
1.0251578
0.9848980
0.9940815
0.9654160
0.9441598
0.9801812
1.0417712
0.9680854
1.0752759
1.0726013
1.0843605
0.9186549
1.0813529
1.0271850
1.0805208
0.9611089
1.0276039
0.9956042
0.9859482
1.0589828
1.0586274
0.9639898
0.9897597
1.0636371
1.0593699
1.0275754
1.0662906
0.9656962
0.8769043
0.9832217
0.9962241
1.0280041
0.9929392
1.0446511
0.9958522
0.9645264
1.0423551
0.9808287
0.9762941
1.0163822
1.0251578
0.9848980
0.9940815
0.9654160
0.9441598
0.9801812
1.0417712
0.9680854
1.0752759
1.0726013
1.0843605
0.9186549
1.0813529
1.0271850
1.0805208
0.9611089
1.0276039
0.9956042
0.9859482
1.0589828
1.0586274
0.9639898
0.9897597
1.0636371
1.0593699
1.0275754
1.0662906
0.9656962
0.8769043
0.9832217
0.9962241
1.0280041
0.9929392
1.0446511
0.9958522
0.9645264
1.0423551
0.9808287
0.9762941
1.0163822
1.0251578
0.9848980
0.9940815
0.9654160
0.9441598
0.9801812
1.0417712
0.9680854
1.0752759
1.0726013
1.0843605
0.9186549
1.0813529
1.0271850
1.0805208
0.9611089
1.0276039
0.9956042
0.9859482
1.0589828
1.0586274
0.9639898
0.9897597
1.0636371
1.0593699
1.0275754
1.0662906
0.9656962
0.8769043
0.9832217
0.9962241
1.0280041
0.9929392
1.0446511
0.9958522
0.9645264
1.0423551
0.9808287
0.9762941
1.0163822
1.0251578
0.9848980
0.9940815
0.9654160
0.9441598
0.9801812
1.0417712
0.9680854
1.0752759
1.0726013
1.0843605
0.9186549
1.0813529
1.0271850
1.0805208
0.9611089
1.0276039
0.9956042
0.9859482
1.0589828
1.0586274
0.9639898
0.9897597
1.0636371
1.0593699
1.0275754
1.0662906
0.9656962
0.8769043
0.9832217
0.9962241
1.0280041
0.9929392
1.0446511
0.9958522
0.9645264
1.0423551
0.9808287
0.9762941
1.0163822
1.0251578
0.9848980
0.9940815
0.9654160
0.9441598
0.9801812
1.0417712
0.9680854
1.0752759
1.0726013
1.0843605
0.9186549
1.0813529
1.0271850
1.0805208
0.9611089
1.0276039
0.9956042
0.9859482
1.0589828
1.0586274
0.9639898
0.9897597
1.0636371
1.0593699
1.0275754
1.0662906
0.9656962
0.8769043
0.9832217
0.9962241
1.0280041
0.9929392
1.0446511
0.9958522
0.9645264
1.0423551
0.9808287
0.9762941
1.0163822
1.0251578
0.9848980
0.9940815
0.9654160
0.9441598
0.9801812
1.0417712
0.9680854
1.0752759
1.0726013
1.0843605
0.9186549
1.0813529
1.0271850
1.0805208
0.9611089
1.0276039
0.9956042
0.9859482
1.0589828
1.0586274
0.9639898
0.9897597
1.0636371
1.0593699
1.0275754
1.0662906
0.9656962
0.8769043
0.9832217
0.9962241
1.0280041
0.9929392
1.0446511
0.9958522
0.9645264
1.0423551
0.9808287
0.9762941
1.0163822
1.0251578
0.9848980
0.9940815
0.9654160
0.9441598
0.9801812
1.0417712
0.9680854
1.0752759
1.0726013
1.0843605
0.9186549
1.0813529
1.0271850
1.0805208
0.9611089
1.0276039
0.9956042
0.9859482
1.0589828
1.0586274
0.9639898
0.9897597
1.0636371
1.0593699
1.0275754
1.0662906
0.9656962
0.8769043
0.9832217
0.9962241
1.0280041
0.9929392
1.0446511
0.9958522
0.9645264
1.0423551
0.9808287
0.9762941
1.0163822
1.0251578
0.9848980
0.9940815
0.9654160
0.9441598
0.9801812
1.0417712
0.9680854
1.0752759
1.0726013
1.0843605
0.9186549
1.0813529
1.0271850
1.0805208
0.9611089
1.0276039
0.9956042
0.9859482
1.0589828
1.0586274
0.9639898
0.9897597
1.0636371
1.0593699
1.0275754
1.0662906
0.9656962
0.8769043
0.9832217
0.9962241
1.0280041
0.9929392
1.0446511
0.9958522
0.9645264
1.0423551
0.9808287
0.9762941
1.0163822
1.0251578
0.9848980
0.9940815
0.9654160
0.9441598
0.9801812
1.0417712
0.9680854
1.0752759
1.0726013
1.0843605
0.9186549
1.0813529
1.0271850
1.0805208
0.9611089
1.0276039
0.9956042
0.9859482
1.0589828
1.0586274
0.9639898
0.9897597
1.0636371
1.0593699
1.0275754
1.0662906
0.9656962
0.8769043
0.9832217
0.9962241
1.0280041
0.9929392
1.0446511
0.9958522
0.9645264
1.0423551
0.9808287
0.9762941
1.0163822
1.0251578
0.9848980
0.9940815
0.9654160
0.9441598
0.9801812
1.0417712
0.9680854
1.0752759
1.0726013
1.0843605
0.9186549
1.0813529
1.0271850
1.0805208
0.9611089
1.0276039
0.9956042
0.9859482
1.0589828
1.0586274
0.9639898
0.9897597
1.0636371
1.0593699
1.0275754
1.0662906
0.9656962
0.8769043
0.9832217
0.9962241
1.0280041
0.9929392
1.0446511
0.9958522
0.9645264
1.0423551
0.9808287
0.9762941
1.0163822
1.0251578
0.9848980
0.9940815
0.9654160
0.9441598
0.9801812
1.0417712
0.9680854
1.0752759
1.0726013
1.0843605
0.9186549
1.0813529
1.0271850
1.0805208
0.9611089
1.0276039
0.9956042
0.9859482
1.0589828
1.0586274
0.9639898
0.9897597
1.0636371
1.0593699
1.0275754
1.0662906
0.9656962
0.8769043
0.9832217
0.9962241
1.0280041
0.9929392
1.0446511
0.9958522
0.9645264
1.0423551
0.9808287
0.9762941
1.0163822
1.0251578
0.9848980
0.9940815
0.9654160
0.9441598
0.9801812
1.0417712
0.9680854
1.0752759
1.0726013
1.0843605
0.9186549
1.0813529
1.0271850
1.0805208
0.9611089
1.0276039
0.9956042
0.9859482
1.0589828
1.0586274
0.9639898
0.9897597
1.0636371
1.0593699
1.0275754
1.0662906
0.9656962
0.8769043
0.9832217
0.9962241
1.0280041
0.9929392
1.0446511
0.9958522
0.9645264
1.0423551
0.9808287
0.9762941
1.0163822
1.0251578
0.9848980
0.9940815
0.9654160
0.9441598
0.9801812
1.0417712
0.9680854
1.0752759
1.0726013
1.0843605
0.9186549
1.0813529
1.0271850
1.0805208
0.9611089
1.0276039
0.9956042
0.9859482
1.0589828
1.0586274
0.9639898
0.9897597
1.0636371
1.0593699
1.0275754
1.0662906
0.9656962
0.8769043
0.9832217
0.9962241
1.0280041
0.9929392
1.0446511
0.9958522
0.9645264
1.0423551
0.9808287
0.9762941
1.0163822
1.0251578
0.9848980
0.9940815
0.9654160
0.9441598
0.9801812
1.0417712
0.9680854
1.0752759
1.0726013
