0.4699745
0.5263701
0.4845908
0.4997870
0.5350458
0.4973517
0.5044401
0.5033321
0.4878867
0.4825513
0.4717052
0.5154289
0.4941695
0.5222476
0.5033999
0.4952971
0.5206933
0.4807631
0.4937038
0.5072384
0.5234997
0.4806945
0.4949757
0.5078851
0.5152923
0.5280427
0.5001608
0.4871585
0.5267198
0.4689770
0.5351032
0.4999273
0.4889374
0.5181909
0.5070820
0.5129606
0.5294038
0.5247445
0.5124537
0.4969705
0.4699745
0.5263701
0.4845908
0.4997870
0.5350458
0.4973517
0.5044401
0.5033321
0.4878867
0.4825513
0.4717052
0.5154289
0.4941695
0.5222476
0.5033999
0.4952971
0.5206933
0.4807631
0.4937038
0.5072384
0.5234997
0.4806945
0.4949757
0.5078851
0.5152923
0.5280427
0.5001608
0.4871585
0.5267198
0.4689770
0.5351032
0.4999273
0.4889374
0.5181909
0.5070820
0.5129606
0.5294038
0.5247445
0.5124537
0.4969705
0.4699745
0.5263701
0.4845908
0.4997870
0.5350458
0.4973517
0.5044401
0.5033321
0.4878867
0.4825513
0.4717052
0.5154289
0.4941695
0.5222476
0.5033999
0.4952971
0.5206933
0.4807631
0.4937038
0.5072384
0.5234997
0.4806945
0.4949757
0.5078851
0.5152923
0.5280427
0.5001608
0.4871585
0.5267198
0.4689770
0.5351032
0.4999273
0.4889374
0.5181909
0.5070820
0.5129606
0.5294038
0.5247445
0.5124537
0.4969705
0.4699745
0.5263701
0.4845908
0.4997870
0.5350458
0.4973517
0.5044401
0.5033321
0.4878867
0.4825513
0.4717052
0.5154289
0.4941695
0.5222476
0.5033999
0.4952971
0.5206933
0.4807631
0.4937038
0.5072384
0.5234997
0.4806945
0.4949757
0.5078851
0.5152923
0.5280427
0.5001608
0.4871585
0.5267198
0.4689770
0.5351032
0.4999273
0.4889374
0.5181909
0.5070820
0.5129606
0.5294038
0.5247445
0.5124537
0.4969705
0.4699745
0.5263701
0.4845908
0.4997870
0.5350458
0.4973517
0.5044401
0.5033321
0.4878867
0.4825513
0.4717052
0.5154289
0.4941695
0.5222476
0.5033999
0.4952971
0.5206933
0.4807631
0.4937038
0.5072384
0.5234997
0.4806945
0.4949757
0.5078851
0.5152923
0.5280427
0.5001608
0.4871585
0.5267198
0.4689770
0.5351032
0.4999273
0.4889374
0.5181909
0.5070820
0.5129606
0.5294038
0.5247445
0.5124537
0.4969705
0.4699745
0.5263701
0.4845908
0.4997870
0.5350458
0.4973517
0.5044401
0.5033321
0.4878867
0.4825513
0.4717052
0.5154289
0.4941695
0.5222476
0.5033999
0.4952971
0.5206933
0.4807631
0.4937038
0.5072384
0.5234997
0.4806945
0.4949757
0.5078851
0.5152923
0.5280427
0.5001608
0.4871585
0.5267198
0.4689770
0.5351032
0.4999273
0.4889374
0.5181909
0.5070820
0.5129606
0.5294038
0.5247445
0.5124537
0.4969705
0.4699745
0.5263701
0.4845908
0.4997870
0.5350458
0.4973517
0.5044401
0.5033321
0.4878867
0.4825513
0.4717052
0.5154289
0.4941695
0.5222476
0.5033999
0.4952971
0.5206933
0.4807631
0.4937038
0.5072384
0.5234997
0.4806945
0.4949757
0.5078851
0.5152923
0.5280427
0.5001608
0.4871585
0.5267198
0.4689770
0.5351032
0.4999273
0.4889374
0.5181909
0.5070820
0.5129606
0.5294038
0.5247445
0.5124537
0.4969705
0.4699745
0.5263701
0.4845908
0.4997870
0.5350458
0.4973517
0.5044401
0.5033321
0.4878867
0.4825513
0.4717052
0.5154289
0.4941695
0.5222476
0.5033999
0.4952971
0.5206933
0.4807631
0.4937038
0.5072384
0.5234997
0.4806945
0.4949757
0.5078851
0.5152923
0.5280427
0.5001608
0.4871585
0.5267198
0.4689770
0.5351032
0.4999273
0.4889374
0.5181909
0.5070820
0.5129606
0.5294038
0.5247445
0.5124537
0.4969705
0.4699745
0.5263701
0.4845908
0.4997870
0.5350458
0.4973517
0.5044401
0.5033321
0.4878867
0.4825513
0.4717052
0.5154289
0.4941695
0.5222476
0.5033999
0.4952971
0.5206933
0.4807631
0.4937038
0.5072384
0.5234997
0.4806945
0.4949757
0.5078851
0.5152923
0.5280427
0.5001608
0.4871585
0.5267198
0.4689770
0.5351032
0.4999273
0.4889374
0.5181909
0.5070820
0.5129606
0.5294038
0.5247445
0.5124537
0.4969705
0.4699745
0.5263701
0.4845908
0.4997870
0.5350458
0.4973517
0.5044401
0.5033321
0.4878867
0.4825513
0.4717052
0.5154289
0.4941695
0.5222476
0.5033999
0.4952971
0.5206933
0.4807631
0.4937038
0.5072384
0.5234997
0.4806945
0.4949757
0.5078851
0.5152923
0.5280427
0.5001608
0.4871585
0.5267198
0.4689770
0.5351032
0.4999273
0.4889374
0.5181909
0.5070820
0.5129606
0.5294038
0.5247445
0.5124537
0.4969705
0.4699745
0.5263701
0.4845908
0.4997870
0.5350458
0.4973517
0.5044401
0.5033321
0.4878867
0.4825513
0.4717052
0.5154289
0.4941695
0.5222476
0.5033999
0.4952971
0.5206933
0.4807631
0.4937038
0.5072384
0.5234997
0.4806945
0.4949757
0.5078851
0.5152923
0.5280427
0.5001608
0.4871585
0.5267198
0.4689770
0.5351032
0.4999273
0.4889374
0.5181909
0.5070820
0.5129606
0.5294038
0.5247445
0.5124537
0.4969705
0.4699745
0.5263701
0.4845908
0.4997870
0.5350458
0.4973517
0.5044401
0.5033321
0.4878867
0.4825513
0.4717052
0.5154289
0.4941695
0.5222476
0.5033999
0.4952971
0.5206933
0.4807631
0.4937038
0.5072384
0.5234997
0.4806945
0.4949757
0.5078851
0.5152923
0.5280427
0.5001608
0.4871585
0.5267198
0.4689770
0.5351032
0.4999273
0.4889374
0.5181909
0.5070820
0.5129606
0.5294038
0.5247445
0.5124537
0.4969705
0.4699745
0.5263701
0.4845908
0.4997870
0.5350458
0.4973517
0.5044401
0.5033321
0.4878867
0.4825513
0.4717052
0.5154289
0.4941695
0.5222476
0.5033999
0.4952971
0.5206933
0.4807631
0.4937038
0.5072384
0.5234997
0.4806945
0.4949757
0.5078851
0.5152923
0.5280427
0.5001608
0.4871585
0.5267198
0.4689770
0.5351032
0.4999273
0.4889374
0.5181909
0.5070820
0.5129606
0.5294038
0.5247445
0.5124537
0.4969705
0.4699745
0.5263701
0.4845908
0.4997870
0.5350458
0.4973517
0.5044401
0.5033321
0.4878867
0.4825513
0.4717052
0.5154289
0.4941695
0.5222476
0.5033999
0.4952971
0.5206933
0.4807631
0.4937038
0.5072384
0.5234997
0.4806945
0.4949757
0.5078851
0.5152923
0.5280427
0.5001608
0.4871585
0.5267198
0.4689770
0.5351032
0.4999273
0.4889374
0.5181909
0.5070820
0.5129606
0.5294038
0.5247445
0.5124537
0.4969705
0.4699745
0.5263701
0.4845908
0.4997870
0.5350458
0.4973517
0.5044401
0.5033321
0.4878867
0.4825513
0.4717052
0.5154289
0.4941695
0.5222476
0.5033999
0.4952971
0.5206933
0.4807631
0.4937038
0.5072384
0.5234997
0.4806945
0.4949757
0.5078851
0.5152923
0.5280427
0.5001608
0.4871585
0.5267198
0.4689770
0.5351032
0.4999273
0.4889374
0.5181909
0.5070820
0.5129606
0.5294038
0.5247445
0.5124537
0.4969705
0.4699745
0.5263701
0.4845908
0.4997870
0.5350458
0.4973517
0.5044401
0.5033321
0.4878867
0.4825513
0.4717052
0.5154289
0.4941695
0.5222476
0.5033999
0.4952971
0.5206933
0.4807631
0.4937038
0.5072384
0.5234997
0.4806945
0.4949757
0.5078851
0.5152923
0.5280427
0.5001608
0.4871585
0.5267198
0.4689770
0.5351032
0.4999273
0.4889374
0.5181909
0.5070820
0.5129606
0.5294038
0.5247445
0.5124537
0.4969705
0.4699745
0.5263701
0.4845908
0.4997870
0.5350458
0.4973517
0.5044401
0.5033321
0.4878867
0.4825513
0.4717052
0.5154289
0.4941695
0.5222476
0.5033999
0.4952971
0.5206933
0.4807631
0.4937038
0.5072384
0.5234997
0.4806945
0.4949757
0.5078851
0.5152923
0.5280427
0.5001608
0.4871585
0.5267198
0.4689770
0.5351032
0.4999273
0.4889374
0.5181909
0.5070820
0.5129606
0.5294038
0.5247445
0.5124537
0.4969705
0.4699745
0.5263701
0.4845908
0.4997870
0.5350458
0.4973517
0.5044401
0.5033321
0.4878867
0.4825513
0.4717052
0.5154289
0.4941695
0.5222476
0.5033999
0.4952971
0.5206933
0.4807631
0.4937038
0.5072384
0.5234997
0.4806945
0.4949757
0.5078851
0.5152923
0.5280427
0.5001608
0.4871585
0.5267198
0.4689770
0.5351032
0.4999273
0.4889374
0.5181909
0.5070820
0.5129606
0.5294038
0.5247445
0.5124537
0.4969705
0.4699745
0.5263701
0.4845908
0.4997870
0.5350458
0.4973517
0.5044401
0.5033321
0.4878867
0.4825513
0.4717052
0.5154289
0.4941695
0.5222476
0.5033999
0.4952971
0.5206933
0.4807631
0.4937038
0.5072384
0.5234997
0.4806945
0.4949757
0.5078851
0.5152923
0.5280427
0.5001608
0.4871585
0.5267198
0.4689770
0.5351032
0.4999273
0.4889374
0.5181909
0.5070820
0.5129606
0.5294038
0.5247445
0.5124537
0.4969705
0.4699745
0.5263701
0.4845908
0.4997870
0.5350458
0.4973517
0.5044401
0.5033321
0.4878867
0.4825513
0.4717052
0.5154289
0.4941695
0.5222476
0.5033999
0.4952971
0.5206933
0.4807631
0.4937038
0.5072384
0.5234997
0.4806945
0.4949757
0.5078851
0.5152923
0.5280427
0.5001608
0.4871585
0.5267198
0.4689770
0.5351032
0.4999273
0.4889374
0.5181909
0.5070820
0.5129606
0.5294038
0.5247445
0.5124537
0.4969705
0.4699745
0.5263701
0.4845908
0.4997870
0.5350458
0.4973517
0.5044401
0.5033321
0.4878867
0.4825513
0.4717052
0.5154289
0.4941695
0.5222476
0.5033999
0.4952971
0.5206933
0.4807631
0.4937038
0.5072384
0.5234997
0.4806945
0.4949757
0.5078851
0.5152923
0.5280427
0.5001608
0.4871585
0.5267198
0.4689770
0.5351032
0.4999273
0.4889374
0.5181909
0.5070820
0.5129606
0.5294038
0.5247445
0.5124537
0.4969705
0.4699745
0.5263701
0.4845908
0.4997870
0.5350458
0.4973517
0.5044401
0.5033321
0.4878867
0.4825513
0.4717052
0.5154289
0.4941695
0.5222476
0.5033999
0.4952971
0.5206933
0.4807631
0.4937038
0.5072384
0.5234997
0.4806945
0.4949757
0.5078851
0.5152923
0.5280427
0.5001608
0.4871585
0.5267198
0.4689770
0.5351032
0.4999273
0.4889374
0.5181909
0.5070820
0.5129606
0.5294038
0.5247445
0.5124537
0.4969705
0.4699745
0.5263701
0.4845908
0.4997870
0.5350458
0.4973517
0.5044401
0.5033321
0.4878867
0.4825513
0.4717052
0.5154289
0.4941695
0.5222476
0.5033999
0.4952971
0.5206933
0.4807631
0.4937038
0.5072384
0.5234997
0.4806945
0.4949757
0.5078851
0.5152923
0.5280427
0.5001608
0.4871585
0.5267198
0.4689770
0.5351032
0.4999273
0.4889374
0.5181909
0.5070820
0.5129606
0.5294038
0.5247445
0.5124537
0.4969705
0.4699745
0.5263701
0.4845908
0.4997870
0.5350458
0.4973517
0.5044401
0.5033321
0.4878867
0.4825513
0.4717052
0.5154289
0.4941695
0.5222476
0.5033999
0.4952971
0.5206933
0.4807631
0.4937038
0.5072384
0.5234997
0.4806945
0.4949757
0.5078851
0.5152923
0.5280427
0.5001608
0.4871585
0.5267198
0.4689770
0.5351032
0.4999273
0.4889374
0.5181909
0.5070820
0.5129606
0.5294038
0.5247445
0.5124537
0.4969705
0.4699745
0.5263701
0.4845908
0.4997870
0.5350458
0.4973517
0.5044401
0.5033321
0.4878867
0.4825513
0.4717052
0.5154289
0.4941695
0.5222476
0.5033999
0.4952971
0.5206933
0.4807631
0.4937038
0.5072384
0.5234997
0.4806945
0.4949757
0.5078851
0.5152923
0.5280427
0.5001608
0.4871585
0.5267198
0.4689770
0.5351032
0.4999273
0.4889374
0.5181909
0.5070820
0.5129606
0.5294038
0.5247445
0.5124537
0.4969705
0.4699745
0.5263701
0.4845908
0.4997870
0.5350458
0.4973517
0.5044401
0.5033321
0.4878867
0.4825513
0.4717052
0.5154289
0.4941695
0.5222476
0.5033999
0.4952971
0.5206933
0.4807631
0.4937038
0.5072384
0.5234997
0.4806945
0.4949757
0.5078851
0.5152923
0.5280427
0.5001608
0.4871585
0.5267198
0.4689770
0.5351032
0.4999273
0.4889374
0.5181909
0.5070820
0.5129606
0.5294038
0.5247445
0.5124537
0.4969705
0.4699745
0.5263701
0.4845908
0.4997870
0.5350458
0.4973517
0.5044401
0.5033321
0.4878867
0.4825513
0.4717052
0.5154289
0.4941695
0.5222476
0.5033999
0.4952971
0.5206933
0.4807631
0.4937038
0.5072384
0.5234997
0.4806945
0.4949757
0.5078851
0.5152923
0.5280427
0.5001608
0.4871585
0.5267198
0.4689770
0.5351032
0.4999273
0.4889374
0.5181909
0.5070820
0.5129606
0.5294038
0.5247445
0.5124537
0.4969705
0.4699745
0.5263701
0.4845908
0.4997870
0.5350458
0.4973517
0.5044401
0.5033321
0.4878867
0.4825513
0.4717052
0.5154289
0.4941695
0.5222476
0.5033999
0.4952971
0.5206933
0.4807631
0.4937038
0.5072384
0.5234997
0.4806945
0.4949757
0.5078851
0.5152923
0.5280427
0.5001608
0.4871585
0.5267198
0.4689770
0.5351032
0.4999273
0.4889374
0.5181909
0.5070820
0.5129606
0.5294038
0.5247445
0.5124537
0.4969705
0.4699745
0.5263701
0.4845908
0.4997870
0.5350458
0.4973517
0.5044401
0.5033321
0.4878867
0.4825513
0.4717052
0.5154289
0.4941695
0.5222476
0.5033999
0.4952971
0.5206933
0.4807631
0.4937038
0.5072384
0.5234997
0.4806945
0.4949757
0.5078851
0.5152923
0.5280427
0.5001608
0.4871585
0.5267198
0.4689770
0.5351032
0.4999273
0.4889374
0.5181909
0.5070820
0.5129606
0.5294038
0.5247445
0.5124537
0.4969705
0.4699745
0.5263701
0.4845908
0.4997870
0.5350458
0.4973517
0.5044401
0.5033321
0.4878867
0.4825513
0.4717052
0.5154289
0.4941695
0.5222476
0.5033999
0.4952971
0.5206933
0.4807631
0.4937038
0.5072384
0.5234997
0.4806945
0.4949757
0.5078851
0.5152923
0.5280427
0.5001608
0.4871585
0.5267198
0.4689770
0.5351032
0.4999273
0.4889374
0.5181909
0.5070820
0.5129606
0.5294038
0.5247445
0.5124537
0.4969705
0.4699745
0.5263701
0.4845908
0.4997870
0.5350458
0.4973517
0.5044401
0.5033321
0.4878867
0.4825513
0.4717052
0.5154289
0.4941695
0.5222476
0.5033999
0.4952971
0.5206933
0.4807631
0.4937038
0.5072384
0.5234997
0.4806945
0.4949757
0.5078851
0.5152923
0.5280427
0.5001608
0.4871585
0.5267198
0.4689770
0.5351032
0.4999273
0.4889374
0.5181909
0.5070820
0.5129606
0.5294038
0.5247445
0.5124537
0.4969705
0.4699745
0.5263701
0.4845908
0.4997870
0.5350458
0.4973517
0.5044401
0.5033321
0.4878867
0.4825513
0.4717052
0.5154289
0.4941695
0.5222476
0.5033999
0.4952971
0.5206933
0.4807631
0.4937038
0.5072384
0.5234997
0.4806945
0.4949757
0.5078851
0.5152923
0.5280427
0.5001608
0.4871585
0.5267198
0.4689770
0.5351032
0.4999273
0.4889374
0.5181909
0.5070820
0.5129606
0.5294038
0.5247445
0.5124537
0.4969705
0.4699745
0.5263701
0.4845908
0.4997870
0.5350458
0.4973517
0.5044401
0.5033321
0.4878867
0.4825513
0.4717052
0.5154289
0.4941695
0.5222476
0.5033999
0.4952971
0.5206933
0.4807631
0.4937038
0.5072384
0.5234997
0.4806945
0.4949757
0.5078851
0.5152923
0.5280427
0.5001608
0.4871585
0.5267198
0.4689770
0.5351032
0.4999273
0.4889374
0.5181909
0.5070820
0.5129606
0.5294038
0.5247445
0.5124537
0.4969705
0.4699745
0.5263701
0.4845908
0.4997870
0.5350458
0.4973517
0.5044401
0.5033321
0.4878867
0.4825513
0.4717052
0.5154289
0.4941695
0.5222476
0.5033999
0.4952971
0.5206933
0.4807631
0.4937038
0.5072384
0.5234997
0.4806945
0.4949757
0.5078851
0.5152923
0.5280427
0.5001608
0.4871585
0.5267198
0.4689770
0.5351032
0.4999273
0.4889374
0.5181909
0.5070820
0.5129606
0.5294038
0.5247445
0.5124537
0.4969705
0.4699745
0.5263701
0.4845908
0.4997870
0.5350458
0.4973517
0.5044401
0.5033321
0.4878867
0.4825513
0.4717052
0.5154289
0.4941695
0.5222476
0.5033999
0.4952971
0.5206933
0.4807631
0.4937038
0.5072384
0.5234997
0.4806945
0.4949757
0.5078851
0.5152923
0.5280427
0.5001608
0.4871585
0.5267198
0.4689770
0.5351032
0.4999273
0.4889374
0.5181909
0.5070820
0.5129606
0.5294038
0.5247445
0.5124537
0.4969705
0.4699745
0.5263701
0.4845908
0.4997870
0.5350458
0.4973517
0.5044401
0.5033321
0.4878867
0.4825513
0.4717052
0.5154289
0.4941695
0.5222476
0.5033999
0.4952971
0.5206933
0.4807631
0.4937038
0.5072384
0.5234997
0.4806945
0.4949757
0.5078851
0.5152923
0.5280427
0.5001608
0.4871585
0.5267198
0.4689770
0.5351032
0.4999273
0.4889374
0.5181909
0.5070820
0.5129606
0.5294038
0.5247445
0.5124537
0.4969705
0.4699745
0.5263701
0.4845908
0.4997870
0.5350458
0.4973517
0.5044401
0.5033321
0.4878867
0.4825513
0.4717052
0.5154289
0.4941695
0.5222476
0.5033999
0.4952971
0.5206933
0.4807631
0.4937038
0.5072384
0.5234997
0.4806945
0.4949757
0.5078851
0.5152923
0.5280427
0.5001608
0.4871585
0.5267198
0.4689770
0.5351032
0.4999273
0.4889374
0.5181909
0.5070820
0.5129606
0.5294038
0.5247445
0.5124537
0.4969705
0.4699745
0.5263701
0.4845908
0.4997870
0.5350458
0.4973517
0.5044401
0.5033321
0.4878867
0.4825513
0.4717052
0.5154289
0.4941695
0.5222476
0.5033999
0.4952971
0.5206933
0.4807631
0.4937038
0.5072384
0.5234997
0.4806945
0.4949757
0.5078851
0.5152923
0.5280427
0.5001608
0.4871585
0.5267198
0.4689770
0.5351032
0.4999273
0.4889374
0.5181909
0.5070820
0.5129606
0.5294038
0.5247445
0.5124537
0.4969705
0.4699745
0.5263701
0.4845908
0.4997870
0.5350458
0.4973517
0.5044401
0.5033321
0.4878867
0.4825513
0.4717052
0.5154289
0.4941695
0.5222476
0.5033999
0.4952971
0.5206933
0.4807631
0.4937038
0.5072384
0.5234997
0.4806945
0.4949757
0.5078851
0.5152923
0.5280427
0.5001608
0.4871585
0.5267198
0.4689770
0.5351032
0.4999273
0.4889374
0.5181909
0.5070820
0.5129606
0.5294038
0.5247445
0.5124537
0.4969705
0.4699745
0.5263701
0.4845908
0.4997870
0.5350458
0.4973517
0.5044401
0.5033321
0.4878867
0.4825513
0.4717052
0.5154289
0.4941695
0.5222476
0.5033999
0.4952971
0.5206933
0.4807631
0.4937038
0.5072384
0.5234997
0.4806945
0.4949757
0.5078851
0.5152923
0.5280427
0.5001608
0.4871585
0.5267198
0.4689770
0.5351032
0.4999273
0.4889374
0.5181909
0.5070820
0.5129606
0.5294038
0.5247445
0.5124537
0.4969705
0.4699745
0.5263701
0.4845908
0.4997870
0.5350458
0.4973517
0.5044401
0.5033321
0.4878867
0.4825513
0.4717052
0.5154289
0.4941695
0.5222476
0.5033999
0.4952971
0.5206933
0.4807631
0.4937038
0.5072384
0.5234997
0.4806945
0.4949757
0.5078851
0.5152923
0.5280427
0.5001608
0.4871585
0.5267198
0.4689770
0.5351032
0.4999273
0.4889374
0.5181909
0.5070820
0.5129606
0.5294038
0.5247445
0.5124537
0.4969705
0.4699745
0.5263701
0.4845908
0.4997870
0.5350458
0.4973517
0.5044401
0.5033321
0.4878867
0.4825513
0.4717052
0.5154289
0.4941695
0.5222476
0.5033999
0.4952971
0.5206933
0.4807631
0.4937038
0.5072384
0.5234997
0.4806945
0.4949757
0.5078851
0.5152923
0.5280427
0.5001608
0.4871585
0.5267198
0.4689770
0.5351032
0.4999273
0.4889374
0.5181909
0.5070820
0.5129606
0.5294038
0.5247445
0.5124537
0.4969705
0.4699745
0.5263701
0.4845908
0.4997870
0.5350458
0.4973517
0.5044401
0.5033321
0.4878867
0.4825513
0.4717052
0.5154289
0.4941695
0.5222476
0.5033999
0.4952971
0.5206933
0.4807631
0.4937038
0.5072384
0.5234997
0.4806945
0.4949757
0.5078851
0.5152923
0.5280427
0.5001608
0.4871585
0.5267198
0.4689770
0.5351032
0.4999273
0.4889374
0.5181909
0.5070820
0.5129606
0.5294038
0.5247445
0.5124537
0.4969705
0.4699745
0.5263701
0.4845908
0.4997870
0.5350458
0.4973517
0.5044401
0.5033321
0.4878867
0.4825513
0.4717052
0.5154289
0.4941695
0.5222476
0.5033999
0.4952971
0.5206933
0.4807631
0.4937038
0.5072384
0.5234997
0.4806945
0.4949757
0.5078851
0.5152923
0.5280427
0.5001608
0.4871585
0.5267198
0.4689770
0.5351032
0.4999273
0.4889374
0.5181909
0.5070820
0.5129606
0.5294038
0.5247445
0.5124537
0.4969705
0.4699745
0.5263701
0.4845908
0.4997870
0.5350458
0.4973517
0.5044401
0.5033321
0.4878867
0.4825513
0.4717052
0.5154289
0.4941695
0.5222476
0.5033999
0.4952971
0.5206933
0.4807631
0.4937038
0.5072384
0.5234997
0.4806945
0.4949757
0.5078851
0.5152923
0.5280427
0.5001608
0.4871585
0.5267198
0.4689770
0.5351032
0.4999273
0.4889374
0.5181909
0.5070820
0.5129606
0.5294038
0.5247445
0.5124537
0.4969705
0.4699745
0.5263701
0.4845908
0.4997870
0.5350458
0.4973517
0.5044401
0.5033321
0.4878867
0.4825513
0.4717052
0.5154289
0.4941695
0.5222476
0.5033999
0.4952971
0.5206933
0.4807631
0.4937038
0.5072384
0.5234997
0.4806945
0.4949757
0.5078851
0.5152923
0.5280427
0.5001608
0.4871585
0.5267198
0.4689770
0.5351032
0.4999273
0.4889374
0.5181909
0.5070820
0.5129606
0.5294038
0.5247445
0.5124537
0.4969705
0.4699745
0.5263701
0.4845908
0.4997870
0.5350458
0.4973517
0.5044401
0.5033321
0.4878867
0.4825513
0.4717052
0.5154289
0.4941695
0.5222476
0.5033999
0.4952971
0.5206933
0.4807631
0.4937038
0.5072384
0.5234997
0.4806945
0.4949757
0.5078851
0.5152923
0.5280427
0.5001608
0.4871585
0.5267198
0.4689770
0.5351032
0.4999273
0.4889374
0.5181909
0.5070820
0.5129606
0.5294038
0.5247445
0.5124537
0.4969705
0.4699745
0.5263701
0.4845908
0.4997870
0.5350458
0.4973517
0.5044401
0.5033321
0.4878867
0.4825513
0.4717052
0.5154289
0.4941695
0.5222476
0.5033999
0.4952971
0.5206933
0.4807631
0.4937038
0.5072384
0.5234997
0.4806945
0.4949757
0.5078851
0.5152923
0.5280427
0.5001608
0.4871585
0.5267198
0.4689770
0.5351032
0.4999273
0.4889374
0.5181909
0.5070820
0.5129606
0.5294038
0.5247445
0.5124537
0.4969705
0.4699745
0.5263701
0.4845908
0.4997870
0.5350458
0.4973517
0.5044401
0.5033321
0.4878867
0.4825513
0.4717052
0.5154289
0.4941695
0.5222476
0.5033999
0.4952971
0.5206933
0.4807631
0.4937038
0.5072384
0.5234997
0.4806945
0.4949757
0.5078851
0.5152923
0.5280427
0.5001608
0.4871585
0.5267198
0.4689770
0.5351032
0.4999273
0.4889374
0.5181909
0.5070820
0.5129606
0.5294038
0.5247445
0.5124537
0.4969705
0.4699745
0.5263701
0.4845908
0.4997870
0.5350458
0.4973517
0.5044401
0.5033321
0.4878867
0.4825513
0.4717052
0.5154289
0.4941695
0.5222476
0.5033999
0.4952971
0.5206933
0.4807631
0.4937038
0.5072384
0.5234997
0.4806945
0.4949757
0.5078851
0.5152923
0.5280427
0.5001608
0.4871585
0.5267198
0.4689770
0.5351032
0.4999273
0.4889374
0.5181909
0.5070820
0.5129606
0.5294038
0.5247445
0.5124537
0.4969705
