 9.334083
 9.119768
10.352676
 9.996678
10.077868
 9.473937
 9.795996
 9.590375
12.219086
12.071528
12.245268
13.478801
13.507023
12.453982
12.883969
11.807316
 9.001331
 9.529332
 9.335242
 9.410265
 9.266202
 9.345537
 9.315777
 7.954780
 7.900297
 8.005837
 7.887417
 7.997907
 8.319180
 8.085928
 9.281630
 8.265782
 8.882890
 9.387534
 8.566138
 8.305581
 8.460891
 8.935577
 8.979150
 9.212374
 9.409308
 8.991274
 9.926166
 8.688904
 9.394541
 8.900518
 8.972138
 8.609517
 8.965317
 7.923393
 7.761499
 8.046171
 7.744414
 8.008287
 8.767279
 8.670105
 8.541600
 7.885356
 8.025884
 8.598021
 8.873423
 9.043770
 8.944339
 9.549784
 8.353845
 8.084084
 8.457128
 7.417615
 8.687107
 7.848572
 7.718293
 8.019556
 9.562325
 9.570048
 9.260497
 9.027812
 8.865793
 8.878814
 9.115719
 8.701040
 8.049390
 8.958398
 8.501916
 9.664271
 9.653926
10.476758
 9.923867
 9.247165
 9.202808
 9.010041
 9.944997
 9.024773
 9.086243
 8.230642
 7.330123
 6.693496
 7.705947
 7.466088
 7.468190
 7.152735
 6.139733
 6.710869
 6.684681
 6.892377
 6.822743
 7.288945
 7.512569
 6.411662
 6.011969
 6.927631
 6.666580
 6.690500
 6.817932
 7.201117
 6.953408
 6.867439
 5.961725
 6.754875
 6.462682
 6.771051
 7.235226
 6.440856
 6.724757
 6.267748
 6.360597
 5.917804
 6.140455
 6.241184
 6.343866
 6.384476
 7.352373
 6.883792
 7.452613
 7.766860
 5.491296
 5.884984
 5.706799
 6.256880
 6.322978
 6.319756
 6.564243
 6.509844
 6.791875
 6.394084
 5.666899
 6.175756
 5.912562
 6.610981
 6.471836
 6.320937
 6.775227
 6.192173
 5.997323
 5.751122
 5.719383
 5.364363
 5.635081
 5.842400
12.579199
13.222755
13.287981
12.447896
13.528821
12.660567
12.384077
11.255265
11.216586
10.790396
11.502236
11.946440
11.701826
11.679751
10.378548
10.825799
11.443560
10.964590
11.612587
10.501269
10.496401
10.373147
11.087265
 7.992686
 7.887030
 7.560878
 7.765132
 7.359473
 8.217419
 8.151921
 7.882441
 8.416935
 8.075036
 7.369625
 7.901210
 9.433912
 9.681779
 8.840180
 9.054594
 9.019560
 8.965445
12.256027
11.157878
12.332624
12.506239
11.171323
11.739619
11.461718
12.025434
12.485232
14.366944
14.050190
14.696987
14.066984
14.632449
13.922457
14.282593
10.987111
10.683566
11.382468
10.863379
10.316336
11.020081
12.621401
12.900294
10.700109
 9.111803
 9.048562
10.130211
10.416235
11.455391
10.850785
11.250735
10.044482
 9.825497
 9.008380
 9.210760
10.968146
10.593773
11.167680
12.053317
12.030891
12.412201
11.352237
11.747005
11.876979
12.426808
12.887782
12.484834
11.935933
10.985777
11.549906
11.256672
11.618863
16.019079
16.610960
16.908073
16.153731
16.818595
15.678161
16.507602
16.074487
16.246238
15.650811
16.444460
15.425632
15.412334
 9.575597
10.463428
 9.402864
 9.791806
10.257239
 9.949864
 9.858070
 9.862059
 9.711729
10.121807
10.297516
11.741681
12.042628
12.036584
11.957218
11.058696
13.873302
11.871021
12.530542
13.068696
12.604351
11.934218
11.806769
12.582539
11.709128
12.880766
12.330059
11.794486
12.669900
11.434711
12.576602
11.846075
12.208442
12.269983
13.769804
13.437865
13.607741
13.948929
12.570495
13.810531
12.972590
13.727865
13.544044
12.736243
12.554661
14.493896
12.713803
15.045089
13.415190
 9.057153
 8.805729
 8.645736
 7.612359
 7.579293
 8.208917
 7.672303
 7.919125
 7.646065
 7.553096
 8.224186
 8.595345
 8.709911
 8.543654
 8.301160
13.624926
12.629596
13.541031
12.771140
13.836078
13.644268
12.806852
13.941239
11.265920
12.235866
11.666566
11.881797
11.611077
13.284575
13.520984
12.905525
12.861761
13.034729
13.998275
13.945057
13.616284
14.301050
14.104851
12.732243
13.920667
14.495082
14.380034
14.184010
14.646807
14.000470
14.742814
19.389280
19.136001
19.078184
19.551858
19.623866
20.710476
20.559622
22.171505
21.022604
19.909566
21.535546
12.465831
13.230280
12.165727
12.939480
14.051946
11.903562
11.420023
11.661157
11.769487
11.522277
11.631208
11.464507
11.280184
11.166778
10.983777
 7.765278
 7.591350
 8.256013
 7.590588
 8.377821
 7.719292
 7.906576
 8.747199
 7.892653
 8.307837
 7.613265
 7.855386
 7.889368
 9.099127
 8.447231
 8.198519
 8.555009
10.125578
10.187055
10.301987
10.569422
11.463407
12.008337
12.286833
12.239568
11.787156
11.736365
11.993241
12.374137
11.786626
11.792173
 9.583586
10.320599
 9.846157
 9.784465
10.190319
10.884466
10.254790
 9.608425
10.549078
10.703368
10.484219
10.704595
10.140121
11.941186
10.929031
13.054156
11.895074
12.643439
12.017455
 9.102248
 9.456851
 9.416574
 9.444674
 8.703037
 9.668263
10.262864
 9.190190
10.045671
 9.659538
10.145317
10.213622
 8.725815
 7.977417
 8.085317
 8.991298
 8.775932
 8.271615
 8.392620
 8.543985
 8.080757
 7.788282
 8.549246
 7.790445
 9.457049
 7.868693
 8.243056
 8.454392
 8.571909
 7.951920
 8.579351
 8.335528
 8.772059
10.157811
10.275040
10.106807
10.592532
10.634922
10.016633
11.058664
 9.571481
 9.351436
 9.668250
 9.112565
 9.821644
 9.417871
 9.321909
 9.929480
 9.502411
12.366060
13.300827
12.815517
12.105446
11.258742
12.919723
12.505012
11.877991
11.595368
12.161762
11.287574
10.950349
10.863636
10.696636
11.870728
11.281227
10.312652
10.957088
10.146207
10.530515
10.768230
10.109321
 9.958111
10.504917
18.268711
18.706854
18.808150
17.445954
15.225410
15.665019
13.424816
15.217773
15.498219
16.393813
15.884933
16.289034
16.006670
15.669338
15.585177
17.940157
17.183634
16.700523
20.149050
20.053836
19.057554
19.675023
12.081278
12.735650
13.279060
13.337742
12.911379
15.439369
14.482901
14.516046
15.160548
14.161272
14.362725
 9.607322
 9.502578
 9.629057
 9.296301
 9.107499
 8.662272
 8.902519
 8.038047
 8.949016
 8.607887
 7.940321
 9.146419
 9.505795
 8.602526
 9.056380
 8.602503
 9.224774
 9.398657
 8.286598
 8.388047
 8.932513
 8.438773
 8.938172
12.077162
11.066722
11.325392
12.085334
12.164518
12.784726
10.350607
11.543054
10.644042
10.437672
11.265594
10.828839
11.999453
12.176431
11.385094
12.292725
12.295606
14.595629
14.557653
15.851041
14.928665
15.965867
13.901093
15.744242
15.056263
13.813464
14.354246
13.499781
13.040734
13.690170
13.651761
 6.653977
 6.665813
 6.765890
 6.674953
 7.087955
 6.985898
 7.487644
 7.333622
 7.074312
 5.946836
 6.318286
 6.514195
 6.186726
 6.592930
 6.296920
 6.560298
 6.184308
 6.516918
 6.364660
 6.643522
 7.923937
 7.521510
 6.041134
 6.363656
 6.344154
 6.682255
 6.001229
 6.290293
 7.275579
 7.256952
 7.147730
 7.336202
 7.455358
 7.982968
 8.097458
 7.833171
 7.684737
 8.423912
 8.878874
 8.845986
 8.954286
 9.213291
 8.181964
 8.529446
 8.247648
 8.283615
 8.049619
 9.006911
19.756982
21.084296
19.677583
11.975920
11.170201
11.560887
11.008989
11.078132
11.088795
10.998022
 9.213770
10.508690
14.736054
17.152185
15.685771
15.833482
17.626053
15.432830
14.536887
16.289368
16.154522
16.346633
11.993659
12.661554
11.973759
12.779614
12.266628
12.826777
12.364086
12.372455
11.533917
11.413667
11.639520
10.668370
10.879666
10.764257
11.521890
11.209056
11.316701
11.440404
10.322170
11.030603
11.497760
11.487305
11.582521
11.696780
11.593722
11.574578
11.588452
11.410948
11.284247
11.992128
10.704074
12.497549
12.199480
12.449150
12.174579
12.381153
12.169190
12.513040
12.655170
12.564039
12.633984
16.851950
14.351384
15.072693
14.557235
15.618306
13.783694
14.579746
13.820305
13.550021
14.952737
15.000844
12.950435
13.171098
12.099430
12.505326
12.129844
12.683485
13.282965
13.530619
13.959667
12.431846
13.117413
12.357014
13.024030
14.457609
14.098140
 9.920943
10.517445
10.224673
10.258925
10.395035
10.263998
10.354455
10.767610
10.270890
11.589157
11.069966
10.387518
11.272592
10.448152
10.699209
13.582595
13.315207
13.617908
12.331065
12.769647
15.095529
14.138293
15.806298
 9.103213
 8.925531
 8.616461
 8.728457
 9.735378
11.225462
11.151943
11.125318
10.772994
11.550283
10.977649
10.678219
12.934605
12.347674
11.557723
11.658152
11.769369
10.807035
11.275448
11.698717
12.015245
12.351685
 9.836076
12.491522
11.901088
12.379088
13.189162
12.725350
12.754673
12.518661
13.653330
13.538115
12.863150
12.239276
12.634669
14.164527
14.030567
13.456232
11.749510
12.700033
12.598501
12.230413
11.874959
11.701087
12.417871
12.974601
13.155025
12.792242
13.683652
13.651420
12.077411
12.318935
12.761906
12.168377
12.510134
12.262890
12.806572
13.527772
12.779277
12.817677
12.296157
12.587908
12.173007
12.729351
11.668513
12.006456
12.265491
13.234911
12.269344
12.474320
11.802785
12.764553
12.547864
12.056753
11.623857
11.369197
11.374978
11.128199
11.114763
11.964311
10.699725
 9.628780
10.313209
10.552281
10.013296
10.735829
10.263922
10.084302
 9.698046
11.375535
 9.972761
 9.736456
10.045179
 9.491643
10.058029
11.253230
11.329425
10.803226
11.818124
10.801413
11.196305
10.729852
12.066068
11.890160
10.118174
11.329788
10.978201
11.093988
10.913405
10.844984
11.552735
12.091036
11.987151
 9.298791
 8.497505
 9.437129
 8.972908
 9.244058
10.456020
11.483867
10.949221
11.400331
11.734127
11.725954
11.028972
10.805133
11.466179
12.255160
 9.261875
 9.514780
13.139811
13.410252
13.170447
13.084739
13.417092
13.462444
13.746528
13.851328
13.321062
12.827411
13.771127
13.148455
12.366716
13.807427
13.165629
13.995549
13.822165
14.352132
16.114114
13.852144
14.647989
15.382645
15.017609
14.116715
16.242519
14.955547
14.978771
14.684295
14.541109
14.400988
14.097570
14.723548
15.979094
15.139372
14.511231
16.024682
14.549539
15.817187
14.743122
16.081154
14.512395
14.541339
15.149819
14.022066
15.847692
14.250811
12.903537
13.169235
12.618375
13.919734
13.609086
12.562944
12.176385
12.569784
12.128266
12.088836
11.643875
11.407124
11.790248
11.623768
10.743981
10.018498
 9.970889
10.189778
10.248938
10.138955
11.395861
10.381051
10.375495
10.858627
10.347523
11.500751
10.416964
10.199332
11.773025
10.912750
10.575820
10.043497
10.169457
12.287781
11.002946
10.918500
10.521371
10.636155
11.233764
11.793929
12.505686
12.040140
13.492725
13.723387
13.421235
13.586922
12.814296
13.620570
14.064473
12.710866
14.151845
13.839433
13.122882
13.959025
14.295161
13.977626
13.220177
12.384092
13.388321
13.010899
12.669562
13.813415
13.259800
13.106678
13.205577
14.351126
13.532294
15.146605
14.655286
13.855977
13.878469
14.698159
13.460272
14.326729
15.632576
15.207873
15.101096
15.310420
15.720193
16.280004
16.598724
16.129037
15.548102
15.654992
13.971030
15.584682
16.183218
13.977707
13.950096
15.494171
15.945579
14.751801
20.201418
17.726843
16.045164
17.344216
17.168765
16.707418
15.159811
14.687708
15.023883
14.780105
15.777373
15.916760
15.916872
16.250939
14.704528
15.678127
15.160280
13.679198
15.218239
13.568617
14.260533
13.611905
13.436612
13.221096
13.898971
14.518850
14.166321
12.955248
13.472802
15.598980
16.990493
15.762939
15.190024
14.344711
15.270288
15.535796
15.350389
14.934199
13.093955
14.122528
14.090725
16.732088
16.790117
15.589681
16.868935
16.232524
16.590652
17.459385
16.688694
17.062005
16.208299
17.346868
15.648300
17.697119
17.507867
17.540778
17.236040
18.000068
16.321287
17.599957
18.356632
16.600944
16.312188
17.115501
16.804162
17.306378
16.156091
16.994253
16.054535
16.064898
17.780072
12.083804
12.517879
11.657927
12.324181
13.857079
12.858074
13.326051
11.924123
11.672773
11.451622
11.486394
11.674931
13.842369
13.492244
13.580519
14.183354
12.128096
10.779939
10.767697
12.283976
11.968091
11.400938
11.469055
12.465317
13.376226
13.105250
11.449050
11.751490
11.677296
11.875640
11.660384
10.658973
10.332018
10.294145
11.666603
11.335335
12.554049
10.998106
11.233251
13.871674
13.971832
14.013865
17.090913
14.461043
14.524970
14.361139
14.135020
14.277494
14.310870
16.086168
16.744377
15.051895
15.640393
15.289477
16.215270
16.138368
16.602713
16.404755
 6.809602
 7.367521
 7.017237
 6.550730
 6.480561
 6.563279
 7.826136
17.079603
17.000874
17.277965
17.980412
15.211080
16.151386
17.148619
16.764404
21.213635
22.687007
21.574270
21.924892
21.298774
20.264837
20.928783
22.201170
21.196375
21.704041
22.611115
21.531575
22.694154
21.259011
18.070279
17.337694
19.205792
19.493226
19.232538
20.916987
20.302831
19.775991
 7.121236
 7.009029
 7.193611
 7.511719
 7.029067
 6.996154
 6.758023
 7.395239
 6.478142
 7.034596
 6.905675
 7.230054
 7.009455
 7.102366
 6.818540
 6.837294
 7.041291
 7.209720
 6.806781
 7.000464
 7.549801
 8.060891
 7.283666
11.474531
11.082555
11.182939
12.396790
10.693571
11.271623
10.199310
 9.722954
10.580501
10.441471
10.038839
 9.076535
 9.635012
 8.351122
 9.230918
 8.931227
 8.848865
 9.185535
 8.844768
 9.018796
 8.467392
 9.683350
 9.174414
 9.220381
11.155080
11.133517
10.752579
10.061766
11.738177
12.117573
11.717570
11.170410
10.946345
12.388285
10.987756
11.606070
12.291945
11.496144
11.764973
12.200044
12.099361
 9.993584
 9.889063
 9.821757
10.334399
11.022498
10.088483
 9.889214
 9.983364
10.298018
10.454218
 9.869180
 9.479020
10.288441
 9.938256
 9.907021
 9.785908
11.041798
 9.972799
10.327240
 9.858434
10.149640
 9.983569
10.936879
 8.940554
10.252338
 9.756544
10.600299
11.126736
10.926880
10.540890
11.264242
10.254462
10.094298
10.641459
 9.058541
 8.980200
 9.251739
 9.376675
 9.800069
 8.983682
 9.787845
 9.504555
 8.891413
 9.233997
 9.131317
 9.155181
 9.241852
 9.114492
 8.739244
 9.396298
 8.565518
10.548781
 8.725904
 9.622439
10.651558
11.271377
 9.516621
 9.715725
 9.501033
10.228549
 8.481807
 8.213046
 8.333513
 8.128994
 8.738728
 8.388852
 8.278936
 7.815771
 7.862104
 7.764102
 8.178988
 7.572463
10.598981
10.808529
10.565439
12.473801
12.282872
12.110479
13.610504
12.241823
11.083633
11.390721
10.234642
13.677890
13.896416
12.663365
12.433476
13.668771
12.232391
12.972174
12.151018
13.468121
12.174540
13.870896
14.475774
14.278751
13.777539
13.749039
13.416336
13.161999
11.704841
13.227129
11.864218
11.378909
11.439966
11.309652
11.276111
10.967114
13.621060
12.911412
14.101450
13.754372
13.589859
14.176767
13.691900
15.198711
14.946010
14.641838
15.346492
13.538974
14.886067
14.778162
15.660384
13.851403
14.809028
14.301181
16.269638
15.543956
14.742973
12.514989
13.898603
12.655004
13.563596
13.325058
13.362552
13.367700
13.165042
13.467830
13.886207
12.275144
12.146810
13.498051
13.315675
13.939216
14.320650
14.212435
14.949916
15.673908
14.889055
14.581171
14.184804
13.087390
14.198030
12.794945
14.531616
13.983954
12.758384
12.565343
13.563696
14.685274
13.633986
14.972825
14.930168
14.829493
15.505237
 9.872521
 9.319709
 9.644725
 8.801056
10.016230
 9.511743
 8.264739
11.265716
12.138265
11.506378
11.342532
11.550923
11.898362
11.132501
12.086650
11.677035
11.079842
11.026052
11.244137
11.058908
11.494290
13.224829
13.318914
13.848322
12.298229
14.227963
12.375020
13.288716
12.730497
12.150267
12.340814
13.541499
13.328860
13.041345
13.545499
13.497002
12.479631
12.928548
 8.535400
 8.439497
12.045931
12.967156
12.440975
14.898471
13.666880
13.689497
13.051145
14.265134
13.047322
13.024647
12.879238
13.256283
12.539327
12.996773
11.938905
12.198484
11.427278
10.642007
11.914722
12.944368
13.038559
14.041626
12.850406
14.227433
12.703787
13.374645
12.704104
12.147355
12.200310
12.076184
12.827433
11.516853
13.782618
14.301133
14.505705
14.240389
13.167174
13.035591
14.244795
13.482420
13.930176
15.182878
15.786621
14.436897
13.678308
12.624547
13.603812
14.178065
14.008090
14.470896
 7.947099
 7.934191
 8.383325
 9.098986
 7.901053
 8.402361
 8.782168
 9.472584
 8.540366
 9.583127
 8.846665
 8.272271
 8.602079
 8.075464
 7.215870
 7.425967
 7.384231
 7.367894
 7.701985
 7.259782
 7.718044
 8.018741
 7.580740
 8.783117
 8.693318
 9.014813
 9.309669
 9.563351
 8.357126
 9.032038
 7.807735
 7.998069
 7.971245
 8.485523
 7.770413
 8.328235
 7.949604
 9.262965
 9.176114
 8.437517
 8.066993
 8.786191
 8.350642
 7.894991
 8.613170
 7.935784
 8.285381
 8.148494
 7.928065
 6.997315
 7.321024
 8.080381
 7.508142
 8.342893
 7.458301
 7.495242
 8.305415
 8.369673
 7.247218
13.582905
14.659832
15.494133
11.758485
12.363755
11.788883
11.821629
11.931189
11.356463
12.215063
13.435307
13.999555
13.235644
12.926245
12.370505
13.635784
13.406393
13.437475
14.076042
14.031142
13.497432
13.462322
14.309034
14.542084
13.265429
12.959348
13.896576
15.124105
13.781543
14.190725
13.263180
19.098470
19.481923
18.963648
16.851962
17.804157
17.538636
17.522291
18.765605
17.310011
16.195824
17.165604
17.453234
11.674632
12.088148
11.217924
11.747590
11.303515
11.955629
11.714228
11.562997
11.846670
11.359914
10.250530
11.063280
11.236690
10.803453
11.870639
11.015146
11.273083
10.520169
11.315786
 9.275738
10.100765
 9.371659
 9.744444
10.934537
10.683410
 9.776423
 9.737436
 9.873762
 9.542751
10.475691
10.393192
10.751876
10.469766
10.281316
 9.681549
10.849173
11.649155
11.320445
11.388816
12.260780
12.198566
11.823687
11.516054
14.524949
13.454680
14.429952
13.394305
14.123249
14.203838
14.991845
15.594738
15.463925
13.638008
12.583462
13.540347
13.574343
13.806518
12.697975
12.522785
14.914507
14.199247
13.925960
13.895929
13.126640
11.235090
11.833042
12.012296
12.258841
11.250607
12.162541
12.122750
13.602615
12.952882
12.869443
13.380859
12.920169
12.908452
12.950838
10.822171
11.071340
12.154527
11.496379
11.438841
12.938172
11.571651
12.704099
12.138455
10.808111
11.848105
 9.949396
 9.759349
10.662508
10.442220
10.626276
10.266897
10.064336
 9.386516
 9.399830
 8.762570
 9.030756
 8.379783
 8.975829
 8.871724
 8.460664
 8.808584
 8.569651
 8.845192
 8.710980
 9.841112
 9.593433
 9.382476
 9.688643
10.248390
 9.960667
10.826181
10.711486
11.253955
10.733086
10.401963
11.021955
11.507022
10.274270
10.456394
10.097999
10.355975
10.469593
10.565861
10.246795
10.341083
 9.819569
 9.432465
 9.781514
13.227914
13.034536
14.363591
13.938195
14.050097
14.558641
14.429257
14.502491
13.034764
 9.639611
10.686076
10.737621
10.548460
10.570833
10.158779
10.005696
 9.468709
 9.632030
10.022850
 9.816064
10.402033
10.959272
10.498190
10.149121
10.530268
10.099025
10.498452
 9.738607
10.400949
10.516089
10.740056
10.559084
10.288735
10.820226
10.922850
 8.390788
 8.994699
 8.932619
 9.024325
 9.755104
 8.899009
 9.158382
 9.870371
 9.869367
 9.566039
10.112281
10.578356
10.440864
 9.566745
 9.948863
 9.689574
 9.180115
10.035836
 8.960289
 8.882074
 8.522532
 9.320637
 8.971833
 9.316457
 8.945162
 9.764059
 9.680515
 9.024643
 9.323824
10.128572
 9.127024
 9.395942
 9.765153
 9.820835
 8.947071
 9.996544
 9.592822
 9.998976
 9.641732
10.841643
10.952411
 9.888764
 9.639152
15.513924
14.563081
14.652237
14.791817
15.081046
14.860991
16.991410
17.105237
15.044529
16.762956
17.438568
14.729628
15.124669
14.387245
15.091077
13.911187
14.787631
15.749213
15.766767
14.589036
15.309509
15.595563
16.405980
15.402985
15.280416
16.016672
14.903035
14.629990
14.727628
16.011336
16.093651
17.063060
15.461340
16.499916
16.398187
16.063360
16.280884
16.611286
15.764284
16.560294
16.701069
16.913168
15.544712
15.983271
18.008472
18.715244
19.223993
18.803645
18.487500
19.684555
17.629436
17.883428
17.667697
17.729701
20.065248
19.531888
18.800336
20.333296
19.112253
19.612452
20.293087
20.216124
18.444610
19.666196
20.071916
15.737234
15.221018
20.925983
21.862986
21.153651
20.102034
21.227189
20.868515
21.152876
19.137602
20.306075
19.374030
20.526906
24.950919
25.844477
23.861282
26.031129
20.845273
20.963598
20.994570
20.949029
20.967954
20.619415
22.616173
22.195303
20.315259
20.755292
21.145164
20.026614
20.228529
21.546016
21.204136
20.006319
21.784164
18.279768
18.246516
19.999619
18.404959
18.710671
18.418592
17.889751
17.301356
19.181138
18.438493
18.420707
17.725277
18.233626
16.624426
16.936114
19.423264
18.895867
19.284088
19.749340
19.590167
20.472665
19.646322
19.042136
20.489384
19.447972
21.574275
18.803506
19.676780
20.911541
20.970062
21.207136
 9.816572
11.267794
10.867005
 9.554180
 9.969469
 8.757120
 8.381054
 7.908246
 7.997122
 9.301129
 9.504883
 9.092222
 8.807591
 8.761113
 9.072408
 8.847941
 9.067550
10.663229
11.077332
10.928279
11.608277
11.774729
11.014498
11.689489
11.834118
12.268165
11.524062
11.599811
11.417436
12.348484
12.294972
10.242738
11.016240
10.428189
 8.981751
 8.838994
 9.006177
 8.799135
 8.155432
 8.572443
 8.457872
 8.246069
 8.303526
 8.283185
 8.007062
 7.624360
 8.221477
 7.869565
 8.028468
11.550796
11.038454
12.603201
10.935396
11.056011
11.436495
12.396944
12.377071
10.828179
11.719299
11.509631
12.046415
12.467242
12.197176
12.399074
12.146940
11.778302
12.084028
11.275472
11.258211
10.466334
11.828257
11.174718
12.274604
11.227526
11.204276
12.103377
11.693505
11.921545
11.489718
12.424327
11.857950
11.184448
10.608005
11.408765
10.046692
11.843285
10.947233
11.814101
11.210726
11.375376
11.836404
11.323040
12.161905
11.536173
10.907659
11.141862
11.441285
11.328279
11.302376
11.207108
11.418888
11.368252
11.700696
11.463909
12.282221
12.592906
11.290323
12.098894
11.579411
11.289796
 9.760401
10.615227
10.899254
10.889750
11.528487
11.296300
11.405438
11.238006
10.792401
10.404975
10.815937
11.441440
11.450224
11.270080
11.860822
12.010328
12.398310
11.960363
11.628357
12.087043
11.370070
11.629554
12.021614
11.908890
11.391296
12.375414
12.181463
11.861271
12.078621
12.450485
11.438427
11.895925
11.887435
 8.538089
10.632762
11.002482
11.250942
12.083178
11.616544
11.328523
10.660047
10.112308
11.358191
11.198078
11.449639
10.779181
 9.244021
10.877454
10.404861
10.976803
11.297089
11.442076
11.425674
11.371715
10.017899
10.446793
 9.838289
10.637174
10.393241
10.874955
10.042535
 9.033223
 8.498486
 8.840060
 8.638083
 8.667648
 8.893815
 9.797812
 9.100341
 9.759666
10.362943
10.189238
10.572715
10.561537
10.637837
 8.647253
 9.235168
 9.385452
 9.232773
 9.451511
 9.581197
 9.642899
 9.748298
10.226025
 9.543848
10.378019
10.190108
11.314765
11.453742
10.869034
 9.962874
10.470289
10.210953
10.539427
10.661099
11.480688
11.333392
10.857583
12.392955
12.176651
12.488982
12.899037
11.845956
10.597449
10.666589
10.780471
11.863753
10.933960
10.395012
10.978402
 9.671178
10.496083
15.983004
14.791142
15.509737
14.586538
14.801341
14.161013
13.486325
13.803385
13.888987
13.031517
12.308339
11.672076
12.524114
12.502202
12.319138
12.686004
11.812176
13.422555
13.356665
13.733461
13.493617
13.020262
14.360223
13.457972
13.929477
13.783378
13.499319
13.671847
13.248842
12.950789
13.891560
12.836690
10.166901
12.212585
11.114628
11.290165
11.336527
10.137442
 9.674505
 9.788553
 9.333073
10.771105
10.562181
10.038901
 8.914675
 9.025406
 8.946817
 9.784972
 9.731090
10.336633
 9.408633
10.305167
10.128854
 9.403262
10.058291
 9.399479
 9.754891
 9.246047
 8.840728
 8.753411
 9.383078
 9.555584
 9.319755
10.417202
10.102810
 9.778240
 8.922439
10.575357
10.300476
10.239576
11.509125
10.897423
10.428377
10.885810
16.775906
15.550408
16.172421
17.262940
16.292890
17.411281
16.606170
15.848358
16.293729
15.671023
 8.899918
 8.732013
 7.868506
 8.168231
 7.266103
 8.084482
 8.314399
 8.408275
 8.222622
 7.918713
 7.981918
 8.294852
 9.766317
 9.581386
10.376670
 8.903366
 9.026116
 8.914965
 8.394647
 9.219967
 9.696829
 9.999361
 9.329849
 9.508818
 9.991689
11.511565
10.867414
10.821024
10.751404
 9.979751
 9.695143
 9.043675
 8.738530
 9.831700
 9.738730
10.106344
 9.004915
10.408831
 9.909919
 9.018927
10.947833
10.954600
11.357639
11.718584
11.184436
12.355780
10.359421
12.379992
11.345278
11.548217
11.114150
10.309877
10.499073
10.904475
10.592061
 9.346024
 9.867007
 9.629777
 9.517466
 9.408931
 9.372163
 9.623531
 9.031400
 9.434137
 9.579038
10.052516
 9.570503
 8.731860
 9.335128
 9.857271
10.730730
10.321418
 9.784820
10.279517
21.120884
22.563025
20.964748
24.198592
22.260183
23.228109
23.767165
14.542373
15.265389
13.061072
15.612593
15.443881
14.922238
15.686498
16.183463
15.149380
17.791056
16.126591
17.419264
16.656532
16.250803
16.582428
16.803452
19.698955
18.360107
11.774256
11.817565
11.204474
11.131354
11.315640
11.534613
11.449154
11.150893
11.727077
12.158879
12.025300
11.745875
12.230488
10.894682
11.438310
10.677026
10.746799
12.511257
12.044365
11.905013
11.582695
11.547014
11.439937
11.615804
11.893359
12.031958
11.133111
10.995763
11.082112
11.168742
10.503772
11.010258
10.932314
13.374458
11.860276
12.917220
12.815712
12.279856
12.160580
12.009827
12.287271
12.700993
13.125284
13.239199
12.900356
12.535845
12.735306
12.249717
11.777313
12.721036
11.691454
12.362425
13.352542
13.336730
12.597466
14.297213
12.671512
13.313778
13.044798
13.534575
12.188444
12.283225
13.643610
13.179504
14.195542
13.378796
13.936221
13.060289
12.519436
12.972829
12.894422
13.192503
13.152277
10.985949
11.857109
11.451423
11.147798
11.178784
10.886538
11.550860
11.290872
10.880409
11.010884
11.722026
11.052766
11.144358
12.206573
 9.596587
 8.923860
 8.703533
 7.914300
 7.223073
 8.214883
10.525612
 9.843247
10.079947
 9.922730
10.284061
 9.771168
 9.649818
10.392529
10.371495
 9.987408
10.286341
 9.973572
 9.710420
10.991770
12.031651
10.429571
10.792825
11.088486
10.646723
10.600136
10.842185
14.877536
12.476414
11.162270
11.805627
11.612571
11.148300
11.266728
11.506398
11.788244
12.121602
11.915745
12.363450
11.792182
12.311618
10.980443
11.161426
12.329321
12.979593
13.025734
12.917319
13.078755
13.279312
12.927197
11.528909
11.197528
11.591304
10.602653
11.290278
11.539459
12.409218
12.101117
12.328562
11.945170
13.480012
12.710788
12.794383
11.870204
12.291144
12.453980
13.650856
12.084442
13.223870
12.891897
13.215481
12.939058
12.462006
12.305862
12.379129
13.824995
12.844509
14.273087
13.396218
15.956299
15.001085
14.616013
15.740625
16.201047
16.282616
17.316489
15.488998
17.792933
16.403988
16.622782
15.581548
15.841532
15.576769
16.803827
17.237827
17.515483
17.344606
15.932417
15.578457
14.712879
14.508087
14.276004
15.584910
15.572769
15.605854
15.898172
15.522841
17.258954
18.118545
16.140407
16.266176
16.950529
16.470571
17.153837
16.916698
17.130275
16.676243
15.598318
14.961063
14.849468
14.180200
14.709632
14.521737
15.179159
15.944520
14.234107
15.125419
15.149743
15.488562
15.598479
15.146740
15.685116
14.851815
15.185354
14.528104
12.795153
12.667044
13.659216
13.865062
13.203806
14.125212
13.656923
14.036073
15.084763
14.892147
14.861608
14.984739
15.303719
15.047092
15.583404
15.101577
15.163687
12.089328
12.319806
11.779418
11.572486
12.810095
12.015437
12.432288
12.514563
12.357162
13.536402
12.951353
10.127138
10.764969
10.673574
11.031074
11.008560
 9.950905
11.134707
10.730815
10.900869
11.251640
11.388417
11.252336
10.574687
11.659624
10.111271
10.525830
10.188663
11.689451
12.008827
11.743513
11.008178
 9.841192
10.267964
 9.759852
 9.788424
 9.966465
 9.993805
 9.585027
10.433129
10.077027
10.310789
10.288812
10.161677
 9.698213
 9.945098
 9.139905
 9.967266
 9.562411
 9.826360
10.502623
10.426621
 9.621976
10.397291
 9.736939
10.550071
10.805946
10.430960
10.094435
10.513841
11.123636
10.443255
10.942205
11.225955
11.413386
11.091883
 8.561036
 8.056684
 7.963640
 7.926720
 9.724638
 9.461965
 8.503650
 9.629838
 9.526456
13.312416
11.939487
11.938853
13.453662
11.532666
11.426419
11.487304
11.984530
11.168939
11.563594
11.112323
10.667606
10.702914
10.129830
10.098837
10.352006
11.227203
10.731922
10.858458
11.508617
11.520460
10.501297
11.478729
13.829248
13.220464
14.011494
13.075930
11.873110
12.820802
11.886413
13.127991
13.036500
13.007609
12.873514
13.111631
13.596387
13.619165
15.848497
16.851651
16.824556
16.563083
15.917591
16.321422
16.484884
11.225092
15.596475
14.846664
14.611437
14.920096
14.704056
15.448480
14.932521
17.557725
16.332171
17.308064
17.396389
15.906962
17.781686
17.095501
16.635026
16.149708
16.570255
16.922152
16.733126
18.155287
16.959043
16.454878
16.008452
17.347664
18.293683
14.255310
13.957017
13.384368
13.507164
13.577713
14.807131
13.977654
13.133687
 6.629075
 7.393653
 6.831499
 7.193632
 6.728830
 6.652956
 6.447409
 9.151065
 8.274910
 8.715256
 8.210623
 7.859476
 7.922432
 7.529874
 6.825924
 7.299190
 8.048025
 7.799258
 6.901393
 7.215677
 6.718180
 7.125689
 7.350510
 7.202029
 7.388579
 6.731929
 6.583752
 6.957643
 6.799944
 7.112982
 6.681611
 7.778106
 7.510202
 7.973913
 7.218482
 7.002079
 6.813015
 8.673550
 9.574850
 8.889317
 8.064545
 7.934957
 7.611640
 7.732718
 7.645553
 7.545490
 7.793417
 8.158518
 7.819168
 8.473810
 7.648447
 7.348264
 7.627250
 8.255910
 7.739340
 7.979932
 8.128726
 8.293445
 8.301776
 8.030894
 7.067173
 7.481774
 8.096279
 7.840029
 7.252308
 7.731314
 7.637935
 8.012688
 7.669621
 7.909488
 8.026925
11.110357
 9.743867
10.739088
10.881690
11.785835
11.473783
10.044083
11.128761
10.877890
10.796276
10.573706
10.206434
10.465250
10.699275
 9.038269
 7.747961
 7.678636
 7.741298
 7.684639
 8.249615
 8.182645
 8.311042
 8.571659
 8.066568
 7.932312
 7.841791
 7.016272
 6.694461
 8.521889
 8.554770
 7.865418
 8.929120
 8.392904
 7.609160
 8.292623
 8.566979
 7.564584
 9.262293
 8.546682
 8.638873
 8.322922
 8.265781
 8.531987
 7.761836
 7.778966
 8.854070
 8.422177
 9.206522
 8.298675
 8.957928
 9.572138
 9.890200
10.517747
10.633992
10.296606
10.082141
10.106186
 9.979495
11.317240
 9.712087
10.030170
10.412028
 9.189388
 8.849355
 9.330422
 8.786459
 9.688534
 9.116763
11.920792
11.884680
11.904227
11.964993
12.555286
 9.273706
 9.445247
10.213263
10.289244
 9.827052
11.954194
11.647835
 8.727321
 9.025202
 8.103001
 8.558389
 8.284626
 8.387861
 8.407228
 8.319780
 8.222973
10.440112
10.294335
10.645984
10.677034
10.472788
 9.851583
10.872288
10.301280
10.516243
 9.808590
10.432279
10.777942
10.190462
10.709010
10.802082
 9.736828
 8.226764
 8.796248
 8.391439
 8.743340
 9.117258
 8.995917
 8.617165
 8.742216
 8.991649
 9.571952
 8.866248
 9.161735
 8.635769
 8.178116
 8.795591
 9.039395
 8.765551
 8.485212
 8.331329
 7.950844
 7.927179
 7.800235
 8.646798
 9.444020
 8.629139
 9.393746
 8.392251
 8.374995
 8.499985
 8.610728
 8.786789
11.303034
11.076417
10.783246
10.928008
11.438805
10.443089
11.379471
10.596050
11.258667
 9.009617
 8.360197
 8.356712
 8.368703
 8.129393
 8.146448
 7.867203
13.330471
12.105205
12.066960
13.521334
14.236158
14.936394
14.097557
14.820926
12.510496
13.431466
12.606586
14.926815
15.427508
15.740213
14.550236
14.731661
15.172307
16.174809
16.980778
16.475359
14.342249
14.278168
11.175109
10.083909
10.663683
 9.652144
11.099497
 9.673888
10.764909
11.440499
10.792824
12.354014
13.437343
13.194320
12.786700
12.489223
11.875858
11.870258
11.124078
11.832057
11.432998
12.233936
12.197879
11.606482
12.586252
11.791414
12.099699
11.768508
12.129367
11.989863
11.304069
12.372071
 9.115854
 8.993302
 9.748312
 9.118342
 8.441996
 9.186663
 8.807270
 8.748959
 9.412849
 8.838149
10.586740
10.314212
 9.465440
10.655124
10.962303
10.792858
10.498783
10.666939
10.614581
 9.519263
 9.536651
 9.313306
10.231894
10.402907
 9.411319
 9.495985
 9.805909
 9.555830
10.616981
 9.398160
10.353430
 9.816962
 9.833513
10.313732
10.986258
10.202762
10.026519
 9.914687
 9.822849
11.646581
12.473315
12.092647
11.984443
11.357286
 7.734150
 8.182146
 8.115947
 7.963123
 8.430243
 7.047091
 6.964061
 8.027102
 7.547145
 8.010423
 7.899176
 8.098202
 7.414297
 7.771025
 7.726766
 7.438156
 7.016455
 6.751538
 6.877112
 7.106298
 8.565161
 8.624610
 8.608250
 7.724313
 8.423269
 9.351826
 9.653874
 9.796945
 9.405045
 9.340237
 9.968953
 9.398753
 8.916026
 9.326145
 9.045695
 9.083671
 9.432888
12.747429
12.444429
11.426648
10.957815
10.820221
10.776194
11.744081
10.303331
11.743432
11.424610
12.162453
11.435569
12.118471
11.998920
12.353743
11.918933
14.146283
14.103999
13.437358
14.599459
13.296982
14.082692
14.159507
13.722231
14.541532
13.648958
13.785150
11.721664
11.650563
11.872842
11.841803
13.749101
13.660590
13.731603
12.814487
11.828319
11.867272
12.012093
11.826640
14.990224
12.806408
14.061043
14.390996
13.933420
13.840999
14.915427
12.919454
 8.680099
 8.522816
 8.214044
 7.041778
 7.132289
 6.884574
 7.393282
 6.636629
 7.251869
 7.321967
 7.377773
 7.039985
 7.769942
 6.765790
 6.930318
 6.986614
 6.519425
 6.584276
 6.843966
 7.982084
 8.519695
 7.938694
 7.666623
 7.626455
 7.420609
 8.749150
 9.309488
 9.195710
 9.990897
 9.859354
 9.167671
 9.144519
 9.879402
 9.320806
 9.097482
 9.893894
 8.901687
 9.283023
 9.680786
 9.355957
 8.652324
 9.207383
 8.764303
 9.245771
 8.110603
 9.086557
 9.188625
 9.490116
10.010001
11.295364
 9.405615
 9.164783
 9.919279
 8.912582
10.107217
10.361006
10.057129
 9.598877
 8.365135
 9.012098
 8.450987
 9.130765
 8.959476
 9.055230
 8.859515
 8.641865
17.124957
15.988435
16.834579
17.792367
16.664145
17.704530
16.896922
16.666099
17.490720
16.215830
15.612707
14.333318
13.867375
14.440241
15.324895
14.931977
16.327241
16.277169
15.232062
16.130592
16.506942
15.975117
15.706015
16.790694
16.903639
18.903559
18.696535
18.884667
19.699267
18.947129
18.744640
18.594064
19.427106
19.707096
19.437479
19.562957
19.208564
18.754994
15.407502
15.020541
15.238198
14.516263
15.418299
14.487300
15.987797
15.903834
16.235042
16.632619
16.075112
15.827664
15.871819
15.500492
13.831591
12.834330
13.055067
13.230044
12.629262
12.897147
13.353736
13.469206
14.395406
17.687473
19.845255
16.305323
17.402961
17.472878
17.337024
16.262252
16.547528
12.936751
14.098825
14.081566
14.000088
14.112764
14.464287
14.040386
14.303981
15.380087
15.181265
14.881845
14.961536
14.556924
 9.175649
 8.991889
10.652071
10.361794
11.765314
11.441274
11.062359
11.721206
11.375330
11.611625
11.042248
11.202232
11.628363
14.336616
14.961716
14.887554
13.994673
15.270667
14.778917
15.476536
 7.929896
 7.888264
 8.373813
 8.624195
 8.379868
 8.136706
 8.825335
 8.353628
 7.259839
 7.488406
 7.292191
 7.516948
 7.530518
 6.705071
 6.546508
 7.805681
 7.533093
 8.275253
 7.495148
 6.825619
 6.425004
 6.919106
 7.516624
 6.723821
 7.371231
 6.808964
 7.047960
 6.876254
 8.333953
 9.590222
10.392919
 9.035632
 9.369838
 8.799742
 9.194283
20.541720
21.251989
19.505065
18.101909
16.690141
17.801619
17.454882
17.239020
18.830591
18.254510
18.274326
17.168633
16.849404
16.591040
18.109861
18.107130
17.573874
14.845801
14.104906
15.035238
15.826891
16.061697
15.674540
15.355897
15.284709
14.990774
13.684372
12.775846
14.447331
13.117579
14.242679
15.319591
15.667856
13.860134
14.367326
15.073156
13.782280
14.336150
13.750348
13.297483
13.862099
13.013345
12.113553
13.068485
13.057104
11.839808
12.202837
12.728098
10.219899
10.766454
11.417295
10.964375
10.570141
11.864371
11.264874
11.089334
11.424617
12.311855
10.678586
12.849302
11.286580
11.533681
11.620404
11.664671
12.456126
11.493086
12.971531
12.437507
11.240937
12.081954
13.169580
13.671213
12.231811
11.860329
12.945187
12.274641
11.824957
12.204318
12.375252
11.573770
11.678531
11.966668
12.173631
11.860115
11.324060
12.189873
11.350194
11.639737
12.621704
12.959402
12.240135
13.204275
11.661782
12.866486
14.849235
15.243608
14.667174
14.823831
14.378218
13.863615
14.256249
13.349977
12.677175
14.265949
14.054735
14.356411
13.793248
14.906838
13.688717
14.595522
13.701915
15.453229
16.482195
15.660603
14.070006
13.505616
14.103490
14.499210
14.247804
14.224042
14.158851
13.129897
13.647603
13.049266
14.534726
14.040649
20.094088
21.603988
20.399875
19.810331
20.043378
20.910428
22.094567
21.858591
22.442993
20.853226
19.770401
20.521553
18.195829
20.223454
18.190485
19.353686
20.526592
19.730195
23.362053
21.816348
20.721781
22.616325
21.181194
22.581742
21.823661
19.661445
20.477424
20.650162
20.182995
20.624768
19.964297
19.386365
20.504498
15.158907
14.563611
18.269689
19.360223
18.924331
15.449579
16.407650
16.949805
16.188475
16.508126
16.727008
17.579209
14.871174
14.374105
15.145311
16.439733
14.789556
15.116621
15.437364
14.037987
14.012938
15.752242
14.728943
15.392315
14.849097
14.567098
15.021632
13.006632
14.719417
13.710080
13.379911
14.533899
14.780354
14.492102
14.137019
14.747249
14.151359
14.474215
14.092297
14.221165
17.362462
17.214849
17.251088
17.053005
18.775341
16.818363
16.984369
17.412170
16.942522
16.350445
17.807217
15.814591
17.042418
15.944075
14.902150
14.764322
14.905127
14.963693
14.917197
15.217345
16.415500
16.271537
13.915789
14.992641
14.472607
15.106834
13.904756
15.120963
15.643373
14.419403
14.404216
14.300342
14.613076
14.026566
15.375622
13.633362
13.708557
15.075556
14.240935
14.009116
14.167978
16.743402
16.498724
16.207321
17.638958
15.954563
15.862960
17.898459
18.488172
16.743386
17.698478
17.320571
17.293086
19.487346
17.594702
17.471617
18.161053
19.072637
19.389570
18.756994
18.438985
18.836169
14.960756
15.228825
15.030971
15.104307
15.534578
16.698904
15.492051
15.489511
16.504270
17.223264
17.024663
16.696078
16.644926
16.369964
16.887778
16.153691
16.796398
17.179690
16.376484
17.496620
15.731540
14.775091
14.994139
16.567161
16.330663
16.240028
15.450000
17.190685
 9.695796
10.221088
14.561901
14.656470
13.936893
14.560403
14.657423
14.546074
15.980843
15.443621
15.122263
14.978552
14.270460
15.261420
15.261192
14.813297
16.217489
16.052666
14.616863
16.074639
16.863177
15.177781
14.843420
14.918483
13.665904
15.102594
14.394729
14.208460
14.873580
13.660728
15.231556
14.017546
13.112637
13.241978
14.233889
17.240379
18.117190
17.565733
 5.472951
 5.225075
 5.509897
 5.837454
 5.370510
 5.888719
 5.828161
 6.216037
 6.216878
 6.352034
 6.518999
 6.112385
 6.820083
 6.768439
 6.414631
 5.764855
12.819286
13.831213
13.465971
13.207355
14.020181
13.736963
14.563664
12.826933
14.015159
15.431751
14.228920
13.629749
12.365784
13.520022
13.562036
13.518601
13.891698
14.312035
10.303849
10.487688
10.974105
11.061787
10.927151
13.046090
11.597195
12.141455
12.055886
12.903374
12.013625
12.091840
12.772416
13.118716
12.629009
12.654452
12.556268
11.869914
10.456636
10.663822
10.429723
11.908841
12.410542
10.948850
11.041550
11.819514
11.319405
10.704616
10.585970
10.529493
10.666497
11.063428
12.033296
11.920618
11.082506
11.485909
11.893183
10.648999
11.669052
11.910760
12.627782
12.227067
12.228919
13.315964
 9.703692
 9.129025
11.335289
11.002667
10.217530
10.990822
11.813294
10.046566
11.197325
 6.444730
 6.202519
 6.378178
 6.775990
 6.327586
 6.601766
 6.749019
 6.568623
 5.991046
 5.812766
 6.176856
 6.122288
 5.927847
 5.940546
 6.766195
 6.963948
 6.434405
 6.623709
 6.754862
 6.539516
 6.674630
 6.802332
11.338802
10.388714
10.234581
10.013485
10.055933
 9.660257
 9.508434
 9.992893
 9.232817
 9.656476
 8.646914
 7.475314
 7.644063
 7.788608
 8.005082
 9.916673
 9.583004
 8.999478
 9.432324
 9.523277
 9.031237
 9.741335
 9.177939
 9.609322
 9.076717
 9.293776
10.161057
 9.570443
 9.603781
10.040463
10.599514
 9.985895
 9.324743
 9.626418
10.551773
 9.922660
10.040843
10.277066
 9.935488
 9.722704
 8.715598
 9.377984
 9.372015
 8.717468
 8.703427
 9.572632
 9.755728
 9.380484
 9.575172
 9.642017
 9.195582
 9.918659
 9.034268
 9.182716
 9.419209
10.599209
11.378702
11.034132
11.164565
11.689960
11.990932
 9.680878
 9.314163
 9.364745
 9.767093
10.319312
10.270753
 9.877778
10.136973
 9.457208
10.738911
 9.282617
10.302770
10.754197
10.709734
 9.994794
10.412958
10.650332
 9.814483
 9.887576
 6.160819
 6.496531
 6.372662
 6.064019
 6.088683
 6.262632
 6.894058
 6.492481
 5.891057
 5.998227
 6.015569
 5.892328
 5.983788
 6.305297
 7.813501
 7.736115
 7.943331
 8.523765
 8.311506
 8.607978
 8.040897
 8.008543
 9.133756
14.218157
14.195030
12.693970
13.750278
13.719118
13.446356
14.496974
15.231018
14.926207
14.898601
15.321746
15.618501
15.748781
15.542362
14.641183
13.630304
12.827495
13.019055
12.036164
12.381362
11.861585
11.836339
11.221376
11.084681
11.414074
10.891443
10.855985
10.242122
10.514842
10.371340
 9.350355
 9.188577
 9.509225
 9.047148
 8.613078
 8.373324
 8.735322
 8.478258
 8.854429
 8.335335
 9.171125
 8.542052
 9.085614
 8.951080
 8.442571
 8.810983
 8.760088
 8.654860
 8.045874
 8.805180
 9.233108
 8.794013
 8.799934
 9.023891
 7.764535
 8.533053
 8.482354
 8.490591
 8.417201
 9.051611
 9.194082
 8.747480
 8.093310
 8.610147
 8.410928
 8.442787
 8.675590
 8.299864
 8.018385
 8.144454
 8.891979
 8.382757
 7.843842
 9.766336
10.122730
 9.098712
 8.677566
 8.999638
 9.205011
 8.584547
10.056373
 8.420990
 9.488831
 8.710991
 8.484513
 8.743807
 8.622735
 8.804174
 8.670971
 8.141633
 8.784964
13.363112
12.758650
11.665831
12.464738
11.591941
11.604671
12.272946
12.481658
12.852781
12.510211
12.727190
12.604153
12.387382
 9.598670
10.163126
 9.546031
 9.746314
 9.430874
 9.769712
 9.988105
 9.623458
 9.385180
 9.480116
 9.236566
 9.576862
 9.760871
10.053470
10.183226
 9.921243
11.222453
10.459641
 9.884668
10.235345
 9.280770
 9.915889
10.560101
11.764934
11.783682
12.256452
12.631169
12.564932
13.382480
12.671103
13.488763
13.155736
12.596930
13.193699
13.402347
11.706973
12.968412
12.438064
11.289317
11.983497
10.995914
12.301435
11.822513
 6.506978
 7.754576
 6.711527
 7.188786
 7.115248
 7.987419
 9.167175
 8.148013
 8.409099
 7.560759
 7.498420
 8.399375
 8.446143
 8.361572
 8.326346
 8.343103
 7.891340
 8.621680
 7.762673
 6.854717
 6.876599
 8.662481
 9.003099
10.165289
10.862551
 9.688170
10.526567
 9.475544
 9.408154
 8.884069
 9.432894
 9.168460
10.188938
 9.414382
 9.503425
10.570818
 8.682455
 8.345249
 8.880336
 8.451097
 8.801284
 9.459327
10.021721
10.707013
 9.526282
11.184683
10.127938
11.576418
10.961120
10.711992
11.496004
10.991994
 8.492059
 9.415144
 9.198770
 9.007309
 8.366104
 9.660197
 9.342862
 9.104724
 8.802984
 8.332073
 8.674456
 9.776358
 9.119889
 9.050508
 9.328840
 9.622644
 8.998717
 8.867388
 9.274814
 9.072683
 8.933719
 8.492570
 9.290244
 9.502588
 9.680231
 9.375144
 9.376196
 9.847942
 9.982995
10.387133
 9.933961
10.077862
10.480241
11.064875
 8.927019
 8.901972
 9.005535
 8.951696
 8.761572
 9.084584
 9.193227
 9.319123
 9.427407
 8.095630
 7.871002
 8.294188
 9.177041
 9.359104
 9.762284
 9.623557
 8.917733
10.131501
 9.565986
 9.086166
 9.362026
 8.855556
 9.196791
 9.411292
 9.133272
 9.535954
 9.279225
 9.856284
 9.509298
10.832516
11.145582
11.805901
10.485225
11.020570
10.179649
 9.585447
10.578336
 8.498000
 8.993657
 8.850076
11.351528
10.950019
11.298604
10.479971
11.883507
10.912573
10.891946
 8.234005
 8.348286
 7.487952
 7.974491
 8.175437
 7.984134
 8.332939
 8.149088
 8.150788
 7.226776
 6.784251
 9.821530
 9.416375
 8.965489
 9.835393
10.007248
 9.503606
 9.373578
 9.241716
 9.460290
10.155471
 9.431642
 9.756363
13.689995
12.330677
 9.893654
 9.925538
 9.991204
 9.130602
 9.031838
 8.629459
 8.084073
 8.165339
 8.529246
 6.525276
 6.353184
 8.670035
 9.065888
 8.724436
 8.193403
 8.791123
 8.418117
 7.756754
 8.443679
 8.913275
 9.850088
 9.913741
 9.842591
 9.222804
12.632515
12.370550
13.658190
 7.595067
 7.267297
 7.473783
 8.546246
 7.086874
 7.373045
 7.392815
 6.883482
 7.605986
 7.377484
 7.668559
 8.127313
 7.371749
 7.638781
 7.065878
 7.464524
 6.754784
 6.589905
 8.688244
 8.299225
 7.929889
 7.713247
 8.200852
 8.092225
 8.037518
 7.223770
 8.415191
 9.106718
 8.430950
 9.039453
 8.525291
 7.341087
 8.071489
 8.088987
 7.624784
 8.726485
 7.687725
 8.005828
 8.338985
 7.857943
 8.086822
 8.186427
 8.220671
 8.086955
 7.596316
 7.577517
 7.495849
 8.216062
 8.100320
 8.315369
 8.108461
 8.432734
 7.868062
 8.164568
 8.853495
 8.322211
 9.690041
 9.328101
 9.542354
 9.381463
 9.019869
11.484665
11.692914
11.250850
12.119981
12.330156
12.294082
11.977354
11.564615
10.963668
12.753310
 9.861981
 9.423397
10.429797
10.104732
10.873850
10.801552
10.325671
 9.811260
10.651516
11.029259
10.168298
 9.793645
10.331727
10.067070
10.221194
10.173489
10.154513
11.084267
11.420089
12.303933
12.721860
11.914002
12.164067
12.556289
11.875389
11.677259
11.452282
11.772848
11.317962
11.326017
12.145731
11.700971
11.426969
12.112837
11.277868
10.936910
10.748537
11.038651
11.164344
11.165859
11.429107
12.364621
11.922717
12.142064
11.421295
10.515048
10.117713
 9.933741
 9.565280
 9.298521
 9.805889
 9.558543
 9.921280
 9.561709
10.901870
10.181956
10.510894
 9.875011
10.502594
 9.820521
 9.022014
 9.226734
 9.884381
 8.124352
 8.814627
 8.581819
 8.809455
 9.462681
 8.887918
 8.886775
 9.059819
 8.825897
 8.794945
 9.727587
 9.454720
 9.045060
 9.706814
 8.570253
 8.775377
 8.857757
11.611057
11.361311
11.782236
12.198952
11.590691
12.057433
11.116784
12.657572
12.935445
13.194982
12.295427
13.429588
11.583048
11.551228
11.359378
11.482390
14.405049
13.811232
13.417560
10.207806
12.163776
12.376401
11.356098
12.975787
12.168699
11.740645
11.574206
10.957838
11.384768
11.028982
10.411369
10.100053
11.688360
11.595111
11.721886
11.171793
11.305236
11.135406
12.152609
 9.327577
 9.522779
 9.296263
 9.315194
 9.323184
 9.497102
 9.588388
10.241343
10.742523
10.440334
11.216903
11.391751
10.683253
10.927811
11.236966
10.426101
10.981314
10.620425
10.588760
10.171386
10.654255
11.410724
11.138463
11.871818
12.179794
11.562159
12.456329
11.693701
11.249269
11.176053
11.622252
11.279606
12.063699
10.850151
11.308362
11.948219
11.521857
13.173719
11.236942
12.195978
11.073767
11.619169
11.868915
11.776149
10.935585
11.088689
11.486016
10.855367
11.321545
12.843947
13.529416
13.659356
12.853940
13.425288
12.669297
13.098574
11.726741
13.483588
11.728084
12.483500
12.083357
12.210222
12.757488
11.874423
10.123129
 9.091078
 9.615384
12.409843
11.851837
11.670016
13.785110
15.101802
13.651252
15.032868
15.468335
15.512725
13.472261
13.473974
14.773131
14.252212
14.725561
14.680596
14.318596
14.905292
16.542317
14.928149
14.848311
14.227453
12.686971
12.677314
13.937522
14.441336
13.700623
14.424546
 9.231537
 9.203235
 9.500017
10.156065
10.060542
 9.710201
 9.069032
 9.525633
 9.093139
 9.343650
 9.209716
 9.905686
10.107341
 8.841183
 8.719103
 9.059084
 8.925504
 9.257278
 9.171200
 9.639595
10.345640
10.753056
 9.983122
10.741484
10.505433
10.790815
10.902807
10.565897
11.124330
10.867114
11.298140
10.680728
 9.898640
10.472282
10.278029
10.358255
10.101894
10.418762
10.845589
10.207908
10.205234
10.339726
 9.979958
10.236632
11.794310
10.820604
10.003484
11.298135
11.353941
11.451892
10.633474
11.777261
11.747887
12.377231
11.462117
11.403549
11.214046
13.935225
13.172353
13.891669
12.328155
12.249045
12.180497
12.438105
11.368409
11.335413
11.268278
10.839031
11.384838
 8.780273
 9.013486
 9.601991
 9.229351
 9.259311
 8.571808
 9.450931
 8.823256
 8.856175
 8.334584
10.307552
 9.296167
 8.307435
 7.579490
 8.674055
 8.015032
 8.339875
 8.697424
 8.294895
 7.845313
10.474423
 9.901990
 9.124919
 8.618760
 8.528598
10.391288
10.642504
10.345115
11.326598
10.626967
11.249363
10.526673
 9.963740
11.183712
10.691802
 9.939734
10.068720
 9.326813
 9.133166
 9.507457
 9.291889
13.098895
13.570278
13.508907
11.494831
11.997173
12.100190
12.514225
12.568733
12.300331
12.904259
12.559943
12.581316
 8.387578
 9.065147
 7.787272
 8.431344
 8.800815
 8.644932
 8.004639
 7.865606
 8.164559
 7.299237
 7.629023
 7.178886
 7.650883
 7.486858
 7.298326
 7.194883
 7.492492
 7.652190
 7.752535
 7.429587
 7.507278
10.887786
10.357841
10.010312
10.512929
 6.952691
 7.062522
 6.680362
 6.920110
 7.218916
 6.407075
 6.826835
10.660847
 9.811385
 9.903573
 9.561872
 9.331819
 8.716512
 9.364009
 9.274967
10.467008
11.319215
10.553598
 9.974005
12.346949
11.490118
12.274925
11.887548
10.601249
14.090696
14.148501
14.791820
14.016543
14.058041
14.001338
16.519791
17.330490
16.747528
15.503006
16.757080
15.432731
17.433820
17.050213
16.627693
15.675494
12.902575
12.968720
12.979563
13.535189
 8.290025
 7.544427
 7.968528
 8.602676
10.606404
10.399305
11.425673
11.026748
 9.496869
11.342507
10.265465
11.968377
11.272269
11.304782
11.423843
11.888647
12.444875
12.054655
11.084968
11.406219
11.519044
10.507705
10.630234
10.850690
 9.988442
10.084768
 9.319915
 9.752566
11.285498
11.672616
11.760860
10.511396
11.283660
11.119506
10.733542
10.044155
 9.677371
 9.622876
 9.770617
 9.560382
 9.525280
 8.539059
 9.138684
 9.456939
 9.543650
10.064045
 9.886396
10.549288
 9.760249
 9.596164
 9.180966
 8.504215
 8.445329
 8.694825
 9.050030
 8.878271
 9.085221
 8.424905
 8.896614
 8.384827
 6.983306
 6.942598
 7.054232
 6.554013
 6.961240
 7.140113
 7.117340
 7.035221
 6.862364
 6.909410
 7.235475
 7.007774
 7.854021
 7.621217
 7.126725
 7.242545
 7.403291
 7.102220
 8.197191
 7.756784
 8.062604
 8.415418
 8.944780
 8.350850
 9.427288
10.944396
 9.938383
 9.801140
 9.591653
12.439270
12.074882
 9.627030
 9.612265
 8.875445
10.374840
10.250811
10.446778
10.785143
 9.165126
 8.818365
 9.902462
 9.846318
10.006149
10.035292
10.135807
 9.432240
11.304858
12.013607
11.045635
11.057068
10.711828
 9.902989
10.677108
10.804625
10.978090
10.690810
11.138573
10.738127
 9.997646
11.309383
12.697472
12.850303
12.415090
13.626298
13.088763
10.789838
10.754187
 7.485359
 7.674847
 7.554471
 9.308098
 9.176281
 9.007234
 9.137470
 9.628418
 7.788608
 7.958417
 8.225970
 8.005161
 8.256547
 7.818441
 8.378111
 8.164164
 7.889333
 8.531538
 7.839209
 9.614852
 9.483356
 8.370023
 9.017955
 6.977017
 7.353239
 7.581090
 6.688110
 6.565015
 6.768617
 6.723084
 6.873188
 7.067295
 6.812973
 7.504393
 7.843732
 7.652701
 7.994130
 8.076060
 7.528511
 7.347159
 7.402148
 7.928389
 7.886027
 8.297880
 8.013030
 8.615872
 7.664030
 8.959339
 8.215562
 7.649522
 7.846884
 8.429920
 7.966382
 8.108711
 8.129687
 8.241979
 7.915934
 8.912678
 7.743581
 8.231987
 8.649172
 8.119245
 7.616072
 7.404677
 7.394187
 7.296762
 7.755609
 7.905602
 7.377738
 8.296710
 7.876227
 6.944696
 7.597759
10.158936
 9.607374
 9.370725
 9.634730
 9.898196
10.202232
 9.921346
 9.949249
 7.209273
 6.591881
 7.071473
 7.973012
 7.921713
 9.519405
 9.019672
 9.141156
 9.600879
 9.566662
 9.674886
 8.638015
 8.658207
 9.652572
 9.273257
 8.516131
 8.260233
 9.220920
 9.210298
 8.924656
 8.487315
 8.724169
 8.033439
 8.152968
 7.848991
 8.398525
 8.292426
 7.961393
 8.684821
 8.424413
 7.956495
 8.300328
 8.126720
 8.313196
 8.220331
 8.200980
 7.554836
 7.271409
 8.382118
 8.498625
 6.977503
16.950664
17.130800
17.939717
18.117013
15.750263
17.433625
17.736034
17.226999
17.380578
14.320216
14.097042
14.059711
14.859796
13.502589
14.141008
16.111922
17.336148
16.429385
17.034452
15.286316
16.254203
15.944580
16.052679
15.793343
14.515409
14.873288
14.556149
15.725947
15.799592
15.114250
15.438107
16.288298
16.049697
17.262375
16.444441
16.130701
17.461690
17.812737
 9.366015
 9.120064
 9.244264
 9.253297
 8.510814
 9.142046
 8.698503
 8.068091
 8.684428
 8.819587
 9.066007
 9.779219
 8.541418
 8.724316
 9.179126
 9.047885
 9.592910
 9.369552
 9.895489
 9.287783
 8.588673
10.033324
 9.055381
 9.235145
 9.471859
 8.818564
 8.470716
 8.666543
 8.110542
 8.332865
 9.184107
 9.212945
 8.603163
 9.218820
 9.328359
 8.320637
 9.497867
 8.897755
 8.554853
 9.069168
 9.047609
10.050388
 9.293428
 9.622484
 9.269254
 9.078031
 8.469725
 9.168257
 9.457923
13.793726
14.301421
13.926775
10.809664
10.550606
11.586677
11.004548
10.727686
 7.121397
 7.847297
 8.369874
 7.326252
 7.542968
 7.828439
 7.698243
 7.702028
 7.219486
 8.391595
 9.429633
 8.398927
 7.699753
 7.858192
 8.517189
 8.191245
 8.253907
 8.651739
 8.494635
 8.675569
 8.244577
 8.595315
 8.367229
 8.013986
 8.687966
 9.193769
 8.439543
 8.924575
 8.875922
 8.537901
 8.242239
 9.385890
 9.670622
 8.895428
 8.683368
 8.370416
 9.314925
 9.420098
 9.458794
10.139290
 9.076858
 9.006370
 9.554682
 8.977406
 8.716913
 8.676746
 8.733723
 9.928665
 8.906412
 9.610092
 9.859031
 8.908053
 9.268549
 9.369687
 9.078614
 9.330510
 8.991051
 9.164247
 9.431549
 8.952887
 9.449451
 9.947197
11.501507
10.731717
10.459214
10.534936
 9.440205
10.162231
 9.519932
 9.957966
10.469907
10.338793
10.283856
 9.559069
 8.831070
 8.824155
 9.590081
 9.430504
 9.489333
 9.221974
11.241067
10.885745
10.833744
11.035756
10.984833
11.111133
10.856856
10.046526
 9.773460
 9.719940
 9.311931
 9.771176
 9.769847
10.810143
10.607011
10.698258
10.103929
10.485907
10.882202
10.084733
10.326595
10.385353
10.146539
10.442608
10.961541
 9.540734
 9.955083
10.376304
 9.802693
 9.568024
10.402747
 9.201262
 9.696056
 9.392558
 9.355110
 9.098048
 9.510278
 8.807994
 9.015089
 8.907555
 9.997573
 9.068728
 9.622475
 8.963053
 8.351464
 8.355218
 8.147679
 8.350063
 8.241531
 8.576144
 8.561242
 8.728806
 8.062034
 8.247697
 7.886566
 8.144457
 7.931082
 7.970434
 8.596255
 8.336338
 8.048508
16.014605
16.612605
16.896614
17.152240
18.184427
18.114331
18.367779
17.121827
17.031749
15.858287
16.302703
16.403471
17.273453
16.460093
15.813419
18.686485
17.197197
17.544817
18.050272
17.827096
16.715650
18.140307
17.745958
19.648530
17.170648
16.167131
17.354873
17.264290
17.329585
18.433424
19.560625
18.196165
16.747663
17.646056
17.690712
18.983707
18.588406
17.783245
19.171636
14.906691
16.225544
16.288680
15.507768
16.667328
16.340485
 9.839151
10.509308
10.653285
 9.893892
 9.807127
 9.620633
 9.657160
 9.178282
 9.977581
11.182136
11.544382
10.957637
12.008715
11.287801
10.850928
10.942326
11.019448
11.595730
10.376353
10.612422
10.573119
11.147263
11.511319
11.720629
11.707176
11.868162
11.906007
 9.983627
10.676348
10.931350
10.134449
11.573953
11.412586
10.970863
12.040558
11.671419
12.079963
11.019025
11.586483
 9.592726
 8.905819
 8.026261
 7.835443
 8.654874
12.881851
13.059359
12.594435
12.812956
12.219641
12.157624
12.651648
13.446462
10.123476
10.832904
 9.185561
 9.558924
 9.620260
 9.443680
11.182019
11.124074
12.994280
11.908059
10.935050
11.733529
11.438675
11.120953
10.985430
10.956261
10.565995
11.623491
11.817099
10.380839
10.860579
12.099917
12.392425
11.781145
11.298915
10.951628
10.179006
10.948449
10.953968
10.529232
11.129636
10.739951
10.436967
 9.637580
11.317875
11.919997
11.745390
11.343266
11.536910
11.278270
11.245752
11.425570
11.871419
12.384771
11.177894
11.868928
12.495167
12.501113
10.192109
 9.978456
10.290156
10.386894
13.382772
13.091396
13.463133
13.157519
15.222342
15.371784
14.919971
13.366199
14.679762
13.787470
13.277143
13.993321
13.324932
13.801984
18.305950
17.579149
19.716810
18.719654
17.135657
17.693857
16.284659
17.515514
19.197076
19.116944
14.338796
14.196130
13.870784
13.395763
13.608609
14.424644
14.127552
15.018434
14.086597
13.979172
13.601619
14.339442
13.278436
12.874577
14.192412
15.712473
14.728994
16.764641
15.243162
15.313038
15.846064
12.727292
14.291966
14.264797
11.428197
12.086548
10.998748
11.758247
10.717459
11.061972
11.537908
10.581063
13.544776
14.023521
14.547622
13.597177
14.498429
15.016062
14.425765
14.067775
13.672963
13.415116
13.264461
14.623755
15.182999
13.637730
13.016465
13.025461
13.071632
16.423319
17.040829
15.045270
16.140605
16.146467
13.974901
13.010650
14.454540
14.550155
15.448910
13.523709
13.792772
14.602874
14.126377
15.305260
13.991412
13.294366
12.828202
13.946367
13.468577
14.059568
13.448891
13.322218
13.401826
13.226810
14.286601
14.167385
14.297191
14.486539
13.104268
14.926247
13.716487
14.037356
11.496178
11.271621
10.616148
11.270795
11.243548
10.935027
12.026256
12.608714
13.798611
12.771064
12.372544
12.657293
13.205377
13.906581
12.005567
12.355423
14.495679
14.832413
13.594056
13.026624
13.143568
13.101981
13.487436
13.997581
12.992339
13.197910
13.731954
13.553443
12.782297
13.730710
13.727781
13.173937
13.968488
13.832177
12.908916
13.950297
13.132977
13.902277
13.741743
13.232053
14.015456
15.198863
13.849781
14.798006
13.222246
14.236507
15.482399
 9.886785
10.950010
10.614550
10.322601
10.961133
 9.652849
10.113612
10.172811
10.764622
10.274991
 9.609709
11.607292
10.752066
10.812422
10.695394
10.401827
13.047982
12.394746
11.490146
12.993700
12.034960
11.807485
13.481305
12.866648
12.455789
13.458612
11.266661
12.761344
11.252964
12.129097
13.030116
13.133957
13.053997
11.248878
11.990700
11.887831
12.447831
14.058163
13.711785
11.877613
11.742724
14.115859
11.907690
10.993469
11.475142
11.931182
12.356055
13.520153
12.806468
13.540378
12.647775
 7.483124
 8.092570
 8.732565
 8.304563
 8.463270
 7.814857
 7.041932
 7.459185
 6.550664
 6.304829
 6.449495
 6.572115
 6.211941
 6.922977
 6.897112
 6.267080
 6.270897
 6.688798
 6.120463
 5.360487
 5.536266
 6.109336
 6.029154
 5.661478
 7.088674
 6.943718
 6.702051
 9.387357
 8.310901
 9.289516
10.322477
 8.580954
 9.013328
 9.801089
 9.026926
 8.887816
 9.254068
 9.890386
 9.427833
 9.768868
 9.754982
 9.517129
 9.376354
 8.833988
 8.688857
11.274621
10.427827
10.385644
 9.893952
 9.598472
 9.262178
10.127438
 9.321232
 9.975494
10.417618
10.468435
 9.840824
10.320645
 9.126156
10.045906
 9.828048
10.055457
10.151414
10.488367
10.109187
 9.943239
13.140854
14.027926
13.467185
14.813193
13.972898
13.853297
15.820599
15.109236
14.754946
15.372069
15.338394
11.096543
11.703162
11.173976
11.716897
11.960420
12.126996
 8.490724
 8.343194
 8.917886
 7.758218
 7.341555
 9.027525
 9.171737
 9.446665
 8.160360
 8.125298
 8.220241
 8.018851
 7.285538
 7.274058
 7.449920
 7.124614
 7.366240
 7.639811
 9.984937
 8.557709
 8.469342
 8.616571
 8.614254
 8.442607
10.808668
10.250185
 9.565015
 9.888108
 9.727460
 9.546092
11.360581
 9.874290
11.019708
10.972421
10.926996
11.604824
12.041636
11.932356
11.593471
10.905512
10.534411
10.682579
11.158069
11.396972
12.137355
10.633228
11.188152
10.519103
16.288983
16.053363
15.923483
17.211917
15.922762
14.631069
14.281624
14.121183
14.649916
14.278457
14.542356
14.051980
14.412484
13.260896
11.854665
12.835365
12.662347
14.520986
16.196040
17.667598
15.879860
16.444459
16.239563
13.851854
14.125787
12.524193
14.197575
13.921211
13.386500
13.744896
15.747522
15.400890
14.215547
14.863448
15.506418
14.625333
14.332898
14.716918
14.062134
13.778784
14.535756
14.332811
14.977583
13.855034
13.990114
13.813219
14.128918
13.508876
14.169581
14.252507
13.433015
13.757157
14.208142
15.392033
13.932584
13.483844
14.629938
13.204003
10.569035
10.553063
10.654113
 9.937913
10.044828
 9.413871
10.532047
10.101064
 9.094695
 9.625585
 9.403701
10.170482
 9.981324
 9.017079
 9.182371
 9.679776
 9.884328
 9.419025
 9.754498
 9.795714
 9.842977
10.222042
10.992386
10.361358
 9.758330
10.140979
10.834306
11.182682
 9.674656
10.175124
 9.236486
 9.885185
 9.313369
 9.380128
10.333782
 9.496800
 9.176602
 9.454234
10.514235
 9.660753
10.784672
10.720944
 9.700492
10.034915
 9.366712
 9.547785
 9.174160
 9.106666
 8.382513
 8.827233
 8.661032
 7.774588
10.889353
10.679276
10.220705
11.167732
 9.958462
10.409088
10.761341
10.714849
 9.861553
 9.690822
 9.319625
 9.479611
10.635151
10.952526
10.602291
10.376794
10.587347
 9.957444
10.585599
 9.958526
14.137854
14.074140
14.097671
13.956948
14.756970
15.005270
14.865774
14.913695
14.310470
15.016456
15.781694
14.649021
14.346904
14.950414
15.514219
14.763368
15.039549
15.146169
15.738696
14.311457
15.157043
14.401774
14.756452
14.323423
14.577221
15.481165
14.622249
17.171528
17.658952
18.539249
18.428084
 8.733521
 9.685121
 9.421411
 9.876703
 9.814770
 9.857412
10.189986
 9.522052
 9.658472
10.171973
 7.832856
 8.502069
 6.878746
 6.412366
 7.117296
 6.299317
 6.727083
 6.780612
 6.699683
 7.205348
 6.296429
 6.065071
 6.670605
 6.426090
 6.544902
 5.991544
 5.823627
 7.871112
 8.405702
 7.845147
 7.495746
 7.907639
 7.888691
 7.800839
 7.628072
 7.470940
 7.471131
 9.554514
10.089253
 9.734127
10.069998
 9.731974
 9.948787
 9.410059
10.219728
10.939113
10.882070
12.693440
12.701765
12.155051
10.967389
11.117789
11.230972
10.729696
10.809951
11.592893
 8.257683
 9.357103
 8.697796
 7.365910
 8.404656
 8.484076
 9.249696
 9.078296
 8.960748
 8.909769
 8.858065
 8.371915
 8.289188
 9.113465
 8.615392
 7.927074
 8.653758
 8.778566
 8.954002
 8.029900
 8.864385
 8.639875
 9.605185
 9.545182
 9.220439
 8.163358
 8.341742
 8.223007
 8.377794
 8.403084
 8.100057
 7.951566
 7.885373
 7.916354
 8.211220
 7.979239
 8.455097
 8.246143
 8.163604
 8.746354
 8.088044
 8.322572
 8.376084
 8.195811
 8.771305
 8.791850
 8.454969
 8.831929
12.005553
10.131780
11.331070
10.878117
10.784204
10.988969
10.935014
10.650297
10.894736
10.604004
10.847896
10.771970
10.904630
11.418408
10.424055
10.951263
12.101862
12.219393
11.732945
11.761719
10.982728
10.916271
11.586769
13.666107
12.832134
14.247824
14.037943
13.523726
13.759728
13.287307
12.937257
13.677524
13.119991
12.982656
12.361655
13.009283
15.219360
14.188805
14.359924
13.538409
15.134166
15.902000
16.535880
15.875590
15.195108
15.969901
14.590474
15.033960
15.652254
16.063414
15.158775
15.431474
16.742812
15.123039
15.548874
14.522016
14.398689
14.066409
14.686060
15.404029
14.555290
16.120147
15.083990
14.804605
16.141294
15.866013
14.963965
16.069708
14.761710
15.195992
14.935223
13.667709
14.178498
15.046857
17.193180
17.317798
17.035645
16.600584
16.772140
17.153369
12.332500
13.588960
12.549194
13.386305
13.764307
13.359584
14.618103
12.819103
11.870218
13.239909
13.204582
12.873999
13.159997
12.487219
13.094890
12.908180
12.810396
12.244599
12.524447
14.448153
13.858785
13.881141
14.072648
14.261636
13.505245
13.138041
12.659157
 9.597246
10.078983
11.020379
10.981335
11.189379
10.673835
10.716226
11.558359
 9.871885
 9.394237
 7.421433
 8.001868
 7.421113
 7.778707
 8.882227
 8.454039
 9.052039
 8.964484
 8.152695
 8.876812
 8.473484
 8.721597
 8.393234
10.284219
10.812934
11.199871
10.927974
10.719846
11.753879
11.791128
11.474638
10.340636
10.964086
12.146979
11.418855
12.322948
 8.478320
 8.646019
 8.628910
 8.807402
 7.799444
 7.164389
 6.946046
 7.604809
 7.803606
 7.302561
 7.675252
 6.887647
 6.927037
 7.200853
 7.053383
 7.230733
 8.165577
 7.624253
 7.891197
 8.121552
 7.801040
 8.203949
 7.848898
 8.360880
 7.366282
 6.929125
13.280885
13.096293
14.589814
12.801780
13.495235
13.237866
13.280534
12.848828
12.512074
11.232925
10.222369
10.828986
11.197680
10.972161
11.080991
 7.959404
 8.190399
 7.947581
 8.105770
 7.813987
 7.096049
 7.824108
 8.512981
 8.247260
 8.667129
 8.646613
 7.947288
 7.857723
 7.854412
 8.385096
 8.680008
 7.995159
 8.045405
 9.315982
 9.198010
 8.602762
 9.558243
 8.684838
 9.531753
 9.586587
 9.102001
 9.943738
 8.878840
10.125794
 8.975293
 9.665342
 9.310969
 9.439858
11.298173
11.307005
10.764058
10.875090
10.744637
10.759318
10.629063
10.431527
13.258081
12.826635
12.728894
13.008147
12.124885
12.598837
11.620265
11.588659
11.700001
11.906705
12.230685
12.023665
12.034573
 9.258476
 9.723840
 9.415311
 7.774876
 8.151970
 7.271357
 9.270763
 6.890311
 6.667362
 6.233433
 6.251154
 6.531192
 6.793764
 6.216719
 5.605856
 6.181881
 5.561287
 6.065321
 9.669963
 9.442305
10.192556
 9.085332
 8.904163
 9.706772
10.189091
 8.834771
 9.376038
 7.924998
 8.016662
 8.420783
 8.064826
 9.076936
 8.691021
 8.930618
 8.148600
 7.855066
 7.797589
 7.990828
 7.587769
 6.859113
 9.550731
 9.603247
 9.559493
 9.548691
 6.916295
 6.748316
 6.400340
 7.214713
 7.388541
 7.623114
 8.166418
 7.977749
 7.531144
 7.535451
 8.112078
 7.590321
 6.921579
 6.807130
 6.347531
 6.712929
 6.696308
15.182112
15.359740
16.392582
14.936143
15.300754
15.659203
14.248379
13.705537
13.936744
14.465467
13.569863
14.696515
14.711257
14.594273
15.405972
15.358218
14.212992
14.901013
15.296083
15.914002
15.373471
14.760601
15.652716
14.922274
15.129950
14.990672
15.841038
14.155547
14.248436
14.053037
14.051197
14.977794
13.131801
12.957714
13.509049
13.610024
12.688733
12.316536
13.059861
13.124712
12.645154
20.735157
20.326218
19.480503
17.158108
16.785281
17.094871
15.634703
17.030268
16.999815
16.202083
20.151920
21.366099
18.260318
20.981558
21.087428
19.097030
19.969548
21.478280
20.438654
20.572140
19.714335
19.139211
19.695811
17.833009
17.087818
17.880344
15.863502
20.786546
19.924388
20.991218
19.596540
19.935689
19.951624
19.138739
20.564563
21.219071
21.020820
22.688300
19.085688
20.489808
19.683085
20.578866
21.226564
19.149012
13.501773
13.738342
12.803499
15.510130
15.224410
15.316061
15.333609
13.892154
13.966005
13.304143
13.897068
13.664223
17.587808
17.123495
16.140555
17.252084
16.942494
17.509989
16.891627
16.832562
17.524997
16.845048
18.551467
11.283045
12.057272
13.595753
12.277890
14.009227
13.621364
15.985562
15.725946
16.112593
15.443858
15.001496
14.754650
13.831254
13.343126
13.486864
13.292751
13.011125
12.690726
11.958832
13.068805
13.526973
14.497407
14.012329
13.891286
12.795138
14.407436
14.621078
14.069614
15.113625
14.531009
13.838512
14.559180
13.300541
13.852588
13.110286
13.203064
14.424744
14.504819
16.704221
17.460695
17.436302
16.139411
17.100585
17.219538
11.665726
10.861513
11.079640
 9.781311
 9.545491
 9.545506
 9.518032
19.848788
17.548129
19.274713
17.987049
17.282217
17.798323
18.988290
18.584584
18.332330
17.499254
14.487840
16.104428
15.480779
12.066437
12.319286
12.217116
12.189278
15.040616
13.797840
13.786799
13.294576
14.710213
15.959899
15.060343
14.843301
14.991073
14.097741
13.950755
14.846082
14.709468
14.745929
13.672558
14.864902
14.451559
13.835591
15.563924
14.352258
14.085644
14.431769
15.058384
13.955914
15.419535
13.509856
14.011284
14.969257
14.847538
14.049453
15.507825
14.500884
13.397575
14.863732
15.445199
14.807432
14.520930
14.725785
15.622810
13.978459
13.527285
14.138341
13.385020
12.816968
14.242307
13.926427
15.151049
14.718192
14.843363
12.804235
12.967734
15.542768
14.421217
16.236544
15.904541
16.208189
 9.659979
 9.368834
 9.546283
 9.741679
10.943795
10.342019
11.460875
11.418018
13.993433
12.793968
12.472740
12.988203
12.989135
13.661196
13.536894
12.778796
13.196729
13.976535
13.760382
13.379355
13.255268
13.378802
13.923504
13.922954
14.064082
15.725535
14.888106
14.690255
14.055067
13.848375
14.440966
15.104937
15.420875
14.644798
14.067695
14.802809
15.845302
15.499277
12.625782
13.085315
12.365102
12.035817
12.954529
12.877696
12.838699
13.563273
13.734676
12.117346
13.544604
15.333706
14.633321
14.358745
14.861821
14.748081
14.726440
13.730049
14.101458
15.236628
18.336105
20.418110
20.195103
20.335208
20.712494
20.346825
20.622106
22.272477
21.146053
17.991789
19.123800
16.648515
19.017338
18.270636
19.034143
17.068058
17.856667
17.337818
17.176612
18.611384
17.433468
17.680976
16.253882
18.522062
17.765757
18.559389
15.435055
16.250289
16.806852
15.538716
17.735145
16.339152
20.338008
20.781989
21.021127
20.246312
20.039545
21.707991
21.882168
21.486659
20.114006
20.367898
20.136670
21.480444
19.833037
19.739024
20.994408
21.743256
22.634497
21.720418
20.804147
20.899708
22.574842
21.316032
21.122267
18.167426
20.356434
17.889299
17.809112
18.662925
18.229781
18.818755
18.666640
19.441686
18.242796
18.672416
18.838486
18.573709
19.964188
18.208800
18.959877
17.523750
18.732874
18.829258
19.813303
18.492639
19.413248
18.661132
18.041084
18.782219
18.603083
17.870940
19.071179
18.871869
12.003019
12.750489
11.230551
12.550338
12.507934
12.698508
12.197532
11.664862
12.771571
15.522246
14.490090
15.100301
13.772960
14.453982
14.857195
14.037719
14.122431
14.589467
13.101223
13.414621
14.144880
13.893636
13.223013
13.687671
12.159271
12.931420
12.898456
10.745108
12.083996
11.457229
12.734774
11.489961
11.455001
11.881851
12.019443
13.155586
12.753792
12.305134
11.746673
11.289638
12.344358
11.236908
10.418938
10.711075
11.612919
12.123622
11.803732
11.023061
11.434598
 9.671950
 9.707313
 9.589511
 9.977068
 9.650482
11.966299
11.290277
10.756448
11.441973
11.738824
11.230977
11.515704
 9.760897
 9.908435
10.010945
 9.958671
 9.914549
10.478175
10.346169
11.405675
17.016151
17.020609
15.949247
16.701196
16.645069
17.228022
18.517603
18.310142
17.719096
20.212971
19.612317
17.156188
17.982241
17.904461
18.246477
18.517498
17.970297
17.844295
18.284180
17.162185
17.982855
17.400685
17.790464
17.007744
19.089138
18.198155
17.143395
17.722529
18.019161
18.056107
19.236570
18.511784
18.369291
18.282474
18.920608
18.442943
19.832866
17.390300
18.795847
18.506369
19.606957
20.332108
20.665557
20.354618
20.592228
20.680620
16.831225
18.514633
18.927866
18.733433
18.686707
18.119043
18.733152
21.309917
20.419215
19.835488
20.089944
21.358792
21.075821
21.291105
21.554518
19.930249
20.678032
23.314100
20.410724
22.505734
21.304766
22.308391
19.790744
22.321329
19.434175
20.958334
19.810055
22.210122
21.304176
23.796671
21.160573
21.704682
21.680107
22.590851
19.741668
22.531266
20.871506
19.798784
20.835781
16.346963
16.083863
17.070355
16.896877
17.775980
17.977279
18.097369
 9.757505
 9.272383
 9.763852
 9.706728
 9.278715
 9.548695
 9.507152
 9.685650
 9.615384
 8.915724
 9.306376
 8.291327
 9.588601
 8.881422
 9.465076
 9.042593
 9.477806
 8.983635
 9.321296
 9.461322
 9.660152
10.010262
 9.215722
 8.833820
 9.522569
 9.610521
10.097524
 9.797112
10.308690
 9.665982
 9.441639
 9.939251
 9.665516
 9.231157
 8.767382
 9.634083
 9.213512
10.341962
10.000574
10.446250
10.506255
11.511571
 8.071115
10.018170
 9.589896
 9.005196
 9.269717
 7.739594
 7.436692
 7.926598
 7.708112
 7.230950
 7.491994
 7.311435
 6.715008
 8.382874
 8.297896
 8.534526
 8.071164
 8.813490
 8.630548
 9.000561
 7.593296
 7.108456
 7.199463
 7.638158
 7.816868
 7.412451
 8.223487
 7.782374
 7.748935
 7.617903
 7.323593
 7.167166
 6.983253
 7.019818
 7.382835
 7.407624
 7.490086
 7.299032
 7.358728
11.746291
12.948232
12.668526
13.246808
13.566315
13.520726
11.725796
12.209095
12.371332
16.339926
15.698528
14.277293
14.263057
14.373415
13.262334
13.671263
14.288012
14.636915
14.757676
14.668954
14.567065
14.485071
14.132306
14.444408
14.561754
13.030440
14.879408
14.922952
14.236811
12.659861
13.258405
13.105075
13.191360
 9.974451
10.072089
12.630853
12.777129
12.368680
12.426066
12.629107
 8.870145
 8.489390
 8.296692
 8.720425
 8.167745
 8.677662
 8.347070
 7.584786
10.124636
10.344366
10.522395
10.320221
 9.155202
 8.355047
 8.561213
 7.409509
 7.025538
 6.583927
 6.697213
 6.946163
 7.508372
 7.387415
 7.565076
 7.535524
 7.374613
 7.946230
 7.333739
 8.127608
 8.183890
 8.325963
 8.750114
 8.214538
 7.232231
 6.910762
 7.109465
 9.730460
 9.516440
 9.482987
10.096485
 9.732403
 9.628750
 9.713153
 8.957091
 9.550842
 9.848305
 9.310708
10.054485
10.208131
 8.192975
 7.716559
 8.617772
 9.429389
 8.505541
 9.405004
 8.761208
 8.452286
 8.629838
 7.963384
 9.138745
 9.239577
 9.104693
 9.249371
 8.610246
 8.665680
 9.018057
 8.620352
 6.566150
 6.921094
 6.715098
 7.366105
 7.684151
 7.800761
 7.717823
 6.989427
 7.186570
 7.752710
 7.993066
 8.813619
 8.771394
 8.984804
 8.089723
 8.127797
 8.687669
 8.759439
 8.137267
 8.584322
 7.596480
 7.086830
 7.990608
 7.801726
 7.893360
 8.541362
 8.422983
 8.867352
 8.457582
 8.685148
 8.277244
 8.170764
 8.694112
 8.657168
 8.224698
 8.863605
 8.546096
 9.097368
 8.650311
 8.801516
 8.373296
 8.733500
 8.149064
 8.611972
 8.024430
 8.587603
 9.433099
 8.335821
 9.039436
 8.470190
 7.937875
 8.345731
 8.850847
 7.670735
 8.331307
10.467556
10.408931
11.065435
11.760426
11.216972
10.878251
11.272746
11.012443
10.553988
10.318899
10.506885
10.943222
10.765221
10.860394
11.755216
10.361950
 7.297052
 7.665823
 7.632521
 7.043209
 7.580719
 7.022979
 7.821789
 7.107643
 7.259764
 8.025365
 8.236986
 8.460173
 7.979125
 7.093221
 7.805040
 7.366150
 7.373583
 9.432476
10.744819
 7.921764
 8.162911
 8.500074
 8.094046
 8.143342
 9.069149
 8.098383
 8.237075
 8.229998
 8.248798
11.919964
12.771977
12.022221
12.092263
11.561955
12.061117
12.603724
12.016723
12.143757
12.197525
12.340276
10.918610
12.080632
12.138631
12.134228
12.403530
11.781436
12.946727
10.592223
11.437509
10.999220
10.369918
10.440491
10.921890
12.929225
12.223291
12.894776
12.889263
11.287981
10.293589
10.495228
10.261742
10.541704
 9.804548
10.481801
10.797091
 9.841876
 9.527929
10.204889
 9.748858
10.396568
 9.529812
 9.972885
10.284089
10.148931
 9.664390
 9.709648
10.046776
10.736521
10.670694
11.010133
11.100553
10.943074
10.651426
10.308734
10.969151
10.750305
10.960710
11.337454
11.880356
 9.982310
10.049976
 9.704388
10.201136
10.368559
10.063934
10.228358
 9.693451
 9.844472
 9.573305
 8.867855
10.150392
 9.666825
 9.690470
10.935126
10.499032
10.217004
10.503127
10.190667
10.441329
10.449738
 9.672340
 9.909701
 9.208753
10.070183
10.256120
12.015351
12.200114
12.281014
11.739626
11.576564
12.622333
11.259599
10.600905
12.292626
12.106040
11.023930
11.456791
11.433458
12.855866
10.745221
11.951334
11.386456
11.783724
11.712643
10.926008
 9.234716
 8.732906
 9.187393
 8.446635
 8.913965
 8.826026
 9.018428
 8.296817
 8.222263
 8.165698
 8.626985
 8.090439
 8.160919
10.212866
 9.801295
10.243308
 9.642576
 9.984083
10.413820
10.287470
 9.438847
 9.641381
 9.740257
 9.786518
 8.205114
 8.940001
 8.899767
 8.766503
 7.841940
 7.998700
 8.092657
 7.733660
 8.384626
 8.813839
 8.230417
 9.625142
 9.204790
 8.781492
 9.268859
 8.843137
 8.436290
12.593364
11.607388
12.149565
12.380106
12.547910
12.242639
12.535821
12.327685
13.227303
12.959258
11.032933
11.739039
11.114821
11.205809
10.847366
10.791169
11.251473
11.599366
11.407990
11.407921
11.308303
10.447806
 9.394364
10.115280
10.005840
 9.332176
 9.605778
 9.836382
 9.581150
 9.452975
11.340273
11.543834
12.129874
10.014353
10.754017
10.398301
10.780858
 8.640687
 9.116528
 8.949491
 9.140705
 8.982450
 9.385817
 9.110871
 9.672137
 9.569241
 9.245004
10.010900
10.065035
10.518171
10.360853
10.463005
 9.941536
11.061536
10.346743
10.628052
10.274483
10.037155
10.981033
 9.615981
 9.163763
11.367262
11.332882
10.195699
11.544323
10.763237
10.995770
 8.811583
 9.592783
 9.424590
 8.757400
 9.591380
 9.497841
10.131626
 9.252809
 9.469433
 9.899311
10.306713
 9.834849
10.011727
10.182551
10.022684
 9.983268
10.255603
 9.976049
 9.903800
10.243377
10.323662
 9.560036
 9.998233
 9.512900
 9.804328
 9.613287
10.041440
 9.287345
 9.036150
11.664217
11.581290
11.015227
11.447187
11.068099
11.945582
11.294323
12.414580
11.756846
 7.585693
 7.442759
 7.547348
 7.621591
 8.346972
 9.188850
 9.224037
 8.239306
 8.734963
 8.606267
 8.371094
 8.166208
 7.580915
11.188606
10.309333
10.824293
11.758613
10.060208
 9.533330
 8.033443
 8.006974
 7.731880
 7.750842
 7.678909
 8.514277
 9.339385
 9.394893
 8.963192
 9.391948
 8.730964
 7.540070
 7.241600
 7.997600
 7.900427
 8.048143
 8.102421
 8.135870
 8.134074
 7.856483
 8.671847
 8.217863
 8.123710
 7.525541
 7.449878
 7.670771
 7.678055
 7.763535
 7.735608
 7.449637
 7.690835
 7.796892
 7.894261
 8.127653
10.357320
 9.159520
 9.165863
10.003736
 9.273483
 9.895962
10.578591
10.210786
 9.443257
 9.875637
11.264466
11.653080
11.133323
11.242818
11.580241
10.998045
10.890693
 9.770167
 9.466243
 9.439249
 9.788590
 9.918393
 9.921528
 9.551258
 9.983373
 8.953193
 7.809660
 7.908715
 8.311759
 8.565757
 8.149406
 8.109112
 8.206891
 8.184412
 7.720930
 7.862268
 8.897129
 8.776464
 8.397101
 8.387081
 8.725320
 9.035018
 9.550638
 9.484782
 9.218350
 8.913311
 8.530878
 9.172020
 9.539764
10.106246
 8.355974
 8.524624
 8.400431
 9.966526
10.445407
 9.192515
 9.110950
 8.873954
 8.731661
 8.973113
 9.284400
 9.475268
 9.055142
10.464008
10.571458
10.187366
 8.782593
 8.110740
11.229217
10.997103
11.578652
11.344964
11.211543
11.483231
11.996336
11.103470
10.342116
10.990351
10.599093
10.942307
10.243852
 9.847692
11.561156
10.700717
12.088434
10.947945
10.267523
10.425779
10.054206
 9.840975
10.241707
10.971130
10.257630
10.899119
10.642840
11.835881
11.017810
11.515145
11.602932
12.575791
12.561762
12.416447
12.032260
10.904363
10.597663
10.411928
12.649747
12.725148
11.737006
12.651746
11.188803
12.560678
11.332874
11.644804
10.823309
10.868195
10.925297
10.985806
10.722639
11.006638
10.110865
10.023679
11.809904
10.412023
10.330272
 8.805052
 9.568689
 7.824795
 9.503069
 8.954676
 8.533910
 8.764799
 8.374026
 9.021553
 9.081229
 8.594370
 9.344944
 9.177400
 9.404175
 9.067261
 8.830481
 9.267141
 9.706949
10.413443
10.787815
10.445592
10.688500
 9.389903
10.930868
10.715902
 9.887441
11.365337
10.746247
11.063051
10.673658
11.190554
10.230448
10.087854
10.254456
10.601787
 9.148178
10.676203
10.925775
10.819884
11.408917
11.387851
11.138039
11.512596
10.805937
10.837309
10.295069
10.137418
 9.872305
 9.404903
 9.833086
10.165275
10.394247
10.084529
 9.816326
10.692294
 9.832098
 9.754280
 9.395070
 9.619222
 9.267977
 9.315251
 9.838678
 9.929646
 9.461763
 9.776613
 9.757191
 9.890396
 9.402584
10.134041
10.811483
 9.819555
10.593819
10.251845
10.176753
 9.137370
 9.222396
13.973618
14.799195
16.308444
14.939106
15.592047
14.227567
12.749637
13.520662
12.912853
13.271854
13.509437
12.981977
12.968626
13.277523
13.164160
14.522217
15.066590
15.431258
15.794834
14.876832
15.430365
14.606729
14.107805
15.542793
14.579342
14.740908
13.954103
14.199780
15.504194
13.853434
13.101196
13.400759
13.607096
14.371565
13.334726
12.261803
13.914128
13.011578
13.951859
12.416311
12.644932
13.021314
12.422850
12.141392
11.024601
10.510964
 9.965909
10.181873
11.349158
10.507889
10.475800
10.260805
10.413747
10.071645
11.380940
10.790963
 8.701115
10.285604
 9.736272
10.035403
10.019266
10.620333
10.568037
10.646704
10.930235
10.549805
10.519771
 9.987266
10.060786
 7.219259
 7.612614
 7.670452
 7.837842
 8.018433
 7.569385
11.043553
10.752733
10.428408
11.499118
 9.749738
 9.700497
10.423728
 9.920270
10.414104
 9.583501
 9.411040
 9.917296
10.526466
 9.775022
 9.876778
 9.716206
 9.115431
 9.640460
 9.490543
 9.649241
10.672362
10.074075
 9.955188
 9.903154
10.271912
 9.968108
 9.376949
10.834663
10.166420
10.250101
10.623723
11.388301
10.136964
10.323026
10.006505
10.300519
 9.664233
 9.502782
 8.972526
10.081726
10.625494
 9.402378
 9.854672
10.469667
10.608183
 8.969115
 9.668683
11.361849
10.298475
10.238167
 9.001842
 8.985609
 9.120282
 9.185296
 9.593586
 9.954884
 9.412341
 8.760745
 9.882434
 9.560330
 9.448400
 9.848753
 9.360056
10.010917
 9.846534
 9.431602
 9.469572
 9.117318
 9.724591
 8.724679
 9.707372
10.247312
10.237350
 9.961055
 9.679698
 9.827735
11.319395
10.336768
10.616399
10.651151
10.864801
10.772076
10.830506
10.271829
10.427964
10.502740
 9.739623
10.981880
11.643329
10.818922
10.253106
10.159736
10.011620
10.232061
10.169915
12.221193
12.379103
11.263457
12.656500
11.957119
 8.664303
 8.768365
 9.632751
 9.385343
 9.884408
 9.096002
 9.648416
 9.692307
 9.647319
10.250961
 9.697169
 9.956206
 9.509172
 9.456371
10.161482
10.616036
10.417524
10.004445
10.193836
10.094381
10.094830
10.413384
 9.989830
10.027568
10.601772
 9.731849
 9.633500
10.752746
10.540404
11.065792
10.733672
10.502927
14.355242
14.676283
13.732867
14.425862
14.819980
15.106251
15.036712
15.326869
13.393107
15.101828
14.453407
16.713215
15.379792
16.785788
16.490315
16.165921
17.787599
16.685635
16.348186
17.013990
16.945932
18.338922
17.352823
18.364567
16.359919
17.492465
10.199329
 9.994586
10.713538
10.688736
10.371017
10.217802
13.525092
14.742680
14.153125
12.701893
14.484259
13.016101
13.357328
15.332009
13.238303
14.211499
13.861647
13.383114
10.805024
10.572421
10.925729
13.698664
13.785608
13.625189
11.850246
11.440592
10.827700
