0.4858537
0.4908813
0.4949624
0.5113237
0.5077092
0.5004935
0.5146798
0.5093131
0.4985659
0.5365172
0.5162000
0.4948434
0.4629886
0.4856945
0.4901413
0.5139459
0.4634770
0.5278731
0.4784425
0.5106774
0.4729610
0.4906830
0.4869869
0.4931017
0.4801289
0.5319199
0.5144325
0.4786801
0.5325609
0.5288090
0.5037187
0.5162904
0.4978086
0.4895089
0.5301878
0.4657641
0.4901354
0.4986217
0.5028110
0.4761302
0.4858537
0.4908813
0.4949624
0.5113237
0.5077092
0.5004935
0.5146798
0.5093131
0.4985659
0.5365172
0.5162000
0.4948434
0.4629886
0.4856945
0.4901413
0.5139459
0.4634770
0.5278731
0.4784425
0.5106774
0.4729610
0.4906830
0.4869869
0.4931017
0.4801289
0.5319199
0.5144325
0.4786801
0.5325609
0.5288090
0.5037187
0.5162904
0.4978086
0.4895089
0.5301878
0.4657641
0.4901354
0.4986217
0.5028110
0.4761302
0.4858537
0.4908813
0.4949624
0.5113237
0.5077092
0.5004935
0.5146798
0.5093131
0.4985659
0.5365172
0.5162000
0.4948434
0.4629886
0.4856945
0.4901413
0.5139459
0.4634770
0.5278731
0.4784425
0.5106774
0.4729610
0.4906830
0.4869869
0.4931017
0.4801289
0.5319199
0.5144325
0.4786801
0.5325609
0.5288090
0.5037187
0.5162904
0.4978086
0.4895089
0.5301878
0.4657641
0.4901354
0.4986217
0.5028110
0.4761302
0.4858537
0.4908813
0.4949624
0.5113237
0.5077092
0.5004935
0.5146798
0.5093131
0.4985659
0.5365172
0.5162000
0.4948434
0.4629886
0.4856945
0.4901413
0.5139459
0.4634770
0.5278731
0.4784425
0.5106774
0.4729610
0.4906830
0.4869869
0.4931017
0.4801289
0.5319199
0.5144325
0.4786801
0.5325609
0.5288090
0.5037187
0.5162904
0.4978086
0.4895089
0.5301878
0.4657641
0.4901354
0.4986217
0.5028110
0.4761302
0.4858537
0.4908813
0.4949624
0.5113237
0.5077092
0.5004935
0.5146798
0.5093131
0.4985659
0.5365172
0.5162000
0.4948434
0.4629886
0.4856945
0.4901413
0.5139459
0.4634770
0.5278731
0.4784425
0.5106774
0.4729610
0.4906830
0.4869869
0.4931017
0.4801289
0.5319199
0.5144325
0.4786801
0.5325609
0.5288090
0.5037187
0.5162904
0.4978086
0.4895089
0.5301878
0.4657641
0.4901354
0.4986217
0.5028110
0.4761302
0.4858537
0.4908813
0.4949624
0.5113237
0.5077092
0.5004935
0.5146798
0.5093131
0.4985659
0.5365172
0.5162000
0.4948434
0.4629886
0.4856945
0.4901413
0.5139459
0.4634770
0.5278731
0.4784425
0.5106774
0.4729610
0.4906830
0.4869869
0.4931017
0.4801289
0.5319199
0.5144325
0.4786801
0.5325609
0.5288090
0.5037187
0.5162904
0.4978086
0.4895089
0.5301878
0.4657641
0.4901354
0.4986217
0.5028110
0.4761302
0.4858537
0.4908813
0.4949624
0.5113237
0.5077092
0.5004935
0.5146798
0.5093131
0.4985659
0.5365172
0.5162000
0.4948434
0.4629886
0.4856945
0.4901413
0.5139459
0.4634770
0.5278731
0.4784425
0.5106774
0.4729610
0.4906830
0.4869869
0.4931017
0.4801289
0.5319199
0.5144325
0.4786801
0.5325609
0.5288090
0.5037187
0.5162904
0.4978086
0.4895089
0.5301878
0.4657641
0.4901354
0.4986217
0.5028110
0.4761302
0.4858537
0.4908813
0.4949624
0.5113237
0.5077092
0.5004935
0.5146798
0.5093131
0.4985659
0.5365172
0.5162000
0.4948434
0.4629886
0.4856945
0.4901413
0.5139459
0.4634770
0.5278731
0.4784425
0.5106774
0.4729610
0.4906830
0.4869869
0.4931017
0.4801289
0.5319199
0.5144325
0.4786801
0.5325609
0.5288090
0.5037187
0.5162904
0.4978086
0.4895089
0.5301878
0.4657641
0.4901354
0.4986217
0.5028110
0.4761302
0.4858537
0.4908813
0.4949624
0.5113237
0.5077092
0.5004935
0.5146798
0.5093131
0.4985659
0.5365172
0.5162000
0.4948434
0.4629886
0.4856945
0.4901413
0.5139459
0.4634770
0.5278731
0.4784425
0.5106774
0.4729610
0.4906830
0.4869869
0.4931017
0.4801289
0.5319199
0.5144325
0.4786801
0.5325609
0.5288090
0.5037187
0.5162904
0.4978086
0.4895089
0.5301878
0.4657641
0.4901354
0.4986217
0.5028110
0.4761302
0.4858537
0.4908813
0.4949624
0.5113237
0.5077092
0.5004935
0.5146798
0.5093131
0.4985659
0.5365172
0.5162000
0.4948434
0.4629886
0.4856945
0.4901413
0.5139459
0.4634770
0.5278731
0.4784425
0.5106774
0.4729610
0.4906830
0.4869869
0.4931017
0.4801289
0.5319199
0.5144325
0.4786801
0.5325609
0.5288090
0.5037187
0.5162904
0.4978086
0.4895089
0.5301878
0.4657641
0.4901354
0.4986217
0.5028110
0.4761302
0.4858537
0.4908813
0.4949624
0.5113237
0.5077092
0.5004935
0.5146798
0.5093131
0.4985659
0.5365172
0.5162000
0.4948434
0.4629886
0.4856945
0.4901413
0.5139459
0.4634770
0.5278731
0.4784425
0.5106774
0.4729610
0.4906830
0.4869869
0.4931017
0.4801289
0.5319199
0.5144325
0.4786801
0.5325609
0.5288090
0.5037187
0.5162904
0.4978086
0.4895089
0.5301878
0.4657641
0.4901354
0.4986217
0.5028110
0.4761302
0.4858537
0.4908813
0.4949624
0.5113237
0.5077092
0.5004935
0.5146798
0.5093131
0.4985659
0.5365172
0.5162000
0.4948434
0.4629886
0.4856945
0.4901413
0.5139459
0.4634770
0.5278731
0.4784425
0.5106774
0.4729610
0.4906830
0.4869869
0.4931017
0.4801289
0.5319199
0.5144325
0.4786801
0.5325609
0.5288090
0.5037187
0.5162904
0.4978086
0.4895089
0.5301878
0.4657641
0.4901354
0.4986217
0.5028110
0.4761302
0.4858537
0.4908813
0.4949624
0.5113237
0.5077092
0.5004935
0.5146798
0.5093131
0.4985659
0.5365172
0.5162000
0.4948434
0.4629886
0.4856945
0.4901413
0.5139459
0.4634770
0.5278731
0.4784425
0.5106774
0.4729610
0.4906830
0.4869869
0.4931017
0.4801289
0.5319199
0.5144325
0.4786801
0.5325609
0.5288090
0.5037187
0.5162904
0.4978086
0.4895089
0.5301878
0.4657641
0.4901354
0.4986217
0.5028110
0.4761302
0.4858537
0.4908813
0.4949624
0.5113237
0.5077092
0.5004935
0.5146798
0.5093131
0.4985659
0.5365172
0.5162000
0.4948434
0.4629886
0.4856945
0.4901413
0.5139459
0.4634770
0.5278731
0.4784425
0.5106774
0.4729610
0.4906830
0.4869869
0.4931017
0.4801289
0.5319199
0.5144325
0.4786801
0.5325609
0.5288090
0.5037187
0.5162904
0.4978086
0.4895089
0.5301878
0.4657641
0.4901354
0.4986217
0.5028110
0.4761302
0.4858537
0.4908813
0.4949624
0.5113237
0.5077092
0.5004935
0.5146798
0.5093131
0.4985659
0.5365172
0.5162000
0.4948434
0.4629886
0.4856945
0.4901413
0.5139459
0.4634770
0.5278731
0.4784425
0.5106774
0.4729610
0.4906830
0.4869869
0.4931017
0.4801289
0.5319199
0.5144325
0.4786801
0.5325609
0.5288090
0.5037187
0.5162904
0.4978086
0.4895089
0.5301878
0.4657641
0.4901354
0.4986217
0.5028110
0.4761302
0.4858537
0.4908813
0.4949624
0.5113237
0.5077092
0.5004935
0.5146798
0.5093131
0.4985659
0.5365172
0.5162000
0.4948434
0.4629886
0.4856945
0.4901413
0.5139459
0.4634770
0.5278731
0.4784425
0.5106774
0.4729610
0.4906830
0.4869869
0.4931017
0.4801289
0.5319199
0.5144325
0.4786801
0.5325609
0.5288090
0.5037187
0.5162904
0.4978086
0.4895089
0.5301878
0.4657641
0.4901354
0.4986217
0.5028110
0.4761302
0.4858537
0.4908813
0.4949624
0.5113237
0.5077092
0.5004935
0.5146798
0.5093131
0.4985659
0.5365172
0.5162000
0.4948434
0.4629886
0.4856945
0.4901413
0.5139459
0.4634770
0.5278731
0.4784425
0.5106774
0.4729610
0.4906830
0.4869869
0.4931017
0.4801289
0.5319199
0.5144325
0.4786801
0.5325609
0.5288090
0.5037187
0.5162904
0.4978086
0.4895089
0.5301878
0.4657641
0.4901354
0.4986217
0.5028110
0.4761302
0.4858537
0.4908813
0.4949624
0.5113237
0.5077092
0.5004935
0.5146798
0.5093131
0.4985659
0.5365172
0.5162000
0.4948434
0.4629886
0.4856945
0.4901413
0.5139459
0.4634770
0.5278731
0.4784425
0.5106774
0.4729610
0.4906830
0.4869869
0.4931017
0.4801289
0.5319199
0.5144325
0.4786801
0.5325609
0.5288090
0.5037187
0.5162904
0.4978086
0.4895089
0.5301878
0.4657641
0.4901354
0.4986217
0.5028110
0.4761302
0.4858537
0.4908813
0.4949624
0.5113237
0.5077092
0.5004935
0.5146798
0.5093131
0.4985659
0.5365172
0.5162000
0.4948434
0.4629886
0.4856945
0.4901413
0.5139459
0.4634770
0.5278731
0.4784425
0.5106774
0.4729610
0.4906830
0.4869869
0.4931017
0.4801289
0.5319199
0.5144325
0.4786801
0.5325609
0.5288090
0.5037187
0.5162904
0.4978086
0.4895089
0.5301878
0.4657641
0.4901354
0.4986217
0.5028110
0.4761302
0.4858537
0.4908813
0.4949624
0.5113237
0.5077092
0.5004935
0.5146798
0.5093131
0.4985659
0.5365172
0.5162000
0.4948434
0.4629886
0.4856945
0.4901413
0.5139459
0.4634770
0.5278731
0.4784425
0.5106774
0.4729610
0.4906830
0.4869869
0.4931017
0.4801289
0.5319199
0.5144325
0.4786801
0.5325609
0.5288090
0.5037187
0.5162904
0.4978086
0.4895089
0.5301878
0.4657641
0.4901354
0.4986217
0.5028110
0.4761302
0.4858537
0.4908813
0.4949624
0.5113237
0.5077092
0.5004935
0.5146798
0.5093131
0.4985659
0.5365172
0.5162000
0.4948434
0.4629886
0.4856945
0.4901413
0.5139459
0.4634770
0.5278731
0.4784425
0.5106774
0.4729610
0.4906830
0.4869869
0.4931017
0.4801289
0.5319199
0.5144325
0.4786801
0.5325609
0.5288090
0.5037187
0.5162904
0.4978086
0.4895089
0.5301878
0.4657641
0.4901354
0.4986217
0.5028110
0.4761302
0.4858537
0.4908813
0.4949624
0.5113237
0.5077092
0.5004935
0.5146798
0.5093131
0.4985659
0.5365172
0.5162000
0.4948434
0.4629886
0.4856945
0.4901413
0.5139459
0.4634770
0.5278731
0.4784425
0.5106774
0.4729610
0.4906830
0.4869869
0.4931017
0.4801289
0.5319199
0.5144325
0.4786801
0.5325609
0.5288090
0.5037187
0.5162904
0.4978086
0.4895089
0.5301878
0.4657641
0.4901354
0.4986217
0.5028110
0.4761302
0.4858537
0.4908813
0.4949624
0.5113237
0.5077092
0.5004935
0.5146798
0.5093131
0.4985659
0.5365172
0.5162000
0.4948434
0.4629886
0.4856945
0.4901413
0.5139459
0.4634770
0.5278731
0.4784425
0.5106774
0.4729610
0.4906830
0.4869869
0.4931017
0.4801289
0.5319199
0.5144325
0.4786801
0.5325609
0.5288090
0.5037187
0.5162904
0.4978086
0.4895089
0.5301878
0.4657641
0.4901354
0.4986217
0.5028110
0.4761302
0.4858537
0.4908813
0.4949624
0.5113237
0.5077092
0.5004935
0.5146798
0.5093131
0.4985659
0.5365172
0.5162000
0.4948434
0.4629886
0.4856945
0.4901413
0.5139459
0.4634770
0.5278731
0.4784425
0.5106774
0.4729610
0.4906830
0.4869869
0.4931017
0.4801289
0.5319199
0.5144325
0.4786801
0.5325609
0.5288090
0.5037187
0.5162904
0.4978086
0.4895089
0.5301878
0.4657641
0.4901354
0.4986217
0.5028110
0.4761302
0.4858537
0.4908813
0.4949624
0.5113237
0.5077092
0.5004935
0.5146798
0.5093131
0.4985659
0.5365172
0.5162000
0.4948434
0.4629886
0.4856945
0.4901413
0.5139459
0.4634770
0.5278731
0.4784425
0.5106774
0.4729610
0.4906830
0.4869869
0.4931017
0.4801289
0.5319199
0.5144325
0.4786801
0.5325609
0.5288090
0.5037187
0.5162904
0.4978086
0.4895089
0.5301878
0.4657641
0.4901354
0.4986217
0.5028110
0.4761302
0.4858537
0.4908813
0.4949624
0.5113237
0.5077092
0.5004935
0.5146798
0.5093131
0.4985659
0.5365172
0.5162000
0.4948434
0.4629886
0.4856945
0.4901413
0.5139459
0.4634770
0.5278731
0.4784425
0.5106774
0.4729610
0.4906830
0.4869869
0.4931017
0.4801289
0.5319199
0.5144325
0.4786801
0.5325609
0.5288090
0.5037187
0.5162904
0.4978086
0.4895089
0.5301878
0.4657641
0.4901354
0.4986217
0.5028110
0.4761302
0.4858537
0.4908813
0.4949624
0.5113237
0.5077092
0.5004935
0.5146798
0.5093131
0.4985659
0.5365172
0.5162000
0.4948434
0.4629886
0.4856945
0.4901413
0.5139459
0.4634770
0.5278731
0.4784425
0.5106774
0.4729610
0.4906830
0.4869869
0.4931017
0.4801289
0.5319199
0.5144325
0.4786801
0.5325609
0.5288090
0.5037187
0.5162904
0.4978086
0.4895089
0.5301878
0.4657641
0.4901354
0.4986217
0.5028110
0.4761302
0.4858537
0.4908813
0.4949624
0.5113237
0.5077092
0.5004935
0.5146798
0.5093131
0.4985659
0.5365172
0.5162000
0.4948434
0.4629886
0.4856945
0.4901413
0.5139459
0.4634770
0.5278731
0.4784425
0.5106774
0.4729610
0.4906830
0.4869869
0.4931017
0.4801289
0.5319199
0.5144325
0.4786801
0.5325609
0.5288090
0.5037187
0.5162904
0.4978086
0.4895089
0.5301878
0.4657641
0.4901354
0.4986217
0.5028110
0.4761302
0.4858537
0.4908813
0.4949624
0.5113237
0.5077092
0.5004935
0.5146798
0.5093131
0.4985659
0.5365172
0.5162000
0.4948434
0.4629886
0.4856945
0.4901413
0.5139459
0.4634770
0.5278731
0.4784425
0.5106774
0.4729610
0.4906830
0.4869869
0.4931017
0.4801289
0.5319199
0.5144325
0.4786801
0.5325609
0.5288090
0.5037187
0.5162904
0.4978086
0.4895089
0.5301878
0.4657641
0.4901354
0.4986217
0.5028110
0.4761302
0.4858537
0.4908813
0.4949624
0.5113237
0.5077092
0.5004935
0.5146798
0.5093131
0.4985659
0.5365172
0.5162000
0.4948434
0.4629886
0.4856945
0.4901413
0.5139459
0.4634770
0.5278731
0.4784425
0.5106774
0.4729610
0.4906830
0.4869869
0.4931017
0.4801289
0.5319199
0.5144325
0.4786801
0.5325609
0.5288090
0.5037187
0.5162904
0.4978086
0.4895089
0.5301878
0.4657641
0.4901354
0.4986217
0.5028110
0.4761302
0.4858537
0.4908813
0.4949624
0.5113237
0.5077092
0.5004935
0.5146798
0.5093131
0.4985659
0.5365172
0.5162000
0.4948434
0.4629886
0.4856945
0.4901413
0.5139459
0.4634770
0.5278731
0.4784425
0.5106774
0.4729610
0.4906830
0.4869869
0.4931017
0.4801289
0.5319199
0.5144325
0.4786801
0.5325609
0.5288090
0.5037187
0.5162904
0.4978086
0.4895089
0.5301878
0.4657641
0.4901354
0.4986217
0.5028110
0.4761302
0.4858537
0.4908813
0.4949624
0.5113237
0.5077092
0.5004935
0.5146798
0.5093131
0.4985659
0.5365172
0.5162000
0.4948434
0.4629886
0.4856945
0.4901413
0.5139459
0.4634770
0.5278731
0.4784425
0.5106774
0.4729610
0.4906830
0.4869869
0.4931017
0.4801289
0.5319199
0.5144325
0.4786801
0.5325609
0.5288090
0.5037187
0.5162904
0.4978086
0.4895089
0.5301878
0.4657641
0.4901354
0.4986217
0.5028110
0.4761302
0.4858537
0.4908813
0.4949624
0.5113237
0.5077092
0.5004935
0.5146798
0.5093131
0.4985659
0.5365172
0.5162000
0.4948434
0.4629886
0.4856945
0.4901413
0.5139459
0.4634770
0.5278731
0.4784425
0.5106774
0.4729610
0.4906830
0.4869869
0.4931017
0.4801289
0.5319199
0.5144325
0.4786801
0.5325609
0.5288090
0.5037187
0.5162904
0.4978086
0.4895089
0.5301878
0.4657641
0.4901354
0.4986217
0.5028110
0.4761302
0.4858537
0.4908813
0.4949624
0.5113237
0.5077092
0.5004935
0.5146798
0.5093131
0.4985659
0.5365172
0.5162000
0.4948434
0.4629886
0.4856945
0.4901413
0.5139459
0.4634770
0.5278731
0.4784425
0.5106774
0.4729610
0.4906830
0.4869869
0.4931017
0.4801289
0.5319199
0.5144325
0.4786801
0.5325609
0.5288090
0.5037187
0.5162904
0.4978086
0.4895089
0.5301878
0.4657641
0.4901354
0.4986217
0.5028110
0.4761302
0.4858537
0.4908813
0.4949624
0.5113237
0.5077092
0.5004935
0.5146798
0.5093131
0.4985659
0.5365172
0.5162000
0.4948434
0.4629886
0.4856945
0.4901413
0.5139459
0.4634770
0.5278731
0.4784425
0.5106774
0.4729610
0.4906830
0.4869869
0.4931017
0.4801289
0.5319199
0.5144325
0.4786801
0.5325609
0.5288090
0.5037187
0.5162904
0.4978086
0.4895089
0.5301878
0.4657641
0.4901354
0.4986217
0.5028110
0.4761302
0.4858537
0.4908813
0.4949624
0.5113237
0.5077092
0.5004935
0.5146798
0.5093131
0.4985659
0.5365172
0.5162000
0.4948434
0.4629886
0.4856945
0.4901413
0.5139459
0.4634770
0.5278731
0.4784425
0.5106774
0.4729610
0.4906830
0.4869869
0.4931017
0.4801289
0.5319199
0.5144325
0.4786801
0.5325609
0.5288090
0.5037187
0.5162904
0.4978086
0.4895089
0.5301878
0.4657641
0.4901354
0.4986217
0.5028110
0.4761302
0.4858537
0.4908813
0.4949624
0.5113237
0.5077092
0.5004935
0.5146798
0.5093131
0.4985659
0.5365172
0.5162000
0.4948434
0.4629886
0.4856945
0.4901413
0.5139459
0.4634770
0.5278731
0.4784425
0.5106774
0.4729610
0.4906830
0.4869869
0.4931017
0.4801289
0.5319199
0.5144325
0.4786801
0.5325609
0.5288090
0.5037187
0.5162904
0.4978086
0.4895089
0.5301878
0.4657641
0.4901354
0.4986217
0.5028110
0.4761302
0.4858537
0.4908813
0.4949624
0.5113237
0.5077092
0.5004935
0.5146798
0.5093131
0.4985659
0.5365172
0.5162000
0.4948434
0.4629886
0.4856945
0.4901413
0.5139459
0.4634770
0.5278731
0.4784425
0.5106774
0.4729610
0.4906830
0.4869869
0.4931017
0.4801289
0.5319199
0.5144325
0.4786801
0.5325609
0.5288090
0.5037187
0.5162904
0.4978086
0.4895089
0.5301878
0.4657641
0.4901354
0.4986217
0.5028110
0.4761302
0.4858537
0.4908813
0.4949624
0.5113237
0.5077092
0.5004935
0.5146798
0.5093131
0.4985659
0.5365172
0.5162000
0.4948434
0.4629886
0.4856945
0.4901413
0.5139459
0.4634770
0.5278731
0.4784425
0.5106774
0.4729610
0.4906830
0.4869869
0.4931017
0.4801289
0.5319199
0.5144325
0.4786801
0.5325609
0.5288090
0.5037187
0.5162904
0.4978086
0.4895089
0.5301878
0.4657641
0.4901354
0.4986217
0.5028110
0.4761302
0.4858537
0.4908813
0.4949624
0.5113237
0.5077092
0.5004935
0.5146798
0.5093131
0.4985659
0.5365172
0.5162000
0.4948434
0.4629886
0.4856945
0.4901413
0.5139459
0.4634770
0.5278731
0.4784425
0.5106774
0.4729610
0.4906830
0.4869869
0.4931017
0.4801289
0.5319199
0.5144325
0.4786801
0.5325609
0.5288090
0.5037187
0.5162904
0.4978086
0.4895089
0.5301878
0.4657641
0.4901354
0.4986217
0.5028110
0.4761302
0.4858537
0.4908813
0.4949624
0.5113237
0.5077092
0.5004935
0.5146798
0.5093131
0.4985659
0.5365172
0.5162000
0.4948434
0.4629886
0.4856945
0.4901413
0.5139459
0.4634770
0.5278731
0.4784425
0.5106774
0.4729610
0.4906830
0.4869869
0.4931017
0.4801289
0.5319199
0.5144325
0.4786801
0.5325609
0.5288090
0.5037187
0.5162904
0.4978086
0.4895089
0.5301878
0.4657641
0.4901354
0.4986217
0.5028110
0.4761302
0.4858537
0.4908813
0.4949624
0.5113237
0.5077092
0.5004935
0.5146798
0.5093131
0.4985659
0.5365172
0.5162000
0.4948434
0.4629886
0.4856945
0.4901413
0.5139459
0.4634770
0.5278731
0.4784425
0.5106774
0.4729610
0.4906830
0.4869869
0.4931017
0.4801289
0.5319199
0.5144325
0.4786801
0.5325609
0.5288090
0.5037187
0.5162904
0.4978086
0.4895089
0.5301878
0.4657641
0.4901354
0.4986217
0.5028110
0.4761302
0.4858537
0.4908813
0.4949624
0.5113237
0.5077092
0.5004935
0.5146798
0.5093131
0.4985659
0.5365172
0.5162000
0.4948434
0.4629886
0.4856945
0.4901413
0.5139459
0.4634770
0.5278731
0.4784425
0.5106774
0.4729610
0.4906830
0.4869869
0.4931017
0.4801289
0.5319199
0.5144325
0.4786801
0.5325609
0.5288090
0.5037187
0.5162904
0.4978086
0.4895089
0.5301878
0.4657641
0.4901354
0.4986217
0.5028110
0.4761302
0.4858537
0.4908813
0.4949624
0.5113237
0.5077092
0.5004935
0.5146798
0.5093131
0.4985659
0.5365172
0.5162000
0.4948434
0.4629886
0.4856945
0.4901413
0.5139459
0.4634770
0.5278731
0.4784425
0.5106774
0.4729610
0.4906830
0.4869869
0.4931017
0.4801289
0.5319199
0.5144325
0.4786801
0.5325609
0.5288090
0.5037187
0.5162904
0.4978086
0.4895089
0.5301878
0.4657641
0.4901354
0.4986217
0.5028110
0.4761302
0.4858537
0.4908813
0.4949624
0.5113237
0.5077092
0.5004935
0.5146798
0.5093131
0.4985659
0.5365172
0.5162000
0.4948434
0.4629886
0.4856945
0.4901413
0.5139459
0.4634770
0.5278731
0.4784425
0.5106774
0.4729610
0.4906830
0.4869869
0.4931017
0.4801289
0.5319199
0.5144325
0.4786801
0.5325609
0.5288090
0.5037187
0.5162904
0.4978086
0.4895089
0.5301878
0.4657641
0.4901354
0.4986217
0.5028110
0.4761302
0.4858537
0.4908813
0.4949624
0.5113237
0.5077092
0.5004935
0.5146798
0.5093131
0.4985659
0.5365172
0.5162000
0.4948434
0.4629886
0.4856945
0.4901413
0.5139459
0.4634770
0.5278731
0.4784425
0.5106774
0.4729610
0.4906830
0.4869869
0.4931017
0.4801289
0.5319199
0.5144325
0.4786801
0.5325609
0.5288090
0.5037187
0.5162904
0.4978086
0.4895089
0.5301878
0.4657641
0.4901354
0.4986217
0.5028110
0.4761302
0.4858537
0.4908813
0.4949624
0.5113237
0.5077092
0.5004935
0.5146798
0.5093131
0.4985659
0.5365172
0.5162000
0.4948434
0.4629886
0.4856945
0.4901413
0.5139459
0.4634770
0.5278731
0.4784425
0.5106774
0.4729610
0.4906830
0.4869869
0.4931017
0.4801289
0.5319199
0.5144325
0.4786801
0.5325609
0.5288090
0.5037187
0.5162904
0.4978086
0.4895089
0.5301878
0.4657641
0.4901354
0.4986217
0.5028110
0.4761302
0.4858537
0.4908813
0.4949624
0.5113237
0.5077092
0.5004935
0.5146798
0.5093131
0.4985659
0.5365172
0.5162000
0.4948434
0.4629886
0.4856945
0.4901413
0.5139459
0.4634770
0.5278731
0.4784425
0.5106774
0.4729610
0.4906830
0.4869869
0.4931017
0.4801289
0.5319199
0.5144325
0.4786801
0.5325609
0.5288090
0.5037187
0.5162904
0.4978086
0.4895089
0.5301878
0.4657641
0.4901354
0.4986217
0.5028110
0.4761302
0.4858537
0.4908813
0.4949624
0.5113237
0.5077092
0.5004935
0.5146798
0.5093131
0.4985659
0.5365172
0.5162000
0.4948434
0.4629886
0.4856945
0.4901413
0.5139459
0.4634770
0.5278731
0.4784425
0.5106774
0.4729610
0.4906830
0.4869869
0.4931017
0.4801289
0.5319199
0.5144325
0.4786801
0.5325609
0.5288090
0.5037187
0.5162904
0.4978086
0.4895089
0.5301878
0.4657641
0.4901354
0.4986217
0.5028110
0.4761302
0.4858537
0.4908813
0.4949624
0.5113237
0.5077092
0.5004935
0.5146798
0.5093131
0.4985659
0.5365172
0.5162000
0.4948434
0.4629886
0.4856945
0.4901413
0.5139459
0.4634770
0.5278731
0.4784425
0.5106774
0.4729610
0.4906830
0.4869869
0.4931017
0.4801289
0.5319199
0.5144325
0.4786801
0.5325609
0.5288090
0.5037187
0.5162904
0.4978086
0.4895089
0.5301878
0.4657641
0.4901354
0.4986217
0.5028110
0.4761302
