0.5212307
0.4814579
0.4744628
0.5091205
0.4623256
0.4813182
0.4889719
0.5179814
0.4946823
0.5135746
0.5175118
0.4796663
0.5108394
0.5008047
0.5250637
0.5041371
0.5243308
0.5256346
0.4852439
0.4614031
0.5031938
0.5255384
0.4884735
0.4931281
0.5126186
0.4684215
0.5060355
0.5061304
0.4680343
0.4841598
0.4902561
0.5019122
0.4732875
0.5112106
0.4644335
0.5060895
0.5094466
0.4921445
0.4862228
0.4985246
0.5212307
0.4814579
0.4744628
0.5091205
0.4623256
0.4813182
0.4889719
0.5179814
0.4946823
0.5135746
0.5175118
0.4796663
0.5108394
0.5008047
0.5250637
0.5041371
0.5243308
0.5256346
0.4852439
0.4614031
0.5031938
0.5255384
0.4884735
0.4931281
0.5126186
0.4684215
0.5060355
0.5061304
0.4680343
0.4841598
0.4902561
0.5019122
0.4732875
0.5112106
0.4644335
0.5060895
0.5094466
0.4921445
0.4862228
0.4985246
0.5212307
0.4814579
0.4744628
0.5091205
0.4623256
0.4813182
0.4889719
0.5179814
0.4946823
0.5135746
0.5175118
0.4796663
0.5108394
0.5008047
0.5250637
0.5041371
0.5243308
0.5256346
0.4852439
0.4614031
0.5031938
0.5255384
0.4884735
0.4931281
0.5126186
0.4684215
0.5060355
0.5061304
0.4680343
0.4841598
0.4902561
0.5019122
0.4732875
0.5112106
0.4644335
0.5060895
0.5094466
0.4921445
0.4862228
0.4985246
0.5212307
0.4814579
0.4744628
0.5091205
0.4623256
0.4813182
0.4889719
0.5179814
0.4946823
0.5135746
0.5175118
0.4796663
0.5108394
0.5008047
0.5250637
0.5041371
0.5243308
0.5256346
0.4852439
0.4614031
0.5031938
0.5255384
0.4884735
0.4931281
0.5126186
0.4684215
0.5060355
0.5061304
0.4680343
0.4841598
0.4902561
0.5019122
0.4732875
0.5112106
0.4644335
0.5060895
0.5094466
0.4921445
0.4862228
0.4985246
0.5212307
0.4814579
0.4744628
0.5091205
0.4623256
0.4813182
0.4889719
0.5179814
0.4946823
0.5135746
0.5175118
0.4796663
0.5108394
0.5008047
0.5250637
0.5041371
0.5243308
0.5256346
0.4852439
0.4614031
0.5031938
0.5255384
0.4884735
0.4931281
0.5126186
0.4684215
0.5060355
0.5061304
0.4680343
0.4841598
0.4902561
0.5019122
0.4732875
0.5112106
0.4644335
0.5060895
0.5094466
0.4921445
0.4862228
0.4985246
0.5212307
0.4814579
0.4744628
0.5091205
0.4623256
0.4813182
0.4889719
0.5179814
0.4946823
0.5135746
0.5175118
0.4796663
0.5108394
0.5008047
0.5250637
0.5041371
0.5243308
0.5256346
0.4852439
0.4614031
0.5031938
0.5255384
0.4884735
0.4931281
0.5126186
0.4684215
0.5060355
0.5061304
0.4680343
0.4841598
0.4902561
0.5019122
0.4732875
0.5112106
0.4644335
0.5060895
0.5094466
0.4921445
0.4862228
0.4985246
0.5212307
0.4814579
0.4744628
0.5091205
0.4623256
0.4813182
0.4889719
0.5179814
0.4946823
0.5135746
0.5175118
0.4796663
0.5108394
0.5008047
0.5250637
0.5041371
0.5243308
0.5256346
0.4852439
0.4614031
0.5031938
0.5255384
0.4884735
0.4931281
0.5126186
0.4684215
0.5060355
0.5061304
0.4680343
0.4841598
0.4902561
0.5019122
0.4732875
0.5112106
0.4644335
0.5060895
0.5094466
0.4921445
0.4862228
0.4985246
0.5212307
0.4814579
0.4744628
0.5091205
0.4623256
0.4813182
0.4889719
0.5179814
0.4946823
0.5135746
0.5175118
0.4796663
0.5108394
0.5008047
0.5250637
0.5041371
0.5243308
0.5256346
0.4852439
0.4614031
0.5031938
0.5255384
0.4884735
0.4931281
0.5126186
0.4684215
0.5060355
0.5061304
0.4680343
0.4841598
0.4902561
0.5019122
0.4732875
0.5112106
0.4644335
0.5060895
0.5094466
0.4921445
0.4862228
0.4985246
0.5212307
0.4814579
0.4744628
0.5091205
0.4623256
0.4813182
0.4889719
0.5179814
0.4946823
0.5135746
0.5175118
0.4796663
0.5108394
0.5008047
0.5250637
0.5041371
0.5243308
0.5256346
0.4852439
0.4614031
0.5031938
0.5255384
0.4884735
0.4931281
0.5126186
0.4684215
0.5060355
0.5061304
0.4680343
0.4841598
0.4902561
0.5019122
0.4732875
0.5112106
0.4644335
0.5060895
0.5094466
0.4921445
0.4862228
0.4985246
0.5212307
0.4814579
0.4744628
0.5091205
0.4623256
0.4813182
0.4889719
0.5179814
0.4946823
0.5135746
0.5175118
0.4796663
0.5108394
0.5008047
0.5250637
0.5041371
0.5243308
0.5256346
0.4852439
0.4614031
0.5031938
0.5255384
0.4884735
0.4931281
0.5126186
0.4684215
0.5060355
0.5061304
0.4680343
0.4841598
0.4902561
0.5019122
0.4732875
0.5112106
0.4644335
0.5060895
0.5094466
0.4921445
0.4862228
0.4985246
0.5212307
0.4814579
0.4744628
0.5091205
0.4623256
0.4813182
0.4889719
0.5179814
0.4946823
0.5135746
0.5175118
0.4796663
0.5108394
0.5008047
0.5250637
0.5041371
0.5243308
0.5256346
0.4852439
0.4614031
0.5031938
0.5255384
0.4884735
0.4931281
0.5126186
0.4684215
0.5060355
0.5061304
0.4680343
0.4841598
0.4902561
0.5019122
0.4732875
0.5112106
0.4644335
0.5060895
0.5094466
0.4921445
0.4862228
0.4985246
0.5212307
0.4814579
0.4744628
0.5091205
0.4623256
0.4813182
0.4889719
0.5179814
0.4946823
0.5135746
0.5175118
0.4796663
0.5108394
0.5008047
0.5250637
0.5041371
0.5243308
0.5256346
0.4852439
0.4614031
0.5031938
0.5255384
0.4884735
0.4931281
0.5126186
0.4684215
0.5060355
0.5061304
0.4680343
0.4841598
0.4902561
0.5019122
0.4732875
0.5112106
0.4644335
0.5060895
0.5094466
0.4921445
0.4862228
0.4985246
0.5212307
0.4814579
0.4744628
0.5091205
0.4623256
0.4813182
0.4889719
0.5179814
0.4946823
0.5135746
0.5175118
0.4796663
0.5108394
0.5008047
0.5250637
0.5041371
0.5243308
0.5256346
0.4852439
0.4614031
0.5031938
0.5255384
0.4884735
0.4931281
0.5126186
0.4684215
0.5060355
0.5061304
0.4680343
0.4841598
0.4902561
0.5019122
0.4732875
0.5112106
0.4644335
0.5060895
0.5094466
0.4921445
0.4862228
0.4985246
0.5212307
0.4814579
0.4744628
0.5091205
0.4623256
0.4813182
0.4889719
0.5179814
0.4946823
0.5135746
0.5175118
0.4796663
0.5108394
0.5008047
0.5250637
0.5041371
0.5243308
0.5256346
0.4852439
0.4614031
0.5031938
0.5255384
0.4884735
0.4931281
0.5126186
0.4684215
0.5060355
0.5061304
0.4680343
0.4841598
0.4902561
0.5019122
0.4732875
0.5112106
0.4644335
0.5060895
0.5094466
0.4921445
0.4862228
0.4985246
0.5212307
0.4814579
0.4744628
0.5091205
0.4623256
0.4813182
0.4889719
0.5179814
0.4946823
0.5135746
0.5175118
0.4796663
0.5108394
0.5008047
0.5250637
0.5041371
0.5243308
0.5256346
0.4852439
0.4614031
0.5031938
0.5255384
0.4884735
0.4931281
0.5126186
0.4684215
0.5060355
0.5061304
0.4680343
0.4841598
0.4902561
0.5019122
0.4732875
0.5112106
0.4644335
0.5060895
0.5094466
0.4921445
0.4862228
0.4985246
0.5212307
0.4814579
0.4744628
0.5091205
0.4623256
0.4813182
0.4889719
0.5179814
0.4946823
0.5135746
0.5175118
0.4796663
0.5108394
0.5008047
0.5250637
0.5041371
0.5243308
0.5256346
0.4852439
0.4614031
0.5031938
0.5255384
0.4884735
0.4931281
0.5126186
0.4684215
0.5060355
0.5061304
0.4680343
0.4841598
0.4902561
0.5019122
0.4732875
0.5112106
0.4644335
0.5060895
0.5094466
0.4921445
0.4862228
0.4985246
0.5212307
0.4814579
0.4744628
0.5091205
0.4623256
0.4813182
0.4889719
0.5179814
0.4946823
0.5135746
0.5175118
0.4796663
0.5108394
0.5008047
0.5250637
0.5041371
0.5243308
0.5256346
0.4852439
0.4614031
0.5031938
0.5255384
0.4884735
0.4931281
0.5126186
0.4684215
0.5060355
0.5061304
0.4680343
0.4841598
0.4902561
0.5019122
0.4732875
0.5112106
0.4644335
0.5060895
0.5094466
0.4921445
0.4862228
0.4985246
0.5212307
0.4814579
0.4744628
0.5091205
0.4623256
0.4813182
0.4889719
0.5179814
0.4946823
0.5135746
0.5175118
0.4796663
0.5108394
0.5008047
0.5250637
0.5041371
0.5243308
0.5256346
0.4852439
0.4614031
0.5031938
0.5255384
0.4884735
0.4931281
0.5126186
0.4684215
0.5060355
0.5061304
0.4680343
0.4841598
0.4902561
0.5019122
0.4732875
0.5112106
0.4644335
0.5060895
0.5094466
0.4921445
0.4862228
0.4985246
0.5212307
0.4814579
0.4744628
0.5091205
0.4623256
0.4813182
0.4889719
0.5179814
0.4946823
0.5135746
0.5175118
0.4796663
0.5108394
0.5008047
0.5250637
0.5041371
0.5243308
0.5256346
0.4852439
0.4614031
0.5031938
0.5255384
0.4884735
0.4931281
0.5126186
0.4684215
0.5060355
0.5061304
0.4680343
0.4841598
0.4902561
0.5019122
0.4732875
0.5112106
0.4644335
0.5060895
0.5094466
0.4921445
0.4862228
0.4985246
0.5212307
0.4814579
0.4744628
0.5091205
0.4623256
0.4813182
0.4889719
0.5179814
0.4946823
0.5135746
0.5175118
0.4796663
0.5108394
0.5008047
0.5250637
0.5041371
0.5243308
0.5256346
0.4852439
0.4614031
0.5031938
0.5255384
0.4884735
0.4931281
0.5126186
0.4684215
0.5060355
0.5061304
0.4680343
0.4841598
0.4902561
0.5019122
0.4732875
0.5112106
0.4644335
0.5060895
0.5094466
0.4921445
0.4862228
0.4985246
0.5212307
0.4814579
0.4744628
0.5091205
0.4623256
0.4813182
0.4889719
0.5179814
0.4946823
0.5135746
0.5175118
0.4796663
0.5108394
0.5008047
0.5250637
0.5041371
0.5243308
0.5256346
0.4852439
0.4614031
0.5031938
0.5255384
0.4884735
0.4931281
0.5126186
0.4684215
0.5060355
0.5061304
0.4680343
0.4841598
0.4902561
0.5019122
0.4732875
0.5112106
0.4644335
0.5060895
0.5094466
0.4921445
0.4862228
0.4985246
0.5212307
0.4814579
0.4744628
0.5091205
0.4623256
0.4813182
0.4889719
0.5179814
0.4946823
0.5135746
0.5175118
0.4796663
0.5108394
0.5008047
0.5250637
0.5041371
0.5243308
0.5256346
0.4852439
0.4614031
0.5031938
0.5255384
0.4884735
0.4931281
0.5126186
0.4684215
0.5060355
0.5061304
0.4680343
0.4841598
0.4902561
0.5019122
0.4732875
0.5112106
0.4644335
0.5060895
0.5094466
0.4921445
0.4862228
0.4985246
0.5212307
0.4814579
0.4744628
0.5091205
0.4623256
0.4813182
0.4889719
0.5179814
0.4946823
0.5135746
0.5175118
0.4796663
0.5108394
0.5008047
0.5250637
0.5041371
0.5243308
0.5256346
0.4852439
0.4614031
0.5031938
0.5255384
0.4884735
0.4931281
0.5126186
0.4684215
0.5060355
0.5061304
0.4680343
0.4841598
0.4902561
0.5019122
0.4732875
0.5112106
0.4644335
0.5060895
0.5094466
0.4921445
0.4862228
0.4985246
0.5212307
0.4814579
0.4744628
0.5091205
0.4623256
0.4813182
0.4889719
0.5179814
0.4946823
0.5135746
0.5175118
0.4796663
0.5108394
0.5008047
0.5250637
0.5041371
0.5243308
0.5256346
0.4852439
0.4614031
0.5031938
0.5255384
0.4884735
0.4931281
0.5126186
0.4684215
0.5060355
0.5061304
0.4680343
0.4841598
0.4902561
0.5019122
0.4732875
0.5112106
0.4644335
0.5060895
0.5094466
0.4921445
0.4862228
0.4985246
0.5212307
0.4814579
0.4744628
0.5091205
0.4623256
0.4813182
0.4889719
0.5179814
0.4946823
0.5135746
0.5175118
0.4796663
0.5108394
0.5008047
0.5250637
0.5041371
0.5243308
0.5256346
0.4852439
0.4614031
0.5031938
0.5255384
0.4884735
0.4931281
0.5126186
0.4684215
0.5060355
0.5061304
0.4680343
0.4841598
0.4902561
0.5019122
0.4732875
0.5112106
0.4644335
0.5060895
0.5094466
0.4921445
0.4862228
0.4985246
0.5212307
0.4814579
0.4744628
0.5091205
0.4623256
0.4813182
0.4889719
0.5179814
0.4946823
0.5135746
0.5175118
0.4796663
0.5108394
0.5008047
0.5250637
0.5041371
0.5243308
0.5256346
0.4852439
0.4614031
0.5031938
0.5255384
0.4884735
0.4931281
0.5126186
0.4684215
0.5060355
0.5061304
0.4680343
0.4841598
0.4902561
0.5019122
0.4732875
0.5112106
0.4644335
0.5060895
0.5094466
0.4921445
0.4862228
0.4985246
0.5212307
0.4814579
0.4744628
0.5091205
0.4623256
0.4813182
0.4889719
0.5179814
0.4946823
0.5135746
0.5175118
0.4796663
0.5108394
0.5008047
0.5250637
0.5041371
0.5243308
0.5256346
0.4852439
0.4614031
0.5031938
0.5255384
0.4884735
0.4931281
0.5126186
0.4684215
0.5060355
0.5061304
0.4680343
0.4841598
0.4902561
0.5019122
0.4732875
0.5112106
0.4644335
0.5060895
0.5094466
0.4921445
0.4862228
0.4985246
0.5212307
0.4814579
0.4744628
0.5091205
0.4623256
0.4813182
0.4889719
0.5179814
0.4946823
0.5135746
0.5175118
0.4796663
0.5108394
0.5008047
0.5250637
0.5041371
0.5243308
0.5256346
0.4852439
0.4614031
0.5031938
0.5255384
0.4884735
0.4931281
0.5126186
0.4684215
0.5060355
0.5061304
0.4680343
0.4841598
0.4902561
0.5019122
0.4732875
0.5112106
0.4644335
0.5060895
0.5094466
0.4921445
0.4862228
0.4985246
0.5212307
0.4814579
0.4744628
0.5091205
0.4623256
0.4813182
0.4889719
0.5179814
0.4946823
0.5135746
0.5175118
0.4796663
0.5108394
0.5008047
0.5250637
0.5041371
0.5243308
0.5256346
0.4852439
0.4614031
0.5031938
0.5255384
0.4884735
0.4931281
0.5126186
0.4684215
0.5060355
0.5061304
0.4680343
0.4841598
0.4902561
0.5019122
0.4732875
0.5112106
0.4644335
0.5060895
0.5094466
0.4921445
0.4862228
0.4985246
0.5212307
0.4814579
0.4744628
0.5091205
0.4623256
0.4813182
0.4889719
0.5179814
0.4946823
0.5135746
0.5175118
0.4796663
0.5108394
0.5008047
0.5250637
0.5041371
0.5243308
0.5256346
0.4852439
0.4614031
0.5031938
0.5255384
0.4884735
0.4931281
0.5126186
0.4684215
0.5060355
0.5061304
0.4680343
0.4841598
0.4902561
0.5019122
0.4732875
0.5112106
0.4644335
0.5060895
0.5094466
0.4921445
0.4862228
0.4985246
0.5212307
0.4814579
0.4744628
0.5091205
0.4623256
0.4813182
0.4889719
0.5179814
0.4946823
0.5135746
0.5175118
0.4796663
0.5108394
0.5008047
0.5250637
0.5041371
0.5243308
0.5256346
0.4852439
0.4614031
0.5031938
0.5255384
0.4884735
0.4931281
0.5126186
0.4684215
0.5060355
0.5061304
0.4680343
0.4841598
0.4902561
0.5019122
0.4732875
0.5112106
0.4644335
0.5060895
0.5094466
0.4921445
0.4862228
0.4985246
0.5212307
0.4814579
0.4744628
0.5091205
0.4623256
0.4813182
0.4889719
0.5179814
0.4946823
0.5135746
0.5175118
0.4796663
0.5108394
0.5008047
0.5250637
0.5041371
0.5243308
0.5256346
0.4852439
0.4614031
0.5031938
0.5255384
0.4884735
0.4931281
0.5126186
0.4684215
0.5060355
0.5061304
0.4680343
0.4841598
0.4902561
0.5019122
0.4732875
0.5112106
0.4644335
0.5060895
0.5094466
0.4921445
0.4862228
0.4985246
0.5212307
0.4814579
0.4744628
0.5091205
0.4623256
0.4813182
0.4889719
0.5179814
0.4946823
0.5135746
0.5175118
0.4796663
0.5108394
0.5008047
0.5250637
0.5041371
0.5243308
0.5256346
0.4852439
0.4614031
0.5031938
0.5255384
0.4884735
0.4931281
0.5126186
0.4684215
0.5060355
0.5061304
0.4680343
0.4841598
0.4902561
0.5019122
0.4732875
0.5112106
0.4644335
0.5060895
0.5094466
0.4921445
0.4862228
0.4985246
0.5212307
0.4814579
0.4744628
0.5091205
0.4623256
0.4813182
0.4889719
0.5179814
0.4946823
0.5135746
0.5175118
0.4796663
0.5108394
0.5008047
0.5250637
0.5041371
0.5243308
0.5256346
0.4852439
0.4614031
0.5031938
0.5255384
0.4884735
0.4931281
0.5126186
0.4684215
0.5060355
0.5061304
0.4680343
0.4841598
0.4902561
0.5019122
0.4732875
0.5112106
0.4644335
0.5060895
0.5094466
0.4921445
0.4862228
0.4985246
0.5212307
0.4814579
0.4744628
0.5091205
0.4623256
0.4813182
0.4889719
0.5179814
0.4946823
0.5135746
0.5175118
0.4796663
0.5108394
0.5008047
0.5250637
0.5041371
0.5243308
0.5256346
0.4852439
0.4614031
0.5031938
0.5255384
0.4884735
0.4931281
0.5126186
0.4684215
0.5060355
0.5061304
0.4680343
0.4841598
0.4902561
0.5019122
0.4732875
0.5112106
0.4644335
0.5060895
0.5094466
0.4921445
0.4862228
0.4985246
0.5212307
0.4814579
0.4744628
0.5091205
0.4623256
0.4813182
0.4889719
0.5179814
0.4946823
0.5135746
0.5175118
0.4796663
0.5108394
0.5008047
0.5250637
0.5041371
0.5243308
0.5256346
0.4852439
0.4614031
0.5031938
0.5255384
0.4884735
0.4931281
0.5126186
0.4684215
0.5060355
0.5061304
0.4680343
0.4841598
0.4902561
0.5019122
0.4732875
0.5112106
0.4644335
0.5060895
0.5094466
0.4921445
0.4862228
0.4985246
0.5212307
0.4814579
0.4744628
0.5091205
0.4623256
0.4813182
0.4889719
0.5179814
0.4946823
0.5135746
0.5175118
0.4796663
0.5108394
0.5008047
0.5250637
0.5041371
0.5243308
0.5256346
0.4852439
0.4614031
0.5031938
0.5255384
0.4884735
0.4931281
0.5126186
0.4684215
0.5060355
0.5061304
0.4680343
0.4841598
0.4902561
0.5019122
0.4732875
0.5112106
0.4644335
0.5060895
0.5094466
0.4921445
0.4862228
0.4985246
0.5212307
0.4814579
0.4744628
0.5091205
0.4623256
0.4813182
0.4889719
0.5179814
0.4946823
0.5135746
0.5175118
0.4796663
0.5108394
0.5008047
0.5250637
0.5041371
0.5243308
0.5256346
0.4852439
0.4614031
0.5031938
0.5255384
0.4884735
0.4931281
0.5126186
0.4684215
0.5060355
0.5061304
0.4680343
0.4841598
0.4902561
0.5019122
0.4732875
0.5112106
0.4644335
0.5060895
0.5094466
0.4921445
0.4862228
0.4985246
0.5212307
0.4814579
0.4744628
0.5091205
0.4623256
0.4813182
0.4889719
0.5179814
0.4946823
0.5135746
0.5175118
0.4796663
0.5108394
0.5008047
0.5250637
0.5041371
0.5243308
0.5256346
0.4852439
0.4614031
0.5031938
0.5255384
0.4884735
0.4931281
0.5126186
0.4684215
0.5060355
0.5061304
0.4680343
0.4841598
0.4902561
0.5019122
0.4732875
0.5112106
0.4644335
0.5060895
0.5094466
0.4921445
0.4862228
0.4985246
0.5212307
0.4814579
0.4744628
0.5091205
0.4623256
0.4813182
0.4889719
0.5179814
0.4946823
0.5135746
0.5175118
0.4796663
0.5108394
0.5008047
0.5250637
0.5041371
0.5243308
0.5256346
0.4852439
0.4614031
0.5031938
0.5255384
0.4884735
0.4931281
0.5126186
0.4684215
0.5060355
0.5061304
0.4680343
0.4841598
0.4902561
0.5019122
0.4732875
0.5112106
0.4644335
0.5060895
0.5094466
0.4921445
0.4862228
0.4985246
0.5212307
0.4814579
0.4744628
0.5091205
0.4623256
0.4813182
0.4889719
0.5179814
0.4946823
0.5135746
0.5175118
0.4796663
0.5108394
0.5008047
0.5250637
0.5041371
0.5243308
0.5256346
0.4852439
0.4614031
0.5031938
0.5255384
0.4884735
0.4931281
0.5126186
0.4684215
0.5060355
0.5061304
0.4680343
0.4841598
0.4902561
0.5019122
0.4732875
0.5112106
0.4644335
0.5060895
0.5094466
0.4921445
0.4862228
0.4985246
0.5212307
0.4814579
0.4744628
0.5091205
0.4623256
0.4813182
0.4889719
0.5179814
0.4946823
0.5135746
0.5175118
0.4796663
0.5108394
0.5008047
0.5250637
0.5041371
0.5243308
0.5256346
0.4852439
0.4614031
0.5031938
0.5255384
0.4884735
0.4931281
0.5126186
0.4684215
0.5060355
0.5061304
0.4680343
0.4841598
0.4902561
0.5019122
0.4732875
0.5112106
0.4644335
0.5060895
0.5094466
0.4921445
0.4862228
0.4985246
0.5212307
0.4814579
0.4744628
0.5091205
0.4623256
0.4813182
0.4889719
0.5179814
0.4946823
0.5135746
0.5175118
0.4796663
0.5108394
0.5008047
0.5250637
0.5041371
0.5243308
0.5256346
0.4852439
0.4614031
0.5031938
0.5255384
0.4884735
0.4931281
0.5126186
0.4684215
0.5060355
0.5061304
0.4680343
0.4841598
0.4902561
0.5019122
0.4732875
0.5112106
0.4644335
0.5060895
0.5094466
0.4921445
0.4862228
0.4985246
0.5212307
0.4814579
0.4744628
0.5091205
0.4623256
0.4813182
0.4889719
0.5179814
0.4946823
0.5135746
0.5175118
0.4796663
0.5108394
0.5008047
0.5250637
0.5041371
0.5243308
0.5256346
0.4852439
0.4614031
0.5031938
0.5255384
0.4884735
0.4931281
0.5126186
0.4684215
0.5060355
0.5061304
0.4680343
0.4841598
0.4902561
0.5019122
0.4732875
0.5112106
0.4644335
0.5060895
0.5094466
0.4921445
0.4862228
0.4985246
0.5212307
0.4814579
0.4744628
0.5091205
0.4623256
0.4813182
0.4889719
0.5179814
0.4946823
0.5135746
0.5175118
0.4796663
0.5108394
0.5008047
0.5250637
0.5041371
0.5243308
0.5256346
0.4852439
0.4614031
0.5031938
0.5255384
0.4884735
0.4931281
0.5126186
0.4684215
0.5060355
0.5061304
0.4680343
0.4841598
0.4902561
0.5019122
0.4732875
0.5112106
0.4644335
0.5060895
0.5094466
0.4921445
0.4862228
0.4985246
0.5212307
0.4814579
0.4744628
0.5091205
0.4623256
0.4813182
0.4889719
0.5179814
0.4946823
0.5135746
0.5175118
0.4796663
0.5108394
0.5008047
0.5250637
0.5041371
0.5243308
0.5256346
0.4852439
0.4614031
0.5031938
0.5255384
0.4884735
0.4931281
0.5126186
0.4684215
0.5060355
0.5061304
0.4680343
0.4841598
0.4902561
0.5019122
0.4732875
0.5112106
0.4644335
0.5060895
0.5094466
0.4921445
0.4862228
0.4985246
0.5212307
0.4814579
0.4744628
0.5091205
0.4623256
0.4813182
0.4889719
0.5179814
0.4946823
0.5135746
0.5175118
0.4796663
0.5108394
0.5008047
0.5250637
0.5041371
0.5243308
0.5256346
0.4852439
0.4614031
0.5031938
0.5255384
0.4884735
0.4931281
0.5126186
0.4684215
0.5060355
0.5061304
0.4680343
0.4841598
0.4902561
0.5019122
0.4732875
0.5112106
0.4644335
0.5060895
0.5094466
0.4921445
0.4862228
0.4985246
0.5212307
0.4814579
0.4744628
0.5091205
0.4623256
0.4813182
0.4889719
0.5179814
0.4946823
0.5135746
0.5175118
0.4796663
0.5108394
0.5008047
0.5250637
0.5041371
0.5243308
0.5256346
0.4852439
0.4614031
0.5031938
0.5255384
0.4884735
0.4931281
0.5126186
0.4684215
0.5060355
0.5061304
0.4680343
0.4841598
0.4902561
0.5019122
0.4732875
0.5112106
0.4644335
0.5060895
0.5094466
0.4921445
0.4862228
0.4985246
0.5212307
0.4814579
0.4744628
0.5091205
0.4623256
0.4813182
0.4889719
0.5179814
0.4946823
0.5135746
0.5175118
0.4796663
0.5108394
0.5008047
0.5250637
0.5041371
0.5243308
0.5256346
0.4852439
0.4614031
0.5031938
0.5255384
0.4884735
0.4931281
0.5126186
0.4684215
0.5060355
0.5061304
0.4680343
0.4841598
0.4902561
0.5019122
0.4732875
0.5112106
0.4644335
0.5060895
0.5094466
0.4921445
0.4862228
0.4985246
0.5212307
0.4814579
0.4744628
0.5091205
0.4623256
0.4813182
0.4889719
0.5179814
0.4946823
0.5135746
0.5175118
0.4796663
0.5108394
0.5008047
0.5250637
0.5041371
0.5243308
0.5256346
0.4852439
0.4614031
0.5031938
0.5255384
0.4884735
0.4931281
0.5126186
0.4684215
0.5060355
0.5061304
0.4680343
0.4841598
0.4902561
0.5019122
0.4732875
0.5112106
0.4644335
0.5060895
0.5094466
0.4921445
0.4862228
0.4985246
