 1.450426
 1.318177
 1.494850
 1.529250
 1.559772
 1.509300
 1.509904
 1.374955
 1.464080
 1.494728
 1.564408
 1.467141
 1.566321
 1.441870
 1.481346
 1.471163
 1.344082
 1.537026
 1.864601
 1.929575
 1.977906
 1.734566
 1.837306
 2.031345
 1.951507
 1.976026
 1.759407
 1.846998
 1.874293
 1.751176
 1.793949
 1.772691
 1.818750
 1.827750
 1.852936
 1.764748
 1.845868
 2.184596
 2.041960
 2.150982
 2.069848
 2.209694
 2.063992
 2.076896
 2.103595
 2.113703
 2.187985
 2.371854
 2.381992
 2.388233
 2.549461
 2.267629
 2.621322
 2.334181
 2.388296
 2.391513
 2.343209
 2.353392
 2.343498
 2.486276
 2.381118
 2.459874
 2.655073
 2.552356
 2.600381
 2.551488
 2.293639
 2.271149
 2.665471
 2.512875
 2.642279
 2.500398
 2.232829
 2.209975
 2.421783
 2.959675
 2.946981
 2.442331
 2.405887
 2.652712
 2.742904
 2.874797
 2.502544
 2.698713
 2.479376
 1.600780
 1.598260
 1.703181
 1.627392
 1.744399
 2.108680
 2.354873
 2.307502
 2.264859
 2.967097
 2.784215
 1.783934
 1.855010
 1.784625
 1.977530
 1.836283
 2.214218
 2.239894
 2.334809
 2.138219
 2.206747
 2.183402
 2.393785
 2.095232
 2.004669
 2.141823
 2.173471
 2.176934
 1.985471
 2.264158
 2.103222
 2.326112
 2.053250
 2.065082
 2.165717
 2.114596
 2.260813
 2.040517
 2.033163
 1.864863
 1.950068
 1.860522
 1.937212
 1.876164
 1.687288
 1.726481
 1.869501
 1.800039
 1.841467
 1.730499
 1.713489
 2.369271
 2.278229
 2.244598
 2.251952
 2.108262
 2.851395
 2.719424
 3.009735
 2.904801
 2.823419
 2.889032
 2.687566
 2.906058
 2.785044
 2.673968
 3.119166
 3.027908
 2.423430
 1.797569
 1.962801
 1.885242
 1.937675
 1.813733
 1.974560
 1.905902
 1.911889
 2.020765
 2.100512
 2.418656
 2.251115
 2.387820
 2.344105
 2.353987
 2.374157
 2.428525
 2.489449
 2.305942
 2.462865
 2.468928
 2.481711
 2.761882
 2.793210
 2.768069
 2.730168
 2.502208
 2.674599
 2.632399
 2.779934
 2.765941
 2.535434
 2.363114
 2.711018
 2.683695
 2.748605
 2.610751
 2.645077
 2.564761
 2.422134
 1.938695
 2.464930
 2.234077
 2.825273
 2.802147
 2.739515
 3.242313
 3.278011
 2.446483
 2.777474
 2.540130
 2.453676
 2.430211
 2.572187
 2.704305
 2.360482
 2.559814
 3.237153
 3.271311
 3.155979
 2.911423
 2.637298
 2.758085
 2.786791
 2.659390
 2.491583
 2.441153
 2.368361
 2.429271
 2.770606
 2.707668
 2.989223
 2.778363
 2.939244
 2.812004
 2.665604
 2.087444
 1.884210
 1.843978
 1.837569
 1.800709
 1.445693
 1.393932
 1.559051
 1.427804
 2.138432
 2.135382
 2.466610
 2.274065
 2.362072
 2.099679
 2.072043
 2.152120
 1.994014
 1.934137
 2.170656
 2.139456
 2.061235
 2.120696
 1.730944
 1.384676
 1.364916
 1.591035
 1.581548
 1.544045
 1.529503
 1.721964
 1.860840
 1.818710
 1.813222
 1.791022
 1.801305
 1.882122
 1.863899
 2.133251
 1.908961
 1.989624
 1.823294
 1.962411
 1.792908
 1.902887
 2.030458
 1.859184
 2.171255
 2.065715
 1.907416
 3.918750
 4.025761
 3.904072
 3.154460
 2.890792
 2.825454
 3.065972
 5.040137
 4.650997
 4.967917
 4.765199
 4.313915
 4.296990
 3.530354
 3.784484
 3.886723
 3.710699
 3.851953
 3.912581
 4.038740
 3.955011
 3.688392
 4.507382
 3.906394
 3.175066
 3.272298
 3.049146
 2.991953
 3.270479
 3.082228
 3.089326
 3.628716
 3.332600
 3.472317
 3.264122
 3.072746
 3.099933
 3.192995
 3.277548
 3.380926
 3.392505
 3.211425
 3.379919
 3.299053
 3.379133
 3.538660
 3.356116
 3.520833
 3.477568
 3.285546
 3.245933
 3.083084
 3.227035
 3.682917
 5.812178
 5.344265
 5.809425
 5.517532
 5.260707
 5.195198
 5.352992
 4.875647
 5.394062
 5.180189
 4.764992
 4.436183
 4.899239
 4.891031
 4.519498
 4.911532
 4.717127
 4.888600
 4.693749
 3.648095
 3.684600
 3.435941
 3.560087
 3.399509
 3.734113
 3.459497
 3.391609
 3.754433
 3.777976
 4.009835
 3.908380
 3.487626
 3.521673
 3.476273
 2.891776
 2.999057
 3.095821
 2.843900
 2.795044
 2.972219
 2.892890
 2.940053
 3.266749
 3.504458
 3.365106
 2.878988
 2.671315
 3.031128
 2.900779
 3.271796
 3.160020
 3.079423
 2.957265
 3.393786
 3.263533
 3.329702
 3.219250
 3.615953
 3.428391
 3.585146
 3.746018
 2.963880
 2.818934
 3.137283
 3.160073
 2.975479
 4.123212
 4.393318
 4.059962
 4.250082
 4.253777
 4.254138
 4.325049
 4.807641
 4.547119
 4.513365
 4.337768
 4.245292
 4.156920
 4.332408
 4.597617
 4.504262
 4.492166
 4.733841
 4.363655
 4.611318
 5.221241
 4.679508
 5.456730
 5.127259
 4.849986
 4.577822
 5.207650
 4.463144
 4.989282
 4.956689
 5.148266
 3.822085
 4.538489
 4.614216
 4.611559
 4.442561
 4.435977
 4.564194
 4.322919
 4.657133
 4.227642
 4.038177
 4.218672
 4.444587
 4.078218
 4.296553
 4.041671
 4.553030
 4.853948
 4.708167
 4.733341
 4.634920
 4.574448
 4.416722
 4.396134
 4.855403
 3.710799
 3.730918
 3.721911
 3.641020
 3.613274
 3.805954
 3.604482
 3.536812
 3.432663
 3.324008
 3.352502
 3.421302
 3.278541
 4.690462
 3.327326
 3.152246
 3.379217
 3.430801
 3.453369
 3.340906
 3.353562
 3.422307
 3.319413
 3.346826
 3.715070
 3.532669
 3.336255
 3.657287
 3.423448
 3.033624
 3.083395
 3.016356
 3.695573
 2.375905
 2.816441
 2.855559
 2.934550
 2.643951
 2.807487
 2.913394
 2.586022
 2.661125
 2.591841
 2.471285
 2.424077
 2.466480
 2.299624
 2.501703
 2.272976
 2.319529
 3.621467
 3.798779
 3.487180
 3.965976
 3.127673
 3.044330
 2.942267
 2.844067
 2.961730
 3.139480
 2.989186
 2.860394
 2.649930
 2.849054
 3.048540
 2.853148
 2.823269
 2.990220
 3.116083
 2.998714
 4.185087
 4.183264
 4.554423
 4.302080
 3.883307
 4.222378
 4.413867
 4.215516
 4.324401
 4.228545
 4.628290
 4.376832
 4.428527
 4.365518
 4.140355
 4.306283
 4.023235
 3.741081
 3.949156
 3.831633
 3.814249
 4.011811
 4.002148
 3.789796
 3.788579
 3.624893
 3.853113
 4.164350
 4.215460
 4.114796
 4.445172
 4.775767
 4.946596
 4.894341
 3.686899
 3.607373
 3.583413
 3.673459
 3.996385
 3.695899
 3.702761
 3.297566
 3.563166
 3.818798
 4.942082
 4.573813
 4.953623
 4.826755
 4.819756
 4.752650
 5.019333
 5.343004
 5.010916
 4.991574
 4.482823
 4.425229
 4.270725
 4.493315
 4.583768
 5.028560
 4.675839
 5.174042
 4.645972
 4.653018
 4.380277
 4.629197
 3.980433
 3.514174
 3.527783
 3.734076
 3.032768
 3.355725
 3.276153
 3.523046
 3.472556
 3.350079
 3.325149
 3.326369
 3.764127
 3.840889
 3.411008
 2.834793
 3.061822
 3.513699
 2.809287
 3.338627
 3.324665
 2.892191
 2.958975
 3.072559
 2.938473
 2.816492
 2.911920
 3.050200
 2.812678
 3.121803
 2.673945
 2.723746
 2.852486
 2.014662
 2.150458
 2.201247
 2.208616
 2.276056
 2.389345
 2.377704
 2.298573
 2.603099
 4.048537
 4.169243
 3.691303
 3.987895
 3.954626
 3.891166
 3.613139
 3.660788
 4.059145
 4.015092
 3.937547
 4.520672
 4.049787
 3.924611
 3.991012
 3.820158
 3.625851
 3.946242
 3.766998
 3.893463
 3.595349
 3.919006
 3.145845
 2.922499
 3.492520
 2.929855
 2.884627
 3.091656
 4.248993
 4.299222
 4.170575
 4.162213
 3.998343
 3.832776
 4.215672
 4.159261
 3.825258
 3.907727
 3.863737
 3.738950
 4.240111
 4.206361
 3.850271
 4.015725
 3.867371
 3.913820
 4.141967
 3.994358
 3.966162
 4.444992
 4.660612
 4.260627
 4.377353
 4.771906
 4.122722
 4.401031
 4.231285
 4.258265
 4.250107
 3.966029
 3.900263
 4.195549
 4.222065
 3.749005
 4.425344
 4.706894
 4.488522
 4.362905
 3.736250
 3.335818
 3.586710
 3.664830
 3.591607
 3.659707
 3.790235
 3.635993
 3.942681
 4.064454
 4.209326
 2.930131
 3.364119
 3.169926
 4.599489
 4.336533
 4.177438
 4.022938
 4.210092
 4.315713
 3.843699
 4.151789
 4.387638
 4.052844
 3.776615
 4.238448
 3.543472
 3.967869
 3.269663
 3.202325
 3.980272
 4.002198
 4.011196
 3.888902
 4.074388
 4.032850
 3.882230
 3.781220
 4.019449
 4.518873
 4.250850
 3.988557
 3.964769
 3.933599
 3.850093
 4.292928
 3.886660
 4.175263
 4.308607
 4.032192
 3.850627
 4.242972
 3.936783
 3.633495
 4.205489
 3.970573
 4.457909
 4.208642
 3.322514
 3.417940
 3.475184
 3.482247
 3.832669
 3.601347
 2.628181
 2.580315
 2.689078
 3.561831
 3.310831
 3.275336
 3.213007
 2.664596
 2.722209
 3.032265
 3.003986
 2.917821
 3.537642
 3.433987
 3.535874
 2.678450
 3.410455
 3.356229
 3.452079
 3.504679
 3.331645
 3.304535
 3.415852
 3.063230
 3.249899
 3.058825
 3.064906
 3.043724
 3.001759
 3.207139
 2.678136
 2.831643
 2.958841
 3.019430
 3.090135
 3.056739
 2.850648
 2.746844
 2.687089
 3.276638
 3.166234
 3.115680
 3.300618
 3.460530
 3.308000
 3.013069
 2.989980
 3.050931
 3.447940
 3.260241
 3.238818
 3.536167
 3.551650
 3.580131
 3.372831
 3.209254
 3.294335
 3.223736
 3.029599
 3.021694
 3.038271
 3.247559
 3.322106
 3.051949
 3.377555
 3.396754
 3.184646
 3.292324
 2.649826
 2.848027
 2.765537
 2.560755
 2.765090
 2.522796
 2.548289
 2.483150
 2.223940
 2.071533
 2.295100
 2.435820
 2.430632
 2.556145
 2.643830
 2.584072
 2.782569
 2.635307
 2.724845
 2.060157
 2.089603
 2.028273
 2.284839
 3.036910
 2.947314
 2.949536
 2.922996
 3.130742
 2.708537
 2.624415
 2.704211
 2.732366
 2.642102
 2.811699
 2.548331
 2.889198
 2.740530
 2.651687
 2.791458
 2.677743
 2.758178
 2.667981
 2.616574
 2.587830
 2.932219
 3.039043
 3.386328
 3.572215
 3.365175
 3.052690
 3.181815
 3.323076
 3.224675
 3.367161
 2.706083
 2.693674
 2.594735
 2.607908
 2.772645
 2.418485
 2.389306
 2.895547
 2.912895
 3.058267
 3.043652
 2.911689
 3.349495
 2.729989
 2.711687
 2.863355
 2.813727
 3.093659
 3.016797
 3.030620
 2.831080
 2.989193
 3.064633
 2.338871
 2.198517
 2.870984
 2.356835
 2.256205
 2.245175
 2.101958
 2.605568
 3.215150
 2.911131
 3.116765
 3.101792
 2.989525
 2.828584
 2.872992
 3.033505
 2.796433
 2.941354
 2.934123
 2.835765
 3.083947
 3.234307
 3.099706
 2.978367
 2.943543
 2.857569
 2.808549
 3.044594
 2.850298
 2.770742
 2.983299
 2.779013
 2.775384
 2.861347
 2.884318
 2.974113
 2.680991
 2.708332
 2.569403
 2.391555
 2.540815
 2.486164
 2.576480
 2.582693
 2.781777
 2.730533
 2.862540
 2.889359
 3.016655
 2.815842
 2.619646
 2.741315
 2.520224
 2.420153
 2.525443
 2.527914
 2.529658
 2.494360
 2.393836
 2.426820
 2.478331
 2.459593
 2.316775
 2.926507
 2.374445
 2.250103
 2.452320
 2.454588
 2.501089
 2.413951
 2.811459
 2.753195
 2.747753
 2.899118
 2.579614
 2.177814
 2.705781
 2.508355
 2.287009
 2.501822
 3.119114
 3.054651
 3.789886
 3.694482
 3.544483
 4.080303
 3.922929
 2.003270
 1.914854
 2.037797
 1.851780
 2.020256
 1.897903
 2.162269
 2.525632
 2.309890
 2.000095
 2.162687
 1.918149
 2.120137
 2.076341
 2.059733
 3.439204
 3.092406
 3.261178
 3.117290
 3.298313
 3.405319
 3.515288
 3.358912
 3.640933
 3.527377
 3.713127
 3.003026
 2.767129
 2.935666
 2.799394
 2.982759
 2.760168
 2.849821
 2.375924
 2.852660
 2.861571
 2.853260
 2.091227
 2.337523
 2.350901
 2.403881
 2.200295
 2.133778
 2.333692
 2.495778
 2.417264
 2.592565
 2.497582
 2.075093
 2.035886
 2.201745
 2.121078
 2.192284
 2.140250
 2.298626
 2.443769
 2.008954
 2.344915
 2.193281
 2.319430
 2.343288
 2.354517
 2.068792
 2.102914
 2.081022
 2.154165
 2.411108
 2.312027
 2.309585
 2.802374
 2.562880
 2.374451
 2.724368
 2.785731
 2.864127
 2.788951
 2.636495
 2.465470
 2.611815
 2.506950
 2.808907
 2.627195
 2.746735
 2.420478
 2.284431
 2.298174
 2.436955
 2.494305
 2.380100
 2.182326
 2.396024
 2.437771
 2.360858
 2.350761
 2.381827
 2.286880
 2.657689
 2.953220
 2.585732
 2.587487
 2.522905
 2.551037
 2.506795
 2.402699
 2.509169
 2.624285
 2.588562
 2.619123
 2.452681
 2.436351
 2.530435
 2.563801
 2.531021
 2.485168
 2.519033
 2.771345
 2.474821
 2.829985
 2.953038
 2.613979
 2.178259
 2.647558
 2.510781
 2.528400
 2.540536
 2.568653
 2.438955
 2.549187
 2.346307
 2.433320
 2.213010
 2.515886
 2.595264
 2.754694
 2.745837
 2.897344
 2.814387
 2.618387
 2.568248
 2.418087
 2.343554
 2.488758
 2.505231
 2.631992
 2.410546
 2.550744
 2.506135
 2.563112
 2.424340
 2.436236
 2.803809
 2.635130
 2.704341
 2.602877
 2.485357
 2.716281
 2.651451
 2.540561
 2.448081
 2.461576
 3.561941
 3.171612
 2.951373
 3.277469
 3.018865
 4.045405
 3.861903
 3.482054
 3.758269
 3.715336
 3.702689
 3.896253
 4.337946
 4.261740
 4.171783
 4.069293
 4.951410
 5.075905
 5.333349
 4.826452
 4.942248
 4.989851
 4.417904
 5.029377
 4.661402
 4.920375
 5.124677
 4.931732
 3.532236
 3.347693
 3.662882
 3.851753
 3.486363
 3.620109
 3.611239
 3.316929
 4.124105
 3.607638
 3.833578
 3.494399
 3.038993
 3.397522
 3.152186
 3.367537
 3.285678
 3.827747
 3.428471
 3.046868
 3.140676
 2.646825
 2.652776
 2.612799
 2.607070
 2.799544
 2.833748
 2.684326
 2.660357
 2.601944
 2.580944
 2.759353
 2.536725
 2.499243
 2.697338
 2.420668
 2.235181
 2.047430
 1.958030
 2.106508
 2.089922
 1.934461
 1.975247
 2.889753
 2.728080
 2.600866
 2.399640
 2.300370
 2.185808
 2.111286
 2.470212
 2.519503
 2.762426
 2.826751
 2.849418
 2.766745
 2.926144
 2.646353
 2.598790
 2.936447
 2.511528
 1.647066
 1.614526
 1.732166
 1.810538
 1.717869
 2.196180
 2.371721
 2.702185
 2.523650
 2.442237
 2.554168
 2.400720
 2.345339
 2.532417
 2.549027
 2.607345
 2.808091
 2.803443
 2.827132
 2.820389
 2.754266
 3.367930
 3.351611
 3.151207
 3.091918
 3.132615
 3.257712
 3.131159
 3.338021
 3.322138
 2.762639
 3.333463
 3.077840
 3.253538
 3.104163
 2.885601
 2.796236
 2.980854
 3.084673
 2.962321
 3.014684
 2.442819
 2.354130
 2.225017
 2.045170
 2.181638
 1.990294
 1.954045
 2.314422
 2.136672
 2.154680
 2.122974
 2.120476
 2.134504
 2.271796
 2.272032
 2.176857
 2.088790
 2.075198
 2.187023
 1.544125
 1.562547
 1.582419
 1.649982
 2.474250
 2.504244
 2.287195
 2.308681
 2.016409
 2.005418
 2.000904
 2.422266
 2.461370
 2.263252
 2.222142
 2.072650
 1.991471
 1.967938
 2.257617
 2.149502
 2.144127
 2.553820
 2.872931
 2.569216
 2.812257
 2.857282
 2.634331
 2.470483
 2.421654
 2.682676
 2.816997
 2.670783
 2.220162
 2.465970
 2.439204
 2.308049
 2.360347
 2.556150
 2.438108
 3.110359
 3.927295
 3.553488
 4.073853
 3.798702
 3.243391
 3.445347
 3.429869
 3.363402
 3.559479
 3.469170
 3.500759
 2.750932
 2.558861
 2.418469
 2.472956
 2.485017
 2.394046
 2.486921
 2.532454
 2.570787
 2.526824
 2.524631
 2.536107
 2.524295
 2.595890
 2.416656
 2.601846
 2.149323
 2.101912
 2.096321
 2.110263
 2.150402
 2.314348
 2.757290
 2.407947
 2.805197
 2.778390
 2.251543
 2.216125
 2.274593
 2.088584
 2.237950
 2.171947
 2.440088
 2.473110
 2.663939
 2.633556
 2.570177
 2.785793
 2.807476
 2.276289
 2.406793
 2.291589
 2.114795
 2.173237
 2.317990
 2.335826
 2.333432
 2.509781
 2.612378
 2.277492
 2.427742
 2.475473
 2.094834
 2.275155
 2.197787
 2.497942
 2.337423
 2.330070
 2.321775
 2.478892
 2.492098
 2.080547
 3.177463
 3.239393
 4.452850
 4.324693
 3.663997
 3.880208
 3.761487
 3.668937
 3.519582
 3.564564
 4.215273
 4.124970
 3.276061
 3.199029
 3.006913
 3.343790
 3.275220
 2.962760
 3.298446
 3.219556
 3.100087
 3.336928
 3.229388
 2.936003
 3.005626
 3.073512
 3.105738
 3.007322
 3.159067
 3.299208
 3.226563
 3.625280
 3.424583
 2.810357
 4.655657
 4.529872
 4.912735
 4.863832
 4.982209
 4.325027
 4.199308
 4.438816
 4.491580
 3.944684
 4.622035
 4.432549
 4.319433
 4.551662
 4.747344
 4.583615
 4.455168
 4.761188
 4.658519
 4.252227
 4.323772
 4.489321
 4.360406
 4.339022
 4.509309
 4.554486
 4.678773
 5.015773
 4.637977
 4.672709
 4.698962
 4.307010
 4.160168
 4.361542
 4.200046
 4.549773
 4.618379
 4.177600
 4.108637
 4.110889
 4.036402
 4.592827
 4.601293
 4.392717
 4.017102
 3.666894
 3.800425
 3.965177
 3.479409
 4.078911
 4.240507
 4.506916
 4.157418
 3.684372
 3.766026
 3.344521
 4.102788
 4.015052
 3.795488
 3.869597
 3.934120
 3.714727
 3.836261
 3.621036
 3.705284
 3.885467
 3.420555
 4.134451
 3.668423
 3.728657
 4.066398
 3.858224
 3.457414
 3.584734
 3.681279
 3.836678
 3.419047
 3.582783
 4.139709
 4.321616
 4.800132
 4.354154
 4.034841
 4.446764
 4.095619
 4.007730
 3.910202
 4.294836
 2.534296
 2.676815
 2.619157
 2.331766
 2.179398
 2.315744
 2.533821
 2.693590
 2.826231
 2.612869
 2.758711
 2.601288
 2.487191
 2.593693
 2.649838
 2.656988
 2.768374
 2.730778
 2.394414
 2.358078
 2.663225
 2.680477
 3.383803
 3.598356
 3.964073
 3.359651
 3.659803
 3.671162
 4.220586
 4.102433
 4.086671
 4.129242
 4.480304
 3.543109
 5.492711
 5.710442
 5.881631
 5.950035
 5.830753
 5.336845
 5.952943
 5.395574
 5.941601
 6.021496
 5.940970
 5.594176
 5.050170
 5.143307
 5.831444
 4.922826
 4.143618
 4.105693
 4.163167
 4.907659
 4.532627
 4.482246
 4.924194
 4.784711
 4.076044
 4.361433
 3.758483
 4.022948
 3.958900
 4.113852
 4.152308
 3.976895
 4.123648
 4.207999
 4.761256
 4.759122
 4.937936
 4.897476
 4.691207
 4.693271
 3.837962
 4.022367
 3.980609
 4.176848
 4.235116
 4.025966
 4.199787
 4.227517
 4.614066
 4.267846
 4.313080
 5.198833
 5.350869
 5.362002
 5.010356
 4.913963
 4.587050
 5.253680
 5.521231
 5.262792
 5.037094
 5.054723
 4.950707
 3.906835
 3.837255
 3.491402
 9.302908
 9.466902
 9.657392
 9.464355
11.083344
10.858980
10.433484
10.569430
 8.073450
 7.958564
 8.265917
 8.254244
 7.837373
 7.966002
 7.675433
 8.454699
 8.081369
 8.406601
 8.524820
 8.389440
 8.807274
 8.099250
 8.233005
 8.106409
 7.837665
 8.502108
 8.720926
 9.062643
 9.069364
 9.218510
 8.030126
 8.441355
 8.393196
 2.731948
 2.811509
 2.683917
 2.679117
 2.857789
 2.745792
 3.214530
 3.469928
 3.624742
 3.302179
 3.058401
 3.437047
 3.394291
 3.105610
 3.465318
 3.138107
 3.540735
 3.256745
 3.320021
 3.456319
 3.308288
 3.770599
 3.859200
 3.634663
 3.287210
 3.720553
 3.264057
 3.721976
 3.455370
 3.602843
 3.507723
 3.666493
 4.255417
 4.071546
 4.114071
 4.016417
 4.181758
 4.015225
 3.719687
 3.721334
 3.515741
 3.743790
 3.459458
 3.667823
 3.845931
 3.460151
 3.583599
 3.603411
 3.776863
 4.735137
 4.697671
 3.435722
 3.389706
 3.301399
 3.429602
 3.710004
 3.076548
 3.058589
 3.178483
 2.878494
 3.180793
 3.254947
 3.158685
 3.099471
 2.993539
 3.010628
 3.086163
 3.431969
 3.440432
 3.067563
 3.442336
 3.208535
 3.256636
 3.289493
 3.525168
 3.303820
 2.464620
 2.422096
 2.533286
 2.549558
 2.696587
 2.284932
 2.553422
 2.376426
 2.323225
 3.044672
 3.218025
 3.063031
 3.163229
 3.005204
 4.124872
 3.839720
 3.297996
 3.276309
 3.573364
 3.362813
 2.710134
 2.499874
 2.774518
 2.430442
 2.702331
 2.440466
 2.878796
 2.857835
 2.982556
 2.760473
 2.725884
 3.170533
 3.324486
 3.294147
 3.060614
 2.955879
 3.165738
 2.847672
 2.636401
 2.627227
 2.868714
 2.750261
 2.404968
 2.338833
 2.482486
 2.509372
 2.380324
 2.690016
 2.640223
 2.509110
 2.554968
 1.928918
 1.724667
 1.887226
 1.925193
 2.627537
 2.446871
 2.449243
 2.657565
 2.672236
 2.817132
 2.531163
 2.798447
 2.458128
 2.643578
 2.542529
 2.627328
 2.527542
 2.477662
 2.662979
 2.506847
 2.483623
 2.711832
 2.734996
 2.500272
 2.286157
 2.633410
 2.628051
 2.763078
 2.583964
 2.675906
 2.706949
 1.836275
 1.843459
 1.769531
 1.925216
 1.929200
 1.788940
 3.224107
 3.431377
 3.315237
 3.232024
 3.136987
 3.092148
 3.420143
 3.193996
 3.361752
 3.340649
 3.790130
 3.789597
 3.975671
 3.916722
 4.614340
 3.945912
 3.987276
 4.231506
 4.420854
 3.878651
 3.599502
 3.490305
 3.926744
 4.280008
 4.108637
 3.676892
 4.240758
 3.820476
 4.025875
 4.057892
 4.217114
 4.503849
 4.368004
 3.929358
 4.013581
 3.956090
 4.063984
 3.680637
 3.720744
 3.942249
 4.214228
 4.092956
 3.747355
 3.654984
 3.753074
 3.670133
 3.305600
 3.537322
 3.586064
 3.541767
 3.460843
 3.515070
 4.099170
 4.236134
 3.510672
 3.251208
 3.596089
 2.612941
 2.866426
 2.618894
 2.599139
 2.596729
 2.435970
 2.566548
 2.614013
 2.873412
 3.085361
 3.032458
 2.890840
 2.920655
 2.797401
 3.232313
 2.930376
 3.668634
 3.432991
 3.441275
 3.432769
 3.949309
 4.188863
 3.917365
 4.349193
 4.009204
 4.061910
 4.117216
 4.243303
 3.825897
 3.695086
 3.610964
 3.681002
 2.720249
 2.573065
 2.606987
 2.991741
 3.531399
 3.351800
 3.388180
 2.568638
 2.733314
 3.101587
 2.756618
 2.720154
 2.935711
 2.765505
 2.921780
 2.941612
 2.925294
 2.938157
 2.940136
 2.624928
 2.951906
 2.924221
 2.865285
 2.696248
 2.597266
 2.653471
 2.634554
 2.517269
 2.681512
 2.774414
 2.807157
 3.075026
 3.115517
 3.032967
 3.134988
 2.892312
 2.743272
 2.814974
 2.908388
 3.169460
 2.823554
 3.247558
 2.650941
 2.710923
 2.796764
 2.692782
 2.955946
 2.850326
 2.822198
 2.968101
 4.541519
 4.461262
 4.456661
 2.938359
 3.182004
 2.580606
 2.808040
 2.487863
 2.562789
 2.666209
 2.338723
 2.602485
 2.540741
 4.766564
 3.791455
 3.626976
 3.682595
 3.648825
 3.711938
 3.920210
 3.876873
 3.642969
 3.499114
 3.775734
 3.844340
 3.936320
 3.801794
 4.186145
 3.016299
 3.091448
 3.098671
 3.825014
 3.553492
 3.742007
 3.484324
 3.831305
 3.933507
 3.706820
 3.984927
 3.572986
 3.561477
 3.299636
 2.773083
 2.975524
 2.877554
 2.782736
 2.913653
 2.818464
 3.103629
 3.430583
 3.472332
 3.273028
 3.160342
 3.150074
 3.019149
 3.642658
 3.692623
 3.488709
 3.659791
 3.680449
 3.678801
 3.465235
 3.550732
 3.028796
 3.076791
 2.996695
 4.022151
 3.939859
 3.885669
 3.849831
 3.864216
 3.597355
 3.708782
 3.498652
 3.936772
 3.854122
 4.091396
 2.786495
 2.781821
 3.525881
 2.931177
 3.169887
 6.574063
 6.987116
 5.100300
 5.322349
 5.421814
 4.974677
 5.097387
 4.888350
 4.859196
 4.673635
 4.682218
 4.810664
 4.929065
 4.902522
 4.604350
 4.675298
 4.561439
 4.656966
 4.891571
 4.695736
 4.626409
 4.703297
 4.672335
 4.856489
 4.545430
 4.417318
 4.411736
 4.260644
 4.133336
 4.821516
 4.976610
 3.729386
 4.304713
 4.376921
 4.389162
 4.653045
 4.249684
 4.735404
 4.491792
 4.761052
 4.129194
 4.290911
 4.474331
 4.821914
 5.333740
 5.043827
 5.093265
 4.885821
 4.762921
 5.253316
 4.844713
 4.727504
 5.077000
 5.447270
 4.564144
 5.137196
 5.177270
 4.580663
 4.751862
 4.306638
 4.808117
 4.716453
 4.579362
 6.147468
 5.890955
 5.957050
 6.284427
 5.680784
 5.744319
 6.063111
 5.841011
 5.690410
 5.741221
 6.408382
 6.502279
 6.972413
 6.629730
 6.809043
 6.236330
 6.512055
 6.959544
 7.308383
 7.410917
 6.987480
 6.813703
 6.802801
 6.306087
 6.049236
 6.344638
 6.102347
 6.550670
 4.245717
 4.465397
 4.438752
 3.952069
 4.542454
 6.092159
 5.957044
 6.042744
 5.974930
 6.806839
 2.462482
 2.558871
 2.394746
 2.461149
 2.495314
 2.479886
 2.330197
 2.082314
 2.228116
 2.077915
 2.169362
 2.171331
 2.126033
 2.086783
 2.251629
 2.000372
 1.965187
 2.422627
 2.420707
 2.528446
 3.008299
 2.974257
 2.531009
 2.910243
 2.687545
 2.667682
 2.727831
 2.463838
 2.708220
 2.925595
 2.616254
 2.621898
 2.639039
 2.167087
 2.370765
 2.373631
 2.325433
 2.303457
 2.155971
 2.565416
 2.519361
 2.461852
 2.469227
 2.783997
 2.746994
 2.716196
 2.645200
 2.619355
 2.717708
 3.379962
 3.317292
 3.603225
 2.866743
 2.823831
 3.036597
 3.195063
 2.900091
 3.310351
 3.317398
 3.072342
 3.032659
 3.140565
 3.333850
 3.217369
 3.131013
 3.590030
 3.298784
 3.347069
 3.348596
 3.321352
 3.602487
 3.749097
 3.183263
 3.265501
 3.518330
 3.370070
 3.242272
 3.581201
 3.360829
 3.497619
 4.210640
 4.124810
 4.073375
 4.210153
 4.109928
 4.071856
 3.947266
 3.938331
 3.863418
 4.015271
 4.024084
 4.406804
 4.221801
 4.389193
 4.117667
 4.080192
 3.676484
 4.222026
 4.067906
 3.862911
 4.107548
 3.826038
 3.096996
 3.127977
 3.322276
 3.792911
 3.013053
 3.226643
 2.924023
 3.071075
 2.984527
 2.873129
 3.144429
 2.840320
 2.865670
 3.182605
 3.222890
 2.885004
 2.506581
 2.597500
 2.442655
 2.576352
 4.598078
 4.582902
 4.635119
 5.089151
 5.206331
 5.168914
 5.205735
 4.640712
 4.779804
 4.876917
 4.975349
 5.137959
 5.100610
 5.355297
 5.272015
 5.271323
 5.244037
 5.146677
 4.770811
 4.419649
 4.600519
 4.545056
 4.117493
 5.460293
 5.353539
 5.842257
 5.401614
 4.027718
 4.225814
 3.935194
 3.906307
 4.214162
 4.210585
 4.018190
 3.780109
 3.494949
 3.852231
 3.800687
 3.787020
 3.602061
 3.577689
 3.613279
 3.450527
 3.735507
 3.641277
 3.757696
 4.026165
 3.870550
 4.505215
 4.346393
 4.473223
 4.271696
 4.146371
 4.304305
 4.376676
 4.386716
 5.063311
 4.840545
 4.676724
 4.433220
 4.824375
 4.582601
 4.466725
 4.298258
 4.520053
 4.738022
 4.386442
 4.614109
 4.409451
 4.127837
 4.343460
 4.305558
 3.747640
 3.561445
 3.426273
 3.663122
 4.150827
 4.108780
 3.750911
 3.863769
 3.881583
 3.979670
 4.047467
 2.550643
 2.667122
 2.565054
 2.586096
 2.324899
 2.344020
 2.157979
 2.440449
 2.076449
 2.145157
 2.713790
 2.500042
 2.411484
 2.550069
 2.366909
 2.469769
 2.847773
 2.893531
 2.792807
 2.834806
 2.459878
 2.791407
 2.495567
 2.798690
 2.341613
 2.411055
 3.327566
 3.077346
 3.634326
 3.219649
 3.259588
 3.670021
 3.673327
 3.585339
 3.415799
 3.158214
 3.301740
 3.105821
 2.983665
 3.306030
 3.354627
 3.292087
 3.272821
 3.294820
 3.781642
 3.669067
 3.703965
 3.460801
 3.505656
 3.581198
 3.379168
 3.336288
 3.621159
 3.567150
 3.419549
 3.764240
 3.899488
 3.300855
 3.263958
 3.212702
 3.435833
 3.909308
 3.709654
 3.676928
 3.352136
 3.030732
 2.875869
 2.950559
 3.200304
 3.441184
 3.124218
 3.598342
 3.155931
 3.463214
 3.406547
 3.466264
 2.254943
 2.442820
 2.429300
 1.976508
 1.998146
 1.976408
 1.978479
 1.960809
 1.974010
 2.042275
 2.032365
 2.212091
 2.047276
 2.194150
 2.032382
 1.959234
 1.969111
 2.005469
 1.902768
 2.110062
 2.280742
 2.775389
 2.636475
 2.637035
 2.827271
 2.787941
 2.837654
 2.924021
 3.010416
 2.795148
 2.734960
 2.665325
 2.577391
 3.040892
 2.813018
 3.118549
 2.899059
 2.856899
 2.878384
 2.900770
 2.890713
 3.018034
 2.926871
 2.963553
 2.859951
 2.785533
 2.720178
 2.677347
 2.718858
 2.769577
 2.706485
 2.733271
 2.858300
 2.381002
 2.342111
 2.850711
 2.908787
 2.978788
 3.101082
 3.112125
 3.164475
 2.849920
 2.919526
 2.887396
 2.969821
 3.267701
 3.426428
 3.369918
 3.087868
 3.292141
 3.266057
 3.489994
 3.375973
 2.419960
 2.259883
 2.374178
 2.462150
 2.282003
 2.102428
 2.108513
 2.198648
 2.033677
 2.751310
 2.805373
 2.693205
 3.035751
 3.095955
 2.747685
 2.669684
 2.699846
 2.770325
 2.684844
 2.948340
 2.410022
 2.352943
 2.270454
 2.655044
 2.892666
 2.495368
 2.506261
 2.473436
 7.486432
 7.438621
 6.627922
 6.468150
 6.433820
 7.809065
 7.143339
 6.940296
 7.321583
 6.986398
 7.459367
 7.720962
 8.049328
 7.744404
 7.834169
 7.808964
 7.596051
 7.397319
 7.831222
 7.559708
 7.411476
 7.224765
 7.839545
 6.905246
 6.329678
 6.991486
 7.000095
 6.488916
 6.406287
 6.040784
 6.331679
 6.012985
 6.883810
 6.005693
 5.714377
 6.102910
 5.886922
 6.071508
 6.023463
 6.217193
 6.567653
 5.906315
 6.023737
 6.316193
 6.367606
 6.171762
 5.845741
 6.759348
 6.069615
 6.047450
 6.313445
 6.152807
 6.350968
 6.111440
 6.386688
 6.364553
 6.017531
 6.386905
 6.404085
 6.688142
 6.921613
 6.376583
 6.276429
 6.263370
 6.341918
 6.863860
 6.622574
 6.352287
 6.376352
 6.365888
 6.836326
 6.534332
 7.475377
 2.593241
 2.687423
 2.885869
 2.539393
 3.592555
 3.390194
 2.474456
 2.392460
 3.358631
 3.207063
 3.134926
 3.260158
 3.315090
 3.232488
 3.402943
 3.214631
 3.365226
 3.402165
 3.589452
 3.601082
 3.357473
 3.453381
 2.957596
 2.923674
 2.835734
 3.383138
 3.395470
 3.060924
 3.108135
 3.482458
 3.290402
 3.375875
 3.481115
 4.101815
 4.014945
 3.015496
 3.029554
 3.045520
 2.706823
 2.169471
 2.376753
 2.358117
 2.290937
 2.249026
 2.434277
 2.395507
 2.443763
 2.383841
 2.318354
 2.238803
 2.491066
 3.036092
 3.138146
 3.306790
 3.224327
 2.936431
 2.922910
 2.914123
 2.863956
 3.413812
 3.254586
 3.199048
 2.971018
 2.786963
 3.024818
 2.834404
 2.979984
 3.066877
 3.003422
 3.468957
 3.074280
 3.152930
 3.354944
 2.658853
 2.742950
 3.171580
 3.074907
 3.122649
 3.098333
 3.246301
 2.735542
 2.793087
 2.623049
 2.543334
 2.695556
 2.864963
 2.815571
 2.546743
 3.334108
 3.338285
 3.526689
 3.427745
 3.041319
 3.373152
 3.057026
 3.432730
 3.748279
 3.894215
 3.391507
 3.499805
 3.532709
 3.497055
 3.609680
 3.763163
 3.885689
 4.304987
 3.779706
 4.138713
 3.991934
 3.707516
 3.786092
 4.024766
 3.912353
 4.004434
 3.980838
 4.222235
 3.966751
 2.770516
 2.712494
 3.407140
 2.930810
 3.065941
 2.889108
 2.841095
 2.999321
 3.350582
 3.168050
 3.385560
 3.576066
 3.415812
 3.086011
 3.457015
 3.426918
 3.537964
 3.513261
 3.394008
 3.481176
 3.725308
 3.683850
 3.831050
 3.823227
 3.516800
 4.365294
 3.918251
 4.029101
 4.231452
 4.016966
 4.211933
 3.978419
 4.046498
 4.119313
 3.288330
 3.339561
 3.906427
 3.926765
 3.771595
 2.836692
 2.968033
 2.974397
 2.774758
 2.625802
 2.457883
 2.508618
 2.430791
 2.575226
 2.727502
 2.889525
 3.037255
 3.162331
 3.531002
 3.572922
 3.404085
 3.301713
 3.177577
 3.159070
 3.206644
 3.446487
 3.743838
 3.792259
 8.208480
 8.073225
 5.120631
 5.300261
 5.569478
 5.275960
 5.777667
 5.731665
 5.306699
 5.417355
 5.996776
 6.268227
 6.165705
 6.224410
 5.480858
 5.733883
 5.237278
 4.993567
 5.476584
 5.199995
 4.940763
 4.746695
 5.111472
 5.309109
 6.353658
 6.420862
 6.072927
 6.268060
 4.281071
 4.590169
 4.497012
 4.445220
 5.372377
 5.178531
 5.042512
 4.955794
 5.213490
 5.085342
 5.401314
 4.694615
 4.965916
 5.452480
 5.677275
 2.214689
 2.324442
 2.336494
 2.100586
 2.038772
 2.162156
 2.437148
 2.630110
 2.421903
 2.774204
 2.499988
 2.723579
 2.669048
 2.598297
 2.826987
 2.606538
 2.589660
 2.579219
 2.823239
 2.751488
 2.742266
 2.886525
 2.733490
 3.330606
 3.299126
 2.790779
 2.896874
 3.799198
 3.740799
 3.569253
 3.257141
 3.481276
 3.593809
 3.564637
 3.526659
 3.629211
 3.409829
 3.471394
 3.305020
 3.150651
 3.353845
 3.233820
 2.229597
 2.262513
 2.358195
 2.132761
 3.037266
 3.233951
 3.492992
 3.509308
 3.670147
 3.421531
 2.635711
 3.050761
 2.849542
 2.795233
 2.693125
 3.111025
 2.924157
 3.410953
 3.132058
 3.020906
 2.804306
 2.305019
 2.151562
 2.487564
 2.289104
 2.133081
 2.556480
 2.500120
 1.875113
 1.857024
 1.976964
 1.808154
 2.247503
 2.480230
 2.266581
 2.455630
 2.197970
 2.296494
 2.531745
 2.345986
 3.172918
 2.891797
 2.771265
 2.790445
 2.812121
 2.770669
 2.950672
 2.707532
 2.969238
 2.846833
 2.576119
 2.497697
 3.067756
 2.873787
 3.842988
 3.943760
 3.649086
 3.856422
 3.836413
 3.769042
 3.723752
 3.730142
 3.868123
 3.891748
 3.919586
 3.356734
 3.409749
 3.454506
 3.235356
 3.711942
 3.291005
 3.163668
 3.247560
 3.437705
 3.043619
 2.917375
 2.774776
 2.992809
 2.425671
 2.667204
 2.710353
 2.700304
 2.846876
 2.785834
 2.746655
 2.748779
 2.707581
 2.369305
 2.216772
 2.297327
 2.799227
 2.854506
 2.563136
 2.558855
 2.626523
 2.485361
 2.408689
 3.413430
 3.473019
 3.847252
 3.862368
 3.446236
 4.023895
 3.272599
 3.261090
 3.211746
 3.020138
 3.381344
 3.059555
 3.190777
 3.373101
 3.998810
 3.848814
 3.906308
 3.583853
 3.190225
 3.531515
 3.061109
 3.060389
 2.567517
 2.638712
 2.388896
 2.621313
 2.749799
 2.632273
 2.642388
 2.543878
 2.508011
 2.438290
 2.700912
 2.555368
 2.423817
 2.353589
 2.663137
 2.252293
 2.763129
 2.639887
 2.391289
 2.349230
 2.356550
 2.734766
 2.351218
 2.531226
 2.549827
 2.462574
 2.373530
 2.636833
 2.541080
 2.672850
 2.752391
 2.485045
 2.633935
 2.518439
 2.810477
 2.954540
 2.594075
 2.576491
 2.586618
 2.696089
 2.631390
 2.479972
 2.797722
 2.793359
 2.593772
 2.560034
 2.849456
 2.969664
 3.201574
 2.979631
 3.330263
 3.421967
 3.095537
 3.182902
 3.190644
 2.902036
 2.787805
 3.047993
 2.958865
 3.353526
 3.557864
 3.135005
 3.077322
 3.285761
 3.293483
 3.411152
 3.197456
 3.080015
 3.321870
 3.169657
 3.243624
 3.347273
 3.133372
 2.981256
 2.948477
 2.858746
 3.097772
 3.216470
 2.886395
 2.791720
 2.785136
 2.631798
 2.479002
 2.701889
 2.927677
 2.642334
 2.843926
 2.729917
 2.493114
 2.723952
 2.732403
 2.644930
 2.663930
 2.824217
 2.592000
 2.540473
 2.980889
 2.261107
 2.075370
 2.216516
 2.210130
 3.189772
 3.330559
 3.203266
 3.196126
 3.461727
 3.365155
 3.611773
 3.624432
 3.229382
 3.364019
 2.820146
 2.554036
 2.588564
 2.547518
 2.870698
 2.699226
 2.846245
 2.876388
 2.897136
 2.453853
 2.345642
 2.651594
 2.451137
 2.487162
 2.481932
 2.206288
 2.504366
 2.290296
 1.966918
 2.255204
 2.192496
 2.502480
 2.688022
 2.780409
 2.780648
 2.555445
 2.672746
 2.507640
 2.786483
 2.649700
 2.640461
 2.607798
 2.114166
 2.303854
 1.854219
 2.126991
 2.152947
 2.005538
 2.009583
 1.982080
 2.465278
 2.520970
 2.567608
 2.504031
 2.467263
 2.299420
 2.605009
 2.691571
 2.645195
 1.863305
 1.816799
 1.832103
 1.727812
 1.845061
 2.479898
 2.429688
 2.390757
 2.623207
 2.366140
 2.553117
 2.448385
 2.530445
 2.683669
 2.502735
 2.611732
 2.520668
 2.491718
 2.453769
 2.244509
 2.404803
 2.390588
 2.521572
 2.408746
 2.342708
 2.560730
 2.406037
 2.492796
 2.351317
 2.443998
 2.230778
 2.490531
 2.574715
 2.639444
 2.468365
 2.894881
 3.033653
 2.792098
 2.576691
 2.825084
 2.949286
 2.863704
 2.993877
 2.544804
 2.757594
 2.772588
 3.313060
 3.334995
 3.331215
 2.515735
 2.636084
 2.571602
 2.694913
 2.852525
 3.076131
 2.884583
 2.720560
 2.563477
 2.579656
 2.739791
 3.010345
 2.623309
 2.806735
 2.984781
 2.880115
 2.935575
 2.823688
 3.433713
 3.483924
 3.240339
 3.219982
 3.428043
 3.288824
 3.115563
 3.220577
 3.150924
 3.437123
 2.495191
 2.492319
 2.556831
 2.557331
 2.295176
 2.775975
 2.758570
 2.522222
 2.755094
 2.398964
 3.573765
 4.202504
 4.024992
 4.511045
 4.164366
 4.081085
 3.971016
 4.777268
 4.290194
 4.591076
 4.844202
 5.025337
 4.612622
 4.233084
 4.270577
 4.444002
 4.607243
 4.536062
 4.033479
 4.090329
 4.267924
 4.270514
 4.162323
 4.124425
 4.159648
 3.978956
 3.759590
 4.299226
 4.544565
 4.877220
 4.857842
 4.919646
 5.195634
 4.592802
 4.914615
 4.188888
 4.675136
 4.361670
 5.066580
 5.061687
 5.126485
 5.016672
 4.585026
 4.434390
 4.602212
 4.545840
 4.640519
 4.391689
 4.239541
 4.340285
 4.585791
 4.615887
 4.102358
 4.591684
 3.933493
 4.264405
 4.536772
 4.586100
 4.501600
 4.623980
 4.629810
 4.638314
 4.860282
 5.072365
 4.950959
 4.661460
 4.459451
 2.501237
 2.460304
 2.532518
 2.688973
 2.617160
 2.637800
 2.559510
 2.710211
 2.605953
 2.540218
 3.074313
 2.763853
 2.865312
 2.269625
 2.564341
 2.692333
 2.892896
 2.677662
 2.805278
 2.530945
 2.512668
 2.810074
 2.597815
 2.752683
 2.424326
 2.386216
 2.251951
 2.487941
 2.344622
 2.374898
 2.304541
 2.213928
 2.286739
 2.398638
 2.486063
 2.341503
 2.575763
 2.806270
 2.423026
 2.513657
 2.636519
 2.622913
 2.505965
 2.471431
 2.485399
 2.991119
 2.849137
 2.817317
 2.353584
 2.674596
 2.799322
 2.665638
 2.755023
 3.051027
 2.972774
 3.030085
 4.425500
 4.489113
 4.493650
 4.140626
 2.539826
 2.666098
 2.636476
 2.249012
 2.384813
 2.417344
 2.432790
 2.331797
 2.387528
 2.378519
 2.448913
 2.301787
 3.284138
 3.261322
 3.236512
 3.310097
 3.192480
 3.377371
 3.444839
 3.399595
 3.309800
 3.378764
 3.254681
 3.193499
 2.939785
 2.828031
 2.994170
 3.308635
 3.176661
 3.261741
 2.916970
 2.953605
 2.784652
 2.934239
 2.801828
 2.626628
 2.900762
 2.659983
 2.331493
 2.528094
 2.466691
 2.608620
 1.785035
 1.791983
 1.713887
 1.838138
 1.904728
 1.855038
 2.344115
 2.404315
 2.070895
 2.309581
 2.222015
 2.173614
 2.183240
 2.154138
 2.203044
 1.919177
 1.970216
 1.836606
 1.781796
 1.884923
 1.684776
 1.674703
 1.496480
 1.590224
 1.617301
 1.527470
 1.510025
 1.486557
 1.933860
 1.798214
 1.836394
 1.911883
 1.862793
 3.840377
 4.008306
 3.604010
 3.814393
 3.516324
 3.872815
 3.869694
 3.624932
 3.599283
 3.471997
 3.451905
 3.881930
 3.911408
 3.802471
 3.865243
 2.999892
 2.985101
 3.152700
 2.973007
 2.961859
 2.977200
 2.793869
 2.879332
 4.184406
 3.940926
 3.988452
 4.085699
 4.151028
 4.208173
 4.218473
 4.612312
 4.243364
 5.044351
 4.744538
 4.787213
 4.591271
 4.032396
 4.609255
 4.155133
 4.095207
 4.034060
 4.919787
 5.130731
 4.862263
 4.492196
 5.071358
 4.908958
 5.019034
 5.035820
 4.932271
 4.402715
 4.567526
 4.608713
 4.552179
 4.525233
 4.807863
 4.599136
 4.298031
 4.239189
 4.203497
 4.758081
 4.243361
 4.352159
 4.351304
 4.367232
 4.093955
 4.243286
 4.208561
 4.379393
 4.428256
 4.618876
 4.133939
 4.109512
 4.305534
 4.127907
 4.263704
 4.698080
 4.359834
 4.225757
 4.081303
 4.154344
 4.100795
 3.269188
 3.267566
 3.061790
 2.911306
 3.062051
 2.880501
 2.935912
 2.985842
 2.738917
 2.891710
 3.084178
 3.294507
 3.149574
 3.093407
 3.162946
 3.275713
 3.023028
 3.355375
 3.278874
 3.724867
 3.812131
 4.018293
 3.604868
 3.491370
 3.360642
 3.388299
 3.333667
 3.233137
 2.983627
 3.067195
 2.911048
 3.107813
 2.784572
 2.763085
 2.667132
 2.566265
 2.661337
 2.757950
 2.656136
 2.759810
 3.064610
 3.323359
 3.032783
 2.859609
 3.351881
 2.916631
 3.438793
 3.313790
 3.233410
 3.392899
 3.332960
 3.225188
 3.317010
 3.457373
 3.357258
 3.346910
 3.492164
 3.419025
 3.521564
 3.672718
 3.478552
 3.545045
 3.583443
 3.541957
 3.198098
 3.233343
 3.203851
 3.825917
 3.425365
 3.115457
 3.459384
 3.172029
 3.401296
 3.300286
 3.459112
 3.387645
 3.343199
 3.063377
 3.101152
 3.146039
 3.964257
 3.613312
 4.122144
 3.792543
 3.844851
 3.771002
 3.631475
 3.906512
 4.119230
 4.212618
 3.969037
 4.043188
 4.072564
 4.041185
 3.169084
 3.359598
 3.299899
 3.014659
 3.369530
 3.767002
 3.744447
 3.842089
 3.950807
 4.212416
 3.633303
 3.572367
 3.019615
 3.035559
 3.075702
 3.040479
 3.494531
 3.190069
 3.227085
 2.658329
 3.171699
 2.768602
 3.151348
 3.009192
 3.128529
 2.741089
 3.218191
 2.933490
 2.334133
 2.444988
 2.512012
 3.078226
 2.937084
 3.120008
 3.072041
 3.423291
 2.965316
 2.766506
 2.810863
 2.659806
 2.842257
 2.882391
 2.788075
 2.919904
 2.820627
 2.579771
 2.663262
 2.948495
 2.739767
 2.778043
 2.393088
 2.301304
 2.258706
 5.417121
 5.255461
 5.984691
 5.673860
 5.883329
 5.595786
 5.633696
 4.448695
 4.695418
 4.343253
 4.164834
 6.162244
 5.904269
 5.808705
 6.010286
 5.655223
 6.088850
 5.789136
 5.096243
 5.104135
 5.425577
 5.291283
 5.134456
 5.262374
 5.203196
 5.530463
 5.272011
 5.105385
 5.209329
 4.966349
 5.106403
 5.494575
 2.657464
 2.927336
 2.971319
 2.924919
 2.752175
 2.643628
 3.158494
 3.383378
 3.072122
 3.272752
 3.275653
 3.005740
 3.116993
 3.346665
 3.081475
 3.147134
 3.120171
 3.331151
 3.077077
 3.502111
 3.217674
 3.598215
 3.793335
 3.666747
 3.911861
 3.962008
 3.811110
 2.477132
 2.322236
 2.584459
 2.159426
 2.324249
 2.329064
 2.279839
 2.739044
 2.857356
 4.171448
 4.206561
 3.409484
 3.725700
 3.793739
 1.954041
 2.402893
 2.318262
 2.289689
 2.573516
 2.491224
 2.441926
 2.199151
 2.054559
 2.103349
 2.462658
 2.549832
 2.392031
 2.428995
 2.647340
 2.517412
 2.961674
 2.828944
 2.658452
 2.660039
 2.583417
 2.291478
 2.633455
 2.901805
 2.073724
 2.091647
 2.573091
 2.749546
 2.751178
 2.408287
 2.465219
 2.496414
 2.809117
 2.560839
 2.527110
 2.227716
 2.430760
 2.463761
 2.643696
 2.622044
 2.757097
 2.486126
 2.381323
 2.591300
 2.657183
 2.280428
 2.467800
 2.487801
 2.436646
 2.148195
 2.228806
 2.128735
 2.037591
 2.193863
 2.625411
 2.348210
 2.511567
 3.115528
 3.058371
 3.038238
 2.717572
 2.687875
 2.746683
 2.626609
 2.469171
 3.692154
 3.573921
 2.484296
 2.421730
 2.432045
 2.367728
 2.415443
 2.415292
 2.048872
 2.226254
 2.128476
 4.392125
 4.335830
 3.906811
 3.778179
 3.901088
 3.983424
 3.592982
 3.892103
 2.919388
 2.307320
 2.429163
 2.260104
 2.249357
 2.728015
 2.704495
 2.689831
 2.623023
 2.559102
 2.536001
 2.663670
 2.688438
 2.877957
 2.614952
 2.854681
 2.483788
 2.718227
 2.694369
 2.860018
 2.613940
 2.809206
 2.457041
 2.519197
 2.490775
 2.509829
 2.464986
 2.450209
 2.496051
 2.674876
 2.361106
 2.459599
 2.686208
 2.607915
 2.290555
 2.425194
 1.514824
 1.422719
 1.485359
 2.778897
 2.927437
 3.013622
 3.152201
 2.867108
 2.989126
 2.964685
 3.099217
 2.955396
 3.005631
 2.719340
 2.639377
 2.850963
 2.903338
 2.780782
 2.920151
 3.092710
 3.130362
 3.088578
 3.157677
 3.189712
 3.265889
 2.752115
 2.723960
 2.879085
 3.053396
 2.990165
 3.108533
 3.112405
 3.079251
 2.876791
 2.845910
 2.817921
 2.807248
 2.931841
 2.906705
 3.117150
 3.384783
 3.333631
 2.586894
 2.557922
 3.079358
 3.220909
 3.118422
 3.131771
 3.046166
 2.921182
 2.854329
 2.870433
 2.879769
 2.697808
 2.457422
 2.496780
 2.741433
 2.542259
 2.518872
 2.505356
 2.589325
 2.416054
 2.559090
 2.808192
 2.854913
 2.658318
 3.181726
 3.014633
 3.114357
 3.519283
 2.684602
 2.514181
 2.677691
 2.614861
 2.922331
 2.907744
 2.646309
 2.571897
 2.414657
 2.534091
 2.325033
 2.769615
 2.744555
 2.551850
 2.587584
 2.743405
 2.457852
 2.629700
 2.565243
 2.663494
 2.100760
 2.106166
 2.037028
 2.317574
 2.135120
 2.128563
 2.460363
 2.418518
 2.747069
 2.373750
 2.416830
 2.360761
 2.314928
 2.261693
 2.254092
 2.437202
 2.159939
 2.374192
 2.432489
 2.271031
 2.370447
 3.333130
 3.157514
 3.197243
 3.197527
 3.010936
 3.033688
 2.979354
 2.965783
 3.183158
 3.376117
 3.592379
 3.311052
 3.515929
 3.517938
 3.432861
 3.730439
 3.272487
 3.570916
 3.362093
 3.496542
 3.144355
 3.274334
 3.284365
 3.385316
 3.428018
 3.513136
 3.800133
 3.676602
 3.701807
 3.623250
 3.935701
 3.073876
 3.315435
 3.213410
 3.247054
 3.095423
 3.594474
 3.450120
 3.590726
 3.212068
 3.198636
 2.946976
 2.871768
 2.759267
 2.781445
 2.821120
 2.652081
 2.976424
 2.853541
 2.878101
 2.846509
 2.916957
 2.790834
 2.794040
 1.888955
 1.782428
 1.837852
 1.854918
 1.650737
 1.619612
 1.876194
 1.721346
 1.782732
 1.652991
 1.684293
 1.636321
 1.795186
 1.709363
 1.558618
 1.584824
 1.562099
 1.496074
 1.633661
 1.640631
 1.615152
 4.733339
 4.681733
 4.496485
 4.942026
 4.634337
 4.431649
 3.766963
 3.650484
 3.519850
 3.957613
 3.872607
 3.632588
 3.711225
 3.542713
 2.768017
 2.737464
 2.584336
 2.641692
 3.101396
 3.359239
 3.278302
 3.709860
 3.328195
 3.640165
 3.271603
 3.478052
 3.167201
 3.239252
 3.253390
 3.049354
 2.956389
 3.245937
 3.064607
 3.232828
 3.411945
 3.442229
 3.698751
 3.455682
 2.838326
 2.539816
 2.446497
 2.799833
 2.712570
 2.561120
 2.437354
 2.593611
 2.939992
 3.006274
 2.903513
 2.859087
 3.658865
 3.899895
 3.852745
 4.467948
 4.000972
 4.213391
 3.927182
 3.705327
 3.806403
 3.911133
 3.874674
 3.554821
 2.946016
 2.929266
 2.618098
 3.619787
 2.729441
 2.923909
 2.641057
 3.333502
 3.467210
 3.367544
 3.224529
 2.809032
 2.880856
 2.884315
 3.237514
 3.062043
 2.773952
 2.956033
 3.266932
 3.010695
 3.192366
 3.133615
 3.321716
 3.353214
 1.708202
 1.889219
 2.800365
 2.818867
 2.909318
 2.879126
 2.838274
 2.736582
 2.397249
 2.447211
 2.797908
 2.869206
 2.736253
 2.763745
 2.521482
 2.747742
 2.594849
 2.678285
 2.417899
 2.447697
 2.698323
 2.597722
 2.634756
 2.771940
 2.685496
 2.880210
 2.973494
 3.208562
 2.865991
 2.534264
 2.481650
 2.556402
 2.406183
 2.412817
 2.348839
 2.387083
 2.571846
 2.936602
 2.807556
 3.072731
 2.986433
 3.202940
 2.895343
 2.978509
 3.267994
 3.375831
 3.046772
 2.843559
 2.832511
 3.035548
 2.939033
 2.975842
 2.596133
 2.721491
 2.602485
 2.662616
 2.814337
 2.517946
 2.675373
 2.820381
 2.561278
 2.845607
 1.759222
 1.881497
 1.725785
 2.996046
 2.994202
 3.018129
 2.675951
 2.949219
 2.914109
 2.919835
 2.690223
 2.733823
 2.791905
 2.749459
 2.869914
 2.833190
 2.892035
 2.840238
 2.972266
 2.983772
 2.857938
 2.721103
 3.011696
 3.050235
 3.065950
 3.277624
 4.188829
 3.735605
 4.109295
 4.029832
 3.991453
 3.868247
 4.064279
 4.207336
 3.126215
 3.103277
 2.975710
 4.048435
 3.169438
 3.363427
 3.512297
 3.387975
 3.072858
 3.267425
 2.999339
 3.591067
 3.444918
 3.392274
 3.449591
 3.599518
 3.602127
 3.448934
 2.926515
 2.854385
 3.053147
 4.530611
 4.598726
 4.155698
 3.811685
 3.922902
 4.881571
 5.054585
 5.042902
 4.322081
 4.557444
 4.310405
 4.412844
 5.003704
 5.398358
 4.935674
 5.074636
 5.711917
 5.978606
 6.399624
 6.086774
 6.192002
 6.425339
 6.177954
 5.901769
 5.705302
 5.656187
 6.142835
 6.880033
 6.971175
 5.113369
 4.811584
 5.784808
 5.239977
 5.694267
 5.510485
 5.211997
 5.223033
 4.386119
 4.588958
 4.264181
 4.420425
 4.740335
 4.479958
 3.888758
 4.337393
 4.579273
 5.127100
 5.210326
 5.102748
 4.715329
 4.440786
 4.692004
 4.342096
 4.286628
 4.401757
 4.342338
 4.435504
 4.683776
 4.559844
 4.860469
 4.133630
 4.377644
 4.158917
 4.260990
 4.151558
 4.022229
 3.983831
 4.289278
 3.470553
 3.398153
 3.842242
 3.941832
 3.838090
 3.883271
 3.931800
 3.837158
 3.209732
 3.273723
 3.349048
 3.687937
 3.564179
 3.819662
 3.634962
 3.652777
 4.523230
 5.518704
 5.266109
 4.603733
 3.766216
 3.834033
 3.592433
 4.005850
 3.847090
 4.033801
 4.127496
 4.603245
 4.642885
 4.268425
 4.812219
 5.287132
 5.135221
 5.345725
 4.915625
 4.726692
 4.807589
 5.262550
 4.597080
 4.714892
 4.945076
 5.227794
 4.849751
 5.058415
 4.416341
 4.094224
 4.142492
 4.791393
 4.638503
 5.334603
 5.295208
 5.515855
 5.118243
 5.183948
 4.918014
 4.636382
 5.154908
 4.866888
 4.537069
 4.753535
 4.428852
 4.773608
 5.108299
 4.869162
 5.201704
 4.081479
 4.222419
 4.194925
 4.343557
 4.231755
 4.010927
 4.780014
 4.573482
 4.499895
 4.666428
 4.642896
 5.215185
 5.720822
 5.309212
 5.440329
 5.119924
 4.928994
 5.105275
 5.273027
 6.710381
 7.566208
 3.544611
 3.549967
 3.686843
 3.642081
 3.488156
 3.769097
 3.953743
 3.642937
 3.652667
 2.068185
 1.971163
 2.057379
 2.376346
 2.449431
 2.417145
 2.124565
 2.090510
 2.130175
 2.057639
 2.289500
 2.435908
 2.046202
 1.989043
 3.097759
 2.992462
 3.090991
 2.924351
 3.503292
 3.341940
 3.443754
 3.017946
 3.105631
 2.709287
 2.882321
 3.168100
 3.075534
 2.978673
 2.809900
 2.962457
 2.954775
 4.114577
 4.150293
 3.891180
 3.489705
 4.642389
 4.443827
 4.215620
 4.182006
 4.644504
 4.410422
 4.186020
 4.115325
 4.495343
 4.521857
 4.309478
 4.276066
 4.370486
 4.573961
 4.228783
 4.228260
 3.222474
 3.380671
 3.623874
 3.343217
 3.462869
 3.222664
 5.056936
 4.783696
 5.198737
 4.592760
 5.287908
 4.931323
 4.822847
 4.480925
 3.583402
 3.631847
 3.401138
 3.557009
 4.168003
 4.423156
 4.257685
 3.806014
 4.354185
 4.490790
 1.813194
 1.810133
 1.751702
 1.929264
 2.550036
 1.940217
 2.591358
 2.393282
 2.336542
 2.356975
 2.151329
 2.105558
 2.086320
 2.264242
 2.291054
 2.344590
 1.977236
 2.009422
 2.131435
 2.100270
 1.981698
 2.657903
 2.637245
 2.599065
 2.684811
 2.703852
 2.605525
 2.233080
 2.752850
 2.715016
 2.382910
 2.976191
 3.075235
 2.575062
 2.819842
 2.467130
 2.555819
 2.672195
 2.555791
 2.681635
 2.815596
 2.696523
 2.616874
 3.158190
 2.653288
 2.452616
 2.424635
 2.343799
 2.531550
 2.571752
 2.331012
 2.526979
 2.484050
 2.448548
 1.986401
 2.256536
 2.256442
 2.130362
 2.151823
 1.888603
 2.238689
 2.047731
 2.069815
 2.007258
 1.923970
 2.054482
 1.826082
 2.023716
 2.027621
 2.206750
 2.298784
 2.306188
 2.377756
 2.238393
 2.119440
 2.355454
 2.142624
 2.346608
 2.176251
 2.348136
 2.146281
 2.104566
 2.072714
 1.956036
 1.876413
 1.915451
 2.197422
 2.205988
 2.216335
 2.003731
 2.687890
 2.640858
 2.689295
 2.750579
 2.981136
 2.975186
 2.780459
 2.805170
 2.793889
 2.920634
 2.971998
 2.994947
 2.926253
 2.794977
 2.899475
 2.837668
 2.940613
 2.976271
 3.177957
 3.536575
 3.545253
 3.083423
 3.246223
 3.222720
 3.024680
 3.304934
 3.235899
 3.279505
 2.904810
 2.552801
 2.889272
 2.757804
 3.129265
 2.961604
 3.014102
 2.732265
 2.631504
 2.671479
 2.511896
 2.769996
 2.579524
 2.481594
 2.582926
 2.683657
 2.678461
 2.720638
 2.844620
 2.833244
 2.875046
 2.768886
 2.854643
 2.293466
 2.247387
 2.083787
 2.424514
 2.101248
 2.415106
 2.437908
 2.602373
 2.463774
 2.396141
 2.328865
 2.218093
 2.528860
 2.282883
 2.278964
 2.497834
 2.376969
 2.366355
 2.502923
 2.388865
 2.210496
 2.500787
 2.437942
 2.256317
 2.444568
 2.097655
 2.098344
 2.332722
 2.540407
 2.550217
 2.574929
 2.291192
 2.571657
 2.147017
 2.252690
 2.352528
 2.385611
 2.603577
 2.567662
 2.591713
 2.463650
 2.456890
 2.527092
 2.627459
 2.285051
 2.352723
 2.464386
 2.284190
 2.328097
 2.392378
 2.264758
 2.427612
 2.475751
 2.272373
 2.340141
 1.848071
 1.992353
 2.054619
 1.942168
 1.636673
 1.605349
 1.612532
 1.663562
 1.781365
 1.808595
 1.666361
 1.847567
 1.667264
 1.693502
 1.758165
 1.696354
 1.680738
 1.728075
 1.727928
 1.814749
 1.578422
 1.667536
 1.630248
 1.457558
 1.703951
 1.568292
 1.749043
 1.760690
 2.597251
 2.645017
 2.577005
 2.602307
 2.504237
 2.208998
 2.447030
 2.317526
 2.709813
 2.486758
 2.625749
 2.479104
 2.571971
 2.361954
 2.664016
 2.798308
 2.898135
 2.865522
 2.901096
 2.928374
 2.996798
 2.649879
 3.016770
 2.717819
 2.477237
 2.790939
 2.550434
 2.680501
 2.950988
 2.917034
 2.971588
 2.809924
 2.710103
 3.097433
 3.170363
 3.145266
 3.356695
 3.657458
 3.869712
 3.813686
 4.498996
 3.790646
 3.536020
 3.702347
 3.685071
 3.974704
 3.388582
 3.469944
 3.520082
 3.765662
 3.658736
 3.599005
 3.426148
 3.460337
 3.631581
 2.778924
 2.838668
 2.865062
 2.785608
 2.844430
 2.835066
 3.856834
 3.701717
 2.618494
 2.610472
 2.824564
 2.650797
 2.885117
 2.571298
 2.573296
 2.616892
 2.543701
 2.526595
 2.627436
 2.818882
 2.432740
 2.404249
 2.331180
 2.424121
 2.328245
 2.426262
 3.072658
 2.800877
 2.853262
 2.843724
 2.801172
 2.951616
 2.544754
 2.464961
 2.486012
 2.812948
 2.755789
 3.678541
 3.767591
 3.763730
 3.651613
 3.597012
 4.143098
 3.317778
 3.494936
 2.691627
 2.982598
 2.887923
 3.001537
 3.035226
 3.014486
 3.616117
 3.964405
 3.981965
 3.383440
 3.493470
 3.990163
 4.002729
 4.056751
 3.656886
 3.762904
 4.075546
 3.985594
 3.841387
 3.987006
 3.877794
 4.602952
 4.718423
 4.604692
 4.586367
 4.629540
 3.088348
 3.114574
 3.485112
 3.860964
 3.611483
 3.689881
 3.704631
 4.223225
 3.871940
 3.772298
 3.716215
 3.972350
 3.730297
 3.574736
 3.876040
 3.325260
 3.255745
 3.227756
 3.274786
 3.141225
 3.054318
 3.084291
 3.194578
 3.298968
 3.171089
 3.001565
 2.802010
 2.930935
 3.506850
 3.258242
 3.702962
 3.251578
 3.428218
 3.419690
 3.412414
 3.533811
 3.808999
 3.636965
 3.502483
 3.593324
 3.651102
 3.936386
 3.614104
 3.912668
 3.644465
 3.560312
 3.097426
 3.201303
 2.302160
 2.309182
 2.368114
 2.371777
 2.862747
 2.572918
 2.895762
 2.693957
 2.887528
 3.042417
 2.964627
 3.274287
 3.057539
 3.267552
 3.461959
 3.168049
 3.034437
 3.207094
 3.166404
 3.319787
 3.248357
 3.282974
 3.105848
 3.300474
 3.392614
 3.170983
 3.267680
 3.497399
 3.122657
 6.451529
 5.698699
 5.711373
 6.630104
 6.455128
 6.543808
 6.918887
 6.864693
 4.669591
 4.631338
 4.926996
 4.643854
 4.702549
 4.942331
 4.720066
 4.328075
 4.427987
 5.549559
 5.027416
 4.806682
 4.014032
 4.120303
 4.096724
 3.996298
 3.962759
 4.104366
 4.202402
 3.777299
 4.116945
 3.888217
 4.099865
 4.540317
 4.364897
 5.394315
 4.709346
 4.897129
 5.225749
 5.496245
 5.433860
 5.620150
 5.222687
 5.167002
 5.292269
 5.024962
 4.851587
 4.867012
 4.454439
 4.660979
 4.614346
 4.414567
 4.022383
 4.296457
 5.619748
 5.190196
 4.770505
 4.709431
 4.727645
 4.934913
 4.469837
 4.498455
 4.643877
 4.424889
 4.824263
 4.348822
 4.800617
 5.153939
 5.293314
 5.417296
 5.475944
 5.133819
 5.661962
 5.875265
 4.825111
 5.098086
 5.127467
 5.364134
 5.472727
 5.609177
 5.535774
 5.722253
 5.679268
 5.375638
 5.346802
 5.418411
 4.559702
 4.830355
 4.698445
 4.655796
 4.736914
 3.587093
 3.958414
 3.839757
 3.450550
 3.284511
 3.635278
 3.467908
 3.612194
 3.429369
 3.723761
 4.207478
 4.095899
 3.664703
 4.048318
 3.734670
 3.469478
 3.529442
 3.511494
 3.454488
 3.493147
 3.561863
 3.481916
 3.537595
 3.489640
 3.312966
 3.401313
 3.363462
 3.131814
 3.384210
 3.379469
 3.612150
 3.384008
 3.562494
 3.516753
 3.416250
 3.161868
 2.946248
 3.080009
 3.354415
 3.299190
 4.225652
 4.321931
 4.278852
 4.816117
 4.147844
 5.020020
 4.702276
 5.181126
 5.124408
 5.104098
 5.409406
 5.532164
 5.449020
 5.420961
 5.060647
 5.226723
 4.998750
 5.275715
 4.991163
 4.907282
 5.275743
 4.823377
 4.392750
 2.939956
 3.127294
 3.290438
 3.158621
 3.192042
 3.072339
 3.081103
 2.955625
 2.919266
 2.857296
 3.134200
 2.944583
 2.486499
 2.810388
 2.588078
 2.715638
 2.768012
 2.761961
 2.745025
 2.746351
 2.706453
 2.715298
 2.745829
 3.017975
 2.809170
 2.863382
 3.225625
 3.318808
 3.124337
 3.218705
 3.161870
 3.683893
 4.203019
 4.006962
 3.870067
 3.816475
 4.140462
 3.788596
 4.084105
 3.361951
 3.532339
 3.391541
 4.522793
 4.591832
 4.451119
 4.208616
 4.436602
 4.086996
 2.335454
 2.328522
 2.335736
 2.359446
 2.317047
 2.641824
 2.539288
 2.738909
 2.683927
 2.970675
 2.642713
 2.447482
 2.490310
 2.603965
 2.696016
 2.616346
 2.564273
 2.704090
 2.684853
 2.445259
 2.981872
 2.962187
 2.939551
 3.011438
 3.972191
 4.115055
 4.036739
 3.684756
 3.438480
 3.865334
 3.939588
 3.703319
 3.658581
 3.550392
 3.708458
 3.160227
 3.282794
 3.249637
 3.271515
 3.157157
 3.004063
 2.934586
 2.991137
 2.930837
 3.069758
 3.672819
 3.758870
 3.607036
 3.908775
 2.818458
 2.736909
 2.706636
 2.589899
 2.794160
 2.375287
 2.619715
 2.539146
 2.791132
 2.807497
 2.753521
 2.768001
 2.823877
 2.832520
 2.795405
 2.933142
 2.947090
 2.956848
 2.920825
 2.775195
 3.358484
 3.526934
 3.614812
 3.629549
 3.742108
 3.986617
 3.855527
 3.832941
 6.462675
 4.370821
 4.339306
 5.537079
 5.783528
 5.149432
 5.336934
 5.409943
 5.328783
 5.286859
 5.298900
 5.813722
 5.702090
 7.182306
 6.719952
 6.593209
 6.504695
 7.118785
 2.073721
 2.092155
 2.249408
 1.956617
 2.034649
 2.251972
 2.341886
 2.332561
 2.495181
 2.155213
 2.303182
 2.318174
 2.367034
 2.263122
 2.254173
 2.077726
 2.315746
 2.366371
 2.176352
 2.062026
 1.981555
 2.077463
 2.348312
 2.152854
 2.278194
 2.256853
 2.270205
 2.608502
 2.446551
 1.778377
 2.169307
 2.094972
 2.030087
 2.110829
 1.929571
 2.158350
 2.113965
 1.884329
 1.833718
 1.745499
 1.833768
 1.815368
 1.897922
 2.692053
 2.518783
 2.540165
 2.568119
 2.651186
 3.322719
 3.135854
 3.085969
 2.954050
 2.784379
 2.747694
 2.737357
 3.156098
 3.020308
 2.807441
 3.097581
 2.774188
 2.738472
 2.863888
 2.844574
 2.839914
 3.027709
 2.841132
 3.034494
 2.853052
 2.446835
 2.603530
 2.464850
 2.356300
 2.083386
 2.428156
 2.354920
 2.729871
 2.719322
 2.926103
 2.782330
 2.698943
 3.582604
 3.020866
 3.109791
 2.715858
 2.717133
 2.825977
 2.863531
 2.818761
 3.335779
 3.463428
 3.738889
 2.835420
 3.335102
 3.136686
 2.779741
 2.968571
 3.063598
 2.661609
 2.822100
 2.710150
 3.003970
 2.981337
 3.117453
 2.953192
 2.850057
 2.828755
 3.154649
 3.055152
 5.084242
 5.153726
 5.985515
 5.913173
 4.944288
 5.743017
 4.757093
 5.056840
 4.713693
 4.836878
 5.090428
 5.330833
 5.124998
 4.877691
 4.943202
 4.562809
 4.515366
 4.626693
 4.734347
 4.541919
 4.632004
 4.853806
 5.029938
 4.863330
 5.112332
 4.770828
 4.625933
 4.687173
 4.902465
 5.136932
 4.972754
 4.633136
 4.887720
 5.691207
 6.005819
 5.105707
 4.838638
 5.339343
 4.886438
 4.922510
 3.994209
 4.980633
 4.847648
 4.900253
 4.579606
 4.731638
 4.970422
 4.812293
 5.041068
 4.996101
 4.763109
 4.871556
 4.959916
 4.896714
 4.580071
 5.159414
 4.918590
 4.809884
 5.079177
 3.838163
 3.537092
 3.515726
 3.353390
 4.485529
 4.525270
 4.189010
 3.903053
 3.604082
 2.697779
 2.659897
 1.839882
 1.912948
 1.642116
 2.817407
 2.966150
 2.684354
 3.013983
 3.203437
 2.949011
 3.002545
 3.027122
 3.031852
 3.264123
 2.834748
 2.806463
 2.874319
 3.831691
 3.808343
 3.653562
 4.044848
 4.060915
 3.972147
 3.936137
 3.517288
 3.807334
 3.899728
 3.808620
 3.713384
 3.970694
 3.832409
 3.765375
 3.471897
 3.350689
 3.374318
 3.324767
 3.368938
 3.908339
 4.036117
 4.044309
 3.736958
 3.104063
 3.307653
 2.965257
 2.960193
 3.163178
 2.989158
 3.182033
 3.210589
 3.160691
 2.854813
 2.774486
 2.577659
 2.768124
 3.361097
 3.059742
 3.077238
 2.899308
 2.811779
 3.204094
 3.162323
 3.064402
 3.054936
 3.214706
 3.458685
 3.485739
 2.911030
 3.030225
 2.584599
 2.606036
 2.697040
 2.911821
 3.007167
 2.898223
 3.206909
 3.160742
 2.876918
 3.313941
 3.339113
 2.536024
 2.466303
 2.547270
 2.548499
 2.379880
 2.381753
 2.451750
 2.482562
 2.609534
 2.676155
 2.356992
 2.664225
 2.443582
 2.511076
 2.773744
 2.677555
 2.778425
 2.704635
 2.760592
 2.645269
 2.938403
 2.749745
 2.459452
 2.331349
 2.470065
 2.302763
 2.439013
 2.592098
 2.559112
 2.655123
 2.409727
 2.433030
 2.586887
 2.570214
 2.461073
 2.542809
 2.404707
 3.230450
 3.463434
 3.184197
 3.324311
 3.226726
 3.205292
 3.280231
 3.200440
 3.482973
 2.932312
 3.121270
 3.454710
 3.419994
 2.392327
 2.554752
 2.427621
 1.955328
 1.993574
 4.128501
 3.695995
 4.036722
 3.817788
 3.747558
 3.574792
 4.030387
 2.974506
 3.214909
 3.114389
 3.168570
 3.378615
 3.539944
 3.456746
 4.696001
 4.134276
 4.381322
 4.485320
 4.470018
 4.314412
 4.610033
 4.630490
 3.478644
 3.770240
 3.423896
 3.741998
 3.568840
 3.530810
 4.264220
 4.329912
 4.011705
 4.560556
 4.975178
 4.501222
 4.316789
 4.667528
 4.058047
 4.202160
 4.815196
 4.743963
 4.537022
 4.918610
 4.410241
 4.543544
 3.934566
 4.570050
 4.403354
 3.671759
 3.736263
 3.619345
 3.900098
 3.879088
 3.938114
 3.767276
 3.619038
 3.386939
 3.238864
 3.266584
 3.255287
 3.262376
 3.302095
 3.381861
 2.859924
 3.027575
 3.272275
 3.102333
 3.202619
 3.432617
 3.230194
 3.102052
 3.101640
 3.635464
 3.304567
 3.453321
 3.277824
 3.378991
 2.764215
 2.827324
 3.200444
 3.089066
 3.107316
 3.326691
 2.752203
 2.891203
 3.155011
 2.157159
 2.421744
 2.372520
 2.316311
 2.442215
 2.253319
 3.288935
 3.007648
 2.924200
 3.053700
 2.998694
 2.983027
 2.720971
 2.737140
 3.166953
 3.053607
 3.061093
 3.389488
 3.008296
 2.935649
 3.118421
 3.079248
 3.219058
 3.583140
 3.443255
 3.415369
 3.404944
 3.416287
 3.594911
 2.728253
 2.700438
 2.880166
 3.221283
 2.900943
 3.265121
 3.328774
 3.502323
 3.515096
 3.607589
 3.504437
 3.612081
 3.703441
 3.680883
 3.400908
 3.582052
 3.582346
 2.638344
 2.272799
 2.374419
 2.420546
 2.314444
 2.455862
 2.538643
 2.730521
 2.502377
 2.499921
 2.697827
 2.614137
 2.596589
 2.553784
 2.514577
 2.530562
 2.452421
 2.476163
 2.486372
 3.612757
 3.802692
 3.719999
 3.612590
 3.848893
 3.723110
 4.071010
 3.610283
 4.103853
 3.949542
 4.077891
 3.723240
 4.027351
 3.358693
 3.247538
 3.225369
 3.127589
 3.431311
 3.275509
 3.826911
 4.088540
 3.974208
 4.596367
 4.308877
 4.321889
 3.540547
 3.889296
 3.324187
 3.407988
 3.193184
 3.404360
 2.667495
 2.689816
 2.492484
 2.480404
 2.272189
 2.323420
 2.599780
 2.811379
 2.569922
 2.725220
 2.674270
 2.676795
 2.643393
 4.448907
 4.345206
 4.609000
 4.477252
 4.597820
 4.655833
 4.416490
 5.003858
 5.025177
 4.528078
 4.485427
 3.944106
 4.614988
 4.718113
 4.564405
 6.567835
 6.641737
 6.721100
 7.194723
 6.972304
 7.563546
 6.859190
 6.164741
 6.289887
 5.830944
 5.169532
 5.458611
 5.784701
 5.356616
 5.560550
 5.759463
 5.404128
 5.650295
 5.908781
 4.802646
 5.126876
 5.396943
 5.089392
 4.105076
 4.295007
 5.300113
 5.390503
 5.331647
 5.103672
 5.456184
 5.114879
 4.687764
 4.823792
 4.965027
 4.688151
 4.422105
 4.475714
 4.103495
 4.480156
 4.339644
 3.788918
 4.224538
 3.610434
 3.848161
 4.411094
 4.919760
 4.687403
 4.777169
 4.620786
 4.672131
 4.542277
 4.372140
 4.220300
 4.411980
 4.016921
 4.206806
 4.130763
 4.156827
 4.253370
 4.277896
 4.556326
 4.283370
 5.055450
 5.349983
 5.190147
 4.720920
 4.985001
 4.667512
 4.574981
 4.531542
 5.276818
 4.550141
 4.482248
 4.309608
 4.591384
 4.595842
 4.675687
 4.527831
 5.080794
 4.698214
 4.488434
 4.831426
 4.866306
 4.335412
 4.770203
 4.294006
 4.550602
 4.403096
 4.413170
 4.085184
 3.968831
 2.806710
 2.990403
 2.998703
 2.832926
 3.083591
 3.051731
 2.923827
 3.001900
 3.161907
 3.348540
 3.157142
 3.322071
 3.165400
 3.331021
 3.192891
 3.738514
 3.391770
 3.276671
 3.478144
 3.395637
 3.406606
 3.574181
 2.777746
 2.545736
 2.700740
 2.477638
 2.970802
 3.411758
 3.112326
 3.300010
 3.386931
 3.091566
 3.375259
 2.821105
 3.011302
 2.360061
 2.379363
 2.514780
 2.538608
 2.545856
 2.423977
 2.084288
 2.361399
 2.227894
 2.266561
 2.908733
 2.973641
 2.957923
 2.615060
 2.979114
 2.691120
 3.107281
 3.592680
 3.435348
 3.342760
 3.294548
 3.219164
 3.261981
 3.349694
 3.192283
 3.405652
 3.240649
 3.447458
 3.442832
 3.103148
 3.117562
 3.505291
 3.754832
 3.740704
 3.536102
 3.362040
 3.050019
 2.992120
 3.532134
 3.280006
 2.595859
 2.667575
 2.916360
 2.821974
 2.912142
 2.813507
 3.030846
 2.790442
 3.667831
 2.883566
 2.742578
 2.834753
 2.882728
 2.954455
 2.950978
 3.044158
 2.801506
 2.807597
 2.589162
 2.584572
 2.740019
 2.801900
 2.636367
 2.617101
 3.102015
 2.870629
 2.973382
 3.111790
 2.661943
 2.769552
 2.564413
 2.746335
 2.733339
 2.865220
 2.852777
 3.129165
 2.854952
 2.978332
 3.333534
 4.385395
 4.720338
 4.472888
 4.520194
 4.046989
 4.361198
 4.298787
 4.209348
 3.278394
 3.322802
 3.326406
 3.180158
 3.611721
 3.458451
 3.439817
 3.327222
 3.260471
 3.409023
 3.373341
 3.504332
 3.231297
 3.330811
 3.552374
 3.353908
 3.397227
 3.744632
 3.446554
 3.753914
 3.588806
 3.391135
 4.137065
 3.916628
 4.074931
 4.071180
 4.153898
 3.613179
 3.350627
 3.864481
 3.665585
 3.519289
 3.477551
 3.487355
 3.476199
 3.670849
 3.403253
 3.311321
 3.541590
 3.342007
 3.512268
 3.548548
 3.612886
 3.578785
 2.572594
 2.447181
 2.570375
 3.168924
 3.494203
 2.916884
 3.023435
 2.936582
 2.788780
 3.053462
 3.110460
 3.215296
 3.038732
 3.014429
 3.052276
 2.921671
 3.877626
 3.959379
 4.075277
 4.073843
 3.937092
 3.649367
 3.690212
 3.019519
 2.863680
 2.816012
 2.981782
 3.325497
 3.562425
 3.475753
 3.228508
 3.234697
 3.284484
 3.188487
 3.292747
 3.480507
 3.237099
 3.211522
 3.336629
 3.108785
 3.132622
 3.071024
 3.196767
 3.279341
 3.456121
 3.061044
 3.300806
 3.208088
 3.175872
 3.365155
 3.303327
 3.055803
 2.889348
 3.017276
 3.064585
 3.951230
 3.835744
 3.818711
 4.145299
 3.926439
 3.708855
 4.044151
 3.704732
 4.184105
 4.141922
 4.250692
 4.714270
 4.689016
 4.317291
 4.236397
 4.328617
 4.622808
 4.742370
 4.379151
 4.603838
 3.520024
 3.404627
 3.553184
 3.675423
 3.691187
 3.478461
 3.470280
 3.775980
 3.413226
 3.661553
 3.678648
 3.621995
 3.558599
 4.080290
 4.124547
 4.079504
 4.318402
 4.187692
 4.698276
 4.745183
 4.556021
 3.240821
 3.000676
 2.796986
 3.000334
 3.230795
 3.366934
 3.140416
 3.313194
 3.127963
 3.552602
 3.468171
 3.390301
 3.527409
 3.195902
 4.302244
 4.335632
 3.544849
 3.602400
 3.555730
 3.629146
 3.744054
 3.153898
 3.381787
 3.213248
 3.050371
 2.959404
 3.310135
 3.440684
 3.278849
 3.414321
 3.514519
 3.862737
 4.195824
 4.066715
 3.661198
 3.961000
 3.988209
 2.105589
 2.062915
 2.006736
 2.171392
 2.221412
 2.175032
 2.196251
 2.350561
 2.335778
 2.118943
 2.008362
 1.985110
 2.494613
 2.375335
 2.302647
 2.372843
 2.314138
 1.396436
 1.365116
 1.288750
 1.678469
 1.655333
 1.674583
 1.717673
 1.800442
 1.674014
 2.713804
 2.673214
 2.605563
 2.499834
 2.326090
 2.142254
 1.770644
 2.033052
 1.851990
 1.773646
 1.772073
 1.844341
 1.702174
 2.009095
 1.840627
 2.136491
 2.438145
 1.987185
 1.989086
 2.203410
 2.238764
 1.887196
 1.897222
 2.010414
 1.937036
 2.055828
 2.070552
 1.957924
 2.430368
 2.485395
 2.433436
 2.371483
 2.300897
 2.281484
 2.407702
 2.519171
 2.747624
 2.656249
 2.725606
 2.624964
 2.877450
 3.038897
 2.949944
 3.075487
 3.161107
 2.826885
 3.137658
 2.394999
 2.446925
 2.534825
 2.665400
 3.252644
 2.797238
 2.667212
 3.343335
 3.487126
 3.179494
 3.293701
 3.334072
 2.754859
 2.638971
 2.708525
 2.637910
 2.637387
 2.742128
 2.632270
 2.609778
 2.665037
 2.565555
 2.779999
 3.023936
 2.881064
 2.891110
 2.550076
 2.734947
 2.827137
 2.913496
 2.971047
 2.963816
 2.786098
 2.948200
 2.771905
 2.859768
 2.648143
 3.242889
 3.107620
 3.372817
 3.249981
 3.339871
 3.330739
 3.186576
 3.164343
 3.464315
 3.278905
 3.025602
 2.945675
 2.885666
 2.738466
 2.754171
 2.605478
 2.646361
 3.005577
 2.779238
 2.908662
 2.939876
 3.152261
 3.209296
 3.149815
 2.707738
 2.748923
 2.648333
 3.103721
 2.991678
 3.025288
 3.148946
 3.484781
 3.467006
 3.633956
 3.400477
 3.769850
 3.605931
 4.392207
 3.933726
 4.139277
 4.255634
 4.149538
 4.091254
 4.290266
 3.924283
 4.749331
 4.407443
 4.409176
 4.238706
 4.252437
 4.098349
 4.122377
 3.306264
 3.015718
 3.040953
 3.951450
 3.677437
 3.592677
 3.859268
 3.634501
 3.874998
 3.896602
 3.594304
 3.818359
 3.040771
 3.390039
 3.924670
 3.810590
 3.491008
 3.925750
 3.886321
 3.469404
 3.612416
 4.192052
 3.810154
 2.843588
 2.668837
 2.948613
 3.598637
 4.022237
 4.073456
 3.944888
 4.238755
 3.925534
 3.870489
 4.176806
 4.098792
 3.759329
 3.848986
 3.508853
 3.646422
 3.558217
 3.695361
 3.717772
 3.455657
 3.602929
 3.955809
 3.894332
 3.787869
 3.928527
 3.281894
 3.502983
 3.505253
 3.685159
 3.556901
 3.880497
 3.600790
 3.290404
 3.263691
 3.030277
 3.231599
 3.028528
 3.092202
 3.113891
 3.354114
 3.019591
 3.348852
 3.431698
 3.489940
 3.254266
 3.601083
 3.747968
 3.634434
 3.979650
 3.725786
 2.957160
 3.258720
 3.303539
 3.390623
 3.062782
 3.651131
 3.828817
 3.812783
 3.604668
 3.793005
 3.860344
 3.415396
 3.409868
 3.464817
 3.365685
 3.694728
 3.495463
 3.361481
 3.592049
 3.522139
 3.505882
 3.379130
 3.364498
 3.536076
 3.412293
 3.397422
 3.479906
 3.284905
 4.092725
 3.952407
 4.021426
 3.154025
 3.341944
 3.465763
 4.273387
 3.968345
 4.166849
 3.999872
 4.156630
 4.151719
 4.096741
 3.985552
 4.186730
 3.768907
 3.879397
 3.165469
 3.042281
 3.060076
 2.924773
 3.094905
 3.004857
 2.968452
 2.913659
 3.455823
 3.198561
 3.674744
 3.478919
 2.950064
 2.862793
 2.630261
 4.319987
 4.506039
 4.267014
 4.427243
 4.375904
 4.365419
 4.665983
 4.594170
 4.623341
 5.200863
 4.666955
 3.853923
 3.644893
 3.346200
 3.468607
 3.592712
 3.282891
 3.607216
 4.044208
 3.913101
 3.994914
 4.040688
 3.503542
 3.659206
 3.270763
 3.372941
 3.666919
 3.244735
 4.633266
 4.516974
 4.541345
 4.847361
 4.526848
 4.607375
 4.749853
 4.704846
 4.374320
 4.771364
 3.838052
 3.806568
 4.686862
 7.609892
 7.284469
 7.584900
 7.180165
 7.049057
 7.242044
 6.814982
 6.806564
 6.731510
 6.139987
 7.082584
 6.908399
 6.666259
 6.914985
 6.790765
 6.980682
 6.739665
 3.116044
 2.886789
 3.122812
 3.102725
 3.007837
 3.098313
 3.122409
 3.190293
 2.845101
 3.297544
 2.995782
 3.258796
 3.410146
 3.652561
 3.686167
 3.979748
 3.808753
 3.945406
 3.577138
 3.455179
 3.425869
 3.673410
 3.657196
 3.802487
 3.418220
 3.531347
 3.980236
 4.313819
 3.877889
 4.234187
 3.827817
 3.910547
 3.555267
 3.667208
 3.672306
 3.364252
 3.283527
 3.482256
 3.727688
 3.591094
 3.438321
 3.491159
 3.608926
 3.443643
 3.402442
 3.430355
 3.128706
 3.409346
 3.528681
 3.674267
 2.950023
 2.772701
 3.025165
 3.090416
 2.965510
 3.282862
 3.456641
 3.608245
 3.371684
 3.590768
 3.193283
 3.056145
 3.235325
 3.225394
 3.423316
 3.865892
 3.592995
 3.610827
 3.104076
 3.470007
 3.136868
 3.437229
 2.970125
 3.020681
 3.281321
 3.141960
 3.267277
 3.290164
 3.160963
 3.311544
 3.246593
 2.988609
 3.680867
 3.526529
 3.698711
 3.612823
 3.748972
 3.657908
 4.026178
 3.670586
 3.566200
 3.450063
 4.015841
 4.030730
 4.179838
 3.903810
 3.991950
 3.421069
 3.306444
 3.568295
 3.502700
 3.495401
 3.408584
 3.431539
 2.897151
 2.811818
 2.752538
 2.936350
 2.920201
 4.472623
 4.416295
 4.419477
 4.445812
 3.571163
 3.994608
 4.138904
 4.431199
 4.464768
 3.994585
 4.676772
 4.757582
 4.287055
 4.479186
 4.255294
 3.764470
 4.017150
 3.725882
 3.986670
 3.921762
 4.018579
 4.006317
 4.332465
 4.446816
 3.563002
 3.533038
 3.687070
 3.793800
 3.839699
 3.730321
 3.876787
 4.327945
 4.061828
 4.003553
 3.302790
 3.332001
 3.915483
 3.308071
 3.424128
 3.368176
 3.591891
 3.694419
 3.583784
 3.664678
 2.933180
 3.053023
 3.173992
 2.966356
 3.054409
 2.949536
 3.352524
 3.162068
 3.216119
 3.212656
 3.131470
 3.090324
 3.088245
 3.236239
 3.462209
 3.361089
 3.530868
 3.429689
 2.764750
 2.891138
 2.953462
 3.001499
 3.106576
 3.138414
 2.557059
 2.702920
 2.790384
 2.989221
 2.593615
 2.814814
 2.897453
 3.026411
 3.032608
 2.805958
 3.132469
 3.310746
 5.833027
 6.372174
 5.669296
 5.653890
 5.702174
 5.263105
 3.605168
 3.586605
 3.551186
 3.490424
 3.426501
 3.889063
 4.017207
 3.773810
 3.868450
 3.765241
 3.432539
 3.326608
 3.396155
 3.414819
 3.316414
 3.292021
 3.620818
 3.228720
 3.556061
 3.558089
 3.422381
 3.546183
 3.525066
 3.504311
 3.461703
 3.264768
 3.536335
 3.489707
 3.700183
 3.336240
 3.812637
 3.320178
 3.674138
 4.199719
 3.718657
 4.013606
 3.914047
 4.007855
 3.932595
 1.057286
 1.105636
 1.020417
 1.011315
 3.779410
 3.649424
 3.594918
 3.644230
 3.788063
 3.394149
 3.365232
 3.701621
 3.254574
 3.572869
 3.663707
 3.307123
 3.097266
 3.045480
 3.245423
 3.145379
 3.070014
 3.307787
 3.855916
 4.101313
 4.007352
 4.243477
 3.796568
 4.110471
 3.308566
 3.732399
 3.790051
 3.752676
 3.920861
 3.830883
 2.820965
 2.919751
 2.810761
 2.976005
 3.865492
 4.277437
 3.817668
 4.278186
 4.449555
 4.618432
 3.994506
 4.042186
 4.353736
 3.924247
 4.032823
 3.853620
 3.850115
 3.647819
 3.596730
 3.913327
 3.797303
 3.524299
 3.001590
 3.351170
 3.170567
 3.451306
 3.073169
 2.818385
 2.774837
 2.845690
 3.404444
 3.344384
 3.450860
 3.339032
 4.455935
 4.468080
 4.754074
 4.491834
 4.635146
 3.834410
 4.135657
 3.986619
 3.752675
 4.292808
 4.506383
 4.289306
 1.842771
 1.687014
 1.832573
 1.665310
 1.628916
 1.717906
 1.733130
 1.751196
 1.651925
 1.624075
 1.914177
 1.864836
 1.904567
 1.887794
 2.027641
 1.922325
 2.104351
 1.942981
 1.817563
 1.760382
 1.718161
 1.922301
 1.727224
 1.873818
 1.791021
 1.742299
 1.796532
 1.694968
 2.319065
 2.469959
 2.541188
 2.319112
 2.054710
 1.829641
 2.313206
 2.259076
 2.442215
 2.278729
 2.644414
 1.965071
 1.861497
 2.186847
 2.002081
 2.239173
 2.324629
 2.206469
 2.228898
 2.123478
 1.833159
 1.788278
 2.089337
 4.424148
 4.147468
 4.029754
 4.255300
 3.746602
 4.400186
 4.089526
 4.172935
 3.874324
 4.059678
 4.165071
 3.973444
 4.104208
 3.855981
 3.541364
 3.515212
 3.574380
 3.521598
 3.100289
 3.080465
 3.203166
 3.402840
 3.309500
 3.180399
 3.057093
 3.061333
 3.475818
 3.376438
 3.594730
 3.475502
 3.597935
 3.646268
 3.920324
 3.068205
 3.179180
 2.977776
 3.014102
 2.721154
 2.987806
 2.875556
 2.967535
 3.093047
 2.772327
 3.314048
 3.394166
 3.517213
 3.363751
 3.173069
 3.509779
 3.647069
 3.717838
 3.708748
 3.081450
 3.412105
 3.116146
 3.267163
 2.998876
 3.004055
 2.899409
 2.776584
 2.804916
 2.772867
 2.909704
 2.914606
 2.803558
 3.014656
 3.120710
 3.020097
 2.702696
 3.195399
 3.342402
 3.775379
 3.583674
 3.390407
 3.837016
 3.714716
 3.687230
 3.629855
 3.714966
 3.591616
 2.759911
 2.888255
 2.944824
 3.097563
 2.649047
 3.141264
 3.311681
 3.374173
 3.360938
 3.133178
 2.816780
 3.060770
 2.886726
 2.560014
 2.354762
 2.600717
 2.546932
 2.562250
 2.590382
 2.642759
 3.147015
 3.087111
 3.118754
 3.025255
 3.325297
 3.354721
 3.759144
 3.191371
 3.335025
 3.342575
 3.348972
 3.403714
 3.456688
 3.256570
 3.513572
 3.603503
 3.634478
 3.086195
 3.188692
 2.831685
 2.924134
 2.963250
 3.067556
 2.836384
 2.926738
 2.907649
 2.777005
 2.893577
 3.105891
 3.092624
 2.931553
 3.049069
 3.072473
 3.161486
 2.197743
 2.495616
 2.607041
 2.820537
 2.753404
 2.777864
 2.819307
 2.649819
 2.918855
 2.986878
 2.827650
 2.666198
 2.601067
 2.566089
 2.765439
 3.158305
 2.981546
 3.183182
 3.003773
 3.119477
 3.629064
 3.168076
 2.487772
 2.600739
 2.474217
 2.461540
 2.549174
 2.701285
 2.563609
 2.580621
 2.718710
 3.437435
 3.206594
 3.337562
 3.505090
 3.636911
 3.659083
 3.802945
 3.724790
 3.654087
 3.910558
 3.829948
 3.727091
 3.168209
 3.546938
 3.470776
 3.458260
 3.114965
 3.205925
 3.635299
 3.482726
 3.793926
 3.489292
 3.392564
 3.745105
 3.437939
 3.512669
 3.436648
 3.399673
 3.537391
 3.193547
 3.141769
 3.412230
 3.563431
 3.565989
 3.222121
 3.207562
 4.514218
 4.652587
 4.483483
 4.594186
 4.391673
 2.155820
 1.836272
 1.888196
 3.196867
 3.243745
 3.222582
 3.217067
 3.183636
 3.268319
 3.304870
 3.226250
 3.064358
 3.414106
 3.422634
 3.083388
 2.886452
 3.097284
 3.782244
 3.718141
 3.210865
 3.355694
 3.326966
 3.636997
 3.937674
 3.545659
 3.719937
 3.640119
 3.446604
 3.895512
 3.574983
 3.342166
 3.645542
 3.605481
 3.787145
 3.992273
 3.795321
 4.250272
 3.521744
 3.337551
 2.755413
 2.771035
 2.139967
 2.211360
 2.401871
 2.490514
 2.084377
 1.973030
 2.105506
 2.034689
 2.189315
 2.169895
 2.829474
 3.038740
 3.040274
 3.122320
 3.149078
 3.242958
 3.150979
 2.962627
 3.250705
 3.564380
 3.541760
 3.379674
 2.765712
 2.701591
 2.839399
 2.560122
 2.826555
 3.036625
 3.168419
 3.130078
 3.344971
 3.369248
 3.235078
 3.446872
 3.221095
 3.340609
 3.395587
 3.311126
 3.132117
 3.187914
 3.035129
 3.068656
 3.144041
 3.288816
 3.084174
 3.428540
 3.164012
 3.449736
 3.238984
 3.074024
 3.026079
 3.217089
 3.396857
 3.368792
 3.644005
 3.369058
 3.460495
 2.909308
 3.190516
 3.131917
 3.068728
 3.122341
 3.347865
 3.477106
 3.299333
 3.042978
 3.122708
 2.920756
 2.895731
 3.090015
 2.649965
 3.022483
 3.218577
 3.115276
 2.871813
 2.772076
 2.872093
 2.955819
 2.832916
 2.636874
 2.610783
 2.498353
 2.695717
 2.837483
 2.734774
 2.829940
 2.978622
 2.897426
 3.059356
 3.351789
 3.216561
 3.299683
 2.587803
 2.568277
 2.664854
 4.126618
 3.412497
 3.519834
 3.734556
 3.851684
 3.815032
 3.937718
 3.905201
 3.975875
 4.365336
 4.361891
 4.441483
 3.834707
 2.536279
 2.389875
 2.459409
 2.625376
 2.443672
 2.600878
 2.702669
 2.740399
 2.785529
 2.732671
 2.462033
 3.284361
 3.497717
 2.992973
 3.379954
 3.406432
 3.273040
 3.319176
 3.436140
 3.268832
 3.078570
 2.879455
 2.997755
 2.953833
 2.993601
 2.888934
 2.827912
 2.767404
 2.630850
 2.780750
 2.702663
 2.932995
 2.832990
 3.059046
 2.963267
 3.096129
 3.083235
 2.938139
 2.928956
 3.190010
 3.166732
 3.195463
 3.071679
 2.796020
 2.917110
 2.904126
 2.740351
 3.153037
 2.999215
 3.156482
 3.329571
 2.971916
 2.859705
 2.596112
 2.859486
 1.971185
 1.903682
 1.858856
 2.105247
 2.137852
 2.087455
 2.071982
 1.940823
 2.110434
 1.963126
 2.321385
 2.113569
 3.091006
 3.002408
 2.793919
 3.719996
 3.741395
 3.568177
 3.321413
 3.302081
 3.328528
 3.421781
 3.228354
 3.326659
 2.952919
 2.724757
 2.944441
 2.920850
 2.870306
 3.225394
 3.087373
 2.887999
 3.450610
 3.465297
 3.617174
 3.109792
 3.097132
 3.223594
 3.337426
 3.153216
 3.130439
 3.332982
 3.051691
 3.341201
 3.344990
 3.096594
 3.228227
 2.955658
 2.924635
 2.950845
 2.847699
 3.159488
 3.163232
 3.333042
 3.216334
 3.141631
 3.516939
 3.277422
 3.110699
 3.097487
 3.915048
 3.889193
 3.764336
 3.608429
 3.611083
 3.752505
 3.930003
 3.708153
 3.792573
 2.762582
 2.402836
 2.575701
 2.605559
 2.492369
 2.481368
 2.569435
 2.705329
 2.729175
 2.609297
 2.567743
 2.607474
 2.665384
 2.544454
 2.627089
 2.392980
 2.731390
 2.624439
 2.538712
 2.608638
 2.449983
 2.591265
 2.189110
 2.670737
 2.714831
 2.588284
 2.633771
 2.929856
 3.095682
 2.976692
 3.135646
 2.788221
 2.490322
 2.450866
 2.339407
 2.536910
 2.388084
