0.9904291
0.9322057
1.0450369
1.0381034
1.0031886
0.9806484
0.9836275
0.9358205
1.0266262
0.9470692
1.0174468
1.0245138
0.9583095
0.9572153
0.9924902
0.9648485
0.9725206
0.9836269
1.0152392
0.9997004
1.0316570
0.9835769
1.0480235
0.9439137
1.0397184
1.0635894
1.0248026
1.0350181
1.0379578
1.0173841
1.0265180
0.9382804
0.9807115
0.9892727
0.9560426
1.0378160
1.0273529
0.9806728
0.9826584
1.0560998
0.9904291
0.9322057
1.0450369
1.0381034
1.0031886
0.9806484
0.9836275
0.9358205
1.0266262
0.9470692
1.0174468
1.0245138
0.9583095
0.9572153
0.9924902
0.9648485
0.9725206
0.9836269
1.0152392
0.9997004
1.0316570
0.9835769
1.0480235
0.9439137
1.0397184
1.0635894
1.0248026
1.0350181
1.0379578
1.0173841
1.0265180
0.9382804
0.9807115
0.9892727
0.9560426
1.0378160
1.0273529
0.9806728
0.9826584
1.0560998
0.9904291
0.9322057
1.0450369
1.0381034
1.0031886
0.9806484
0.9836275
0.9358205
1.0266262
0.9470692
1.0174468
1.0245138
0.9583095
0.9572153
0.9924902
0.9648485
0.9725206
0.9836269
1.0152392
0.9997004
1.0316570
0.9835769
1.0480235
0.9439137
1.0397184
1.0635894
1.0248026
1.0350181
1.0379578
1.0173841
1.0265180
0.9382804
0.9807115
0.9892727
0.9560426
1.0378160
1.0273529
0.9806728
0.9826584
1.0560998
0.9904291
0.9322057
1.0450369
1.0381034
1.0031886
0.9806484
0.9836275
0.9358205
1.0266262
0.9470692
1.0174468
1.0245138
0.9583095
0.9572153
0.9924902
0.9648485
0.9725206
0.9836269
1.0152392
0.9997004
1.0316570
0.9835769
1.0480235
0.9439137
1.0397184
1.0635894
1.0248026
1.0350181
1.0379578
1.0173841
1.0265180
0.9382804
0.9807115
0.9892727
0.9560426
1.0378160
1.0273529
0.9806728
0.9826584
1.0560998
0.9904291
0.9322057
1.0450369
1.0381034
1.0031886
0.9806484
0.9836275
0.9358205
1.0266262
0.9470692
1.0174468
1.0245138
0.9583095
0.9572153
0.9924902
0.9648485
0.9725206
0.9836269
1.0152392
0.9997004
1.0316570
0.9835769
1.0480235
0.9439137
1.0397184
1.0635894
1.0248026
1.0350181
1.0379578
1.0173841
1.0265180
0.9382804
0.9807115
0.9892727
0.9560426
1.0378160
1.0273529
0.9806728
0.9826584
1.0560998
0.9904291
0.9322057
1.0450369
1.0381034
1.0031886
0.9806484
0.9836275
0.9358205
1.0266262
0.9470692
1.0174468
1.0245138
0.9583095
0.9572153
0.9924902
0.9648485
0.9725206
0.9836269
1.0152392
0.9997004
1.0316570
0.9835769
1.0480235
0.9439137
1.0397184
1.0635894
1.0248026
1.0350181
1.0379578
1.0173841
1.0265180
0.9382804
0.9807115
0.9892727
0.9560426
1.0378160
1.0273529
0.9806728
0.9826584
1.0560998
0.9904291
0.9322057
1.0450369
1.0381034
1.0031886
0.9806484
0.9836275
0.9358205
1.0266262
0.9470692
1.0174468
1.0245138
0.9583095
0.9572153
0.9924902
0.9648485
0.9725206
0.9836269
1.0152392
0.9997004
1.0316570
0.9835769
1.0480235
0.9439137
1.0397184
1.0635894
1.0248026
1.0350181
1.0379578
1.0173841
1.0265180
0.9382804
0.9807115
0.9892727
0.9560426
1.0378160
1.0273529
0.9806728
0.9826584
1.0560998
0.9904291
0.9322057
1.0450369
1.0381034
1.0031886
0.9806484
0.9836275
0.9358205
1.0266262
0.9470692
1.0174468
1.0245138
0.9583095
0.9572153
0.9924902
0.9648485
0.9725206
0.9836269
1.0152392
0.9997004
1.0316570
0.9835769
1.0480235
0.9439137
1.0397184
1.0635894
1.0248026
1.0350181
1.0379578
1.0173841
1.0265180
0.9382804
0.9807115
0.9892727
0.9560426
1.0378160
1.0273529
0.9806728
0.9826584
1.0560998
0.9904291
0.9322057
1.0450369
1.0381034
1.0031886
0.9806484
0.9836275
0.9358205
1.0266262
0.9470692
1.0174468
1.0245138
0.9583095
0.9572153
0.9924902
0.9648485
0.9725206
0.9836269
1.0152392
0.9997004
1.0316570
0.9835769
1.0480235
0.9439137
1.0397184
1.0635894
1.0248026
1.0350181
1.0379578
1.0173841
1.0265180
0.9382804
0.9807115
0.9892727
0.9560426
1.0378160
1.0273529
0.9806728
0.9826584
1.0560998
0.9904291
0.9322057
1.0450369
1.0381034
1.0031886
0.9806484
0.9836275
0.9358205
1.0266262
0.9470692
1.0174468
1.0245138
0.9583095
0.9572153
0.9924902
0.9648485
0.9725206
0.9836269
1.0152392
0.9997004
1.0316570
0.9835769
1.0480235
0.9439137
1.0397184
1.0635894
1.0248026
1.0350181
1.0379578
1.0173841
1.0265180
0.9382804
0.9807115
0.9892727
0.9560426
1.0378160
1.0273529
0.9806728
0.9826584
1.0560998
0.9904291
0.9322057
1.0450369
1.0381034
1.0031886
0.9806484
0.9836275
0.9358205
1.0266262
0.9470692
1.0174468
1.0245138
0.9583095
0.9572153
0.9924902
0.9648485
0.9725206
0.9836269
1.0152392
0.9997004
1.0316570
0.9835769
1.0480235
0.9439137
1.0397184
1.0635894
1.0248026
1.0350181
1.0379578
1.0173841
1.0265180
0.9382804
0.9807115
0.9892727
0.9560426
1.0378160
1.0273529
0.9806728
0.9826584
1.0560998
0.9904291
0.9322057
1.0450369
1.0381034
1.0031886
0.9806484
0.9836275
0.9358205
1.0266262
0.9470692
1.0174468
1.0245138
0.9583095
0.9572153
0.9924902
0.9648485
0.9725206
0.9836269
1.0152392
0.9997004
1.0316570
0.9835769
1.0480235
0.9439137
1.0397184
1.0635894
1.0248026
1.0350181
1.0379578
1.0173841
1.0265180
0.9382804
0.9807115
0.9892727
0.9560426
1.0378160
1.0273529
0.9806728
0.9826584
1.0560998
0.9904291
0.9322057
1.0450369
1.0381034
1.0031886
0.9806484
0.9836275
0.9358205
1.0266262
0.9470692
1.0174468
1.0245138
0.9583095
0.9572153
0.9924902
0.9648485
0.9725206
0.9836269
1.0152392
0.9997004
1.0316570
0.9835769
1.0480235
0.9439137
1.0397184
1.0635894
1.0248026
1.0350181
1.0379578
1.0173841
1.0265180
0.9382804
0.9807115
0.9892727
0.9560426
1.0378160
1.0273529
0.9806728
0.9826584
1.0560998
0.9904291
0.9322057
1.0450369
1.0381034
1.0031886
0.9806484
0.9836275
0.9358205
1.0266262
0.9470692
1.0174468
1.0245138
0.9583095
0.9572153
0.9924902
0.9648485
0.9725206
0.9836269
1.0152392
0.9997004
1.0316570
0.9835769
1.0480235
0.9439137
1.0397184
1.0635894
1.0248026
1.0350181
1.0379578
1.0173841
1.0265180
0.9382804
0.9807115
0.9892727
0.9560426
1.0378160
1.0273529
0.9806728
0.9826584
1.0560998
0.9904291
0.9322057
1.0450369
1.0381034
1.0031886
0.9806484
0.9836275
0.9358205
1.0266262
0.9470692
1.0174468
1.0245138
0.9583095
0.9572153
0.9924902
0.9648485
0.9725206
0.9836269
1.0152392
0.9997004
1.0316570
0.9835769
1.0480235
0.9439137
1.0397184
1.0635894
1.0248026
1.0350181
1.0379578
1.0173841
1.0265180
0.9382804
0.9807115
0.9892727
0.9560426
1.0378160
1.0273529
0.9806728
0.9826584
1.0560998
0.9904291
0.9322057
1.0450369
1.0381034
1.0031886
0.9806484
0.9836275
0.9358205
1.0266262
0.9470692
1.0174468
1.0245138
0.9583095
0.9572153
0.9924902
0.9648485
0.9725206
0.9836269
1.0152392
0.9997004
1.0316570
0.9835769
1.0480235
0.9439137
1.0397184
1.0635894
1.0248026
1.0350181
1.0379578
1.0173841
1.0265180
0.9382804
0.9807115
0.9892727
0.9560426
1.0378160
1.0273529
0.9806728
0.9826584
1.0560998
0.9904291
0.9322057
1.0450369
1.0381034
1.0031886
0.9806484
0.9836275
0.9358205
1.0266262
0.9470692
1.0174468
1.0245138
0.9583095
0.9572153
0.9924902
0.9648485
0.9725206
0.9836269
1.0152392
0.9997004
1.0316570
0.9835769
1.0480235
0.9439137
1.0397184
1.0635894
1.0248026
1.0350181
1.0379578
1.0173841
1.0265180
0.9382804
0.9807115
0.9892727
0.9560426
1.0378160
1.0273529
0.9806728
0.9826584
1.0560998
0.9904291
0.9322057
1.0450369
1.0381034
1.0031886
0.9806484
0.9836275
0.9358205
1.0266262
0.9470692
1.0174468
1.0245138
0.9583095
0.9572153
0.9924902
0.9648485
0.9725206
0.9836269
1.0152392
0.9997004
1.0316570
0.9835769
1.0480235
0.9439137
1.0397184
1.0635894
1.0248026
1.0350181
1.0379578
1.0173841
1.0265180
0.9382804
0.9807115
0.9892727
0.9560426
1.0378160
1.0273529
0.9806728
0.9826584
1.0560998
0.9904291
0.9322057
1.0450369
1.0381034
1.0031886
0.9806484
0.9836275
0.9358205
1.0266262
0.9470692
1.0174468
1.0245138
0.9583095
0.9572153
0.9924902
0.9648485
0.9725206
0.9836269
1.0152392
0.9997004
1.0316570
0.9835769
1.0480235
0.9439137
1.0397184
1.0635894
1.0248026
1.0350181
1.0379578
1.0173841
1.0265180
0.9382804
0.9807115
0.9892727
0.9560426
1.0378160
1.0273529
0.9806728
0.9826584
1.0560998
0.9904291
0.9322057
1.0450369
1.0381034
1.0031886
0.9806484
0.9836275
0.9358205
1.0266262
0.9470692
1.0174468
1.0245138
0.9583095
0.9572153
0.9924902
0.9648485
0.9725206
0.9836269
1.0152392
0.9997004
1.0316570
0.9835769
1.0480235
0.9439137
1.0397184
1.0635894
1.0248026
1.0350181
1.0379578
1.0173841
1.0265180
0.9382804
0.9807115
0.9892727
0.9560426
1.0378160
1.0273529
0.9806728
0.9826584
1.0560998
0.9904291
0.9322057
1.0450369
1.0381034
1.0031886
0.9806484
0.9836275
0.9358205
1.0266262
0.9470692
1.0174468
1.0245138
0.9583095
0.9572153
0.9924902
0.9648485
0.9725206
0.9836269
1.0152392
0.9997004
1.0316570
0.9835769
1.0480235
0.9439137
1.0397184
1.0635894
1.0248026
1.0350181
1.0379578
1.0173841
1.0265180
0.9382804
0.9807115
0.9892727
0.9560426
1.0378160
1.0273529
0.9806728
0.9826584
1.0560998
0.9904291
0.9322057
1.0450369
1.0381034
1.0031886
0.9806484
0.9836275
0.9358205
1.0266262
0.9470692
1.0174468
1.0245138
0.9583095
0.9572153
0.9924902
0.9648485
0.9725206
0.9836269
1.0152392
0.9997004
1.0316570
0.9835769
1.0480235
0.9439137
1.0397184
1.0635894
1.0248026
1.0350181
1.0379578
1.0173841
1.0265180
0.9382804
0.9807115
0.9892727
0.9560426
1.0378160
1.0273529
0.9806728
0.9826584
1.0560998
0.9904291
0.9322057
1.0450369
1.0381034
1.0031886
0.9806484
0.9836275
0.9358205
1.0266262
0.9470692
1.0174468
1.0245138
0.9583095
0.9572153
0.9924902
0.9648485
0.9725206
0.9836269
1.0152392
0.9997004
1.0316570
0.9835769
1.0480235
0.9439137
1.0397184
1.0635894
1.0248026
1.0350181
1.0379578
1.0173841
1.0265180
0.9382804
0.9807115
0.9892727
0.9560426
1.0378160
1.0273529
0.9806728
0.9826584
1.0560998
0.9904291
0.9322057
1.0450369
1.0381034
1.0031886
0.9806484
0.9836275
0.9358205
1.0266262
0.9470692
1.0174468
1.0245138
0.9583095
0.9572153
0.9924902
0.9648485
0.9725206
0.9836269
1.0152392
0.9997004
1.0316570
0.9835769
1.0480235
0.9439137
1.0397184
1.0635894
1.0248026
1.0350181
1.0379578
1.0173841
1.0265180
0.9382804
0.9807115
0.9892727
0.9560426
1.0378160
1.0273529
0.9806728
0.9826584
1.0560998
0.9904291
0.9322057
1.0450369
1.0381034
1.0031886
0.9806484
0.9836275
0.9358205
1.0266262
0.9470692
1.0174468
1.0245138
0.9583095
0.9572153
0.9924902
0.9648485
0.9725206
0.9836269
1.0152392
0.9997004
1.0316570
0.9835769
1.0480235
0.9439137
1.0397184
1.0635894
1.0248026
1.0350181
1.0379578
1.0173841
1.0265180
0.9382804
0.9807115
0.9892727
0.9560426
1.0378160
1.0273529
0.9806728
0.9826584
1.0560998
0.9904291
0.9322057
1.0450369
1.0381034
1.0031886
0.9806484
0.9836275
0.9358205
1.0266262
0.9470692
1.0174468
1.0245138
0.9583095
0.9572153
0.9924902
0.9648485
0.9725206
0.9836269
1.0152392
0.9997004
1.0316570
0.9835769
1.0480235
0.9439137
1.0397184
1.0635894
1.0248026
1.0350181
1.0379578
1.0173841
1.0265180
0.9382804
0.9807115
0.9892727
0.9560426
1.0378160
1.0273529
0.9806728
0.9826584
1.0560998
0.9904291
0.9322057
1.0450369
1.0381034
1.0031886
0.9806484
0.9836275
0.9358205
1.0266262
0.9470692
1.0174468
1.0245138
0.9583095
0.9572153
0.9924902
0.9648485
0.9725206
0.9836269
1.0152392
0.9997004
1.0316570
0.9835769
1.0480235
0.9439137
1.0397184
1.0635894
1.0248026
1.0350181
1.0379578
1.0173841
1.0265180
0.9382804
0.9807115
0.9892727
0.9560426
1.0378160
1.0273529
0.9806728
0.9826584
1.0560998
0.9904291
0.9322057
1.0450369
1.0381034
1.0031886
0.9806484
0.9836275
0.9358205
1.0266262
0.9470692
1.0174468
1.0245138
0.9583095
0.9572153
0.9924902
0.9648485
0.9725206
0.9836269
1.0152392
0.9997004
1.0316570
0.9835769
1.0480235
0.9439137
1.0397184
1.0635894
1.0248026
1.0350181
1.0379578
1.0173841
1.0265180
0.9382804
0.9807115
0.9892727
0.9560426
1.0378160
1.0273529
0.9806728
0.9826584
1.0560998
0.9904291
0.9322057
1.0450369
1.0381034
1.0031886
0.9806484
0.9836275
0.9358205
1.0266262
0.9470692
1.0174468
1.0245138
0.9583095
0.9572153
0.9924902
0.9648485
0.9725206
0.9836269
1.0152392
0.9997004
1.0316570
0.9835769
1.0480235
0.9439137
1.0397184
1.0635894
1.0248026
1.0350181
1.0379578
1.0173841
1.0265180
0.9382804
0.9807115
0.9892727
0.9560426
1.0378160
1.0273529
0.9806728
0.9826584
1.0560998
0.9904291
0.9322057
1.0450369
1.0381034
1.0031886
0.9806484
0.9836275
0.9358205
1.0266262
0.9470692
1.0174468
1.0245138
0.9583095
0.9572153
0.9924902
0.9648485
0.9725206
0.9836269
1.0152392
0.9997004
1.0316570
0.9835769
1.0480235
0.9439137
1.0397184
1.0635894
1.0248026
1.0350181
1.0379578
1.0173841
1.0265180
0.9382804
0.9807115
0.9892727
0.9560426
1.0378160
1.0273529
0.9806728
0.9826584
1.0560998
0.9904291
0.9322057
1.0450369
1.0381034
1.0031886
0.9806484
0.9836275
0.9358205
1.0266262
0.9470692
1.0174468
1.0245138
0.9583095
0.9572153
0.9924902
0.9648485
0.9725206
0.9836269
1.0152392
0.9997004
1.0316570
0.9835769
1.0480235
0.9439137
1.0397184
1.0635894
1.0248026
1.0350181
1.0379578
1.0173841
1.0265180
0.9382804
0.9807115
0.9892727
0.9560426
1.0378160
1.0273529
0.9806728
0.9826584
1.0560998
0.9904291
0.9322057
1.0450369
1.0381034
1.0031886
0.9806484
0.9836275
0.9358205
1.0266262
0.9470692
1.0174468
1.0245138
0.9583095
0.9572153
0.9924902
0.9648485
0.9725206
0.9836269
1.0152392
0.9997004
1.0316570
0.9835769
1.0480235
0.9439137
1.0397184
1.0635894
1.0248026
1.0350181
1.0379578
1.0173841
1.0265180
0.9382804
0.9807115
0.9892727
0.9560426
1.0378160
1.0273529
0.9806728
0.9826584
1.0560998
0.9904291
0.9322057
1.0450369
1.0381034
1.0031886
0.9806484
0.9836275
0.9358205
1.0266262
0.9470692
1.0174468
1.0245138
0.9583095
0.9572153
0.9924902
0.9648485
0.9725206
0.9836269
1.0152392
0.9997004
1.0316570
0.9835769
1.0480235
0.9439137
1.0397184
1.0635894
1.0248026
1.0350181
1.0379578
1.0173841
1.0265180
0.9382804
0.9807115
0.9892727
0.9560426
1.0378160
1.0273529
0.9806728
0.9826584
1.0560998
0.9904291
0.9322057
1.0450369
1.0381034
1.0031886
0.9806484
0.9836275
0.9358205
1.0266262
0.9470692
1.0174468
1.0245138
0.9583095
0.9572153
0.9924902
0.9648485
0.9725206
0.9836269
1.0152392
0.9997004
1.0316570
0.9835769
1.0480235
0.9439137
1.0397184
1.0635894
1.0248026
1.0350181
1.0379578
1.0173841
1.0265180
0.9382804
0.9807115
0.9892727
0.9560426
1.0378160
1.0273529
0.9806728
0.9826584
1.0560998
0.9904291
0.9322057
1.0450369
1.0381034
1.0031886
0.9806484
0.9836275
0.9358205
1.0266262
0.9470692
1.0174468
1.0245138
0.9583095
0.9572153
0.9924902
0.9648485
0.9725206
0.9836269
1.0152392
0.9997004
1.0316570
0.9835769
1.0480235
0.9439137
1.0397184
1.0635894
1.0248026
1.0350181
1.0379578
1.0173841
1.0265180
0.9382804
0.9807115
0.9892727
0.9560426
1.0378160
1.0273529
0.9806728
0.9826584
1.0560998
0.9904291
0.9322057
1.0450369
1.0381034
1.0031886
0.9806484
0.9836275
0.9358205
1.0266262
0.9470692
1.0174468
1.0245138
0.9583095
0.9572153
0.9924902
0.9648485
0.9725206
0.9836269
1.0152392
0.9997004
1.0316570
0.9835769
1.0480235
0.9439137
1.0397184
1.0635894
1.0248026
1.0350181
1.0379578
1.0173841
1.0265180
0.9382804
0.9807115
0.9892727
0.9560426
1.0378160
1.0273529
0.9806728
0.9826584
1.0560998
0.9904291
0.9322057
1.0450369
1.0381034
1.0031886
0.9806484
0.9836275
0.9358205
1.0266262
0.9470692
1.0174468
1.0245138
0.9583095
0.9572153
0.9924902
0.9648485
0.9725206
0.9836269
1.0152392
0.9997004
1.0316570
0.9835769
1.0480235
0.9439137
1.0397184
1.0635894
1.0248026
1.0350181
1.0379578
1.0173841
1.0265180
0.9382804
0.9807115
0.9892727
0.9560426
1.0378160
1.0273529
0.9806728
0.9826584
1.0560998
0.9904291
0.9322057
1.0450369
1.0381034
1.0031886
0.9806484
0.9836275
0.9358205
1.0266262
0.9470692
1.0174468
1.0245138
0.9583095
0.9572153
0.9924902
0.9648485
0.9725206
0.9836269
1.0152392
0.9997004
1.0316570
0.9835769
1.0480235
0.9439137
1.0397184
1.0635894
1.0248026
1.0350181
1.0379578
1.0173841
1.0265180
0.9382804
0.9807115
0.9892727
0.9560426
1.0378160
1.0273529
0.9806728
0.9826584
1.0560998
0.9904291
0.9322057
1.0450369
1.0381034
1.0031886
0.9806484
0.9836275
0.9358205
1.0266262
0.9470692
1.0174468
1.0245138
0.9583095
0.9572153
0.9924902
0.9648485
0.9725206
0.9836269
1.0152392
0.9997004
1.0316570
0.9835769
1.0480235
0.9439137
1.0397184
1.0635894
1.0248026
1.0350181
1.0379578
1.0173841
1.0265180
0.9382804
0.9807115
0.9892727
0.9560426
1.0378160
1.0273529
0.9806728
0.9826584
1.0560998
0.9904291
0.9322057
1.0450369
1.0381034
1.0031886
0.9806484
0.9836275
0.9358205
1.0266262
0.9470692
1.0174468
1.0245138
0.9583095
0.9572153
0.9924902
0.9648485
0.9725206
0.9836269
1.0152392
0.9997004
1.0316570
0.9835769
1.0480235
0.9439137
1.0397184
1.0635894
1.0248026
1.0350181
1.0379578
1.0173841
1.0265180
0.9382804
0.9807115
0.9892727
0.9560426
1.0378160
1.0273529
0.9806728
0.9826584
1.0560998
0.9904291
0.9322057
1.0450369
1.0381034
1.0031886
0.9806484
0.9836275
0.9358205
1.0266262
0.9470692
1.0174468
1.0245138
0.9583095
0.9572153
0.9924902
0.9648485
0.9725206
0.9836269
1.0152392
0.9997004
1.0316570
0.9835769
1.0480235
0.9439137
1.0397184
1.0635894
1.0248026
1.0350181
1.0379578
1.0173841
1.0265180
0.9382804
0.9807115
0.9892727
0.9560426
1.0378160
1.0273529
0.9806728
0.9826584
1.0560998
0.9904291
0.9322057
1.0450369
1.0381034
1.0031886
0.9806484
0.9836275
0.9358205
1.0266262
0.9470692
1.0174468
1.0245138
0.9583095
0.9572153
0.9924902
0.9648485
0.9725206
0.9836269
1.0152392
0.9997004
1.0316570
0.9835769
1.0480235
0.9439137
1.0397184
1.0635894
1.0248026
1.0350181
1.0379578
1.0173841
1.0265180
0.9382804
0.9807115
0.9892727
0.9560426
1.0378160
1.0273529
0.9806728
0.9826584
1.0560998
0.9904291
0.9322057
1.0450369
1.0381034
1.0031886
0.9806484
0.9836275
0.9358205
1.0266262
0.9470692
1.0174468
1.0245138
0.9583095
0.9572153
0.9924902
0.9648485
0.9725206
0.9836269
1.0152392
0.9997004
1.0316570
0.9835769
1.0480235
0.9439137
1.0397184
1.0635894
1.0248026
1.0350181
1.0379578
1.0173841
1.0265180
0.9382804
0.9807115
0.9892727
0.9560426
1.0378160
1.0273529
0.9806728
0.9826584
1.0560998
0.9904291
0.9322057
1.0450369
1.0381034
1.0031886
0.9806484
0.9836275
0.9358205
1.0266262
0.9470692
1.0174468
1.0245138
0.9583095
0.9572153
0.9924902
0.9648485
0.9725206
0.9836269
1.0152392
0.9997004
1.0316570
0.9835769
1.0480235
0.9439137
1.0397184
1.0635894
1.0248026
1.0350181
1.0379578
1.0173841
1.0265180
0.9382804
0.9807115
0.9892727
0.9560426
1.0378160
1.0273529
0.9806728
0.9826584
1.0560998
0.9904291
0.9322057
1.0450369
1.0381034
1.0031886
0.9806484
0.9836275
0.9358205
1.0266262
0.9470692
1.0174468
1.0245138
0.9583095
0.9572153
0.9924902
0.9648485
0.9725206
0.9836269
1.0152392
0.9997004
1.0316570
0.9835769
1.0480235
0.9439137
1.0397184
1.0635894
1.0248026
1.0350181
1.0379578
1.0173841
1.0265180
0.9382804
0.9807115
0.9892727
0.9560426
1.0378160
1.0273529
0.9806728
0.9826584
1.0560998
0.9904291
0.9322057
1.0450369
1.0381034
1.0031886
0.9806484
0.9836275
0.9358205
1.0266262
0.9470692
1.0174468
1.0245138
0.9583095
0.9572153
0.9924902
0.9648485
0.9725206
0.9836269
1.0152392
0.9997004
1.0316570
0.9835769
1.0480235
0.9439137
1.0397184
1.0635894
1.0248026
1.0350181
1.0379578
1.0173841
1.0265180
0.9382804
0.9807115
0.9892727
0.9560426
1.0378160
1.0273529
0.9806728
0.9826584
1.0560998
0.9904291
0.9322057
1.0450369
1.0381034
1.0031886
0.9806484
0.9836275
0.9358205
1.0266262
0.9470692
1.0174468
1.0245138
0.9583095
0.9572153
0.9924902
0.9648485
0.9725206
0.9836269
1.0152392
0.9997004
1.0316570
0.9835769
1.0480235
0.9439137
1.0397184
1.0635894
1.0248026
1.0350181
1.0379578
1.0173841
1.0265180
0.9382804
0.9807115
0.9892727
0.9560426
1.0378160
1.0273529
0.9806728
0.9826584
1.0560998
0.9904291
0.9322057
1.0450369
1.0381034
1.0031886
0.9806484
0.9836275
0.9358205
1.0266262
0.9470692
1.0174468
1.0245138
0.9583095
0.9572153
0.9924902
0.9648485
0.9725206
0.9836269
1.0152392
0.9997004
1.0316570
0.9835769
1.0480235
0.9439137
1.0397184
1.0635894
1.0248026
1.0350181
1.0379578
1.0173841
1.0265180
0.9382804
0.9807115
0.9892727
0.9560426
1.0378160
1.0273529
0.9806728
0.9826584
1.0560998
0.9904291
0.9322057
1.0450369
1.0381034
1.0031886
0.9806484
0.9836275
0.9358205
1.0266262
0.9470692
1.0174468
1.0245138
0.9583095
0.9572153
0.9924902
0.9648485
0.9725206
0.9836269
1.0152392
0.9997004
1.0316570
0.9835769
1.0480235
0.9439137
1.0397184
1.0635894
1.0248026
1.0350181
1.0379578
1.0173841
1.0265180
0.9382804
0.9807115
0.9892727
0.9560426
1.0378160
1.0273529
0.9806728
0.9826584
1.0560998
0.9904291
0.9322057
1.0450369
1.0381034
1.0031886
0.9806484
0.9836275
0.9358205
1.0266262
0.9470692
1.0174468
1.0245138
0.9583095
0.9572153
0.9924902
0.9648485
0.9725206
0.9836269
1.0152392
0.9997004
1.0316570
0.9835769
1.0480235
0.9439137
1.0397184
1.0635894
1.0248026
1.0350181
1.0379578
1.0173841
1.0265180
0.9382804
0.9807115
0.9892727
0.9560426
1.0378160
1.0273529
0.9806728
0.9826584
1.0560998
