0.4660134
0.4919336
0.4838135
0.4953936
0.4990557
0.5106555
0.5152931
0.5105787
0.5290556
0.4798763
0.5122032
0.4651052
0.5348384
0.4939636
0.4942084
0.5164135
0.5179455
0.4624542
0.5074692
0.5149980
0.5283336
0.5151797
0.4718888
0.4926816
0.4612039
0.4781292
0.5384842
0.4589053
0.4685246
0.4752272
0.5274815
0.5047441
0.5268297
0.5243501
0.5165021
0.4796462
0.5267441
0.5062202
0.4822318
0.5069827
0.4660134
0.4919336
0.4838135
0.4953936
0.4990557
0.5106555
0.5152931
0.5105787
0.5290556
0.4798763
0.5122032
0.4651052
0.5348384
0.4939636
0.4942084
0.5164135
0.5179455
0.4624542
0.5074692
0.5149980
0.5283336
0.5151797
0.4718888
0.4926816
0.4612039
0.4781292
0.5384842
0.4589053
0.4685246
0.4752272
0.5274815
0.5047441
0.5268297
0.5243501
0.5165021
0.4796462
0.5267441
0.5062202
0.4822318
0.5069827
0.4660134
0.4919336
0.4838135
0.4953936
0.4990557
0.5106555
0.5152931
0.5105787
0.5290556
0.4798763
0.5122032
0.4651052
0.5348384
0.4939636
0.4942084
0.5164135
0.5179455
0.4624542
0.5074692
0.5149980
0.5283336
0.5151797
0.4718888
0.4926816
0.4612039
0.4781292
0.5384842
0.4589053
0.4685246
0.4752272
0.5274815
0.5047441
0.5268297
0.5243501
0.5165021
0.4796462
0.5267441
0.5062202
0.4822318
0.5069827
0.4660134
0.4919336
0.4838135
0.4953936
0.4990557
0.5106555
0.5152931
0.5105787
0.5290556
0.4798763
0.5122032
0.4651052
0.5348384
0.4939636
0.4942084
0.5164135
0.5179455
0.4624542
0.5074692
0.5149980
0.5283336
0.5151797
0.4718888
0.4926816
0.4612039
0.4781292
0.5384842
0.4589053
0.4685246
0.4752272
0.5274815
0.5047441
0.5268297
0.5243501
0.5165021
0.4796462
0.5267441
0.5062202
0.4822318
0.5069827
0.4660134
0.4919336
0.4838135
0.4953936
0.4990557
0.5106555
0.5152931
0.5105787
0.5290556
0.4798763
0.5122032
0.4651052
0.5348384
0.4939636
0.4942084
0.5164135
0.5179455
0.4624542
0.5074692
0.5149980
0.5283336
0.5151797
0.4718888
0.4926816
0.4612039
0.4781292
0.5384842
0.4589053
0.4685246
0.4752272
0.5274815
0.5047441
0.5268297
0.5243501
0.5165021
0.4796462
0.5267441
0.5062202
0.4822318
0.5069827
0.4660134
0.4919336
0.4838135
0.4953936
0.4990557
0.5106555
0.5152931
0.5105787
0.5290556
0.4798763
0.5122032
0.4651052
0.5348384
0.4939636
0.4942084
0.5164135
0.5179455
0.4624542
0.5074692
0.5149980
0.5283336
0.5151797
0.4718888
0.4926816
0.4612039
0.4781292
0.5384842
0.4589053
0.4685246
0.4752272
0.5274815
0.5047441
0.5268297
0.5243501
0.5165021
0.4796462
0.5267441
0.5062202
0.4822318
0.5069827
0.4660134
0.4919336
0.4838135
0.4953936
0.4990557
0.5106555
0.5152931
0.5105787
0.5290556
0.4798763
0.5122032
0.4651052
0.5348384
0.4939636
0.4942084
0.5164135
0.5179455
0.4624542
0.5074692
0.5149980
0.5283336
0.5151797
0.4718888
0.4926816
0.4612039
0.4781292
0.5384842
0.4589053
0.4685246
0.4752272
0.5274815
0.5047441
0.5268297
0.5243501
0.5165021
0.4796462
0.5267441
0.5062202
0.4822318
0.5069827
0.4660134
0.4919336
0.4838135
0.4953936
0.4990557
0.5106555
0.5152931
0.5105787
0.5290556
0.4798763
0.5122032
0.4651052
0.5348384
0.4939636
0.4942084
0.5164135
0.5179455
0.4624542
0.5074692
0.5149980
0.5283336
0.5151797
0.4718888
0.4926816
0.4612039
0.4781292
0.5384842
0.4589053
0.4685246
0.4752272
0.5274815
0.5047441
0.5268297
0.5243501
0.5165021
0.4796462
0.5267441
0.5062202
0.4822318
0.5069827
0.4660134
0.4919336
0.4838135
0.4953936
0.4990557
0.5106555
0.5152931
0.5105787
0.5290556
0.4798763
0.5122032
0.4651052
0.5348384
0.4939636
0.4942084
0.5164135
0.5179455
0.4624542
0.5074692
0.5149980
0.5283336
0.5151797
0.4718888
0.4926816
0.4612039
0.4781292
0.5384842
0.4589053
0.4685246
0.4752272
0.5274815
0.5047441
0.5268297
0.5243501
0.5165021
0.4796462
0.5267441
0.5062202
0.4822318
0.5069827
0.4660134
0.4919336
0.4838135
0.4953936
0.4990557
0.5106555
0.5152931
0.5105787
0.5290556
0.4798763
0.5122032
0.4651052
0.5348384
0.4939636
0.4942084
0.5164135
0.5179455
0.4624542
0.5074692
0.5149980
0.5283336
0.5151797
0.4718888
0.4926816
0.4612039
0.4781292
0.5384842
0.4589053
0.4685246
0.4752272
0.5274815
0.5047441
0.5268297
0.5243501
0.5165021
0.4796462
0.5267441
0.5062202
0.4822318
0.5069827
0.4660134
0.4919336
0.4838135
0.4953936
0.4990557
0.5106555
0.5152931
0.5105787
0.5290556
0.4798763
0.5122032
0.4651052
0.5348384
0.4939636
0.4942084
0.5164135
0.5179455
0.4624542
0.5074692
0.5149980
0.5283336
0.5151797
0.4718888
0.4926816
0.4612039
0.4781292
0.5384842
0.4589053
0.4685246
0.4752272
0.5274815
0.5047441
0.5268297
0.5243501
0.5165021
0.4796462
0.5267441
0.5062202
0.4822318
0.5069827
0.4660134
0.4919336
0.4838135
0.4953936
0.4990557
0.5106555
0.5152931
0.5105787
0.5290556
0.4798763
0.5122032
0.4651052
0.5348384
0.4939636
0.4942084
0.5164135
0.5179455
0.4624542
0.5074692
0.5149980
0.5283336
0.5151797
0.4718888
0.4926816
0.4612039
0.4781292
0.5384842
0.4589053
0.4685246
0.4752272
0.5274815
0.5047441
0.5268297
0.5243501
0.5165021
0.4796462
0.5267441
0.5062202
0.4822318
0.5069827
0.4660134
0.4919336
0.4838135
0.4953936
0.4990557
0.5106555
0.5152931
0.5105787
0.5290556
0.4798763
0.5122032
0.4651052
0.5348384
0.4939636
0.4942084
0.5164135
0.5179455
0.4624542
0.5074692
0.5149980
0.5283336
0.5151797
0.4718888
0.4926816
0.4612039
0.4781292
0.5384842
0.4589053
0.4685246
0.4752272
0.5274815
0.5047441
0.5268297
0.5243501
0.5165021
0.4796462
0.5267441
0.5062202
0.4822318
0.5069827
0.4660134
0.4919336
0.4838135
0.4953936
0.4990557
0.5106555
0.5152931
0.5105787
0.5290556
0.4798763
0.5122032
0.4651052
0.5348384
0.4939636
0.4942084
0.5164135
0.5179455
0.4624542
0.5074692
0.5149980
0.5283336
0.5151797
0.4718888
0.4926816
0.4612039
0.4781292
0.5384842
0.4589053
0.4685246
0.4752272
0.5274815
0.5047441
0.5268297
0.5243501
0.5165021
0.4796462
0.5267441
0.5062202
0.4822318
0.5069827
0.4660134
0.4919336
0.4838135
0.4953936
0.4990557
0.5106555
0.5152931
0.5105787
0.5290556
0.4798763
0.5122032
0.4651052
0.5348384
0.4939636
0.4942084
0.5164135
0.5179455
0.4624542
0.5074692
0.5149980
0.5283336
0.5151797
0.4718888
0.4926816
0.4612039
0.4781292
0.5384842
0.4589053
0.4685246
0.4752272
0.5274815
0.5047441
0.5268297
0.5243501
0.5165021
0.4796462
0.5267441
0.5062202
0.4822318
0.5069827
0.4660134
0.4919336
0.4838135
0.4953936
0.4990557
0.5106555
0.5152931
0.5105787
0.5290556
0.4798763
0.5122032
0.4651052
0.5348384
0.4939636
0.4942084
0.5164135
0.5179455
0.4624542
0.5074692
0.5149980
0.5283336
0.5151797
0.4718888
0.4926816
0.4612039
0.4781292
0.5384842
0.4589053
0.4685246
0.4752272
0.5274815
0.5047441
0.5268297
0.5243501
0.5165021
0.4796462
0.5267441
0.5062202
0.4822318
0.5069827
0.4660134
0.4919336
0.4838135
0.4953936
0.4990557
0.5106555
0.5152931
0.5105787
0.5290556
0.4798763
0.5122032
0.4651052
0.5348384
0.4939636
0.4942084
0.5164135
0.5179455
0.4624542
0.5074692
0.5149980
0.5283336
0.5151797
0.4718888
0.4926816
0.4612039
0.4781292
0.5384842
0.4589053
0.4685246
0.4752272
0.5274815
0.5047441
0.5268297
0.5243501
0.5165021
0.4796462
0.5267441
0.5062202
0.4822318
0.5069827
0.4660134
0.4919336
0.4838135
0.4953936
0.4990557
0.5106555
0.5152931
0.5105787
0.5290556
0.4798763
0.5122032
0.4651052
0.5348384
0.4939636
0.4942084
0.5164135
0.5179455
0.4624542
0.5074692
0.5149980
0.5283336
0.5151797
0.4718888
0.4926816
0.4612039
0.4781292
0.5384842
0.4589053
0.4685246
0.4752272
0.5274815
0.5047441
0.5268297
0.5243501
0.5165021
0.4796462
0.5267441
0.5062202
0.4822318
0.5069827
0.4660134
0.4919336
0.4838135
0.4953936
0.4990557
0.5106555
0.5152931
0.5105787
0.5290556
0.4798763
0.5122032
0.4651052
0.5348384
0.4939636
0.4942084
0.5164135
0.5179455
0.4624542
0.5074692
0.5149980
0.5283336
0.5151797
0.4718888
0.4926816
0.4612039
0.4781292
0.5384842
0.4589053
0.4685246
0.4752272
0.5274815
0.5047441
0.5268297
0.5243501
0.5165021
0.4796462
0.5267441
0.5062202
0.4822318
0.5069827
0.4660134
0.4919336
0.4838135
0.4953936
0.4990557
0.5106555
0.5152931
0.5105787
0.5290556
0.4798763
0.5122032
0.4651052
0.5348384
0.4939636
0.4942084
0.5164135
0.5179455
0.4624542
0.5074692
0.5149980
0.5283336
0.5151797
0.4718888
0.4926816
0.4612039
0.4781292
0.5384842
0.4589053
0.4685246
0.4752272
0.5274815
0.5047441
0.5268297
0.5243501
0.5165021
0.4796462
0.5267441
0.5062202
0.4822318
0.5069827
0.4660134
0.4919336
0.4838135
0.4953936
0.4990557
0.5106555
0.5152931
0.5105787
0.5290556
0.4798763
0.5122032
0.4651052
0.5348384
0.4939636
0.4942084
0.5164135
0.5179455
0.4624542
0.5074692
0.5149980
0.5283336
0.5151797
0.4718888
0.4926816
0.4612039
0.4781292
0.5384842
0.4589053
0.4685246
0.4752272
0.5274815
0.5047441
0.5268297
0.5243501
0.5165021
0.4796462
0.5267441
0.5062202
0.4822318
0.5069827
0.4660134
0.4919336
0.4838135
0.4953936
0.4990557
0.5106555
0.5152931
0.5105787
0.5290556
0.4798763
0.5122032
0.4651052
0.5348384
0.4939636
0.4942084
0.5164135
0.5179455
0.4624542
0.5074692
0.5149980
0.5283336
0.5151797
0.4718888
0.4926816
0.4612039
0.4781292
0.5384842
0.4589053
0.4685246
0.4752272
0.5274815
0.5047441
0.5268297
0.5243501
0.5165021
0.4796462
0.5267441
0.5062202
0.4822318
0.5069827
0.4660134
0.4919336
0.4838135
0.4953936
0.4990557
0.5106555
0.5152931
0.5105787
0.5290556
0.4798763
0.5122032
0.4651052
0.5348384
0.4939636
0.4942084
0.5164135
0.5179455
0.4624542
0.5074692
0.5149980
0.5283336
0.5151797
0.4718888
0.4926816
0.4612039
0.4781292
0.5384842
0.4589053
0.4685246
0.4752272
0.5274815
0.5047441
0.5268297
0.5243501
0.5165021
0.4796462
0.5267441
0.5062202
0.4822318
0.5069827
0.4660134
0.4919336
0.4838135
0.4953936
0.4990557
0.5106555
0.5152931
0.5105787
0.5290556
0.4798763
0.5122032
0.4651052
0.5348384
0.4939636
0.4942084
0.5164135
0.5179455
0.4624542
0.5074692
0.5149980
0.5283336
0.5151797
0.4718888
0.4926816
0.4612039
0.4781292
0.5384842
0.4589053
0.4685246
0.4752272
0.5274815
0.5047441
0.5268297
0.5243501
0.5165021
0.4796462
0.5267441
0.5062202
0.4822318
0.5069827
0.4660134
0.4919336
0.4838135
0.4953936
0.4990557
0.5106555
0.5152931
0.5105787
0.5290556
0.4798763
0.5122032
0.4651052
0.5348384
0.4939636
0.4942084
0.5164135
0.5179455
0.4624542
0.5074692
0.5149980
0.5283336
0.5151797
0.4718888
0.4926816
0.4612039
0.4781292
0.5384842
0.4589053
0.4685246
0.4752272
0.5274815
0.5047441
0.5268297
0.5243501
0.5165021
0.4796462
0.5267441
0.5062202
0.4822318
0.5069827
0.4660134
0.4919336
0.4838135
0.4953936
0.4990557
0.5106555
0.5152931
0.5105787
0.5290556
0.4798763
0.5122032
0.4651052
0.5348384
0.4939636
0.4942084
0.5164135
0.5179455
0.4624542
0.5074692
0.5149980
0.5283336
0.5151797
0.4718888
0.4926816
0.4612039
0.4781292
0.5384842
0.4589053
0.4685246
0.4752272
0.5274815
0.5047441
0.5268297
0.5243501
0.5165021
0.4796462
0.5267441
0.5062202
0.4822318
0.5069827
0.4660134
0.4919336
0.4838135
0.4953936
0.4990557
0.5106555
0.5152931
0.5105787
0.5290556
0.4798763
0.5122032
0.4651052
0.5348384
0.4939636
0.4942084
0.5164135
0.5179455
0.4624542
0.5074692
0.5149980
0.5283336
0.5151797
0.4718888
0.4926816
0.4612039
0.4781292
0.5384842
0.4589053
0.4685246
0.4752272
0.5274815
0.5047441
0.5268297
0.5243501
0.5165021
0.4796462
0.5267441
0.5062202
0.4822318
0.5069827
0.4660134
0.4919336
0.4838135
0.4953936
0.4990557
0.5106555
0.5152931
0.5105787
0.5290556
0.4798763
0.5122032
0.4651052
0.5348384
0.4939636
0.4942084
0.5164135
0.5179455
0.4624542
0.5074692
0.5149980
0.5283336
0.5151797
0.4718888
0.4926816
0.4612039
0.4781292
0.5384842
0.4589053
0.4685246
0.4752272
0.5274815
0.5047441
0.5268297
0.5243501
0.5165021
0.4796462
0.5267441
0.5062202
0.4822318
0.5069827
0.4660134
0.4919336
0.4838135
0.4953936
0.4990557
0.5106555
0.5152931
0.5105787
0.5290556
0.4798763
0.5122032
0.4651052
0.5348384
0.4939636
0.4942084
0.5164135
0.5179455
0.4624542
0.5074692
0.5149980
0.5283336
0.5151797
0.4718888
0.4926816
0.4612039
0.4781292
0.5384842
0.4589053
0.4685246
0.4752272
0.5274815
0.5047441
0.5268297
0.5243501
0.5165021
0.4796462
0.5267441
0.5062202
0.4822318
0.5069827
0.4660134
0.4919336
0.4838135
0.4953936
0.4990557
0.5106555
0.5152931
0.5105787
0.5290556
0.4798763
0.5122032
0.4651052
0.5348384
0.4939636
0.4942084
0.5164135
0.5179455
0.4624542
0.5074692
0.5149980
0.5283336
0.5151797
0.4718888
0.4926816
0.4612039
0.4781292
0.5384842
0.4589053
0.4685246
0.4752272
0.5274815
0.5047441
0.5268297
0.5243501
0.5165021
0.4796462
0.5267441
0.5062202
0.4822318
0.5069827
0.4660134
0.4919336
0.4838135
0.4953936
0.4990557
0.5106555
0.5152931
0.5105787
0.5290556
0.4798763
0.5122032
0.4651052
0.5348384
0.4939636
0.4942084
0.5164135
0.5179455
0.4624542
0.5074692
0.5149980
0.5283336
0.5151797
0.4718888
0.4926816
0.4612039
0.4781292
0.5384842
0.4589053
0.4685246
0.4752272
0.5274815
0.5047441
0.5268297
0.5243501
0.5165021
0.4796462
0.5267441
0.5062202
0.4822318
0.5069827
0.4660134
0.4919336
0.4838135
0.4953936
0.4990557
0.5106555
0.5152931
0.5105787
0.5290556
0.4798763
0.5122032
0.4651052
0.5348384
0.4939636
0.4942084
0.5164135
0.5179455
0.4624542
0.5074692
0.5149980
0.5283336
0.5151797
0.4718888
0.4926816
0.4612039
0.4781292
0.5384842
0.4589053
0.4685246
0.4752272
0.5274815
0.5047441
0.5268297
0.5243501
0.5165021
0.4796462
0.5267441
0.5062202
0.4822318
0.5069827
0.4660134
0.4919336
0.4838135
0.4953936
0.4990557
0.5106555
0.5152931
0.5105787
0.5290556
0.4798763
0.5122032
0.4651052
0.5348384
0.4939636
0.4942084
0.5164135
0.5179455
0.4624542
0.5074692
0.5149980
0.5283336
0.5151797
0.4718888
0.4926816
0.4612039
0.4781292
0.5384842
0.4589053
0.4685246
0.4752272
0.5274815
0.5047441
0.5268297
0.5243501
0.5165021
0.4796462
0.5267441
0.5062202
0.4822318
0.5069827
0.4660134
0.4919336
0.4838135
0.4953936
0.4990557
0.5106555
0.5152931
0.5105787
0.5290556
0.4798763
0.5122032
0.4651052
0.5348384
0.4939636
0.4942084
0.5164135
0.5179455
0.4624542
0.5074692
0.5149980
0.5283336
0.5151797
0.4718888
0.4926816
0.4612039
0.4781292
0.5384842
0.4589053
0.4685246
0.4752272
0.5274815
0.5047441
0.5268297
0.5243501
0.5165021
0.4796462
0.5267441
0.5062202
0.4822318
0.5069827
0.4660134
0.4919336
0.4838135
0.4953936
0.4990557
0.5106555
0.5152931
0.5105787
0.5290556
0.4798763
0.5122032
0.4651052
0.5348384
0.4939636
0.4942084
0.5164135
0.5179455
0.4624542
0.5074692
0.5149980
0.5283336
0.5151797
0.4718888
0.4926816
0.4612039
0.4781292
0.5384842
0.4589053
0.4685246
0.4752272
0.5274815
0.5047441
0.5268297
0.5243501
0.5165021
0.4796462
0.5267441
0.5062202
0.4822318
0.5069827
0.4660134
0.4919336
0.4838135
0.4953936
0.4990557
0.5106555
0.5152931
0.5105787
0.5290556
0.4798763
0.5122032
0.4651052
0.5348384
0.4939636
0.4942084
0.5164135
0.5179455
0.4624542
0.5074692
0.5149980
0.5283336
0.5151797
0.4718888
0.4926816
0.4612039
0.4781292
0.5384842
0.4589053
0.4685246
0.4752272
0.5274815
0.5047441
0.5268297
0.5243501
0.5165021
0.4796462
0.5267441
0.5062202
0.4822318
0.5069827
0.4660134
0.4919336
0.4838135
0.4953936
0.4990557
0.5106555
0.5152931
0.5105787
0.5290556
0.4798763
0.5122032
0.4651052
0.5348384
0.4939636
0.4942084
0.5164135
0.5179455
0.4624542
0.5074692
0.5149980
0.5283336
0.5151797
0.4718888
0.4926816
0.4612039
0.4781292
0.5384842
0.4589053
0.4685246
0.4752272
0.5274815
0.5047441
0.5268297
0.5243501
0.5165021
0.4796462
0.5267441
0.5062202
0.4822318
0.5069827
0.4660134
0.4919336
0.4838135
0.4953936
0.4990557
0.5106555
0.5152931
0.5105787
0.5290556
0.4798763
0.5122032
0.4651052
0.5348384
0.4939636
0.4942084
0.5164135
0.5179455
0.4624542
0.5074692
0.5149980
0.5283336
0.5151797
0.4718888
0.4926816
0.4612039
0.4781292
0.5384842
0.4589053
0.4685246
0.4752272
0.5274815
0.5047441
0.5268297
0.5243501
0.5165021
0.4796462
0.5267441
0.5062202
0.4822318
0.5069827
0.4660134
0.4919336
0.4838135
0.4953936
0.4990557
0.5106555
0.5152931
0.5105787
0.5290556
0.4798763
0.5122032
0.4651052
0.5348384
0.4939636
0.4942084
0.5164135
0.5179455
0.4624542
0.5074692
0.5149980
0.5283336
0.5151797
0.4718888
0.4926816
0.4612039
0.4781292
0.5384842
0.4589053
0.4685246
0.4752272
0.5274815
0.5047441
0.5268297
0.5243501
0.5165021
0.4796462
0.5267441
0.5062202
0.4822318
0.5069827
0.4660134
0.4919336
0.4838135
0.4953936
0.4990557
0.5106555
0.5152931
0.5105787
0.5290556
0.4798763
0.5122032
0.4651052
0.5348384
0.4939636
0.4942084
0.5164135
0.5179455
0.4624542
0.5074692
0.5149980
0.5283336
0.5151797
0.4718888
0.4926816
0.4612039
0.4781292
0.5384842
0.4589053
0.4685246
0.4752272
0.5274815
0.5047441
0.5268297
0.5243501
0.5165021
0.4796462
0.5267441
0.5062202
0.4822318
0.5069827
0.4660134
0.4919336
0.4838135
0.4953936
0.4990557
0.5106555
0.5152931
0.5105787
0.5290556
0.4798763
0.5122032
0.4651052
0.5348384
0.4939636
0.4942084
0.5164135
0.5179455
0.4624542
0.5074692
0.5149980
0.5283336
0.5151797
0.4718888
0.4926816
0.4612039
0.4781292
0.5384842
0.4589053
0.4685246
0.4752272
0.5274815
0.5047441
0.5268297
0.5243501
0.5165021
0.4796462
0.5267441
0.5062202
0.4822318
0.5069827
0.4660134
0.4919336
0.4838135
0.4953936
0.4990557
0.5106555
0.5152931
0.5105787
0.5290556
0.4798763
0.5122032
0.4651052
0.5348384
0.4939636
0.4942084
0.5164135
0.5179455
0.4624542
0.5074692
0.5149980
0.5283336
0.5151797
0.4718888
0.4926816
0.4612039
0.4781292
0.5384842
0.4589053
0.4685246
0.4752272
0.5274815
0.5047441
0.5268297
0.5243501
0.5165021
0.4796462
0.5267441
0.5062202
0.4822318
0.5069827
0.4660134
0.4919336
0.4838135
0.4953936
0.4990557
0.5106555
0.5152931
0.5105787
0.5290556
0.4798763
0.5122032
0.4651052
0.5348384
0.4939636
0.4942084
0.5164135
0.5179455
0.4624542
0.5074692
0.5149980
0.5283336
0.5151797
0.4718888
0.4926816
0.4612039
0.4781292
0.5384842
0.4589053
0.4685246
0.4752272
0.5274815
0.5047441
0.5268297
0.5243501
0.5165021
0.4796462
0.5267441
0.5062202
0.4822318
0.5069827
0.4660134
0.4919336
0.4838135
0.4953936
0.4990557
0.5106555
0.5152931
0.5105787
0.5290556
0.4798763
0.5122032
0.4651052
0.5348384
0.4939636
0.4942084
0.5164135
0.5179455
0.4624542
0.5074692
0.5149980
0.5283336
0.5151797
0.4718888
0.4926816
0.4612039
0.4781292
0.5384842
0.4589053
0.4685246
0.4752272
0.5274815
0.5047441
0.5268297
0.5243501
0.5165021
0.4796462
0.5267441
0.5062202
0.4822318
0.5069827
0.4660134
0.4919336
0.4838135
0.4953936
0.4990557
0.5106555
0.5152931
0.5105787
0.5290556
0.4798763
0.5122032
0.4651052
0.5348384
0.4939636
0.4942084
0.5164135
0.5179455
0.4624542
0.5074692
0.5149980
0.5283336
0.5151797
0.4718888
0.4926816
0.4612039
0.4781292
0.5384842
0.4589053
0.4685246
0.4752272
0.5274815
0.5047441
0.5268297
0.5243501
0.5165021
0.4796462
0.5267441
0.5062202
0.4822318
0.5069827
0.4660134
0.4919336
0.4838135
0.4953936
0.4990557
0.5106555
0.5152931
0.5105787
0.5290556
0.4798763
0.5122032
0.4651052
0.5348384
0.4939636
0.4942084
0.5164135
0.5179455
0.4624542
0.5074692
0.5149980
0.5283336
0.5151797
0.4718888
0.4926816
0.4612039
0.4781292
0.5384842
0.4589053
0.4685246
0.4752272
0.5274815
0.5047441
0.5268297
0.5243501
0.5165021
0.4796462
0.5267441
0.5062202
0.4822318
0.5069827
0.4660134
0.4919336
0.4838135
0.4953936
0.4990557
0.5106555
0.5152931
0.5105787
0.5290556
0.4798763
0.5122032
0.4651052
0.5348384
0.4939636
0.4942084
0.5164135
0.5179455
0.4624542
0.5074692
0.5149980
0.5283336
0.5151797
0.4718888
0.4926816
0.4612039
0.4781292
0.5384842
0.4589053
0.4685246
0.4752272
0.5274815
0.5047441
0.5268297
0.5243501
0.5165021
0.4796462
0.5267441
0.5062202
0.4822318
0.5069827
0.4660134
0.4919336
0.4838135
0.4953936
0.4990557
0.5106555
0.5152931
0.5105787
0.5290556
0.4798763
0.5122032
0.4651052
0.5348384
0.4939636
0.4942084
0.5164135
0.5179455
0.4624542
0.5074692
0.5149980
0.5283336
0.5151797
0.4718888
0.4926816
0.4612039
0.4781292
0.5384842
0.4589053
0.4685246
0.4752272
0.5274815
0.5047441
0.5268297
0.5243501
0.5165021
0.4796462
0.5267441
0.5062202
0.4822318
0.5069827
0.4660134
0.4919336
0.4838135
0.4953936
0.4990557
0.5106555
0.5152931
0.5105787
0.5290556
0.4798763
0.5122032
0.4651052
0.5348384
0.4939636
0.4942084
0.5164135
0.5179455
0.4624542
0.5074692
0.5149980
0.5283336
0.5151797
0.4718888
0.4926816
0.4612039
0.4781292
0.5384842
0.4589053
0.4685246
0.4752272
0.5274815
0.5047441
0.5268297
0.5243501
0.5165021
0.4796462
0.5267441
0.5062202
0.4822318
0.5069827
0.4660134
0.4919336
0.4838135
0.4953936
0.4990557
0.5106555
0.5152931
0.5105787
0.5290556
0.4798763
0.5122032
0.4651052
0.5348384
0.4939636
0.4942084
0.5164135
0.5179455
0.4624542
0.5074692
0.5149980
0.5283336
0.5151797
0.4718888
0.4926816
0.4612039
0.4781292
0.5384842
0.4589053
0.4685246
0.4752272
0.5274815
0.5047441
0.5268297
0.5243501
0.5165021
0.4796462
0.5267441
0.5062202
0.4822318
0.5069827
