10.100787
10.557727
10.226813
 9.761713
10.755525
 9.590720
10.011240
 9.910353
13.636449
11.933994
12.417956
12.607595
11.563840
11.070795
10.988117
10.909024
11.829785
11.454033
11.503867
11.701212
11.659227
11.912837
11.535157
11.991815
12.052943
11.206031
11.221045
10.771903
11.335109
11.538998
10.113119
10.111489
 9.752537
 9.751906
11.064493
10.043856
10.404504
10.349546
15.374128
13.841018
13.930296
14.608725
13.502471
12.620003
14.980654
16.009141
15.271220
16.258671
15.151806
15.393410
15.845323
16.738500
14.364995
16.202860
15.739419
16.081367
16.090714
11.797559
10.578332
 9.930119
 9.234302
 9.008377
 9.431137
 8.832388
 9.745672
 9.012562
 9.629669
 9.674318
 8.970490
 9.816120
 9.632340
 9.426151
 9.871028
 9.423518
 9.325455
 8.843781
 9.079514
 9.252705
10.013294
10.523744
10.203231
 9.688832
 9.923591
 9.772502
 9.801845
 9.804529
10.304420
10.229578
10.616228
11.492919
12.076868
11.396844
11.699562
16.788121
15.562304
14.458596
15.556873
14.769106
13.211629
13.077875
14.178985
13.539004
13.540149
12.761447
13.316821
10.198530
10.668205
10.725437
12.228117
11.869026
11.575605
11.728026
12.064240
12.276624
11.798616
11.827702
10.132941
10.731176
 9.416339
10.296944
10.655816
11.432358
10.118747
10.782926
10.820129
10.009184
10.029144
10.302066
10.009618
11.031202
 9.485205
 9.874935
10.675146
10.927642
 9.972342
 9.740739
11.172157
11.138760
11.168131
10.950583
 8.957404
 9.710435
10.632794
11.042693
10.251084
10.921760
13.437096
13.731187
12.307646
14.055471
17.217403
17.112048
17.239567
17.551248
16.762121
17.788908
16.551837
17.643877
16.731267
14.016063
16.187442
16.613604
15.810434
16.559562
15.628239
18.190718
18.533543
17.256138
17.848487
11.559678
10.956694
10.767165
10.713962
10.900240
10.372374
10.606059
10.780370
11.089134
10.614569
19.696156
17.096257
18.083464
16.696176
15.215064
16.075268
14.424739
15.287238
19.038925
19.309288
18.292013
21.604303
21.355490
21.702530
19.822987
18.044322
21.011470
20.234615
20.855803
20.588863
19.772504
20.587966
22.611150
13.498128
13.322965
13.134263
12.287689
13.496449
13.991491
12.664696
12.470967
13.942733
15.068828
14.072054
16.049216
14.572622
16.009762
16.328261
14.351918
15.196610
15.587710
13.526061
14.200128
17.299483
17.456487
17.920394
15.063822
14.944532
14.989676
15.207135
17.909541
18.028325
17.729594
17.690044
18.297278
18.306227
19.462577
17.070407
15.867127
16.880433
15.448334
16.296226
17.954618
16.776862
16.344401
15.096432
15.830390
14.825678
16.029097
16.747364
18.880625
17.698829
16.907247
18.480656
18.594137
16.605303
15.751925
15.940997
16.583539
15.723401
16.842684
18.100093
17.849911
18.313061
17.036443
18.242415
14.983903
15.470292
16.672615
15.961620
11.395692
11.720543
10.304437
14.590878
13.914670
15.271420
14.489531
13.600952
13.433101
15.452894
15.484458
14.710442
14.517555
14.722236
15.972126
15.228119
15.041267
15.460839
15.726027
16.557433
14.599201
14.970494
15.417445
16.242292
16.178439
14.765206
11.269848
11.327028
11.802014
12.486407
12.391808
12.522103
12.456391
12.715184
18.426902
18.109109
18.973911
13.061838
12.606810
14.465203
13.661601
13.108061
14.107165
14.784210
14.555860
14.341562
13.775757
13.530285
13.454346
14.193878
14.343043
13.089396
14.973991
15.540835
15.397909
15.771046
14.841074
15.378911
15.027509
14.561928
15.188213
15.013177
15.632432
15.698890
15.978072
14.666236
15.122857
15.902589
19.378028
20.048878
18.158416
18.813450
17.963433
18.846871
18.938852
20.613480
19.383523
19.287333
17.736565
19.572660
17.649062
18.323850
18.587549
19.094906
18.229534
17.948473
17.836197
17.622817
17.535628
18.159015
18.782746
18.824155
16.702544
16.092555
17.927358
14.217584
17.788321
16.812742
19.142828
18.235751
19.150655
17.829486
19.293493
20.805934
21.322257
20.802404
20.045540
20.333508
20.088236
19.791968
19.773554
20.506981
20.129348
19.790089
18.812348
21.145169
18.223768
19.371292
15.123968
14.065997
15.772126
14.541324
14.667838
14.018190
14.387182
15.691732
13.669947
15.538930
14.854968
14.924745
14.982737
15.303943
15.067730
12.992873
13.053311
14.289683
13.979043
14.616034
13.903748
14.109898
14.010249
13.803605
14.064215
15.197863
16.507821
16.384822
14.693674
13.441801
13.987513
14.346621
14.561769
13.720937
13.803535
13.606523
13.061278
16.467537
16.397992
15.683508
15.358817
16.621091
16.712939
16.078842
16.252211
16.435767
17.077340
15.579416
16.864340
17.587439
14.650336
15.775031
15.219187
12.345013
11.692579
12.238481
12.365674
14.342604
15.052238
14.739755
13.865522
14.291990
15.321390
15.184732
14.987315
16.163945
16.302686
14.345979
14.907200
14.650343
15.242662
14.474481
14.604476
15.544057
15.587294
15.054759
15.583717
15.701726
15.297480
13.560166
16.165842
14.509888
16.480048
14.411378
14.310301
18.566323
19.180063
18.801410
18.735639
21.709775
20.353980
20.037887
21.318059
19.552130
19.903863
19.181790
19.183949
20.262857
19.198609
19.335652
19.449444
19.969927
20.496269
18.956182
18.817382
20.235950
19.707333
18.863845
20.752405
19.866374
19.297602
21.753462
18.757030
16.692654
15.526667
16.103258
17.967455
17.473017
18.390523
16.748111
16.566724
17.846639
18.034213
 8.388940
 9.277448
 8.156349
 9.881266
 9.818379
10.136649
 9.290265
 9.011951
 9.921441
 8.958999
10.560321
 9.573492
10.329595
 9.810023
10.253683
11.793887
11.255278
11.491383
11.431889
12.117890
11.674984
10.093383
10.765331
10.398676
10.340905
10.356657
10.391886
10.056933
 9.811410
10.548579
 9.494151
 9.316030
 9.479617
 9.914086
10.578479
 9.163438
 9.595304
 8.788589
 9.674624
 8.675366
 9.405432
 9.098607
12.322826
11.853378
 9.320897
 9.003889
 9.716485
 9.322879
 9.410279
 9.185739
 9.838151
10.438036
10.185372
 9.154576
 9.911325
 9.972956
 9.443760
 9.624075
 9.560831
 9.965533
 9.898833
10.344745
10.140422
 9.902437
 9.682755
 8.255878
 8.566897
 8.626390
 8.248854
 9.160078
 8.629014
 8.814101
10.858288
10.423292
12.215163
13.705519
12.361683
11.664348
11.668272
10.692889
12.178644
12.363068
12.460765
12.050993
11.888793
13.204263
12.929103
14.337733
14.431767
14.738511
15.046774
14.507836
14.455766
13.806124
14.556156
13.388485
13.253986
 9.927775
10.975106
10.440081
10.114243
10.661339
10.430284
10.301983
 9.470080
 9.661184
10.301952
 9.980506
10.331080
 9.688678
10.033929
11.949324
11.325267
11.807144
11.905093
11.206400
14.663783
15.469866
16.122368
15.738918
17.771894
17.528857
18.005565
17.590159
17.579436
17.296308
16.324511
16.064072
17.112237
18.910108
19.376641
16.991501
18.570342
18.831054
18.990033
14.094075
15.401050
15.931189
15.255441
14.939665
15.675854
15.721084
16.573118
15.894433
15.425071
15.029402
15.754477
15.434028
13.209887
12.951181
11.886536
12.371557
11.522304
19.976156
16.749758
18.082272
18.544840
17.215676
18.652767
17.341564
18.625588
18.052935
18.534913
19.056637
18.550525
13.007187
13.253739
12.657313
12.959217
13.386112
12.269583
13.478208
12.915662
13.333495
15.222040
14.172362
15.568707
15.308532
16.067523
16.153908
15.275130
14.671272
14.001698
15.139140
14.706782
14.350890
16.213086
15.785973
15.844951
16.368919
20.105274
21.588009
19.677247
20.341453
19.543620
19.944648
18.701064
17.784215
17.580335
17.996032
18.918297
17.090304
17.624669
19.180538
19.895815
21.230462
22.489942
21.867537
21.703683
22.083807
22.907379
23.835606
24.005120
23.777990
24.385065
23.165205
12.434331
12.972226
12.914648
12.598209
15.080917
15.428194
15.406291
11.594509
12.431272
12.344241
12.854389
15.460792
14.019010
14.349564
14.198048
13.091547
14.056778
14.292908
13.387945
14.073615
13.329734
13.276342
13.049437
13.630725
19.533703
18.303080
20.051482
19.828251
20.170848
23.148824
21.570761
21.635445
22.535342
18.112978
20.604902
18.768273
15.955050
16.092455
15.254658
14.637981
13.911664
15.422027
14.915550
15.423719
14.009446
17.344217
17.961792
10.095139
10.451089
10.626112
10.250119
10.314212
10.317759
10.422272
10.350249
13.042319
12.366917
11.668103
12.922233
13.274113
10.597015
10.505227
11.077203
11.457471
10.646158
11.443388
11.480169
10.919113
20.515375
20.061521
20.502715
20.195368
20.130349
16.705220
18.981142
17.644196
16.617696
17.508351
16.530616
18.510487
19.813239
19.425608
18.518640
18.922994
18.934103
19.753948
18.517986
18.276001
18.352994
18.453383
18.494021
17.676923
16.688103
18.730555
18.366636
17.679587
18.382514
22.219527
20.591993
20.648152
20.382184
19.403914
19.961045
19.581714
19.841155
18.928950
17.791976
20.582602
23.819167
19.816161
23.285758
20.602121
17.332416
19.466400
18.593088
19.488170
17.420710
19.449032
21.120595
16.533895
15.128976
16.697353
16.179118
15.808096
15.808926
16.367197
17.295041
16.927435
13.911598
13.493829
13.869834
14.201343
14.580884
16.602887
16.444313
15.914265
17.509089
15.807539
17.384208
17.460562
18.694921
17.558466
18.297421
17.827426
17.016745
18.158772
15.277826
15.045270
14.197163
15.677162
15.600747
18.414930
18.197117
18.840033
19.350334
16.592260
17.657885
17.423110
18.404661
16.242924
18.262594
19.277809
19.451094
19.202723
19.781721
20.125206
18.624373
18.783883
19.179291
17.869840
17.281420
16.865344
18.245373
14.987469
15.520590
15.323028
16.101993
15.240644
16.603313
17.101596
17.003217
17.390789
17.757377
16.818373
16.211423
18.102238
17.457855
17.804719
17.292469
17.913507
16.739173
18.148567
13.280822
12.222652
13.128857
12.602159
15.502576
15.754262
14.534240
15.764346
14.741431
15.159288
14.588320
15.539243
15.058876
15.816796
15.746858
16.005329
16.602012
16.075167
16.497677
17.098791
17.005299
18.371833
16.629644
16.714126
17.610093
15.020750
15.872216
15.851166
16.488238
16.777015
16.595531
15.931727
17.735034
14.547366
15.067236
11.724211
11.478152
12.121668
13.508601
11.643591
13.082068
12.970414
 9.898857
11.049844
10.908325
11.690290
11.903659
12.641614
11.776057
12.003554
12.228440
12.223819
11.007128
10.671845
10.749137
11.472814
11.222864
10.980138
11.251764
11.563235
14.018890
13.824058
13.723237
14.292715
14.086377
14.117947
13.776986
14.088753
14.171231
15.655006
15.268516
10.160915
10.968474
 9.461442
10.823930
 9.099867
 8.950417
 9.362497
 9.166341
 9.450236
 9.481982
11.297188
11.441670
11.776950
10.432102
10.823035
10.759388
 9.462827
10.121073
 9.862726
 9.940477
 9.926122
 7.803161
 7.370863
 7.280666
 7.628535
 7.731169
 8.069666
 8.151805
 8.207531
 7.894215
 7.979103
 7.876351
 7.673288
 7.870519
 7.879303
 7.560912
 8.139822
 7.470815
 8.597666
 8.615411
 8.313906
 8.619522
 8.657635
 8.497291
 8.410836
 8.239777
 7.967048
 8.227889
 8.006372
 8.937156
10.058237
 9.664202
11.317697
10.507074
10.823492
11.239685
12.572857
12.564726
11.949313
12.881919
10.573779
14.280631
15.948078
16.698601
12.699356
11.895405
11.910748
12.519505
12.124889
11.844616
12.041337
12.776575
13.370863
11.701738
11.259953
12.468582
12.254493
12.963317
11.699652
12.167493
12.058852
12.129428
11.169785
11.903993
11.863489
12.280008
11.920577
11.586980
10.828432
11.726879
11.249650
10.336591
14.927111
15.710571
14.639468
15.426859
15.363986
14.244821
13.180581
13.832377
13.697979
13.226985
14.260201
22.630572
21.253554
19.474317
20.442018
19.573622
19.527442
19.652411
20.714757
20.416151
20.064076
20.681300
20.676354
20.833864
21.752410
21.296421
18.939447
20.042471
19.363025
18.723416
19.191826
20.467200
20.155916
20.100962
19.653046
20.273672
17.144903
18.022689
20.642831
18.642885
18.098896
17.938570
18.002896
17.050957
17.175467
17.615422
17.106671
17.649674
16.153398
16.658558
17.529437
15.450249
14.742995
15.500790
15.253481
15.685510
16.458558
16.914742
15.463900
26.428478
28.507413
28.241059
26.667879
24.848509
25.988663
26.345379
25.572796
25.364884
28.864247
25.512779
26.494210
27.290056
26.499375
20.561812
21.579089
20.321662
21.065255
18.313256
18.034934
18.256518
18.087830
18.723491
19.057672
18.058452
17.165183
19.018021
19.738297
19.032595
18.075580
19.497422
17.288750
18.940786
17.348704
21.090984
19.434247
20.683769
19.863302
20.253565
19.958290
18.767386
19.845225
18.636134
19.722029
19.217705
18.229098
18.485140
16.993466
18.647777
17.068829
17.852406
17.316566
18.450914
20.921710
21.213478
20.739734
20.452497
20.228404
20.854913
21.891311
20.256806
20.233725
18.098642
18.377635
19.484660
19.071602
20.231808
23.729367
24.870986
25.201929
21.139639
24.766547
17.107130
17.958752
17.789231
19.714103
20.489559
18.084849
17.410019
17.981332
18.924130
18.512094
18.999990
17.177597
18.050470
18.327499
16.813586
16.510488
17.856571
17.215002
16.740576
18.039586
17.849004
17.226965
17.468497
16.948219
19.621266
20.282829
20.396282
21.053259
20.593946
22.794689
22.284508
21.236964
21.133208
20.522294
21.811819
21.034852
20.925220
21.344892
20.070049
20.594903
22.157224
21.507306
20.588943
17.151259
18.116572
17.914406
16.978581
17.331330
17.064887
16.433904
16.051102
16.145998
16.543160
17.650540
17.001729
14.927795
14.986253
14.963140
16.977255
16.153569
17.123062
15.325904
15.836772
15.317336
14.644764
14.868147
16.838471
16.828127
17.244190
16.859123
16.144060
16.512261
15.659665
16.824256
15.122994
16.093792
15.628888
15.530762
14.940596
15.692043
14.786295
15.036007
15.707442
14.649231
14.542144
14.330379
16.026618
17.710657
16.162360
17.955898
17.033288
16.676473
14.918311
14.375656
15.158572
11.579276
11.979631
12.750550
12.870553
12.888337
 9.016508
 9.130864
 9.167917
 9.071348
 8.387627
 9.137694
 8.939287
 8.460574
 9.541585
 9.402881
10.110798
 8.541365
 8.667533
 8.698167
 8.884442
11.474060
11.530972
12.085681
12.019061
11.479079
13.016970
11.267050
11.619779
11.711010
11.033836
10.051664
 9.676855
10.408640
10.103678
10.171832
10.276451
10.531789
10.663321
10.596439
10.147837
10.583741
 9.948334
11.130491
 9.703817
10.221727
11.166612
11.019086
10.687935
11.136535
11.197649
10.451429
 7.020754
 6.853289
 6.717742
 6.538568
 6.937864
 9.501152
 9.121871
 9.434502
 9.880268
10.306936
 9.479028
13.904834
14.254186
14.033572
13.954340
13.871285
13.949844
13.509801
13.404717
13.487295
13.882754
14.114766
14.385894
15.300646
14.243436
15.619291
15.037394
14.883463
14.324529
17.127995
16.098732
16.366204
11.966070
12.381216
12.650272
11.973798
12.280977
11.723896
13.315847
15.031808
15.726115
15.271872
12.628968
13.250395
12.780635
12.653167
12.464003
14.760047
15.415634
16.416326
17.424017
17.824869
16.681654
16.214288
17.557328
20.101347
20.040738
19.147778
20.105655
20.278439
19.070282
18.511494
19.763580
18.310476
17.262930
16.618901
16.857883
17.563164
16.876027
16.220852
17.160272
16.833026
17.069354
13.351955
13.751652
13.592767
14.174394
13.337368
13.653934
11.315371
12.137481
11.712038
21.886272
21.562454
21.846346
20.059449
19.941086
23.784077
22.615807
24.050594
23.028721
21.316107
23.857567
23.204206
14.417540
14.921519
14.991931
14.536361
15.363516
14.588910
14.861096
14.044024
15.029971
12.258726
12.819708
11.896181
12.191220
12.172771
12.557750
11.792255
12.157128
12.703033
15.935029
15.774527
15.072703
15.990372
15.814060
15.470073
16.266552
17.214787
15.928509
14.995998
15.672013
15.337808
14.772006
16.548108
15.436992
14.752706
14.793222
15.993400
14.213160
14.662114
14.422664
13.748986
14.363521
17.713211
18.347905
16.531575
17.452733
17.328096
16.954086
14.012908
12.886693
12.518582
11.515126
11.760807
12.228474
11.811057
12.415147
13.053193
13.166593
12.360589
12.843655
12.347284
13.916553
12.776161
13.574014
13.921304
12.876699
13.496481
13.050756
13.110947
12.819266
13.991392
13.724778
11.105662
10.905868
10.080209
11.662852
10.665649
11.737018
11.122723
11.544362
10.617494
12.267943
12.130789
12.025641
12.010899
11.283495
12.200876
12.219442
11.410382
11.568061
12.624618
12.134197
12.489542
12.353157
12.116029
12.495872
10.748631
11.030934
10.656756
18.306280
18.080737
18.122806
17.673482
15.746326
17.045097
18.001668
15.694042
15.943355
16.903120
16.395864
16.220397
14.509384
15.611885
22.208916
22.934493
21.602040
21.553778
23.748352
21.828204
20.193757
20.360918
21.040949
19.260097
18.939867
20.001042
17.600886
18.654144
19.760250
17.061388
18.104738
19.593080
21.676376
22.787634
17.946294
18.041451
19.789472
19.783188
19.288425
19.962578
22.562676
21.703039
22.467475
21.782046
20.097478
21.600595
19.516649
19.287705
18.143393
15.686810
15.664577
15.006530
15.691574
17.367722
17.967546
17.218110
17.683628
17.496791
17.207199
16.596632
16.346737
17.288007
14.959944
15.321545
15.504477
14.718793
14.478692
15.135510
15.752859
14.348507
15.239935
14.963431
16.061975
15.564575
15.208524
15.429746
14.604072
14.879081
13.856047
12.532477
13.720331
13.816365
14.093549
13.865157
14.193390
14.522679
14.131869
13.147546
14.172433
13.833183
15.221354
14.767474
14.799269
15.137422
13.696567
13.885917
13.479675
13.485598
13.014669
13.609766
13.078764
13.058696
12.044950
13.774101
13.822881
14.023859
13.995299
14.571891
13.857429
13.542951
13.661089
14.306409
13.781690
12.841622
14.396607
18.963462
17.814543
18.502899
17.397862
18.426222
17.580307
16.720844
16.478482
16.528813
17.343162
16.677064
17.336998
15.897811
15.675956
16.753798
15.510729
14.575763
15.907807
16.240718
14.567357
14.158534
15.513268
 9.425604
 9.080870
10.791837
10.237117
10.461656
10.747343
10.030141
 9.440791
 9.280198
 8.529730
 9.455598
 9.457194
10.499910
11.930137
11.294997
12.076560
11.081042
12.104697
 7.769982
 7.734171
 8.373335
 7.704303
 7.858304
 8.005740
 8.856847
 8.336899
 8.307017
 7.968079
 7.872094
 8.394291
 8.345521
 8.697147
 8.721707
 8.752197
 8.746045
 8.736512
 9.402988
 8.981319
 7.991564
 8.953301
 8.170616
 8.468193
 8.419537
 8.617559
 9.460246
 8.718345
 8.584726
 8.170572
 8.863905
 8.692264
 8.902974
 9.962180
 9.807625
 9.443858
 9.387581
 9.888411
 9.883588
10.100574
 9.850864
 8.758610
 9.975527
 9.797065
 9.642294
10.159964
 9.149431
 9.784404
 9.593403
12.746697
12.642175
13.180291
13.966839
14.424281
12.741816
14.185628
14.146121
13.184513
12.127247
12.836778
13.353718
14.247020
15.101659
14.060366
13.249752
14.335403
14.426464
13.092062
13.805072
15.429430
14.887121
14.639236
15.921083
14.134066
14.181537
15.384572
14.110652
13.377972
13.959612
13.579409
11.829194
12.077559
11.772134
15.499709
14.072756
13.416608
14.920313
14.155226
14.191562
14.454058
14.370815
13.406561
13.698816
14.172801
14.455670
12.782447
12.975436
13.181954
13.057495
13.120960
11.950890
15.817130
17.171930
16.387920
16.515340
20.217639
19.643869
19.547628
19.591599
18.342165
19.376682
19.606672
14.967209
16.173620
15.534011
15.890340
15.890378
17.596439
17.995835
16.503512
15.978241
18.053037
16.963719
15.599221
16.672636
18.429496
17.781357
18.179156
17.789632
17.147582
17.389308
18.405244
18.698254
13.409662
13.672639
12.435075
13.565889
13.044756
13.511336
14.413903
13.884027
14.885369
14.232159
13.471862
16.398411
14.454939
16.518442
16.667480
15.438660
16.023388
13.746774
14.252714
13.699499
14.638942
14.877290
14.744817
13.969575
14.583440
15.260812
16.570514
15.661966
16.508475
16.743393
16.611036
16.970801
16.793754
17.676223
17.853524
17.106243
16.230940
17.209846
16.017792
16.047318
16.773998
15.509147
16.170311
15.070120
16.836207
15.443319
15.421939
14.746122
14.563588
18.712844
17.952070
18.325737
18.897983
18.781470
17.485112
18.359538
15.736642
16.084172
15.142293
15.742665
15.101334
15.523971
15.164705
16.056836
13.972769
14.952156
14.722711
14.601323
14.063699
15.263650
14.922875
14.883579
14.507545
14.670119
14.953311
13.442780
14.841266
15.360866
17.004429
17.507305
14.172426
15.410869
16.164085
15.991106
15.292849
15.813054
15.996106
15.893369
15.231149
14.857566
15.181465
18.003468
17.682823
18.171237
18.535848
17.463102
17.673324
19.849127
18.548442
10.496783
 9.783041
 9.398531
10.479229
 9.870694
11.009800
 9.019126
 8.411735
 9.136195
 9.541368
 9.959444
10.327969
10.644401
10.108017
10.882354
10.603952
11.407564
11.592991
11.369272
11.949709
12.398245
13.502745
12.878955
13.200778
 9.473714
 8.870976
 9.329311
 9.689219
 9.006948
 8.745488
 9.557045
 9.191368
 9.174388
 9.803177
 9.553225
 9.648427
11.058012
11.482336
11.255385
11.595954
11.703168
12.838139
12.436256
11.789600
12.658078
11.766694
12.615997
12.755814
12.299631
11.921754
11.932555
12.063694
13.110349
12.852020
13.706908
13.495383
12.055501
13.099959
13.219654
14.096104
14.261697
15.290944
13.350528
13.285020
14.157149
14.267271
12.866898
13.070433
14.496521
12.763878
12.262342
11.817978
12.488961
14.678516
14.044077
13.795233
13.045351
11.315690
14.016333
14.036809
13.651581
14.110416
14.061715
13.506997
13.413666
13.003675
13.631797
12.923207
13.834768
13.537623
13.590928
13.064478
13.005708
12.970847
13.401752
12.875218
14.026141
11.947345
12.481691
12.110407
11.339654
13.111646
12.484412
11.741749
12.486456
12.076664
11.576511
12.638590
10.593162
10.620116
10.906603
12.471420
11.681364
11.725721
11.744350
10.938461
11.095975
11.444981
11.552449
11.509488
12.962417
13.207242
13.504959
12.852802
13.614443
12.482459
11.632359
12.555650
11.811271
12.121320
11.159007
11.179148
11.585354
11.904440
13.351871
12.498370
11.989164
11.876554
11.371072
12.263463
20.553459
19.789520
17.109919
18.264135
19.266360
17.876716
20.822390
21.251904
15.509055
16.075757
15.738100
15.365430
14.354055
14.537514
14.652488
13.023713
12.999029
13.837987
13.809538
15.544696
15.518320
15.996068
17.002649
17.501121
16.599403
17.196077
16.374109
16.471548
15.813594
16.435112
16.511867
16.227366
12.234170
11.877565
11.120598
11.459447
10.648334
12.339364
14.093044
14.882259
14.804193
14.047861
13.694940
14.307269
14.013530
14.139177
14.030616
15.370075
13.419392
11.714352
11.978924
11.518365
12.058052
13.448395
12.876026
12.107056
12.948839
12.009876
13.060183
12.914560
14.078591
14.507534
13.988431
13.122472
13.059684
12.922972
12.698104
11.942107
13.483975
12.824163
12.702908
14.065690
13.765242
12.913752
13.536622
13.651005
13.195432
13.778905
13.600774
12.894021
13.386128
10.640629
11.002715
13.000801
12.301874
12.059313
13.856887
12.587397
13.152870
11.075200
10.953481
10.999890
10.763635
11.162457
11.034853
10.846733
10.387053
10.485328
10.457121
10.295701
 9.455443
 9.201422
 9.002872
 9.847175
 9.946830
10.940763
10.664035
11.206069
10.569546
10.573059
11.439500
11.541740
10.668179
11.123860
11.353594
11.391546
11.247420
11.583659
14.425091
14.458757
15.698755
16.115758
15.630245
16.464260
17.004833
16.670033
15.452347
15.938399
17.374349
15.718722
15.511517
15.993983
15.261477
16.239173
15.605579
17.062628
15.407531
16.937715
16.838805
16.673622
17.263950
15.250575
14.736085
15.952708
15.056655
14.575713
14.641972
14.304324
14.815138
14.711611
14.753601
15.054186
15.565768
14.439491
14.578177
13.405153
14.471177
14.633243
14.393754
16.142342
12.020624
11.906603
11.289474
11.379734
11.499407
10.530562
11.036857
12.475675
10.947728
12.097956
12.051416
11.544445
11.241038
12.254483
12.034941
 9.599689
 9.756116
 8.908186
 8.793262
 9.660402
 9.909766
10.252913
 9.922718
 9.991375
10.159187
10.693767
10.162685
10.328287
15.572680
15.162788
15.969403
15.654144
16.369754
12.732471
10.443197
10.408573
11.000782
11.223376
10.632114
11.170831
10.430899
10.511821
10.897799
10.475582
 8.369284
 7.997130
 8.102609
 8.390178
 9.871047
 9.067345
10.091026
10.319715
 9.917877
10.204280
 9.451410
10.079473
 9.509020
10.407366
 9.810152
 9.444398
10.222255
 9.733789
10.287234
10.031321
11.644742
10.577797
11.437138
10.879682
11.330371
11.320548
11.951734
11.537226
11.396600
12.141214
11.203538
11.178015
11.992904
12.087544
 9.021063
 9.125624
 8.692598
 9.808811
 9.930186
11.245905
10.855198
11.445357
10.499870
 8.200024
 7.684250
 8.176438
 9.680150
 9.472591
 9.160475
 9.907479
 9.636499
 9.041539
 9.427090
 9.730494
 9.293658
 8.426106
 8.190297
 7.425094
 8.483894
 9.300225
 8.616767
12.217746
12.111352
12.631939
12.764590
12.025382
12.288672
12.045913
12.604166
13.161021
12.374993
14.765785
14.481454
13.643448
12.908604
13.779833
 7.046626
 6.363008
 6.627102
 6.655383
 6.511621
 6.714529
 6.031640
 6.641572
 5.951989
 6.101313
 6.702776
 6.497868
 6.198262
 6.897346
 6.208656
 6.719106
 6.782255
 6.857454
 6.857048
 6.980215
 6.794800
 6.513636
 6.944518
 6.895618
 9.012894
 9.064565
 9.180707
 9.072912
 8.508847
 8.005440
 8.275632
 7.511134
 8.250316
 8.171961
 8.250089
 7.204269
 7.776674
 7.312844
 7.506904
 7.414385
 7.123162
 7.045592
 7.366820
 7.791986
 7.346704
 7.036064
 7.153537
 7.351259
 7.750807
 7.426288
 7.950431
 6.958691
 7.522534
 7.844315
 9.323572
 9.811313
 8.818378
 9.349078
 8.809757
 9.418983
10.397349
 9.548202
 9.267324
 8.913748
10.057521
11.765831
11.810650
11.405422
12.636041
11.641587
11.693855
12.017099
12.698784
11.889343
10.225063
10.217566
 9.510992
10.123988
10.165459
 9.277007
 8.251713
 9.437825
 9.654853
10.138308
10.397574
10.319872
 9.289988
 9.472431
 9.655221
 9.800871
 9.692334
 9.165442
 8.908044
 7.854644
 7.615272
 8.249560
 7.703860
 7.838678
 7.713905
 8.179880
 8.459781
 9.052743
 8.887484
 8.753170
 8.549349
 9.177738
 9.617995
11.486454
12.657436
11.821522
12.361826
13.336576
12.929197
12.835922
11.557127
12.011487
12.468342
12.986669
12.338208
11.821193
12.556400
11.893293
12.868245
12.199432
12.903575
13.481292
 9.969866
 9.578352
 9.174777
 9.218624
 9.794576
 9.410083
 8.614214
 9.647617
 8.884159
10.657029
10.379591
10.573857
 9.893319
10.520607
10.548541
10.320149
 9.957747
 9.793973
10.334501
10.427213
10.929411
10.102499
10.869402
10.690356
10.670636
11.459155
10.600246
 9.409664
 8.003475
 7.711129
 7.981411
 7.930416
 7.578555
 7.914623
 9.932642
10.907645
 9.654154
10.620491
11.222566
 9.818524
10.588903
10.950768
10.607018
10.182450
 9.950621
10.325663
 9.276027
 9.595703
 9.748692
 9.652981
10.251441
10.454135
10.581955
11.136436
10.427764
 9.753081
10.809841
10.384728
 9.601263
10.221858
 9.504247
10.768017
 9.759540
10.727318
10.164084
10.765283
 9.765116
 9.898107
10.331972
 9.940968
 9.488205
10.269973
 9.672169
 9.566573
 9.705838
 9.113371
 8.529994
 9.590512
 9.754082
10.274339
 9.318573
 9.474672
 9.472227
 9.352039
 8.931495
10.678677
10.127786
 9.708177
 9.725401
10.815145
11.027257
11.521451
11.147613
11.600200
 7.433807
 7.059685
 7.580558
 7.665500
 6.905012
 8.530611
 9.041109
 9.070376
 8.417715
 8.321654
 8.043144
 7.666503
 9.733593
 9.135755
 9.987598
 9.319989
10.064198
 9.796736
 9.883156
 8.949935
 9.581159
 9.322503
10.562470
10.443083
10.438769
11.446182
11.339579
11.427244
11.059935
11.306977
10.923032
11.070157
11.300948
10.902820
11.701572
11.117863
 9.890796
10.057654
10.111768
10.858575
10.557047
 9.103647
 9.251013
 9.701286
 9.597809
 9.593818
10.271198
10.873328
11.463416
10.865434
11.480113
11.283237
11.055348
10.662791
10.506660
11.310942
10.316491
10.774607
10.100280
10.145747
10.624871
10.328450
 9.644352
11.067114
13.830490
14.164747
14.060768
14.985319
12.225024
13.623196
12.406504
12.364238
12.773064
15.033592
13.949061
13.488416
12.481122
12.858870
13.838235
14.614935
15.808038
12.624517
12.964792
13.604349
13.769321
13.097191
12.901147
11.708877
12.046809
12.170559
11.537129
12.401879
14.185961
15.321064
13.978657
13.829578
13.051988
12.979425
13.853384
13.578709
11.714366
12.413825
14.049212
14.560292
13.597726
19.292434
19.216388
18.892897
18.691361
17.457877
19.076956
17.954021
19.361937
19.981559
18.576244
18.913144
19.415700
14.463576
13.968657
14.897382
16.129432
14.838094
13.911850
15.251289
14.299419
14.199651
14.804757
14.880881
15.054556
14.262469
15.456116
13.564940
14.767043
13.571165
13.521568
18.171013
17.322368
17.000614
18.250736
17.793490
18.601174
16.931679
17.529735
17.239319
18.526237
18.566086
18.478783
15.952505
14.804440
16.240770
16.088290
16.829875
16.489495
17.476033
18.837816
18.225669
18.204594
18.010203
20.380666
19.817831
18.984751
19.206258
18.155235
17.777508
18.671307
19.869003
18.847048
17.986228
17.514770
16.991456
18.608413
17.728351
18.930321
18.585014
18.516865
16.755859
16.177176
15.538333
17.544390
18.116393
17.241705
16.922979
18.544949
14.679175
14.643535
17.987077
17.191183
17.284890
17.013284
17.273649
18.369672
17.833624
17.614068
17.275741
17.427149
16.150905
17.188578
15.466096
18.591643
16.296713
17.109129
16.823403
17.685585
17.458237
16.634626
17.126107
16.358593
15.679577
16.790219
16.779233
20.517900
23.127294
21.777497
21.293703
20.120522
20.439187
21.404274
18.937915
10.216121
10.616882
11.014231
 8.796609
 9.361616
 8.895218
10.183664
 9.113937
 9.149473
 9.025957
 9.602731
 8.867508
 9.567048
 9.888622
 9.726068
10.175815
 9.766479
10.434324
10.605053
10.564837
10.833848
10.640673
10.812783
10.193399
11.520326
10.243632
10.881445
 7.942002
 7.372254
 7.266082
 9.237224
 9.170194
10.141558
 9.586792
 9.723437
 9.512357
10.018183
 9.422577
 9.225047
 9.355602
 9.611493
 9.730745
 9.169221
 9.936298
 9.498485
10.009673
10.520807
 9.624242
10.024945
 9.617610
 9.956948
10.934473
11.391159
11.623987
 9.793423
10.197624
10.989577
 9.662823
10.958006
11.423985
10.242384
10.712813
 9.873169
11.493393
10.739960
10.064321
10.453900
 9.952225
 9.996029
 9.836424
10.309737
10.119059
10.725481
10.901742
 9.737236
 9.488239
 9.144387
 9.667033
 9.961184
 9.997464
 8.961591
 8.781020
 9.342159
11.969707
10.730699
11.635854
11.017460
11.375443
11.428420
11.609089
11.213835
11.102088
10.219172
10.102719
10.472353
10.725187
10.859276
11.366648
11.589931
10.167267
 9.525026
 8.948473
11.976227
12.067048
13.213555
12.384060
12.006956
11.861440
12.378157
12.149573
11.582937
15.543421
15.768311
14.375174
14.972137
13.925050
15.079586
15.064707
14.580261
13.476774
15.055363
15.665790
13.970200
14.584742
14.640199
13.334305
13.984074
13.624676
14.875641
12.960435
15.107184
12.863807
14.662550
14.818175
14.747297
14.598529
14.234475
14.265071
14.608348
12.092322
12.815915
13.069791
12.692295
12.334434
13.292827
13.278683
13.178389
13.380982
13.368121
13.157021
13.030835
12.528474
12.592507
13.795932
13.182661
13.140638
11.066732
12.908066
12.941457
12.696501
12.658656
13.925761
12.798016
13.880833
13.656842
13.348431
14.610063
14.729990
14.324587
15.495321
14.748032
15.013193
13.125515
17.126003
16.331699
15.719787
15.400465
13.943106
15.443549
12.390505
12.124938
11.636304
13.255061
12.231007
12.447163
12.191072
12.387778
13.237924
14.649429
14.134105
11.580323
11.883708
11.691921
12.565479
13.481500
13.441864
13.804317
12.324533
13.094675
12.803300
12.868294
14.008336
17.672504
19.185278
17.744324
18.617237
19.707399
18.291466
17.692013
18.988686
17.786289
18.269172
17.906003
19.551449
18.481655
20.530082
17.550313
18.136993
18.335784
15.879549
13.837560
15.032736
14.933668
15.050601
16.024448
16.213506
15.454069
11.839019
11.717956
10.811447
10.770517
13.563487
14.576751
13.305189
13.398469
14.284332
13.133019
13.086833
13.537065
13.964501
15.174522
13.038457
12.318106
12.931304
12.453930
11.925017
12.226604
12.967013
12.251036
12.256689
12.915303
12.433349
11.639609
12.120900
11.570457
11.506169
12.527354
13.079149
13.339071
13.376811
11.568205
12.845441
12.572194
13.028166
11.979644
11.906286
13.806131
13.585776
12.888719
13.113042
12.775089
13.057161
14.137878
13.240507
13.902279
13.120901
14.816178
12.636511
13.071540
13.414760
12.754528
13.464777
13.495720
11.817582
12.961622
13.544484
13.674985
14.101979
13.988965
13.801415
13.670321
14.186561
14.649337
14.688025
13.355954
13.652381
12.643327
12.530430
11.785997
12.324215
12.561393
12.463930
15.039656
15.272717
14.231718
15.235795
13.968878
14.152652
14.248346
13.926220
14.472252
14.941687
14.613791
13.204911
13.847214
13.592564
13.177459
12.333646
11.913387
12.175244
11.561733
10.970739
11.158004
11.351562
11.258751
10.330073
12.138460
10.271938
 9.678962
11.022301
10.459450
10.964570
11.057467
11.490945
10.246110
10.800069
10.278066
10.255878
11.389973
11.024547
12.209611
12.271141
11.126735
12.267923
12.174817
11.386459
11.604776
11.753302
11.368481
12.375484
12.836572
11.379642
10.726108
12.465788
13.423601
13.852809
13.869813
15.312696
14.453852
14.220197
15.143610
14.656702
15.499781
15.082910
16.338880
14.030282
15.451548
15.210115
14.674447
14.641959
11.364982
10.599506
10.217382
10.851966
11.401625
15.239504
14.515276
14.216585
14.008478
14.035351
17.471067
17.350240
16.376866
16.961158
17.102070
12.648983
14.286319
14.526497
11.935378
13.486568
13.783442
14.213809
14.010418
12.591448
12.729322
13.613799
13.026724
12.785328
13.475351
13.731781
13.343503
15.347977
14.923038
14.910289
15.151382
12.688120
13.627159
13.299750
13.521847
13.655366
 9.912929
10.994700
11.363641
10.493863
10.034454
 9.440472
10.170372
 9.241379
10.057727
10.064288
 9.268814
12.367289
11.522928
 9.640787
10.032420
10.623091
11.799725
 9.764695
10.565368
10.736348
11.831137
11.844027
11.138087
11.837029
10.949917
11.750908
11.954935
12.240501
11.828158
12.731908
12.868404
13.057568
12.677046
12.144258
12.693424
12.817536
12.639437
13.207334
 9.625778
10.465856
 9.809638
10.324229
 8.397407
10.994367
10.828134
10.567456
10.389581
 9.876156
 8.416124
10.030358
 8.757635
 9.413495
 9.061609
 9.739062
 9.055708
 7.818941
 7.914133
 8.019580
 7.700794
 7.477278
 8.323997
 7.987757
 7.314398
 7.260391
 7.494916
11.282748
11.348226
12.381664
11.342791
11.355479
11.586055
11.137775
10.758604
10.283509
11.712055
10.320997
12.292598
11.478850
11.603122
11.701625
12.102833
 9.278249
10.357140
10.021279
10.921622
10.027134
10.408338
 9.882059
10.023520
 9.867135
 8.690664
 9.864563
 9.878361
 9.816823
 9.435133
 9.459802
10.345578
10.863677
 9.736440
11.290046
10.308100
10.498905
 9.976412
10.713307
12.285429
11.610047
12.299937
11.871666
11.024129
11.218688
12.070543
11.688192
 8.661800
 8.576233
 8.812203
 9.973375
 9.528786
10.809080
10.783089
11.269732
10.069225
11.321653
11.079562
10.491436
 9.498637
 8.726942
 9.442929
 9.411093
 9.332357
 7.987266
 8.736640
 8.920433
10.408593
10.061828
10.475410
 9.743759
10.456452
 9.297402
 9.355827
10.090686
 8.918437
 8.787510
 8.347312
 8.494667
 8.528592
 9.069579
 8.789358
 8.985872
 9.293464
 8.597047
 9.400573
 8.337526
 8.307541
 8.548802
 8.759592
 9.833907
12.855465
12.199588
13.284926
12.519444
12.462901
13.535381
13.704733
14.445183
15.331704
15.393624
13.877026
14.739347
11.940795
13.115760
12.487200
13.136145
13.025825
13.648496
13.416153
13.991316
13.417393
13.142951
13.528585
14.144928
14.575929
13.404111
12.880366
13.373514
13.437351
12.862971
12.612305
11.817709
13.356395
13.557009
14.325976
13.728630
14.589300
12.764093
12.983219
13.182976
13.150955
13.606126
14.557990
13.594442
14.212137
13.679136
13.373157
14.520739
13.908195
12.982790
13.972695
12.057609
11.828544
10.473724
12.205230
11.790223
12.004314
12.244830
11.889990
11.787423
11.959464
12.380474
11.981355
11.518545
11.254651
 9.839035
 9.596027
10.338426
11.543684
12.273825
11.129090
10.838948
10.721673
10.374526
10.167365
11.528783
12.196720
12.333675
11.923121
12.281040
13.091038
12.495321
11.799271
11.742219
11.806657
12.489209
11.827416
11.513109
12.960253
12.724714
13.232092
13.162341
12.068973
13.742176
13.614928
13.432042
13.837752
14.273501
10.394324
 9.903740
 9.884821
 9.671217
11.085193
10.731989
10.444822
11.655546
10.462015
10.727015
10.916168
10.759586
11.015000
10.963829
11.468049
11.726060
12.155429
11.803875
19.905581
21.200070
21.399471
20.804001
19.068393
19.545632
20.916235
20.782535
19.834835
19.659312
20.508240
21.473428
19.970945
19.151056
18.708967
19.055319
19.047029
20.400805
20.035961
19.640002
20.985651
19.702474
20.489900
20.997358
18.605092
20.117756
21.877511
21.212931
21.986260
22.112831
20.956087
17.436678
18.707922
18.551503
18.349707
20.183050
18.509340
18.613307
18.400195
18.339658
17.666738
18.340197
17.298281
18.571683
16.862852
17.155756
13.666843
13.652105
14.303164
11.263681
11.687282
12.313598
11.560809
13.554957
13.731682
13.397576
13.321794
13.707351
14.434325
15.142357
14.825798
15.207657
14.388692
14.577560
14.967822
15.561984
15.006082
15.875673
14.524933
14.600358
14.271796
11.479439
12.023601
11.213221
12.692043
12.192285
11.931794
12.534696
12.064629
12.565930
10.631585
10.006666
11.086064
12.008088
12.084057
12.140161
12.078978
11.376984
10.926185
11.201400
11.656754
12.396071
11.966251
11.355803
12.350548
13.109814
11.206258
12.444150
11.644779
12.898856
14.708741
13.890161
13.671000
13.266984
13.893991
12.020682
13.890997
13.072157
13.570997
14.105555
10.771391
 9.665578
10.698728
 9.793846
 9.868300
11.558452
11.083031
11.689149
12.359846
12.186341
13.204050
11.215567
11.748908
14.723859
14.052429
13.381967
13.904221
12.652813
13.462457
12.882717
12.584256
15.754502
14.037781
14.059073
14.874712
15.149753
15.469970
15.318787
15.358393
16.064024
16.422721
11.970172
12.385153
11.893986
12.245223
12.385570
12.070326
13.967314
13.051723
13.207004
13.553080
11.470934
12.040527
13.139266
12.627844
13.425342
13.079369
13.648411
13.392420
13.758134
10.221436
 9.398909
10.376120
10.659652
10.252300
11.123641
10.982781
10.830931
 8.642596
 9.812254
11.037644
10.743534
 9.725490
10.114381
 8.946049
 9.675514
 9.267741
10.619183
10.372505
10.114670
10.528090
10.558586
10.575110
 9.764667
10.552461
 9.899775
 8.482088
 8.882286
 9.545212
 8.603706
 8.539471
 8.645581
 8.205557
 8.528562
 7.874143
 8.693238
 8.443581
 8.198918
 8.419850
 9.330437
 8.941946
12.519245
11.535469
12.257392
12.598922
13.147193
12.546395
 7.633181
 7.241312
 8.256288
 8.330163
 7.688102
 8.204590
 8.622452
 8.063624
 7.898169
 8.115334
 8.913833
 8.529497
 8.467248
 9.067169
 7.289797
 7.518960
 7.863781
 7.432686
 8.129999
 6.931259
 7.828921
11.099632
10.632278
11.062840
10.661337
11.152850
10.503141
10.618323
10.202439
10.097440
10.446534
10.054289
 9.473906
 9.986125
11.363410
10.620066
10.564888
11.350859
11.286203
11.839834
11.557027
13.115305
12.438511
10.385683
 9.909862
 9.620625
10.241491
 9.403811
 9.835828
 9.782953
10.000739
10.133682
 9.659268
10.300972
10.311318
10.339305
10.154757
10.453930
11.045047
10.126061
10.766406
10.208894
11.163108
10.406742
10.897678
10.476537
10.271277
10.345716
11.515017
13.119349
11.640603
12.844847
13.098429
13.160118
11.888776
11.810093
11.188987
12.801644
12.129589
14.209765
13.355806
12.522355
12.526616
13.518781
12.277422
12.003523
11.690157
11.414382
11.599275
11.593228
10.687451
10.240204
 9.738354
10.243612
11.435900
 9.391951
11.117156
11.442077
10.296582
11.329112
10.893795
10.138105
10.675790
10.487496
10.267192
 9.432818
 9.812062
 9.439226
 9.171161
10.002993
10.007760
10.003968
 9.306504
10.500542
 9.949942
10.048543
 9.722410
 9.766591
10.659345
10.647421
11.352256
10.714013
10.900304
 9.754056
10.171179
10.262387
10.352881
11.047662
10.203490
13.219773
12.836376
15.520784
16.573942
15.934193
15.072376
15.957005
17.931695
15.379227
16.394088
15.689173
15.384976
15.895713
16.083983
15.601985
14.214928
15.554350
15.891407
16.825216
13.800455
14.122189
13.585955
13.495016
13.393208
14.255940
14.151734
14.639076
14.589458
13.906567
13.408804
14.787008
13.908179
14.000839
14.868532
15.780043
16.158156
15.724233
15.791855
16.106276
19.268060
18.939711
19.463207
18.473989
18.492701
16.932413
18.424984
18.739970
 5.329242
 5.457521
 5.717682
 5.843364
 5.289960
 5.791357
 6.038697
 5.751273
 6.184418
 6.639429
 6.578466
 6.441549
 6.353737
 6.663037
 6.928470
 6.942941
 6.104363
 6.746701
 6.880786
 7.550653
 7.420634
 8.045969
 7.369500
 7.438766
 7.345514
 7.051389
 7.186454
 7.058494
 6.119833
 6.467812
 6.408057
 6.997180
 6.886504
 6.311870
 6.187664
 6.421257
 5.967332
 6.094544
 6.490591
 6.509629
 6.691076
 6.308852
 6.783245
 6.213800
 6.461084
 6.889570
 6.283732
 6.387453
 6.088415
 7.429975
 6.825894
 6.866740
 6.823681
 6.658991
 7.387043
12.106736
11.241561
11.407960
11.758295
12.157670
13.117247
13.065544
12.587945
10.374868
10.843272
11.070037
10.728635
10.798822
10.407915
10.971653
10.283630
 8.838035
 8.549226
 9.274576
 9.768721
 8.877033
11.990713
12.388517
11.130196
11.671147
10.696215
11.611921
11.192726
11.645891
13.218376
11.940957
12.632301
13.077357
12.878718
12.289266
13.020436
12.697494
13.485367
13.850692
15.113117
14.454248
14.963721
14.033522
14.546478
14.526022
14.579662
14.375780
15.190653
15.720594
15.019206
14.247914
14.814423
14.679452
14.624020
14.152491
13.667781
13.317490
13.098332
11.457369
12.022254
11.975192
12.060309
12.176281
 9.227799
 8.875081
11.017394
10.726513
10.610587
10.513474
