0.5157173
0.4771114
0.5226392
0.5300356
0.5137601
0.4964716
0.4839886
0.5057495
0.5076321
0.4834520
0.5066647
0.5032274
0.5139399
0.5086169
0.5216836
0.5250211
0.4992352
0.4657479
0.4841051
0.4971960
0.5156627
0.5050685
0.4968185
0.5224125
0.4704712
0.4924390
0.4899232
0.4994163
0.4994885
0.4566950
0.4778065
0.5160465
0.5265720
0.4983878
0.5038201
0.5087598
0.4973827
0.4989504
0.5198258
0.5208164
0.5157173
0.4771114
0.5226392
0.5300356
0.5137601
0.4964716
0.4839886
0.5057495
0.5076321
0.4834520
0.5066647
0.5032274
0.5139399
0.5086169
0.5216836
0.5250211
0.4992352
0.4657479
0.4841051
0.4971960
0.5156627
0.5050685
0.4968185
0.5224125
0.4704712
0.4924390
0.4899232
0.4994163
0.4994885
0.4566950
0.4778065
0.5160465
0.5265720
0.4983878
0.5038201
0.5087598
0.4973827
0.4989504
0.5198258
0.5208164
0.5157173
0.4771114
0.5226392
0.5300356
0.5137601
0.4964716
0.4839886
0.5057495
0.5076321
0.4834520
0.5066647
0.5032274
0.5139399
0.5086169
0.5216836
0.5250211
0.4992352
0.4657479
0.4841051
0.4971960
0.5156627
0.5050685
0.4968185
0.5224125
0.4704712
0.4924390
0.4899232
0.4994163
0.4994885
0.4566950
0.4778065
0.5160465
0.5265720
0.4983878
0.5038201
0.5087598
0.4973827
0.4989504
0.5198258
0.5208164
0.5157173
0.4771114
0.5226392
0.5300356
0.5137601
0.4964716
0.4839886
0.5057495
0.5076321
0.4834520
0.5066647
0.5032274
0.5139399
0.5086169
0.5216836
0.5250211
0.4992352
0.4657479
0.4841051
0.4971960
0.5156627
0.5050685
0.4968185
0.5224125
0.4704712
0.4924390
0.4899232
0.4994163
0.4994885
0.4566950
0.4778065
0.5160465
0.5265720
0.4983878
0.5038201
0.5087598
0.4973827
0.4989504
0.5198258
0.5208164
0.5157173
0.4771114
0.5226392
0.5300356
0.5137601
0.4964716
0.4839886
0.5057495
0.5076321
0.4834520
0.5066647
0.5032274
0.5139399
0.5086169
0.5216836
0.5250211
0.4992352
0.4657479
0.4841051
0.4971960
0.5156627
0.5050685
0.4968185
0.5224125
0.4704712
0.4924390
0.4899232
0.4994163
0.4994885
0.4566950
0.4778065
0.5160465
0.5265720
0.4983878
0.5038201
0.5087598
0.4973827
0.4989504
0.5198258
0.5208164
0.5157173
0.4771114
0.5226392
0.5300356
0.5137601
0.4964716
0.4839886
0.5057495
0.5076321
0.4834520
0.5066647
0.5032274
0.5139399
0.5086169
0.5216836
0.5250211
0.4992352
0.4657479
0.4841051
0.4971960
0.5156627
0.5050685
0.4968185
0.5224125
0.4704712
0.4924390
0.4899232
0.4994163
0.4994885
0.4566950
0.4778065
0.5160465
0.5265720
0.4983878
0.5038201
0.5087598
0.4973827
0.4989504
0.5198258
0.5208164
0.5157173
0.4771114
0.5226392
0.5300356
0.5137601
0.4964716
0.4839886
0.5057495
0.5076321
0.4834520
0.5066647
0.5032274
0.5139399
0.5086169
0.5216836
0.5250211
0.4992352
0.4657479
0.4841051
0.4971960
0.5156627
0.5050685
0.4968185
0.5224125
0.4704712
0.4924390
0.4899232
0.4994163
0.4994885
0.4566950
0.4778065
0.5160465
0.5265720
0.4983878
0.5038201
0.5087598
0.4973827
0.4989504
0.5198258
0.5208164
0.5157173
0.4771114
0.5226392
0.5300356
0.5137601
0.4964716
0.4839886
0.5057495
0.5076321
0.4834520
0.5066647
0.5032274
0.5139399
0.5086169
0.5216836
0.5250211
0.4992352
0.4657479
0.4841051
0.4971960
0.5156627
0.5050685
0.4968185
0.5224125
0.4704712
0.4924390
0.4899232
0.4994163
0.4994885
0.4566950
0.4778065
0.5160465
0.5265720
0.4983878
0.5038201
0.5087598
0.4973827
0.4989504
0.5198258
0.5208164
0.5157173
0.4771114
0.5226392
0.5300356
0.5137601
0.4964716
0.4839886
0.5057495
0.5076321
0.4834520
0.5066647
0.5032274
0.5139399
0.5086169
0.5216836
0.5250211
0.4992352
0.4657479
0.4841051
0.4971960
0.5156627
0.5050685
0.4968185
0.5224125
0.4704712
0.4924390
0.4899232
0.4994163
0.4994885
0.4566950
0.4778065
0.5160465
0.5265720
0.4983878
0.5038201
0.5087598
0.4973827
0.4989504
0.5198258
0.5208164
0.5157173
0.4771114
0.5226392
0.5300356
0.5137601
0.4964716
0.4839886
0.5057495
0.5076321
0.4834520
0.5066647
0.5032274
0.5139399
0.5086169
0.5216836
0.5250211
0.4992352
0.4657479
0.4841051
0.4971960
0.5156627
0.5050685
0.4968185
0.5224125
0.4704712
0.4924390
0.4899232
0.4994163
0.4994885
0.4566950
0.4778065
0.5160465
0.5265720
0.4983878
0.5038201
0.5087598
0.4973827
0.4989504
0.5198258
0.5208164
0.5157173
0.4771114
0.5226392
0.5300356
0.5137601
0.4964716
0.4839886
0.5057495
0.5076321
0.4834520
0.5066647
0.5032274
0.5139399
0.5086169
0.5216836
0.5250211
0.4992352
0.4657479
0.4841051
0.4971960
0.5156627
0.5050685
0.4968185
0.5224125
0.4704712
0.4924390
0.4899232
0.4994163
0.4994885
0.4566950
0.4778065
0.5160465
0.5265720
0.4983878
0.5038201
0.5087598
0.4973827
0.4989504
0.5198258
0.5208164
0.5157173
0.4771114
0.5226392
0.5300356
0.5137601
0.4964716
0.4839886
0.5057495
0.5076321
0.4834520
0.5066647
0.5032274
0.5139399
0.5086169
0.5216836
0.5250211
0.4992352
0.4657479
0.4841051
0.4971960
0.5156627
0.5050685
0.4968185
0.5224125
0.4704712
0.4924390
0.4899232
0.4994163
0.4994885
0.4566950
0.4778065
0.5160465
0.5265720
0.4983878
0.5038201
0.5087598
0.4973827
0.4989504
0.5198258
0.5208164
0.5157173
0.4771114
0.5226392
0.5300356
0.5137601
0.4964716
0.4839886
0.5057495
0.5076321
0.4834520
0.5066647
0.5032274
0.5139399
0.5086169
0.5216836
0.5250211
0.4992352
0.4657479
0.4841051
0.4971960
0.5156627
0.5050685
0.4968185
0.5224125
0.4704712
0.4924390
0.4899232
0.4994163
0.4994885
0.4566950
0.4778065
0.5160465
0.5265720
0.4983878
0.5038201
0.5087598
0.4973827
0.4989504
0.5198258
0.5208164
0.5157173
0.4771114
0.5226392
0.5300356
0.5137601
0.4964716
0.4839886
0.5057495
0.5076321
0.4834520
0.5066647
0.5032274
0.5139399
0.5086169
0.5216836
0.5250211
0.4992352
0.4657479
0.4841051
0.4971960
0.5156627
0.5050685
0.4968185
0.5224125
0.4704712
0.4924390
0.4899232
0.4994163
0.4994885
0.4566950
0.4778065
0.5160465
0.5265720
0.4983878
0.5038201
0.5087598
0.4973827
0.4989504
0.5198258
0.5208164
0.5157173
0.4771114
0.5226392
0.5300356
0.5137601
0.4964716
0.4839886
0.5057495
0.5076321
0.4834520
0.5066647
0.5032274
0.5139399
0.5086169
0.5216836
0.5250211
0.4992352
0.4657479
0.4841051
0.4971960
0.5156627
0.5050685
0.4968185
0.5224125
0.4704712
0.4924390
0.4899232
0.4994163
0.4994885
0.4566950
0.4778065
0.5160465
0.5265720
0.4983878
0.5038201
0.5087598
0.4973827
0.4989504
0.5198258
0.5208164
0.5157173
0.4771114
0.5226392
0.5300356
0.5137601
0.4964716
0.4839886
0.5057495
0.5076321
0.4834520
0.5066647
0.5032274
0.5139399
0.5086169
0.5216836
0.5250211
0.4992352
0.4657479
0.4841051
0.4971960
0.5156627
0.5050685
0.4968185
0.5224125
0.4704712
0.4924390
0.4899232
0.4994163
0.4994885
0.4566950
0.4778065
0.5160465
0.5265720
0.4983878
0.5038201
0.5087598
0.4973827
0.4989504
0.5198258
0.5208164
0.5157173
0.4771114
0.5226392
0.5300356
0.5137601
0.4964716
0.4839886
0.5057495
0.5076321
0.4834520
0.5066647
0.5032274
0.5139399
0.5086169
0.5216836
0.5250211
0.4992352
0.4657479
0.4841051
0.4971960
0.5156627
0.5050685
0.4968185
0.5224125
0.4704712
0.4924390
0.4899232
0.4994163
0.4994885
0.4566950
0.4778065
0.5160465
0.5265720
0.4983878
0.5038201
0.5087598
0.4973827
0.4989504
0.5198258
0.5208164
0.5157173
0.4771114
0.5226392
0.5300356
0.5137601
0.4964716
0.4839886
0.5057495
0.5076321
0.4834520
0.5066647
0.5032274
0.5139399
0.5086169
0.5216836
0.5250211
0.4992352
0.4657479
0.4841051
0.4971960
0.5156627
0.5050685
0.4968185
0.5224125
0.4704712
0.4924390
0.4899232
0.4994163
0.4994885
0.4566950
0.4778065
0.5160465
0.5265720
0.4983878
0.5038201
0.5087598
0.4973827
0.4989504
0.5198258
0.5208164
0.5157173
0.4771114
0.5226392
0.5300356
0.5137601
0.4964716
0.4839886
0.5057495
0.5076321
0.4834520
0.5066647
0.5032274
0.5139399
0.5086169
0.5216836
0.5250211
0.4992352
0.4657479
0.4841051
0.4971960
0.5156627
0.5050685
0.4968185
0.5224125
0.4704712
0.4924390
0.4899232
0.4994163
0.4994885
0.4566950
0.4778065
0.5160465
0.5265720
0.4983878
0.5038201
0.5087598
0.4973827
0.4989504
0.5198258
0.5208164
0.5157173
0.4771114
0.5226392
0.5300356
0.5137601
0.4964716
0.4839886
0.5057495
0.5076321
0.4834520
0.5066647
0.5032274
0.5139399
0.5086169
0.5216836
0.5250211
0.4992352
0.4657479
0.4841051
0.4971960
0.5156627
0.5050685
0.4968185
0.5224125
0.4704712
0.4924390
0.4899232
0.4994163
0.4994885
0.4566950
0.4778065
0.5160465
0.5265720
0.4983878
0.5038201
0.5087598
0.4973827
0.4989504
0.5198258
0.5208164
0.5157173
0.4771114
0.5226392
0.5300356
0.5137601
0.4964716
0.4839886
0.5057495
0.5076321
0.4834520
0.5066647
0.5032274
0.5139399
0.5086169
0.5216836
0.5250211
0.4992352
0.4657479
0.4841051
0.4971960
0.5156627
0.5050685
0.4968185
0.5224125
0.4704712
0.4924390
0.4899232
0.4994163
0.4994885
0.4566950
0.4778065
0.5160465
0.5265720
0.4983878
0.5038201
0.5087598
0.4973827
0.4989504
0.5198258
0.5208164
0.5157173
0.4771114
0.5226392
0.5300356
0.5137601
0.4964716
0.4839886
0.5057495
0.5076321
0.4834520
0.5066647
0.5032274
0.5139399
0.5086169
0.5216836
0.5250211
0.4992352
0.4657479
0.4841051
0.4971960
0.5156627
0.5050685
0.4968185
0.5224125
0.4704712
0.4924390
0.4899232
0.4994163
0.4994885
0.4566950
0.4778065
0.5160465
0.5265720
0.4983878
0.5038201
0.5087598
0.4973827
0.4989504
0.5198258
0.5208164
0.5157173
0.4771114
0.5226392
0.5300356
0.5137601
0.4964716
0.4839886
0.5057495
0.5076321
0.4834520
0.5066647
0.5032274
0.5139399
0.5086169
0.5216836
0.5250211
0.4992352
0.4657479
0.4841051
0.4971960
0.5156627
0.5050685
0.4968185
0.5224125
0.4704712
0.4924390
0.4899232
0.4994163
0.4994885
0.4566950
0.4778065
0.5160465
0.5265720
0.4983878
0.5038201
0.5087598
0.4973827
0.4989504
0.5198258
0.5208164
0.5157173
0.4771114
0.5226392
0.5300356
0.5137601
0.4964716
0.4839886
0.5057495
0.5076321
0.4834520
0.5066647
0.5032274
0.5139399
0.5086169
0.5216836
0.5250211
0.4992352
0.4657479
0.4841051
0.4971960
0.5156627
0.5050685
0.4968185
0.5224125
0.4704712
0.4924390
0.4899232
0.4994163
0.4994885
0.4566950
0.4778065
0.5160465
0.5265720
0.4983878
0.5038201
0.5087598
0.4973827
0.4989504
0.5198258
0.5208164
0.5157173
0.4771114
0.5226392
0.5300356
0.5137601
0.4964716
0.4839886
0.5057495
0.5076321
0.4834520
0.5066647
0.5032274
0.5139399
0.5086169
0.5216836
0.5250211
0.4992352
0.4657479
0.4841051
0.4971960
0.5156627
0.5050685
0.4968185
0.5224125
0.4704712
0.4924390
0.4899232
0.4994163
0.4994885
0.4566950
0.4778065
0.5160465
0.5265720
0.4983878
0.5038201
0.5087598
0.4973827
0.4989504
0.5198258
0.5208164
0.5157173
0.4771114
0.5226392
0.5300356
0.5137601
0.4964716
0.4839886
0.5057495
0.5076321
0.4834520
0.5066647
0.5032274
0.5139399
0.5086169
0.5216836
0.5250211
0.4992352
0.4657479
0.4841051
0.4971960
0.5156627
0.5050685
0.4968185
0.5224125
0.4704712
0.4924390
0.4899232
0.4994163
0.4994885
0.4566950
0.4778065
0.5160465
0.5265720
0.4983878
0.5038201
0.5087598
0.4973827
0.4989504
0.5198258
0.5208164
0.5157173
0.4771114
0.5226392
0.5300356
0.5137601
0.4964716
0.4839886
0.5057495
0.5076321
0.4834520
0.5066647
0.5032274
0.5139399
0.5086169
0.5216836
0.5250211
0.4992352
0.4657479
0.4841051
0.4971960
0.5156627
0.5050685
0.4968185
0.5224125
0.4704712
0.4924390
0.4899232
0.4994163
0.4994885
0.4566950
0.4778065
0.5160465
0.5265720
0.4983878
0.5038201
0.5087598
0.4973827
0.4989504
0.5198258
0.5208164
0.5157173
0.4771114
0.5226392
0.5300356
0.5137601
0.4964716
0.4839886
0.5057495
0.5076321
0.4834520
0.5066647
0.5032274
0.5139399
0.5086169
0.5216836
0.5250211
0.4992352
0.4657479
0.4841051
0.4971960
0.5156627
0.5050685
0.4968185
0.5224125
0.4704712
0.4924390
0.4899232
0.4994163
0.4994885
0.4566950
0.4778065
0.5160465
0.5265720
0.4983878
0.5038201
0.5087598
0.4973827
0.4989504
0.5198258
0.5208164
0.5157173
0.4771114
0.5226392
0.5300356
0.5137601
0.4964716
0.4839886
0.5057495
0.5076321
0.4834520
0.5066647
0.5032274
0.5139399
0.5086169
0.5216836
0.5250211
0.4992352
0.4657479
0.4841051
0.4971960
0.5156627
0.5050685
0.4968185
0.5224125
0.4704712
0.4924390
0.4899232
0.4994163
0.4994885
0.4566950
0.4778065
0.5160465
0.5265720
0.4983878
0.5038201
0.5087598
0.4973827
0.4989504
0.5198258
0.5208164
0.5157173
0.4771114
0.5226392
0.5300356
0.5137601
0.4964716
0.4839886
0.5057495
0.5076321
0.4834520
0.5066647
0.5032274
0.5139399
0.5086169
0.5216836
0.5250211
0.4992352
0.4657479
0.4841051
0.4971960
0.5156627
0.5050685
0.4968185
0.5224125
0.4704712
0.4924390
0.4899232
0.4994163
0.4994885
0.4566950
0.4778065
0.5160465
0.5265720
0.4983878
0.5038201
0.5087598
0.4973827
0.4989504
0.5198258
0.5208164
0.5157173
0.4771114
0.5226392
0.5300356
0.5137601
0.4964716
0.4839886
0.5057495
0.5076321
0.4834520
0.5066647
0.5032274
0.5139399
0.5086169
0.5216836
0.5250211
0.4992352
0.4657479
0.4841051
0.4971960
0.5156627
0.5050685
0.4968185
0.5224125
0.4704712
0.4924390
0.4899232
0.4994163
0.4994885
0.4566950
0.4778065
0.5160465
0.5265720
0.4983878
0.5038201
0.5087598
0.4973827
0.4989504
0.5198258
0.5208164
0.5157173
0.4771114
0.5226392
0.5300356
0.5137601
0.4964716
0.4839886
0.5057495
0.5076321
0.4834520
0.5066647
0.5032274
0.5139399
0.5086169
0.5216836
0.5250211
0.4992352
0.4657479
0.4841051
0.4971960
0.5156627
0.5050685
0.4968185
0.5224125
0.4704712
0.4924390
0.4899232
0.4994163
0.4994885
0.4566950
0.4778065
0.5160465
0.5265720
0.4983878
0.5038201
0.5087598
0.4973827
0.4989504
0.5198258
0.5208164
0.5157173
0.4771114
0.5226392
0.5300356
0.5137601
0.4964716
0.4839886
0.5057495
0.5076321
0.4834520
0.5066647
0.5032274
0.5139399
0.5086169
0.5216836
0.5250211
0.4992352
0.4657479
0.4841051
0.4971960
0.5156627
0.5050685
0.4968185
0.5224125
0.4704712
0.4924390
0.4899232
0.4994163
0.4994885
0.4566950
0.4778065
0.5160465
0.5265720
0.4983878
0.5038201
0.5087598
0.4973827
0.4989504
0.5198258
0.5208164
0.5157173
0.4771114
0.5226392
0.5300356
0.5137601
0.4964716
0.4839886
0.5057495
0.5076321
0.4834520
0.5066647
0.5032274
0.5139399
0.5086169
0.5216836
0.5250211
0.4992352
0.4657479
0.4841051
0.4971960
0.5156627
0.5050685
0.4968185
0.5224125
0.4704712
0.4924390
0.4899232
0.4994163
0.4994885
0.4566950
0.4778065
0.5160465
0.5265720
0.4983878
0.5038201
0.5087598
0.4973827
0.4989504
0.5198258
0.5208164
0.5157173
0.4771114
0.5226392
0.5300356
0.5137601
0.4964716
0.4839886
0.5057495
0.5076321
0.4834520
0.5066647
0.5032274
0.5139399
0.5086169
0.5216836
0.5250211
0.4992352
0.4657479
0.4841051
0.4971960
0.5156627
0.5050685
0.4968185
0.5224125
0.4704712
0.4924390
0.4899232
0.4994163
0.4994885
0.4566950
0.4778065
0.5160465
0.5265720
0.4983878
0.5038201
0.5087598
0.4973827
0.4989504
0.5198258
0.5208164
0.5157173
0.4771114
0.5226392
0.5300356
0.5137601
0.4964716
0.4839886
0.5057495
0.5076321
0.4834520
0.5066647
0.5032274
0.5139399
0.5086169
0.5216836
0.5250211
0.4992352
0.4657479
0.4841051
0.4971960
0.5156627
0.5050685
0.4968185
0.5224125
0.4704712
0.4924390
0.4899232
0.4994163
0.4994885
0.4566950
0.4778065
0.5160465
0.5265720
0.4983878
0.5038201
0.5087598
0.4973827
0.4989504
0.5198258
0.5208164
0.5157173
0.4771114
0.5226392
0.5300356
0.5137601
0.4964716
0.4839886
0.5057495
0.5076321
0.4834520
0.5066647
0.5032274
0.5139399
0.5086169
0.5216836
0.5250211
0.4992352
0.4657479
0.4841051
0.4971960
0.5156627
0.5050685
0.4968185
0.5224125
0.4704712
0.4924390
0.4899232
0.4994163
0.4994885
0.4566950
0.4778065
0.5160465
0.5265720
0.4983878
0.5038201
0.5087598
0.4973827
0.4989504
0.5198258
0.5208164
0.5157173
0.4771114
0.5226392
0.5300356
0.5137601
0.4964716
0.4839886
0.5057495
0.5076321
0.4834520
0.5066647
0.5032274
0.5139399
0.5086169
0.5216836
0.5250211
0.4992352
0.4657479
0.4841051
0.4971960
0.5156627
0.5050685
0.4968185
0.5224125
0.4704712
0.4924390
0.4899232
0.4994163
0.4994885
0.4566950
0.4778065
0.5160465
0.5265720
0.4983878
0.5038201
0.5087598
0.4973827
0.4989504
0.5198258
0.5208164
0.5157173
0.4771114
0.5226392
0.5300356
0.5137601
0.4964716
0.4839886
0.5057495
0.5076321
0.4834520
0.5066647
0.5032274
0.5139399
0.5086169
0.5216836
0.5250211
0.4992352
0.4657479
0.4841051
0.4971960
0.5156627
0.5050685
0.4968185
0.5224125
0.4704712
0.4924390
0.4899232
0.4994163
0.4994885
0.4566950
0.4778065
0.5160465
0.5265720
0.4983878
0.5038201
0.5087598
0.4973827
0.4989504
0.5198258
0.5208164
0.5157173
0.4771114
0.5226392
0.5300356
0.5137601
0.4964716
0.4839886
0.5057495
0.5076321
0.4834520
0.5066647
0.5032274
0.5139399
0.5086169
0.5216836
0.5250211
0.4992352
0.4657479
0.4841051
0.4971960
0.5156627
0.5050685
0.4968185
0.5224125
0.4704712
0.4924390
0.4899232
0.4994163
0.4994885
0.4566950
0.4778065
0.5160465
0.5265720
0.4983878
0.5038201
0.5087598
0.4973827
0.4989504
0.5198258
0.5208164
0.5157173
0.4771114
0.5226392
0.5300356
0.5137601
0.4964716
0.4839886
0.5057495
0.5076321
0.4834520
0.5066647
0.5032274
0.5139399
0.5086169
0.5216836
0.5250211
0.4992352
0.4657479
0.4841051
0.4971960
0.5156627
0.5050685
0.4968185
0.5224125
0.4704712
0.4924390
0.4899232
0.4994163
0.4994885
0.4566950
0.4778065
0.5160465
0.5265720
0.4983878
0.5038201
0.5087598
0.4973827
0.4989504
0.5198258
0.5208164
0.5157173
0.4771114
0.5226392
0.5300356
0.5137601
0.4964716
0.4839886
0.5057495
0.5076321
0.4834520
0.5066647
0.5032274
0.5139399
0.5086169
0.5216836
0.5250211
0.4992352
0.4657479
0.4841051
0.4971960
0.5156627
0.5050685
0.4968185
0.5224125
0.4704712
0.4924390
0.4899232
0.4994163
0.4994885
0.4566950
0.4778065
0.5160465
0.5265720
0.4983878
0.5038201
0.5087598
0.4973827
0.4989504
0.5198258
0.5208164
0.5157173
0.4771114
0.5226392
0.5300356
0.5137601
0.4964716
0.4839886
0.5057495
0.5076321
0.4834520
0.5066647
0.5032274
0.5139399
0.5086169
0.5216836
0.5250211
0.4992352
0.4657479
0.4841051
0.4971960
0.5156627
0.5050685
0.4968185
0.5224125
0.4704712
0.4924390
0.4899232
0.4994163
0.4994885
0.4566950
0.4778065
0.5160465
0.5265720
0.4983878
0.5038201
0.5087598
0.4973827
0.4989504
0.5198258
0.5208164
0.5157173
0.4771114
0.5226392
0.5300356
0.5137601
0.4964716
0.4839886
0.5057495
0.5076321
0.4834520
0.5066647
0.5032274
0.5139399
0.5086169
0.5216836
0.5250211
0.4992352
0.4657479
0.4841051
0.4971960
0.5156627
0.5050685
0.4968185
0.5224125
0.4704712
0.4924390
0.4899232
0.4994163
0.4994885
0.4566950
0.4778065
0.5160465
0.5265720
0.4983878
0.5038201
0.5087598
0.4973827
0.4989504
0.5198258
0.5208164
0.5157173
0.4771114
0.5226392
0.5300356
0.5137601
0.4964716
0.4839886
0.5057495
0.5076321
0.4834520
0.5066647
0.5032274
0.5139399
0.5086169
0.5216836
0.5250211
0.4992352
0.4657479
0.4841051
0.4971960
0.5156627
0.5050685
0.4968185
0.5224125
0.4704712
0.4924390
0.4899232
0.4994163
0.4994885
0.4566950
0.4778065
0.5160465
0.5265720
0.4983878
0.5038201
0.5087598
0.4973827
0.4989504
0.5198258
0.5208164
0.5157173
0.4771114
0.5226392
0.5300356
0.5137601
0.4964716
0.4839886
0.5057495
0.5076321
0.4834520
0.5066647
0.5032274
0.5139399
0.5086169
0.5216836
0.5250211
0.4992352
0.4657479
0.4841051
0.4971960
0.5156627
0.5050685
0.4968185
0.5224125
0.4704712
0.4924390
0.4899232
0.4994163
0.4994885
0.4566950
0.4778065
0.5160465
0.5265720
0.4983878
0.5038201
0.5087598
0.4973827
0.4989504
0.5198258
0.5208164
0.5157173
0.4771114
0.5226392
0.5300356
0.5137601
0.4964716
0.4839886
0.5057495
0.5076321
0.4834520
0.5066647
0.5032274
0.5139399
0.5086169
0.5216836
0.5250211
0.4992352
0.4657479
0.4841051
0.4971960
0.5156627
0.5050685
0.4968185
0.5224125
0.4704712
0.4924390
0.4899232
0.4994163
0.4994885
0.4566950
0.4778065
0.5160465
0.5265720
0.4983878
0.5038201
0.5087598
0.4973827
0.4989504
0.5198258
0.5208164
0.5157173
0.4771114
0.5226392
0.5300356
0.5137601
0.4964716
0.4839886
0.5057495
0.5076321
0.4834520
0.5066647
0.5032274
0.5139399
0.5086169
0.5216836
0.5250211
0.4992352
0.4657479
0.4841051
0.4971960
0.5156627
0.5050685
0.4968185
0.5224125
0.4704712
0.4924390
0.4899232
0.4994163
0.4994885
0.4566950
0.4778065
0.5160465
0.5265720
0.4983878
0.5038201
0.5087598
0.4973827
0.4989504
0.5198258
0.5208164
0.5157173
0.4771114
0.5226392
0.5300356
0.5137601
0.4964716
0.4839886
0.5057495
0.5076321
0.4834520
0.5066647
0.5032274
0.5139399
0.5086169
0.5216836
0.5250211
0.4992352
0.4657479
0.4841051
0.4971960
0.5156627
0.5050685
0.4968185
0.5224125
0.4704712
0.4924390
0.4899232
0.4994163
0.4994885
0.4566950
0.4778065
0.5160465
0.5265720
0.4983878
0.5038201
0.5087598
0.4973827
0.4989504
0.5198258
0.5208164
0.5157173
0.4771114
0.5226392
0.5300356
0.5137601
0.4964716
0.4839886
0.5057495
0.5076321
0.4834520
0.5066647
0.5032274
0.5139399
0.5086169
0.5216836
0.5250211
0.4992352
0.4657479
0.4841051
0.4971960
0.5156627
0.5050685
0.4968185
0.5224125
0.4704712
0.4924390
0.4899232
0.4994163
0.4994885
0.4566950
0.4778065
0.5160465
0.5265720
0.4983878
0.5038201
0.5087598
0.4973827
0.4989504
0.5198258
0.5208164
