15.661028
13.961723
15.405890
16.373045
16.966270
16.148968
16.054664
12.166649
11.520575
12.042150
12.588943
12.471988
14.262463
13.020348
13.761004
12.795321
12.965097
12.820978
13.514478
13.186203
13.927203
14.389807
15.694820
14.393346
14.594536
14.803662
14.188588
13.677384
14.395483
14.320685
13.539213
14.821467
14.692482
13.712415
13.452966
15.154492
13.885551
13.382378
15.947940
15.382591
15.531610
15.536096
14.860459
15.173535
14.241675
13.953877
14.504276
14.178976
13.343509
13.665184
12.583606
13.342702
12.139875
12.440058
12.426943
12.475716
12.696776
13.120640
13.757004
13.277002
13.675993
13.383733
12.749994
11.298114
11.879656
12.959652
13.983165
13.996005
13.740452
13.811809
13.824091
14.438572
14.352154
15.354388
13.580611
13.416602
13.733400
14.045245
13.031034
14.061323
12.954363
13.151410
12.727592
13.918672
12.819483
14.965692
14.802175
14.317151
13.561118
15.188753
16.403637
15.435928
15.204725
15.153906
16.794602
15.693287
13.031186
13.220573
13.283637
13.102330
15.006247
15.597100
15.082263
15.115630
14.830568
10.986952
11.934642
10.888703
11.082296
10.911706
11.313073
 9.676898
 9.543434
10.796172
 9.850416
10.548305
10.090125
 9.687491
 9.751405
 9.818413
 9.654347
 9.798632
10.667884
11.759718
10.708568
11.035005
10.910748
 9.732348
11.145198
11.196288
10.976802
11.061009
10.164834
11.354871
11.031528
10.988653
10.567291
11.408515
10.779160
15.597956
15.435269
14.301541
13.456912
14.084976
12.238377
13.334925
13.059659
11.192856
11.725456
11.822167
11.035685
11.429673
13.559619
12.761916
12.741709
13.548567
13.957285
14.036588
15.636630
17.660914
17.426535
16.525487
17.558621
16.099447
17.172261
14.951156
14.723681
12.232475
12.545004
13.205694
14.046474
14.078314
13.074320
12.570547
12.580044
12.184307
13.306034
13.165720
12.002574
12.151168
11.675712
12.873678
12.845682
12.886753
12.493080
12.654284
12.087717
11.307539
11.237165
11.375786
11.449881
11.645875
11.833275
11.360906
13.656368
13.862198
12.134725
12.638369
12.704086
11.606098
15.502285
14.069259
17.571740
18.775765
16.880316
15.484526
15.152220
14.971714
15.964208
15.502264
15.471417
15.656468
14.207656
14.241593
14.577468
14.950702
14.723082
14.814925
14.275869
14.159928
13.785812
13.923048
17.314209
17.048122
18.466318
16.995844
14.705730
15.727865
15.587709
15.508251
15.639299
15.934654
16.164359
15.622480
14.072358
15.627372
15.992073
14.653547
15.505410
15.886032
15.542038
16.543636
17.120303
14.255812
15.584269
15.036918
15.086915
15.135382
14.628707
14.989304
15.234937
15.262275
17.106445
18.740557
18.157153
16.608185
16.902606
17.866376
18.072093
18.805906
18.272705
17.605106
18.154010
19.073993
19.291884
20.898320
19.370101
20.858175
20.914543
22.593085
19.731619
21.460978
18.971184
20.725152
15.762602
15.061335
 7.125008
 7.514615
 7.615238
 7.035436
 7.177023
 7.191379
 7.999724
 7.855662
 7.687935
 7.895777
 6.871180
 6.988104
 7.169101
 7.274408
 6.604998
 7.027167
 7.574458
 7.498522
 7.074425
 7.150301
 7.086170
 6.850774
 7.313489
 7.581003
 8.063029
 7.657653
 7.459845
 8.433429
 8.440820
 8.009697
 7.342382
 8.152068
 7.444328
 8.246009
 8.840037
 9.074642
 8.212263
 7.611679
 7.496082
 8.833176
 8.631371
11.435219
10.465055
10.942001
10.547779
10.467840
10.903567
 9.981631
10.219703
11.380621
11.793306
12.213061
11.762808
11.879246
 8.342873
 8.004712
 7.658485
 7.782364
 8.316103
 7.443535
 7.618668
 7.556832
 7.228311
 7.321294
 7.337754
 7.163388
 9.001223
 9.396854
 9.606131
 9.697222
 9.788008
 9.057488
 8.817909
 9.976877
 9.456992
 9.004915
 9.744046
 9.729763
 9.669732
 9.778708
 9.934242
10.173324
 9.930397
12.076981
10.983732
11.648105
10.828440
11.016117
10.799943
11.834372
12.481082
12.145914
11.983419
11.816847
12.225818
11.654731
11.972682
12.289982
12.653949
12.629409
 8.612683
 9.347627
 9.700510
 9.858013
 9.370063
 9.016119
 9.789255
10.046415
 9.613048
 9.808454
 9.183211
 9.229381
 9.318357
 9.287568
 9.388016
 9.526414
 9.064532
 8.637969
 8.216248
 8.542702
 9.634753
10.179746
 9.272928
 9.861152
 9.530578
11.080482
10.219786
10.831571
12.086096
10.912121
11.657315
11.144087
10.583079
10.885865
10.821489
11.120996
11.080231
10.753637
10.722538
13.223105
12.956653
12.354946
12.145004
11.883906
11.632604
11.939732
13.129527
12.010374
12.189557
14.528560
13.901861
14.474873
13.135975
13.495523
13.644181
13.244892
13.671560
14.861004
14.406096
14.922327
14.551013
14.087570
14.542551
16.635619
14.877242
14.345178
12.260601
12.354949
13.591086
13.493851
 9.664072
 8.013893
 8.046908
 8.103692
 8.066362
 8.499421
 8.942931
 8.265106
 8.575861
 8.480906
 7.767256
 9.105560
 8.694147
12.660417
12.845230
11.682685
11.849687
12.507241
12.423037
12.610406
12.432385
12.695167
11.720151
11.795812
12.845577
12.420747
15.038737
14.535044
14.401323
14.820631
13.989277
11.876354
11.823764
11.909453
11.103843
11.239164
 9.836140
10.344958
 9.771821
 9.518159
 9.705726
 9.675673
 9.425362
 9.825259
 9.684242
 9.394242
 9.683472
 9.192921
 9.275274
10.262258
10.262599
12.798252
12.575127
12.595571
11.842447
11.783872
12.570834
12.460824
12.556175
12.627035
12.719890
13.353256
12.896797
12.035001
14.107857
12.939269
12.603448
13.185899
12.460745
11.451840
12.127274
12.142655
12.393193
12.708635
14.185652
13.324179
14.232277
13.055307
12.977909
12.739777
12.007528
12.121573
12.182646
11.381452
11.601363
11.814823
11.805822
11.526264
14.420094
14.772492
13.987164
13.664597
12.543059
13.030082
13.626714
14.087621
13.676508
 9.738646
 9.482414
 8.868785
 9.576301
 8.897004
 9.595373
19.913977
18.216304
18.416574
19.410267
19.491513
19.789746
20.213560
19.002846
18.294057
15.243618
14.618537
15.233944
14.155797
13.786574
13.422993
20.131397
20.553753
20.424826
20.955264
20.183226
20.680583
18.713304
18.766836
16.662862
15.498845
16.180860
15.983223
15.952512
17.532955
17.425510
16.867545
18.980611
17.294858
18.388236
20.281133
20.030379
20.576452
20.355455
19.342053
20.000786
18.607037
17.994549
18.050555
19.263955
18.445314
18.408979
17.624851
18.162917
17.272845
18.024945
17.350645
17.514799
17.533758
20.098060
19.014946
18.029548
18.606134
18.129536
18.487558
11.819347
11.643598
11.861523
10.861756
10.547778
11.209010
13.596119
13.027945
13.083624
13.502949
12.387468
13.743866
13.164307
14.077804
13.657906
12.813533
12.894588
13.450420
14.020908
13.520603
11.214539
11.203954
12.171300
11.455547
10.599541
10.980906
11.631169
11.826112
11.307229
12.274487
12.934993
13.096781
12.555007
13.676299
12.583368
13.478609
12.505007
14.080884
10.978408
11.134872
11.508128
11.786574
12.631168
11.634839
12.292755
12.701563
12.421952
11.353556
12.138385
 8.910627
 9.833643
 8.475125
 9.180995
 9.139580
 9.202492
 9.920216
10.052850
 9.374933
 9.150265
 9.227617
 8.329318
 8.554632
 7.750613
12.505308
12.358436
13.716634
12.556167
12.053905
13.751562
12.767738
12.059229
11.638755
11.743224
13.244256
11.371203
12.259797
12.749166
12.332486
12.008205
11.748120
 8.493601
 8.434254
 8.738930
 9.026490
 8.419976
 8.599433
 8.756865
11.068666
11.385761
 9.601775
 9.775469
 9.718778
 9.014433
 9.642976
 9.590587
 9.419598
 9.031466
 9.379065
 9.468014
 9.593631
 9.537169
 9.802700
 9.910326
 9.778517
10.407521
 9.645903
12.733205
11.455627
11.636539
11.088022
12.540622
12.405079
13.059411
 9.252478
 9.703418
 9.564734
10.490130
 9.375233
 9.568398
10.105234
10.431872
10.479350
10.337903
23.166866
22.702552
21.828126
19.689857
19.601640
22.557589
15.847897
15.967885
15.095942
16.708183
14.785913
18.554607
18.081510
19.135993
18.623692
17.237030
17.089630
17.726193
18.674611
17.703399
17.413749
19.378889
18.728111
18.930122
19.336454
18.091315
17.314227
17.285546
17.224548
17.468124
17.708276
17.958254
17.961338
17.960033
17.883438
16.950459
18.350319
18.096360
20.488596
19.098043
19.241702
18.715739
20.697312
20.225063
17.958547
20.740376
21.637827
21.923388
21.869964
21.319669
21.206612
20.084279
21.513518
21.507943
19.460554
21.176318
19.565546
21.112794
17.867557
18.495582
20.545523
17.564905
20.607321
20.608609
19.291793
18.339409
19.213711
20.041607
18.587465
19.448847
18.620599
19.723360
 9.927808
10.241386
10.860697
10.368315
10.563472
11.842784
11.521718
11.429976
11.707849
12.050137
12.742110
10.790835
12.407986
11.205085
10.985058
10.815414
11.457262
15.071358
13.693095
13.145974
16.104078
15.167172
15.287004
17.232221
13.699550
14.669097
14.129851
13.998841
15.146425
13.573435
15.234367
14.788809
 9.589539
10.084450
 8.763616
 9.454378
10.427259
10.537684
10.744887
11.969534
12.395311
12.129804
12.237701
12.477555
12.291472
12.274613
12.597546
12.943991
11.654868
11.523842
13.160204
12.397802
11.243746
12.256989
11.247055
11.037783
10.853448
10.782066
10.247706
10.862334
10.380421
12.134898
13.963904
12.225838
13.786717
12.261165
12.950293
13.340457
12.036174
13.506803
13.372934
12.792776
10.962458
10.297804
11.481121
12.316782
12.551104
11.639049
10.406616
11.704528
10.431792
10.859370
10.882472
10.790357
10.602251
12.004125
12.419960
11.696979
13.155225
11.599161
12.262882
12.500075
11.603138
11.840596
12.563920
10.927456
12.123365
12.501280
11.923983
11.134926
11.801872
12.069759
11.653169
10.227415
10.536441
 7.975979
 7.512302
 7.424967
 6.952142
 8.060501
 7.108059
 7.217934
 6.823609
 6.972573
 7.490483
 7.326272
 7.002089
 7.672716
 7.341244
 7.480456
 7.205298
 7.111536
 7.288284
 7.163280
 7.594902
 7.221080
 7.713457
 7.489583
 7.243844
 6.944023
 6.292862
 6.097233
 6.269513
 7.150245
 7.111627
 8.763711
 6.019873
 6.107063
 6.719989
 7.323872
 6.264781
 6.356991
 6.707480
 7.265629
 7.259316
 7.211496
 7.281357
 6.804047
 6.758536
 6.010699
 6.021024
 7.178486
12.604693
11.901588
11.892037
12.673479
11.901116
11.312542
12.718921
11.772679
13.016532
13.549118
13.604394
12.137873
12.952535
12.932204
11.907349
12.243969
11.531376
12.050480
11.995852
14.827118
16.159483
14.862336
16.872219
15.852424
16.782801
18.166724
20.087801
18.585835
18.439155
19.602536
18.577183
19.127432
18.486190
18.896901
18.661606
19.352761
16.590064
19.310526
19.238976
20.090622
19.356018
19.486844
17.030044
17.167879
17.635548
20.912133
19.792849
19.175448
19.362625
19.553766
18.378005
17.789033
17.749257
17.534785
17.748463
18.122849
19.126343
17.919216
18.847052
19.022859
19.403697
11.049489
12.022280
12.249290
11.859000
13.976554
12.660202
12.804257
13.344111
13.277190
12.330473
18.054411
17.739141
17.308678
16.988220
15.950875
16.082198
15.238376
17.233609
15.857309
16.880617
16.783900
14.761593
16.043644
15.115411
16.378256
17.035345
15.967539
16.046795
16.410072
16.224326
15.656768
16.781603
15.844908
20.832866
21.054097
22.841283
19.910093
20.399065
22.424836
19.900112
20.770655
20.503047
19.694524
15.491317
14.731844
14.900133
14.549265
22.110593
20.742520
22.541845
22.844620
20.142594
18.544752
19.462808
20.309071
19.623162
 9.589106
 9.064428
 9.603519
10.045328
 9.712945
10.703737
10.564957
11.407042
10.991882
11.473815
10.581765
10.646230
 9.891807
10.047032
10.360256
10.495583
 9.900739
10.383484
10.919423
10.548344
 9.968447
11.453514
12.272492
11.380659
11.320768
10.536605
11.099530
10.373947
11.105883
11.432869
10.565118
10.445476
 9.569886
10.568666
10.101028
10.379886
10.096639
 9.384269
 9.892278
10.571862
11.731055
10.650845
 9.913841
12.333323
12.563751
12.929426
12.887427
13.141469
12.500425
13.503653
11.830191
12.974856
13.497136
14.055358
13.833185
12.763324
11.708840
13.595904
12.729333
12.027374
13.029857
13.115543
14.621058
14.815497
13.423028
14.480951
15.028997
11.613190
12.484542
14.670667
14.828980
13.190226
14.157561
14.084486
16.175530
15.579765
15.511950
16.244553
16.366154
15.304694
16.673377
16.141720
15.896623
15.144055
15.734680
15.024953
14.963463
16.195036
16.646475
15.468419
15.118517
14.415714
16.165757
14.300256
14.748951
14.224432
14.092396
14.802327
13.577408
13.695574
14.378269
13.811993
13.870477
12.602942
11.018503
11.896719
12.609589
11.889979
13.183889
12.277090
12.410932
12.815001
11.749539
13.974205
14.703034
14.787476
12.939543
12.159309
12.405774
12.090017
12.244602
12.972779
13.364581
25.840155
23.127594
25.191249
24.998954
22.388766
21.830239
22.464552
22.795082
23.205046
22.162660
19.738136
20.718893
20.781372
19.799929
19.609764
20.004883
11.097909
11.585958
10.824148
10.226830
11.710289
10.257022
10.877245
 9.709098
10.135992
 9.956458
10.395594
 9.764562
10.614913
11.002098
10.584314
12.436981
11.978212
12.709180
11.891754
11.686255
12.216877
10.720441
10.530290
11.150865
11.665458
10.538864
12.092469
11.452990
11.119400
10.185706
10.620019
12.596713
12.731100
12.249091
11.764423
12.651883
18.574532
15.442248
17.066468
15.383598
15.283273
15.951197
16.193297
16.665996
15.343621
16.379691
16.976349
15.177344
16.220521
16.407810
14.604308
13.840825
13.034452
14.245269
14.630029
16.256637
15.864206
15.634539
15.893391
17.777692
17.476104
17.396956
16.034043
17.544987
17.376470
17.588650
16.070064
15.715994
15.415317
16.319904
14.515963
15.908493
15.868619
14.810122
14.938256
16.424267
15.971594
14.758541
16.209874
16.582958
17.072077
16.089258
15.351556
18.376709
18.656614
18.196484
18.004123
18.979918
20.430323
21.084331
20.559387
21.388616
18.674705
18.814075
19.719178
19.033477
18.798185
16.573384
16.992541
17.484805
19.108093
17.890714
18.505549
17.001912
16.747156
16.537390
17.770118
19.453264
17.824182
16.392246
18.172830
16.566412
20.977673
19.964375
21.945828
21.602633
22.246233
20.479532
22.987386
 9.349775
 9.299566
 8.847601
 8.804646
 8.430439
 8.800339
 9.030789
 8.948686
 8.327562
 8.592948
 8.665637
 8.384576
 8.487655
 8.155622
 8.474393
 8.496868
 7.880988
 8.376219
 8.524967
 8.666154
 8.563783
 8.494371
 8.039099
 8.199125
 8.505651
 7.619392
 8.568896
10.994562
11.838743
12.962004
12.938295
12.080467
11.476464
10.501812
11.282536
10.976357
10.375666
 7.255706
 6.982162
 6.785364
 6.546609
 7.035053
10.443850
 9.687912
 8.318907
 8.728053
 9.299079
 6.902037
 7.078235
 7.108651
 7.487925
 7.611585
 7.480317
 7.907121
 7.805095
 6.785751
 7.111116
 7.114604
 7.256482
 7.080677
 6.845621
 7.148660
 6.928515
 7.057921
 7.766742
 8.126292
 8.232406
 7.675244
 7.459062
 6.661568
 6.966888
 7.639002
 6.958082
 7.143992
 7.209923
 7.455342
 6.858089
 6.794375
 6.378835
 6.295863
 6.889628
 6.971899
 7.253751
 7.356229
 7.199763
 7.608827
 6.853431
 7.611850
 7.901165
 8.073653
 6.601988
 7.233444
 6.636372
 7.052790
 7.131023
 7.029911
 7.189810
 7.403759
 7.185929
 7.145404
 7.171834
 6.817526
 7.163992
13.866450
14.291132
14.312092
11.738658
11.473614
12.547257
12.045372
12.745011
12.333402
12.248621
12.959047
12.938645
12.276274
12.819522
12.092260
13.043290
12.195023
12.137173
12.661035
12.117271
12.988022
11.445729
10.922143
11.016577
12.722696
12.857423
11.836841
12.475369
13.175460
12.620964
11.947400
10.785780
11.596097
10.891363
10.537545
10.964198
12.109014
13.084679
13.149346
13.338002
13.220945
12.136450
18.131947
17.292582
15.545085
14.650687
15.644861
15.530909
15.663407
14.020485
14.164961
15.158033
14.417323
13.741486
14.553807
10.272902
10.166711
11.012694
11.059848
10.544093
11.607628
10.054632
 9.343068
10.047915
 9.824784
 9.889656
 9.525045
 9.270202
 8.399043
 9.378694
 9.392608
 9.805730
10.140193
10.382060
11.104541
11.626454
11.496299
11.234961
10.577333
11.306140
17.164517
15.414497
17.766058
17.050538
16.580716
15.268581
15.554145
17.790199
16.676304
17.391819
11.260950
11.237527
11.436298
 9.481073
 9.238118
 8.401253
 9.216012
 8.726779
 9.008502
 9.953206
 9.927243
 8.418965
 9.349028
 8.305684
 9.386505
 9.649873
 8.054681
 9.225357
 9.963541
 9.502736
 9.569893
 9.424797
20.290574
17.321924
23.750617
22.428806
23.866846
23.578947
22.490282
23.092450
15.409389
14.948150
13.875390
12.801949
14.543890
15.260187
14.794951
15.754165
13.212105
15.745153
14.550566
14.469559
13.673222
14.551102
13.828358
15.230666
15.745059
15.356641
11.926484
12.082864
11.275919
12.009359
11.751727
10.787485
11.627832
12.057431
11.455561
 8.959412
 8.486866
 9.507476
 9.054325
 9.514159
 9.466471
 9.875906
 8.818814
 9.281456
 9.482795
 9.555630
 9.353183
 9.062394
 9.888269
12.642446
12.965107
13.671492
13.004845
13.172837
14.816393
10.778460
11.622561
11.530762
11.987771
11.728230
11.545468
12.477736
11.994474
11.718799
12.274791
13.603451
14.177353
14.618013
14.570399
14.718743
13.679616
14.008367
14.847516
14.448977
12.365055
11.788892
11.362751
12.767211
12.377746
13.882064
14.702328
14.039397
11.234819
10.995762
12.550435
12.892628
11.752971
11.965066
11.301633
 9.718381
10.542864
 9.621687
10.554867
10.502028
10.573744
10.746541
10.854448
 9.140580
10.565124
10.702167
 9.975649
 9.743215
 9.945833
10.509048
10.339828
 9.730745
10.067998
10.106297
10.524878
10.412772
10.846089
10.514032
10.140737
 9.561145
 9.015906
10.624561
 9.250895
10.171394
10.164161
10.571492
10.602087
11.102267
11.845020
13.181293
11.571372
12.333299
11.700096
11.914027
12.581458
12.590476
12.245577
11.868832
11.857711
10.608471
11.117242
11.300312
11.270131
11.206782
10.198107
11.284493
10.648564
10.617682
11.981542
11.651734
11.077988
10.762790
12.091180
12.482014
11.272005
 9.392149
10.331979
 9.505303
 7.511774
 7.628739
 7.894420
 7.487707
 8.213910
 7.408300
 7.326759
 6.597667
 7.298868
 7.222079
 7.478185
 7.717071
 7.765602
 8.039894
 7.911990
 6.774186
 6.742860
 6.730683
 6.977257
 7.238267
 7.612013
 7.437603
 7.259027
 7.866106
 7.610820
 7.261437
 6.308292
 7.001769
 6.820984
 6.753325
 7.245146
 7.372871
 6.607020
 6.848409
 7.606602
 8.770828
 9.227307
10.274363
10.010676
 9.445337
10.390927
10.285957
10.607903
10.772794
10.106583
10.505073
10.587734
 9.800383
10.743636
10.070486
10.381418
 9.657514
10.762506
 9.827350
 9.925937
10.508010
 9.423344
 9.662822
 9.551940
10.224827
 9.232344
10.347758
 9.417388
 6.329344
 6.275347
 7.328449
 7.171382
 7.058145
 7.575694
 7.167514
 7.597972
 7.518551
 7.291777
 7.430925
 7.045067
 7.259378
 7.025770
 7.611181
 6.987247
 7.710171
 7.861182
 6.976244
 7.590621
 8.254963
 7.893065
 6.346508
 6.142534
12.799288
12.960318
12.736866
12.330969
12.164331
12.278327
12.219662
13.135696
12.503575
12.047285
12.603488
12.376747
10.447631
11.365177
11.262668
10.419449
10.132878
11.170322
11.058830
11.427110
11.185618
10.280662
10.597920
10.588363
 9.485984
 9.634030
11.280997
11.402362
10.742086
11.095887
11.068598
10.831941
11.108275
 7.696608
 8.041814
 6.782225
 7.358622
 7.463193
 8.299826
 8.335569
 8.962528
 8.276415
 8.930462
 9.434396
 8.311368
 8.107080
 7.988151
 8.067019
 9.145024
 8.428278
 8.927675
 8.616293
 9.001144
 8.497535
 8.533347
 8.737379
 7.685009
 7.863520
 8.653358
 8.770753
 9.199332
 8.817478
 8.922838
 9.833263
10.095890
10.903740
10.969964
10.802458
11.028486
10.624443
12.345903
11.264257
12.801702
12.036555
12.181277
11.763532
12.092264
11.658202
11.858783
11.925235
12.763725
13.136715
13.194048
12.519551
12.183125
10.782169
10.253183
11.775953
12.589272
11.983912
12.477550
11.622190
13.006708
12.238368
11.699539
11.426174
13.619919
13.095055
13.132803
13.275497
12.585275
13.013547
12.284557
12.294394
12.834539
16.080897
18.410790
15.969800
16.514341
14.624777
15.028454
14.524785
16.536221
17.327459
17.306910
15.569345
16.833426
14.530634
16.919388
14.948252
15.609380
16.808128
17.291109
17.121754
17.403842
16.681492
15.976365
17.101379
17.611790
17.616774
16.965062
17.881679
18.274621
18.181247
17.884909
18.020622
16.720373
18.031537
15.736000
17.496345
15.947242
15.761472
16.737073
15.210372
15.311725
16.297991
16.183343
16.321881
20.222895
22.093019
21.710601
21.233870
20.402237
20.849428
21.637411
20.339590
19.139791
19.019129
18.705542
18.514725
17.656091
17.955674
19.348150
19.488090
16.683700
16.437945
18.115951
18.025214
17.638307
17.629796
18.138399
23.592806
23.431003
23.644510
20.556159
21.841123
21.127946
21.514867
21.731711
21.265383
22.009290
21.034919
20.850208
21.365702
20.140801
20.876858
20.318976
20.525820
20.062001
20.905353
22.340777
19.830764
19.350525
19.802839
19.487483
10.261387
11.878409
10.519143
11.186873
10.599036
 9.895118
10.515939
11.440325
11.094042
10.373646
10.907668
10.554693
10.725373
10.099202
11.090082
11.351786
11.664496
12.191643
12.150368
12.386558
11.845116
11.539907
16.112926
16.396140
15.902485
14.964670
15.140812
14.918055
15.462234
11.173691
11.436807
10.886937
11.399191
12.137459
10.670934
10.661421
12.041274
11.544332
11.526581
11.752610
11.341998
11.334090
 9.458781
 8.689781
 9.166402
 8.879638
10.936886
10.620117
10.916496
11.299003
10.354670
10.567183
11.477043
10.642790
10.715378
10.151491
10.766751
10.680664
10.501187
10.200035
10.352594
11.115273
 9.218026
11.345568
10.972421
10.293454
10.724162
10.390342
10.245262
10.622786
10.589316
12.564852
11.491626
11.297953
11.680446
11.167552
11.090233
10.653267
11.899183
11.407206
12.437197
11.777391
12.230447
11.919937
12.030670
11.451417
12.095525
12.000874
12.508237
11.771684
11.427327
12.730248
11.689541
10.974617
 9.722129
15.225285
15.236550
15.919238
13.683421
16.080224
16.113112
16.419947
15.835937
16.583409
16.728244
15.063115
15.510285
15.037311
14.137500
14.478557
14.681057
14.056569
16.267165
15.946760
15.906878
 9.585182
 9.556935
 9.639831
10.020945
 9.980169
 9.552519
 9.814297
 9.681049
 9.304453
10.838524
11.858908
 8.579245
 8.636382
 8.119567
 8.612890
 8.349417
 7.520129
 8.582180
 8.168764
 8.159685
 5.943242
 5.982703
 6.728136
 6.833687
 6.925293
 6.948284
 6.988221
 9.424175
 9.083745
 9.767582
 9.506771
15.883878
15.713486
14.550216
15.882060
14.116460
14.166513
13.973819
14.828582
14.417834
15.509811
15.518959
15.843393
15.959755
14.704784
12.809889
13.737236
13.196496
15.211360
16.678064
16.269837
15.691111
15.460992
15.035558
16.388351
20.495872
21.286411
22.286793
21.364310
19.947795
19.149581
20.291173
20.379390
21.575424
18.581208
19.602360
19.988175
20.134900
19.235139
16.853861
17.720347
18.924844
17.869486
21.789904
19.683732
20.682083
20.663216
21.542036
20.630687
20.271504
18.774167
19.281743
22.799678
23.259730
21.732822
16.727636
17.195184
16.691834
17.465493
18.571698
17.730255
18.021985
16.089912
15.421254
15.824509
16.650415
15.878361
16.482390
16.967827
15.377448
14.467451
14.992064
15.591674
16.436992
15.121395
14.928034
14.605963
14.958844
14.331099
15.735382
15.492425
14.675003
13.928454
14.469137
15.219980
15.107545
15.817998
15.263041
16.011606
16.063684
15.610786
15.843149
10.199796
 9.903629
 9.981911
10.815734
11.067067
11.174694
10.079497
11.296877
11.888152
 8.763820
 9.045979
 9.573480
 8.821725
 8.499842
 9.050725
 8.626979
12.194737
12.061948
12.291494
11.828131
12.659180
12.271044
11.837858
12.732035
11.726542
12.671231
11.786255
10.555333
11.039378
10.938145
11.491358
12.414603
13.662858
14.371157
13.793670
12.799078
13.099621
12.830729
19.559330
20.045570
21.116923
19.821271
19.608300
20.076759
20.195039
16.993154
18.574862
18.023294
17.029158
16.995501
17.042852
15.361873
15.335791
15.298924
16.549476
16.177368
17.218068
15.521175
15.966316
14.628748
15.537630
14.136635
14.107075
13.467282
13.860486
14.119597
14.490428
14.103950
15.084840
15.103076
14.185562
14.341304
14.640112
14.387805
14.031527
17.018890
17.146498
20.621622
19.148060
18.900058
20.626857
18.825774
19.523894
19.280866
19.271201
18.251570
19.091400
17.801781
19.016642
17.884721
18.753365
18.906735
18.401835
18.049232
19.026007
17.888454
19.384932
20.916031
20.543146
18.704688
17.297190
18.871826
18.364184
17.977553
16.997775
17.920074
19.511586
21.059899
19.415447
18.835595
18.823394
19.838126
19.489677
19.418020
20.434032
20.851570
22.273590
18.818112
19.827748
20.577777
19.775302
19.820370
19.932104
18.505809
18.413610
19.595821
20.820386
19.543112
20.494833
18.990433
18.480025
19.524575
18.715644
19.290727
20.426617
18.989345
17.920751
19.863318
18.471972
19.145590
18.032140
19.653844
19.431290
19.038610
19.300561
19.017968
20.770789
19.767556
19.335991
18.733256
17.918900
17.480003
17.765757
17.121480
18.114558
17.859976
17.697539
19.600722
18.814237
18.385761
18.298218
17.626707
18.921667
19.138718
17.644489
15.513010
16.817873
14.899437
15.350119
14.566492
15.192781
18.008836
18.060118
20.415893
17.740686
17.527943
17.810412
18.987823
18.025490
17.729613
19.807991
18.727564
17.624277
17.764885
18.165504
16.883920
18.227877
18.583151
18.577519
18.728863
20.303501
19.173942
19.810663
20.218769
14.982434
14.810902
16.494128
16.166864
16.341456
16.410507
16.786018
15.627157
16.483570
14.772784
15.841035
14.871848
14.577722
15.005042
15.406218
15.912773
15.424563
18.345244
16.959346
17.848245
16.166772
17.921755
15.056430
13.770973
14.382411
14.189500
14.180575
14.809534
15.060355
15.034784
16.422837
15.252523
15.844986
16.166028
14.514688
14.824740
14.390458
13.467817
14.395487
14.444534
15.647615
15.666703
15.286383
16.089280
15.279591
13.735186
14.051974
14.533774
13.418497
13.942571
13.886744
14.260594
14.056612
14.168208
14.748940
14.462634
14.616105
14.071380
14.236439
13.656599
13.551721
14.331011
13.823338
15.312374
14.462835
14.171864
16.818350
16.171871
15.457012
18.216314
17.023137
17.768651
17.988741
17.851851
16.579467
16.954146
16.924327
23.471925
22.979105
24.508014
22.355232
24.416455
21.634685
25.783300
25.900217
22.741328
23.900256
25.950586
14.779306
14.248211
12.935733
16.037911
15.929627
17.140150
16.201880
15.904592
16.738130
11.875327
13.096269
11.710969
12.747734
12.048814
12.229480
11.848701
11.743029
12.039507
12.058745
11.856088
10.384138
11.547623
10.817407
11.063318
11.574958
12.892868
12.380947
12.478303
12.241302
11.995213
11.493016
11.984823
11.097973
12.367809
12.531146
12.392146
11.407547
12.216061
12.344759
11.886662
12.909049
13.673686
13.086370
13.730701
13.885009
13.404766
12.007298
12.977266
12.836002
13.900511
12.645427
12.794565
13.693292
13.977014
13.837717
13.723393
13.765316
13.721513
13.288008
12.562427
13.790262
13.344581
14.932567
12.528388
12.555647
13.075444
12.577378
12.792101
12.649521
12.293268
12.168700
12.903800
11.921531
12.398762
12.462360
12.194969
12.522565
12.035610
12.268425
12.796993
12.830720
12.661424
12.314450
13.043664
12.817599
11.661325
11.532842
12.336223
11.578164
12.197807
12.077458
12.082042
12.883491
13.929437
13.139097
13.339348
13.698184
13.088405
13.364283
12.832352
12.390396
11.728684
12.081527
12.357601
13.468973
12.238664
12.001677
11.857696
14.438968
12.132578
14.244976
13.961800
14.417059
14.955160
14.267819
14.763997
14.668292
13.081525
13.701708
10.489795
10.960647
10.234795
11.498863
10.058162
10.642879
11.541476
 9.720648
10.430996
12.087836
11.096051
10.967804
10.346494
12.029732
11.934659
11.951817
12.156094
13.074916
12.380503
14.365339
15.481429
15.805542
15.226932
14.903863
14.969243
14.395850
14.845906
15.008056
 8.833252
 8.500084
 8.564530
 8.634300
 8.466164
 8.417972
 8.327424
 7.928360
 7.874162
 8.426671
 9.264043
 9.225634
 9.439752
 9.900794
10.589493
10.765293
 8.958363
 8.067741
 9.377386
 8.679054
 8.719158
 8.965911
 9.214334
 9.163900
 8.983435
 9.504445
 8.793842
 8.770524
 9.166028
 8.969470
 8.602112
 8.735485
 8.875565
 9.621089
 8.755445
 8.205662
 7.977645
 7.848579
 9.003818
 8.388044
 8.555863
 9.267293
 8.838990
 6.370853
 6.455469
 6.868661
 7.175724
 7.078307
 7.177297
 7.449180
 6.322970
 7.136885
 7.177671
 8.160683
 8.569770
 8.091420
11.643112
11.274605
11.636833
 8.804190
10.129454
 9.497696
 8.781613
 9.362755
 9.096815
 8.743205
 9.131640
 9.409187
 9.367947
 9.929241
 9.968954
10.032671
10.359910
12.177727
11.687540
 9.847240
10.168919
 9.991587
10.019006
10.371686
 9.293601
 9.682448
10.160697
11.166232
10.215156
10.156602
 9.564459
10.518464
10.375960
 9.836607
 9.935109
10.125578
10.989323
 9.260116
11.500415
11.223103
11.218586
 8.180735
 8.215530
 8.071313
 9.650484
10.165501
10.071041
 9.472904
 8.957877
 8.923693
 8.434854
 8.747453
 8.420549
 8.742409
 9.012759
 8.904767
 8.210337
 8.365152
 8.103310
 8.451349
 8.860500
 9.021379
 8.939935
10.116974
 9.457604
10.616002
 9.216048
 9.851315
 9.163229
 9.268970
 9.742904
 8.983443
 9.182367
 8.688765
 9.334120
 9.883053
 9.478219
 9.267909
 8.924534
 8.775474
 9.162489
 9.529465
10.922491
10.462214
10.270114
10.989873
10.382847
10.480584
 9.901633
 9.927416
 8.959318
 9.801144
 8.999903
 9.796081
10.669518
11.584621
 9.674141
 9.567045
10.053699
10.511352
10.272498
10.579751
11.155646
11.045242
10.841859
10.970952
10.757318
10.772653
10.447491
11.394465
10.656905
10.128100
11.034548
 9.960577
10.171198
 9.369353
10.427071
 9.827941
 9.950408
 9.364384
 9.664298
 9.118960
 8.084738
 9.420908
 9.974862
19.043763
20.603528
19.183933
18.772300
19.109182
18.754313
16.511589
18.051918
18.674101
16.272643
18.267627
18.057483
17.369300
16.764945
17.575903
15.975997
16.783289
16.537009
18.018806
17.112775
15.348143
16.104671
15.681099
15.701494
13.739881
14.550090
14.957971
14.810221
18.969934
18.575958
18.894590
16.596530
17.793392
17.340562
17.570059
17.724260
16.970468
17.067040
17.071136
17.487550
17.925572
14.799943
15.440865
14.056399
15.494948
14.963480
13.232052
16.039687
15.270335
14.676808
14.738999
15.062783
18.825840
16.532811
16.786887
17.167687
16.881986
18.299824
18.464562
17.786062
17.196519
17.779124
18.499186
18.004363
16.199403
16.508218
16.347613
16.889566
17.631616
17.197320
18.525906
18.152298
19.008360
17.234970
21.844260
20.778450
19.586255
20.227315
18.992900
20.233303
18.195645
18.268578
18.529473
18.553370
19.113537
18.362075
20.590854
19.419785
21.024033
20.950285
21.587883
22.251118
21.077821
22.263409
20.895409
21.404744
20.631126
20.332270
20.154241
20.124869
19.262730
20.308727
19.156349
21.077576
19.683063
19.742239
20.716589
20.887279
21.418129
20.721363
21.223787
10.751071
10.758235
10.884113
11.684380
10.986546
11.373435
10.509195
11.197581
 9.259694
 8.426611
 9.564718
 9.868566
 9.396681
 9.965581
 9.952826
10.095155
 9.227903
10.435438
10.422404
11.395795
10.044534
10.539090
12.394752
11.250055
12.919762
10.617202
11.659510
11.649441
11.636347
10.691860
13.601279
12.944349
12.477166
12.308981
13.275364
13.436697
13.574572
15.195652
14.714255
14.705898
13.352668
14.843433
14.866813
15.202708
14.538188
15.250509
14.548402
14.791792
17.754616
19.150804
16.899038
17.260960
17.171799
19.176155
18.069093
19.427731
17.478951
18.295154
18.782206
16.983086
18.571503
15.814821
17.094901
17.445892
18.415800
17.426526
16.084851
15.351015
15.594795
15.115103
15.596269
14.931742
15.123268
14.443952
13.313159
14.121256
14.472965
14.815540
15.302021
14.542087
14.290617
15.356667
15.031811
15.970889
16.095226
13.649346
13.766091
14.415503
15.899075
15.247456
15.003005
14.067456
13.975994
15.046668
14.369084
13.718561
15.344411
14.948620
14.773531
15.649517
16.107451
13.935718
16.523647
17.299703
16.684625
16.409013
17.328943
16.325875
15.590230
14.978931
15.503392
18.861989
17.728733
18.575860
17.957436
21.378484
20.945120
20.158786
20.568346
21.496575
21.525266
21.335729
19.967985
21.141998
21.369582
21.881099
22.849367
22.897344
22.709305
21.656106
14.675535
15.916131
15.034430
16.050197
14.626238
16.619277
15.676641
15.642536
13.853750
13.599146
13.665973
14.459345
13.930080
12.967085
12.904783
13.400008
14.413000
14.639812
20.840519
21.226525
20.327229
20.443203
20.697346
21.327753
22.039674
19.734051
20.891229
19.795382
19.743772
19.855512
19.842950
19.591536
22.288831
19.660706
21.720352
21.904608
20.764352
20.721919
21.936471
20.897243
22.926703
21.749225
23.565260
21.915173
21.819468
22.238792
18.884746
21.942830
21.937349
13.212172
12.058371
14.720378
14.396096
14.143194
13.585650
14.470292
14.719585
13.509164
12.875145
13.303697
12.521644
13.833072
13.192344
13.078219
 8.450733
 9.565401
10.322390
10.056867
10.182236
10.119723
10.435791
 9.691610
 8.901107
 9.825515
 9.118724
 9.249931
 9.574365
 9.863166
 8.786513
 9.018457
 8.699129
 9.104162
 8.524221
 8.648029
 8.511987
 8.696678
 8.779775
 8.592300
 8.988953
 8.867287
 8.888834
 8.631768
11.987788
11.102816
11.046888
11.629321
12.134833
11.291848
10.226281
 9.789827
 9.732676
10.986376
10.327013
16.013824
16.419867
15.509158
16.456071
15.526803
17.364101
15.767404
14.615394
14.481061
14.216633
13.578466
14.567742
14.704351
14.168526
14.570144
12.997887
14.082383
10.858701
10.475186
11.535231
12.107084
12.556978
12.797649
12.365731
 9.332483
 9.112494
 9.742088
 9.719247
 8.778615
 9.043480
 8.734281
 9.063115
 7.312845
 8.090157
 7.484018
 8.425711
10.787875
12.067145
11.534968
11.102400
12.357756
11.377948
11.307323
11.618121
11.200652
11.219380
12.187955
12.183778
12.297575
13.788680
13.410380
12.440020
12.786155
12.488786
12.677763
12.517382
11.678638
10.402838
11.608159
11.953475
11.693623
10.561442
11.799571
11.536697
11.442567
12.013457
10.960648
10.713554
10.700807
11.129147
10.801514
10.324498
11.071395
11.012461
10.918163
10.923650
10.663078
10.849508
10.902510
10.172882
10.262731
10.295625
 9.726788
12.137692
11.581618
11.813108
11.990222
11.644458
12.269337
13.076779
12.126327
11.476985
12.770134
12.015388
11.459266
10.939586
12.052671
10.802485
11.464732
11.385119
12.481579
10.959982
11.553548
11.729808
12.615535
12.457085
12.762708
12.938575
10.654940
11.188889
10.646952
10.597981
10.260786
11.278298
11.953908
12.602901
12.389667
12.388350
11.650651
11.601953
12.967585
12.270924
13.088893
13.020641
11.810130
12.703148
13.237123
11.683840
11.351616
11.840976
13.312156
13.869749
12.978376
13.375742
13.241262
12.259316
12.974534
11.923370
12.920155
11.516190
12.628543
11.755905
11.703762
11.986129
12.186382
13.048421
12.742068
14.856028
13.220724
13.857617
12.728729
12.943428
11.552077
12.130002
13.249428
12.665704
12.564086
13.205432
12.487671
13.074031
12.054842
12.398706
13.051111
11.378658
11.633516
12.996627
12.541354
12.204215
13.121841
11.027399
12.514585
11.759774
12.895778
12.395404
13.015838
12.602034
12.286254
13.389306
13.091252
12.323522
13.691665
11.451623
11.216612
11.135900
11.577404
11.383891
12.656198
10.860012
11.372334
11.777153
10.646148
11.194648
10.537829
11.518611
11.822762
11.285367
11.648337
12.046427
11.407425
12.331257
11.764180
21.793950
22.631756
20.813850
22.156200
19.872285
23.499415
21.410234
22.639861
22.456470
11.059976
11.933136
12.053348
11.614574
11.684020
11.542591
12.065918
11.664355
11.103612
11.396853
11.377898
12.255214
12.238484
12.718832
11.919875
12.470907
11.622759
12.659921
11.003327
11.038964
11.196047
10.223393
10.520488
10.778451
10.208046
11.370042
11.266484
10.398874
11.361912
11.896595
11.683546
12.026907
11.720073
11.828104
12.558280
10.861081
12.026984
11.923808
11.421739
11.555075
11.017930
14.138105
14.080222
14.298443
13.446102
14.020214
14.132620
12.160031
12.249360
12.451173
11.759260
11.660847
10.825667
10.919134
11.076083
10.981585
10.684928
12.603159
12.902873
12.074836
12.452201
10.262613
10.126469
10.526848
 9.990906
10.608962
10.253876
10.488763
10.567177
10.387982
10.729446
10.839096
10.102172
11.140308
 9.939593
 9.110826
 7.962530
 9.517119
 9.635534
 9.502915
 9.877716
 9.553705
 9.670209
 9.807747
10.433577
10.905622
10.436515
11.555508
 7.598068
 8.163834
 7.912374
 7.442307
21.581387
19.765888
16.820968
16.333594
16.039313
15.637552
16.499890
15.613839
16.088580
18.406284
17.923971
15.392324
14.502282
16.182999
15.426982
14.811052
17.546224
16.274755
16.244265
16.044597
16.001094
15.767086
15.533111
16.324715
13.590601
15.396501
17.911988
18.174725
16.583085
17.624985
17.170893
15.263493
16.530716
17.853406
17.144053
18.141929
18.521041
18.453940
18.083314
17.053211
17.815124
18.328117
17.801107
17.907261
17.156125
18.867543
17.977646
18.295472
16.105216
16.933394
16.522549
16.912584
16.178823
18.141008
15.536186
18.092974
18.571557
17.092633
17.445080
17.693785
19.570714
18.618808
16.019533
18.085151
16.868900
15.534075
15.362300
15.679724
15.723930
16.070103
14.847516
16.047735
15.420666
16.435838
16.756979
15.112201
18.244227
16.863411
16.923938
17.518239
16.283182
16.327435
16.242590
15.929490
15.956387
14.833068
16.532636
15.793102
16.740988
15.248674
15.542163
15.453836
15.992910
15.137483
15.910753
16.231611
15.503228
17.030456
17.359259
17.815304
17.039187
18.503061
17.581819
17.675411
18.313327
17.019345
17.631288
17.063626
16.577009
16.134829
16.108695
16.156572
15.193647
17.068083
16.644110
20.903407
19.090355
20.026041
18.749486
19.245269
17.838749
19.824397
19.581557
20.392068
20.210181
20.344930
21.870987
21.383707
20.635784
20.006740
19.496446
19.764475
19.001198
18.562906
18.576905
19.336309
21.520527
20.767531
20.210433
19.804695
20.828586
19.856079
19.821834
18.882509
20.561559
20.154666
20.513374
20.585124
18.955246
19.501342
19.526126
18.752239
19.682851
21.928230
20.558398
22.336780
20.440499
17.524926
17.071323
17.803841
21.179719
19.405624
19.843466
19.113344
18.896213
20.610942
17.864617
17.973337
18.822685
16.743396
17.590693
17.192579
15.969806
15.506031
16.864518
15.756740
16.829910
16.951050
16.616106
19.215491
17.373921
20.382609
19.428200
18.162876
14.507803
15.110013
15.336263
15.590698
16.045688
18.122873
16.907968
17.226890
19.421108
19.533338
21.544527
19.630926
16.513646
16.836021
16.053506
14.995558
18.989000
18.229138
18.294717
16.379713
17.260507
16.987353
17.637872
18.008564
15.974707
16.131285
15.433791
14.794536
15.510848
17.481169
16.689688
17.868812
17.327992
18.180162
17.959098
17.837540
17.808517
17.939144
16.511959
17.242693
16.541024
15.701166
14.756098
15.613617
13.760691
 9.527373
 8.037774
10.130898
10.390850
10.024507
 9.735454
10.011705
10.055001
 9.080588
10.287276
 9.186206
10.280036
 8.452065
 9.808788
10.026243
11.409851
10.998577
11.660755
11.081458
11.273840
 9.542781
 9.598866
 9.161470
 9.627950
 9.875253
10.268806
 9.875266
10.142787
 9.210448
 7.982833
 8.490130
11.077920
12.092502
11.422628
11.493196
10.704016
11.705326
11.739032
10.517657
11.120428
11.587117
10.969289
10.101653
10.420429
10.838205
11.207689
11.315145
12.464676
11.772224
 9.902952
10.762372
10.843637
11.708372
10.786201
11.000748
10.966823
10.948526
10.999624
 9.752759
10.270975
10.488726
10.867031
10.840733
10.218079
10.409019
10.752326
11.238856
13.036531
12.849296
13.721364
12.510391
13.073531
13.137558
12.774659
12.616609
11.582519
13.101503
13.473035
13.274313
13.228714
12.703261
13.254531
13.389726
13.080244
13.101071
13.401464
13.593436
13.437468
13.359234
13.950891
12.673856
11.657976
10.994739
10.435178
11.434004
11.729230
12.493291
11.880318
12.705819
12.419446
11.948977
11.267791
10.789190
10.948315
10.855641
10.414960
10.369044
10.508816
10.951087
11.193344
11.953949
11.556801
10.740965
10.781830
11.479188
11.560030
12.158012
11.266345
10.765588
10.340611
 8.969689
 9.529719
 8.426152
 8.558248
10.030468
 9.257135
 9.187134
 9.726139
10.454278
10.172047
 9.552806
 9.859139
 9.724031
 9.672213
 9.633870
 8.825605
 8.333453
 8.497554
 9.990812
10.185059
10.143766
 9.608681
 9.539842
10.714654
10.047460
10.929324
10.796690
10.494808
10.757117
10.297485
10.834737
10.780028
10.490273
10.697645
 9.372747
10.670961
 9.219940
 9.128472
 9.073132
 8.820003
12.139906
12.054595
11.482300
12.175699
16.431208
16.917050
16.508770
14.480319
14.710188
16.681521
15.109743
15.703000
13.634045
14.735703
14.525247
15.856066
18.826854
18.944009
17.264358
16.259820
17.962776
17.668694
14.917970
16.222795
17.110058
16.504688
16.207889
16.553926
16.050719
17.096146
16.411657
15.932720
14.319801
15.878189
15.716718
12.316954
11.703794
12.250217
12.794201
14.141955
13.997674
13.303932
13.299594
13.437834
13.598561
13.027850
12.933937
13.812102
13.632675
18.143095
18.297781
18.846520
19.388811
19.914032
18.624066
18.537007
19.485550
17.643210
17.077945
17.194818
17.686217
16.934904
18.041781
17.347541
17.040850
18.656704
18.999232
18.785553
18.177554
19.174467
18.332558
17.484299
18.515933
17.858046
17.707768
20.199162
18.659240
19.829256
19.575511
19.131675
19.318574
20.909568
19.737172
20.224502
18.552277
18.359922
17.707061
18.580426
18.135540
18.443873
16.061362
15.432868
16.966628
16.283224
16.690142
15.818516
16.175550
17.572608
17.189313
16.679909
17.258082
16.762045
18.825726
18.613916
18.173970
18.367315
16.453277
18.000506
19.091899
19.042718
20.739137
19.328739
17.703869
18.619177
18.609966
19.289854
20.098671
17.660792
19.834062
17.853069
18.738260
19.526562
18.912109
18.938907
19.728617
19.752900
19.950731
19.448475
19.113682
22.252121
19.688520
15.903396
15.163840
15.554876
17.087188
15.956283
15.922332
17.881314
16.562779
16.248679
15.841751
15.283861
18.143487
17.080202
17.058491
16.536417
16.180335
13.326240
16.885974
15.991914
16.009923
17.242990
16.423799
16.379913
15.313766
15.532432
14.405278
15.147805
15.127216
15.403751
15.080606
15.839694
15.757696
16.112021
16.639071
15.628559
16.055130
16.767611
15.366225
15.822303
14.959644
16.159968
16.809170
14.777506
16.368866
17.666968
17.380235
18.289101
18.081037
16.891551
16.998293
16.906922
20.015710
20.081589
13.236293
14.109597
12.674916
13.823278
13.292574
13.317685
14.174339
13.483674
13.595244
12.501121
12.111046
11.138429
11.702224
12.103599
11.491839
20.791725
23.636114
23.330699
23.457075
22.613627
21.932456
22.097071
22.581061
21.859932
23.175133
22.116980
19.133002
22.500048
20.982797
20.672854
21.231341
19.512320
21.230848
18.209232
20.684205
21.891855
20.803808
19.399899
20.891909
20.730609
21.655286
20.974957
21.239787
21.696739
20.891610
21.908517
21.229068
21.644119
21.398698
20.642776
 8.023757
 7.616888
 8.052777
 7.155520
 8.538128
 8.515395
10.116140
 9.626813
 9.924244
 9.724499
 8.358062
 7.670320
 7.678775
 7.549334
 8.282821
 7.690440
 7.984042
 8.070061
 7.765182
 7.857110
 8.385150
 7.658148
 6.905046
 7.755218
 8.792300
 8.757063
 8.139780
 9.049379
 8.906137
 9.321098
 8.154536
 9.065004
 8.726410
 8.410691
 8.963932
 7.979676
 7.781319
 7.218945
 7.339881
 7.163162
 7.623289
 7.671888
 7.455505
 6.850922
 6.935350
 7.835988
 8.131925
 8.003432
 7.908343
16.281640
15.408951
16.198201
16.628479
16.003857
17.260183
14.900867
17.241259
16.367876
15.884363
15.039598
16.004688
16.126881
16.132632
15.856336
15.179901
14.150265
13.581062
13.123482
13.438076
14.139221
14.853011
14.354168
15.001288
12.441231
12.824898
12.101971
12.202343
12.428350
12.440324
12.151269
12.753112
12.153559
11.771006
11.599406
11.720859
11.407671
11.466532
12.642029
13.044605
11.253705
10.676961
10.016242
10.925692
10.674683
10.500754
10.872730
12.698730
11.739859
12.157055
11.871088
12.919552
12.856410
12.465938
13.191025
15.885627
12.534513
11.969847
12.072223
12.643514
12.647175
13.174289
12.011763
13.219804
11.359200
12.315953
11.798986
11.738878
12.460165
14.062514
14.353650
11.661953
12.707344
11.974856
13.315669
11.656736
11.644062
12.348724
12.690162
13.945095
13.782697
14.430648
14.311955
11.254658
13.053499
13.197970
12.831387
12.343142
12.118908
 9.375582
 9.461456
 9.210800
 8.572461
 8.377620
 8.757608
 8.789873
 9.425422
10.439919
 9.223501
 9.675091
 9.884589
11.140843
11.187385
11.225892
10.960290
11.510380
10.226621
10.385905
11.242811
10.164440
 9.790593
11.617636
11.585792
20.689279
21.104606
18.199374
20.850376
19.744285
19.933061
20.410049
19.061523
18.685785
19.569030
22.838253
22.391082
21.704952
20.620202
20.130489
19.401666
18.163748
18.675837
18.414644
18.417691
17.720227
18.122509
17.975406
17.958735
18.634020
18.058400
19.513032
18.882497
18.119043
18.285324
19.029461
17.734905
20.151414
20.353786
19.705111
17.925959
19.270067
17.871576
18.492010
18.346850
18.737989
20.287154
20.093205
19.606691
21.623217
19.497971
18.457907
18.923885
18.934187
18.497941
18.505197
19.095497
18.425496
18.968978
21.020338
18.629165
19.686410
19.935883
20.697628
19.546230
19.899855
16.825205
16.209898
17.439353
17.355912
18.762415
17.902693
18.955305
17.687184
17.306027
17.472924
16.664438
17.369384
16.647088
17.868488
17.701384
16.356735
18.190620
15.566510
16.025220
15.295144
15.119134
14.934938
16.736857
17.000669
17.832816
16.473508
16.957294
15.942729
15.917856
12.716548
12.936406
14.106242
13.156814
13.422127
13.529454
14.722099
14.541169
14.757561
13.667467
15.368646
13.206674
12.863283
13.421597
13.257710
13.215715
10.967027
11.130838
11.004076
11.032823
10.782182
10.384945
11.822721
10.934008
11.633890
11.580646
11.889202
12.816348
13.047044
13.087587
12.485231
12.163621
11.258867
17.796501
19.368327
18.834706
17.814503
17.343815
18.986878
21.504599
20.841755
22.492368
21.786004
19.801923
20.715365
20.865438
21.252257
18.175592
18.723042
18.689454
21.314762
19.356712
20.385674
22.036808
17.702993
17.288396
14.590265
16.629565
14.953464
15.595981
15.890030
16.351492
16.789781
16.474372
16.409331
16.715228
16.493964
16.272376
14.322539
16.373502
12.706502
12.382863
11.788282
12.658923
12.169141
12.625256
12.161684
11.616384
15.510768
16.211710
15.561275
15.723858
16.005415
16.213006
16.287260
21.528203
21.154532
20.215008
21.052697
21.390004
18.600737
18.624490
19.050328
18.881047
18.496476
18.056909
18.448851
18.296760
17.744268
16.907416
16.318109
17.151253
17.813619
16.960062
16.954656
17.794461
16.308066
16.075861
16.461880
18.128262
15.820601
16.867696
14.587358
11.675212
12.750194
11.416210
15.679302
15.142951
13.684823
14.617276
13.495120
16.082016
14.925108
15.379418
14.958199
14.953235
14.240735
13.884860
14.860494
14.848153
15.945438
14.076613
14.662943
14.306206
13.205340
14.155360
13.408422
13.739711
14.053067
15.329825
14.872275
15.430413
15.313070
11.312209
12.274833
12.202822
10.848973
10.266079
12.171752
11.432608
10.891091
12.167437
11.505149
11.883863
11.671506
12.632356
11.656506
12.043116
12.850419
12.734605
12.974116
12.941373
12.684182
12.932279
12.991299
12.273814
11.334704
10.772201
11.437192
11.837917
11.419186
10.339173
11.314082
11.435953
11.081443
10.966949
11.884984
10.910067
10.364640
10.621824
10.728162
10.920882
10.308576
10.069265
10.153059
10.674378
10.120574
10.300397
10.269010
 9.698656
 9.845507
 9.954827
11.930725
11.799329
11.932862
11.166286
11.583604
12.469057
11.965337
10.123054
11.528697
11.166529
10.966475
10.054604
12.119883
11.473616
11.864047
11.796524
11.219302
12.588112
12.314524
13.551809
12.004207
13.185121
12.461786
12.659026
13.746777
14.894026
14.114649
15.836808
14.440641
12.150791
12.607576
11.614582
11.109410
12.167355
12.581934
11.493368
11.717038
12.630423
11.158134
12.335303
12.044508
11.092319
11.443250
10.586536
 8.218576
 7.840806
 8.395261
 8.042731
 7.885391
 8.394831
 8.389614
 8.710421
 9.175972
 8.244367
 9.311698
 8.926513
 8.394746
 8.835577
 8.578744
 8.712013
 9.453981
 8.743402
 9.852360
 9.625662
10.224100
 9.826286
 9.688598
 9.459507
 8.234320
 8.620989
 8.041721
 8.929750
 8.183095
 8.567725
 8.551966
 8.610115
 9.118628
 7.957433
 8.270326
 6.945535
 7.327732
 7.314095
10.437237
 9.754250
10.765681
 9.960529
 9.982234
 9.947201
10.570042
11.166591
10.221438
10.380260
10.488352
10.541024
10.331063
 9.187299
 9.625509
 9.583561
10.080792
10.331734
10.199983
10.609866
10.250085
 9.675237
15.130221
13.514362
14.596055
12.953678
12.798964
12.364895
12.471454
13.498751
12.718993
13.143350
12.670525
12.394459
13.024529
13.195355
11.881170
12.410044
11.814893
13.046972
11.936649
11.762159
11.464025
10.848148
10.177929
10.893896
10.262514
10.305344
11.109724
11.798014
11.676543
11.649266
11.705976
11.436922
14.250781
15.079468
14.070419
15.443877
13.983034
14.499821
13.516734
14.651973
14.917896
13.947895
13.751054
14.427904
13.962282
14.245614
13.375187
13.462183
14.546602
11.526539
11.948016
11.618958
13.086760
12.236155
12.187609
13.951194
14.091266
14.159520
14.935858
14.572042
13.459898
14.882053
14.398451
13.739824
15.456406
14.625312
15.050733
14.655497
15.571539
14.468238
13.630971
13.779064
13.408839
13.262491
11.889063
10.878660
15.554166
14.672802
13.893713
15.833323
16.032709
18.012907
17.115741
16.539479
18.189512
17.857657
16.675075
17.681098
18.187789
18.283267
19.173573
20.611961
19.448168
21.048401
19.884597
21.827053
19.755711
21.280360
21.971635
21.843432
22.152463
22.215900
22.206791
21.353133
17.850500
17.950480
19.235832
19.405177
18.671455
18.119388
18.820989
20.475669
20.512546
20.056777
20.542843
20.854655
20.029659
19.423510
18.785146
19.369850
19.138363
19.845587
20.731817
17.793088
18.304218
17.202076
17.441385
19.825769
20.183384
19.654928
20.052949
13.417095
13.324029
14.496640
13.872301
14.409464
14.204684
12.856937
12.224348
13.106023
12.728826
13.816996
14.035975
12.371184
12.046055
12.814171
11.941998
12.073181
12.592395
12.446832
13.330103
12.496258
14.285231
13.623115
13.838353
13.192208
14.653164
14.427369
14.693663
15.060176
16.723499
15.021693
13.712344
13.526937
13.748180
11.522157
12.192232
11.433406
11.572186
12.443081
11.306979
11.347706
10.482929
10.980424
10.649896
10.218517
10.247361
10.610398
10.983445
10.263491
10.197419
10.813532
10.154637
10.484433
11.410121
10.659166
11.653650
12.161871
11.485773
11.608683
10.465465
10.335740
 9.905511
10.262568
 9.677905
 9.866101
 9.807624
12.346026
10.898177
11.749179
11.468288
12.031201
12.345297
11.707887
11.599369
10.279866
 9.746283
 9.910336
 9.791117
10.639889
10.115898
10.770743
10.553224
11.543550
10.751322
10.677725
10.937710
10.586839
12.546773
13.571589
13.150062
12.169658
13.660024
13.263176
10.730140
12.370381
11.573782
11.057658
10.917184
11.200197
11.912050
11.875014
11.655688
11.214638
10.337078
12.077318
11.602513
10.917299
11.547756
11.347228
11.163868
11.475851
10.940545
11.868408
11.620922
11.538528
11.883490
11.114356
11.265415
12.403572
11.362212
11.493073
11.673308
10.717375
12.459299
12.196571
12.253973
12.854902
12.222671
13.155517
14.561332
13.849925
15.100890
13.808782
13.485075
14.327704
14.698296
14.593269
12.828908
12.298253
12.591037
13.009254
12.410482
14.563450
12.243354
14.138042
13.574363
13.348325
13.768662
12.124932
12.803115
12.821003
12.466943
14.352851
13.383494
13.164317
12.740753
12.113990
12.060824
13.210803
11.383191
11.791534
13.085049
12.423048
12.490997
13.261980
10.566389
10.574853
11.057329
10.299877
10.629011
11.540230
10.551794
10.186939
10.533754
 9.968862
 9.525021
10.317810
 9.292698
10.352293
10.069683
14.968393
15.633145
16.316074
16.049063
15.028208
14.897232
13.693064
14.978285
14.919620
11.925941
11.047321
11.665556
11.340920
10.813334
11.617345
11.559290
11.856106
12.410064
12.195584
10.729203
10.826202
10.662334
10.715228
10.697535
10.223574
 9.953991
 9.681187
 9.737825
10.467771
 9.900103
10.935780
10.819093
11.035275
10.622470
11.469482
10.923880
10.542851
10.533130
11.056102
10.651067
10.211741
10.269267
 9.944863
12.076326
13.193827
12.543945
12.669149
12.849295
12.147377
12.683301
12.255120
11.558691
11.246163
11.138653
11.626726
10.180623
10.503227
10.052829
11.548688
11.062020
11.150510
11.612232
11.661280
11.192446
11.517118
10.771490
10.516950
10.991856
 9.117868
 9.185784
 9.404274
 9.660066
 8.956899
 9.086740
 9.117460
10.022409
 9.538755
 9.937149
10.091533
10.241667
 9.309525
 8.867969
 9.735552
 8.660848
10.115060
10.128175
 9.494332
 9.466051
10.764544
10.791295
11.474400
11.019838
10.487323
 8.677910
 8.894988
 8.184068
 9.131230
 9.276290
 8.717948
 8.496081
 8.059144
 9.026072
 8.638664
 9.014595
 8.340242
 9.106726
 8.628356
 8.904564
 8.770193
 8.456400
16.609198
15.600165
 8.557833
 8.728579
 8.898174
 8.394823
 8.731906
 8.392661
 7.904659
 7.203259
 7.331474
 7.476387
 7.309642
11.682594
20.080494
20.595270
18.791477
19.798027
19.700615
20.690433
18.654017
21.166191
20.862432
20.106231
22.745083
21.373367
19.981734
21.507618
21.187126
21.532109
21.983286
21.462845
16.486432
18.111871
17.547394
18.541818
16.798484
17.655663
23.090230
21.105501
22.960831
19.497041
10.280556
11.438385
10.270607
10.419286
12.398699
12.723729
12.103781
13.233274
10.146750
10.063310
10.358041
10.691737
 9.715802
11.296527
11.126478
11.575257
10.850608
10.853561
11.127523
10.620976
13.108707
13.817204
13.754230
12.932236
12.905444
12.912871
13.320756
13.846285
13.216109
12.499951
11.964608
11.762566
11.753039
13.117883
13.143490
13.068455
13.086210
12.710153
13.062518
12.037168
12.054037
12.374164
12.601244
11.994453
12.504220
12.750762
13.306582
11.917913
12.027819
12.802004
13.227366
13.045598
12.599783
11.974516
13.826703
12.515332
13.011198
12.888479
12.128108
12.608191
12.557690
13.633870
14.406368
13.518178
14.069066
14.099306
14.056693
13.010478
13.076415
12.445644
11.678374
12.631639
12.800315
11.617919
15.059347
13.435791
14.340374
14.810018
13.813103
14.257450
14.782917
15.533502
15.470720
15.795833
15.060952
16.050870
15.334440
15.403971
14.925389
15.835181
15.096921
15.070372
15.258614
16.952487
16.572234
16.335969
17.602681
17.881327
16.851425
15.465936
16.266255
15.688158
16.036586
18.232192
17.535875
19.770970
18.175902
21.717327
21.511419
21.354605
20.082439
 9.601483
 9.970823
 9.501427
10.774084
 9.938893
15.857072
17.816074
15.045985
18.653570
17.897453
18.673573
15.969452
16.605954
15.359165
14.920399
15.374123
15.019099
15.001207
15.097868
15.307033
16.637621
16.502734
16.157742
16.431519
15.548358
16.747106
16.185263
14.747562
16.070137
16.561702
17.187997
16.110206
15.372460
16.118987
18.318360
17.801857
16.885149
18.612277
18.200144
18.012251
19.966232
17.524280
18.339374
17.601461
18.617723
18.436498
17.385551
18.425114
17.815634
16.763833
16.059896
15.852033
18.261807
16.826584
16.934130
20.224806
20.511241
20.693293
13.156978
12.134206
13.423312
14.840082
13.219659
12.918848
13.865597
14.137088
13.575788
12.542781
12.739601
13.169920
14.136446
13.678220
16.030461
12.183902
12.691318
13.551760
13.201237
12.662503
13.404513
13.458508
14.530718
14.298141
12.923085
13.842116
14.398681
13.260553
13.194529
13.385679
13.542497
13.447694
13.429281
13.377568
13.072072
14.269892
14.267824
13.427386
13.025565
13.611031
13.482847
14.532574
14.122380
14.137745
13.375372
13.590239
13.896756
15.202113
16.279018
16.003997
17.224982
15.285265
15.301500
16.372217
16.435015
14.781071
14.871928
14.570039
15.303884
13.127753
13.397349
15.325457
16.003822
14.562557
15.112134
15.996296
15.219390
15.850977
14.913094
15.763519
14.417740
14.249795
14.272443
15.693987
15.519533
15.087705
15.481089
14.679098
16.933852
15.476360
15.167011
16.646254
15.216300
15.375328
15.695793
14.278424
14.768581
15.494930
15.734726
15.924041
17.056090
17.601679
19.291631
20.877616
20.387808
20.627810
19.762019
20.125008
20.576773
19.361365
19.547656
19.218516
18.354541
17.777803
13.130645
14.356720
13.602058
13.436929
12.856380
14.410283
13.839408
14.008602
13.721592
14.622123
12.832462
13.066940
13.638203
13.632149
11.781912
12.002508
12.475594
12.744332
12.800094
12.860431
11.896595
12.146707
13.544055
11.026526
11.010749
12.342379
12.034783
12.019863
12.125348
12.622856
12.540354
12.404855
11.482247
12.449092
13.452114
13.118649
13.453731
13.329885
12.855456
13.096878
12.162107
13.097394
12.084434
12.901711
12.580939
13.189533
12.587372
12.889179
12.834269
12.219146
10.751458
11.640853
12.100264
10.764373
10.724914
10.069432
10.993409
10.642909
 9.211372
10.091501
 9.655709
10.244400
10.210649
 9.963319
10.878222
11.121921
11.244296
10.902544
10.826774
11.180540
12.138781
11.743436
12.350967
11.196974
10.692200
11.341685
11.106519
11.685061
 8.319499
 8.362371
 8.329816
 9.419790
 9.318112
 9.382536
13.534290
13.015679
13.075773
12.998430
13.209966
13.197597
13.502306
14.433453
13.800509
13.488673
12.406309
14.698649
13.916495
12.662049
14.063932
14.737894
15.154004
17.022724
17.184675
17.432843
17.101259
16.020768
15.817030
15.328738
16.978993
16.498853
15.881446
15.569478
15.902280
10.944847
10.481220
10.931355
11.676211
 9.474720
10.357412
 9.622624
 9.901577
 9.741015
10.001014
 9.712657
10.141966
10.384516
10.641629
10.480184
10.113739
 9.586289
10.699943
 9.144895
10.695717
 9.707982
 9.912037
10.152176
10.235744
10.308637
 9.555976
10.046661
 9.452797
 9.897771
 9.991814
11.301433
10.332305
10.961071
11.363594
11.783552
10.653057
11.448944
12.368987
12.025486
11.575264
11.741826
10.578203
11.822502
11.057433
10.971819
11.053476
10.694088
10.669679
10.361797
12.573871
11.342639
12.241720
11.292711
11.031233
10.961704
11.128717
11.502879
11.345096
11.684909
11.512701
10.490959
11.426175
10.932100
12.714091
13.173905
12.974902
11.804656
12.904806
11.936963
12.633342
11.646005
11.920211
10.677647
11.820036
12.507407
 9.617699
 9.662895
 8.792942
 9.505549
10.606811
10.406129
10.278958
11.701316
11.706688
11.995922
12.189227
11.588131
11.796318
13.435187
12.488949
12.923993
13.546781
12.347694
13.619798
 8.873176
 8.785370
12.531967
12.773824
12.246289
12.188829
12.030592
15.475612
15.108611
15.381920
15.088222
15.318826
15.502566
14.285019
13.261025
13.846649
14.224644
13.749148
14.183372
13.294636
13.169041
13.521803
13.775578
13.515470
13.439037
13.223884
13.990830
13.352795
14.522838
15.614788
14.736546
13.205094
13.368902
13.711205
11.999207
13.440160
13.439405
12.940133
14.176909
12.902022
13.391006
12.959801
13.481214
11.788956
14.616603
12.967741
14.057138
13.750064
11.215992
12.581057
12.780633
12.777181
13.128462
12.785095
13.610098
13.651244
14.159571
12.558204
13.352856
12.556913
12.623268
12.260619
15.908827
15.786131
16.009609
12.048136
13.533096
12.504235
13.020011
13.073224
13.974907
13.374531
13.263533
12.696277
13.021735
14.050717
13.737946
14.589788
15.071497
14.223576
15.563940
16.096213
15.648272
17.325955
15.988898
16.462744
16.637157
15.799039
15.940667
15.156284
15.524812
15.178803
15.657941
14.488392
14.793688
15.496180
14.932650
14.011308
18.036164
16.816976
18.122585
17.096352
16.555003
16.739627
17.010035
17.607157
17.174603
18.356973
10.825048
10.615744
11.515305
13.693702
13.020280
14.186278
14.535369
10.662099
12.511280
11.163955
11.346537
13.868805
13.837555
13.117568
14.080103
13.433791
12.969572
13.421215
13.122816
13.623569
12.778098
12.155516
12.591206
12.824903
16.880219
15.361400
13.607218
14.165133
14.983456
15.479816
14.689165
14.741012
14.804837
14.572639
15.168405
16.534357
14.963019
15.907399
16.496964
15.024231
14.347893
12.542712
11.782174
11.076968
12.618153
12.252362
11.820766
12.280912
11.989708
12.084480
12.368867
12.647298
12.230391
13.692111
12.423979
13.243825
13.567589
13.915039
14.435103
13.730357
13.826501
12.157913
11.740412
11.617715
14.263606
12.840588
12.654020
13.552329
12.324415
12.800051
13.340947
13.798018
 8.135125
 8.463139
 8.612906
10.884359
11.454155
10.506939
 8.931085
 9.572455
 9.471459
 9.467568
 9.405834
 9.544131
 9.660810
10.795944
11.067101
11.997259
 9.828520
 9.824773
 9.657994
11.209686
11.669519
12.835808
12.092989
11.549651
11.768721
11.854391
11.854415
11.847437
12.261850
11.621711
11.845919
12.776261
11.966362
12.549598
11.691062
12.460287
12.595018
14.712944
13.953244
13.359473
13.634952
14.001828
12.788899
13.622055
12.277134
12.499468
12.805792
13.240568
12.318391
11.977130
12.583903
12.343388
12.421998
12.395492
12.977339
12.969006
11.666462
11.019098
13.289221
13.520226
12.747963
13.227626
12.232393
13.282511
12.361237
13.263181
12.696525
12.966990
12.896192
11.870010
11.936977
11.736932
11.466638
11.786092
11.927764
11.346896
11.914908
10.943182
12.674240
12.189655
11.258247
12.290593
12.462827
12.618639
12.713125
10.231262
 8.450628
10.092175
 9.425676
 9.712905
 9.764689
11.639044
 9.983936
11.172344
11.467697
10.818786
11.441323
15.276575
13.898133
14.500076
15.211633
14.873495
13.912409
14.377348
12.821863
12.932400
13.909531
14.659388
14.299917
 9.443580
 9.415185
 9.650798
 9.537731
 9.493857
 8.824323
 8.849659
 8.481708
 8.839994
 8.998280
 8.976093
 9.197899
 8.893664
 9.285522
 9.314840
10.262422
 9.373887
 8.456749
 8.451213
 8.751130
 8.737527
 8.925546
 8.863535
 9.397760
 9.290429
 8.807079
 9.022336
 9.794806
10.447011
 9.826908
10.124054
10.181679
 9.909225
10.138295
 9.786589
 9.430387
12.895368
12.102058
12.231179
12.233280
12.679872
11.672116
12.689978
12.621466
11.982267
11.628000
12.061929
 9.179956
 9.733879
 8.802378
 9.023841
 8.634908
 8.672770
 8.822497
 8.986912
 8.639700
 8.721934
 9.235933
 9.115401
 9.579447
 8.252348
 9.020257
 8.483549
 8.857721
 8.812794
 9.313372
 9.059000
 9.173880
 9.150862
 8.404447
 9.862557
 9.225117
 9.752844
 9.549441
 9.257984
 9.833163
 9.321370
 9.106070
 8.959038
10.810270
10.246247
10.300722
10.358224
11.699279
10.774011
12.348517
12.434573
12.282234
12.142388
11.532014
13.072753
11.779906
11.625294
10.747408
13.307546
12.630419
12.888716
13.049584
13.128767
11.316751
11.718825
12.048738
11.886435
 9.755692
 9.923530
10.717729
 9.627322
11.029197
11.131579
10.397859
10.129183
 9.752872
10.850315
 9.822406
10.452693
 9.235884
10.205743
 9.558269
10.311118
10.485320
10.144292
10.227485
10.259349
 9.483336
 9.819022
 9.719118
10.362748
 8.890597
 9.037051
 8.867966
 9.197849
 8.469920
 9.469201
 9.315224
 9.368738
11.690879
11.933781
10.835133
12.196980
11.916808
17.736525
17.944933
16.814524
20.363387
20.248816
19.843832
20.226073
18.729003
18.485966
16.770713
19.573892
16.944261
18.817867
17.501867
18.238225
18.802933
14.992441
14.660572
14.109223
15.307618
15.444286
16.140424
16.277821
12.757492
13.571570
13.169749
13.496977
11.838235
13.170469
12.814698
12.497891
13.015057
13.626851
14.847337
13.343265
14.305227
13.788702
13.659204
13.067805
 9.722884
 9.508183
 9.599081
 9.673622
10.398127
10.730591
10.198900
10.943807
10.673373
10.112570
10.095195
 9.904067
10.577824
10.532329
10.396630
 9.859825
10.602470
10.164872
 9.052442
 8.769347
 9.447493
10.471348
10.142614
 9.240379
 9.564801
18.078417
19.007368
18.115061
19.281152
16.198439
17.807758
18.010023
19.640356
18.249294
18.218641
14.850506
14.876937
16.402314
13.858002
13.671980
14.025564
14.913920
13.627448
15.083746
13.912624
14.185870
14.169389
14.133249
15.153810
14.537308
12.653239
12.970778
13.932417
17.890625
15.325916
16.023441
15.458949
16.253910
14.065517
15.587739
15.029717
15.127416
15.215048
15.293319
15.448683
16.236217
15.930204
12.936600
11.424545
11.430613
11.518339
10.725053
13.125372
10.834992
11.039712
11.990784
11.618531
11.010244
13.972733
12.551634
12.623438
12.371009
12.224422
12.835997
13.735324
12.715758
13.461148
19.899655
22.051968
20.380548
21.192973
19.702814
20.975544
24.055320
24.576794
22.482947
21.643686
23.968112
20.278138
19.232687
21.312691
19.737288
20.563878
20.080446
22.869793
19.913033
20.188804
21.535210
21.482262
20.248672
18.784735
19.175994
18.734452
18.943826
19.669191
19.406910
14.463876
15.196059
14.057062
14.669121
14.892927
13.809640
14.829930
14.945979
15.343726
14.978694
15.449964
15.347193
15.748895
15.996989
16.110601
15.446621
14.846977
15.533618
21.302007
20.622016
20.569800
21.750562
21.501115
22.575055
21.852036
19.158099
20.915087
20.112295
21.020342
19.906766
20.731777
16.372095
15.786506
15.910644
15.361286
15.932726
16.324749
15.616811
15.539430
15.574065
14.737525
14.691494
16.983553
 9.155275
 8.911700
 8.887914
 8.772694
 8.479738
 8.465892
 8.515473
 7.877479
 9.220586
 8.637142
 8.919010
 8.685859
 9.709007
 8.274703
 7.487648
 7.796491
 7.423395
 6.912168
 7.914143
 7.090494
 9.624274
 8.328971
 8.578040
11.239740
10.651065
10.891003
11.272629
10.714573
10.516872
13.558683
12.167975
13.054181
12.546229
12.930598
13.363549
10.906271
13.179212
12.452962
12.548213
13.992969
15.776853
15.496217
13.909520
15.509816
13.534596
13.558953
14.313637
11.843130
11.441827
11.313213
12.762319
12.230554
12.372777
10.362276
 9.189138
 9.507992
 9.668756
 9.499154
 9.751277
 9.593122
 9.517771
12.701250
13.109345
13.679039
12.947301
13.244049
12.974465
12.428466
12.355226
12.356883
12.909501
10.088805
10.982461
13.195891
12.486717
11.936469
12.950510
12.672612
12.630642
11.921933
11.386090
12.386558
12.410787
11.922191
10.832031
11.974719
11.903651
10.980974
11.786989
11.406067
11.200479
11.982891
 9.097410
 8.388114
 8.039338
 7.387653
 7.847798
 8.279450
 8.139671
 9.392165
 9.307775
 9.237289
 9.148615
 9.027880
 8.978869
10.696492
10.820395
10.703248
 9.780531
 9.593458
10.076911
11.028898
 6.623604
 6.809773
 6.819801
 6.386336
 6.650578
 7.198364
 6.560427
 6.820548
 6.122182
 5.872029
 5.966105
 5.752449
 5.596098
 5.849780
 9.812008
 9.481876
 9.702297
 9.844097
10.412272
10.386603
10.821842
10.704109
10.343681
 8.473335
 8.780815
 8.613671
 8.993470
 9.260864
 9.227459
10.218763
10.280846
10.039119
11.587339
11.278997
11.828070
11.810753
10.557737
10.952118
10.769207
10.453199
11.109394
 9.974530
10.880559
10.665928
10.431023
10.670430
10.448519
11.120097
 9.805376
10.387655
10.950717
11.110209
11.788719
16.409406
16.151604
16.850706
16.489135
14.284620
16.466802
15.937951
16.900983
16.026706
 7.811271
 8.016366
 7.671275
 8.034176
 8.385730
 8.550246
 9.981804
 8.748464
 8.823960
10.403269
10.000128
10.378505
 9.729519
 9.987611
 9.137880
 8.386433
 8.568736
 8.848804
 8.939512
12.761643
12.450373
12.023896
13.247656
11.922201
12.509513
12.777563
11.763015
12.209374
11.245263
 8.120185
 8.369756
 8.667833
 7.501425
 7.053880
 6.910782
 7.026709
 7.954374
 7.479856
18.198132
17.745586
17.843193
18.231159
14.779594
14.803393
16.095157
15.256613
16.094137
16.356301
16.179541
15.611210
16.243397
15.615638
15.073850
15.250143
15.079712
16.504140
14.322576
14.243294
13.411225
13.488654
16.226106
14.925819
14.414253
14.752752
14.284865
15.212932
14.239279
14.347701
14.654808
 8.267270
 8.815328
 8.443733
 8.960863
 8.324711
 9.713782
 9.556014
 9.645784
 9.058374
10.604249
10.546391
10.384961
 9.484580
10.149541
10.172315
 9.870687
10.548853
10.152166
10.647436
10.782647
 9.335318
13.140240
14.565293
11.356089
12.026622
11.320844
10.969834
12.227629
12.025793
12.455885
12.467094
12.914574
12.459731
13.650145
13.881967
10.512878
11.203286
11.370514
10.852031
10.995730
10.729515
10.021940
10.835047
12.233372
11.560309
12.578729
12.617658
11.607159
12.893585
12.824602
13.185906
13.714046
13.501454
22.808656
21.661219
21.033197
20.823098
10.883026
10.726901
11.087306
11.186147
10.438320
 9.853912
10.806057
11.581717
10.829961
11.655430
11.029014
11.208747
10.442537
10.646403
10.676843
10.522038
10.932158
11.327373
 9.297942
 9.621608
 9.347295
 9.324125
 9.563670
 9.262037
 9.500166
10.212748
 9.006395
 9.350710
 9.777244
10.660052
 9.756386
10.297485
 9.885828
 9.361499
14.155588
11.114265
11.732678
11.556795
12.030202
12.272388
12.653941
14.187943
14.532284
14.101094
13.085590
14.837460
14.135520
12.684093
14.114453
12.429189
13.435590
12.981303
13.401994
12.437600
 9.745652
10.762986
 9.849568
14.313266
13.990459
14.063050
13.497864
14.294199
15.695336
14.455921
13.855735
14.117853
13.463449
13.602013
12.682086
13.892213
14.175384
13.687278
13.426995
12.406545
13.056506
12.855600
12.676014
12.248849
12.648220
12.872694
12.480093
14.207161
13.089177
12.435717
12.257576
12.682498
12.474499
13.430443
13.838936
13.408733
18.614822
18.677424
19.792615
18.964662
17.639544
18.473002
16.671103
15.609100
16.690683
16.460836
16.074782
17.057095
16.450586
16.483055
16.503585
16.213305
17.342294
16.332569
14.393702
13.362566
16.007112
16.710528
16.194549
15.652063
16.115084
13.165051
14.191674
12.696437
14.977375
13.860736
14.100940
14.944177
14.227615
13.988664
13.895779
13.533893
13.898753
14.113054
15.223564
13.269489
13.750243
14.178978
14.760552
15.569367
15.136963
14.647583
15.123452
13.188447
14.836579
15.423146
14.051385
14.434135
14.087310
14.318073
14.568110
13.298343
14.893979
14.266338
15.054092
15.056470
21.088007
20.941884
19.737977
19.488511
19.546217
20.885796
19.716007
20.694915
20.815870
16.106929
17.366780
16.501242
17.554168
16.701269
15.157436
17.905395
16.596716
16.071397
16.591012
15.453585
16.385400
17.520559
15.132136
16.167087
15.623754
16.377998
15.805279
15.257250
15.320562
14.295437
14.211698
13.229951
15.599787
13.795607
14.859007
13.240631
14.843318
15.018498
14.354057
14.649624
13.791700
14.897964
14.213884
13.832094
13.322702
14.601585
12.656061
13.848674
13.058311
12.896493
14.261843
14.934257
13.867933
14.638571
16.340782
15.735156
16.065372
16.725829
15.901662
21.274781
19.933701
21.147598
19.107163
17.893156
20.554167
17.686954
16.955976
18.544112
17.921376
18.925155
18.541242
17.862121
18.471102
19.531105
19.109419
18.673966
20.131898
22.356854
20.014299
21.783417
19.407853
20.767050
21.455742
21.139617
16.479737
17.258968
17.272898
16.380659
19.219966
18.557395
18.541140
18.773942
18.456191
17.773451
18.508725
16.846539
17.741498
17.938723
18.812293
17.012658
17.580731
16.884270
21.033031
20.358403
19.557854
19.761833
19.912998
20.715213
21.605869
21.357551
21.260775
21.298922
21.982605
18.350802
18.589476
19.298179
19.304008
12.852756
14.028875
13.249795
14.192922
13.332988
13.431916
13.594413
12.710815
13.311760
13.794270
12.788038
12.298296
12.710626
13.291714
12.514687
12.075105
14.328326
14.080503
14.317462
13.469926
13.113255
13.762824
12.178235
13.890164
12.893155
12.389799
13.227833
12.668714
12.904973
11.490294
14.096377
12.499781
14.338464
14.160356
13.716844
13.796003
15.405052
27.258787
26.616560
28.698474
17.911707
20.016692
19.612389
18.875260
19.915510
18.992198
20.048909
18.378169
22.427094
22.543894
30.526360
28.254209
28.195096
29.059752
27.812196
28.216834
27.786565
23.661306
27.040682
24.644908
24.505539
25.239150
26.796635
27.527685
27.120739
17.408156
16.055921
16.788361
17.150316
13.860186
14.834875
13.767659
14.605825
13.630760
14.326058
12.376653
13.188384
13.002857
13.782873
13.090494
10.937190
10.439304
13.929657
14.270449
13.907784
