10.400666
 9.674584
 9.456798
10.484923
10.219268
 9.991979
10.537870
 9.606108
 9.726513
 9.845358
10.270505
10.065107
10.365805
10.260494
10.453544
 9.902347
 9.791423
10.520971
10.424289
 9.447849
 9.656134
10.188706
10.100760
10.169724
10.224572
10.713753
10.039052
 9.560677
 9.770250
10.601937
 9.384581
10.455021
 9.936601
11.573895
10.025034
 9.797694
 9.732434
 9.895354
 9.773652
10.665181
10.400666
 9.674584
 9.456798
10.484923
10.219268
 9.991979
10.537870
 9.606108
 9.726513
 9.845358
10.270505
10.065107
10.365805
10.260494
10.453544
 9.902347
 9.791423
10.520971
10.424289
 9.447849
 9.656134
10.188706
10.100760
10.169724
10.224572
10.713753
10.039052
 9.560677
 9.770250
10.601937
 9.384581
10.455021
 9.936601
11.573895
10.025034
 9.797694
 9.732434
 9.895354
 9.773652
10.665181
10.400666
 9.674584
 9.456798
10.484923
10.219268
 9.991979
10.537870
 9.606108
 9.726513
 9.845358
10.270505
10.065107
10.365805
10.260494
10.453544
 9.902347
 9.791423
10.520971
10.424289
 9.447849
 9.656134
10.188706
10.100760
10.169724
10.224572
10.713753
10.039052
 9.560677
 9.770250
10.601937
 9.384581
10.455021
 9.936601
11.573895
10.025034
 9.797694
 9.732434
 9.895354
 9.773652
10.665181
10.400666
 9.674584
 9.456798
10.484923
10.219268
 9.991979
10.537870
 9.606108
 9.726513
 9.845358
10.270505
10.065107
10.365805
10.260494
10.453544
 9.902347
 9.791423
10.520971
10.424289
 9.447849
 9.656134
10.188706
10.100760
10.169724
10.224572
10.713753
10.039052
 9.560677
 9.770250
10.601937
 9.384581
10.455021
 9.936601
11.573895
10.025034
 9.797694
 9.732434
 9.895354
 9.773652
10.665181
10.400666
 9.674584
 9.456798
10.484923
10.219268
 9.991979
10.537870
 9.606108
 9.726513
 9.845358
10.270505
10.065107
10.365805
10.260494
10.453544
 9.902347
 9.791423
10.520971
10.424289
 9.447849
 9.656134
10.188706
10.100760
10.169724
10.224572
10.713753
10.039052
 9.560677
 9.770250
10.601937
 9.384581
10.455021
 9.936601
11.573895
10.025034
 9.797694
 9.732434
 9.895354
 9.773652
10.665181
10.400666
 9.674584
 9.456798
10.484923
10.219268
 9.991979
10.537870
 9.606108
 9.726513
 9.845358
10.270505
10.065107
10.365805
10.260494
10.453544
 9.902347
 9.791423
10.520971
10.424289
 9.447849
 9.656134
10.188706
10.100760
10.169724
10.224572
10.713753
10.039052
 9.560677
 9.770250
10.601937
 9.384581
10.455021
 9.936601
11.573895
10.025034
 9.797694
 9.732434
 9.895354
 9.773652
10.665181
10.400666
 9.674584
 9.456798
10.484923
10.219268
 9.991979
10.537870
 9.606108
 9.726513
 9.845358
10.270505
10.065107
10.365805
10.260494
10.453544
 9.902347
 9.791423
10.520971
10.424289
 9.447849
 9.656134
10.188706
10.100760
10.169724
10.224572
10.713753
10.039052
 9.560677
 9.770250
10.601937
 9.384581
10.455021
 9.936601
11.573895
10.025034
 9.797694
 9.732434
 9.895354
 9.773652
10.665181
10.400666
 9.674584
 9.456798
10.484923
10.219268
 9.991979
10.537870
 9.606108
 9.726513
 9.845358
10.270505
10.065107
10.365805
10.260494
10.453544
 9.902347
 9.791423
10.520971
10.424289
 9.447849
 9.656134
10.188706
10.100760
10.169724
10.224572
10.713753
10.039052
 9.560677
 9.770250
10.601937
 9.384581
10.455021
 9.936601
11.573895
10.025034
 9.797694
 9.732434
 9.895354
 9.773652
10.665181
10.400666
 9.674584
 9.456798
10.484923
10.219268
 9.991979
10.537870
 9.606108
 9.726513
 9.845358
10.270505
10.065107
10.365805
10.260494
10.453544
 9.902347
 9.791423
10.520971
10.424289
 9.447849
 9.656134
10.188706
10.100760
10.169724
10.224572
10.713753
10.039052
 9.560677
 9.770250
10.601937
 9.384581
10.455021
 9.936601
11.573895
10.025034
 9.797694
 9.732434
 9.895354
 9.773652
10.665181
10.400666
 9.674584
 9.456798
10.484923
10.219268
 9.991979
10.537870
 9.606108
 9.726513
 9.845358
10.270505
10.065107
10.365805
10.260494
10.453544
 9.902347
 9.791423
10.520971
10.424289
 9.447849
 9.656134
10.188706
10.100760
10.169724
10.224572
10.713753
10.039052
 9.560677
 9.770250
10.601937
 9.384581
10.455021
 9.936601
11.573895
10.025034
 9.797694
 9.732434
 9.895354
 9.773652
10.665181
10.400666
 9.674584
 9.456798
10.484923
10.219268
 9.991979
10.537870
 9.606108
 9.726513
 9.845358
10.270505
10.065107
10.365805
10.260494
10.453544
 9.902347
 9.791423
10.520971
10.424289
 9.447849
 9.656134
10.188706
10.100760
10.169724
10.224572
10.713753
10.039052
 9.560677
 9.770250
10.601937
 9.384581
10.455021
 9.936601
11.573895
10.025034
 9.797694
 9.732434
 9.895354
 9.773652
10.665181
10.400666
 9.674584
 9.456798
10.484923
10.219268
 9.991979
10.537870
 9.606108
 9.726513
 9.845358
10.270505
10.065107
10.365805
10.260494
10.453544
 9.902347
 9.791423
10.520971
10.424289
 9.447849
 9.656134
10.188706
10.100760
10.169724
10.224572
10.713753
10.039052
 9.560677
 9.770250
10.601937
 9.384581
10.455021
 9.936601
11.573895
10.025034
 9.797694
 9.732434
 9.895354
 9.773652
10.665181
10.400666
 9.674584
 9.456798
10.484923
10.219268
 9.991979
10.537870
 9.606108
 9.726513
 9.845358
10.270505
10.065107
10.365805
10.260494
10.453544
 9.902347
 9.791423
10.520971
10.424289
 9.447849
 9.656134
10.188706
10.100760
10.169724
10.224572
10.713753
10.039052
 9.560677
 9.770250
10.601937
 9.384581
10.455021
 9.936601
11.573895
10.025034
 9.797694
 9.732434
 9.895354
 9.773652
10.665181
10.400666
 9.674584
 9.456798
10.484923
10.219268
 9.991979
10.537870
 9.606108
 9.726513
 9.845358
10.270505
10.065107
10.365805
10.260494
10.453544
 9.902347
 9.791423
10.520971
10.424289
 9.447849
 9.656134
10.188706
10.100760
10.169724
10.224572
10.713753
10.039052
 9.560677
 9.770250
10.601937
 9.384581
10.455021
 9.936601
11.573895
10.025034
 9.797694
 9.732434
 9.895354
 9.773652
10.665181
10.400666
 9.674584
 9.456798
10.484923
10.219268
 9.991979
10.537870
 9.606108
 9.726513
 9.845358
10.270505
10.065107
10.365805
10.260494
10.453544
 9.902347
 9.791423
10.520971
10.424289
 9.447849
 9.656134
10.188706
10.100760
10.169724
10.224572
10.713753
10.039052
 9.560677
 9.770250
10.601937
 9.384581
10.455021
 9.936601
11.573895
10.025034
 9.797694
 9.732434
 9.895354
 9.773652
10.665181
10.400666
 9.674584
 9.456798
10.484923
10.219268
 9.991979
10.537870
 9.606108
 9.726513
 9.845358
10.270505
10.065107
10.365805
10.260494
10.453544
 9.902347
 9.791423
10.520971
10.424289
 9.447849
 9.656134
10.188706
10.100760
10.169724
10.224572
10.713753
10.039052
 9.560677
 9.770250
10.601937
 9.384581
10.455021
 9.936601
11.573895
10.025034
 9.797694
 9.732434
 9.895354
 9.773652
10.665181
10.400666
 9.674584
 9.456798
10.484923
10.219268
 9.991979
10.537870
 9.606108
 9.726513
 9.845358
10.270505
10.065107
10.365805
10.260494
10.453544
 9.902347
 9.791423
10.520971
10.424289
 9.447849
 9.656134
10.188706
10.100760
10.169724
10.224572
10.713753
10.039052
 9.560677
 9.770250
10.601937
 9.384581
10.455021
 9.936601
11.573895
10.025034
 9.797694
 9.732434
 9.895354
 9.773652
10.665181
10.400666
 9.674584
 9.456798
10.484923
10.219268
 9.991979
10.537870
 9.606108
 9.726513
 9.845358
10.270505
10.065107
10.365805
10.260494
10.453544
 9.902347
 9.791423
10.520971
10.424289
 9.447849
 9.656134
10.188706
10.100760
10.169724
10.224572
10.713753
10.039052
 9.560677
 9.770250
10.601937
 9.384581
10.455021
 9.936601
11.573895
10.025034
 9.797694
 9.732434
 9.895354
 9.773652
10.665181
10.400666
 9.674584
 9.456798
10.484923
10.219268
 9.991979
10.537870
 9.606108
 9.726513
 9.845358
10.270505
10.065107
10.365805
10.260494
10.453544
 9.902347
 9.791423
10.520971
10.424289
 9.447849
 9.656134
10.188706
10.100760
10.169724
10.224572
10.713753
10.039052
 9.560677
 9.770250
10.601937
 9.384581
10.455021
 9.936601
11.573895
10.025034
 9.797694
 9.732434
 9.895354
 9.773652
10.665181
10.400666
 9.674584
 9.456798
10.484923
10.219268
 9.991979
10.537870
 9.606108
 9.726513
 9.845358
10.270505
10.065107
10.365805
10.260494
10.453544
 9.902347
 9.791423
10.520971
10.424289
 9.447849
 9.656134
10.188706
10.100760
10.169724
10.224572
10.713753
10.039052
 9.560677
 9.770250
10.601937
 9.384581
10.455021
 9.936601
11.573895
10.025034
 9.797694
 9.732434
 9.895354
 9.773652
10.665181
10.400666
 9.674584
 9.456798
10.484923
10.219268
 9.991979
10.537870
 9.606108
 9.726513
 9.845358
10.270505
10.065107
10.365805
10.260494
10.453544
 9.902347
 9.791423
10.520971
10.424289
 9.447849
 9.656134
10.188706
10.100760
10.169724
10.224572
10.713753
10.039052
 9.560677
 9.770250
10.601937
 9.384581
10.455021
 9.936601
11.573895
10.025034
 9.797694
 9.732434
 9.895354
 9.773652
10.665181
10.400666
 9.674584
 9.456798
10.484923
10.219268
 9.991979
10.537870
 9.606108
 9.726513
 9.845358
10.270505
10.065107
10.365805
10.260494
10.453544
 9.902347
 9.791423
10.520971
10.424289
 9.447849
 9.656134
10.188706
10.100760
10.169724
10.224572
10.713753
10.039052
 9.560677
 9.770250
10.601937
 9.384581
10.455021
 9.936601
11.573895
10.025034
 9.797694
 9.732434
 9.895354
 9.773652
10.665181
10.400666
 9.674584
 9.456798
10.484923
10.219268
 9.991979
10.537870
 9.606108
 9.726513
 9.845358
10.270505
10.065107
10.365805
10.260494
10.453544
 9.902347
 9.791423
10.520971
10.424289
 9.447849
 9.656134
10.188706
10.100760
10.169724
10.224572
10.713753
10.039052
 9.560677
 9.770250
10.601937
 9.384581
10.455021
 9.936601
11.573895
10.025034
 9.797694
 9.732434
 9.895354
 9.773652
10.665181
10.400666
 9.674584
 9.456798
10.484923
10.219268
 9.991979
10.537870
 9.606108
 9.726513
 9.845358
10.270505
10.065107
10.365805
10.260494
10.453544
 9.902347
 9.791423
10.520971
10.424289
 9.447849
 9.656134
10.188706
10.100760
10.169724
10.224572
10.713753
10.039052
 9.560677
 9.770250
10.601937
 9.384581
10.455021
 9.936601
11.573895
10.025034
 9.797694
 9.732434
 9.895354
 9.773652
10.665181
10.400666
 9.674584
 9.456798
10.484923
10.219268
 9.991979
10.537870
 9.606108
 9.726513
 9.845358
10.270505
10.065107
10.365805
10.260494
10.453544
 9.902347
 9.791423
10.520971
10.424289
 9.447849
 9.656134
10.188706
10.100760
10.169724
10.224572
10.713753
10.039052
 9.560677
 9.770250
10.601937
 9.384581
10.455021
 9.936601
11.573895
10.025034
 9.797694
 9.732434
 9.895354
 9.773652
10.665181
10.400666
 9.674584
 9.456798
10.484923
10.219268
 9.991979
10.537870
 9.606108
 9.726513
 9.845358
10.270505
10.065107
10.365805
10.260494
10.453544
 9.902347
 9.791423
10.520971
10.424289
 9.447849
 9.656134
10.188706
10.100760
10.169724
10.224572
10.713753
10.039052
 9.560677
 9.770250
10.601937
 9.384581
10.455021
 9.936601
11.573895
10.025034
 9.797694
 9.732434
 9.895354
 9.773652
10.665181
10.400666
 9.674584
 9.456798
10.484923
10.219268
 9.991979
10.537870
 9.606108
 9.726513
 9.845358
10.270505
10.065107
10.365805
10.260494
10.453544
 9.902347
 9.791423
10.520971
10.424289
 9.447849
 9.656134
10.188706
10.100760
10.169724
10.224572
10.713753
10.039052
 9.560677
 9.770250
10.601937
 9.384581
10.455021
 9.936601
11.573895
10.025034
 9.797694
 9.732434
 9.895354
 9.773652
10.665181
10.400666
 9.674584
 9.456798
10.484923
10.219268
 9.991979
10.537870
 9.606108
 9.726513
 9.845358
10.270505
10.065107
10.365805
10.260494
10.453544
 9.902347
 9.791423
10.520971
10.424289
 9.447849
 9.656134
10.188706
10.100760
10.169724
10.224572
10.713753
10.039052
 9.560677
 9.770250
10.601937
 9.384581
10.455021
 9.936601
11.573895
10.025034
 9.797694
 9.732434
 9.895354
 9.773652
10.665181
10.400666
 9.674584
 9.456798
10.484923
10.219268
 9.991979
10.537870
 9.606108
 9.726513
 9.845358
10.270505
10.065107
10.365805
10.260494
10.453544
 9.902347
 9.791423
10.520971
10.424289
 9.447849
 9.656134
10.188706
10.100760
10.169724
10.224572
10.713753
10.039052
 9.560677
 9.770250
10.601937
 9.384581
10.455021
 9.936601
11.573895
10.025034
 9.797694
 9.732434
 9.895354
 9.773652
10.665181
10.400666
 9.674584
 9.456798
10.484923
10.219268
 9.991979
10.537870
 9.606108
 9.726513
 9.845358
10.270505
10.065107
10.365805
10.260494
10.453544
 9.902347
 9.791423
10.520971
10.424289
 9.447849
 9.656134
10.188706
10.100760
10.169724
10.224572
10.713753
10.039052
 9.560677
 9.770250
10.601937
 9.384581
10.455021
 9.936601
11.573895
10.025034
 9.797694
 9.732434
 9.895354
 9.773652
10.665181
10.400666
 9.674584
 9.456798
10.484923
10.219268
 9.991979
10.537870
 9.606108
 9.726513
 9.845358
10.270505
10.065107
10.365805
10.260494
10.453544
 9.902347
 9.791423
10.520971
10.424289
 9.447849
 9.656134
10.188706
10.100760
10.169724
10.224572
10.713753
10.039052
 9.560677
 9.770250
10.601937
 9.384581
10.455021
 9.936601
11.573895
10.025034
 9.797694
 9.732434
 9.895354
 9.773652
10.665181
10.400666
 9.674584
 9.456798
10.484923
10.219268
 9.991979
10.537870
 9.606108
 9.726513
 9.845358
10.270505
10.065107
10.365805
10.260494
10.453544
 9.902347
 9.791423
10.520971
10.424289
 9.447849
 9.656134
10.188706
10.100760
10.169724
10.224572
10.713753
10.039052
 9.560677
 9.770250
10.601937
 9.384581
10.455021
 9.936601
11.573895
10.025034
 9.797694
 9.732434
 9.895354
 9.773652
10.665181
10.400666
 9.674584
 9.456798
10.484923
10.219268
 9.991979
10.537870
 9.606108
 9.726513
 9.845358
10.270505
10.065107
10.365805
10.260494
10.453544
 9.902347
 9.791423
10.520971
10.424289
 9.447849
 9.656134
10.188706
10.100760
10.169724
10.224572
10.713753
10.039052
 9.560677
 9.770250
10.601937
 9.384581
10.455021
 9.936601
11.573895
10.025034
 9.797694
 9.732434
 9.895354
 9.773652
10.665181
10.400666
 9.674584
 9.456798
10.484923
10.219268
 9.991979
10.537870
 9.606108
 9.726513
 9.845358
10.270505
10.065107
10.365805
10.260494
10.453544
 9.902347
 9.791423
10.520971
10.424289
 9.447849
 9.656134
10.188706
10.100760
10.169724
10.224572
10.713753
10.039052
 9.560677
 9.770250
10.601937
 9.384581
10.455021
 9.936601
11.573895
10.025034
 9.797694
 9.732434
 9.895354
 9.773652
10.665181
10.400666
 9.674584
 9.456798
10.484923
10.219268
 9.991979
10.537870
 9.606108
 9.726513
 9.845358
10.270505
10.065107
10.365805
10.260494
10.453544
 9.902347
 9.791423
10.520971
10.424289
 9.447849
 9.656134
10.188706
10.100760
10.169724
10.224572
10.713753
10.039052
 9.560677
 9.770250
10.601937
 9.384581
10.455021
 9.936601
11.573895
10.025034
 9.797694
 9.732434
 9.895354
 9.773652
10.665181
10.400666
 9.674584
 9.456798
10.484923
10.219268
 9.991979
10.537870
 9.606108
 9.726513
 9.845358
10.270505
10.065107
10.365805
10.260494
10.453544
 9.902347
 9.791423
10.520971
10.424289
 9.447849
 9.656134
10.188706
10.100760
10.169724
10.224572
10.713753
10.039052
 9.560677
 9.770250
10.601937
 9.384581
10.455021
 9.936601
11.573895
10.025034
 9.797694
 9.732434
 9.895354
 9.773652
10.665181
10.400666
 9.674584
 9.456798
10.484923
10.219268
 9.991979
10.537870
 9.606108
 9.726513
 9.845358
10.270505
10.065107
10.365805
10.260494
10.453544
 9.902347
 9.791423
10.520971
10.424289
 9.447849
 9.656134
10.188706
10.100760
10.169724
10.224572
10.713753
10.039052
 9.560677
 9.770250
10.601937
 9.384581
10.455021
 9.936601
11.573895
10.025034
 9.797694
 9.732434
 9.895354
 9.773652
10.665181
10.400666
 9.674584
 9.456798
10.484923
10.219268
 9.991979
10.537870
 9.606108
 9.726513
 9.845358
10.270505
10.065107
10.365805
10.260494
10.453544
 9.902347
 9.791423
10.520971
10.424289
 9.447849
 9.656134
10.188706
10.100760
10.169724
10.224572
10.713753
10.039052
 9.560677
 9.770250
10.601937
 9.384581
10.455021
 9.936601
11.573895
10.025034
 9.797694
 9.732434
 9.895354
 9.773652
10.665181
10.400666
 9.674584
 9.456798
10.484923
10.219268
 9.991979
10.537870
 9.606108
 9.726513
 9.845358
10.270505
10.065107
10.365805
10.260494
10.453544
 9.902347
 9.791423
10.520971
10.424289
 9.447849
 9.656134
10.188706
10.100760
10.169724
10.224572
10.713753
10.039052
 9.560677
 9.770250
10.601937
 9.384581
10.455021
 9.936601
11.573895
10.025034
 9.797694
 9.732434
 9.895354
 9.773652
10.665181
10.400666
 9.674584
 9.456798
10.484923
10.219268
 9.991979
10.537870
 9.606108
 9.726513
 9.845358
10.270505
10.065107
10.365805
10.260494
10.453544
 9.902347
 9.791423
10.520971
10.424289
 9.447849
 9.656134
10.188706
10.100760
10.169724
10.224572
10.713753
10.039052
 9.560677
 9.770250
10.601937
 9.384581
10.455021
 9.936601
11.573895
10.025034
 9.797694
 9.732434
 9.895354
 9.773652
10.665181
10.400666
 9.674584
 9.456798
10.484923
10.219268
 9.991979
10.537870
 9.606108
 9.726513
 9.845358
10.270505
10.065107
10.365805
10.260494
10.453544
 9.902347
 9.791423
10.520971
10.424289
 9.447849
 9.656134
10.188706
10.100760
10.169724
10.224572
10.713753
10.039052
 9.560677
 9.770250
10.601937
 9.384581
10.455021
 9.936601
11.573895
10.025034
 9.797694
 9.732434
 9.895354
 9.773652
10.665181
10.400666
 9.674584
 9.456798
10.484923
10.219268
 9.991979
10.537870
 9.606108
 9.726513
 9.845358
10.270505
10.065107
10.365805
10.260494
10.453544
 9.902347
 9.791423
10.520971
10.424289
 9.447849
 9.656134
10.188706
10.100760
10.169724
10.224572
10.713753
10.039052
 9.560677
 9.770250
10.601937
 9.384581
10.455021
 9.936601
11.573895
10.025034
 9.797694
 9.732434
 9.895354
 9.773652
10.665181
10.400666
 9.674584
 9.456798
10.484923
10.219268
 9.991979
10.537870
 9.606108
 9.726513
 9.845358
10.270505
10.065107
10.365805
10.260494
10.453544
 9.902347
 9.791423
10.520971
10.424289
 9.447849
 9.656134
10.188706
10.100760
10.169724
10.224572
10.713753
10.039052
 9.560677
 9.770250
10.601937
 9.384581
10.455021
 9.936601
11.573895
10.025034
 9.797694
 9.732434
 9.895354
 9.773652
10.665181
10.400666
 9.674584
 9.456798
10.484923
10.219268
 9.991979
10.537870
 9.606108
 9.726513
 9.845358
10.270505
10.065107
10.365805
10.260494
10.453544
 9.902347
 9.791423
10.520971
10.424289
 9.447849
 9.656134
10.188706
10.100760
10.169724
10.224572
10.713753
10.039052
 9.560677
 9.770250
10.601937
 9.384581
10.455021
 9.936601
11.573895
10.025034
 9.797694
 9.732434
 9.895354
 9.773652
10.665181
10.400666
 9.674584
 9.456798
10.484923
10.219268
 9.991979
10.537870
 9.606108
 9.726513
 9.845358
10.270505
10.065107
10.365805
10.260494
10.453544
 9.902347
 9.791423
10.520971
10.424289
 9.447849
 9.656134
10.188706
10.100760
10.169724
10.224572
10.713753
10.039052
 9.560677
 9.770250
10.601937
 9.384581
10.455021
 9.936601
11.573895
10.025034
 9.797694
 9.732434
 9.895354
 9.773652
10.665181
10.400666
 9.674584
 9.456798
10.484923
10.219268
 9.991979
10.537870
 9.606108
 9.726513
 9.845358
10.270505
10.065107
10.365805
10.260494
10.453544
 9.902347
 9.791423
10.520971
10.424289
 9.447849
 9.656134
10.188706
10.100760
10.169724
10.224572
10.713753
10.039052
 9.560677
 9.770250
10.601937
 9.384581
10.455021
 9.936601
11.573895
10.025034
 9.797694
 9.732434
 9.895354
 9.773652
10.665181
10.400666
 9.674584
 9.456798
10.484923
10.219268
 9.991979
10.537870
 9.606108
 9.726513
 9.845358
10.270505
10.065107
10.365805
10.260494
10.453544
 9.902347
 9.791423
10.520971
10.424289
 9.447849
 9.656134
10.188706
10.100760
10.169724
10.224572
10.713753
10.039052
 9.560677
 9.770250
10.601937
 9.384581
10.455021
 9.936601
11.573895
10.025034
 9.797694
 9.732434
 9.895354
 9.773652
10.665181
10.400666
 9.674584
 9.456798
10.484923
10.219268
 9.991979
10.537870
 9.606108
 9.726513
 9.845358
10.270505
10.065107
10.365805
10.260494
10.453544
 9.902347
 9.791423
10.520971
10.424289
 9.447849
 9.656134
10.188706
10.100760
10.169724
10.224572
10.713753
10.039052
 9.560677
 9.770250
10.601937
 9.384581
10.455021
 9.936601
11.573895
10.025034
 9.797694
 9.732434
 9.895354
 9.773652
10.665181
10.400666
 9.674584
 9.456798
10.484923
10.219268
 9.991979
10.537870
 9.606108
 9.726513
 9.845358
10.270505
10.065107
10.365805
10.260494
10.453544
 9.902347
 9.791423
10.520971
10.424289
 9.447849
 9.656134
10.188706
10.100760
10.169724
10.224572
10.713753
10.039052
 9.560677
 9.770250
10.601937
 9.384581
10.455021
 9.936601
11.573895
10.025034
 9.797694
 9.732434
 9.895354
 9.773652
10.665181
10.400666
 9.674584
 9.456798
10.484923
10.219268
 9.991979
10.537870
 9.606108
 9.726513
 9.845358
10.270505
10.065107
10.365805
10.260494
10.453544
 9.902347
 9.791423
10.520971
10.424289
 9.447849
 9.656134
10.188706
10.100760
10.169724
10.224572
10.713753
10.039052
 9.560677
 9.770250
10.601937
 9.384581
10.455021
 9.936601
11.573895
10.025034
 9.797694
 9.732434
 9.895354
 9.773652
10.665181
