15.929001
15.496515
15.923426
16.725872
15.923676
16.811234
16.113431
17.750329
16.946631
17.457715
16.479946
15.900910
15.762672
15.474658
16.907182
17.367591
18.128509
17.917257
16.284208
16.683298
15.393173
16.239708
16.850251
17.077169
16.820568
16.746223
20.041325
18.649722
18.343996
19.886830
19.024222
19.025273
18.903431
18.163218
19.115363
18.947495
18.551715
19.045641
19.574593
16.980456
16.860624
19.337053
18.766805
19.922469
19.028796
16.821076
16.089868
16.867242
16.563952
16.843547
16.481987
18.472303
18.950622
18.182500
19.460524
18.029435
18.268509
19.097711
19.597085
19.412553
19.366518
19.251235
20.062926
20.369828
18.354289
18.674132
18.148400
17.972902
18.538989
18.834479
17.030279
17.677670
19.058771
17.663205
19.649389
18.182187
18.695403
19.194004
17.508390
20.084961
19.194670
19.797716
18.891624
19.159087
20.127408
19.567865
19.679334
19.565367
19.092504
15.768234
16.999372
16.408990
15.877469
16.068173
16.586281
16.456878
16.808196
16.780807
15.555455
16.552105
16.659680
17.090256
16.527930
14.650713
14.936454
15.432023
16.002395
15.099756
15.661138
16.716844
15.701471
15.130958
13.428123
12.128907
12.859919
11.563485
12.832147
12.319473
13.059389
12.512644
10.961068
11.444708
10.544164
 9.031803
 8.769351
 9.833739
 9.256369
 9.528902
10.163411
 9.947391
 8.992991
 9.705434
 9.711756
10.125242
 9.701855
10.178170
 9.145775
 9.318829
 9.582441
 9.224255
 8.986148
 9.134920
 9.364560
 9.319265
 9.312329
 9.548572
 8.493139
 9.632384
 8.675005
 8.582900
 9.291804
 9.335741
 9.236121
 9.216145
 8.967947
 9.258228
 8.440119
 8.754944
 8.677601
 8.810650
 8.774408
 8.472179
 8.429892
 8.695442
 8.773581
 8.930355
 8.511919
 7.891112
 7.666111
16.343397
17.400288
15.140115
16.680718
15.605668
14.404082
14.965536
14.981163
15.846679
16.081073
15.102483
16.339653
14.643468
14.786576
13.812275
13.662589
14.899259
14.473928
14.500384
14.727989
15.555167
15.487126
15.018605
15.316846
15.227091
 9.094096
 8.890223
 8.924137
 8.847283
 8.730658
10.070879
10.570828
 9.457635
 9.952846
 9.837208
 9.627856
10.419690
 8.741195
11.904658
11.261627
11.343144
11.211087
10.912686
10.865483
10.972192
10.861541
11.331936
10.312032
10.109509
10.527952
10.566942
10.998442
10.361007
11.313314
10.851383
11.191820
11.011759
10.541192
 9.994689
10.250725
10.385252
10.157229
 9.916615
 6.431742
 6.401248
 6.540973
 6.402689
 7.700057
 8.417620
 8.032574
 7.920140
 7.444212
 8.550318
 7.236201
 7.115545
 7.332223
 8.199777
 8.333442
 8.418556
 8.229274
 8.754559
 7.020718
 7.229295
 6.647062
 6.635410
 7.244450
 7.403403
 6.916982
 6.976656
 6.899183
 6.911868
 6.811887
 6.959028
 7.149678
 6.639653
 7.034903
 6.956592
 7.090252
 7.155497
 6.811578
 6.477519
 6.862620
 7.198158
 7.028440
 6.786548
 6.660503
 6.801448
 7.482305
 7.569958
 7.984315
 7.423873
 7.524765
 7.017601
 7.141964
 7.076661
 7.134919
 7.229729
 6.904281
 7.274173
 6.990393
 6.722613
 8.340387
 8.339352
 8.274749
 8.144173
 8.687840
 8.129541
 8.102652
 8.419365
 8.050725
 8.398738
 8.128120
 8.907791
 8.734762
 6.356651
 6.672809
 6.601421
 6.727034
 6.645230
 7.201156
 7.232180
 7.574319
 8.025341
 6.781230
 6.968856
 7.106691
 6.802073
 6.871455
 7.066260
 7.098007
 6.797489
 6.883741
 6.986496
16.794088
16.781012
13.909453
16.492818
16.156225
16.549780
14.871648
15.025013
14.995208
11.222917
11.305325
11.560806
17.222148
19.363068
18.125731
17.473722
20.526306
19.683962
18.516090
18.825481
18.988283
19.683876
18.093346
20.138914
18.882229
15.305241
15.619850
15.247579
16.124987
15.805467
13.761099
14.408404
14.978816
14.235687
14.520426
14.364008
14.695185
22.754636
20.686340
20.436423
21.803253
17.476442
17.884330
16.953887
18.231833
17.955760
20.701137
18.202609
19.471175
19.462115
18.029554
18.905886
22.298875
23.792893
21.700462
20.612121
21.315881
21.992761
24.040846
15.070944
16.656920
15.338088
14.762303
15.007657
15.513581
15.538666
16.211333
15.966185
16.166614
15.277481
15.305568
15.596569
15.545374
17.170483
17.183938
17.040231
15.918213
17.100699
15.730615
17.285252
16.295978
16.737864
17.398953
15.687956
20.143484
20.456438
18.985048
20.830589
18.824370
20.463379
20.046317
20.086612
19.805635
19.264472
19.926890
19.639224
20.425761
19.238265
19.507340
19.508983
21.930913
19.965836
21.822132
20.204185
20.648521
16.196806
14.759135
15.199753
14.993225
14.921242
14.850576
15.437649
15.349748
15.463817
15.349654
15.508492
14.998245
14.847684
15.752997
15.318008
14.644001
14.469951
15.507807
15.970744
14.522845
15.019010
10.367765
10.576918
10.145136
 9.957228
10.366663
10.146275
10.499362
 9.706212
 9.615687
11.200732
10.889670
10.156689
10.559773
10.499188
10.381789
 9.124462
 8.879624
 8.966814
 9.305915
 9.120113
 9.271368
 9.733292
 8.445203
13.531356
13.213505
13.356258
13.798113
13.965804
13.571684
13.214508
13.887006
14.621947
14.005183
15.097644
15.454145
14.929086
13.933835
13.936382
14.933387
12.696862
13.208291
13.523586
13.998737
14.114800
11.681683
12.087819
12.327235
11.441885
11.778080
12.663038
12.105963
10.664897
11.765819
12.035927
15.976015
17.887639
15.142167
15.715987
14.249425
13.705454
14.006594
14.580041
13.983690
14.227692
13.527100
14.033425
13.969366
13.870082
15.305754
15.883722
15.250601
14.512524
14.383266
15.112179
13.554761
14.105555
14.507067
14.009368
13.940554
14.969733
14.522081
13.244621
13.340593
11.906633
12.972757
12.703436
12.219034
12.828244
11.872225
13.836664
14.602921
13.238582
12.137872
12.193607
12.731387
12.124592
13.031088
13.397025
12.941499
12.895336
14.413907
13.562130
13.610491
10.733438
10.514308
 9.606977
10.538987
10.791675
12.240263
13.447992
13.083029
13.149277
12.559179
10.793017
11.581119
11.292706
10.929244
11.298054
12.757360
13.190370
12.863784
12.874643
12.425883
11.940300
11.268880
12.719935
11.085729
11.243241
11.074090
10.820828
10.399818
11.882666
12.309050
12.327987
12.467910
13.945725
14.372623
13.355786
11.111955
11.876752
11.492759
18.062340
21.143224
18.288750
19.281353
21.327910
18.828977
20.493338
20.331983
20.930204
19.801374
19.003757
19.484128
17.437489
19.058629
17.655797
19.523668
17.572496
 8.169724
 9.426979
 8.305721
 8.163700
 9.252064
10.236544
 9.718627
10.261499
 9.291913
10.730380
11.240318
10.829603
10.891343
10.760354
11.020502
11.007105
10.460350
10.515307
11.272017
10.934198
10.923732
10.915861
12.651796
12.056127
12.757625
13.905042
14.347989
16.157275
15.977620
16.254327
16.617146
15.879636
16.852290
15.986807
16.829634
16.197137
16.660315
15.964072
16.520193
15.823200
16.523454
14.792431
15.008264
15.508091
14.942739
14.772595
14.618403
13.473378
13.431214
13.289142
13.755088
15.862577
15.324896
15.665035
15.089634
15.515376
15.095757
14.851579
15.194035
14.134151
15.091860
12.803217
12.765260
13.226951
13.896626
15.387148
14.487069
16.170900
16.700573
16.132262
13.855139
14.703171
14.133165
10.979869
11.282214
11.435471
11.594528
10.926493
12.755111
12.268451
12.300891
13.082792
13.278931
12.777098
12.468398
12.615598
11.503895
11.030190
12.201212
12.847702
13.361280
 9.477267
10.207873
10.712026
10.682448
10.502045
10.795502
10.516763
10.334807
 9.081594
10.121372
 8.729082
 9.204235
 8.948366
 9.211870
 8.910489
 8.733887
 7.601792
 7.898818
 7.051908
 7.663116
 7.885309
 7.253648
 7.891327
 8.888816
 8.873308
 9.080004
 8.687945
 8.032032
 9.178744
 8.325988
 8.481820
 8.436450
 8.431131
 8.889244
 8.413133
12.338340
12.037606
11.964194
11.848746
11.529333
12.434221
12.235235
12.658075
13.471083
12.306395
12.797372
12.770884
12.200186
12.271554
11.787490
12.474059
13.079445
14.232576
13.213278
14.374556
12.708099
12.732765
14.149401
13.891506
13.034736
13.656494
13.103680
13.816013
13.205989
13.113748
12.855078
13.409560
12.998281
13.728694
19.405470
19.581842
20.601693
19.099053
19.436623
19.979041
22.530940
21.722455
22.140465
21.917047
21.359075
20.569106
14.410555
13.492768
12.699647
13.285500
12.815102
14.344480
12.871212
14.013877
12.804269
13.064788
11.690782
12.524545
12.241116
11.416006
11.364027
11.502360
10.902320
11.927207
11.309048
11.112894
13.490135
13.338929
14.097089
13.397082
13.313954
14.614780
14.080231
14.790448
14.121591
12.922350
13.855672
13.481951
15.773865
13.090660
12.604329
13.858086
13.376750
12.871619
12.761170
12.815217
14.547750
15.514390
14.722593
15.890918
14.460157
15.928463
12.806341
12.900426
13.211509
12.371673
11.787170
14.253886
13.457414
14.321409
12.919502
15.130039
14.245601
15.622215
15.147495
15.716702
16.237595
16.102783
12.090193
11.917157
11.896413
11.743341
12.244235
11.394149
11.501381
11.731277
11.165576
11.725519
12.809551
12.189650
12.799229
11.737518
11.599562
11.900767
12.700546
13.144717
13.349305
11.441818
11.639298
11.610272
11.726360
11.323919
 6.321795
 6.477130
 6.781314
 6.159609
 6.149353
 6.750338
 6.968543
 7.052891
 6.919710
 6.841715
 7.256003
 6.980715
17.359610
15.239984
16.980183
16.537967
17.155054
17.670168
17.546643
16.659629
16.386668
17.081929
15.871417
17.095057
16.772033
14.815659
16.059608
16.430298
15.571309
17.940405
17.812246
16.646045
16.658259
16.458315
17.849623
16.406559
17.146150
21.758788
20.864385
22.083769
16.684856
17.346838
18.159993
17.423291
17.785005
17.869696
17.164780
17.187500
18.285639
16.032115
16.428439
16.058318
18.330463
16.723398
15.223411
16.870925
16.377714
16.647806
15.454377
18.074039
15.316810
14.592850
14.744684
13.675524
14.978351
15.909423
16.269235
15.736976
15.677473
16.668404
16.037012
11.598765
11.579082
11.606292
10.831824
11.935624
11.829365
11.140147
14.452220
13.984159
13.720029
12.574020
13.889049
13.786625
13.603846
13.521073
15.206614
14.402906
13.179913
15.791324
16.574203
16.712061
15.806442
17.015117
17.714790
16.873923
17.127503
15.709769
15.981079
15.826479
15.960917
14.349500
15.133785
13.859259
13.821258
14.344689
14.768489
13.995724
15.587513
14.870140
14.899153
14.670902
17.074969
17.011054
16.594538
16.313214
18.676178
17.894929
17.283332
16.759960
17.059911
18.154316
17.849695
16.818934
16.094299
16.177683
15.849741
15.767823
16.023989
15.519911
17.320499
15.759778
15.988839
17.284507
18.489520
17.264680
17.170374
15.503435
14.967265
12.507070
13.825849
13.559161
13.250957
13.216772
13.823382
14.659557
13.594438
14.165356
14.912265
14.386018
14.083701
14.539384
15.075341
17.540109
17.892560
17.134023
17.801153
18.102692
18.329336
18.861426
17.760407
18.564172
19.945189
19.384928
18.170107
18.395637
19.374509
20.562023
21.537703
18.403886
21.600485
20.066037
19.273559
19.732098
17.406863
19.730276
19.354436
18.885964
19.495391
18.604564
19.216932
19.053714
19.559282
18.891072
18.446025
19.716883
21.512375
20.676696
20.633439
20.560230
22.165601
22.561907
19.855066
21.838920
21.792091
22.765490
21.078668
23.344701
21.439006
22.023112
13.656265
15.325075
14.729280
14.370486
14.787511
14.294590
14.556887
14.831292
13.468717
14.573723
14.408688
13.901955
14.051061
11.481191
10.973697
11.292884
11.270976
11.571856
10.559821
11.546666
11.094073
11.202339
10.853620
11.038117
11.587010
11.663612
10.806907
11.549693
10.505601
11.505469
10.797069
10.985733
11.004590
10.882893
10.537050
10.427607
10.490543
10.691806
11.216682
10.932923
10.810220
10.532863
10.632527
10.601455
 9.824242
 9.619870
 9.913571
 9.875392
 9.317893
 9.299351
 9.728265
11.407902
11.738701
12.404008
12.601450
12.651830
11.444114
13.264407
13.909494
13.644350
13.783555
 9.031663
 9.346683
 9.316717
 9.479835
 9.128899
 9.382824
 9.011340
 9.418144
 8.536314
 8.892301
 9.375443
 8.985285
 9.400683
 8.278120
 7.904295
 8.736410
 7.974495
 7.868217
 8.174084
 8.288499
10.010876
 9.469970
 9.780835
10.276283
10.148989
 9.577186
10.118260
10.107958
10.484786
13.232606
12.603265
13.092240
13.053154
12.407564
12.569379
12.724458
11.808896
11.811212
12.813125
13.243422
13.532178
10.388800
10.263500
10.406067
 9.990277
 9.656799
10.527079
 9.699958
 9.743415
 9.514932
 9.974728
 9.901904
 9.829128
10.037031
10.692233
 9.903102
 9.892190
15.151009
14.884194
15.191172
15.468578
14.538183
15.319668
14.072428
13.577631
13.473402
13.181596
13.377682
13.685136
12.968283
12.507176
12.865917
12.333857
10.715669
12.026608
11.316255
13.387373
14.321586
11.193253
10.792609
11.059327
11.204210
11.174185
11.415868
10.286997
11.182830
12.034920
11.934581
12.377541
11.672141
11.411100
11.700010
12.168104
11.207821
10.871815
11.771498
11.379823
12.148790
11.135372
11.681009
11.168334
10.858496
13.914029
14.997204
14.256510
14.245980
14.117953
14.432320
14.599043
14.330267
13.133958
14.444092
14.735916
14.244145
14.619030
14.979072
13.931983
14.692162
14.387739
14.007865
14.631288
14.711030
13.982737
14.600709
14.054254
14.342939
12.455972
12.038244
13.329111
13.508969
13.433569
12.760547
17.558232
19.556253
18.272321
17.600273
19.201548
18.961030
18.335614
18.926032
18.947248
20.776428
17.977247
18.111842
18.949929
19.698654
19.370511
17.982689
17.963571
18.250557
16.954709
18.285557
17.788029
15.762756
16.233042
15.422465
15.242148
14.192572
16.109990
15.368827
15.989993
16.157947
17.579132
16.964468
16.146789
16.718702
15.591390
15.750944
19.336214
19.123405
18.793819
20.002073
19.786640
20.651892
15.099361
14.424317
14.457041
14.162702
13.562000
12.904805
13.472508
13.950062
13.813705
12.576171
13.655575
12.187440
13.610735
13.784772
14.198400
14.728366
13.774904
15.065182
14.130641
16.560011
16.558833
16.575463
16.764051
15.542925
16.918543
17.649174
17.247876
16.765394
16.695302
15.989220
16.193876
16.448637
16.268255
16.213926
17.192020
16.688853
15.395702
17.379911
15.765706
16.779248
21.837663
21.529713
23.841455
21.359785
22.446316
22.790043
20.584226
21.319360
21.968226
17.782920
18.587605
18.097818
20.282850
18.364104
17.981052
18.422259
17.117080
20.060416
19.927186
19.996634
17.009497
18.951633
13.266768
13.298817
13.445612
13.152553
12.926720
12.775782
12.739500
13.472505
12.594472
12.297278
12.928279
11.902970
14.294643
13.725993
13.061938
13.065382
13.519803
13.306918
13.297081
13.394962
13.752331
13.934252
14.357039
13.327503
14.821499
14.059246
16.042328
15.443346
15.863310
17.337455
15.641724
14.739780
13.619147
14.132858
14.418741
13.971299
13.770741
14.633081
14.042791
15.049788
15.198450
14.076949
15.771153
15.367183
14.320722
15.822214
14.446757
16.852675
16.574838
15.744431
16.897135
16.736418
16.946529
14.669284
18.464233
18.440811
18.810434
17.926351
20.623685
18.487349
18.933843
18.281759
17.290690
15.551193
17.050347
16.684381
13.791564
13.928435
18.604753
17.904554
18.648265
18.459652
19.490389
18.638191
19.353278
17.772635
19.075660
20.554958
18.922127
16.925064
18.965749
18.448637
19.132206
18.602325
18.590624
18.886584
19.803277
18.367422
18.886353
19.378772
19.074621
19.538540
18.583836
15.694326
16.712414
16.534146
15.640032
14.871719
15.139141
13.937044
14.121069
14.896438
16.237625
16.494858
16.379991
17.081733
19.507962
19.433216
20.268511
18.757743
19.767117
21.109926
18.470878
19.131179
18.933852
19.609781
20.509148
19.637214
19.076976
18.230815
17.931306
18.862777
17.620282
18.373134
20.968182
21.765009
22.271781
21.906334
21.348865
21.593462
22.502903
22.238167
22.568463
21.967469
21.654277
24.441000
22.579334
23.555885
22.747592
24.110552
22.802973
21.013435
23.853637
22.964276
22.837234
22.851472
20.576367
19.796113
20.706445
19.965293
21.692956
20.215877
20.355935
20.479791
18.516979
18.418463
18.170807
18.366010
17.990408
18.011256
19.571369
18.096979
19.807255
19.785788
20.184890
21.855085
19.716090
19.858640
20.276428
22.608240
21.316192
21.001223
20.435903
19.220895
20.307479
21.371042
21.804560
22.670721
22.190686
20.720868
21.892282
22.529403
23.712554
22.054167
22.892594
11.435624
10.861347
10.389912
10.644540
10.845623
11.922036
11.052611
16.381823
15.995047
14.938847
15.895492
16.116002
16.556119
16.819163
16.460153
16.219791
15.326809
12.949098
14.818092
14.230857
14.621624
14.588451
14.591881
15.557059
15.827058
16.926037
13.441545
12.573441
12.228564
13.312493
14.061475
14.486832
13.018653
13.116755
12.990696
14.587712
14.354292
14.131596
14.684139
12.985579
13.458587
14.350670
13.017328
13.816048
13.446240
13.838241
13.882626
13.589426
13.196212
14.106384
13.248828
12.527399
12.966741
13.947049
12.234147
12.664064
12.480552
11.694201
13.308120
11.645911
12.813931
12.648163
12.269929
13.338564
12.308294
12.884384
14.091973
16.855327
15.888409
15.685655
19.597404
18.850556
18.475883
20.241184
19.329959
18.841101
19.850889
18.501783
18.544589
18.487804
17.662268
18.098982
18.614310
16.681260
18.243364
17.748955
20.376409
18.114259
20.196013
19.411170
20.170011
19.117036
19.342310
20.654801
19.618242
20.259936
20.064154
18.812775
19.661763
19.147261
16.366963
16.382255
17.877150
16.681828
17.109145
17.087025
17.376111
17.940453
16.806324
16.429764
16.844730
16.440672
16.600329
16.415054
17.672901
16.912390
17.078206
16.462301
16.705541
15.656408
19.425300
18.839839
18.825252
21.564411
19.315823
18.808048
20.540529
19.597206
19.651051
19.903705
19.486857
20.421536
19.775772
18.621357
19.512386
18.438147
19.957388
21.728772
21.369397
21.353581
22.420786
20.202333
24.781040
24.207322
24.778744
25.425653
19.075693
19.192198
19.456427
19.856664
18.962373
18.996295
19.887413
20.337147
19.046766
20.696783
20.181323
21.020431
21.927188
20.530838
20.692714
20.855776
20.649302
20.687713
20.457909
20.454791
13.400466
13.397235
13.373764
12.238595
15.993548
15.515599
14.654148
16.228779
14.906722
15.240582
11.296887
11.138074
10.414947
10.517102
10.576761
10.731285
11.080847
 9.455309
11.100116
11.433501
11.568814
13.872777
12.881077
12.563293
11.503737
12.169185
11.948267
11.938960
11.582872
12.457786
11.434102
12.170184
11.818403
11.073668
10.243563
12.271988
13.739134
13.010011
12.141231
13.164641
11.672158
 9.829187
 9.955917
11.053748
11.689245
10.990540
11.846029
11.520904
10.361730
11.387143
10.731897
11.282974
11.679191
11.304697
10.996338
12.746875
12.020015
11.586422
14.915181
14.079635
16.024188
15.881256
15.421760
14.409894
14.474133
13.898915
14.396309
13.918518
13.798715
13.437196
14.728442
15.071291
14.388222
15.154895
14.298420
12.963870
13.583093
12.522504
13.635290
12.759552
12.631011
13.302814
13.162524
13.093334
13.059240
13.028850
13.110399
13.356383
15.329499
14.806081
14.680162
14.763419
15.262913
13.711693
14.250661
13.841338
13.715857
12.553582
13.128079
14.965792
15.228542
15.266700
13.793291
15.992635
16.550137
15.639929
15.030346
15.762487
16.291921
16.389681
14.798843
15.636466
17.416559
15.648112
16.151081
13.636300
13.675632
12.563044
13.704520
12.513108
12.768159
13.392240
13.162749
10.653410
11.349221
11.931543
12.391228
12.631226
12.291811
13.568837
23.836836
24.482303
23.712558
22.148498
22.234365
21.530304
22.666848
22.234255
23.237185
22.278964
22.655106
22.784032
22.001514
15.554024
14.959805
15.082682
15.909904
15.525419
15.404580
16.489436
15.933729
16.922235
16.382249
16.288632
16.087282
16.415178
14.541867
16.107336
16.812163
15.593328
16.131202
19.167960
18.763676
20.101654
19.109279
18.513080
18.846243
18.899209
18.180813
19.041533
17.271691
15.383785
16.028775
15.453955
16.051422
15.404229
14.465056
22.732537
21.436273
21.524654
21.984824
21.202519
22.612578
20.429801
21.336050
20.618717
22.895601
24.106609
21.844753
23.353646
23.397115
22.773258
21.606690
21.126201
21.310892
21.360196
22.860287
22.633807
22.456492
25.831962
24.035523
23.105228
24.145817
26.523518
27.633616
25.047850
25.841883
25.045033
26.662484
26.471105
28.995405
15.477017
16.113524
15.528176
16.087630
11.736992
11.179788
11.484085
11.678465
10.881612
10.644721
10.856328
 9.530641
 9.988124
10.232548
10.108460
10.645576
10.636205
11.352504
10.054947
 9.850422
 9.988437
11.169786
10.737433
10.381831
11.041418
10.950464
11.430136
10.778125
10.682953
10.400005
20.288494
20.503592
19.014691
19.511590
18.351383
20.472531
21.098767
19.777830
19.872086
17.492248
18.809972
20.516224
19.854761
20.016425
20.473147
21.082377
19.200762
19.774495
19.262686
18.231487
16.724909
16.579277
17.386633
16.867645
14.801957
14.478254
15.135106
13.932206
14.509572
12.675351
16.785424
17.153598
16.254414
16.217272
16.022967
15.808581
16.212244
16.460333
15.441915
15.727581
16.122543
15.405098
15.246474
14.958872
16.191620
14.935120
15.323855
15.748602
16.596619
15.988861
15.617006
17.026771
14.479974
14.767645
14.783810
15.007879
15.349558
14.261545
14.199175
14.047673
14.017078
14.435586
12.916707
14.101612
12.518059
13.431861
14.114871
14.403865
14.892621
14.691157
14.019704
11.958278
11.683362
12.733048
12.517916
11.766266
13.391388
13.701502
15.270801
15.728213
15.403138
15.706550
16.174772
15.913392
16.352747
15.675691
16.598861
16.606689
16.736341
15.449416
15.930138
16.702408
16.475407
14.923686
15.730128
15.253711
16.682457
16.046002
16.282690
15.740168
15.864044
15.592987
15.450854
16.117436
16.350268
15.197352
15.289719
16.094426
14.859915
15.533381
16.266727
15.641769
16.008634
15.464220
15.683516
15.556770
15.721902
16.262431
15.268284
15.292065
15.695960
15.514623
15.778702
15.980435
16.027885
17.300370
17.271738
17.300695
15.756009
16.262750
16.580951
16.109623
15.802864
15.508742
15.561040
16.232366
17.476411
15.459909
16.915971
17.052169
16.794308
16.693103
16.073062
15.800731
17.506652
16.088409
15.896689
17.642104
17.116144
17.325952
18.007754
17.036921
17.475008
17.258020
17.092794
18.849417
18.071084
18.498695
17.476300
18.382575
17.375387
16.952090
16.808040
12.975566
13.475881
12.712428
12.767724
13.767332
12.217895
12.918208
12.008618
13.371245
12.056688
13.666759
13.050955
14.459725
16.025416
14.563294
15.371019
14.730018
19.690052
18.624307
19.925119
16.437344
16.043851
16.553077
15.621823
14.991759
15.456569
16.457507
16.116293
16.734484
16.194797
14.582241
15.250396
17.204087
15.615288
15.854400
15.613911
16.205224
15.188819
15.659981
15.425135
16.377521
17.326560
16.313096
17.415494
20.554706
18.451740
18.913502
18.835023
20.393073
20.097441
20.721223
22.931446
20.383954
18.826059
18.620571
18.107349
19.835351
18.264593
18.672606
19.523112
17.789794
20.033457
17.992462
18.328913
17.363376
17.830406
15.755489
 9.859464
 7.905790
 7.765064
 7.514368
 8.518042
 8.079283
 8.151887
 7.883513
 7.170235
 7.635598
 7.210887
 7.250627
 7.704450
 9.927882
 9.503562
 9.301568
 8.960733
 9.260745
 8.209687
 8.638446
 8.131986
 8.410676
 7.851719
 8.020285
 8.123904
 9.219538
 8.860936
 7.788724
 7.250628
 7.649788
 8.062403
 8.699446
 8.616385
 8.823250
 8.461746
 7.460492
 7.818400
 9.118546
 8.450514
 8.383564
 8.164424
 8.142668
 8.528273
 8.622645
 8.584287
 9.322478
 8.788176
 8.683739
 8.399990
 8.782042
12.669443
14.042405
15.606994
15.675962
14.877180
15.874768
16.669515
15.420349
15.801434
16.126871
15.108284
16.786264
14.612970
14.583653
13.573663
13.316770
13.335829
14.313364
14.770911
13.628977
18.492615
17.265086
16.429304
17.263853
17.402366
16.266172
17.461106
17.264313
17.608331
18.467159
16.765350
18.833363
17.129730
16.954068
17.425622
17.238602
17.308634
16.489689
17.362795
17.134463
16.725272
16.816152
16.526413
16.298225
16.421453
17.075121
18.114153
17.856900
16.024618
16.962569
17.357387
17.760726
16.679992
17.039869
17.343731
19.979951
20.843808
21.275094
21.617516
22.067082
25.044959
23.198932
23.466319
23.915526
22.542166
20.252887
19.372037
17.629617
17.499523
18.396900
19.167540
19.941890
19.804794
17.997438
18.807822
18.505225
16.172093
17.501976
18.391123
17.689305
17.794003
18.378553
17.405888
18.730270
17.616082
17.618780
18.611395
18.052295
17.641857
17.287862
22.039269
19.821782
20.824875
19.033070
15.482944
15.682987
16.624737
13.840175
13.178891
13.851790
13.121804
13.796690
15.452983
14.792714
16.656348
15.217133
17.182628
16.889546
16.272201
15.471273
17.229665
18.051932
18.484310
18.223704
17.408617
17.347976
17.388905
15.708132
16.115458
16.926890
18.076942
17.512050
16.437472
17.262594
16.338269
17.269691
17.197619
16.698107
17.287729
17.342884
16.586965
17.033320
16.460271
14.533052
16.185022
15.708385
16.607703
16.160000
16.969741
15.363316
15.304299
14.120768
13.214856
13.737045
13.544669
14.577437
13.579750
12.669966
13.578891
13.285585
13.479563
15.161828
15.220689
16.848703
16.366414
15.204887
15.671304
15.537896
15.878295
16.066931
16.127702
15.647304
15.152490
13.018692
11.401209
11.815101
12.750681
13.664521
12.311663
12.820230
13.018169
13.988536
12.845673
13.996792
13.911241
14.111552
14.124644
14.275474
12.821031
13.614394
13.567306
13.807568
12.926658
13.198021
14.528020
14.528138
14.399780
14.979876
18.482985
17.398473
16.682264
17.239948
13.337293
13.220030
13.411167
13.444202
13.235316
14.615039
13.530082
14.353120
13.448098
14.736594
12.895410
14.091988
14.699157
14.888043
14.164594
14.915007
14.153690
13.220626
14.768288
15.032937
15.111475
13.920285
14.801925
15.408799
15.277264
14.862095
13.047219
12.218807
12.289716
12.957996
12.710827
12.792875
12.577141
13.625380
12.406689
12.745603
10.712774
12.732812
13.613056
12.632269
13.238147
12.145199
12.865843
13.373588
13.675335
12.823249
13.489045
12.906265
14.007568
14.018262
13.516291
13.442597
13.360718
13.583708
13.957925
14.251767
12.771775
12.797951
12.656592
13.154672
13.296758
13.509061
12.771185
12.021188
12.655634
14.170196
12.909042
14.202021
12.060941
11.550566
12.109696
11.322324
11.288146
11.343362
12.828855
11.905222
13.485769
13.838134
12.465012
12.516115
14.247917
13.392259
14.479275
13.386558
13.744725
14.010250
14.125514
12.879273
12.303196
13.598068
15.821120
14.952640
16.091299
14.935266
14.596205
14.437184
14.631500
14.427019
17.577311
16.480854
16.762362
17.246072
17.174346
17.697710
18.210876
17.728959
15.660845
17.055907
15.258206
16.396510
17.620120
17.553580
16.628743
18.922447
17.618374
17.645090
17.817542
17.527569
15.935489
16.085321
17.016148
17.236256
16.276752
17.933994
17.329837
17.387377
18.502989
17.592611
16.977966
17.820793
17.646803
18.834783
17.022366
16.397777
16.850890
16.709196
17.495117
16.725648
18.268330
17.266887
16.471166
16.312514
17.565506
17.041076
17.862514
16.071722
19.303703
16.420906
16.165080
14.172079
14.055940
15.664664
14.379740
16.122972
14.368963
15.676956
14.067076
13.859334
13.165205
14.203857
16.276276
14.843649
15.465454
15.860779
15.952457
15.387921
15.574605
15.715101
14.652639
15.650994
16.746144
15.830988
16.076487
14.221732
15.386908
15.737538
14.982195
15.808329
15.473613
15.171179
15.127358
15.502823
12.625226
12.295085
12.669739
12.299696
13.327177
12.160268
12.640297
13.549474
13.320765
17.012306
15.826225
16.877296
16.116815
17.934412
15.897271
17.519287
16.865191
17.392823
16.758032
16.453172
17.975979
15.200634
16.474112
16.290650
16.254440
16.303296
16.696733
17.210925
17.216884
16.121761
17.312247
17.180701
16.724553
13.499840
13.034346
13.242719
13.822261
13.839643
13.160514
14.189895
14.020701
13.599312
13.830371
13.310568
13.531474
12.412616
13.966359
14.115708
14.355216
12.919471
15.442374
15.165909
16.649694
15.408399
14.090269
14.748032
14.992319
15.384199
14.372585
12.404544
13.954699
14.459380
13.470722
12.749337
13.690995
14.453978
15.113371
14.647473
14.003719
14.175343
14.498151
13.633063
13.749688
15.281443
14.398595
14.893086
13.907137
15.029378
16.208492
16.397265
15.668052
15.992546
16.535865
16.365433
15.915377
14.758327
15.645239
15.632421
15.950725
14.909801
15.965746
14.633234
14.875339
14.862494
15.522049
17.285525
16.285001
15.726033
14.040756
14.033216
14.021741
14.710165
15.398711
13.871175
14.778241
14.447693
15.205444
15.280154
16.396500
13.967781
15.134299
13.768770
14.153326
13.856027
15.507730
15.245725
15.531368
15.859219
13.223938
13.013537
18.618205
20.161382
20.052596
20.228827
20.294847
21.158460
19.593758
17.663538
16.125697
16.668152
21.321787
21.959524
17.276434
16.618580
17.432570
16.756640
16.280377
17.726465
17.501454
18.070484
17.495957
16.984806
18.270956
18.516880
18.253943
17.666680
18.035832
17.365380
17.674379
17.441572
17.299506
17.955458
16.474198
16.236912
16.398454
17.053534
15.977814
15.720280
14.972744
14.803564
14.853682
20.796593
21.342000
18.667330
20.465033
19.082757
18.828707
19.634374
18.724374
19.843107
20.668259
20.038275
21.167002
22.436771
21.870690
21.290090
20.924829
19.534939
19.126818
19.319804
17.567780
17.434124
17.498260
15.136533
17.377238
17.562565
17.658016
17.965610
16.977549
 8.958560
 9.463077
 9.614104
22.102314
21.509769
20.191330
19.194532
20.233529
19.623585
17.420198
17.644781
16.280763
17.127321
17.730439
17.237729
16.440611
17.072273
16.085420
16.642916
16.796545
17.622359
19.202647
20.751234
20.540240
20.011161
20.326634
20.299477
20.408769
17.549562
17.316017
17.735040
16.837849
17.438598
16.213027
16.460329
18.132256
16.911400
16.099788
16.499627
18.237195
18.515939
18.362397
18.703096
17.758916
17.593656
17.495630
18.287636
17.443388
16.779155
17.503555
17.113340
18.616711
14.594781
16.383022
16.128800
15.456723
18.402859
19.215340
19.782327
19.623609
18.998443
19.492106
19.584426
19.756267
21.635633
20.963432
20.724844
20.399831
21.712457
21.068327
13.170471
13.379768
12.909074
13.275735
13.467163
14.199349
14.768363
13.954233
14.095853
13.970158
14.054769
14.236643
13.557696
14.362973
13.851059
13.419895
13.355181
13.160176
13.528371
13.219959
13.464020
15.885214
14.589031
15.828288
15.712551
15.720036
14.909503
14.687993
15.314932
15.658149
13.536414
13.700387
15.105464
14.261118
14.629752
15.017291
14.467495
15.255766
14.553865
18.207857
16.762876
16.808766
14.596465
14.606085
14.489712
14.468971
18.250157
17.752562
17.071609
17.496523
17.476944
16.817707
16.933151
16.328507
17.469238
15.583034
16.961152
16.736831
16.914006
17.205892
16.468131
17.324300
17.789939
17.061640
15.284475
17.007132
17.869097
17.900790
18.054765
17.948354
19.040097
18.168395
18.709098
20.065845
19.323786
19.126922
19.251060
18.090002
18.215500
16.816337
17.553842
17.831174
16.929266
15.693113
15.250460
15.859628
15.115212
14.924148
18.085854
17.927838
17.736699
19.127663
18.570195
17.653099
18.151655
19.599282
18.700518
19.483537
19.271065
18.289140
18.374105
16.747584
18.005274
23.662575
25.343436
23.216935
20.895998
22.144968
22.474494
22.579139
23.284060
22.624671
22.497011
24.999478
24.062033
24.504898
23.706840
21.647472
23.670536
23.627649
22.655311
23.586731
21.388299
21.703445
21.855976
21.325073
19.038465
21.474734
19.737706
19.942114
20.236978
22.816508
21.792853
21.199533
22.298010
21.599938
21.024695
20.504131
21.350757
19.614519
21.020548
19.354499
17.677124
19.197649
19.084095
19.359839
22.619406
21.190770
22.085320
28.181180
30.213656
27.215856
28.679338
29.914002
31.358819
26.896404
24.942434
24.749399
24.518386
24.617701
25.277459
25.190159
19.179373
19.250975
19.331721
19.484886
21.105506
20.386126
19.474563
18.741446
18.806726
17.334091
17.593025
19.737166
16.998532
18.005597
17.819629
19.823891
20.566651
19.138849
20.551866
21.642700
21.928841
21.492245
23.434510
22.097212
22.217397
22.330381
22.165326
21.329918
22.001498
23.409682
22.053504
24.270912
22.250775
22.159718
23.256341
22.884674
22.721476
22.814993
20.494427
22.259766
22.353491
23.295563
20.966775
20.108647
21.287827
21.073174
20.883591
20.403413
20.153378
21.307824
19.033192
21.572725
19.437504
21.319775
20.848036
21.002870
21.912212
20.386464
21.728002
22.244316
20.671743
19.556372
17.227280
21.095879
20.095081
20.320003
19.151224
20.066831
18.775620
19.484434
18.317336
19.873775
20.661549
20.770797
20.275738
21.488118
20.613136
22.386434
19.899080
21.239380
21.445834
21.187388
22.303269
17.962833
18.220481
18.786966
18.629904
20.341902
19.217469
18.267733
19.250776
14.019691
14.217805
13.077260
13.221406
15.954598
15.853791
15.498165
15.837391
16.367032
15.930782
15.823471
14.992990
15.759492
16.395693
16.432940
17.373941
17.568833
17.295239
16.452300
16.247159
15.453282
15.499373
14.225064
15.549526
14.435265
14.900175
15.404610
16.508658
15.174151
15.652831
16.124798
16.431007
15.461875
15.733212
16.590052
16.021259
14.678350
14.860242
15.553848
14.356580
14.039653
13.731200
11.798928
12.001445
11.898530
11.873107
10.851618
11.421093
10.978923
10.576736
10.934973
10.456605
11.630995
11.257705
11.107724
11.760008
11.300998
12.228586
13.106679
12.432705
11.341139
10.788425
10.799390
10.580080
11.613618
12.540313
12.039695
11.393385
11.392366
12.474356
11.999381
11.977260
12.181776
11.261958
11.336034
12.239219
10.994171
12.059166
13.271660
12.359507
11.619690
11.915213
10.671058
12.432073
12.705686
11.832504
11.417996
18.369038
20.712130
18.326430
21.080173
14.884230
15.230745
14.462439
15.597339
14.371451
13.627941
12.771453
13.199786
12.940798
12.787187
12.855664
12.262254
13.126173
13.589782
15.018631
12.683095
13.964803
12.656065
13.745418
14.002289
14.429370
13.193103
15.160291
15.227242
14.709938
13.322135
13.322275
13.637161
12.755447
13.093856
13.227406
13.827143
13.498569
13.412599
16.385333
16.115497
15.335104
19.003472
17.752024
18.497076
16.903523
17.853792
15.983446
18.157072
16.067786
17.277325
16.889331
16.550543
17.318383
16.753154
15.771001
16.334302
16.193573
17.115731
17.240855
16.805664
18.168537
17.700197
17.520739
17.289367
17.578085
17.265091
16.618197
15.999399
17.468665
16.583999
16.576420
17.001837
17.253928
16.104988
16.132041
15.591140
15.927083
16.958886
16.766567
18.376356
16.596081
17.570480
16.068101
17.193231
16.547391
17.694008
21.399490
19.286898
20.911976
21.050673
20.798345
19.384979
19.759381
20.286081
19.907186
20.470885
19.186656
17.944281
17.835728
19.620968
19.333577
18.679449
18.812935
20.297244
18.179698
19.854373
19.483576
19.756752
20.745266
20.883325
22.270508
20.086387
20.599686
23.318838
20.270877
20.465861
21.568415
11.133961
11.171061
10.865843
11.151242
10.380095
10.560622
10.047646
10.633301
10.676437
11.032643
11.162833
11.085731
11.152363
11.041846
10.989220
10.645011
11.509189
 9.983211
 9.500676
 9.121543
 9.450932
 9.801649
10.456408
13.314736
13.659143
12.571783
13.041880
12.467270
13.144345
13.629041
11.250244
12.333100
11.324401
12.421312
11.834201
10.953264
11.928384
10.949573
12.498523
12.222326
11.565689
13.377293
13.965883
13.621179
13.639215
13.509977
12.911283
13.316864
13.834078
14.961975
15.078122
14.970618
14.716431
14.815045
14.343233
14.054491
15.121683
15.090126
14.555322
14.700747
14.545248
12.561791
12.486192
13.769468
13.365259
19.614852
19.013738
21.581936
21.021525
20.350465
21.584514
23.334790
22.737770
21.320359
21.741386
21.891218
13.125587
13.985732
13.213551
12.948835
13.679876
13.616661
13.000381
14.043781
13.874352
13.214737
13.661319
14.053426
17.447218
17.368535
16.550425
18.289635
13.084168
14.758302
12.911774
13.994917
12.648218
13.200876
15.388129
14.905990
15.274060
14.377352
15.586386
13.634405
14.909683
15.295646
15.805435
15.510493
16.719994
15.036338
15.908802
15.944880
16.497785
15.942974
17.026123
17.344746
16.722966
17.340801
15.219787
17.264984
15.949014
15.544407
15.117967
15.874505
16.270246
17.255706
14.787059
16.990683
16.859025
15.526378
15.591915
15.336920
15.736393
15.322746
15.282145
16.160501
15.333857
16.559759
16.185242
15.589675
15.407493
15.640377
15.110261
15.955193
17.055722
17.562837
17.020647
17.119879
18.047362
14.823887
13.082028
13.743993
14.050618
14.606980
15.051289
14.718820
14.924873
14.482239
14.713984
19.754184
18.309850
19.205611
18.370206
18.771426
19.322573
19.044482
20.503502
20.772390
21.037575
20.263746
16.461865
16.648662
16.435108
15.254168
15.934643
15.753050
15.670725
15.358987
14.590098
17.084988
17.709623
17.291770
18.315118
17.379275
17.633523
18.491730
17.300005
18.914208
18.221065
17.628803
17.182025
17.245365
16.806265
16.642798
19.251730
18.747098
18.417990
18.927729
17.730239
18.352647
18.405785
17.322725
18.981813
17.760971
18.611840
17.403126
17.672106
16.552168
18.792890
18.614608
17.311632
16.031994
16.327257
16.073054
15.629174
17.843577
16.406501
16.601940
16.640312
15.723960
15.211147
15.869796
17.099903
15.897540
16.657449
16.006709
15.383458
12.765473
13.489923
12.720820
12.431134
13.273959
12.727855
11.888924
12.266123
13.497256
12.379123
13.755613
12.663224
12.052192
14.901317
15.031099
16.021499
14.932852
14.823521
16.769595
15.821984
15.633685
14.903516
14.813077
15.112175
12.967279
13.422369
13.111944
13.837825
12.888647
12.156884
12.580649
12.627746
11.455345
12.218517
13.565181
14.623325
14.074981
13.211848
16.612663
16.833703
16.433932
16.735879
15.799845
15.937665
16.304257
15.883540
15.838291
19.019478
17.715483
15.809170
17.957211
15.927123
17.192186
17.264830
18.101838
18.798876
18.431872
17.650738
14.746840
14.146864
14.682196
13.455819
12.660330
13.194415
12.820270
12.864998
12.987704
12.475477
13.201324
14.661692
13.387774
14.122141
14.438577
13.946139
13.260866
14.007949
15.131869
14.543412
14.897967
16.307503
15.350221
15.628882
17.116203
17.323907
16.088038
17.073712
16.647172
22.820906
20.767028
22.125080
21.179204
19.913994
22.923702
21.812195
22.521559
15.465938
14.985715
15.591346
16.255080
16.429319
14.936441
15.980861
15.526786
16.690060
16.204296
18.008484
18.271853
18.512919
16.245871
 9.296592
 9.561289
 9.727198
 9.214935
 9.478422
 8.336091
 9.383827
 9.150684
 9.532976
13.927584
12.608862
12.146261
14.279389
13.605865
14.231492
15.029622
13.814467
15.771376
16.053036
16.699025
16.257907
16.710637
17.794264
14.331928
14.503719
15.212353
15.379470
13.890378
15.863049
16.240357
14.385370
13.794854
14.406960
14.427910
14.991456
17.807191
17.366208
15.611934
18.236253
17.417427
18.395818
16.835638
18.018905
15.906670
19.390873
16.748911
17.031755
16.252775
17.448764
17.066773
16.986321
16.826426
17.933402
17.765498
17.726498
19.661469
19.893478
21.551898
20.865534
20.536420
20.073273
19.825868
20.478443
21.644364
21.218589
21.276620
22.368749
19.074347
19.760029
19.909812
19.006832
18.559312
18.760378
21.990791
21.912327
22.923713
21.128158
21.681619
18.967711
21.639616
22.282118
22.070104
21.374726
21.756790
23.566563
21.915205
20.987512
21.590699
20.070404
21.121254
18.698283
20.189248
19.256720
19.434460
20.689876
19.857808
19.250253
19.906475
20.476263
19.982715
21.266876
20.631722
19.867284
20.963050
20.762968
20.322805
20.761413
21.531004
20.080651
21.640511
18.767419
18.864940
20.098920
20.535620
21.362421
19.555156
20.136932
20.111524
19.057301
21.370745
19.940711
19.556468
19.986724
20.991781
19.018290
21.737664
20.256823
20.833559
21.993336
14.312151
14.569412
14.202106
14.528959
13.943787
13.844233
13.443931
14.363203
13.066121
14.724862
22.881202
23.944432
24.650957
23.121937
24.571399
23.549902
24.420642
24.325708
23.222538
22.742459
23.656615
24.367558
12.682968
12.747917
12.902170
13.080016
13.124567
14.513382
14.049205
14.802058
14.602026
13.979694
14.420626
14.314044
13.334751
13.322499
14.556837
13.372133
12.694143
12.218065
13.168646
13.351875
13.112528
14.357957
11.930556
12.735885
11.651078
12.184657
12.668814
14.955795
14.070126
13.289408
13.107672
15.084227
14.071076
14.003661
13.526078
13.328511
13.725929
13.008488
13.044150
14.523419
13.495331
15.145186
14.698171
15.313174
15.754485
13.364236
12.184451
11.623368
11.978993
12.171980
11.327146
13.073674
12.476838
13.302412
13.869024
13.139629
12.862982
12.866165
12.886092
14.251406
13.335595
12.878038
13.065192
14.174856
19.236729
17.829187
18.847997
17.201717
17.322605
18.742758
18.461341
17.024601
18.671938
18.059840
17.416512
17.622109
16.606897
16.470869
17.061738
16.403649
16.768835
16.140392
15.274770
16.368741
16.489869
16.235534
16.549430
16.938035
16.625790
18.006663
16.945187
15.707183
15.507663
17.590862
16.878515
17.769267
15.111211
16.380855
17.997841
15.789549
23.209801
22.591947
22.792607
23.390799
21.943166
22.720104
21.628516
23.047834
23.360465
22.061938
21.511727
22.604248
20.950199
22.475205
20.618630
21.288061
20.365457
20.078128
21.131997
21.961943
22.105543
22.087825
20.774936
21.411054
22.218086
20.881520
22.766726
23.254566
23.376283
23.720864
24.518530
24.414239
24.532903
23.899493
19.589093
20.138029
19.966434
22.049471
24.029964
26.180030
27.283271
24.810767
24.491214
24.998421
25.310916
24.931294
23.721552
22.977519
24.207653
26.483397
21.332476
20.385853
23.139907
12.460498
14.156612
16.554655
15.164934
15.425998
15.030549
16.199524
15.444223
15.021113
14.560297
14.251517
13.906332
12.902546
14.427215
13.892351
12.271732
12.888258
12.874805
12.879392
12.490881
13.794563
12.117083
12.659758
13.385818
12.192340
12.885495
11.889249
13.267608
13.028951
12.287842
12.404149
12.671593
15.021898
15.056653
15.085880
14.527173
14.596441
15.043938
14.982832
16.707407
16.152469
15.957029
15.081143
15.946420
13.936532
14.455660
14.499636
14.855553
15.305255
14.719935
14.050160
15.219908
14.020721
14.062189
13.935684
13.812557
13.244730
13.419244
14.254792
13.348818
13.490247
14.362352
13.803953
13.838962
14.281927
14.569967
14.419602
13.767145
15.573927
15.144055
14.217222
13.374844
13.960771
12.843014
13.793333
14.131875
15.042402
16.140563
14.713462
14.718620
15.755326
15.238679
14.542786
14.537231
13.504493
12.918200
12.937419
13.152735
13.282267
14.819183
14.568400
13.052589
13.059638
13.268066
14.212645
14.044079
14.761769
14.581429
13.808332
16.621190
16.827105
16.878967
18.136580
17.594278
15.973345
15.395516
15.229498
15.755963
15.565327
15.096120
14.287802
13.978160
15.075101
14.600482
14.583109
16.944141
17.027783
14.969990
16.381778
16.523516
16.178337
17.317178
15.958213
17.461740
16.033256
13.906249
14.219754
15.342850
14.561494
14.755847
13.552072
14.721708
16.004326
14.636613
15.142199
15.025354
14.972275
16.288803
15.442223
17.056939
15.562956
12.287641
13.185112
12.687562
13.187645
14.117184
14.045258
14.348224
13.527058
13.798061
13.235630
12.874833
13.342258
14.017622
19.052937
18.258532
18.624257
19.410428
18.871161
17.805034
18.637242
18.693182
16.824959
16.918021
19.861431
17.264384
17.925906
18.173180
17.904128
16.804415
15.925835
16.327540
16.627948
17.073380
15.704289
17.600654
15.202414
16.009248
15.894554
15.774968
15.911364
21.306091
21.230920
21.147204
20.933792
21.138285
17.229851
16.835463
18.579069
17.532321
18.525725
18.268922
18.886490
18.218355
17.857660
17.783055
17.284850
17.734759
17.859129
18.465074
20.013640
10.781875
10.707151
11.033493
11.040205
10.493366
11.153955
11.235351
12.079740
10.233539
12.374976
11.956759
11.163985
11.812778
11.098168
11.802332
11.865117
10.665295
11.859705
11.756691
11.792135
10.659530
12.423969
13.832563
13.521454
13.937507
14.353337
14.141751
14.168642
13.701981
12.194226
12.480792
12.877627
11.316377
11.976646
10.989980
11.941447
11.632192
11.949523
12.120689
11.884061
12.046557
12.735702
12.280988
20.061435
18.189099
17.370241
16.631786
18.045311
17.112359
16.519976
17.817562
17.500633
18.483739
18.009988
15.927868
18.766259
17.720119
17.604398
18.588105
18.266288
18.164828
17.295632
16.137081
18.119548
14.729387
16.285986
13.776347
14.378908
18.006696
17.310321
16.608830
16.548629
16.661658
16.473251
17.632048
16.705849
16.341528
15.674548
15.805756
15.884126
15.406447
16.237338
16.216394
15.778759
16.775059
16.174144
15.570850
16.482047
17.171143
16.173697
16.032380
15.431685
15.747067
16.361637
16.731670
15.823769
17.132188
16.646461
17.737656
17.489047
18.410986
18.458098
18.274490
18.400559
16.401467
17.296827
17.220934
17.471101
16.393492
16.865765
16.370603
17.837970
17.284689
17.253682
18.213565
17.986880
18.081136
17.160771
18.156907
18.459320
17.792711
16.862563
15.575537
15.640454
16.721941
16.490140
16.252248
15.748651
16.476295
17.040243
15.745666
16.684015
18.290965
18.328831
18.979572
19.289829
18.270034
17.785568
16.718419
18.245839
18.493083
18.232374
19.065450
19.528901
18.951727
20.797156
20.463034
20.021290
20.403752
20.834100
19.064753
19.479584
18.728061
26.302044
25.239953
24.716488
24.046587
25.637952
25.846830
12.995539
12.718241
13.120362
12.457716
13.545515
14.865825
14.676090
14.777736
15.123859
13.339126
14.124413
15.570441
16.152934
15.449167
17.246638
17.340502
16.059845
17.104659
19.553860
18.682278
19.466354
20.252596
19.041855
23.221579
23.553983
21.504041
21.249057
20.362577
20.917573
20.887144
20.239988
21.405858
21.848477
20.829951
21.410884
22.255142
22.295733
22.398488
22.194388
21.305191
21.778752
22.519770
22.657282
23.143017
23.850590
20.948919
21.568512
18.097484
20.049839
20.951265
18.952218
20.662783
19.468032
18.279210
18.214081
17.272836
19.632685
17.876495
18.925405
18.045130
18.389021
18.505777
18.976276
18.346861
18.417903
20.235526
22.662451
20.639330
22.225228
22.781368
22.212343
21.326378
20.340146
20.658143
22.025030
22.022428
20.339994
20.097372
19.844418
19.931976
20.087271
20.504680
19.008975
21.199883
19.620929
20.690875
21.083339
21.170967
19.775712
21.737658
21.382230
22.341357
19.762147
19.593806
20.924002
19.210539
20.042270
21.128512
21.866939
23.346761
20.888076
21.901631
22.596837
22.884493
21.272227
22.753122
21.028759
22.522043
22.615808
21.638920
19.654449
19.993446
20.887915
21.653242
21.205116
21.325088
20.784162
18.334901
18.810812
18.637157
19.676552
17.351973
17.478061
16.374964
16.640946
21.580052
21.403097
19.231195
22.526039
19.763805
19.658686
19.256331
19.158691
19.759389
18.292073
18.101068
19.078341
17.646503
19.936045
19.273801
19.735192
18.150697
18.928910
18.648783
18.573211
19.219299
18.893582
19.011413
21.036674
18.919301
20.049513
20.547758
19.618044
20.791033
20.337925
21.561941
20.301484
21.601888
21.376606
20.162639
17.370525
19.104666
17.006408
20.020373
17.463611
17.821203
16.382073
18.492388
16.818068
15.980665
15.299220
15.620314
16.687355
16.647202
18.523553
17.773525
17.975475
19.515885
18.373419
18.080789
17.702449
18.581647
18.742880
18.632061
16.782744
18.126669
17.980587
17.332322
15.921272
16.571643
15.622595
16.743821
17.813316
17.412061
18.733699
16.354817
17.752985
16.108838
18.580316
20.186718
19.439358
19.943955
17.678813
16.266436
17.158445
17.281466
17.289333
16.354785
14.804966
14.860892
15.176724
14.533955
14.507846
14.524794
15.551409
13.449373
12.811607
12.886970
13.662097
13.600493
13.283035
13.635652
13.642887
13.580021
13.791249
14.628569
15.070982
13.696749
14.318849
13.306505
13.986626
12.767499
13.257195
13.556064
14.309547
14.649611
14.198229
14.385202
14.188819
14.901289
13.424373
13.103547
12.934322
14.103561
12.855086
13.326963
13.640938
13.354216
13.346337
13.773926
15.442966
15.042403
14.497342
14.966383
14.049841
14.742780
15.482865
15.932203
11.479953
12.527857
11.648458
18.577394
17.684371
17.439370
17.808601
18.034598
17.806271
17.332714
17.322942
18.292392
16.883687
17.843187
19.180099
17.598338
18.154715
17.474303
16.650172
18.698036
17.445751
15.941333
12.561950
13.194684
13.954167
13.698303
12.470360
12.647785
13.053260
12.655007
14.526304
14.511284
13.990737
12.918982
13.254669
12.713192
13.483935
12.252578
13.263769
12.875819
12.987102
12.963554
15.660298
14.837673
15.996997
15.604943
14.649970
14.407920
15.252031
14.774697
16.146822
14.242422
14.936614
16.795798
16.149365
14.111061
16.583358
15.328913
14.589613
14.728844
15.696353
15.311911
16.153725
14.569545
14.795116
15.449619
14.827028
15.358759
15.532418
14.953374
16.074726
16.503542
15.786453
15.257354
15.425556
16.101880
16.377230
17.209858
15.694631
16.033604
14.844716
16.198403
15.970036
16.259653
15.174983
16.372508
16.042616
17.674571
17.099788
17.137861
16.430735
18.677854
17.354243
17.803697
16.019566
17.264331
16.407024
17.475343
16.525916
17.721410
16.281195
15.573620
14.094895
15.854022
15.751074
15.546807
16.255462
16.341455
15.757152
17.222897
15.493999
18.055070
17.345517
16.164274
16.419760
16.321049
15.139897
16.906983
16.711997
15.997713
15.414382
19.624224
18.289122
19.087317
18.115911
18.542377
17.403186
18.392363
17.486316
18.040660
19.244731
16.687990
18.375484
16.795685
17.809357
17.097736
17.158921
18.388038
17.599334
17.332418
22.547923
22.649554
22.535147
23.532315
22.614637
13.653041
14.127785
13.089573
15.004617
14.458373
14.610981
14.396556
14.250115
14.785621
13.525576
12.546664
13.048834
12.477088
12.833938
12.313084
12.616738
12.240062
11.250093
11.995238
12.403645
12.011422
11.451007
12.795681
12.160173
12.973484
12.093270
12.481402
12.253323
13.082272
12.368164
14.221175
13.293472
13.115874
12.968468
13.633546
12.393959
12.566909
11.111918
11.058946
11.246108
10.838709
12.179702
12.049881
11.623088
11.710856
12.188604
11.725511
11.784889
12.851432
12.204434
11.866464
13.112079
12.283528
12.311288
12.255417
10.554791
 9.442189
 9.892603
 9.953622
11.942282
10.685059
11.114218
11.410545
16.340249
15.534053
15.081239
14.725482
14.270208
14.082563
14.995219
14.000672
15.096434
14.678634
14.727017
13.806313
13.997527
14.760693
16.253221
15.788024
16.276629
16.598388
16.737731
15.662426
18.477082
19.880861
18.827989
18.893507
18.220284
17.548704
18.358903
17.409693
19.000807
18.542992
15.889599
17.590953
18.573441
17.380609
18.503920
16.749574
17.878905
16.004250
16.278238
17.378741
16.984204
16.741504
15.243772
14.800771
15.232182
14.775157
15.502600
15.066400
15.411349
14.650304
15.672997
17.000753
17.842899
17.684080
18.704938
18.455895
18.413791
17.780837
19.036333
17.907758
22.003900
20.482558
20.233016
21.920741
21.792517
23.096339
17.999939
17.986610
17.703888
17.835065
16.515818
16.279907
15.041782
16.684909
16.557888
22.332341
13.858540
15.649521
13.911487
 8.096018
 8.257066
 7.898203
 8.707751
 9.768275
 9.566259
10.037715
 9.395642
 9.178979
 8.824141
 8.383489
 8.842482
 8.990539
 8.269504
 8.840904
 8.416605
 8.610455
 8.700606
 8.588460
 8.714167
 9.058236
 9.575625
 8.833908
 8.373940
 9.529273
 9.032333
 9.140693
 9.013275
10.018794
 9.702408
 9.681033
 9.823363
 9.675417
 9.951952
10.107771
10.103477
10.031031
 9.603587
 9.546812
 9.540524
 9.252907
 9.234205
10.252070
 9.746187
10.545195
10.401878
11.113882
10.757229
 8.966946
 9.325715
 9.845745
 8.868960
 9.190331
10.323919
 9.786977
10.101475
 9.708754
 9.964911
 9.456274
 9.981648
 9.739856
11.260871
11.438654
10.457376
10.853170
10.203212
11.253239
10.018451
10.502455
12.909582
11.258119
11.886224
10.815234
11.118837
11.251816
10.885424
12.035493
11.587704
12.367943
11.301922
11.660753
11.555004
11.876925
10.680421
16.248264
15.037899
14.524204
15.063604
14.184369
13.325921
13.779708
12.767349
13.735848
13.462334
13.893558
13.020177
13.559970
13.027460
13.832519
13.389888
12.985907
15.639399
14.532415
14.808278
13.608518
13.985714
15.017897
16.706017
16.972387
17.635492
16.561641
16.959972
14.612900
14.889408
15.694662
15.880994
16.769573
14.705451
16.804521
10.922183
10.809566
11.026283
10.736561
11.435844
10.256092
 9.400524
 9.424808
 9.175596
10.833125
10.608137
11.851931
11.157955
11.908480
12.221661
11.946891
12.325186
11.921192
11.663503
11.556182
11.188845
11.081107
10.282165
 9.076173
10.286799
 9.503235
 9.539543
 8.918095
 9.222975
 9.699071
 9.159510
 8.992108
 9.019527
 9.588610
 9.689194
10.461084
10.198276
 9.403201
10.180785
 9.926804
 9.374394
 9.675413
 8.505497
 8.679550
 9.028535
 9.315076
 9.069730
 8.747660
 9.231511
 8.091559
 9.151973
 8.316053
 9.059320
 9.049032
 8.129946
 8.891417
 8.662174
 8.725329
 8.262847
 8.779482
 8.090263
 9.589381
 9.498025
 8.800309
 9.273144
 8.946771
 9.310993
 8.179461
 8.515694
 8.705448
 8.534907
 8.609592
 8.446300
 8.785893
 9.735671
 8.685240
 9.101231
 9.045750
 8.992243
 8.698113
 8.496270
 9.181215
 9.822219
13.971862
12.649265
12.692091
13.053640
12.754515
13.076440
13.341498
12.607720
13.159856
13.741603
13.087522
13.179141
13.383397
13.080562
13.939128
13.886250
13.850410
13.497943
13.611169
14.450539
14.403590
14.658311
13.390042
13.460856
14.290135
13.093299
12.338437
13.667482
13.467661
13.303229
12.827896
13.263340
13.364267
13.525262
16.475862
15.124870
16.683069
16.798196
14.709621
13.069548
15.004771
14.839979
15.189357
14.957369
14.592462
15.046793
14.043648
15.396225
14.299188
14.610985
15.049679
14.313924
13.966088
15.339478
14.403352
13.957823
14.393391
22.118695
23.350946
24.496598
23.554900
24.892571
22.999280
25.067068
24.331645
23.847025
24.784249
22.967089
23.299458
23.190223
23.971030
24.094162
23.099970
25.032533
24.516071
23.250982
22.273698
23.407777
23.852045
22.650710
24.922744
22.815736
24.422637
23.712793
17.817231
18.600661
16.834861
18.013020
18.016601
20.851366
18.807351
21.943714
21.337725
21.273529
20.814685
18.679420
20.337668
20.670375
19.285835
16.309948
18.471447
17.836195
18.310377
14.313837
15.264617
17.169667
14.556228
15.202769
13.707208
13.444031
16.160299
16.875328
16.684641
16.520021
13.646652
14.513236
14.725749
13.835082
13.418385
13.416612
14.256461
21.192316
21.529990
23.119128
23.124238
20.664624
22.692116
22.625680
23.048497
21.925883
19.593724
23.081122
23.601567
21.338948
22.360199
22.463519
20.942815
21.955669
20.554031
21.196588
19.290435
18.750121
18.959954
19.516398
19.534715
18.701375
20.155770
19.176084
20.377458
15.331541
17.221475
14.646807
16.364834
15.956814
16.958290
15.970953
15.172568
16.799735
18.320913
18.429467
19.567692
18.421610
18.378721
16.448168
16.929368
15.958501
16.074717
16.173477
17.982224
20.484342
20.821464
20.662764
20.966304
21.144917
23.089571
21.861809
23.908427
23.279938
20.311868
21.670716
22.823592
24.824799
26.551543
25.700873
21.042110
18.387581
21.114276
21.815659
19.511940
20.802722
20.595475
19.690844
20.087786
20.594999
20.662843
21.310138
20.271964
20.691362
21.329220
23.541929
24.457779
25.144892
26.183843
24.249359
25.316294
22.507515
22.223114
22.496135
23.131442
23.054348
23.919185
22.414451
19.786745
19.073221
20.128727
19.290109
18.851490
20.166019
21.044525
21.457590
21.377942
19.216231
22.432055
21.255877
21.506748
17.976938
19.242992
19.743303
19.623979
18.016177
19.649136
19.218452
19.711056
22.822266
21.332483
19.717377
20.954012
21.710381
20.107645
18.426856
19.315434
19.998144
20.427552
19.263920
20.127125
20.044549
19.490866
20.736372
21.591173
22.068549
20.897518
19.464974
18.733101
18.681010
17.614967
19.338681
17.885037
19.279068
19.199584
20.923377
22.014150
22.293206
21.699650
22.031691
17.811620
16.935843
17.972644
16.687536
17.794692
16.354913
19.261225
17.413618
15.932736
19.419342
18.728729
18.179394
19.181617
18.051488
18.207703
18.244417
18.577479
18.483534
18.533552
18.423909
18.806185
17.226918
17.384934
19.322747
19.234582
18.244620
18.894747
19.096057
19.151934
18.852664
19.894166
19.896700
18.628268
19.423983
18.505750
18.326759
18.021393
17.488604
19.044187
18.414476
23.052261
21.328555
22.723415
22.155959
24.078659
20.503046
21.185693
22.885776
23.077179
21.548131
22.402404
21.172744
21.441600
20.990800
20.983160
18.469766
19.253969
21.006342
18.227199
17.432458
19.591245
19.056374
19.134031
18.984700
19.266176
20.044462
19.020242
18.350839
18.802530
17.340618
13.699352
13.939491
13.793331
14.330651
13.396752
14.171005
13.179368
12.129155
12.231099
13.170565
13.576314
13.260051
14.056725
14.159088
13.763074
13.841755
15.037594
14.048219
14.821069
14.282217
16.437925
17.075840
15.544049
14.922736
14.344678
14.171495
15.486133
15.358901
24.271908
22.675018
22.217423
15.375546
14.750400
14.612860
13.467004
15.198278
15.774723
16.290068
15.092362
15.632639
16.429821
16.304008
16.591247
15.934487
14.586941
13.002706
13.481611
17.818460
17.285255
17.842981
17.325357
17.210332
20.770460
19.561854
19.858614
18.567093
18.042321
18.904113
17.669941
18.395854
18.237956
11.982755
12.541234
11.394612
14.358653
14.784082
13.809266
15.523060
14.684331
18.378792
18.816266
18.476682
20.665288
21.503061
19.386540
19.074099
19.100943
19.485219
19.640932
19.483192
19.811768
20.911533
20.056404
19.416247
20.594539
19.610320
18.957812
18.866838
18.125291
18.001694
20.230451
18.995855
19.358182
19.531212
19.359183
19.853401
18.152615
18.004856
18.476927
17.601719
12.370858
14.146970
12.726600
12.173459
13.504272
13.385668
12.816156
13.322127
10.412439
10.985679
10.945018
10.847400
11.298914
10.619275
11.699205
10.757895
11.665753
18.353171
16.500451
18.784081
16.970217
18.367762
18.625083
17.092116
17.188867
17.156885
17.575699
17.881523
19.193175
18.324769
19.096140
21.057707
19.238260
19.984695
19.089125
19.078106
19.624900
19.137612
19.124311
19.010451
18.383770
18.600554
20.006465
20.257383
20.017996
18.979695
20.880296
20.807642
20.453030
21.847966
20.727945
21.037128
16.467247
16.339099
17.957188
18.313417
18.407093
18.949932
18.325823
19.225856
19.284099
19.183167
20.163465
20.914534
20.778028
18.324869
16.917789
18.297259
20.304454
17.506634
18.271878
19.460730
18.872178
19.010135
19.335506
17.955813
19.994016
19.467870
17.595903
19.547869
17.598492
19.623647
18.687166
19.068590
17.899590
17.145443
17.140588
16.451767
17.806753
16.571468
16.705819
15.356921
16.524210
16.737903
18.968278
19.590190
19.583248
18.415757
19.264453
19.808895
18.966403
19.623925
19.997832
19.687334
17.643291
18.038154
18.106316
17.022761
16.468529
14.747684
15.046184
14.563280
14.573209
13.727351
14.016992
13.242936
13.365515
13.117274
14.480780
14.405662
13.191348
13.668338
13.932398
14.896157
14.567256
14.953755
12.959461
13.604429
14.113315
14.858439
13.372312
14.633026
14.328014
14.710013
14.608518
15.256605
14.838026
15.631727
15.258192
16.107869
15.383013
15.724958
15.158697
16.039619
15.643025
15.339479
14.917078
12.704335
13.312404
12.561387
12.860012
14.067034
14.895249
14.967146
12.225145
12.711166
12.098236
11.546924
11.857410
11.670941
11.403848
16.894797
16.440249
15.306659
16.121612
16.879768
17.200246
17.026116
16.360108
16.208377
15.110674
15.658347
17.937079
16.683308
16.572934
16.572080
16.721103
15.451851
16.428101
17.181959
17.029861
15.944921
11.741108
11.982083
13.163616
11.780467
12.063416
12.986049
12.555012
12.752000
12.407929
13.033601
11.861008
12.033049
12.678995
13.446510
13.373414
13.486404
13.229454
14.450609
13.371726
12.690440
16.920533
16.634209
17.040804
17.060220
16.248090
17.153894
14.821583
12.565480
13.437030
13.549428
20.307990
19.987832
20.287294
21.299200
19.816867
20.601092
18.446746
18.757484
20.038083
19.586311
20.091746
18.045088
17.851631
17.322437
18.020055
19.035027
18.313801
18.773539
19.707692
20.137880
18.158341
19.134636
18.080986
17.871960
18.115724
18.900819
17.832839
18.714494
18.016400
17.697759
15.024993
15.160095
15.860158
15.878550
16.151092
14.981104
16.414199
15.619631
16.179382
14.915515
14.251106
14.958189
14.786146
14.718916
15.203922
16.634767
15.969691
16.469377
14.601480
15.727650
16.100487
16.057042
17.650386
16.939653
16.906509
16.565328
15.057465
16.169123
15.144036
15.011172
16.113302
15.498687
15.384169
14.791755
11.856400
12.755855
11.930472
11.641346
12.154656
12.277635
11.440509
12.818470
12.644182
11.324679
11.349042
10.359966
 9.747891
11.532482
10.531622
17.902871
17.176368
16.442557
16.005416
16.845460
16.585975
18.956658
20.382171
20.766541
19.985044
19.737095
20.259139
18.067613
18.813085
24.011953
24.205897
24.030635
24.095898
22.915723
22.506311
25.377742
25.855857
24.741857
23.019889
24.128415
24.016506
23.992738
24.350643
24.837106
25.078524
23.472799
14.119484
14.408712
14.901028
13.027290
14.031578
13.374388
14.692197
13.206515
14.254582
13.051576
13.792836
13.007037
12.792312
13.355833
13.869672
10.833396
11.323097
11.658815
11.611765
10.954719
10.968322
11.685535
13.387169
13.253300
12.975903
12.244001
14.710103
13.427359
13.256937
12.700321
13.086789
13.332854
14.113916
12.685227
13.814500
13.547480
14.725699
14.184225
14.565846
15.023495
13.606058
14.812975
13.084889
14.615057
15.687438
13.312333
13.690762
14.040809
13.606251
13.918521
13.607133
14.432307
14.051433
15.048439
14.396627
15.553231
15.989356
17.128832
16.964572
15.727132
16.850227
17.298288
15.665164
15.933381
17.428133
15.983027
16.896568
15.797876
21.829237
23.304495
22.169222
24.492689
23.060645
23.684937
23.667879
22.974681
21.852305
23.417839
18.957685
20.260308
19.546345
19.789277
21.108372
22.025499
20.753580
20.575368
21.031082
20.652456
18.708322
18.150399
20.565292
20.245076
20.528448
21.617086
22.057975
23.178372
21.545388
21.435436
22.842411
21.674061
21.390598
18.002181
17.895557
18.599517
24.982673
22.947295
22.885391
20.163665
19.407383
20.208679
21.801297
20.948203
21.395380
20.894712
21.751916
21.108457
19.847941
21.086107
20.218291
21.566623
20.391867
19.365093
19.582250
20.111195
18.711844
18.305682
18.295023
18.459526
17.863869
19.388091
18.178318
18.074903
17.527822
18.247964
18.242804
18.416721
21.977863
18.829511
22.733864
23.257959
22.973057
22.612478
14.263356
15.465906
14.063443
14.992509
14.093509
16.062630
16.194166
15.233805
17.003533
14.959773
15.830728
20.387206
20.602253
18.466487
21.176959
20.065617
19.612770
18.031277
20.834774
20.719439
19.813161
19.833717
18.985096
18.742548
21.623486
20.837028
19.008013
19.461333
19.879963
21.585840
19.474857
20.343010
21.522843
21.507049
19.491164
21.078462
21.299015
22.857903
21.046295
22.707950
22.528350
22.950823
24.449107
22.583608
22.953101
21.906504
18.162901
15.836729
16.178065
17.588416
19.365028
15.329614
17.615907
15.857076
17.381888
16.662934
15.851940
15.062054
16.164681
15.422679
14.593778
15.299447
15.995351
15.067068
16.897487
15.736401
16.883366
17.205192
15.877866
16.418233
16.096816
17.143083
16.983883
16.906139
17.514992
17.282022
16.912311
18.935077
18.498712
18.457329
17.102641
18.554808
20.718602
20.610249
19.777556
19.956891
23.238199
21.796911
22.096012
22.575166
20.347197
18.963081
18.622619
19.903592
20.077987
18.052106
19.876966
20.595775
23.754676
22.994020
23.409307
24.309962
22.256086
24.597992
23.025116
18.187457
19.357268
16.652785
16.390915
17.668169
19.091897
17.979191
17.466401
17.600658
16.963945
18.672870
19.552168
19.308735
19.543984
17.035762
18.480375
16.794452
18.777688
17.394555
16.787821
17.244019
18.078444
17.088013
18.791601
18.149617
17.526333
17.641294
18.091546
17.443947
20.662508
18.814395
20.251995
18.526999
18.792186
19.268207
20.512726
22.247372
20.515607
20.403542
20.854832
21.477283
20.069361
14.787301
15.959623
16.084027
14.736095
15.048486
21.868766
20.048494
20.348098
21.126422
20.725317
21.164820
21.919108
19.021447
18.353116
18.488586
18.986793
18.650599
18.716166
18.167464
18.283591
19.098753
19.593440
17.744188
15.970365
17.142381
18.696850
21.745473
20.556198
20.367201
12.698643
13.041109
12.441963
13.229079
14.553540
16.035703
14.417894
15.072957
15.529104
15.346871
14.319321
14.406521
14.814273
15.094699
14.481635
15.178405
14.258774
15.403749
19.928507
20.433383
19.393934
21.075695
19.018707
20.418136
19.512483
20.089275
20.119792
18.018438
18.336324
16.907469
17.781339
16.241513
16.883280
17.725475
17.555822
17.447911
16.156370
15.613582
17.329133
17.417078
16.601087
17.041040
16.923460
16.734424
18.843887
17.840458
18.024878
17.099138
18.730244
17.654467
16.968424
16.292865
16.570346
14.656649
13.957066
14.021610
13.444378
13.371528
13.080952
14.049338
13.180729
13.007774
13.632850
14.760172
14.245294
15.572718
13.934754
14.560283
13.844376
13.800853
13.502482
14.267426
15.134951
13.840097
14.755196
14.657890
14.243721
15.539665
13.967736
13.750333
14.202021
13.905369
14.465625
13.993110
13.844850
12.781400
13.556473
13.576441
14.000578
12.467806
14.043470
12.936283
14.240240
14.120333
14.310242
14.212317
14.980696
14.860442
15.724023
15.824333
15.746505
14.747311
15.806938
14.581023
14.975763
14.592012
14.960196
15.622512
12.368920
12.684571
12.167793
12.445827
11.678839
12.027378
12.642926
13.351147
13.248949
13.027511
13.629592
14.361852
12.145072
12.948378
14.042064
12.673736
13.392109
13.490747
13.243393
13.251210
13.732499
14.391779
14.160422
14.340983
12.343943
14.653856
14.654977
13.976257
14.461000
13.879007
14.500462
13.743925
13.397736
12.395085
11.634464
13.384637
14.571128
13.454103
14.706001
13.804820
13.433147
13.705277
14.071549
15.191107
15.827063
14.922659
14.044463
14.691150
19.019271
18.311634
20.045832
18.005270
19.532439
19.055291
19.082666
16.527170
17.357121
19.120123
18.620520
18.645031
20.290598
19.790148
14.365294
15.611634
16.236002
15.272927
15.245720
13.076323
13.429719
13.313015
14.900297
14.276251
21.045535
19.462808
21.602175
21.460751
20.341819
20.614307
21.111121
21.489932
20.951681
21.610187
20.536057
19.530089
20.214563
21.010116
20.421308
20.411263
21.582110
20.123479
19.609257
17.915025
21.446222
21.760242
20.981994
20.690382
21.214235
18.459097
21.724498
20.182578
19.987829
19.990660
17.081155
18.036836
17.473115
17.031865
16.508203
16.819506
14.912432
17.153918
16.844517
16.737361
15.720282
16.015507
16.214032
16.320562
16.932511
17.991769
16.541808
15.386688
17.796211
18.782452
17.336481
16.561806
17.347927
17.437010
17.241722
17.322914
11.096534
12.412582
12.319198
11.740063
12.118467
11.435062
13.339746
12.472155
10.063735
10.049663
 8.761816
 9.704748
 9.581145
 9.407880
 9.017101
11.561918
12.147498
12.186086
12.522403
11.587000
12.016537
13.274864
12.863855
11.711722
12.326784
12.178127
12.832686
12.280404
12.296521
12.951937
12.048117
11.339442
12.016076
12.290794
12.325389
12.889582
12.411449
13.055920
13.677908
13.003026
13.546355
13.219841
13.427679
14.223366
13.847578
12.995967
13.562188
12.912203
14.073818
13.887239
13.288792
13.307045
12.799201
13.771723
13.589906
13.725835
13.082092
14.179329
15.087555
14.452124
14.487299
13.878092
13.713505
12.186518
12.337503
12.225755
14.254660
14.188899
17.650232
16.722136
16.901146
16.698622
17.860964
17.621463
15.946021
16.470837
16.576762
17.231762
12.734614
14.549614
13.319416
12.798424
14.468629
15.206821
14.368580
13.918202
14.005315
13.320716
14.847446
14.093258
14.113482
13.831728
14.285571
12.880981
12.980195
18.990555
21.239313
19.541234
19.519461
19.871567
20.186922
19.647669
19.389969
22.764880
21.331032
21.748315
17.697100
18.299623
16.938268
17.933265
17.266992
17.655761
17.286047
16.467109
16.552979
15.252369
15.303236
14.481115
15.083950
14.996496
14.791122
16.036374
15.950401
15.400160
15.572594
15.058796
14.954772
15.320042
19.072661
17.171394
17.233411
18.155289
18.296625
16.219059
15.464278
14.035479
14.905691
16.146811
14.571548
15.956494
14.532762
15.783797
15.218166
15.041908
15.266819
14.823557
15.435082
15.545847
15.385296
18.525823
18.236132
17.732327
18.122170
17.362840
19.056590
16.644821
25.999925
24.581853
24.342977
25.877887
25.856628
25.247981
23.813093
23.427452
23.911739
23.137077
15.633516
16.803839
15.263305
16.640649
16.653634
17.031512
16.046528
16.028943
15.937528
14.642640
15.943758
16.284986
19.095578
18.856429
16.937369
17.026415
16.940958
18.644377
18.445591
18.667861
18.587852
18.261752
19.785593
18.964096
19.309922
17.188864
15.567152
16.529041
15.706170
15.121410
16.458331
16.299364
16.635502
17.530668
17.089221
16.314334
16.085990
15.012693
15.822032
14.876743
15.023350
16.189429
15.523816
15.852914
15.544987
15.732788
15.580408
15.970967
15.845008
14.814045
14.580377
15.209199
15.925950
15.416912
14.321396
13.993516
13.973594
14.473173
14.097163
15.490875
14.229475
14.660801
15.284514
15.434353
14.975594
15.426688
14.371338
15.151977
16.984728
17.585917
18.136039
18.668242
18.006101
18.112466
17.055724
18.109024
19.122538
17.299209
18.913215
16.947094
17.219132
16.254615
16.855248
16.699521
15.901258
16.829928
17.657834
18.188543
17.412092
16.815917
18.983477
20.195687
20.402996
20.564141
17.841298
17.728895
18.716325
17.897265
16.755753
19.658259
17.970773
18.494213
19.545978
19.999528
18.131292
18.760824
19.870044
18.813395
18.795045
18.161860
16.975147
17.703344
17.135478
17.475535
16.423097
17.589370
17.959436
13.502453
14.577552
13.842125
14.394075
12.604971
12.745293
15.208353
16.212389
14.261232
22.614993
20.491511
19.400945
20.876402
20.960434
19.800558
20.672730
19.722255
19.445465
19.562930
18.714401
23.419705
22.799189
21.863493
21.798508
24.680131
21.803685
23.271892
21.827062
22.634280
20.333161
22.491087
22.254422
24.310442
27.058270
23.802943
25.329953
22.816837
24.228790
23.827824
23.188996
23.791053
22.483881
23.110942
22.911825
21.445129
20.377363
21.329932
21.446148
20.218512
23.175849
20.841803
23.079832
17.189236
16.348711
16.356906
17.380872
18.153418
17.024736
16.957836
16.716638
20.214772
18.638090
19.097413
23.410839
25.136777
24.604362
22.821849
22.367197
22.882519
21.387787
16.316208
18.260030
18.104965
18.378409
18.382389
17.694763
17.956099
18.171568
18.678705
20.313057
18.224351
19.067204
20.928274
21.337520
21.637039
20.038593
21.194268
20.815078
23.226607
21.421487
22.309971
21.552786
12.126391
12.454566
11.179740
11.968466
12.250736
12.393045
15.650297
15.802710
16.952703
15.482460
13.843032
13.950875
11.594421
14.749703
12.945571
12.719923
12.979427
13.930563
13.019269
13.807335
14.552892
15.169857
14.832026
15.044731
14.527218
15.375641
13.707624
14.619711
14.400526
14.916234
14.411682
15.108194
16.144546
15.634802
15.773667
15.666776
14.942246
15.649096
15.570618
14.960003
15.047713
15.077285
14.399892
15.470146
14.609897
15.300341
15.057968
13.487780
14.220137
13.654022
13.870639
14.289091
21.682275
21.948572
22.177150
23.359621
20.310857
22.291520
22.585636
23.882346
24.085334
23.457888
22.859830
23.066876
24.202946
23.147619
19.693048
19.897071
20.291208
18.825228
23.256641
23.652519
21.704167
23.082975
21.973476
22.702348
20.338076
21.439112
23.060695
21.460758
24.032623
22.876187
22.805162
22.427821
22.280066
24.179001
26.286830
26.769703
19.040638
19.823093
20.009994
17.226385
18.311883
18.744758
18.924148
18.489774
20.249076
18.581353
19.073284
18.883436
19.946222
18.662713
18.605352
19.246905
19.857765
19.241233
19.275427
18.063917
18.683900
17.945882
19.458447
18.098964
22.080999
22.854436
22.241511
20.937437
20.832179
22.179541
22.442207
21.216615
17.193042
16.081837
17.342696
18.213896
18.646696
19.127722
19.280970
18.857394
19.556560
18.304559
17.853913
15.843784
16.163434
16.653304
17.332630
15.602875
15.501863
15.839455
14.478409
15.778252
16.176152
15.982798
17.977256
18.879690
17.759086
16.809414
16.201528
15.784345
17.242947
17.642863
16.398020
16.889702
14.820533
16.150865
15.374156
15.620990
15.920564
15.400949
15.458626
17.752877
17.704438
17.000053
18.806184
18.218529
18.035175
16.272637
17.346764
17.912440
17.867021
18.783199
18.711388
18.906137
19.806951
16.064326
16.782499
14.582613
14.149520
13.994290
14.284342
14.062446
13.251808
14.087482
13.988366
16.768068
16.329201
16.206960
16.154842
13.002240
13.322268
13.424271
14.124579
13.892893
14.180167
15.570150
15.584852
17.870152
17.436420
17.881167
17.658422
17.322969
18.315350
20.108372
18.595517
18.833163
20.049303
18.361653
18.430805
17.733563
17.894368
18.572821
19.499247
18.210769
19.429373
17.940143
17.576751
17.413952
17.200665
18.545817
16.858399
17.758464
16.781863
15.832526
16.031979
16.816006
15.304019
17.056892
16.691819
15.607420
16.629695
17.028685
15.820386
17.540141
16.627617
15.021080
13.084521
13.363370
14.315233
14.082969
13.446482
13.761080
13.707082
12.767014
13.096020
15.526060
13.152840
14.125525
15.221943
13.695831
14.246751
14.529573
14.394087
14.270079
12.783064
13.278649
13.643274
13.678757
13.115284
14.482243
14.390113
