0.9579329
0.9196147
0.9132812
0.9337423
0.9491818
0.9808904
0.9422420
0.9914123
0.9879607
0.9778320
0.9396618
0.9784980
0.9518845
0.9660200
0.8611077
1.0144047
0.8997005
0.9406114
0.9819652
1.0006587
0.8908779
0.9713811
0.9880827
1.0048076
0.9668443
1.0138194
0.9401283
0.9979253
0.9760324
0.9271305
0.9228544
0.9833496
0.9768099
0.9933336
0.9756952
0.9310557
0.9525265
0.9431771
0.8908832
0.9285373
0.9579329
0.9196147
0.9132812
0.9337423
0.9491818
0.9808904
0.9422420
0.9914123
0.9879607
0.9778320
0.9396618
0.9784980
0.9518845
0.9660200
0.8611077
1.0144047
0.8997005
0.9406114
0.9819652
1.0006587
0.8908779
0.9713811
0.9880827
1.0048076
0.9668443
1.0138194
0.9401283
0.9979253
0.9760324
0.9271305
0.9228544
0.9833496
0.9768099
0.9933336
0.9756952
0.9310557
0.9525265
0.9431771
0.8908832
0.9285373
0.9579329
0.9196147
0.9132812
0.9337423
0.9491818
0.9808904
0.9422420
0.9914123
0.9879607
0.9778320
0.9396618
0.9784980
0.9518845
0.9660200
0.8611077
1.0144047
0.8997005
0.9406114
0.9819652
1.0006587
0.8908779
0.9713811
0.9880827
1.0048076
0.9668443
1.0138194
0.9401283
0.9979253
0.9760324
0.9271305
0.9228544
0.9833496
0.9768099
0.9933336
0.9756952
0.9310557
0.9525265
0.9431771
0.8908832
0.9285373
0.9579329
0.9196147
0.9132812
0.9337423
0.9491818
0.9808904
0.9422420
0.9914123
0.9879607
0.9778320
0.9396618
0.9784980
0.9518845
0.9660200
0.8611077
1.0144047
0.8997005
0.9406114
0.9819652
1.0006587
0.8908779
0.9713811
0.9880827
1.0048076
0.9668443
1.0138194
0.9401283
0.9979253
0.9760324
0.9271305
0.9228544
0.9833496
0.9768099
0.9933336
0.9756952
0.9310557
0.9525265
0.9431771
0.8908832
0.9285373
0.9579329
0.9196147
0.9132812
0.9337423
0.9491818
0.9808904
0.9422420
0.9914123
0.9879607
0.9778320
0.9396618
0.9784980
0.9518845
0.9660200
0.8611077
1.0144047
0.8997005
0.9406114
0.9819652
1.0006587
0.8908779
0.9713811
0.9880827
1.0048076
0.9668443
1.0138194
0.9401283
0.9979253
0.9760324
0.9271305
0.9228544
0.9833496
0.9768099
0.9933336
0.9756952
0.9310557
0.9525265
0.9431771
0.8908832
0.9285373
0.9579329
0.9196147
0.9132812
0.9337423
0.9491818
0.9808904
0.9422420
0.9914123
0.9879607
0.9778320
0.9396618
0.9784980
0.9518845
0.9660200
0.8611077
1.0144047
0.8997005
0.9406114
0.9819652
1.0006587
0.8908779
0.9713811
0.9880827
1.0048076
0.9668443
1.0138194
0.9401283
0.9979253
0.9760324
0.9271305
0.9228544
0.9833496
0.9768099
0.9933336
0.9756952
0.9310557
0.9525265
0.9431771
0.8908832
0.9285373
0.9579329
0.9196147
0.9132812
0.9337423
0.9491818
0.9808904
0.9422420
0.9914123
0.9879607
0.9778320
0.9396618
0.9784980
0.9518845
0.9660200
0.8611077
1.0144047
0.8997005
0.9406114
0.9819652
1.0006587
0.8908779
0.9713811
0.9880827
1.0048076
0.9668443
1.0138194
0.9401283
0.9979253
0.9760324
0.9271305
0.9228544
0.9833496
0.9768099
0.9933336
0.9756952
0.9310557
0.9525265
0.9431771
0.8908832
0.9285373
0.9579329
0.9196147
0.9132812
0.9337423
0.9491818
0.9808904
0.9422420
0.9914123
0.9879607
0.9778320
0.9396618
0.9784980
0.9518845
0.9660200
0.8611077
1.0144047
0.8997005
0.9406114
0.9819652
1.0006587
0.8908779
0.9713811
0.9880827
1.0048076
0.9668443
1.0138194
0.9401283
0.9979253
0.9760324
0.9271305
0.9228544
0.9833496
0.9768099
0.9933336
0.9756952
0.9310557
0.9525265
0.9431771
0.8908832
0.9285373
0.9579329
0.9196147
0.9132812
0.9337423
0.9491818
0.9808904
0.9422420
0.9914123
0.9879607
0.9778320
0.9396618
0.9784980
0.9518845
0.9660200
0.8611077
1.0144047
0.8997005
0.9406114
0.9819652
1.0006587
0.8908779
0.9713811
0.9880827
1.0048076
0.9668443
1.0138194
0.9401283
0.9979253
0.9760324
0.9271305
0.9228544
0.9833496
0.9768099
0.9933336
0.9756952
0.9310557
0.9525265
0.9431771
0.8908832
0.9285373
0.9579329
0.9196147
0.9132812
0.9337423
0.9491818
0.9808904
0.9422420
0.9914123
0.9879607
0.9778320
0.9396618
0.9784980
0.9518845
0.9660200
0.8611077
1.0144047
0.8997005
0.9406114
0.9819652
1.0006587
0.8908779
0.9713811
0.9880827
1.0048076
0.9668443
1.0138194
0.9401283
0.9979253
0.9760324
0.9271305
0.9228544
0.9833496
0.9768099
0.9933336
0.9756952
0.9310557
0.9525265
0.9431771
0.8908832
0.9285373
0.9579329
0.9196147
0.9132812
0.9337423
0.9491818
0.9808904
0.9422420
0.9914123
0.9879607
0.9778320
0.9396618
0.9784980
0.9518845
0.9660200
0.8611077
1.0144047
0.8997005
0.9406114
0.9819652
1.0006587
0.8908779
0.9713811
0.9880827
1.0048076
0.9668443
1.0138194
0.9401283
0.9979253
0.9760324
0.9271305
0.9228544
0.9833496
0.9768099
0.9933336
0.9756952
0.9310557
0.9525265
0.9431771
0.8908832
0.9285373
0.9579329
0.9196147
0.9132812
0.9337423
0.9491818
0.9808904
0.9422420
0.9914123
0.9879607
0.9778320
0.9396618
0.9784980
0.9518845
0.9660200
0.8611077
1.0144047
0.8997005
0.9406114
0.9819652
1.0006587
0.8908779
0.9713811
0.9880827
1.0048076
0.9668443
1.0138194
0.9401283
0.9979253
0.9760324
0.9271305
0.9228544
0.9833496
0.9768099
0.9933336
0.9756952
0.9310557
0.9525265
0.9431771
0.8908832
0.9285373
0.9579329
0.9196147
0.9132812
0.9337423
0.9491818
0.9808904
0.9422420
0.9914123
0.9879607
0.9778320
0.9396618
0.9784980
0.9518845
0.9660200
0.8611077
1.0144047
0.8997005
0.9406114
0.9819652
1.0006587
0.8908779
0.9713811
0.9880827
1.0048076
0.9668443
1.0138194
0.9401283
0.9979253
0.9760324
0.9271305
0.9228544
0.9833496
0.9768099
0.9933336
0.9756952
0.9310557
0.9525265
0.9431771
0.8908832
0.9285373
0.9579329
0.9196147
0.9132812
0.9337423
0.9491818
0.9808904
0.9422420
0.9914123
0.9879607
0.9778320
0.9396618
0.9784980
0.9518845
0.9660200
0.8611077
1.0144047
0.8997005
0.9406114
0.9819652
1.0006587
0.8908779
0.9713811
0.9880827
1.0048076
0.9668443
1.0138194
0.9401283
0.9979253
0.9760324
0.9271305
0.9228544
0.9833496
0.9768099
0.9933336
0.9756952
0.9310557
0.9525265
0.9431771
0.8908832
0.9285373
0.9579329
0.9196147
0.9132812
0.9337423
0.9491818
0.9808904
0.9422420
0.9914123
0.9879607
0.9778320
0.9396618
0.9784980
0.9518845
0.9660200
0.8611077
1.0144047
0.8997005
0.9406114
0.9819652
1.0006587
0.8908779
0.9713811
0.9880827
1.0048076
0.9668443
1.0138194
0.9401283
0.9979253
0.9760324
0.9271305
0.9228544
0.9833496
0.9768099
0.9933336
0.9756952
0.9310557
0.9525265
0.9431771
0.8908832
0.9285373
0.9579329
0.9196147
0.9132812
0.9337423
0.9491818
0.9808904
0.9422420
0.9914123
0.9879607
0.9778320
0.9396618
0.9784980
0.9518845
0.9660200
0.8611077
1.0144047
0.8997005
0.9406114
0.9819652
1.0006587
0.8908779
0.9713811
0.9880827
1.0048076
0.9668443
1.0138194
0.9401283
0.9979253
0.9760324
0.9271305
0.9228544
0.9833496
0.9768099
0.9933336
0.9756952
0.9310557
0.9525265
0.9431771
0.8908832
0.9285373
0.9579329
0.9196147
0.9132812
0.9337423
0.9491818
0.9808904
0.9422420
0.9914123
0.9879607
0.9778320
0.9396618
0.9784980
0.9518845
0.9660200
0.8611077
1.0144047
0.8997005
0.9406114
0.9819652
1.0006587
0.8908779
0.9713811
0.9880827
1.0048076
0.9668443
1.0138194
0.9401283
0.9979253
0.9760324
0.9271305
0.9228544
0.9833496
0.9768099
0.9933336
0.9756952
0.9310557
0.9525265
0.9431771
0.8908832
0.9285373
0.9579329
0.9196147
0.9132812
0.9337423
0.9491818
0.9808904
0.9422420
0.9914123
0.9879607
0.9778320
0.9396618
0.9784980
0.9518845
0.9660200
0.8611077
1.0144047
0.8997005
0.9406114
0.9819652
1.0006587
0.8908779
0.9713811
0.9880827
1.0048076
0.9668443
1.0138194
0.9401283
0.9979253
0.9760324
0.9271305
0.9228544
0.9833496
0.9768099
0.9933336
0.9756952
0.9310557
0.9525265
0.9431771
0.8908832
0.9285373
0.9579329
0.9196147
0.9132812
0.9337423
0.9491818
0.9808904
0.9422420
0.9914123
0.9879607
0.9778320
0.9396618
0.9784980
0.9518845
0.9660200
0.8611077
1.0144047
0.8997005
0.9406114
0.9819652
1.0006587
0.8908779
0.9713811
0.9880827
1.0048076
0.9668443
1.0138194
0.9401283
0.9979253
0.9760324
0.9271305
0.9228544
0.9833496
0.9768099
0.9933336
0.9756952
0.9310557
0.9525265
0.9431771
0.8908832
0.9285373
0.9579329
0.9196147
0.9132812
0.9337423
0.9491818
0.9808904
0.9422420
0.9914123
0.9879607
0.9778320
0.9396618
0.9784980
0.9518845
0.9660200
0.8611077
1.0144047
0.8997005
0.9406114
0.9819652
1.0006587
0.8908779
0.9713811
0.9880827
1.0048076
0.9668443
1.0138194
0.9401283
0.9979253
0.9760324
0.9271305
0.9228544
0.9833496
0.9768099
0.9933336
0.9756952
0.9310557
0.9525265
0.9431771
0.8908832
0.9285373
0.9579329
0.9196147
0.9132812
0.9337423
0.9491818
0.9808904
0.9422420
0.9914123
0.9879607
0.9778320
0.9396618
0.9784980
0.9518845
0.9660200
0.8611077
1.0144047
0.8997005
0.9406114
0.9819652
1.0006587
0.8908779
0.9713811
0.9880827
1.0048076
0.9668443
1.0138194
0.9401283
0.9979253
0.9760324
0.9271305
0.9228544
0.9833496
0.9768099
0.9933336
0.9756952
0.9310557
0.9525265
0.9431771
0.8908832
0.9285373
0.9579329
0.9196147
0.9132812
0.9337423
0.9491818
0.9808904
0.9422420
0.9914123
0.9879607
0.9778320
0.9396618
0.9784980
0.9518845
0.9660200
0.8611077
1.0144047
0.8997005
0.9406114
0.9819652
1.0006587
0.8908779
0.9713811
0.9880827
1.0048076
0.9668443
1.0138194
0.9401283
0.9979253
0.9760324
0.9271305
0.9228544
0.9833496
0.9768099
0.9933336
0.9756952
0.9310557
0.9525265
0.9431771
0.8908832
0.9285373
0.9579329
0.9196147
0.9132812
0.9337423
0.9491818
0.9808904
0.9422420
0.9914123
0.9879607
0.9778320
0.9396618
0.9784980
0.9518845
0.9660200
0.8611077
1.0144047
0.8997005
0.9406114
0.9819652
1.0006587
0.8908779
0.9713811
0.9880827
1.0048076
0.9668443
1.0138194
0.9401283
0.9979253
0.9760324
0.9271305
0.9228544
0.9833496
0.9768099
0.9933336
0.9756952
0.9310557
0.9525265
0.9431771
0.8908832
0.9285373
0.9579329
0.9196147
0.9132812
0.9337423
0.9491818
0.9808904
0.9422420
0.9914123
0.9879607
0.9778320
0.9396618
0.9784980
0.9518845
0.9660200
0.8611077
1.0144047
0.8997005
0.9406114
0.9819652
1.0006587
0.8908779
0.9713811
0.9880827
1.0048076
0.9668443
1.0138194
0.9401283
0.9979253
0.9760324
0.9271305
0.9228544
0.9833496
0.9768099
0.9933336
0.9756952
0.9310557
0.9525265
0.9431771
0.8908832
0.9285373
0.9579329
0.9196147
0.9132812
0.9337423
0.9491818
0.9808904
0.9422420
0.9914123
0.9879607
0.9778320
0.9396618
0.9784980
0.9518845
0.9660200
0.8611077
1.0144047
0.8997005
0.9406114
0.9819652
1.0006587
0.8908779
0.9713811
0.9880827
1.0048076
0.9668443
1.0138194
0.9401283
0.9979253
0.9760324
0.9271305
0.9228544
0.9833496
0.9768099
0.9933336
0.9756952
0.9310557
0.9525265
0.9431771
0.8908832
0.9285373
0.9579329
0.9196147
0.9132812
0.9337423
0.9491818
0.9808904
0.9422420
0.9914123
0.9879607
0.9778320
0.9396618
0.9784980
0.9518845
0.9660200
0.8611077
1.0144047
0.8997005
0.9406114
0.9819652
1.0006587
0.8908779
0.9713811
0.9880827
1.0048076
0.9668443
1.0138194
0.9401283
0.9979253
0.9760324
0.9271305
0.9228544
0.9833496
0.9768099
0.9933336
0.9756952
0.9310557
0.9525265
0.9431771
0.8908832
0.9285373
0.9579329
0.9196147
0.9132812
0.9337423
0.9491818
0.9808904
0.9422420
0.9914123
0.9879607
0.9778320
0.9396618
0.9784980
0.9518845
0.9660200
0.8611077
1.0144047
0.8997005
0.9406114
0.9819652
1.0006587
0.8908779
0.9713811
0.9880827
1.0048076
0.9668443
1.0138194
0.9401283
0.9979253
0.9760324
0.9271305
0.9228544
0.9833496
0.9768099
0.9933336
0.9756952
0.9310557
0.9525265
0.9431771
0.8908832
0.9285373
0.9579329
0.9196147
0.9132812
0.9337423
0.9491818
0.9808904
0.9422420
0.9914123
0.9879607
0.9778320
0.9396618
0.9784980
0.9518845
0.9660200
0.8611077
1.0144047
0.8997005
0.9406114
0.9819652
1.0006587
0.8908779
0.9713811
0.9880827
1.0048076
0.9668443
1.0138194
0.9401283
0.9979253
0.9760324
0.9271305
0.9228544
0.9833496
0.9768099
0.9933336
0.9756952
0.9310557
0.9525265
0.9431771
0.8908832
0.9285373
0.9579329
0.9196147
0.9132812
0.9337423
0.9491818
0.9808904
0.9422420
0.9914123
0.9879607
0.9778320
0.9396618
0.9784980
0.9518845
0.9660200
0.8611077
1.0144047
0.8997005
0.9406114
0.9819652
1.0006587
0.8908779
0.9713811
0.9880827
1.0048076
0.9668443
1.0138194
0.9401283
0.9979253
0.9760324
0.9271305
0.9228544
0.9833496
0.9768099
0.9933336
0.9756952
0.9310557
0.9525265
0.9431771
0.8908832
0.9285373
0.9579329
0.9196147
0.9132812
0.9337423
0.9491818
0.9808904
0.9422420
0.9914123
0.9879607
0.9778320
0.9396618
0.9784980
0.9518845
0.9660200
0.8611077
1.0144047
0.8997005
0.9406114
0.9819652
1.0006587
0.8908779
0.9713811
0.9880827
1.0048076
0.9668443
1.0138194
0.9401283
0.9979253
0.9760324
0.9271305
0.9228544
0.9833496
0.9768099
0.9933336
0.9756952
0.9310557
0.9525265
0.9431771
0.8908832
0.9285373
0.9579329
0.9196147
0.9132812
0.9337423
0.9491818
0.9808904
0.9422420
0.9914123
0.9879607
0.9778320
0.9396618
0.9784980
0.9518845
0.9660200
0.8611077
1.0144047
0.8997005
0.9406114
0.9819652
1.0006587
0.8908779
0.9713811
0.9880827
1.0048076
0.9668443
1.0138194
0.9401283
0.9979253
0.9760324
0.9271305
0.9228544
0.9833496
0.9768099
0.9933336
0.9756952
0.9310557
0.9525265
0.9431771
0.8908832
0.9285373
0.9579329
0.9196147
0.9132812
0.9337423
0.9491818
0.9808904
0.9422420
0.9914123
0.9879607
0.9778320
0.9396618
0.9784980
0.9518845
0.9660200
0.8611077
1.0144047
0.8997005
0.9406114
0.9819652
1.0006587
0.8908779
0.9713811
0.9880827
1.0048076
0.9668443
1.0138194
0.9401283
0.9979253
0.9760324
0.9271305
0.9228544
0.9833496
0.9768099
0.9933336
0.9756952
0.9310557
0.9525265
0.9431771
0.8908832
0.9285373
0.9579329
0.9196147
0.9132812
0.9337423
0.9491818
0.9808904
0.9422420
0.9914123
0.9879607
0.9778320
0.9396618
0.9784980
0.9518845
0.9660200
0.8611077
1.0144047
0.8997005
0.9406114
0.9819652
1.0006587
0.8908779
0.9713811
0.9880827
1.0048076
0.9668443
1.0138194
0.9401283
0.9979253
0.9760324
0.9271305
0.9228544
0.9833496
0.9768099
0.9933336
0.9756952
0.9310557
0.9525265
0.9431771
0.8908832
0.9285373
0.9579329
0.9196147
0.9132812
0.9337423
0.9491818
0.9808904
0.9422420
0.9914123
0.9879607
0.9778320
0.9396618
0.9784980
0.9518845
0.9660200
0.8611077
1.0144047
0.8997005
0.9406114
0.9819652
1.0006587
0.8908779
0.9713811
0.9880827
1.0048076
0.9668443
1.0138194
0.9401283
0.9979253
0.9760324
0.9271305
0.9228544
0.9833496
0.9768099
0.9933336
0.9756952
0.9310557
0.9525265
0.9431771
0.8908832
0.9285373
0.9579329
0.9196147
0.9132812
0.9337423
0.9491818
0.9808904
0.9422420
0.9914123
0.9879607
0.9778320
0.9396618
0.9784980
0.9518845
0.9660200
0.8611077
1.0144047
0.8997005
0.9406114
0.9819652
1.0006587
0.8908779
0.9713811
0.9880827
1.0048076
0.9668443
1.0138194
0.9401283
0.9979253
0.9760324
0.9271305
0.9228544
0.9833496
0.9768099
0.9933336
0.9756952
0.9310557
0.9525265
0.9431771
0.8908832
0.9285373
0.9579329
0.9196147
0.9132812
0.9337423
0.9491818
0.9808904
0.9422420
0.9914123
0.9879607
0.9778320
0.9396618
0.9784980
0.9518845
0.9660200
0.8611077
1.0144047
0.8997005
0.9406114
0.9819652
1.0006587
0.8908779
0.9713811
0.9880827
1.0048076
0.9668443
1.0138194
0.9401283
0.9979253
0.9760324
0.9271305
0.9228544
0.9833496
0.9768099
0.9933336
0.9756952
0.9310557
0.9525265
0.9431771
0.8908832
0.9285373
0.9579329
0.9196147
0.9132812
0.9337423
0.9491818
0.9808904
0.9422420
0.9914123
0.9879607
0.9778320
0.9396618
0.9784980
0.9518845
0.9660200
0.8611077
1.0144047
0.8997005
0.9406114
0.9819652
1.0006587
0.8908779
0.9713811
0.9880827
1.0048076
0.9668443
1.0138194
0.9401283
0.9979253
0.9760324
0.9271305
0.9228544
0.9833496
0.9768099
0.9933336
0.9756952
0.9310557
0.9525265
0.9431771
0.8908832
0.9285373
0.9579329
0.9196147
0.9132812
0.9337423
0.9491818
0.9808904
0.9422420
0.9914123
0.9879607
0.9778320
0.9396618
0.9784980
0.9518845
0.9660200
0.8611077
1.0144047
0.8997005
0.9406114
0.9819652
1.0006587
0.8908779
0.9713811
0.9880827
1.0048076
0.9668443
1.0138194
0.9401283
0.9979253
0.9760324
0.9271305
0.9228544
0.9833496
0.9768099
0.9933336
0.9756952
0.9310557
0.9525265
0.9431771
0.8908832
0.9285373
0.9579329
0.9196147
0.9132812
0.9337423
0.9491818
0.9808904
0.9422420
0.9914123
0.9879607
0.9778320
0.9396618
0.9784980
0.9518845
0.9660200
0.8611077
1.0144047
0.8997005
0.9406114
0.9819652
1.0006587
0.8908779
0.9713811
0.9880827
1.0048076
0.9668443
1.0138194
0.9401283
0.9979253
0.9760324
0.9271305
0.9228544
0.9833496
0.9768099
0.9933336
0.9756952
0.9310557
0.9525265
0.9431771
0.8908832
0.9285373
0.9579329
0.9196147
0.9132812
0.9337423
0.9491818
0.9808904
0.9422420
0.9914123
0.9879607
0.9778320
0.9396618
0.9784980
0.9518845
0.9660200
0.8611077
1.0144047
0.8997005
0.9406114
0.9819652
1.0006587
0.8908779
0.9713811
0.9880827
1.0048076
0.9668443
1.0138194
0.9401283
0.9979253
0.9760324
0.9271305
0.9228544
0.9833496
0.9768099
0.9933336
0.9756952
0.9310557
0.9525265
0.9431771
0.8908832
0.9285373
0.9579329
0.9196147
0.9132812
0.9337423
0.9491818
0.9808904
0.9422420
0.9914123
0.9879607
0.9778320
0.9396618
0.9784980
0.9518845
0.9660200
0.8611077
1.0144047
0.8997005
0.9406114
0.9819652
1.0006587
0.8908779
0.9713811
0.9880827
1.0048076
0.9668443
1.0138194
0.9401283
0.9979253
0.9760324
0.9271305
0.9228544
0.9833496
0.9768099
0.9933336
0.9756952
0.9310557
0.9525265
0.9431771
0.8908832
0.9285373
0.9579329
0.9196147
0.9132812
0.9337423
0.9491818
0.9808904
0.9422420
0.9914123
0.9879607
0.9778320
0.9396618
0.9784980
0.9518845
0.9660200
0.8611077
1.0144047
0.8997005
0.9406114
0.9819652
1.0006587
0.8908779
0.9713811
0.9880827
1.0048076
0.9668443
1.0138194
0.9401283
0.9979253
0.9760324
0.9271305
0.9228544
0.9833496
0.9768099
0.9933336
0.9756952
0.9310557
0.9525265
0.9431771
0.8908832
0.9285373
0.9579329
0.9196147
0.9132812
0.9337423
0.9491818
0.9808904
0.9422420
0.9914123
0.9879607
0.9778320
0.9396618
0.9784980
0.9518845
0.9660200
0.8611077
1.0144047
0.8997005
0.9406114
0.9819652
1.0006587
0.8908779
0.9713811
0.9880827
1.0048076
0.9668443
1.0138194
0.9401283
0.9979253
0.9760324
0.9271305
0.9228544
0.9833496
0.9768099
0.9933336
0.9756952
0.9310557
0.9525265
0.9431771
0.8908832
0.9285373
0.9579329
0.9196147
0.9132812
0.9337423
0.9491818
0.9808904
0.9422420
0.9914123
0.9879607
0.9778320
0.9396618
0.9784980
0.9518845
0.9660200
0.8611077
1.0144047
0.8997005
0.9406114
0.9819652
1.0006587
0.8908779
0.9713811
0.9880827
1.0048076
0.9668443
1.0138194
0.9401283
0.9979253
0.9760324
0.9271305
0.9228544
0.9833496
0.9768099
0.9933336
0.9756952
0.9310557
0.9525265
0.9431771
0.8908832
0.9285373
0.9579329
0.9196147
0.9132812
0.9337423
0.9491818
0.9808904
0.9422420
0.9914123
0.9879607
0.9778320
0.9396618
0.9784980
0.9518845
0.9660200
0.8611077
1.0144047
0.8997005
0.9406114
0.9819652
1.0006587
0.8908779
0.9713811
0.9880827
1.0048076
0.9668443
1.0138194
0.9401283
0.9979253
0.9760324
0.9271305
0.9228544
0.9833496
0.9768099
0.9933336
0.9756952
0.9310557
0.9525265
0.9431771
0.8908832
0.9285373
0.9579329
0.9196147
0.9132812
0.9337423
0.9491818
0.9808904
0.9422420
0.9914123
0.9879607
0.9778320
0.9396618
0.9784980
0.9518845
0.9660200
0.8611077
1.0144047
0.8997005
0.9406114
0.9819652
1.0006587
0.8908779
0.9713811
0.9880827
1.0048076
0.9668443
1.0138194
0.9401283
0.9979253
0.9760324
0.9271305
0.9228544
0.9833496
0.9768099
0.9933336
0.9756952
0.9310557
0.9525265
0.9431771
0.8908832
0.9285373
0.9579329
0.9196147
0.9132812
0.9337423
0.9491818
0.9808904
0.9422420
0.9914123
0.9879607
0.9778320
0.9396618
0.9784980
0.9518845
0.9660200
0.8611077
1.0144047
0.8997005
0.9406114
0.9819652
1.0006587
0.8908779
0.9713811
0.9880827
1.0048076
0.9668443
1.0138194
0.9401283
0.9979253
0.9760324
0.9271305
0.9228544
0.9833496
0.9768099
0.9933336
0.9756952
0.9310557
0.9525265
0.9431771
0.8908832
0.9285373
0.9579329
0.9196147
0.9132812
0.9337423
0.9491818
0.9808904
0.9422420
0.9914123
0.9879607
0.9778320
0.9396618
0.9784980
0.9518845
0.9660200
0.8611077
1.0144047
0.8997005
0.9406114
0.9819652
1.0006587
0.8908779
0.9713811
0.9880827
1.0048076
0.9668443
1.0138194
0.9401283
0.9979253
0.9760324
0.9271305
0.9228544
0.9833496
0.9768099
0.9933336
0.9756952
0.9310557
0.9525265
0.9431771
0.8908832
0.9285373
0.9579329
0.9196147
0.9132812
0.9337423
0.9491818
0.9808904
0.9422420
0.9914123
0.9879607
0.9778320
0.9396618
0.9784980
0.9518845
0.9660200
0.8611077
1.0144047
0.8997005
0.9406114
0.9819652
1.0006587
0.8908779
0.9713811
0.9880827
1.0048076
0.9668443
1.0138194
0.9401283
0.9979253
0.9760324
0.9271305
0.9228544
0.9833496
0.9768099
0.9933336
0.9756952
0.9310557
0.9525265
0.9431771
0.8908832
0.9285373
0.9579329
0.9196147
0.9132812
0.9337423
0.9491818
0.9808904
0.9422420
0.9914123
0.9879607
0.9778320
0.9396618
0.9784980
0.9518845
0.9660200
0.8611077
1.0144047
0.8997005
0.9406114
0.9819652
1.0006587
0.8908779
0.9713811
0.9880827
1.0048076
0.9668443
1.0138194
0.9401283
0.9979253
0.9760324
0.9271305
0.9228544
0.9833496
0.9768099
0.9933336
0.9756952
0.9310557
0.9525265
0.9431771
0.8908832
0.9285373
