0.9750535
1.0422111
1.0050294
0.9950029
1.0466362
0.9925969
0.9367142
1.0070009
0.9876310
0.9717650
1.0035910
1.0127886
0.9537188
1.0273476
1.0962138
1.0352015
0.9742209
1.0455090
0.9477329
1.0092480
0.9939859
0.9717979
0.9922491
1.0859082
0.9276657
1.0230707
0.9961040
0.9653759
1.0448969
0.9495072
0.9994043
0.9497837
0.9375451
0.9789053
0.8773530
1.0012054
0.9734763
1.0795531
1.0641708
1.0052828
0.9750535
1.0422111
1.0050294
0.9950029
1.0466362
0.9925969
0.9367142
1.0070009
0.9876310
0.9717650
1.0035910
1.0127886
0.9537188
1.0273476
1.0962138
1.0352015
0.9742209
1.0455090
0.9477329
1.0092480
0.9939859
0.9717979
0.9922491
1.0859082
0.9276657
1.0230707
0.9961040
0.9653759
1.0448969
0.9495072
0.9994043
0.9497837
0.9375451
0.9789053
0.8773530
1.0012054
0.9734763
1.0795531
1.0641708
1.0052828
0.9750535
1.0422111
1.0050294
0.9950029
1.0466362
0.9925969
0.9367142
1.0070009
0.9876310
0.9717650
1.0035910
1.0127886
0.9537188
1.0273476
1.0962138
1.0352015
0.9742209
1.0455090
0.9477329
1.0092480
0.9939859
0.9717979
0.9922491
1.0859082
0.9276657
1.0230707
0.9961040
0.9653759
1.0448969
0.9495072
0.9994043
0.9497837
0.9375451
0.9789053
0.8773530
1.0012054
0.9734763
1.0795531
1.0641708
1.0052828
0.9750535
1.0422111
1.0050294
0.9950029
1.0466362
0.9925969
0.9367142
1.0070009
0.9876310
0.9717650
1.0035910
1.0127886
0.9537188
1.0273476
1.0962138
1.0352015
0.9742209
1.0455090
0.9477329
1.0092480
0.9939859
0.9717979
0.9922491
1.0859082
0.9276657
1.0230707
0.9961040
0.9653759
1.0448969
0.9495072
0.9994043
0.9497837
0.9375451
0.9789053
0.8773530
1.0012054
0.9734763
1.0795531
1.0641708
1.0052828
0.9750535
1.0422111
1.0050294
0.9950029
1.0466362
0.9925969
0.9367142
1.0070009
0.9876310
0.9717650
1.0035910
1.0127886
0.9537188
1.0273476
1.0962138
1.0352015
0.9742209
1.0455090
0.9477329
1.0092480
0.9939859
0.9717979
0.9922491
1.0859082
0.9276657
1.0230707
0.9961040
0.9653759
1.0448969
0.9495072
0.9994043
0.9497837
0.9375451
0.9789053
0.8773530
1.0012054
0.9734763
1.0795531
1.0641708
1.0052828
0.9750535
1.0422111
1.0050294
0.9950029
1.0466362
0.9925969
0.9367142
1.0070009
0.9876310
0.9717650
1.0035910
1.0127886
0.9537188
1.0273476
1.0962138
1.0352015
0.9742209
1.0455090
0.9477329
1.0092480
0.9939859
0.9717979
0.9922491
1.0859082
0.9276657
1.0230707
0.9961040
0.9653759
1.0448969
0.9495072
0.9994043
0.9497837
0.9375451
0.9789053
0.8773530
1.0012054
0.9734763
1.0795531
1.0641708
1.0052828
0.9750535
1.0422111
1.0050294
0.9950029
1.0466362
0.9925969
0.9367142
1.0070009
0.9876310
0.9717650
1.0035910
1.0127886
0.9537188
1.0273476
1.0962138
1.0352015
0.9742209
1.0455090
0.9477329
1.0092480
0.9939859
0.9717979
0.9922491
1.0859082
0.9276657
1.0230707
0.9961040
0.9653759
1.0448969
0.9495072
0.9994043
0.9497837
0.9375451
0.9789053
0.8773530
1.0012054
0.9734763
1.0795531
1.0641708
1.0052828
0.9750535
1.0422111
1.0050294
0.9950029
1.0466362
0.9925969
0.9367142
1.0070009
0.9876310
0.9717650
1.0035910
1.0127886
0.9537188
1.0273476
1.0962138
1.0352015
0.9742209
1.0455090
0.9477329
1.0092480
0.9939859
0.9717979
0.9922491
1.0859082
0.9276657
1.0230707
0.9961040
0.9653759
1.0448969
0.9495072
0.9994043
0.9497837
0.9375451
0.9789053
0.8773530
1.0012054
0.9734763
1.0795531
1.0641708
1.0052828
0.9750535
1.0422111
1.0050294
0.9950029
1.0466362
0.9925969
0.9367142
1.0070009
0.9876310
0.9717650
1.0035910
1.0127886
0.9537188
1.0273476
1.0962138
1.0352015
0.9742209
1.0455090
0.9477329
1.0092480
0.9939859
0.9717979
0.9922491
1.0859082
0.9276657
1.0230707
0.9961040
0.9653759
1.0448969
0.9495072
0.9994043
0.9497837
0.9375451
0.9789053
0.8773530
1.0012054
0.9734763
1.0795531
1.0641708
1.0052828
0.9750535
1.0422111
1.0050294
0.9950029
1.0466362
0.9925969
0.9367142
1.0070009
0.9876310
0.9717650
1.0035910
1.0127886
0.9537188
1.0273476
1.0962138
1.0352015
0.9742209
1.0455090
0.9477329
1.0092480
0.9939859
0.9717979
0.9922491
1.0859082
0.9276657
1.0230707
0.9961040
0.9653759
1.0448969
0.9495072
0.9994043
0.9497837
0.9375451
0.9789053
0.8773530
1.0012054
0.9734763
1.0795531
1.0641708
1.0052828
0.9750535
1.0422111
1.0050294
0.9950029
1.0466362
0.9925969
0.9367142
1.0070009
0.9876310
0.9717650
1.0035910
1.0127886
0.9537188
1.0273476
1.0962138
1.0352015
0.9742209
1.0455090
0.9477329
1.0092480
0.9939859
0.9717979
0.9922491
1.0859082
0.9276657
1.0230707
0.9961040
0.9653759
1.0448969
0.9495072
0.9994043
0.9497837
0.9375451
0.9789053
0.8773530
1.0012054
0.9734763
1.0795531
1.0641708
1.0052828
0.9750535
1.0422111
1.0050294
0.9950029
1.0466362
0.9925969
0.9367142
1.0070009
0.9876310
0.9717650
1.0035910
1.0127886
0.9537188
1.0273476
1.0962138
1.0352015
0.9742209
1.0455090
0.9477329
1.0092480
0.9939859
0.9717979
0.9922491
1.0859082
0.9276657
1.0230707
0.9961040
0.9653759
1.0448969
0.9495072
0.9994043
0.9497837
0.9375451
0.9789053
0.8773530
1.0012054
0.9734763
1.0795531
1.0641708
1.0052828
0.9750535
1.0422111
1.0050294
0.9950029
1.0466362
0.9925969
0.9367142
1.0070009
0.9876310
0.9717650
1.0035910
1.0127886
0.9537188
1.0273476
1.0962138
1.0352015
0.9742209
1.0455090
0.9477329
1.0092480
0.9939859
0.9717979
0.9922491
1.0859082
0.9276657
1.0230707
0.9961040
0.9653759
1.0448969
0.9495072
0.9994043
0.9497837
0.9375451
0.9789053
0.8773530
1.0012054
0.9734763
1.0795531
1.0641708
1.0052828
0.9750535
1.0422111
1.0050294
0.9950029
1.0466362
0.9925969
0.9367142
1.0070009
0.9876310
0.9717650
1.0035910
1.0127886
0.9537188
1.0273476
1.0962138
1.0352015
0.9742209
1.0455090
0.9477329
1.0092480
0.9939859
0.9717979
0.9922491
1.0859082
0.9276657
1.0230707
0.9961040
0.9653759
1.0448969
0.9495072
0.9994043
0.9497837
0.9375451
0.9789053
0.8773530
1.0012054
0.9734763
1.0795531
1.0641708
1.0052828
0.9750535
1.0422111
1.0050294
0.9950029
1.0466362
0.9925969
0.9367142
1.0070009
0.9876310
0.9717650
1.0035910
1.0127886
0.9537188
1.0273476
1.0962138
1.0352015
0.9742209
1.0455090
0.9477329
1.0092480
0.9939859
0.9717979
0.9922491
1.0859082
0.9276657
1.0230707
0.9961040
0.9653759
1.0448969
0.9495072
0.9994043
0.9497837
0.9375451
0.9789053
0.8773530
1.0012054
0.9734763
1.0795531
1.0641708
1.0052828
0.9750535
1.0422111
1.0050294
0.9950029
1.0466362
0.9925969
0.9367142
1.0070009
0.9876310
0.9717650
1.0035910
1.0127886
0.9537188
1.0273476
1.0962138
1.0352015
0.9742209
1.0455090
0.9477329
1.0092480
0.9939859
0.9717979
0.9922491
1.0859082
0.9276657
1.0230707
0.9961040
0.9653759
1.0448969
0.9495072
0.9994043
0.9497837
0.9375451
0.9789053
0.8773530
1.0012054
0.9734763
1.0795531
1.0641708
1.0052828
0.9750535
1.0422111
1.0050294
0.9950029
1.0466362
0.9925969
0.9367142
1.0070009
0.9876310
0.9717650
1.0035910
1.0127886
0.9537188
1.0273476
1.0962138
1.0352015
0.9742209
1.0455090
0.9477329
1.0092480
0.9939859
0.9717979
0.9922491
1.0859082
0.9276657
1.0230707
0.9961040
0.9653759
1.0448969
0.9495072
0.9994043
0.9497837
0.9375451
0.9789053
0.8773530
1.0012054
0.9734763
1.0795531
1.0641708
1.0052828
0.9750535
1.0422111
1.0050294
0.9950029
1.0466362
0.9925969
0.9367142
1.0070009
0.9876310
0.9717650
1.0035910
1.0127886
0.9537188
1.0273476
1.0962138
1.0352015
0.9742209
1.0455090
0.9477329
1.0092480
0.9939859
0.9717979
0.9922491
1.0859082
0.9276657
1.0230707
0.9961040
0.9653759
1.0448969
0.9495072
0.9994043
0.9497837
0.9375451
0.9789053
0.8773530
1.0012054
0.9734763
1.0795531
1.0641708
1.0052828
0.9750535
1.0422111
1.0050294
0.9950029
1.0466362
0.9925969
0.9367142
1.0070009
0.9876310
0.9717650
1.0035910
1.0127886
0.9537188
1.0273476
1.0962138
1.0352015
0.9742209
1.0455090
0.9477329
1.0092480
0.9939859
0.9717979
0.9922491
1.0859082
0.9276657
1.0230707
0.9961040
0.9653759
1.0448969
0.9495072
0.9994043
0.9497837
0.9375451
0.9789053
0.8773530
1.0012054
0.9734763
1.0795531
1.0641708
1.0052828
0.9750535
1.0422111
1.0050294
0.9950029
1.0466362
0.9925969
0.9367142
1.0070009
0.9876310
0.9717650
1.0035910
1.0127886
0.9537188
1.0273476
1.0962138
1.0352015
0.9742209
1.0455090
0.9477329
1.0092480
0.9939859
0.9717979
0.9922491
1.0859082
0.9276657
1.0230707
0.9961040
0.9653759
1.0448969
0.9495072
0.9994043
0.9497837
0.9375451
0.9789053
0.8773530
1.0012054
0.9734763
1.0795531
1.0641708
1.0052828
0.9750535
1.0422111
1.0050294
0.9950029
1.0466362
0.9925969
0.9367142
1.0070009
0.9876310
0.9717650
1.0035910
1.0127886
0.9537188
1.0273476
1.0962138
1.0352015
0.9742209
1.0455090
0.9477329
1.0092480
0.9939859
0.9717979
0.9922491
1.0859082
0.9276657
1.0230707
0.9961040
0.9653759
1.0448969
0.9495072
0.9994043
0.9497837
0.9375451
0.9789053
0.8773530
1.0012054
0.9734763
1.0795531
1.0641708
1.0052828
0.9750535
1.0422111
1.0050294
0.9950029
1.0466362
0.9925969
0.9367142
1.0070009
0.9876310
0.9717650
1.0035910
1.0127886
0.9537188
1.0273476
1.0962138
1.0352015
0.9742209
1.0455090
0.9477329
1.0092480
0.9939859
0.9717979
0.9922491
1.0859082
0.9276657
1.0230707
0.9961040
0.9653759
1.0448969
0.9495072
0.9994043
0.9497837
0.9375451
0.9789053
0.8773530
1.0012054
0.9734763
1.0795531
1.0641708
1.0052828
0.9750535
1.0422111
1.0050294
0.9950029
1.0466362
0.9925969
0.9367142
1.0070009
0.9876310
0.9717650
1.0035910
1.0127886
0.9537188
1.0273476
1.0962138
1.0352015
0.9742209
1.0455090
0.9477329
1.0092480
0.9939859
0.9717979
0.9922491
1.0859082
0.9276657
1.0230707
0.9961040
0.9653759
1.0448969
0.9495072
0.9994043
0.9497837
0.9375451
0.9789053
0.8773530
1.0012054
0.9734763
1.0795531
1.0641708
1.0052828
0.9750535
1.0422111
1.0050294
0.9950029
1.0466362
0.9925969
0.9367142
1.0070009
0.9876310
0.9717650
1.0035910
1.0127886
0.9537188
1.0273476
1.0962138
1.0352015
0.9742209
1.0455090
0.9477329
1.0092480
0.9939859
0.9717979
0.9922491
1.0859082
0.9276657
1.0230707
0.9961040
0.9653759
1.0448969
0.9495072
0.9994043
0.9497837
0.9375451
0.9789053
0.8773530
1.0012054
0.9734763
1.0795531
1.0641708
1.0052828
0.9750535
1.0422111
1.0050294
0.9950029
1.0466362
0.9925969
0.9367142
1.0070009
0.9876310
0.9717650
1.0035910
1.0127886
0.9537188
1.0273476
1.0962138
1.0352015
0.9742209
1.0455090
0.9477329
1.0092480
0.9939859
0.9717979
0.9922491
1.0859082
0.9276657
1.0230707
0.9961040
0.9653759
1.0448969
0.9495072
0.9994043
0.9497837
0.9375451
0.9789053
0.8773530
1.0012054
0.9734763
1.0795531
1.0641708
1.0052828
0.9750535
1.0422111
1.0050294
0.9950029
1.0466362
0.9925969
0.9367142
1.0070009
0.9876310
0.9717650
1.0035910
1.0127886
0.9537188
1.0273476
1.0962138
1.0352015
0.9742209
1.0455090
0.9477329
1.0092480
0.9939859
0.9717979
0.9922491
1.0859082
0.9276657
1.0230707
0.9961040
0.9653759
1.0448969
0.9495072
0.9994043
0.9497837
0.9375451
0.9789053
0.8773530
1.0012054
0.9734763
1.0795531
1.0641708
1.0052828
0.9750535
1.0422111
1.0050294
0.9950029
1.0466362
0.9925969
0.9367142
1.0070009
0.9876310
0.9717650
1.0035910
1.0127886
0.9537188
1.0273476
1.0962138
1.0352015
0.9742209
1.0455090
0.9477329
1.0092480
0.9939859
0.9717979
0.9922491
1.0859082
0.9276657
1.0230707
0.9961040
0.9653759
1.0448969
0.9495072
0.9994043
0.9497837
0.9375451
0.9789053
0.8773530
1.0012054
0.9734763
1.0795531
1.0641708
1.0052828
0.9750535
1.0422111
1.0050294
0.9950029
1.0466362
0.9925969
0.9367142
1.0070009
0.9876310
0.9717650
1.0035910
1.0127886
0.9537188
1.0273476
1.0962138
1.0352015
0.9742209
1.0455090
0.9477329
1.0092480
0.9939859
0.9717979
0.9922491
1.0859082
0.9276657
1.0230707
0.9961040
0.9653759
1.0448969
0.9495072
0.9994043
0.9497837
0.9375451
0.9789053
0.8773530
1.0012054
0.9734763
1.0795531
1.0641708
1.0052828
0.9750535
1.0422111
1.0050294
0.9950029
1.0466362
0.9925969
0.9367142
1.0070009
0.9876310
0.9717650
1.0035910
1.0127886
0.9537188
1.0273476
1.0962138
1.0352015
0.9742209
1.0455090
0.9477329
1.0092480
0.9939859
0.9717979
0.9922491
1.0859082
0.9276657
1.0230707
0.9961040
0.9653759
1.0448969
0.9495072
0.9994043
0.9497837
0.9375451
0.9789053
0.8773530
1.0012054
0.9734763
1.0795531
1.0641708
1.0052828
0.9750535
1.0422111
1.0050294
0.9950029
1.0466362
0.9925969
0.9367142
1.0070009
0.9876310
0.9717650
1.0035910
1.0127886
0.9537188
1.0273476
1.0962138
1.0352015
0.9742209
1.0455090
0.9477329
1.0092480
0.9939859
0.9717979
0.9922491
1.0859082
0.9276657
1.0230707
0.9961040
0.9653759
1.0448969
0.9495072
0.9994043
0.9497837
0.9375451
0.9789053
0.8773530
1.0012054
0.9734763
1.0795531
1.0641708
1.0052828
0.9750535
1.0422111
1.0050294
0.9950029
1.0466362
0.9925969
0.9367142
1.0070009
0.9876310
0.9717650
1.0035910
1.0127886
0.9537188
1.0273476
1.0962138
1.0352015
0.9742209
1.0455090
0.9477329
1.0092480
0.9939859
0.9717979
0.9922491
1.0859082
0.9276657
1.0230707
0.9961040
0.9653759
1.0448969
0.9495072
0.9994043
0.9497837
0.9375451
0.9789053
0.8773530
1.0012054
0.9734763
1.0795531
1.0641708
1.0052828
0.9750535
1.0422111
1.0050294
0.9950029
1.0466362
0.9925969
0.9367142
1.0070009
0.9876310
0.9717650
1.0035910
1.0127886
0.9537188
1.0273476
1.0962138
1.0352015
0.9742209
1.0455090
0.9477329
1.0092480
0.9939859
0.9717979
0.9922491
1.0859082
0.9276657
1.0230707
0.9961040
0.9653759
1.0448969
0.9495072
0.9994043
0.9497837
0.9375451
0.9789053
0.8773530
1.0012054
0.9734763
1.0795531
1.0641708
1.0052828
0.9750535
1.0422111
1.0050294
0.9950029
1.0466362
0.9925969
0.9367142
1.0070009
0.9876310
0.9717650
1.0035910
1.0127886
0.9537188
1.0273476
1.0962138
1.0352015
0.9742209
1.0455090
0.9477329
1.0092480
0.9939859
0.9717979
0.9922491
1.0859082
0.9276657
1.0230707
0.9961040
0.9653759
1.0448969
0.9495072
0.9994043
0.9497837
0.9375451
0.9789053
0.8773530
1.0012054
0.9734763
1.0795531
1.0641708
1.0052828
0.9750535
1.0422111
1.0050294
0.9950029
1.0466362
0.9925969
0.9367142
1.0070009
0.9876310
0.9717650
1.0035910
1.0127886
0.9537188
1.0273476
1.0962138
1.0352015
0.9742209
1.0455090
0.9477329
1.0092480
0.9939859
0.9717979
0.9922491
1.0859082
0.9276657
1.0230707
0.9961040
0.9653759
1.0448969
0.9495072
0.9994043
0.9497837
0.9375451
0.9789053
0.8773530
1.0012054
0.9734763
1.0795531
1.0641708
1.0052828
0.9750535
1.0422111
1.0050294
0.9950029
1.0466362
0.9925969
0.9367142
1.0070009
0.9876310
0.9717650
1.0035910
1.0127886
0.9537188
1.0273476
1.0962138
1.0352015
0.9742209
1.0455090
0.9477329
1.0092480
0.9939859
0.9717979
0.9922491
1.0859082
0.9276657
1.0230707
0.9961040
0.9653759
1.0448969
0.9495072
0.9994043
0.9497837
0.9375451
0.9789053
0.8773530
1.0012054
0.9734763
1.0795531
1.0641708
1.0052828
0.9750535
1.0422111
1.0050294
0.9950029
1.0466362
0.9925969
0.9367142
1.0070009
0.9876310
0.9717650
1.0035910
1.0127886
0.9537188
1.0273476
1.0962138
1.0352015
0.9742209
1.0455090
0.9477329
1.0092480
0.9939859
0.9717979
0.9922491
1.0859082
0.9276657
1.0230707
0.9961040
0.9653759
1.0448969
0.9495072
0.9994043
0.9497837
0.9375451
0.9789053
0.8773530
1.0012054
0.9734763
1.0795531
1.0641708
1.0052828
0.9750535
1.0422111
1.0050294
0.9950029
1.0466362
0.9925969
0.9367142
1.0070009
0.9876310
0.9717650
1.0035910
1.0127886
0.9537188
1.0273476
1.0962138
1.0352015
0.9742209
1.0455090
0.9477329
1.0092480
0.9939859
0.9717979
0.9922491
1.0859082
0.9276657
1.0230707
0.9961040
0.9653759
1.0448969
0.9495072
0.9994043
0.9497837
0.9375451
0.9789053
0.8773530
1.0012054
0.9734763
1.0795531
1.0641708
1.0052828
0.9750535
1.0422111
1.0050294
0.9950029
1.0466362
0.9925969
0.9367142
1.0070009
0.9876310
0.9717650
1.0035910
1.0127886
0.9537188
1.0273476
1.0962138
1.0352015
0.9742209
1.0455090
0.9477329
1.0092480
0.9939859
0.9717979
0.9922491
1.0859082
0.9276657
1.0230707
0.9961040
0.9653759
1.0448969
0.9495072
0.9994043
0.9497837
0.9375451
0.9789053
0.8773530
1.0012054
0.9734763
1.0795531
1.0641708
1.0052828
0.9750535
1.0422111
1.0050294
0.9950029
1.0466362
0.9925969
0.9367142
1.0070009
0.9876310
0.9717650
1.0035910
1.0127886
0.9537188
1.0273476
1.0962138
1.0352015
0.9742209
1.0455090
0.9477329
1.0092480
0.9939859
0.9717979
0.9922491
1.0859082
0.9276657
1.0230707
0.9961040
0.9653759
1.0448969
0.9495072
0.9994043
0.9497837
0.9375451
0.9789053
0.8773530
1.0012054
0.9734763
1.0795531
1.0641708
1.0052828
0.9750535
1.0422111
1.0050294
0.9950029
1.0466362
0.9925969
0.9367142
1.0070009
0.9876310
0.9717650
1.0035910
1.0127886
0.9537188
1.0273476
1.0962138
1.0352015
0.9742209
1.0455090
0.9477329
1.0092480
0.9939859
0.9717979
0.9922491
1.0859082
0.9276657
1.0230707
0.9961040
0.9653759
1.0448969
0.9495072
0.9994043
0.9497837
0.9375451
0.9789053
0.8773530
1.0012054
0.9734763
1.0795531
1.0641708
1.0052828
0.9750535
1.0422111
1.0050294
0.9950029
1.0466362
0.9925969
0.9367142
1.0070009
0.9876310
0.9717650
1.0035910
1.0127886
0.9537188
1.0273476
1.0962138
1.0352015
0.9742209
1.0455090
0.9477329
1.0092480
0.9939859
0.9717979
0.9922491
1.0859082
0.9276657
1.0230707
0.9961040
0.9653759
1.0448969
0.9495072
0.9994043
0.9497837
0.9375451
0.9789053
0.8773530
1.0012054
0.9734763
1.0795531
1.0641708
1.0052828
0.9750535
1.0422111
1.0050294
0.9950029
1.0466362
0.9925969
0.9367142
1.0070009
0.9876310
0.9717650
1.0035910
1.0127886
0.9537188
1.0273476
1.0962138
1.0352015
0.9742209
1.0455090
0.9477329
1.0092480
0.9939859
0.9717979
0.9922491
1.0859082
0.9276657
1.0230707
0.9961040
0.9653759
1.0448969
0.9495072
0.9994043
0.9497837
0.9375451
0.9789053
0.8773530
1.0012054
0.9734763
1.0795531
1.0641708
1.0052828
0.9750535
1.0422111
1.0050294
0.9950029
1.0466362
0.9925969
0.9367142
1.0070009
0.9876310
0.9717650
1.0035910
1.0127886
0.9537188
1.0273476
1.0962138
1.0352015
0.9742209
1.0455090
0.9477329
1.0092480
0.9939859
0.9717979
0.9922491
1.0859082
0.9276657
1.0230707
0.9961040
0.9653759
1.0448969
0.9495072
0.9994043
0.9497837
0.9375451
0.9789053
0.8773530
1.0012054
0.9734763
1.0795531
1.0641708
1.0052828
0.9750535
1.0422111
1.0050294
0.9950029
1.0466362
0.9925969
0.9367142
1.0070009
0.9876310
0.9717650
1.0035910
1.0127886
0.9537188
1.0273476
1.0962138
1.0352015
0.9742209
1.0455090
0.9477329
1.0092480
0.9939859
0.9717979
0.9922491
1.0859082
0.9276657
1.0230707
0.9961040
0.9653759
1.0448969
0.9495072
0.9994043
0.9497837
0.9375451
0.9789053
0.8773530
1.0012054
0.9734763
1.0795531
1.0641708
1.0052828
0.9750535
1.0422111
1.0050294
0.9950029
1.0466362
0.9925969
0.9367142
1.0070009
0.9876310
0.9717650
1.0035910
1.0127886
0.9537188
1.0273476
1.0962138
1.0352015
0.9742209
1.0455090
0.9477329
1.0092480
0.9939859
0.9717979
0.9922491
1.0859082
0.9276657
1.0230707
0.9961040
0.9653759
1.0448969
0.9495072
0.9994043
0.9497837
0.9375451
0.9789053
0.8773530
1.0012054
0.9734763
1.0795531
1.0641708
1.0052828
0.9750535
1.0422111
1.0050294
0.9950029
1.0466362
0.9925969
0.9367142
1.0070009
0.9876310
0.9717650
1.0035910
1.0127886
0.9537188
1.0273476
1.0962138
1.0352015
0.9742209
1.0455090
0.9477329
1.0092480
0.9939859
0.9717979
0.9922491
1.0859082
0.9276657
1.0230707
0.9961040
0.9653759
1.0448969
0.9495072
0.9994043
0.9497837
0.9375451
0.9789053
0.8773530
1.0012054
0.9734763
1.0795531
1.0641708
1.0052828
0.9750535
1.0422111
1.0050294
0.9950029
1.0466362
0.9925969
0.9367142
1.0070009
0.9876310
0.9717650
1.0035910
1.0127886
0.9537188
1.0273476
1.0962138
1.0352015
0.9742209
1.0455090
0.9477329
1.0092480
0.9939859
0.9717979
0.9922491
1.0859082
0.9276657
1.0230707
0.9961040
0.9653759
1.0448969
0.9495072
0.9994043
0.9497837
0.9375451
0.9789053
0.8773530
1.0012054
0.9734763
1.0795531
1.0641708
1.0052828
0.9750535
1.0422111
1.0050294
0.9950029
1.0466362
0.9925969
0.9367142
1.0070009
0.9876310
0.9717650
1.0035910
1.0127886
0.9537188
1.0273476
1.0962138
1.0352015
0.9742209
1.0455090
0.9477329
1.0092480
0.9939859
0.9717979
0.9922491
1.0859082
0.9276657
1.0230707
0.9961040
0.9653759
1.0448969
0.9495072
0.9994043
0.9497837
0.9375451
0.9789053
0.8773530
1.0012054
0.9734763
1.0795531
1.0641708
1.0052828
0.9750535
1.0422111
1.0050294
0.9950029
1.0466362
0.9925969
0.9367142
1.0070009
0.9876310
0.9717650
1.0035910
1.0127886
0.9537188
1.0273476
1.0962138
1.0352015
0.9742209
1.0455090
0.9477329
1.0092480
0.9939859
0.9717979
0.9922491
1.0859082
0.9276657
1.0230707
0.9961040
0.9653759
1.0448969
0.9495072
0.9994043
0.9497837
0.9375451
0.9789053
0.8773530
1.0012054
0.9734763
1.0795531
1.0641708
1.0052828
0.9750535
1.0422111
1.0050294
0.9950029
1.0466362
0.9925969
0.9367142
1.0070009
0.9876310
0.9717650
1.0035910
1.0127886
0.9537188
1.0273476
1.0962138
1.0352015
0.9742209
1.0455090
0.9477329
1.0092480
0.9939859
0.9717979
0.9922491
1.0859082
0.9276657
1.0230707
0.9961040
0.9653759
1.0448969
0.9495072
0.9994043
0.9497837
0.9375451
0.9789053
0.8773530
1.0012054
0.9734763
1.0795531
1.0641708
1.0052828
