1.769509
1.724256
1.745474
1.724752
1.747426
1.680921
1.662198
1.672201
1.636604
1.790787
1.741393
1.672117
1.754716
1.741847
1.832629
1.799044
1.820284
1.753777
1.753731
1.742951
1.817148
1.733173
1.704462
1.611272
1.604193
1.934176
1.705242
1.750668
1.716657
1.636030
1.667288
1.803715
1.710496
1.730577
1.627161
1.700248
1.613870
1.749074
1.772552
1.706916
1.769509
1.724256
1.745474
1.724752
1.747426
1.680921
1.662198
1.672201
1.636604
1.790787
1.741393
1.672117
1.754716
1.741847
1.832629
1.799044
1.820284
1.753777
1.753731
1.742951
1.817148
1.733173
1.704462
1.611272
1.604193
1.934176
1.705242
1.750668
1.716657
1.636030
1.667288
1.803715
1.710496
1.730577
1.627161
1.700248
1.613870
1.749074
1.772552
1.706916
1.769509
1.724256
1.745474
1.724752
1.747426
1.680921
1.662198
1.672201
1.636604
1.790787
1.741393
1.672117
1.754716
1.741847
1.832629
1.799044
1.820284
1.753777
1.753731
1.742951
1.817148
1.733173
1.704462
1.611272
1.604193
1.934176
1.705242
1.750668
1.716657
1.636030
1.667288
1.803715
1.710496
1.730577
1.627161
1.700248
1.613870
1.749074
1.772552
1.706916
1.769509
1.724256
1.745474
1.724752
1.747426
1.680921
1.662198
1.672201
1.636604
1.790787
1.741393
1.672117
1.754716
1.741847
1.832629
1.799044
1.820284
1.753777
1.753731
1.742951
1.817148
1.733173
1.704462
1.611272
1.604193
1.934176
1.705242
1.750668
1.716657
1.636030
1.667288
1.803715
1.710496
1.730577
1.627161
1.700248
1.613870
1.749074
1.772552
1.706916
1.769509
1.724256
1.745474
1.724752
1.747426
1.680921
1.662198
1.672201
1.636604
1.790787
1.741393
1.672117
1.754716
1.741847
1.832629
1.799044
1.820284
1.753777
1.753731
1.742951
1.817148
1.733173
1.704462
1.611272
1.604193
1.934176
1.705242
1.750668
1.716657
1.636030
1.667288
1.803715
1.710496
1.730577
1.627161
1.700248
1.613870
1.749074
1.772552
1.706916
1.769509
1.724256
1.745474
1.724752
1.747426
1.680921
1.662198
1.672201
1.636604
1.790787
1.741393
1.672117
1.754716
1.741847
1.832629
1.799044
1.820284
1.753777
1.753731
1.742951
1.817148
1.733173
1.704462
1.611272
1.604193
1.934176
1.705242
1.750668
1.716657
1.636030
1.667288
1.803715
1.710496
1.730577
1.627161
1.700248
1.613870
1.749074
1.772552
1.706916
1.769509
1.724256
1.745474
1.724752
1.747426
1.680921
1.662198
1.672201
1.636604
1.790787
1.741393
1.672117
1.754716
1.741847
1.832629
1.799044
1.820284
1.753777
1.753731
1.742951
1.817148
1.733173
1.704462
1.611272
1.604193
1.934176
1.705242
1.750668
1.716657
1.636030
1.667288
1.803715
1.710496
1.730577
1.627161
1.700248
1.613870
1.749074
1.772552
1.706916
1.769509
1.724256
1.745474
1.724752
1.747426
1.680921
1.662198
1.672201
1.636604
1.790787
1.741393
1.672117
1.754716
1.741847
1.832629
1.799044
1.820284
1.753777
1.753731
1.742951
1.817148
1.733173
1.704462
1.611272
1.604193
1.934176
1.705242
1.750668
1.716657
1.636030
1.667288
1.803715
1.710496
1.730577
1.627161
1.700248
1.613870
1.749074
1.772552
1.706916
1.769509
1.724256
1.745474
1.724752
1.747426
1.680921
1.662198
1.672201
1.636604
1.790787
1.741393
1.672117
1.754716
1.741847
1.832629
1.799044
1.820284
1.753777
1.753731
1.742951
1.817148
1.733173
1.704462
1.611272
1.604193
1.934176
1.705242
1.750668
1.716657
1.636030
1.667288
1.803715
1.710496
1.730577
1.627161
1.700248
1.613870
1.749074
1.772552
1.706916
1.769509
1.724256
1.745474
1.724752
1.747426
1.680921
1.662198
1.672201
1.636604
1.790787
1.741393
1.672117
1.754716
1.741847
1.832629
1.799044
1.820284
1.753777
1.753731
1.742951
1.817148
1.733173
1.704462
1.611272
1.604193
1.934176
1.705242
1.750668
1.716657
1.636030
1.667288
1.803715
1.710496
1.730577
1.627161
1.700248
1.613870
1.749074
1.772552
1.706916
1.769509
1.724256
1.745474
1.724752
1.747426
1.680921
1.662198
1.672201
1.636604
1.790787
1.741393
1.672117
1.754716
1.741847
1.832629
1.799044
1.820284
1.753777
1.753731
1.742951
1.817148
1.733173
1.704462
1.611272
1.604193
1.934176
1.705242
1.750668
1.716657
1.636030
1.667288
1.803715
1.710496
1.730577
1.627161
1.700248
1.613870
1.749074
1.772552
1.706916
1.769509
1.724256
1.745474
1.724752
1.747426
1.680921
1.662198
1.672201
1.636604
1.790787
1.741393
1.672117
1.754716
1.741847
1.832629
1.799044
1.820284
1.753777
1.753731
1.742951
1.817148
1.733173
1.704462
1.611272
1.604193
1.934176
1.705242
1.750668
1.716657
1.636030
1.667288
1.803715
1.710496
1.730577
1.627161
1.700248
1.613870
1.749074
1.772552
1.706916
1.769509
1.724256
1.745474
1.724752
1.747426
1.680921
1.662198
1.672201
1.636604
1.790787
1.741393
1.672117
1.754716
1.741847
1.832629
1.799044
1.820284
1.753777
1.753731
1.742951
1.817148
1.733173
1.704462
1.611272
1.604193
1.934176
1.705242
1.750668
1.716657
1.636030
1.667288
1.803715
1.710496
1.730577
1.627161
1.700248
1.613870
1.749074
1.772552
1.706916
1.769509
1.724256
1.745474
1.724752
1.747426
1.680921
1.662198
1.672201
1.636604
1.790787
1.741393
1.672117
1.754716
1.741847
1.832629
1.799044
1.820284
1.753777
1.753731
1.742951
1.817148
1.733173
1.704462
1.611272
1.604193
1.934176
1.705242
1.750668
1.716657
1.636030
1.667288
1.803715
1.710496
1.730577
1.627161
1.700248
1.613870
1.749074
1.772552
1.706916
1.769509
1.724256
1.745474
1.724752
1.747426
1.680921
1.662198
1.672201
1.636604
1.790787
1.741393
1.672117
1.754716
1.741847
1.832629
1.799044
1.820284
1.753777
1.753731
1.742951
1.817148
1.733173
1.704462
1.611272
1.604193
1.934176
1.705242
1.750668
1.716657
1.636030
1.667288
1.803715
1.710496
1.730577
1.627161
1.700248
1.613870
1.749074
1.772552
1.706916
1.769509
1.724256
1.745474
1.724752
1.747426
1.680921
1.662198
1.672201
1.636604
1.790787
1.741393
1.672117
1.754716
1.741847
1.832629
1.799044
1.820284
1.753777
1.753731
1.742951
1.817148
1.733173
1.704462
1.611272
1.604193
1.934176
1.705242
1.750668
1.716657
1.636030
1.667288
1.803715
1.710496
1.730577
1.627161
1.700248
1.613870
1.749074
1.772552
1.706916
1.769509
1.724256
1.745474
1.724752
1.747426
1.680921
1.662198
1.672201
1.636604
1.790787
1.741393
1.672117
1.754716
1.741847
1.832629
1.799044
1.820284
1.753777
1.753731
1.742951
1.817148
1.733173
1.704462
1.611272
1.604193
1.934176
1.705242
1.750668
1.716657
1.636030
1.667288
1.803715
1.710496
1.730577
1.627161
1.700248
1.613870
1.749074
1.772552
1.706916
1.769509
1.724256
1.745474
1.724752
1.747426
1.680921
1.662198
1.672201
1.636604
1.790787
1.741393
1.672117
1.754716
1.741847
1.832629
1.799044
1.820284
1.753777
1.753731
1.742951
1.817148
1.733173
1.704462
1.611272
1.604193
1.934176
1.705242
1.750668
1.716657
1.636030
1.667288
1.803715
1.710496
1.730577
1.627161
1.700248
1.613870
1.749074
1.772552
1.706916
1.769509
1.724256
1.745474
1.724752
1.747426
1.680921
1.662198
1.672201
1.636604
1.790787
1.741393
1.672117
1.754716
1.741847
1.832629
1.799044
1.820284
1.753777
1.753731
1.742951
1.817148
1.733173
1.704462
1.611272
1.604193
1.934176
1.705242
1.750668
1.716657
1.636030
1.667288
1.803715
1.710496
1.730577
1.627161
1.700248
1.613870
1.749074
1.772552
1.706916
1.769509
1.724256
1.745474
1.724752
1.747426
1.680921
1.662198
1.672201
1.636604
1.790787
1.741393
1.672117
1.754716
1.741847
1.832629
1.799044
1.820284
1.753777
1.753731
1.742951
1.817148
1.733173
1.704462
1.611272
1.604193
1.934176
1.705242
1.750668
1.716657
1.636030
1.667288
1.803715
1.710496
1.730577
1.627161
1.700248
1.613870
1.749074
1.772552
1.706916
1.769509
1.724256
1.745474
1.724752
1.747426
1.680921
1.662198
1.672201
1.636604
1.790787
1.741393
1.672117
1.754716
1.741847
1.832629
1.799044
1.820284
1.753777
1.753731
1.742951
1.817148
1.733173
1.704462
1.611272
1.604193
1.934176
1.705242
1.750668
1.716657
1.636030
1.667288
1.803715
1.710496
1.730577
1.627161
1.700248
1.613870
1.749074
1.772552
1.706916
1.769509
1.724256
1.745474
1.724752
1.747426
1.680921
1.662198
1.672201
1.636604
1.790787
1.741393
1.672117
1.754716
1.741847
1.832629
1.799044
1.820284
1.753777
1.753731
1.742951
1.817148
1.733173
1.704462
1.611272
1.604193
1.934176
1.705242
1.750668
1.716657
1.636030
1.667288
1.803715
1.710496
1.730577
1.627161
1.700248
1.613870
1.749074
1.772552
1.706916
1.769509
1.724256
1.745474
1.724752
1.747426
1.680921
1.662198
1.672201
1.636604
1.790787
1.741393
1.672117
1.754716
1.741847
1.832629
1.799044
1.820284
1.753777
1.753731
1.742951
1.817148
1.733173
1.704462
1.611272
1.604193
1.934176
1.705242
1.750668
1.716657
1.636030
1.667288
1.803715
1.710496
1.730577
1.627161
1.700248
1.613870
1.749074
1.772552
1.706916
1.769509
1.724256
1.745474
1.724752
1.747426
1.680921
1.662198
1.672201
1.636604
1.790787
1.741393
1.672117
1.754716
1.741847
1.832629
1.799044
1.820284
1.753777
1.753731
1.742951
1.817148
1.733173
1.704462
1.611272
1.604193
1.934176
1.705242
1.750668
1.716657
1.636030
1.667288
1.803715
1.710496
1.730577
1.627161
1.700248
1.613870
1.749074
1.772552
1.706916
1.769509
1.724256
1.745474
1.724752
1.747426
1.680921
1.662198
1.672201
1.636604
1.790787
1.741393
1.672117
1.754716
1.741847
1.832629
1.799044
1.820284
1.753777
1.753731
1.742951
1.817148
1.733173
1.704462
1.611272
1.604193
1.934176
1.705242
1.750668
1.716657
1.636030
1.667288
1.803715
1.710496
1.730577
1.627161
1.700248
1.613870
1.749074
1.772552
1.706916
1.769509
1.724256
1.745474
1.724752
1.747426
1.680921
1.662198
1.672201
1.636604
1.790787
1.741393
1.672117
1.754716
1.741847
1.832629
1.799044
1.820284
1.753777
1.753731
1.742951
1.817148
1.733173
1.704462
1.611272
1.604193
1.934176
1.705242
1.750668
1.716657
1.636030
1.667288
1.803715
1.710496
1.730577
1.627161
1.700248
1.613870
1.749074
1.772552
1.706916
1.769509
1.724256
1.745474
1.724752
1.747426
1.680921
1.662198
1.672201
1.636604
1.790787
1.741393
1.672117
1.754716
1.741847
1.832629
1.799044
1.820284
1.753777
1.753731
1.742951
1.817148
1.733173
1.704462
1.611272
1.604193
1.934176
1.705242
1.750668
1.716657
1.636030
1.667288
1.803715
1.710496
1.730577
1.627161
1.700248
1.613870
1.749074
1.772552
1.706916
1.769509
1.724256
1.745474
1.724752
1.747426
1.680921
1.662198
1.672201
1.636604
1.790787
1.741393
1.672117
1.754716
1.741847
1.832629
1.799044
1.820284
1.753777
1.753731
1.742951
1.817148
1.733173
1.704462
1.611272
1.604193
1.934176
1.705242
1.750668
1.716657
1.636030
1.667288
1.803715
1.710496
1.730577
1.627161
1.700248
1.613870
1.749074
1.772552
1.706916
1.769509
1.724256
1.745474
1.724752
1.747426
1.680921
1.662198
1.672201
1.636604
1.790787
1.741393
1.672117
1.754716
1.741847
1.832629
1.799044
1.820284
1.753777
1.753731
1.742951
1.817148
1.733173
1.704462
1.611272
1.604193
1.934176
1.705242
1.750668
1.716657
1.636030
1.667288
1.803715
1.710496
1.730577
1.627161
1.700248
1.613870
1.749074
1.772552
1.706916
1.769509
1.724256
1.745474
1.724752
1.747426
1.680921
1.662198
1.672201
1.636604
1.790787
1.741393
1.672117
1.754716
1.741847
1.832629
1.799044
1.820284
1.753777
1.753731
1.742951
1.817148
1.733173
1.704462
1.611272
1.604193
1.934176
1.705242
1.750668
1.716657
1.636030
1.667288
1.803715
1.710496
1.730577
1.627161
1.700248
1.613870
1.749074
1.772552
1.706916
1.769509
1.724256
1.745474
1.724752
1.747426
1.680921
1.662198
1.672201
1.636604
1.790787
1.741393
1.672117
1.754716
1.741847
1.832629
1.799044
1.820284
1.753777
1.753731
1.742951
1.817148
1.733173
1.704462
1.611272
1.604193
1.934176
1.705242
1.750668
1.716657
1.636030
1.667288
1.803715
1.710496
1.730577
1.627161
1.700248
1.613870
1.749074
1.772552
1.706916
1.769509
1.724256
1.745474
1.724752
1.747426
1.680921
1.662198
1.672201
1.636604
1.790787
1.741393
1.672117
1.754716
1.741847
1.832629
1.799044
1.820284
1.753777
1.753731
1.742951
1.817148
1.733173
1.704462
1.611272
1.604193
1.934176
1.705242
1.750668
1.716657
1.636030
1.667288
1.803715
1.710496
1.730577
1.627161
1.700248
1.613870
1.749074
1.772552
1.706916
1.769509
1.724256
1.745474
1.724752
1.747426
1.680921
1.662198
1.672201
1.636604
1.790787
1.741393
1.672117
1.754716
1.741847
1.832629
1.799044
1.820284
1.753777
1.753731
1.742951
1.817148
1.733173
1.704462
1.611272
1.604193
1.934176
1.705242
1.750668
1.716657
1.636030
1.667288
1.803715
1.710496
1.730577
1.627161
1.700248
1.613870
1.749074
1.772552
1.706916
1.769509
1.724256
1.745474
1.724752
1.747426
1.680921
1.662198
1.672201
1.636604
1.790787
1.741393
1.672117
1.754716
1.741847
1.832629
1.799044
1.820284
1.753777
1.753731
1.742951
1.817148
1.733173
1.704462
1.611272
1.604193
1.934176
1.705242
1.750668
1.716657
1.636030
1.667288
1.803715
1.710496
1.730577
1.627161
1.700248
1.613870
1.749074
1.772552
1.706916
1.769509
1.724256
1.745474
1.724752
1.747426
1.680921
1.662198
1.672201
1.636604
1.790787
1.741393
1.672117
1.754716
1.741847
1.832629
1.799044
1.820284
1.753777
1.753731
1.742951
1.817148
1.733173
1.704462
1.611272
1.604193
1.934176
1.705242
1.750668
1.716657
1.636030
1.667288
1.803715
1.710496
1.730577
1.627161
1.700248
1.613870
1.749074
1.772552
1.706916
1.769509
1.724256
1.745474
1.724752
1.747426
1.680921
1.662198
1.672201
1.636604
1.790787
1.741393
1.672117
1.754716
1.741847
1.832629
1.799044
1.820284
1.753777
1.753731
1.742951
1.817148
1.733173
1.704462
1.611272
1.604193
1.934176
1.705242
1.750668
1.716657
1.636030
1.667288
1.803715
1.710496
1.730577
1.627161
1.700248
1.613870
1.749074
1.772552
1.706916
1.769509
1.724256
1.745474
1.724752
1.747426
1.680921
1.662198
1.672201
1.636604
1.790787
1.741393
1.672117
1.754716
1.741847
1.832629
1.799044
1.820284
1.753777
1.753731
1.742951
1.817148
1.733173
1.704462
1.611272
1.604193
1.934176
1.705242
1.750668
1.716657
1.636030
1.667288
1.803715
1.710496
1.730577
1.627161
1.700248
1.613870
1.749074
1.772552
1.706916
1.769509
1.724256
1.745474
1.724752
1.747426
1.680921
1.662198
1.672201
1.636604
1.790787
1.741393
1.672117
1.754716
1.741847
1.832629
1.799044
1.820284
1.753777
1.753731
1.742951
1.817148
1.733173
1.704462
1.611272
1.604193
1.934176
1.705242
1.750668
1.716657
1.636030
1.667288
1.803715
1.710496
1.730577
1.627161
1.700248
1.613870
1.749074
1.772552
1.706916
1.769509
1.724256
1.745474
1.724752
1.747426
1.680921
1.662198
1.672201
1.636604
1.790787
1.741393
1.672117
1.754716
1.741847
1.832629
1.799044
1.820284
1.753777
1.753731
1.742951
1.817148
1.733173
1.704462
1.611272
1.604193
1.934176
1.705242
1.750668
1.716657
1.636030
1.667288
1.803715
1.710496
1.730577
1.627161
1.700248
1.613870
1.749074
1.772552
1.706916
1.769509
1.724256
1.745474
1.724752
1.747426
1.680921
1.662198
1.672201
1.636604
1.790787
1.741393
1.672117
1.754716
1.741847
1.832629
1.799044
1.820284
1.753777
1.753731
1.742951
1.817148
1.733173
1.704462
1.611272
1.604193
1.934176
1.705242
1.750668
1.716657
1.636030
1.667288
1.803715
1.710496
1.730577
1.627161
1.700248
1.613870
1.749074
1.772552
1.706916
1.769509
1.724256
1.745474
1.724752
1.747426
1.680921
1.662198
1.672201
1.636604
1.790787
1.741393
1.672117
1.754716
1.741847
1.832629
1.799044
1.820284
1.753777
1.753731
1.742951
1.817148
1.733173
1.704462
1.611272
1.604193
1.934176
1.705242
1.750668
1.716657
1.636030
1.667288
1.803715
1.710496
1.730577
1.627161
1.700248
1.613870
1.749074
1.772552
1.706916
1.769509
1.724256
1.745474
1.724752
1.747426
1.680921
1.662198
1.672201
1.636604
1.790787
1.741393
1.672117
1.754716
1.741847
1.832629
1.799044
1.820284
1.753777
1.753731
1.742951
1.817148
1.733173
1.704462
1.611272
1.604193
1.934176
1.705242
1.750668
1.716657
1.636030
1.667288
1.803715
1.710496
1.730577
1.627161
1.700248
1.613870
1.749074
1.772552
1.706916
1.769509
1.724256
1.745474
1.724752
1.747426
1.680921
1.662198
1.672201
1.636604
1.790787
1.741393
1.672117
1.754716
1.741847
1.832629
1.799044
1.820284
1.753777
1.753731
1.742951
1.817148
1.733173
1.704462
1.611272
1.604193
1.934176
1.705242
1.750668
1.716657
1.636030
1.667288
1.803715
1.710496
1.730577
1.627161
1.700248
1.613870
1.749074
1.772552
1.706916
1.769509
1.724256
1.745474
1.724752
1.747426
1.680921
1.662198
1.672201
1.636604
1.790787
1.741393
1.672117
1.754716
1.741847
1.832629
1.799044
1.820284
1.753777
1.753731
1.742951
1.817148
1.733173
1.704462
1.611272
1.604193
1.934176
1.705242
1.750668
1.716657
1.636030
1.667288
1.803715
1.710496
1.730577
1.627161
1.700248
1.613870
1.749074
1.772552
1.706916
1.769509
1.724256
1.745474
1.724752
1.747426
1.680921
1.662198
1.672201
1.636604
1.790787
1.741393
1.672117
1.754716
1.741847
1.832629
1.799044
1.820284
1.753777
1.753731
1.742951
1.817148
1.733173
1.704462
1.611272
1.604193
1.934176
1.705242
1.750668
1.716657
1.636030
1.667288
1.803715
1.710496
1.730577
1.627161
1.700248
1.613870
1.749074
1.772552
1.706916
1.769509
1.724256
1.745474
1.724752
1.747426
1.680921
1.662198
1.672201
1.636604
1.790787
1.741393
1.672117
1.754716
1.741847
1.832629
1.799044
1.820284
1.753777
1.753731
1.742951
1.817148
1.733173
1.704462
1.611272
1.604193
1.934176
1.705242
1.750668
1.716657
1.636030
1.667288
1.803715
1.710496
1.730577
1.627161
1.700248
1.613870
1.749074
1.772552
1.706916
1.769509
1.724256
1.745474
1.724752
1.747426
1.680921
1.662198
1.672201
1.636604
1.790787
1.741393
1.672117
1.754716
1.741847
1.832629
1.799044
1.820284
1.753777
1.753731
1.742951
1.817148
1.733173
1.704462
1.611272
1.604193
1.934176
1.705242
1.750668
1.716657
1.636030
1.667288
1.803715
1.710496
1.730577
1.627161
1.700248
1.613870
1.749074
1.772552
1.706916
1.769509
1.724256
1.745474
1.724752
1.747426
1.680921
1.662198
1.672201
1.636604
1.790787
1.741393
1.672117
1.754716
1.741847
1.832629
1.799044
1.820284
1.753777
1.753731
1.742951
1.817148
1.733173
1.704462
1.611272
1.604193
1.934176
1.705242
1.750668
1.716657
1.636030
1.667288
1.803715
1.710496
1.730577
1.627161
1.700248
1.613870
1.749074
1.772552
1.706916
1.769509
1.724256
1.745474
1.724752
1.747426
1.680921
1.662198
1.672201
1.636604
1.790787
1.741393
1.672117
1.754716
1.741847
1.832629
1.799044
1.820284
1.753777
1.753731
1.742951
1.817148
1.733173
1.704462
1.611272
1.604193
1.934176
1.705242
1.750668
1.716657
1.636030
1.667288
1.803715
1.710496
1.730577
1.627161
1.700248
1.613870
1.749074
1.772552
1.706916
1.769509
1.724256
1.745474
1.724752
1.747426
1.680921
1.662198
1.672201
1.636604
1.790787
1.741393
1.672117
1.754716
1.741847
1.832629
1.799044
1.820284
1.753777
1.753731
1.742951
1.817148
1.733173
1.704462
1.611272
1.604193
1.934176
1.705242
1.750668
1.716657
1.636030
1.667288
1.803715
1.710496
1.730577
1.627161
1.700248
1.613870
1.749074
1.772552
1.706916
