0.4921617
0.4640419
0.4865636
0.4825997
0.5310531
0.4713592
0.4821034
0.4804275
0.4813802
0.5137885
0.5409583
0.5270381
0.5163901
0.4939091
0.5071503
0.5177457
0.5040159
0.5061045
0.5029894
0.5180008
0.5342811
0.4919180
0.4711881
0.4889163
0.4858934
0.4935240
0.5062384
0.4788654
0.5250367
0.4822863
0.4567166
0.5140282
0.5406625
0.4980407
0.5114881
0.4911451
0.4852332
0.5065747
0.5153174
0.5084272
0.4921617
0.4640419
0.4865636
0.4825997
0.5310531
0.4713592
0.4821034
0.4804275
0.4813802
0.5137885
0.5409583
0.5270381
0.5163901
0.4939091
0.5071503
0.5177457
0.5040159
0.5061045
0.5029894
0.5180008
0.5342811
0.4919180
0.4711881
0.4889163
0.4858934
0.4935240
0.5062384
0.4788654
0.5250367
0.4822863
0.4567166
0.5140282
0.5406625
0.4980407
0.5114881
0.4911451
0.4852332
0.5065747
0.5153174
0.5084272
0.4921617
0.4640419
0.4865636
0.4825997
0.5310531
0.4713592
0.4821034
0.4804275
0.4813802
0.5137885
0.5409583
0.5270381
0.5163901
0.4939091
0.5071503
0.5177457
0.5040159
0.5061045
0.5029894
0.5180008
0.5342811
0.4919180
0.4711881
0.4889163
0.4858934
0.4935240
0.5062384
0.4788654
0.5250367
0.4822863
0.4567166
0.5140282
0.5406625
0.4980407
0.5114881
0.4911451
0.4852332
0.5065747
0.5153174
0.5084272
0.4921617
0.4640419
0.4865636
0.4825997
0.5310531
0.4713592
0.4821034
0.4804275
0.4813802
0.5137885
0.5409583
0.5270381
0.5163901
0.4939091
0.5071503
0.5177457
0.5040159
0.5061045
0.5029894
0.5180008
0.5342811
0.4919180
0.4711881
0.4889163
0.4858934
0.4935240
0.5062384
0.4788654
0.5250367
0.4822863
0.4567166
0.5140282
0.5406625
0.4980407
0.5114881
0.4911451
0.4852332
0.5065747
0.5153174
0.5084272
0.4921617
0.4640419
0.4865636
0.4825997
0.5310531
0.4713592
0.4821034
0.4804275
0.4813802
0.5137885
0.5409583
0.5270381
0.5163901
0.4939091
0.5071503
0.5177457
0.5040159
0.5061045
0.5029894
0.5180008
0.5342811
0.4919180
0.4711881
0.4889163
0.4858934
0.4935240
0.5062384
0.4788654
0.5250367
0.4822863
0.4567166
0.5140282
0.5406625
0.4980407
0.5114881
0.4911451
0.4852332
0.5065747
0.5153174
0.5084272
0.4921617
0.4640419
0.4865636
0.4825997
0.5310531
0.4713592
0.4821034
0.4804275
0.4813802
0.5137885
0.5409583
0.5270381
0.5163901
0.4939091
0.5071503
0.5177457
0.5040159
0.5061045
0.5029894
0.5180008
0.5342811
0.4919180
0.4711881
0.4889163
0.4858934
0.4935240
0.5062384
0.4788654
0.5250367
0.4822863
0.4567166
0.5140282
0.5406625
0.4980407
0.5114881
0.4911451
0.4852332
0.5065747
0.5153174
0.5084272
0.4921617
0.4640419
0.4865636
0.4825997
0.5310531
0.4713592
0.4821034
0.4804275
0.4813802
0.5137885
0.5409583
0.5270381
0.5163901
0.4939091
0.5071503
0.5177457
0.5040159
0.5061045
0.5029894
0.5180008
0.5342811
0.4919180
0.4711881
0.4889163
0.4858934
0.4935240
0.5062384
0.4788654
0.5250367
0.4822863
0.4567166
0.5140282
0.5406625
0.4980407
0.5114881
0.4911451
0.4852332
0.5065747
0.5153174
0.5084272
0.4921617
0.4640419
0.4865636
0.4825997
0.5310531
0.4713592
0.4821034
0.4804275
0.4813802
0.5137885
0.5409583
0.5270381
0.5163901
0.4939091
0.5071503
0.5177457
0.5040159
0.5061045
0.5029894
0.5180008
0.5342811
0.4919180
0.4711881
0.4889163
0.4858934
0.4935240
0.5062384
0.4788654
0.5250367
0.4822863
0.4567166
0.5140282
0.5406625
0.4980407
0.5114881
0.4911451
0.4852332
0.5065747
0.5153174
0.5084272
0.4921617
0.4640419
0.4865636
0.4825997
0.5310531
0.4713592
0.4821034
0.4804275
0.4813802
0.5137885
0.5409583
0.5270381
0.5163901
0.4939091
0.5071503
0.5177457
0.5040159
0.5061045
0.5029894
0.5180008
0.5342811
0.4919180
0.4711881
0.4889163
0.4858934
0.4935240
0.5062384
0.4788654
0.5250367
0.4822863
0.4567166
0.5140282
0.5406625
0.4980407
0.5114881
0.4911451
0.4852332
0.5065747
0.5153174
0.5084272
0.4921617
0.4640419
0.4865636
0.4825997
0.5310531
0.4713592
0.4821034
0.4804275
0.4813802
0.5137885
0.5409583
0.5270381
0.5163901
0.4939091
0.5071503
0.5177457
0.5040159
0.5061045
0.5029894
0.5180008
0.5342811
0.4919180
0.4711881
0.4889163
0.4858934
0.4935240
0.5062384
0.4788654
0.5250367
0.4822863
0.4567166
0.5140282
0.5406625
0.4980407
0.5114881
0.4911451
0.4852332
0.5065747
0.5153174
0.5084272
0.4921617
0.4640419
0.4865636
0.4825997
0.5310531
0.4713592
0.4821034
0.4804275
0.4813802
0.5137885
0.5409583
0.5270381
0.5163901
0.4939091
0.5071503
0.5177457
0.5040159
0.5061045
0.5029894
0.5180008
0.5342811
0.4919180
0.4711881
0.4889163
0.4858934
0.4935240
0.5062384
0.4788654
0.5250367
0.4822863
0.4567166
0.5140282
0.5406625
0.4980407
0.5114881
0.4911451
0.4852332
0.5065747
0.5153174
0.5084272
0.4921617
0.4640419
0.4865636
0.4825997
0.5310531
0.4713592
0.4821034
0.4804275
0.4813802
0.5137885
0.5409583
0.5270381
0.5163901
0.4939091
0.5071503
0.5177457
0.5040159
0.5061045
0.5029894
0.5180008
0.5342811
0.4919180
0.4711881
0.4889163
0.4858934
0.4935240
0.5062384
0.4788654
0.5250367
0.4822863
0.4567166
0.5140282
0.5406625
0.4980407
0.5114881
0.4911451
0.4852332
0.5065747
0.5153174
0.5084272
0.4921617
0.4640419
0.4865636
0.4825997
0.5310531
0.4713592
0.4821034
0.4804275
0.4813802
0.5137885
0.5409583
0.5270381
0.5163901
0.4939091
0.5071503
0.5177457
0.5040159
0.5061045
0.5029894
0.5180008
0.5342811
0.4919180
0.4711881
0.4889163
0.4858934
0.4935240
0.5062384
0.4788654
0.5250367
0.4822863
0.4567166
0.5140282
0.5406625
0.4980407
0.5114881
0.4911451
0.4852332
0.5065747
0.5153174
0.5084272
0.4921617
0.4640419
0.4865636
0.4825997
0.5310531
0.4713592
0.4821034
0.4804275
0.4813802
0.5137885
0.5409583
0.5270381
0.5163901
0.4939091
0.5071503
0.5177457
0.5040159
0.5061045
0.5029894
0.5180008
0.5342811
0.4919180
0.4711881
0.4889163
0.4858934
0.4935240
0.5062384
0.4788654
0.5250367
0.4822863
0.4567166
0.5140282
0.5406625
0.4980407
0.5114881
0.4911451
0.4852332
0.5065747
0.5153174
0.5084272
0.4921617
0.4640419
0.4865636
0.4825997
0.5310531
0.4713592
0.4821034
0.4804275
0.4813802
0.5137885
0.5409583
0.5270381
0.5163901
0.4939091
0.5071503
0.5177457
0.5040159
0.5061045
0.5029894
0.5180008
0.5342811
0.4919180
0.4711881
0.4889163
0.4858934
0.4935240
0.5062384
0.4788654
0.5250367
0.4822863
0.4567166
0.5140282
0.5406625
0.4980407
0.5114881
0.4911451
0.4852332
0.5065747
0.5153174
0.5084272
0.4921617
0.4640419
0.4865636
0.4825997
0.5310531
0.4713592
0.4821034
0.4804275
0.4813802
0.5137885
0.5409583
0.5270381
0.5163901
0.4939091
0.5071503
0.5177457
0.5040159
0.5061045
0.5029894
0.5180008
0.5342811
0.4919180
0.4711881
0.4889163
0.4858934
0.4935240
0.5062384
0.4788654
0.5250367
0.4822863
0.4567166
0.5140282
0.5406625
0.4980407
0.5114881
0.4911451
0.4852332
0.5065747
0.5153174
0.5084272
0.4921617
0.4640419
0.4865636
0.4825997
0.5310531
0.4713592
0.4821034
0.4804275
0.4813802
0.5137885
0.5409583
0.5270381
0.5163901
0.4939091
0.5071503
0.5177457
0.5040159
0.5061045
0.5029894
0.5180008
0.5342811
0.4919180
0.4711881
0.4889163
0.4858934
0.4935240
0.5062384
0.4788654
0.5250367
0.4822863
0.4567166
0.5140282
0.5406625
0.4980407
0.5114881
0.4911451
0.4852332
0.5065747
0.5153174
0.5084272
0.4921617
0.4640419
0.4865636
0.4825997
0.5310531
0.4713592
0.4821034
0.4804275
0.4813802
0.5137885
0.5409583
0.5270381
0.5163901
0.4939091
0.5071503
0.5177457
0.5040159
0.5061045
0.5029894
0.5180008
0.5342811
0.4919180
0.4711881
0.4889163
0.4858934
0.4935240
0.5062384
0.4788654
0.5250367
0.4822863
0.4567166
0.5140282
0.5406625
0.4980407
0.5114881
0.4911451
0.4852332
0.5065747
0.5153174
0.5084272
0.4921617
0.4640419
0.4865636
0.4825997
0.5310531
0.4713592
0.4821034
0.4804275
0.4813802
0.5137885
0.5409583
0.5270381
0.5163901
0.4939091
0.5071503
0.5177457
0.5040159
0.5061045
0.5029894
0.5180008
0.5342811
0.4919180
0.4711881
0.4889163
0.4858934
0.4935240
0.5062384
0.4788654
0.5250367
0.4822863
0.4567166
0.5140282
0.5406625
0.4980407
0.5114881
0.4911451
0.4852332
0.5065747
0.5153174
0.5084272
0.4921617
0.4640419
0.4865636
0.4825997
0.5310531
0.4713592
0.4821034
0.4804275
0.4813802
0.5137885
0.5409583
0.5270381
0.5163901
0.4939091
0.5071503
0.5177457
0.5040159
0.5061045
0.5029894
0.5180008
0.5342811
0.4919180
0.4711881
0.4889163
0.4858934
0.4935240
0.5062384
0.4788654
0.5250367
0.4822863
0.4567166
0.5140282
0.5406625
0.4980407
0.5114881
0.4911451
0.4852332
0.5065747
0.5153174
0.5084272
0.4921617
0.4640419
0.4865636
0.4825997
0.5310531
0.4713592
0.4821034
0.4804275
0.4813802
0.5137885
0.5409583
0.5270381
0.5163901
0.4939091
0.5071503
0.5177457
0.5040159
0.5061045
0.5029894
0.5180008
0.5342811
0.4919180
0.4711881
0.4889163
0.4858934
0.4935240
0.5062384
0.4788654
0.5250367
0.4822863
0.4567166
0.5140282
0.5406625
0.4980407
0.5114881
0.4911451
0.4852332
0.5065747
0.5153174
0.5084272
0.4921617
0.4640419
0.4865636
0.4825997
0.5310531
0.4713592
0.4821034
0.4804275
0.4813802
0.5137885
0.5409583
0.5270381
0.5163901
0.4939091
0.5071503
0.5177457
0.5040159
0.5061045
0.5029894
0.5180008
0.5342811
0.4919180
0.4711881
0.4889163
0.4858934
0.4935240
0.5062384
0.4788654
0.5250367
0.4822863
0.4567166
0.5140282
0.5406625
0.4980407
0.5114881
0.4911451
0.4852332
0.5065747
0.5153174
0.5084272
0.4921617
0.4640419
0.4865636
0.4825997
0.5310531
0.4713592
0.4821034
0.4804275
0.4813802
0.5137885
0.5409583
0.5270381
0.5163901
0.4939091
0.5071503
0.5177457
0.5040159
0.5061045
0.5029894
0.5180008
0.5342811
0.4919180
0.4711881
0.4889163
0.4858934
0.4935240
0.5062384
0.4788654
0.5250367
0.4822863
0.4567166
0.5140282
0.5406625
0.4980407
0.5114881
0.4911451
0.4852332
0.5065747
0.5153174
0.5084272
0.4921617
0.4640419
0.4865636
0.4825997
0.5310531
0.4713592
0.4821034
0.4804275
0.4813802
0.5137885
0.5409583
0.5270381
0.5163901
0.4939091
0.5071503
0.5177457
0.5040159
0.5061045
0.5029894
0.5180008
0.5342811
0.4919180
0.4711881
0.4889163
0.4858934
0.4935240
0.5062384
0.4788654
0.5250367
0.4822863
0.4567166
0.5140282
0.5406625
0.4980407
0.5114881
0.4911451
0.4852332
0.5065747
0.5153174
0.5084272
0.4921617
0.4640419
0.4865636
0.4825997
0.5310531
0.4713592
0.4821034
0.4804275
0.4813802
0.5137885
0.5409583
0.5270381
0.5163901
0.4939091
0.5071503
0.5177457
0.5040159
0.5061045
0.5029894
0.5180008
0.5342811
0.4919180
0.4711881
0.4889163
0.4858934
0.4935240
0.5062384
0.4788654
0.5250367
0.4822863
0.4567166
0.5140282
0.5406625
0.4980407
0.5114881
0.4911451
0.4852332
0.5065747
0.5153174
0.5084272
0.4921617
0.4640419
0.4865636
0.4825997
0.5310531
0.4713592
0.4821034
0.4804275
0.4813802
0.5137885
0.5409583
0.5270381
0.5163901
0.4939091
0.5071503
0.5177457
0.5040159
0.5061045
0.5029894
0.5180008
0.5342811
0.4919180
0.4711881
0.4889163
0.4858934
0.4935240
0.5062384
0.4788654
0.5250367
0.4822863
0.4567166
0.5140282
0.5406625
0.4980407
0.5114881
0.4911451
0.4852332
0.5065747
0.5153174
0.5084272
0.4921617
0.4640419
0.4865636
0.4825997
0.5310531
0.4713592
0.4821034
0.4804275
0.4813802
0.5137885
0.5409583
0.5270381
0.5163901
0.4939091
0.5071503
0.5177457
0.5040159
0.5061045
0.5029894
0.5180008
0.5342811
0.4919180
0.4711881
0.4889163
0.4858934
0.4935240
0.5062384
0.4788654
0.5250367
0.4822863
0.4567166
0.5140282
0.5406625
0.4980407
0.5114881
0.4911451
0.4852332
0.5065747
0.5153174
0.5084272
0.4921617
0.4640419
0.4865636
0.4825997
0.5310531
0.4713592
0.4821034
0.4804275
0.4813802
0.5137885
0.5409583
0.5270381
0.5163901
0.4939091
0.5071503
0.5177457
0.5040159
0.5061045
0.5029894
0.5180008
0.5342811
0.4919180
0.4711881
0.4889163
0.4858934
0.4935240
0.5062384
0.4788654
0.5250367
0.4822863
0.4567166
0.5140282
0.5406625
0.4980407
0.5114881
0.4911451
0.4852332
0.5065747
0.5153174
0.5084272
0.4921617
0.4640419
0.4865636
0.4825997
0.5310531
0.4713592
0.4821034
0.4804275
0.4813802
0.5137885
0.5409583
0.5270381
0.5163901
0.4939091
0.5071503
0.5177457
0.5040159
0.5061045
0.5029894
0.5180008
0.5342811
0.4919180
0.4711881
0.4889163
0.4858934
0.4935240
0.5062384
0.4788654
0.5250367
0.4822863
0.4567166
0.5140282
0.5406625
0.4980407
0.5114881
0.4911451
0.4852332
0.5065747
0.5153174
0.5084272
0.4921617
0.4640419
0.4865636
0.4825997
0.5310531
0.4713592
0.4821034
0.4804275
0.4813802
0.5137885
0.5409583
0.5270381
0.5163901
0.4939091
0.5071503
0.5177457
0.5040159
0.5061045
0.5029894
0.5180008
0.5342811
0.4919180
0.4711881
0.4889163
0.4858934
0.4935240
0.5062384
0.4788654
0.5250367
0.4822863
0.4567166
0.5140282
0.5406625
0.4980407
0.5114881
0.4911451
0.4852332
0.5065747
0.5153174
0.5084272
0.4921617
0.4640419
0.4865636
0.4825997
0.5310531
0.4713592
0.4821034
0.4804275
0.4813802
0.5137885
0.5409583
0.5270381
0.5163901
0.4939091
0.5071503
0.5177457
0.5040159
0.5061045
0.5029894
0.5180008
0.5342811
0.4919180
0.4711881
0.4889163
0.4858934
0.4935240
0.5062384
0.4788654
0.5250367
0.4822863
0.4567166
0.5140282
0.5406625
0.4980407
0.5114881
0.4911451
0.4852332
0.5065747
0.5153174
0.5084272
0.4921617
0.4640419
0.4865636
0.4825997
0.5310531
0.4713592
0.4821034
0.4804275
0.4813802
0.5137885
0.5409583
0.5270381
0.5163901
0.4939091
0.5071503
0.5177457
0.5040159
0.5061045
0.5029894
0.5180008
0.5342811
0.4919180
0.4711881
0.4889163
0.4858934
0.4935240
0.5062384
0.4788654
0.5250367
0.4822863
0.4567166
0.5140282
0.5406625
0.4980407
0.5114881
0.4911451
0.4852332
0.5065747
0.5153174
0.5084272
0.4921617
0.4640419
0.4865636
0.4825997
0.5310531
0.4713592
0.4821034
0.4804275
0.4813802
0.5137885
0.5409583
0.5270381
0.5163901
0.4939091
0.5071503
0.5177457
0.5040159
0.5061045
0.5029894
0.5180008
0.5342811
0.4919180
0.4711881
0.4889163
0.4858934
0.4935240
0.5062384
0.4788654
0.5250367
0.4822863
0.4567166
0.5140282
0.5406625
0.4980407
0.5114881
0.4911451
0.4852332
0.5065747
0.5153174
0.5084272
0.4921617
0.4640419
0.4865636
0.4825997
0.5310531
0.4713592
0.4821034
0.4804275
0.4813802
0.5137885
0.5409583
0.5270381
0.5163901
0.4939091
0.5071503
0.5177457
0.5040159
0.5061045
0.5029894
0.5180008
0.5342811
0.4919180
0.4711881
0.4889163
0.4858934
0.4935240
0.5062384
0.4788654
0.5250367
0.4822863
0.4567166
0.5140282
0.5406625
0.4980407
0.5114881
0.4911451
0.4852332
0.5065747
0.5153174
0.5084272
0.4921617
0.4640419
0.4865636
0.4825997
0.5310531
0.4713592
0.4821034
0.4804275
0.4813802
0.5137885
0.5409583
0.5270381
0.5163901
0.4939091
0.5071503
0.5177457
0.5040159
0.5061045
0.5029894
0.5180008
0.5342811
0.4919180
0.4711881
0.4889163
0.4858934
0.4935240
0.5062384
0.4788654
0.5250367
0.4822863
0.4567166
0.5140282
0.5406625
0.4980407
0.5114881
0.4911451
0.4852332
0.5065747
0.5153174
0.5084272
0.4921617
0.4640419
0.4865636
0.4825997
0.5310531
0.4713592
0.4821034
0.4804275
0.4813802
0.5137885
0.5409583
0.5270381
0.5163901
0.4939091
0.5071503
0.5177457
0.5040159
0.5061045
0.5029894
0.5180008
0.5342811
0.4919180
0.4711881
0.4889163
0.4858934
0.4935240
0.5062384
0.4788654
0.5250367
0.4822863
0.4567166
0.5140282
0.5406625
0.4980407
0.5114881
0.4911451
0.4852332
0.5065747
0.5153174
0.5084272
0.4921617
0.4640419
0.4865636
0.4825997
0.5310531
0.4713592
0.4821034
0.4804275
0.4813802
0.5137885
0.5409583
0.5270381
0.5163901
0.4939091
0.5071503
0.5177457
0.5040159
0.5061045
0.5029894
0.5180008
0.5342811
0.4919180
0.4711881
0.4889163
0.4858934
0.4935240
0.5062384
0.4788654
0.5250367
0.4822863
0.4567166
0.5140282
0.5406625
0.4980407
0.5114881
0.4911451
0.4852332
0.5065747
0.5153174
0.5084272
0.4921617
0.4640419
0.4865636
0.4825997
0.5310531
0.4713592
0.4821034
0.4804275
0.4813802
0.5137885
0.5409583
0.5270381
0.5163901
0.4939091
0.5071503
0.5177457
0.5040159
0.5061045
0.5029894
0.5180008
0.5342811
0.4919180
0.4711881
0.4889163
0.4858934
0.4935240
0.5062384
0.4788654
0.5250367
0.4822863
0.4567166
0.5140282
0.5406625
0.4980407
0.5114881
0.4911451
0.4852332
0.5065747
0.5153174
0.5084272
0.4921617
0.4640419
0.4865636
0.4825997
0.5310531
0.4713592
0.4821034
0.4804275
0.4813802
0.5137885
0.5409583
0.5270381
0.5163901
0.4939091
0.5071503
0.5177457
0.5040159
0.5061045
0.5029894
0.5180008
0.5342811
0.4919180
0.4711881
0.4889163
0.4858934
0.4935240
0.5062384
0.4788654
0.5250367
0.4822863
0.4567166
0.5140282
0.5406625
0.4980407
0.5114881
0.4911451
0.4852332
0.5065747
0.5153174
0.5084272
0.4921617
0.4640419
0.4865636
0.4825997
0.5310531
0.4713592
0.4821034
0.4804275
0.4813802
0.5137885
0.5409583
0.5270381
0.5163901
0.4939091
0.5071503
0.5177457
0.5040159
0.5061045
0.5029894
0.5180008
0.5342811
0.4919180
0.4711881
0.4889163
0.4858934
0.4935240
0.5062384
0.4788654
0.5250367
0.4822863
0.4567166
0.5140282
0.5406625
0.4980407
0.5114881
0.4911451
0.4852332
0.5065747
0.5153174
0.5084272
0.4921617
0.4640419
0.4865636
0.4825997
0.5310531
0.4713592
0.4821034
0.4804275
0.4813802
0.5137885
0.5409583
0.5270381
0.5163901
0.4939091
0.5071503
0.5177457
0.5040159
0.5061045
0.5029894
0.5180008
0.5342811
0.4919180
0.4711881
0.4889163
0.4858934
0.4935240
0.5062384
0.4788654
0.5250367
0.4822863
0.4567166
0.5140282
0.5406625
0.4980407
0.5114881
0.4911451
0.4852332
0.5065747
0.5153174
0.5084272
0.4921617
0.4640419
0.4865636
0.4825997
0.5310531
0.4713592
0.4821034
0.4804275
0.4813802
0.5137885
0.5409583
0.5270381
0.5163901
0.4939091
0.5071503
0.5177457
0.5040159
0.5061045
0.5029894
0.5180008
0.5342811
0.4919180
0.4711881
0.4889163
0.4858934
0.4935240
0.5062384
0.4788654
0.5250367
0.4822863
0.4567166
0.5140282
0.5406625
0.4980407
0.5114881
0.4911451
0.4852332
0.5065747
0.5153174
0.5084272
0.4921617
0.4640419
0.4865636
0.4825997
0.5310531
0.4713592
0.4821034
0.4804275
0.4813802
0.5137885
0.5409583
0.5270381
0.5163901
0.4939091
0.5071503
0.5177457
0.5040159
0.5061045
0.5029894
0.5180008
0.5342811
0.4919180
0.4711881
0.4889163
0.4858934
0.4935240
0.5062384
0.4788654
0.5250367
0.4822863
0.4567166
0.5140282
0.5406625
0.4980407
0.5114881
0.4911451
0.4852332
0.5065747
0.5153174
0.5084272
0.4921617
0.4640419
0.4865636
0.4825997
0.5310531
0.4713592
0.4821034
0.4804275
0.4813802
0.5137885
0.5409583
0.5270381
0.5163901
0.4939091
0.5071503
0.5177457
0.5040159
0.5061045
0.5029894
0.5180008
0.5342811
0.4919180
0.4711881
0.4889163
0.4858934
0.4935240
0.5062384
0.4788654
0.5250367
0.4822863
0.4567166
0.5140282
0.5406625
0.4980407
0.5114881
0.4911451
0.4852332
0.5065747
0.5153174
0.5084272
0.4921617
0.4640419
0.4865636
0.4825997
0.5310531
0.4713592
0.4821034
0.4804275
0.4813802
0.5137885
0.5409583
0.5270381
0.5163901
0.4939091
0.5071503
0.5177457
0.5040159
0.5061045
0.5029894
0.5180008
0.5342811
0.4919180
0.4711881
0.4889163
0.4858934
0.4935240
0.5062384
0.4788654
0.5250367
0.4822863
0.4567166
0.5140282
0.5406625
0.4980407
0.5114881
0.4911451
0.4852332
0.5065747
0.5153174
0.5084272
0.4921617
0.4640419
0.4865636
0.4825997
0.5310531
0.4713592
0.4821034
0.4804275
0.4813802
0.5137885
0.5409583
0.5270381
0.5163901
0.4939091
0.5071503
0.5177457
0.5040159
0.5061045
0.5029894
0.5180008
0.5342811
0.4919180
0.4711881
0.4889163
0.4858934
0.4935240
0.5062384
0.4788654
0.5250367
0.4822863
0.4567166
0.5140282
0.5406625
0.4980407
0.5114881
0.4911451
0.4852332
0.5065747
0.5153174
0.5084272
0.4921617
0.4640419
0.4865636
0.4825997
0.5310531
0.4713592
0.4821034
0.4804275
0.4813802
0.5137885
0.5409583
0.5270381
0.5163901
0.4939091
0.5071503
0.5177457
0.5040159
0.5061045
0.5029894
0.5180008
0.5342811
0.4919180
0.4711881
0.4889163
0.4858934
0.4935240
0.5062384
0.4788654
0.5250367
0.4822863
0.4567166
0.5140282
0.5406625
0.4980407
0.5114881
0.4911451
0.4852332
0.5065747
0.5153174
0.5084272
0.4921617
0.4640419
0.4865636
0.4825997
0.5310531
0.4713592
0.4821034
0.4804275
0.4813802
0.5137885
0.5409583
0.5270381
0.5163901
0.4939091
0.5071503
0.5177457
0.5040159
0.5061045
0.5029894
0.5180008
0.5342811
0.4919180
0.4711881
0.4889163
0.4858934
0.4935240
0.5062384
0.4788654
0.5250367
0.4822863
0.4567166
0.5140282
0.5406625
0.4980407
0.5114881
0.4911451
0.4852332
0.5065747
0.5153174
0.5084272
0.4921617
0.4640419
0.4865636
0.4825997
0.5310531
0.4713592
0.4821034
0.4804275
0.4813802
0.5137885
0.5409583
0.5270381
0.5163901
0.4939091
0.5071503
0.5177457
0.5040159
0.5061045
0.5029894
0.5180008
0.5342811
0.4919180
0.4711881
0.4889163
0.4858934
0.4935240
0.5062384
0.4788654
0.5250367
0.4822863
0.4567166
0.5140282
0.5406625
0.4980407
0.5114881
0.4911451
0.4852332
0.5065747
0.5153174
0.5084272
0.4921617
0.4640419
0.4865636
0.4825997
0.5310531
0.4713592
0.4821034
0.4804275
0.4813802
0.5137885
0.5409583
0.5270381
0.5163901
0.4939091
0.5071503
0.5177457
0.5040159
0.5061045
0.5029894
0.5180008
0.5342811
0.4919180
0.4711881
0.4889163
0.4858934
0.4935240
0.5062384
0.4788654
0.5250367
0.4822863
0.4567166
0.5140282
0.5406625
0.4980407
0.5114881
0.4911451
0.4852332
0.5065747
0.5153174
0.5084272
