16.268423
17.475542
16.667144
15.935769
15.436567
16.267548
15.776954
15.645572
17.061351
16.154989
17.020225
17.127200
17.792519
17.616077
17.004473
17.395123
17.983738
19.395358
17.910156
18.763056
16.253159
15.666794
17.315248
22.319140
21.935705
20.898855
21.389406
19.005563
19.499755
19.974399
20.158758
19.253651
21.114724
21.041168
20.880682
18.965906
20.805820
21.715372
21.518855
23.221622
21.158552
20.597540
21.596982
22.714959
23.107227
23.444844
22.234591
21.729053
22.088178
21.882371
20.092428
21.453495
22.241396
22.760564
23.225712
24.943404
24.749826
22.669923
23.887355
22.310273
23.398017
22.266889
24.885278
24.053427
24.962326
23.857557
21.759897
21.294464
23.398501
23.045117
22.693415
20.750554
21.779961
21.490882
23.010132
23.073943
21.084324
22.280054
21.562709
23.212959
22.099808
20.999748
21.058732
25.822305
24.406430
23.778012
24.268662
23.172280
24.866169
21.633460
24.045871
23.113770
15.026902
15.636172
15.314359
14.324534
14.344246
15.092589
15.704277
15.370277
16.241144
17.102711
16.336315
16.075791
16.054647
16.734565
17.420964
15.332280
16.008692
16.443704
14.662949
15.358254
15.119162
17.300940
16.928571
17.609270
16.985149
17.480338
16.231761
14.908576
15.263329
18.037504
16.883895
16.889328
14.997936
17.187616
15.825724
16.307059
17.177395
16.832610
17.518729
17.726474
17.042874
15.970539
15.746955
17.272438
15.402872
16.094290
16.595821
16.071958
15.297307
15.619175
16.848521
17.582854
17.526901
16.927150
15.860130
17.989274
16.264093
16.415783
17.685582
18.341195
16.889039
18.795922
19.447203
19.276097
16.649924
17.778081
16.819049
17.041086
17.436910
16.777967
20.343403
19.214443
18.099018
16.988179
15.996398
18.093333
17.565831
17.456998
18.267847
18.936160
18.718015
17.901917
19.089974
18.728241
18.095694
18.420991
19.203187
18.882362
16.874745
16.136695
16.227062
15.482645
16.641797
16.316942
15.555738
16.622098
16.583174
17.264660
16.905281
18.097360
18.441776
18.256736
17.495960
15.359049
16.288298
15.354908
16.404510
17.319427
17.437614
18.761704
18.220300
18.215586
17.767297
18.337066
18.115425
19.099481
19.117482
18.340835
18.522137
17.712282
18.663759
18.247614
18.975005
18.157258
18.445845
19.308737
17.925418
15.139997
14.750757
13.929865
14.835669
15.387682
14.395220
16.094369
14.942135
16.031269
14.909629
16.575273
16.133495
20.882267
21.812017
19.451373
19.991301
18.512449
18.616704
17.152946
18.201729
17.826989
18.604780
18.199597
18.365142
17.828082
19.384742
21.027316
22.871588
20.222657
21.940608
21.162099
22.617761
21.852302
21.374814
20.755761
21.282531
19.098251
17.898964
18.734952
17.284644
18.624057
17.906933
19.237321
17.908287
15.011580
11.886612
11.721038
12.290812
12.085486
12.891055
10.860568
14.321006
13.534271
14.769914
12.837384
14.223706
16.857577
17.947986
17.577678
16.903093
17.613859
17.909825
19.823913
18.480239
19.561353
18.981083
20.012962
17.321345
17.953990
17.713301
17.026507
17.600781
15.793391
15.771252
15.678458
16.211061
17.527211
17.333794
17.165391
17.690310
17.156850
17.446321
15.040290
15.824431
14.270286
15.591966
14.696251
14.543447
15.439249
15.013123
14.942709
13.867838
16.892531
17.670719
16.817142
15.848879
17.396201
16.456537
15.328055
17.108086
15.755808
16.677621
15.934891
15.062373
15.429739
14.887045
15.723471
14.690968
15.579750
15.013228
16.220770
15.257162
15.751481
14.972192
15.210590
15.475452
15.785791
15.059000
14.986976
15.136441
13.739360
14.641741
14.154786
15.537996
16.702249
16.203899
16.717790
15.948611
16.338414
15.967164
15.844630
12.859100
13.479611
12.885661
12.215708
13.087790
13.325317
14.195178
14.847568
14.417438
14.580062
14.849506
15.373959
16.095884
22.469266
21.570416
22.898657
21.773232
20.708453
20.945651
20.690313
13.970394
13.856099
14.167981
14.374946
13.370020
12.963445
12.540792
12.235409
12.424396
12.321094
12.919935
16.167746
16.898989
17.115079
16.856977
17.821228
16.905681
17.252879
16.996495
17.083764
17.524537
16.342697
18.036288
17.417169
18.356300
16.320031
16.545148
17.572634
15.521539
14.718358
13.917453
15.057079
14.439568
15.767878
15.850727
15.328038
16.418669
14.491331
15.063400
15.269823
15.106402
15.845662
15.179249
15.410175
16.774876
16.510895
16.438271
16.042577
14.796086
14.754980
15.159248
14.893527
15.099571
12.499180
12.922698
12.940768
13.450114
14.773273
13.345996
13.915188
10.953524
13.449844
13.270021
13.839234
13.085866
12.297865
12.069686
17.898050
17.913005
17.081489
17.460714
18.001055
16.919959
16.933730
16.742749
18.763513
18.388433
18.044153
18.727829
21.294126
22.158555
20.578638
20.877780
21.881146
22.466427
22.520941
22.375890
23.522621
22.396876
22.167204
17.632664
18.186745
20.022012
18.430071
19.403207
19.006433
19.250271
17.938028
18.493568
16.089502
15.771867
16.623562
17.070526
15.180286
16.579241
17.272726
17.756685
18.314486
20.260011
19.914654
19.374035
19.996422
17.011097
17.050020
17.653191
17.804035
18.771336
17.002293
18.001828
17.838387
16.851895
16.584553
16.815933
17.345526
16.186575
17.203266
16.723895
17.438021
17.262167
16.833303
21.952364
22.854262
22.105230
22.551444
23.298633
23.743904
23.257325
21.007933
20.537383
20.620692
19.358098
21.580809
20.950369
20.040136
21.164733
20.828227
19.807043
20.290445
19.129277
20.869750
21.659771
20.092507
20.759040
19.709845
20.299037
21.576855
19.905313
19.488261
20.241505
20.234478
19.657755
18.055914
19.883938
17.511540
18.402620
19.674654
19.737263
19.704140
19.860347
18.011063
18.520079
18.307467
18.787675
18.116949
18.318134
17.830285
21.735318
21.662680
20.677457
21.462980
24.636285
22.217147
21.755617
20.961375
21.562428
27.326217
25.665200
28.015113
27.138275
23.098946
22.825127
26.508140
24.250589
23.705884
21.633316
24.489067
24.519406
22.133022
24.552280
25.724225
26.998651
25.244617
25.935549
28.071354
25.141217
24.420541
26.599094
26.206215
26.796936
26.669280
26.357896
28.739190
28.716063
27.847523
19.779060
19.192672
18.537544
18.917688
19.281570
18.192193
17.604136
19.259027
21.282851
20.295472
21.023166
21.278166
19.467185
22.653055
23.423901
22.497350
21.941122
22.654248
22.640642
22.664384
21.950632
23.866674
23.326604
23.343769
19.924019
20.487518
21.111561
20.990305
19.787336
20.201962
22.332664
20.877740
21.286019
20.043695
19.467978
19.903160
22.475795
20.165077
18.879729
18.196192
20.182794
19.664989
19.700732
19.594721
16.126043
16.965991
15.389061
15.002721
15.893696
15.858019
17.356487
14.165505
14.165509
14.605510
14.704519
14.876360
12.875897
15.137019
14.135511
14.968251
14.184519
14.136247
14.370724
14.493089
16.905539
17.311224
16.545376
16.437337
17.259018
17.447040
17.230811
14.654198
13.652121
14.188351
15.776625
14.996271
14.121280
15.453730
14.473317
15.285582
15.701097
15.070539
15.927195
15.725070
14.672081
15.548742
15.931205
15.420376
16.116293
15.361230
15.571132
14.533814
14.225404
18.075493
18.152916
18.183725
17.277597
18.444075
17.891621
10.481204
11.303717
11.005536
11.582268
11.337203
10.793525
11.102676
15.275165
14.566126
14.670818
14.949296
15.392257
14.442846
14.637330
14.276298
15.626289
16.908252
17.323521
17.347407
17.025794
16.638133
17.216975
17.421739
17.514882
18.631392
16.767467
18.286385
16.569589
23.902811
23.564097
17.871247
19.905248
19.697372
18.855555
18.700320
18.605221
18.318250
17.585246
19.467151
18.868938
18.655866
18.659896
19.937427
18.870301
18.481148
19.179142
17.876655
19.737632
19.845363
18.959741
20.091253
20.843126
21.791890
20.732133
20.554698
21.451484
19.683894
17.710237
18.488704
17.948882
20.433610
20.113549
20.940321
19.332544
20.118478
21.396023
17.532863
18.345993
17.161050
16.799521
16.067370
16.398406
18.127097
16.440374
18.701071
19.323383
19.213368
19.261874
18.153292
21.748568
22.597298
22.355202
23.405702
22.650358
22.324105
22.096472
22.391093
24.188615
23.538428
24.008095
23.696552
23.422948
23.685591
23.378758
23.218364
22.259633
24.305373
22.642833
13.479411
13.305425
13.656397
12.815830
13.071325
13.391727
10.980833
11.746214
11.498360
11.102500
10.955246
11.389580
11.063973
11.873978
12.239884
12.218528
12.188647
11.886165
11.195609
10.630183
11.436892
11.941606
11.508306
10.844233
11.701722
11.849870
 9.973603
 9.886143
10.002809
10.996296
10.841907
11.344730
11.718341
10.402678
10.487953
10.289691
10.260556
11.410576
10.061711
10.578852
18.746782
17.879224
16.694969
17.405451
22.469997
21.295868
21.571605
19.954734
18.688591
19.445457
18.446857
18.143718
19.051238
19.045670
18.356062
18.932655
18.050236
17.515692
19.994019
19.695256
22.233619
20.000774
21.614480
20.509819
21.037494
19.435002
21.730243
20.094566
21.870162
21.765477
21.494663
19.473802
18.425680
19.980950
19.584932
16.514151
16.447343
17.061622
15.865625
18.715085
17.236399
18.062140
17.346668
18.103789
19.055674
18.371127
18.847722
18.826193
21.275809
19.944441
20.624805
19.339922
20.683277
19.601718
21.447202
19.902343
19.212109
20.551723
22.708723
25.149717
24.183692
23.077493
21.713068
24.332206
21.773422
15.061233
14.844930
16.161418
16.663226
15.543680
15.672286
16.111370
17.116868
14.912498
14.672828
15.655973
15.322531
14.917579
16.235120
12.243430
12.237664
13.059192
12.361757
13.117906
12.395402
22.038565
22.012097
20.284027
20.649290
21.591995
21.300990
20.055675
19.528565
20.987000
21.796038
20.161670
19.287354
20.865522
21.031961
20.339104
20.252722
19.355592
19.692767
19.987088
19.203892
20.575524
19.629554
19.804863
18.286662
19.785957
19.370873
18.658445
19.313092
18.712415
18.360137
19.438986
19.012052
18.852146
19.553681
18.662814
19.821906
19.144668
20.298693
10.554579
10.646855
10.169472
11.021043
11.247527
11.373781
12.369255
12.073590
12.350877
11.938496
11.251263
10.810527
11.858595
11.092437
10.874447
11.921511
11.586054
10.935843
10.981596
10.451235
11.148421
10.662053
11.696962
12.123938
11.333922
11.455870
11.814371
10.840986
11.830959
11.492554
11.952425
10.646527
11.134177
12.044003
12.213149
13.664817
13.290612
13.219366
11.288005
11.861981
10.763090
11.482665
11.341770
11.455165
10.969823
11.689083
11.780521
11.619527
11.618523
11.814007
11.144752
11.285460
11.140909
11.845859
11.284875
10.893168
11.263113
12.678083
12.542882
12.661524
12.862966
12.509393
13.024487
13.183655
13.819226
13.355370
14.377878
12.250563
13.457639
13.345994
13.794983
12.144059
12.333525
11.983590
12.614283
14.057250
14.310436
13.821492
12.189876
12.872275
13.113395
12.806089
12.244951
11.346982
11.686800
11.133856
12.733552
12.581094
11.642285
12.163135
11.360453
13.073693
14.003572
13.062417
13.193806
12.519620
13.168928
12.017492
11.385143
12.146290
11.395249
12.898179
11.795793
12.873988
12.945467
12.238225
13.426149
14.951565
12.491602
14.261356
13.797448
13.098386
13.812952
12.537533
12.311167
12.492184
11.685966
12.553987
14.848164
13.981801
15.270536
14.842433
15.197305
14.555035
14.287979
14.913508
14.156764
14.053098
13.355984
12.772023
13.513328
12.918471
12.901256
13.550401
13.398689
12.633098
11.091761
10.713902
11.819138
12.489050
10.987895
11.916358
12.427250
12.129467
11.956581
12.382821
13.698090
13.564894
12.918661
12.869834
12.825539
12.400547
12.924534
12.519364
14.290927
13.217493
13.695099
12.624050
13.689552
13.510068
12.624296
18.253126
19.341282
19.218658
18.833279
16.250522
15.943743
17.153759
21.913104
19.971557
21.401638
20.803008
22.507174
23.727086
23.894668
21.391867
24.885046
23.344861
21.683711
21.863102
23.379457
21.054952
17.516412
17.893527
17.140433
16.658695
15.056282
14.913012
14.986219
16.186345
16.091399
17.169509
16.890235
18.768628
20.724960
19.348807
18.268481
20.895998
16.612875
17.535397
17.780175
17.545406
16.998487
17.254237
17.832011
14.957141
14.968394
15.871016
14.116869
14.255910
13.353858
14.226066
13.393125
14.823481
14.209401
13.819094
14.714524
16.962566
15.364226
17.505820
16.077892
14.705905
15.702129
16.112975
14.702297
14.359898
17.040357
15.860769
15.480917
15.103203
15.028663
14.841533
15.133050
14.968501
13.415628
14.447640
14.911995
14.622942
13.932780
14.152773
13.696088
15.005372
 8.582695
 8.894424
 8.646640
 8.792124
21.588325
20.439720
20.790443
14.709810
13.160276
14.543049
14.883151
14.847322
14.149668
12.498784
13.629213
12.397239
11.390783
12.151725
11.696599
11.913056
10.464946
11.603010
11.428684
12.249166
12.087338
11.512527
11.725291
11.959225
11.341076
11.468541
11.775775
11.230663
12.637306
12.843148
12.450346
12.396516
12.736244
13.129538
12.482912
12.351161
12.253454
12.552107
12.632257
12.325583
11.691227
13.472056
15.422730
15.792040
15.192050
15.088689
16.624373
15.413425
14.906502
14.372844
17.437337
15.844618
15.609700
17.786068
15.762317
16.245842
15.346015
16.192842
15.766584
16.678478
18.832256
16.779450
16.680717
17.195914
16.727932
17.880365
16.971652
18.465569
18.918218
17.707020
11.580318
11.263259
11.472392
12.310319
11.144398
12.403589
14.003874
13.589928
14.581848
11.638227
11.346700
13.405950
11.680345
12.163740
11.985822
11.572252
14.719099
15.717744
15.018946
15.194749
14.537517
14.852347
16.527298
16.491027
14.945058
15.520018
15.445871
15.702454
16.782570
16.124935
16.175387
17.890094
16.840302
17.805421
17.021356
18.505686
17.639156
18.441705
18.004707
18.210035
17.525894
15.399351
15.051776
15.566837
16.622146
16.139486
17.805611
17.859604
17.836766
17.546625
18.951856
20.814665
20.317896
21.880957
21.668612
19.432809
22.216179
20.810679
20.603131
20.873043
21.698440
15.673362
14.324797
16.960343
15.674316
15.236019
15.993329
15.596666
16.404891
15.531579
15.606880
15.132096
15.585439
14.933823
16.458715
15.263590
15.156041
14.607860
15.430004
14.807046
14.334570
18.751164
19.497785
20.761821
19.391516
20.072759
20.303892
19.243592
17.224289
17.656719
18.263024
18.537117
17.496533
17.946794
17.612814
18.338305
17.456842
18.111856
19.041176
18.060490
17.935443
16.213618
16.276936
16.743176
16.361223
15.523164
15.808930
15.423274
16.149229
17.087431
15.729487
16.114407
15.405996
15.414096
15.865499
15.894753
15.135373
15.196243
15.886314
16.446265
16.273031
17.218926
16.941118
17.825298
17.306772
18.044234
17.326322
17.681095
17.478981
16.966472
16.931276
19.216357
17.504379
17.456224
19.971610
18.397819
17.803652
16.993404
16.590706
15.546683
15.621458
15.304263
17.404120
17.760492
16.036611
15.855056
16.457801
15.905593
15.931962
15.079556
15.628109
14.498811
14.818687
14.218614
14.630088
15.318830
14.771201
14.495875
14.823990
14.982038
14.532853
15.513259
13.970929
13.351837
14.612537
16.240287
15.636330
17.375575
17.301977
17.238319
17.240529
17.207777
16.181493
15.389636
21.651735
20.369771
17.694974
16.343822
17.395185
17.788981
18.785416
20.059258
17.334476
16.797080
19.871607
19.103385
20.226098
18.126604
20.433744
22.520171
18.249344
20.782048
20.959134
22.392865
19.374390
20.579452
19.362490
21.732150
19.812785
19.784525
19.527022
19.346290
18.681692
17.993445
19.016529
16.488967
16.294606
17.026667
18.171815
16.880937
16.331469
17.362730
18.353559
16.812309
21.007131
18.718166
18.612584
17.920843
19.089959
19.101852
24.604683
22.836959
22.346436
20.754462
23.606680
20.943865
19.738751
21.586056
21.304233
22.374815
21.498718
21.649948
21.324750
21.948286
22.853367
23.835374
22.731997
22.035868
21.895029
23.907348
22.395276
17.993315
18.319861
17.476737
17.103955
19.580904
18.027975
17.756659
17.571356
18.406251
22.879403
21.761908
22.902216
22.591537
21.935916
22.589201
20.884691
22.291985
23.108084
13.509526
15.210430
14.796393
15.114398
17.245297
16.255771
17.629754
18.337839
15.268719
14.732946
14.737041
15.421031
15.337059
15.477646
16.106569
15.740703
15.374617
15.068327
15.229507
15.662094
16.382964
12.590904
11.863354
11.023896
12.243482
11.801953
19.479571
19.302340
18.714797
19.025962
18.095670
19.108976
19.130534
17.645259
18.045929
17.301115
20.317316
20.049553
18.993960
20.337770
18.935450
19.263290
19.800929
24.086646
24.564881
23.615906
22.619792
24.081669
24.725436
25.152243
17.123005
15.567257
16.618877
16.034556
17.044749
15.752247
16.559975
17.173319
18.824054
19.667911
18.956167
19.264304
17.705895
17.647609
18.310889
16.926102
18.332502
18.744485
20.430122
21.027446
20.694578
18.736593
21.468371
18.543264
19.716259
21.936896
21.208144
18.754808
23.114173
20.653914
20.260765
21.444513
21.857131
21.467630
20.943559
19.305402
21.530221
19.628149
20.225048
20.559859
18.580150
18.418078
19.343975
18.910283
19.972653
25.470049
24.826851
23.908612
26.663873
24.346974
18.253229
21.026711
18.383236
19.271623
19.282888
19.877371
19.303197
19.887906
18.801167
19.701194
19.136413
18.154938
17.248545
18.310811
19.184743
18.889902
18.683708
17.963102
17.240156
17.828835
17.490014
17.858336
18.342906
18.124961
20.364805
22.231289
20.435495
22.354728
21.724223
22.481635
21.088635
20.255477
22.489963
20.431822
20.529142
21.032400
20.009608
19.801402
20.112515
21.251188
21.642007
22.505178
23.199267
24.548113
24.795167
21.929744
20.997619
21.818336
21.568591
23.698795
23.475052
24.499150
24.013337
23.619097
17.669351
16.031992
16.352876
16.714826
17.563571
18.286801
20.864316
21.619328
19.211625
20.839007
21.177604
19.912112
17.866616
18.578523
19.446173
19.863231
17.852736
18.028754
18.157561
20.047322
19.211593
19.263413
17.901820
17.347824
16.556735
18.225886
17.883230
18.193153
17.474797
17.040721
18.781731
17.099979
17.555812
17.751045
18.095700
17.215665
17.877896
18.731339
18.936110
17.590773
17.806420
18.147560
18.837317
19.564972
18.016045
21.450205
21.350229
21.101840
19.699852
21.717817
20.205110
20.924749
19.332156
17.855808
18.220972
13.445359
13.608563
13.374359
16.062927
14.558749
14.777367
14.695374
15.777564
 8.538273
 8.238714
 8.291391
 9.616430
 9.767088
 9.682592
10.052020
 8.735067
 8.543412
 8.655377
10.329195
 9.828455
 8.773233
 8.713415
 9.628667
12.365819
12.415476
13.710621
12.352444
13.421454
13.212072
14.365663
12.947895
12.627649
13.853163
13.354775
13.934485
12.338565
12.963802
13.764421
14.222194
13.033764
13.894911
13.527775
14.034863
13.789463
13.749858
13.176473
13.120453
14.120575
21.160423
21.922850
21.679153
19.942430
21.849995
18.984538
18.831499
20.321615
19.302348
18.482930
20.716373
20.936585
19.498033
18.998136
18.268234
18.099081
18.030709
18.270749
19.841553
20.695048
20.807184
19.652521
21.426905
19.904448
20.737210
20.826030
20.590247
21.891061
21.634863
19.607685
20.932503
21.072142
19.424623
21.894592
20.465344
19.961671
18.770051
19.657091
20.788949
23.517249
22.851219
21.242742
22.895106
21.315060
21.762879
22.061710
22.273751
20.780830
22.102543
22.748798
23.314413
24.162290
25.869551
21.428994
20.253108
21.462428
21.797187
12.618298
14.364183
13.233781
13.509741
13.246454
13.320053
13.836301
13.245491
14.867589
14.597279
15.229074
14.262834
14.573946
14.098174
15.110219
14.486079
15.274097
16.144975
16.542653
18.224676
15.114073
15.182332
16.282998
17.246639
15.750481
16.666472
17.369653
16.034347
15.667843
16.159659
15.173860
15.996177
17.321348
15.308189
14.581336
14.576179
12.889922
14.025915
13.458419
15.213173
13.153080
13.355839
23.315096
21.911752
21.986839
22.219043
17.669927
16.999124
17.691954
16.727742
17.659526
17.821631
16.522980
17.258090
15.994824
15.496694
15.874619
22.450832
22.332377
21.512388
22.588446
18.890123
18.995624
19.492178
20.973095
19.744978
18.670517
18.560215
23.053940
21.328010
22.205081
20.002574
19.831169
21.994539
21.423494
20.160697
18.535483
20.350377
21.333836
22.387363
22.267499
18.648485
19.764154
19.824553
20.749053
19.648411
19.319887
21.455330
20.454411
19.918746
19.534603
20.254941
21.170613
20.753247
21.197913
21.236158
20.183864
22.085064
19.543845
24.206349
21.509778
24.479966
22.331144
23.979577
25.056603
24.047830
20.430635
21.415837
23.644696
22.012344
22.144585
20.107353
21.529255
20.582260
24.310879
25.400375
25.217166
19.093916
19.447190
18.544058
19.504660
19.143314
19.168624
19.050685
19.072326
18.614158
18.513806
18.796358
17.472472
18.288749
21.129866
19.728782
19.129731
19.470936
19.787692
18.639830
20.033774
19.938979
21.212902
21.842513
20.135758
19.381454
20.049197
18.966607
21.376245
20.653535
21.104891
20.782807
18.079019
18.711844
19.218320
17.312974
16.250047
17.670609
17.769097
19.802857
17.707169
17.611636
19.051565
20.478210
20.418302
20.111377
22.795173
21.703616
21.315606
21.284768
22.032283
23.129520
23.620793
20.061175
16.304854
18.731204
17.964052
18.990648
19.289398
19.529700
20.420629
14.755144
13.955815
14.645854
14.447138
15.018587
15.725728
13.320522
16.130610
15.795699
15.129963
18.396376
18.466297
18.220404
18.312458
18.294862
20.200950
20.568666
18.272500
16.857212
17.398390
17.650347
19.859207
18.856366
19.968410
18.772347
19.176028
20.543153
19.278310
18.869803
16.716850
18.519992
17.600479
17.721349
18.341660
15.560793
16.843721
16.171424
16.147878
16.733738
17.159547
17.276285
15.530330
16.588528
17.015395
15.688819
16.462963
17.438589
18.286655
21.164259
18.989345
21.597179
20.084240
11.786155
12.090500
12.267512
12.327813
12.515874
12.252487
12.352228
11.543189
10.170410
10.510866
10.837527
10.998682
10.333318
11.662335
11.443748
10.393650
10.548468
10.932921
11.830729
11.404576
10.805106
11.783387
12.462741
11.998074
11.967059
13.386331
14.160796
12.672545
12.181941
12.356090
12.731425
13.191969
11.950707
13.266923
15.642448
13.253642
14.095771
14.767591
14.336597
14.501039
14.574359
14.638590
14.166855
14.486483
14.964182
10.153169
10.886551
10.827862
 9.632074
 9.381769
 9.877301
 9.467632
 8.770887
 9.961491
 9.638052
 9.872195
 9.290447
 9.756273
 9.443372
 9.925330
10.256136
10.870321
10.791773
 9.831236
 9.395179
10.413060
10.051122
10.083766
 9.319177
 8.749019
 9.610417
 9.776299
 9.818391
10.055139
 9.938677
11.129670
11.049013
11.564845
10.748514
11.526962
14.099162
14.335377
14.043594
15.905590
16.039984
16.146042
15.659678
15.570614
15.367437
15.673421
14.878498
13.694580
13.633839
14.490295
14.365369
14.945449
15.846321
14.642743
15.178834
14.749873
15.871035
13.734701
14.605473
16.156593
14.392433
14.731603
18.784482
18.177142
17.552821
19.573683
18.477104
19.640535
18.302720
18.318956
15.688421
16.446752
14.974459
14.051092
14.168680
14.673231
14.762561
15.635383
14.986389
15.801471
15.716337
16.581518
14.759946
14.299771
14.018456
15.292482
14.344785
13.190395
14.067953
14.214397
12.917817
14.645452
15.003172
14.896501
14.346182
15.542119
13.793361
13.788320
14.710140
15.069393
15.432855
13.694027
14.821178
15.810544
13.905221
15.584463
15.382056
15.336747
15.810128
15.217190
14.949276
14.595159
15.318248
14.545735
15.396473
15.636628
13.982351
14.339313
13.485114
13.253383
14.823541
15.565020
17.275157
17.226128
18.845858
18.617048
20.205538
19.545256
20.565899
21.888195
19.808524
22.540949
21.352377
22.465157
19.220020
18.641714
19.935099
20.444916
18.030715
19.058659
16.368724
18.621791
18.655641
17.946224
18.153897
19.238711
19.977353
19.035285
18.815451
18.090464
15.003257
13.768053
15.750643
15.181131
16.203821
16.020174
14.811138
14.988789
13.638078
14.341131
13.561673
14.040172
14.192275
13.937745
13.551934
14.392018
13.148505
15.000765
14.250921
14.778190
14.814365
14.990772
13.748856
15.463478
15.999015
16.763367
16.095440
16.626209
16.641657
14.789866
15.804684
16.099245
16.735002
16.091796
15.650683
14.935465
15.184946
13.669332
14.087132
14.400170
13.434184
13.703341
14.251188
13.152993
15.839927
15.687065
15.654459
15.701520
16.273794
16.500944
16.155126
15.456582
16.984437
15.220203
14.984668
13.229998
15.795987
15.697257
15.696554
16.864270
16.540921
14.646410
15.256124
15.390038
15.452742
14.674165
15.407267
15.851018
17.368762
16.175736
16.590558
15.322011
16.793476
16.334645
17.939094
17.944915
16.812663
17.359048
18.264959
18.039787
18.406193
18.128440
15.126846
14.720701
14.785331
14.863621
15.170531
14.691323
15.422305
16.015934
17.795168
18.126015
17.064625
16.000619
16.082947
15.871233
19.795531
20.377951
19.274911
20.819879
20.949370
19.936026
18.319373
19.402083
19.218855
19.047361
20.215064
20.362671
21.539883
19.031932
17.931717
18.681408
18.304807
19.255341
17.481184
17.556515
18.912416
19.854332
19.700073
20.723590
19.787454
20.391155
19.625334
14.990180
14.878697
14.678029
15.561811
16.396962
16.475814
19.070289
18.814578
18.728913
18.824036
18.272610
14.923341
14.477125
15.576980
15.290320
14.841539
17.921747
16.044635
17.080804
17.504160
16.066126
17.129789
15.294638
16.432585
15.076173
14.954930
15.134885
16.548245
15.496349
15.806939
16.043675
15.562283
15.966207
18.949334
18.067802
16.403659
13.379535
13.547059
12.010127
14.280765
13.135269
12.923757
12.784840
13.372560
13.738223
13.946857
13.776314
13.960270
14.494586
18.031577
17.367393
17.030632
17.072957
15.765189
17.731479
12.680296
14.727027
14.821831
14.474210
13.905904
13.305689
14.389445
14.147836
14.661718
13.475497
17.824321
17.107931
17.415624
17.039881
18.663296
18.060024
19.249431
18.952687
20.087026
18.385472
19.977757
19.023262
17.776952
16.640983
17.280768
18.511315
18.106653
18.032875
17.669561
11.148810
10.686049
12.154566
10.360834
11.248026
11.416285
10.148492
21.544332
21.534420
20.692351
21.434610
20.792730
22.634722
21.847531
21.441311
21.336809
22.171453
21.851618
21.816905
22.512394
22.830708
21.561459
21.247838
18.014022
17.259368
17.165599
17.829322
17.689516
19.259997
19.064926
20.864114
19.925180
19.406675
17.002897
18.641002
18.313404
17.931095
18.658571
17.288496
19.487994
18.832448
18.082942
18.260548
18.934031
17.716080
19.227655
18.853049
18.225727
21.210518
16.609985
18.836300
18.367637
16.347617
16.804657
16.943314
17.184079
18.723206
18.356428
20.153079
19.902882
21.657712
20.262843
19.542982
19.970318
14.754079
14.992751
15.222690
16.728181
15.977120
15.353833
14.643726
15.906274
15.074958
15.183638
18.747498
18.351523
18.243540
18.800312
19.976877
18.991100
17.570078
16.508237
18.374745
17.869667
18.237724
17.970129
18.620209
18.300288
18.627612
17.142142
17.145342
18.247937
18.556772
15.456711
15.885146
19.038447
19.036171
19.244749
18.450488
18.763482
20.330829
24.412381
22.679423
24.759099
20.138317
20.023121
20.094418
20.142311
19.436140
21.668409
20.969931
20.028957
22.069291
20.431167
20.438165
20.884337
20.133821
21.646936
18.306092
19.509967
19.216932
18.701824
19.882300
21.529783
20.130145
20.303893
18.928801
20.373035
19.932718
19.199934
18.449034
18.688138
18.832835
18.725858
19.058798
17.582688
17.367449
17.250235
17.250089
19.017417
17.606014
18.257631
21.614505
22.340071
21.009161
21.057199
21.783941
23.476105
20.119248
21.931418
22.899820
21.763275
23.173729
22.801980
22.352310
21.284526
23.002969
23.743209
22.159247
21.023534
20.882774
21.880724
20.501083
19.978504
20.642037
19.103829
22.931173
20.073031
21.696997
22.021911
23.054452
19.427259
17.137115
18.840736
18.330128
18.555108
19.016583
18.649443
18.724414
19.640330
19.407042
19.369266
20.391467
21.819098
21.192650
20.769959
19.452580
22.101096
20.355118
19.031203
20.282977
21.574457
20.992677
15.925329
15.705502
16.810565
15.022976
15.457824
15.565347
15.285389
14.505074
16.665319
14.696084
15.440398
15.961153
16.408686
15.151908
15.786474
15.808835
16.328321
17.575311
18.239028
17.516551
18.591933
19.211720
18.680085
17.950125
19.467530
18.476645
18.876219
18.823320
19.800166
19.649743
19.017148
18.607088
17.098737
16.768832
17.183118
18.188015
18.326756
20.685638
20.508031
20.457681
19.380610
19.404962
19.931406
19.808031
20.346284
20.768627
19.716873
18.756335
20.662938
21.051762
18.515963
17.394696
18.292080
18.379217
16.449035
16.977692
11.835951
12.215429
11.695306
13.158980
13.487852
13.572077
13.113940
12.068197
11.326889
12.458730
12.204471
11.731733
11.138595
11.142569
10.590685
10.764359
11.184117
11.547376
12.380011
11.026181
14.031490
13.656457
13.899096
13.321867
14.395523
13.921630
14.829126
13.840787
14.811863
12.920820
13.322288
13.030279
13.115017
15.181689
15.604323
15.150555
14.943603
13.692686
12.549170
12.604303
13.146421
13.196557
12.838624
12.465693
12.742147
12.268127
13.962248
13.482550
12.141633
11.647763
11.622474
11.136561
11.155945
11.900235
11.723442
11.827282
12.977152
13.229919
13.158849
12.913520
12.966160
14.646987
13.418778
14.585823
10.690162
10.232671
10.745736
10.871967
10.050650
 9.960971
10.049647
10.736954
10.014449
 9.870698
10.135304
 9.631833
10.092610
11.511109
11.844845
11.297131
10.888179
11.137909
10.648422
10.477169
10.488263
11.573669
11.138680
10.893454
11.179862
11.880567
11.614930
 9.828464
 9.401939
 9.298646
 9.723868
 9.183778
10.378959
10.077302
10.609680
11.438530
10.721635
11.076722
10.531821
10.334432
21.292617
21.540786
19.190765
21.635159
22.217903
21.713193
21.882694
21.632914
21.534876
17.036269
15.811704
16.820522
16.764251
15.865070
16.064834
16.143992
15.000178
13.964706
14.017993
19.145496
18.797800
19.463506
20.851884
22.142941
21.896194
21.365072
24.604127
24.155298
22.544543
23.148935
23.113265
22.510542
23.046872
20.104066
19.043856
14.555863
14.873559
15.746140
14.216673
15.971046
16.247913
15.330822
16.296518
16.211612
18.572501
18.481869
17.495443
17.979272
16.778546
18.775601
18.240690
21.293732
18.060170
21.073177
18.218294
20.183044
19.536601
20.302929
19.808145
22.203170
21.509349
21.661302
21.612819
21.267729
18.561644
17.859404
18.861417
19.212070
19.601961
15.913840
16.942020
17.717949
18.468587
16.064344
17.733523
17.313123
16.383232
19.252581
20.620138
18.881357
18.910863
21.556514
16.815904
16.314610
18.060441
17.864156
18.960257
18.130870
17.793596
18.527337
17.030208
18.820279
19.425786
18.464009
18.132539
17.723638
18.134521
18.749700
18.549763
25.521931
27.450235
27.020615
26.291543
16.164422
16.628357
17.036111
14.044751
14.484133
14.796281
13.974837
15.313951
19.337008
20.053471
19.866281
19.436338
18.335996
18.628650
19.667286
19.650209
19.044136
18.956007
20.064399
19.766904
19.590772
19.163653
20.724625
20.691318
20.252213
22.182023
18.806736
19.701614
19.007426
19.241736
19.941224
18.591968
20.123236
20.609539
21.038041
20.473222
21.402927
22.766577
20.535566
21.803786
20.052859
19.647551
17.946925
17.825333
20.446816
19.404429
19.678595
18.954913
15.994387
16.420907
16.165589
15.798585
16.511529
17.025549
16.156762
17.910127
15.201169
16.150078
16.596344
17.740979
15.733710
17.119830
16.492160
16.247421
13.541358
14.531650
15.341709
13.823165
14.149603
14.523843
13.990613
15.169152
13.335491
13.275962
14.180474
13.868910
14.576363
14.676768
14.643186
17.842344
18.218005
17.915703
17.273573
18.061435
19.099680
18.999335
21.006094
18.780255
19.842420
19.682034
19.040429
21.532216
20.367889
19.893913
23.508221
23.033235
22.954731
23.322702
23.238175
18.964155
20.914716
19.882566
19.887646
19.589466
21.738694
20.110388
20.212173
20.477658
22.137401
20.305890
20.804907
19.618120
19.001713
21.030347
20.052673
18.482479
17.284297
17.738019
17.556214
19.756249
19.308598
19.400126
17.770707
19.265185
19.626500
17.338293
16.644167
17.128533
19.539688
17.534119
17.297433
16.670010
17.833526
11.198579
12.217396
12.805984
12.267223
11.437832
10.466826
11.640700
10.454137
10.655968
10.750521
10.984035
10.805088
11.034617
11.153879
11.382188
12.857471
11.673654
12.714991
11.859833
11.783764
10.196123
10.491045
 7.062699
 7.147017
 6.824211
 7.400685
 7.153031
 7.672756
 7.806541
 8.479960
 7.773985
 8.354462
11.874575
12.677499
11.698250
12.698109
13.356247
13.406874
13.239582
12.883064
13.668362
12.698627
12.703548
12.333051
13.118529
11.440564
13.381478
16.028100
15.292456
15.152058
14.076095
14.099115
13.172668
13.151470
14.279691
14.204762
13.194127
14.739199
13.393882
13.842078
14.149970
13.630008
15.040433
14.491403
13.695498
14.176654
13.832829
13.357431
14.298137
11.204292
12.524596
12.608730
11.792978
11.957808
11.155627
10.590236
10.675102
10.889700
10.960563
11.319544
10.801585
11.538674
11.943008
12.593648
12.440067
12.370408
13.276481
12.911579
11.273253
11.419055
12.135306
12.257613
12.122616
13.268625
14.609770
13.010036
10.412000
10.867536
10.908878
11.214103
16.585789
16.828359
17.249676
15.908648
15.437970
16.856701
13.982000
13.992122
13.056589
14.958094
15.953821
15.372153
14.315159
13.492135
13.385605
13.862800
14.227736
13.516213
13.781737
12.033999
12.344359
12.155206
12.560656
12.213273
12.854506
13.724225
13.421741
12.066977
13.600873
12.210733
13.544915
13.123730
12.956635
13.088138
12.117521
12.088106
12.058092
12.658685
13.682697
13.645292
12.893467
13.776797
13.568648
13.301751
12.937878
12.272967
12.709451
12.579390
14.098328
14.092822
14.487964
14.001092
14.574277
14.429600
20.576022
21.962242
21.864645
21.616824
20.312470
19.706764
20.883242
16.140487
16.191471
16.377171
15.677030
15.265974
14.422174
14.357595
15.277079
15.397802
16.452976
19.199658
17.520730
18.405320
17.249544
17.228466
19.059145
18.260495
17.673795
19.342929
18.369510
18.809080
18.299395
17.759303
19.295961
18.427162
17.225952
16.954822
16.247333
17.072780
20.068074
21.429967
19.359889
19.976671
19.349353
19.256243
15.608504
17.083170
17.266375
17.828928
16.822215
18.344899
17.692036
16.332195
17.795124
17.306318
17.081887
17.586901
15.990371
16.870845
15.545527
17.611852
17.444442
16.839022
18.061095
16.544286
17.417501
15.745281
16.267779
16.352404
19.164495
17.913833
18.863905
16.978428
17.782925
17.581671
17.668641
16.710510
18.786262
19.590216
16.779019
18.241331
18.651095
17.836640
19.000905
16.965984
16.595286
16.632808
17.875187
18.058127
16.410412
15.690728
15.891142
16.254354
15.443533
14.916368
15.774646
10.737215
11.407160
11.650679
11.175861
10.324396
12.551743
11.730123
12.206399
11.054754
11.971542
12.053028
11.697983
14.543314
13.632914
15.131853
14.281108
15.822983
15.310613
14.973854
15.282987
14.875101
15.816343
18.731490
17.965649
18.022246
17.737946
18.527020
18.789607
18.601439
17.620989
18.347579
16.956784
17.190335
18.265734
17.831352
19.138837
18.101924
18.579575
17.377791
12.104262
13.703950
12.301177
11.325510
11.312176
12.514691
12.873429
14.275312
13.011070
20.513777
20.095784
19.655754
21.442438
20.170969
20.559513
20.672795
21.011291
21.113792
19.654370
18.612346
20.461347
20.168186
20.728871
20.453052
13.044724
14.112575
14.680255
14.456504
14.038843
12.593769
13.601133
13.062607
14.321274
14.859216
14.405485
14.926462
13.780130
12.712763
12.851248
12.834652
13.275952
12.503627
11.250186
11.677361
11.485823
11.267317
10.292129
11.596078
10.191275
12.086835
11.262310
11.683476
10.924203
10.406021
10.494683
10.925399
11.682291
11.449893
12.887646
11.580785
12.567106
11.909329
11.879054
12.582662
11.795489
11.233204
11.233760
12.840975
15.976707
15.701239
15.874648
16.209564
15.979917
14.749630
14.589423
21.747998
20.614613
21.106270
19.219567
19.180740
19.088377
17.902069
19.515630
18.395301
18.557225
18.969578
17.559784
18.732562
17.976052
21.210696
19.925324
20.345117
19.513071
21.290243
19.526674
21.944207
20.857287
21.028451
21.765701
22.209847
21.843859
20.462804
20.100512
 9.822275
 9.698841
10.462696
11.490707
 9.754295
 9.523666
10.074691
 9.325542
 9.320137
 9.433431
 9.861070
 8.976041
10.506019
10.191992
10.479382
10.727951
11.114635
10.481127
10.951569
10.669341
11.151478
11.212297
11.211474
10.866469
10.557947
11.632610
13.651760
13.555495
12.972963
11.166686
10.867877
10.872250
10.852370
11.067876
10.587799
11.499736
13.733206
13.607798
13.703803
12.915079
14.503118
13.183664
13.520601
13.752741
13.556338
12.993471
13.845460
12.594894
11.728223
12.428930
12.280016
13.268979
12.516441
13.541173
13.731939
11.213700
11.299445
11.721239
10.980300
14.984228
12.801614
13.219301
13.767154
13.294780
13.016774
12.784245
10.975870
11.424847
10.626770
12.095976
11.609290
11.577933
17.975067
18.480855
17.734604
19.875529
19.467097
17.558158
18.369388
18.145403
17.763754
18.526986
16.990332
18.671452
18.123894
18.609859
17.143792
18.214610
18.084364
17.963162
17.807063
17.366239
18.406950
19.027194
18.010359
19.027358
17.749554
18.706521
19.951897
19.823284
18.969933
19.220472
19.900220
18.772652
19.511576
18.987167
19.483489
19.059851
18.762074
15.490071
16.984147
16.915447
16.481038
16.347166
17.192907
14.913012
16.739431
15.977131
15.812885
20.259071
20.611838
20.249258
21.258207
20.907729
20.011323
10.598386
11.218343
10.336322
10.887744
10.926088
10.467996
10.910075
10.056552
11.118121
10.689063
11.328154
11.519414
11.246939
10.346077
11.352719
12.335528
11.767410
12.113163
12.187795
13.831602
13.809572
14.526973
13.959416
12.574730
12.042344
12.013827
12.389572
12.560773
12.294260
13.862653
12.366329
12.221452
13.124410
12.786394
12.773220
13.955370
12.650146
13.523060
13.847350
13.395820
13.192286
14.574856
14.871843
14.509539
12.472202
13.465579
13.119404
13.525162
13.716768
14.811018
14.102172
14.285093
14.974388
14.298077
14.398297
14.143565
15.575080
16.843164
14.560710
16.311254
15.622602
14.827547
16.108374
16.815067
17.969464
17.314433
17.281887
17.144578
18.115321
17.088401
15.900793
16.331863
16.928453
16.479061
16.012171
16.855266
15.572251
17.771997
17.678736
19.182129
17.837502
17.743450
18.507875
16.620032
18.282024
18.387253
18.978672
16.561019
17.129347
16.466972
15.591302
16.098782
16.136574
16.236691
16.722930
16.150699
16.325919
17.155474
16.787591
16.807245
19.281412
18.898705
19.624093
16.624777
18.332596
18.207136
11.514661
11.893510
11.933064
11.229952
11.406928
11.377336
10.469495
10.544662
10.062026
10.291638
10.807001
10.039038
11.004954
11.376705
10.436965
10.224170
11.847793
12.576869
12.580098
12.251346
12.972815
11.402881
10.867386
11.287927
11.959917
11.009276
11.211426
11.482316
11.188988
10.805453
11.543359
10.767388
 9.826599
10.701877
23.665732
21.820564
21.394810
22.402044
21.729819
22.861092
20.938461
20.518366
20.510850
20.755070
20.716637
21.057792
19.926925
22.715588
21.680084
20.555238
17.421079
17.847661
17.560674
16.886612
16.497730
16.386283
19.371764
18.092324
18.180165
18.371947
15.225084
14.080525
14.309596
16.058214
15.401022
15.902210
16.370286
15.470315
17.801068
16.653957
17.520626
15.450805
15.694040
16.491038
17.366876
16.754081
16.027160
17.974075
16.049410
18.234692
18.211320
19.013098
16.776446
19.184879
18.681986
17.157068
17.182516
17.751386
17.541967
18.982142
18.484108
18.221318
18.246911
19.876114
19.912913
19.550854
18.378328
20.192995
20.620392
20.568647
22.138081
22.875595
20.148056
19.020634
21.393836
20.124861
18.960010
19.773216
17.604738
18.231103
17.510580
18.979417
19.481435
18.980409
19.363032
18.687024
19.531971
18.517868
17.111609
18.954328
19.587191
20.543588
18.982627
19.865747
13.236021
12.944619
12.067046
15.024380
15.607442
14.562313
15.140336
15.925251
14.488279
15.410602
14.043822
14.024665
14.249642
15.220455
14.778466
15.552970
15.030220
15.404857
14.898925
14.484254
15.017777
14.406875
14.212781
14.145292
14.924732
14.882709
18.372352
19.524875
20.470628
19.038593
17.886065
20.305723
20.059799
18.888039
19.109444
19.590996
20.090447
20.648457
19.636602
19.658355
19.458551
19.818452
19.790759
19.377152
18.970667
18.578671
18.990763
19.832287
17.745253
18.815185
17.706792
19.823393
18.584044
18.817979
17.043434
19.147081
19.553111
19.259137
20.114138
19.055249
19.422416
19.626382
20.792657
18.602935
19.097659
21.563129
20.977879
22.559950
21.583624
20.964097
19.274998
21.610346
20.552879
20.529652
20.087606
20.815316
20.478656
20.257286
18.522749
20.032185
20.803862
18.595446
20.230038
19.476728
19.055851
18.559018
20.142414
19.731888
18.950583
17.854651
18.912109
19.345853
20.112474
17.826817
20.008528
20.144404
18.801432
20.432026
19.638995
20.801876
20.350073
22.802395
19.822644
18.830862
20.717468
21.909357
21.980579
21.007163
20.405495
23.221916
19.854243
20.313986
20.981133
18.826146
18.257669
20.351863
18.857354
17.779048
20.033212
18.314881
18.921942
19.539637
17.228919
20.046098
20.371953
22.361394
21.998355
19.890270
21.165418
19.857879
20.881390
21.014667
20.457467
19.965331
18.599976
18.857691
19.694011
15.778394
16.860945
16.515000
14.593383
14.881017
15.765686
15.030665
15.548926
15.874416
17.678174
18.141577
18.622304
19.054855
18.243673
17.502906
17.506365
17.662934
17.362837
18.517677
19.819026
19.022018
17.875901
16.973204
17.263845
21.019721
20.076945
20.764396
22.034262
21.026965
15.571547
14.728037
16.396652
15.419956
14.880097
14.198655
15.246947
15.317187
14.875471
14.108699
14.926761
14.113160
15.734888
13.652305
15.294186
14.045601
13.502384
14.212956
15.556398
11.216218
12.638072
12.140863
12.453828
12.573266
12.950637
12.432539
13.743271
13.913474
15.192029
24.111257
22.356310
23.998809
22.564637
22.791079
24.250309
22.378446
22.438137
22.968642
19.660573
23.339679
22.078481
22.542931
20.565274
22.067694
18.742112
20.041338
19.756150
18.760403
22.146497
22.987290
22.343256
23.140569
23.020204
22.104923
22.779449
21.496671
23.214377
22.161031
21.371960
21.838364
21.761257
22.456498
20.119029
20.919693
21.034778
24.022136
22.515981
20.311849
21.743820
22.460014
21.294851
23.086354
20.922321
20.379195
20.986182
20.060734
20.384335
20.163034
22.301805
23.538821
23.345553
22.293395
23.560462
23.381451
20.781199
17.761167
18.002493
18.891494
18.305165
16.760114
19.053825
17.740957
18.041674
19.974777
19.098973
18.731570
18.618401
19.416031
18.205089
20.581418
22.392060
23.622361
22.440545
22.826090
24.269465
21.086800
21.605226
22.456220
23.439934
21.935828
20.753531
23.783683
26.077491
24.728740
24.388919
23.558811
23.594124
24.437116
20.107437
20.282424
20.232803
20.063644
21.763805
20.421257
17.969818
18.162301
19.819280
17.835957
18.876118
17.520560
17.507165
18.534040
18.552454
17.491585
18.044066
19.170896
19.448508
18.684506
18.141695
18.025881
16.826552
18.056739
17.605625
17.394509
17.775451
19.762032
17.059490
16.965121
15.199816
15.857214
15.401768
15.914292
13.964833
13.562090
13.935283
13.540339
14.618874
14.023217
14.518155
12.987235
13.638363
13.999890
13.380369
13.870577
13.648100
13.913815
15.319838
16.703809
15.573586
16.007710
14.450677
15.434092
15.352715
16.174777
15.466668
16.150645
14.030261
14.562075
14.559700
15.382322
14.678147
12.895199
14.272097
13.684542
13.706466
13.890471
13.590125
14.566803
16.789127
15.572732
16.084811
16.676423
16.255874
16.473153
15.958574
15.488454
16.767474
16.814354
16.743898
15.893751
14.451487
15.399708
14.999320
15.269760
15.146041
15.028156
15.891987
14.208173
15.789161
15.647735
15.144508
14.335652
14.598482
16.421248
12.731628
12.562853
13.388862
14.572610
15.337771
14.505627
12.991770
12.865923
13.747385
12.958618
14.029709
13.835696
12.696534
12.327656
13.513620
11.756602
14.134988
14.377703
13.603619
19.032955
19.236508
18.580613
21.475277
19.700616
17.691472
18.321551
18.756173
17.809334
20.028969
19.203792
18.059731
20.094144
24.618499
23.751718
20.281442
21.864414
23.051773
23.546715
25.267897
22.673696
23.576470
22.718996
21.848820
21.959903
23.335885
19.446951
20.163249
21.295751
19.667237
20.223630
20.606653
20.301870
22.058423
20.558238
20.853826
20.354554
19.746176
20.145350
20.113007
21.009817
21.250900
20.391279
20.217512
19.605994
21.517328
20.399727
16.846021
16.628757
17.099277
16.603347
16.911784
18.018454
18.727300
19.635270
18.097610
17.441438
18.062719
15.952072
15.056319
15.005953
14.379701
15.458628
16.996233
15.681003
16.544790
16.340692
16.069616
16.668956
16.724734
11.368041
11.018858
12.253451
11.313157
11.802505
15.824550
14.750739
15.740961
14.310412
15.284625
19.253035
19.543063
17.803890
17.358549
20.011774
19.388337
17.791181
17.907958
17.768025
16.978689
16.902219
17.380399
16.092825
17.823388
17.756380
17.157019
16.350477
17.736598
17.683809
16.610298
17.949036
18.828374
17.573345
19.493032
19.055994
18.005402
16.447096
16.528631
17.345913
19.502301
19.403148
17.338725
18.836100
19.622395
18.665205
19.310611
18.376548
18.950072
18.592856
18.531938
20.124801
23.320763
24.332989
23.910090
24.805284
21.213810
21.393261
24.779848
25.914923
27.866942
27.247134
25.802349
24.107167
26.329716
26.627262
18.214473
17.300767
17.551246
17.913590
19.810825
19.181746
19.085882
17.508874
18.016242
18.652781
23.262000
23.970456
26.036077
24.436640
23.251100
25.646964
23.568706
24.506360
20.916582
21.748585
21.685174
22.790683
21.392401
22.237539
18.694100
17.583468
16.668001
16.722297
18.148813
17.990907
18.248963
18.260892
18.956939
17.905293
18.710187
19.129059
19.377112
17.742607
18.575390
20.141935
18.314681
17.697596
18.541668
18.749330
18.743187
18.808481
20.182165
19.237890
18.166600
19.244985
18.588681
20.591257
20.235480
19.930785
20.965869
19.225389
19.514159
19.321683
19.552248
19.330910
20.457600
19.443667
21.196763
19.284720
18.906535
18.446979
17.420383
18.499784
18.315008
18.611923
17.774077
16.740601
16.624536
18.551539
17.729636
17.284634
17.803924
17.563540
18.185563
21.236640
20.844119
19.860372
18.933696
20.044000
20.132115
20.282415
19.803084
16.230226
16.080001
16.810955
18.032653
17.029437
18.315524
17.241433
18.734964
18.846918
20.273894
19.490074
20.936401
16.230026
16.068083
16.927252
18.153704
16.829488
17.640971
16.993024
16.698800
17.954892
17.360719
15.989754
17.681202
18.484251
16.877262
17.003908
18.949016
18.927574
16.470447
15.830537
15.846948
17.693350
14.992566
15.161075
12.781035
15.075770
14.666492
15.733189
15.705699
16.023616
17.593369
19.266903
19.494313
20.104417
20.056885
19.238057
19.807465
19.720018
20.667725
19.671873
18.487729
19.942358
19.198369
20.931128
18.214477
20.280663
19.677768
22.418888
22.785960
24.421736
22.213370
19.230967
19.710110
19.233068
18.236091
18.495378
19.334329
20.079764
18.254915
18.968820
20.569978
20.192348
19.469384
19.476746
19.513836
18.356405
17.776339
19.787768
19.610609
19.238522
19.674442
20.269944
19.971616
20.598548
19.535564
19.406675
18.621871
18.475336
19.902847
19.286682
18.403870
19.402632
21.500235
20.134022
22.323415
22.953857
22.019370
21.245877
22.933714
22.198212
21.987188
24.274011
21.454862
19.947199
19.509866
19.559680
19.330791
19.420407
20.053049
18.280623
17.792492
18.306547
18.024601
17.340894
16.438852
15.685106
13.543819
14.727065
14.455159
13.819465
13.701428
14.359847
13.881611
14.575692
14.354965
12.137089
12.874893
12.529020
12.694555
11.836011
12.814164
12.996579
13.529268
13.247357
12.777712
12.077851
16.095802
18.301783
17.443971
17.871580
17.719434
16.715875
17.457517
17.237603
23.927170
25.066092
24.266192
25.006971
24.160692
22.133989
18.566930
19.308251
18.884831
16.744628
16.729187
14.845702
15.852234
14.868585
14.400107
15.579795
15.384129
15.107104
14.713287
14.280777
15.700600
16.070521
14.296012
13.821037
13.657999
16.124470
16.857253
16.465728
16.625558
16.867182
18.204844
17.972818
16.967093
17.341975
15.613464
15.823878
15.487942
15.058357
15.287152
15.317399
18.155350
18.763795
17.702882
20.249157
19.465219
18.951188
20.241542
18.123994
19.362027
19.372617
18.644124
18.750263
18.025678
17.910660
18.478150
13.644361
12.797984
13.657530
13.814221
13.906331
13.364077
14.164626
22.635033
21.399579
20.302796
21.990196
20.990372
20.040164
20.445263
20.928010
20.951694
21.671505
22.425406
20.719263
21.263036
20.242904
15.323427
15.154721
15.269590
15.928732
14.400222
14.036048
14.341558
15.683624
14.370666
14.290053
14.594878
15.507143
15.228326
15.237808
16.184297
16.044556
16.172781
15.926672
14.999932
15.274821
15.643132
14.795819
16.056504
14.883272
13.598911
13.931616
14.862080
14.020521
14.647689
14.815461
15.047192
19.802493
19.237410
19.178574
20.091835
18.414575
19.085813
18.176947
20.273155
20.120062
19.222163
19.473018
18.470550
19.260678
21.272142
20.473990
20.397920
18.936495
18.706769
18.881710
19.707253
18.869134
18.680726
16.508629
17.627368
17.167384
18.710404
19.557024
18.643830
18.345335
17.046402
17.346765
16.117061
17.086473
16.153607
17.450546
19.728310
19.364716
18.446893
20.581776
20.263412
18.021878
18.851959
19.383414
20.482842
20.000760
20.103152
19.814011
18.918945
20.361180
20.184586
20.836873
20.090502
20.652143
18.850216
18.265306
18.723168
20.167064
18.039745
19.003563
22.926801
23.530720
22.098481
23.596998
23.162677
18.725377
19.115702
19.671065
20.083429
19.667666
19.956779
18.856406
19.527799
18.834722
18.266001
16.720070
18.512477
18.169011
17.765320
17.461035
16.836864
17.712276
17.358301
16.906218
17.081492
18.168093
20.859273
20.600972
22.622993
20.658277
16.248511
17.113858
15.737465
17.087999
17.372426
19.477057
18.526824
17.945945
20.359607
18.884150
18.918381
20.461237
19.421954
20.635474
18.674651
21.057665
20.501595
18.275243
19.489771
17.745452
17.061933
16.071993
16.467869
16.159561
16.476245
16.693499
17.912865
16.685373
16.141983
26.147850
26.530510
26.199188
22.113917
22.956399
25.657458
22.439486
24.057479
23.175103
21.797210
20.981460
18.953153
21.347181
19.537756
19.232741
18.930584
20.439257
19.550223
22.735666
22.113968
22.016509
23.659910
15.604201
15.293581
14.578449
15.219797
15.385787
15.730091
14.316359
14.328831
14.807513
15.445678
15.082270
13.480451
15.198479
13.975654
18.909574
18.344289
17.577002
18.239056
16.385294
15.214481
15.323032
14.572013
15.805962
16.380100
14.280392
14.714016
16.531586
15.680319
15.786351
16.611049
15.144475
16.114219
15.627075
15.750251
11.420100
11.787801
11.989844
10.042207
10.429844
 9.718549
10.457627
12.762688
11.478806
11.666718
12.898777
11.765440
11.924022
11.403999
10.959633
10.917412
11.091689
12.723095
14.010781
13.535973
13.203438
12.459027
11.845476
12.873170
13.863065
13.953067
14.138303
10.645478
11.953226
11.243362
11.596780
11.844169
12.003362
11.256222
11.685931
11.965768
10.736384
 9.875757
10.597908
13.939299
14.337214
12.761791
12.388644
13.415630
13.848879
13.383432
13.842624
13.118670
15.600872
16.102214
16.249296
16.926914
16.438705
11.936118
12.345944
12.298385
12.307990
12.901938
12.877087
12.587021
14.963614
15.284890
14.224303
14.228590
15.445425
14.892412
11.196411
10.085161
11.198724
 9.913717
11.175392
10.200642
 9.834586
10.793259
10.240263
10.825101
10.720237
10.484936
10.235849
11.103717
12.491317
20.975384
19.519275
19.859692
19.964005
19.980744
21.180477
20.715276
16.523132
15.946058
15.645580
17.098834
15.980619
15.708140
18.537633
18.348096
17.828531
17.018984
19.261959
18.296006
18.139743
19.333835
19.756904
20.041099
19.377776
20.175517
20.492326
20.674080
21.460714
20.186617
22.611228
19.166344
18.250087
19.585844
16.446700
16.915195
15.397523
21.489761
20.054501
20.289531
20.879877
19.774059
20.352784
21.092009
17.391127
18.619168
19.096728
18.413699
16.452154
16.640494
16.174361
18.298095
16.676966
16.614349
16.851865
17.914533
17.618124
16.133471
16.559170
15.949272
15.656985
15.943999
14.740921
15.069048
15.010312
16.375040
16.143457
15.334788
17.245437
17.323574
17.514147
17.105979
17.363745
18.128136
16.333212
15.255706
16.387056
16.386296
13.841936
14.815969
15.528228
14.857421
14.504520
15.515434
17.155211
15.581071
15.484222
16.328287
15.354734
16.226036
13.979350
14.644961
13.421663
13.185039
14.228958
16.463860
15.816135
16.933407
15.735087
15.319981
15.076728
14.550867
14.743016
16.370084
15.449234
15.621867
16.659662
13.156294
13.948203
13.867757
13.689474
10.288838
10.823625
10.567277
11.742606
10.860286
10.530135
 9.987755
10.181599
 9.816353
 9.658365
10.100673
10.273317
 9.927082
10.051915
10.611455
10.280565
10.516337
11.729921
12.207222
11.480819
10.361116
 9.736316
10.248221
 9.187264
10.297878
10.011518
10.385810
10.095582
 9.059374
11.109442
11.247158
10.913525
10.708854
10.476016
10.291471
11.229104
11.398094
10.353297
10.155696
10.318984
10.835522
10.760137
12.693273
12.157441
12.043096
13.476012
13.405770
13.003284
13.591159
12.727003
12.687899
12.698941
12.619698
11.653285
12.589401
12.506092
13.292025
14.112067
12.350954
12.857171
12.906544
10.164821
10.277812
10.291790
10.594174
10.852760
11.678799
12.683566
12.239635
11.741742
12.874557
12.205635
12.801481
13.586903
12.533418
13.818780
13.852705
13.705094
13.264963
14.412039
14.870589
14.108382
10.246306
 9.578323
10.548810
10.688404
10.433496
 9.539500
10.863326
11.380515
10.522299
10.922036
10.605005
10.662165
11.521171
11.397647
11.262663
12.746849
14.027778
13.177783
13.431725
12.962431
12.805972
12.261799
11.367470
11.448546
13.119855
12.825493
12.254585
12.634116
11.592097
11.747048
11.096862
10.698134
11.440657
11.358704
11.656296
12.609528
12.187422
19.094928
20.116271
19.241128
18.786234
19.372023
18.772664
18.860827
18.349394
21.420368
21.481291
20.568996
21.919401
20.655594
19.810674
20.261370
20.334235
17.246542
16.864636
16.701125
19.318031
20.182646
18.429094
19.208955
19.661603
19.528442
18.651821
17.150323
17.393502
17.439001
18.635220
17.652175
17.478512
18.226122
18.605489
17.826139
17.460217
18.849866
18.639988
18.652536
18.909945
25.273104
24.884763
26.760843
23.937803
22.634023
23.318376
23.232757
25.105706
23.793696
23.201414
19.840593
20.032789
20.801387
15.693925
15.094562
15.819547
15.655503
16.729716
17.174672
16.144771
16.398272
17.161352
15.845997
17.195724
16.814020
16.063739
16.779353
17.042233
16.719716
16.429157
23.947476
22.860354
22.892706
24.657768
23.937762
20.907438
23.876620
23.128661
18.990014
18.945840
19.707074
19.457113
20.807865
19.926889
18.626355
19.565436
20.423609
21.032419
19.420255
19.855331
19.299394
19.020094
18.480933
18.655117
18.972370
17.941227
18.424533
18.412355
18.268052
19.329370
18.405721
19.473201
20.772238
20.141072
21.668192
22.507323
22.564256
21.802514
24.353692
14.425616
15.371439
14.134266
15.177732
14.823870
14.375723
15.407769
14.002233
14.543992
15.289306
15.308017
15.509673
15.846907
19.430986
19.969723
19.279112
15.509254
14.801283
16.801306
15.378804
20.831657
20.324414
20.957502
22.259251
15.679940
15.826267
15.297717
16.975560
16.375420
15.940702
19.139363
16.302333
20.017733
18.378117
19.080751
18.674427
18.169578
18.473738
18.634394
18.998107
17.867250
18.785326
18.842505
17.146423
17.173118
16.406490
17.131401
17.759963
17.862025
18.648404
18.188764
17.629637
17.241691
17.707527
18.392450
18.422643
14.681798
15.476376
17.560141
16.175276
17.521557
16.557270
14.945411
13.662297
13.378638
18.506455
19.084927
14.294892
15.460999
14.160805
14.337789
15.242626
13.457429
14.593992
14.743755
14.480231
15.045511
16.490515
15.979075
16.574485
20.202583
20.842763
18.977787
19.636381
18.293173
20.577133
20.649844
19.069218
20.675770
20.345693
19.040800
20.111108
20.843720
20.341380
20.092517
19.026857
18.507952
16.738003
18.845333
18.830990
18.701664
19.151611
17.706869
18.124101
18.256743
18.438947
18.826913
18.706440
18.467764
18.433919
16.309923
17.256717
18.547297
18.222936
18.151849
18.117831
17.593774
19.257663
18.255732
17.306395
18.024692
17.323189
16.455124
12.352389
11.537796
11.274142
11.812504
12.649196
12.896438
14.351532
14.430441
13.596622
16.474818
15.210278
18.070133
17.790545
16.947426
19.046776
17.450219
16.720767
17.802222
17.237378
18.218338
18.337442
18.255848
18.282725
19.082522
16.771930
16.557109
18.630821
17.226669
17.284735
19.009365
17.154081
17.099093
17.881468
18.521754
18.828166
19.505356
18.552693
17.350028
17.414034
15.455069
13.971146
14.174515
14.252738
13.948883
14.537754
13.951315
14.010167
14.229221
13.662242
13.907608
13.498906
14.206455
16.522737
17.355404
17.350596
16.070574
16.806020
16.900105
15.941005
16.512154
16.380020
16.189325
16.906799
16.914628
15.482818
15.641589
16.488789
15.321397
15.757222
17.010436
16.488721
16.390346
16.735812
16.203552
16.831146
16.142227
16.730275
15.234431
16.758582
19.546872
17.809123
18.966858
17.625602
16.186714
18.062957
16.772383
16.948969
18.570451
16.703539
16.075945
14.976637
15.365617
15.568012
15.881442
15.729125
15.016103
14.534432
14.641965
14.937036
15.982242
15.914465
15.733712
22.452158
21.627862
22.615475
20.877437
21.879239
20.674299
20.377358
22.323544
23.951965
26.519803
14.255103
14.344654
14.652898
15.240170
17.020850
17.317657
18.248040
19.641079
19.742327
20.097383
18.377968
19.437200
19.450389
21.525018
18.891613
18.096509
19.529565
16.473755
16.449252
16.413086
16.301966
16.703788
16.539810
15.547025
15.534403
17.002774
16.251148
18.318782
17.092867
17.496501
17.902300
18.592167
18.124482
18.008271
18.142485
17.495191
18.837353
16.861157
17.404625
17.386090
18.781574
16.745524
17.717507
18.111031
21.957558
21.383276
21.877950
22.343698
21.960326
21.031922
21.079398
26.783144
23.972898
23.420097
25.032948
23.532343
21.880969
23.291247
22.757272
22.761586
24.616858
21.078224
21.224190
21.421901
21.019879
21.363305
21.200735
20.121482
20.951968
20.662187
20.225956
21.223983
19.510780
22.429420
21.459408
22.471298
22.990207
21.705931
22.634206
21.652660
22.927866
22.002069
20.999146
19.767884
19.178096
19.876070
18.853366
19.070941
19.513243
19.320811
19.102213
19.652943
19.362531
20.600089
14.443038
16.008839
13.525495
15.467665
15.536543
14.711996
15.045654
20.802405
21.330423
18.816366
19.980422
19.986378
20.226119
19.712173
19.489556
20.455135
20.882831
21.574763
20.712431
21.285029
21.343682
22.710200
21.917726
23.418487
23.572982
21.578241
24.034032
21.321083
21.416201
20.748296
20.780093
23.009701
22.280964
21.946866
23.731083
22.997529
21.517049
19.629186
20.732225
20.825767
15.633513
16.438201
20.693810
20.470785
20.847533
20.620685
22.956328
23.203301
22.898705
22.613137
22.566902
23.723423
20.967038
23.323845
22.499217
23.889779
19.513634
19.962048
20.122202
19.966851
21.152488
19.713045
20.316061
19.951332
21.647655
19.762400
22.311755
24.216697
20.519577
21.652952
19.720066
20.874424
18.869872
17.990088
21.086438
19.962174
20.651461
21.352444
20.518755
19.927606
20.602445
22.064353
19.075303
21.093038
20.131255
19.780061
18.143661
19.803619
19.805820
18.699529
19.106623
20.105526
20.557325
18.949756
20.126961
20.353956
18.415738
17.939642
18.221296
19.990642
19.347027
18.751084
17.603587
17.205437
16.621867
17.846334
16.597578
18.076462
17.358404
18.383003
18.387656
20.523199
17.853628
20.935219
18.267073
19.592457
19.571618
21.113642
15.864745
15.470083
16.032569
17.496116
16.672974
15.759486
16.859155
17.822554
16.481781
19.737802
17.254756
16.593093
17.255878
18.320726
17.967903
17.855436
18.302445
17.834877
19.471202
18.966806
20.392083
20.608326
18.777014
20.361378
21.048505
19.911610
20.515520
18.204100
19.572248
14.333909
14.206537
14.046805
14.511745
15.647312
17.123116
16.778707
16.076269
17.283568
17.370204
16.658127
16.460222
