1.0199438
0.9991823
0.9924045
1.0143738
1.0409996
0.9915475
1.0701052
1.0048971
1.0143309
1.0534132
0.9948091
0.9903497
1.0780211
0.9718707
0.9805792
1.0121096
0.9980533
0.9758465
1.0277200
1.0234314
0.9823109
0.9869434
1.0593351
1.0032652
0.9629906
1.0312871
0.9428319
0.9602304
0.9956995
0.9608836
1.0099536
1.0077215
1.0735050
1.0361383
1.0148202
1.0011530
1.0172073
0.9568927
1.0709040
1.0213862
1.0199438
0.9991823
0.9924045
1.0143738
1.0409996
0.9915475
1.0701052
1.0048971
1.0143309
1.0534132
0.9948091
0.9903497
1.0780211
0.9718707
0.9805792
1.0121096
0.9980533
0.9758465
1.0277200
1.0234314
0.9823109
0.9869434
1.0593351
1.0032652
0.9629906
1.0312871
0.9428319
0.9602304
0.9956995
0.9608836
1.0099536
1.0077215
1.0735050
1.0361383
1.0148202
1.0011530
1.0172073
0.9568927
1.0709040
1.0213862
1.0199438
0.9991823
0.9924045
1.0143738
1.0409996
0.9915475
1.0701052
1.0048971
1.0143309
1.0534132
0.9948091
0.9903497
1.0780211
0.9718707
0.9805792
1.0121096
0.9980533
0.9758465
1.0277200
1.0234314
0.9823109
0.9869434
1.0593351
1.0032652
0.9629906
1.0312871
0.9428319
0.9602304
0.9956995
0.9608836
1.0099536
1.0077215
1.0735050
1.0361383
1.0148202
1.0011530
1.0172073
0.9568927
1.0709040
1.0213862
1.0199438
0.9991823
0.9924045
1.0143738
1.0409996
0.9915475
1.0701052
1.0048971
1.0143309
1.0534132
0.9948091
0.9903497
1.0780211
0.9718707
0.9805792
1.0121096
0.9980533
0.9758465
1.0277200
1.0234314
0.9823109
0.9869434
1.0593351
1.0032652
0.9629906
1.0312871
0.9428319
0.9602304
0.9956995
0.9608836
1.0099536
1.0077215
1.0735050
1.0361383
1.0148202
1.0011530
1.0172073
0.9568927
1.0709040
1.0213862
1.0199438
0.9991823
0.9924045
1.0143738
1.0409996
0.9915475
1.0701052
1.0048971
1.0143309
1.0534132
0.9948091
0.9903497
1.0780211
0.9718707
0.9805792
1.0121096
0.9980533
0.9758465
1.0277200
1.0234314
0.9823109
0.9869434
1.0593351
1.0032652
0.9629906
1.0312871
0.9428319
0.9602304
0.9956995
0.9608836
1.0099536
1.0077215
1.0735050
1.0361383
1.0148202
1.0011530
1.0172073
0.9568927
1.0709040
1.0213862
1.0199438
0.9991823
0.9924045
1.0143738
1.0409996
0.9915475
1.0701052
1.0048971
1.0143309
1.0534132
0.9948091
0.9903497
1.0780211
0.9718707
0.9805792
1.0121096
0.9980533
0.9758465
1.0277200
1.0234314
0.9823109
0.9869434
1.0593351
1.0032652
0.9629906
1.0312871
0.9428319
0.9602304
0.9956995
0.9608836
1.0099536
1.0077215
1.0735050
1.0361383
1.0148202
1.0011530
1.0172073
0.9568927
1.0709040
1.0213862
1.0199438
0.9991823
0.9924045
1.0143738
1.0409996
0.9915475
1.0701052
1.0048971
1.0143309
1.0534132
0.9948091
0.9903497
1.0780211
0.9718707
0.9805792
1.0121096
0.9980533
0.9758465
1.0277200
1.0234314
0.9823109
0.9869434
1.0593351
1.0032652
0.9629906
1.0312871
0.9428319
0.9602304
0.9956995
0.9608836
1.0099536
1.0077215
1.0735050
1.0361383
1.0148202
1.0011530
1.0172073
0.9568927
1.0709040
1.0213862
1.0199438
0.9991823
0.9924045
1.0143738
1.0409996
0.9915475
1.0701052
1.0048971
1.0143309
1.0534132
0.9948091
0.9903497
1.0780211
0.9718707
0.9805792
1.0121096
0.9980533
0.9758465
1.0277200
1.0234314
0.9823109
0.9869434
1.0593351
1.0032652
0.9629906
1.0312871
0.9428319
0.9602304
0.9956995
0.9608836
1.0099536
1.0077215
1.0735050
1.0361383
1.0148202
1.0011530
1.0172073
0.9568927
1.0709040
1.0213862
1.0199438
0.9991823
0.9924045
1.0143738
1.0409996
0.9915475
1.0701052
1.0048971
1.0143309
1.0534132
0.9948091
0.9903497
1.0780211
0.9718707
0.9805792
1.0121096
0.9980533
0.9758465
1.0277200
1.0234314
0.9823109
0.9869434
1.0593351
1.0032652
0.9629906
1.0312871
0.9428319
0.9602304
0.9956995
0.9608836
1.0099536
1.0077215
1.0735050
1.0361383
1.0148202
1.0011530
1.0172073
0.9568927
1.0709040
1.0213862
1.0199438
0.9991823
0.9924045
1.0143738
1.0409996
0.9915475
1.0701052
1.0048971
1.0143309
1.0534132
0.9948091
0.9903497
1.0780211
0.9718707
0.9805792
1.0121096
0.9980533
0.9758465
1.0277200
1.0234314
0.9823109
0.9869434
1.0593351
1.0032652
0.9629906
1.0312871
0.9428319
0.9602304
0.9956995
0.9608836
1.0099536
1.0077215
1.0735050
1.0361383
1.0148202
1.0011530
1.0172073
0.9568927
1.0709040
1.0213862
1.0199438
0.9991823
0.9924045
1.0143738
1.0409996
0.9915475
1.0701052
1.0048971
1.0143309
1.0534132
0.9948091
0.9903497
1.0780211
0.9718707
0.9805792
1.0121096
0.9980533
0.9758465
1.0277200
1.0234314
0.9823109
0.9869434
1.0593351
1.0032652
0.9629906
1.0312871
0.9428319
0.9602304
0.9956995
0.9608836
1.0099536
1.0077215
1.0735050
1.0361383
1.0148202
1.0011530
1.0172073
0.9568927
1.0709040
1.0213862
1.0199438
0.9991823
0.9924045
1.0143738
1.0409996
0.9915475
1.0701052
1.0048971
1.0143309
1.0534132
0.9948091
0.9903497
1.0780211
0.9718707
0.9805792
1.0121096
0.9980533
0.9758465
1.0277200
1.0234314
0.9823109
0.9869434
1.0593351
1.0032652
0.9629906
1.0312871
0.9428319
0.9602304
0.9956995
0.9608836
1.0099536
1.0077215
1.0735050
1.0361383
1.0148202
1.0011530
1.0172073
0.9568927
1.0709040
1.0213862
1.0199438
0.9991823
0.9924045
1.0143738
1.0409996
0.9915475
1.0701052
1.0048971
1.0143309
1.0534132
0.9948091
0.9903497
1.0780211
0.9718707
0.9805792
1.0121096
0.9980533
0.9758465
1.0277200
1.0234314
0.9823109
0.9869434
1.0593351
1.0032652
0.9629906
1.0312871
0.9428319
0.9602304
0.9956995
0.9608836
1.0099536
1.0077215
1.0735050
1.0361383
1.0148202
1.0011530
1.0172073
0.9568927
1.0709040
1.0213862
1.0199438
0.9991823
0.9924045
1.0143738
1.0409996
0.9915475
1.0701052
1.0048971
1.0143309
1.0534132
0.9948091
0.9903497
1.0780211
0.9718707
0.9805792
1.0121096
0.9980533
0.9758465
1.0277200
1.0234314
0.9823109
0.9869434
1.0593351
1.0032652
0.9629906
1.0312871
0.9428319
0.9602304
0.9956995
0.9608836
1.0099536
1.0077215
1.0735050
1.0361383
1.0148202
1.0011530
1.0172073
0.9568927
1.0709040
1.0213862
1.0199438
0.9991823
0.9924045
1.0143738
1.0409996
0.9915475
1.0701052
1.0048971
1.0143309
1.0534132
0.9948091
0.9903497
1.0780211
0.9718707
0.9805792
1.0121096
0.9980533
0.9758465
1.0277200
1.0234314
0.9823109
0.9869434
1.0593351
1.0032652
0.9629906
1.0312871
0.9428319
0.9602304
0.9956995
0.9608836
1.0099536
1.0077215
1.0735050
1.0361383
1.0148202
1.0011530
1.0172073
0.9568927
1.0709040
1.0213862
1.0199438
0.9991823
0.9924045
1.0143738
1.0409996
0.9915475
1.0701052
1.0048971
1.0143309
1.0534132
0.9948091
0.9903497
1.0780211
0.9718707
0.9805792
1.0121096
0.9980533
0.9758465
1.0277200
1.0234314
0.9823109
0.9869434
1.0593351
1.0032652
0.9629906
1.0312871
0.9428319
0.9602304
0.9956995
0.9608836
1.0099536
1.0077215
1.0735050
1.0361383
1.0148202
1.0011530
1.0172073
0.9568927
1.0709040
1.0213862
1.0199438
0.9991823
0.9924045
1.0143738
1.0409996
0.9915475
1.0701052
1.0048971
1.0143309
1.0534132
0.9948091
0.9903497
1.0780211
0.9718707
0.9805792
1.0121096
0.9980533
0.9758465
1.0277200
1.0234314
0.9823109
0.9869434
1.0593351
1.0032652
0.9629906
1.0312871
0.9428319
0.9602304
0.9956995
0.9608836
1.0099536
1.0077215
1.0735050
1.0361383
1.0148202
1.0011530
1.0172073
0.9568927
1.0709040
1.0213862
1.0199438
0.9991823
0.9924045
1.0143738
1.0409996
0.9915475
1.0701052
1.0048971
1.0143309
1.0534132
0.9948091
0.9903497
1.0780211
0.9718707
0.9805792
1.0121096
0.9980533
0.9758465
1.0277200
1.0234314
0.9823109
0.9869434
1.0593351
1.0032652
0.9629906
1.0312871
0.9428319
0.9602304
0.9956995
0.9608836
1.0099536
1.0077215
1.0735050
1.0361383
1.0148202
1.0011530
1.0172073
0.9568927
1.0709040
1.0213862
1.0199438
0.9991823
0.9924045
1.0143738
1.0409996
0.9915475
1.0701052
1.0048971
1.0143309
1.0534132
0.9948091
0.9903497
1.0780211
0.9718707
0.9805792
1.0121096
0.9980533
0.9758465
1.0277200
1.0234314
0.9823109
0.9869434
1.0593351
1.0032652
0.9629906
1.0312871
0.9428319
0.9602304
0.9956995
0.9608836
1.0099536
1.0077215
1.0735050
1.0361383
1.0148202
1.0011530
1.0172073
0.9568927
1.0709040
1.0213862
1.0199438
0.9991823
0.9924045
1.0143738
1.0409996
0.9915475
1.0701052
1.0048971
1.0143309
1.0534132
0.9948091
0.9903497
1.0780211
0.9718707
0.9805792
1.0121096
0.9980533
0.9758465
1.0277200
1.0234314
0.9823109
0.9869434
1.0593351
1.0032652
0.9629906
1.0312871
0.9428319
0.9602304
0.9956995
0.9608836
1.0099536
1.0077215
1.0735050
1.0361383
1.0148202
1.0011530
1.0172073
0.9568927
1.0709040
1.0213862
1.0199438
0.9991823
0.9924045
1.0143738
1.0409996
0.9915475
1.0701052
1.0048971
1.0143309
1.0534132
0.9948091
0.9903497
1.0780211
0.9718707
0.9805792
1.0121096
0.9980533
0.9758465
1.0277200
1.0234314
0.9823109
0.9869434
1.0593351
1.0032652
0.9629906
1.0312871
0.9428319
0.9602304
0.9956995
0.9608836
1.0099536
1.0077215
1.0735050
1.0361383
1.0148202
1.0011530
1.0172073
0.9568927
1.0709040
1.0213862
1.0199438
0.9991823
0.9924045
1.0143738
1.0409996
0.9915475
1.0701052
1.0048971
1.0143309
1.0534132
0.9948091
0.9903497
1.0780211
0.9718707
0.9805792
1.0121096
0.9980533
0.9758465
1.0277200
1.0234314
0.9823109
0.9869434
1.0593351
1.0032652
0.9629906
1.0312871
0.9428319
0.9602304
0.9956995
0.9608836
1.0099536
1.0077215
1.0735050
1.0361383
1.0148202
1.0011530
1.0172073
0.9568927
1.0709040
1.0213862
1.0199438
0.9991823
0.9924045
1.0143738
1.0409996
0.9915475
1.0701052
1.0048971
1.0143309
1.0534132
0.9948091
0.9903497
1.0780211
0.9718707
0.9805792
1.0121096
0.9980533
0.9758465
1.0277200
1.0234314
0.9823109
0.9869434
1.0593351
1.0032652
0.9629906
1.0312871
0.9428319
0.9602304
0.9956995
0.9608836
1.0099536
1.0077215
1.0735050
1.0361383
1.0148202
1.0011530
1.0172073
0.9568927
1.0709040
1.0213862
1.0199438
0.9991823
0.9924045
1.0143738
1.0409996
0.9915475
1.0701052
1.0048971
1.0143309
1.0534132
0.9948091
0.9903497
1.0780211
0.9718707
0.9805792
1.0121096
0.9980533
0.9758465
1.0277200
1.0234314
0.9823109
0.9869434
1.0593351
1.0032652
0.9629906
1.0312871
0.9428319
0.9602304
0.9956995
0.9608836
1.0099536
1.0077215
1.0735050
1.0361383
1.0148202
1.0011530
1.0172073
0.9568927
1.0709040
1.0213862
1.0199438
0.9991823
0.9924045
1.0143738
1.0409996
0.9915475
1.0701052
1.0048971
1.0143309
1.0534132
0.9948091
0.9903497
1.0780211
0.9718707
0.9805792
1.0121096
0.9980533
0.9758465
1.0277200
1.0234314
0.9823109
0.9869434
1.0593351
1.0032652
0.9629906
1.0312871
0.9428319
0.9602304
0.9956995
0.9608836
1.0099536
1.0077215
1.0735050
1.0361383
1.0148202
1.0011530
1.0172073
0.9568927
1.0709040
1.0213862
1.0199438
0.9991823
0.9924045
1.0143738
1.0409996
0.9915475
1.0701052
1.0048971
1.0143309
1.0534132
0.9948091
0.9903497
1.0780211
0.9718707
0.9805792
1.0121096
0.9980533
0.9758465
1.0277200
1.0234314
0.9823109
0.9869434
1.0593351
1.0032652
0.9629906
1.0312871
0.9428319
0.9602304
0.9956995
0.9608836
1.0099536
1.0077215
1.0735050
1.0361383
1.0148202
1.0011530
1.0172073
0.9568927
1.0709040
1.0213862
1.0199438
0.9991823
0.9924045
1.0143738
1.0409996
0.9915475
1.0701052
1.0048971
1.0143309
1.0534132
0.9948091
0.9903497
1.0780211
0.9718707
0.9805792
1.0121096
0.9980533
0.9758465
1.0277200
1.0234314
0.9823109
0.9869434
1.0593351
1.0032652
0.9629906
1.0312871
0.9428319
0.9602304
0.9956995
0.9608836
1.0099536
1.0077215
1.0735050
1.0361383
1.0148202
1.0011530
1.0172073
0.9568927
1.0709040
1.0213862
1.0199438
0.9991823
0.9924045
1.0143738
1.0409996
0.9915475
1.0701052
1.0048971
1.0143309
1.0534132
0.9948091
0.9903497
1.0780211
0.9718707
0.9805792
1.0121096
0.9980533
0.9758465
1.0277200
1.0234314
0.9823109
0.9869434
1.0593351
1.0032652
0.9629906
1.0312871
0.9428319
0.9602304
0.9956995
0.9608836
1.0099536
1.0077215
1.0735050
1.0361383
1.0148202
1.0011530
1.0172073
0.9568927
1.0709040
1.0213862
1.0199438
0.9991823
0.9924045
1.0143738
1.0409996
0.9915475
1.0701052
1.0048971
1.0143309
1.0534132
0.9948091
0.9903497
1.0780211
0.9718707
0.9805792
1.0121096
0.9980533
0.9758465
1.0277200
1.0234314
0.9823109
0.9869434
1.0593351
1.0032652
0.9629906
1.0312871
0.9428319
0.9602304
0.9956995
0.9608836
1.0099536
1.0077215
1.0735050
1.0361383
1.0148202
1.0011530
1.0172073
0.9568927
1.0709040
1.0213862
1.0199438
0.9991823
0.9924045
1.0143738
1.0409996
0.9915475
1.0701052
1.0048971
1.0143309
1.0534132
0.9948091
0.9903497
1.0780211
0.9718707
0.9805792
1.0121096
0.9980533
0.9758465
1.0277200
1.0234314
0.9823109
0.9869434
1.0593351
1.0032652
0.9629906
1.0312871
0.9428319
0.9602304
0.9956995
0.9608836
1.0099536
1.0077215
1.0735050
1.0361383
1.0148202
1.0011530
1.0172073
0.9568927
1.0709040
1.0213862
1.0199438
0.9991823
0.9924045
1.0143738
1.0409996
0.9915475
1.0701052
1.0048971
1.0143309
1.0534132
0.9948091
0.9903497
1.0780211
0.9718707
0.9805792
1.0121096
0.9980533
0.9758465
1.0277200
1.0234314
0.9823109
0.9869434
1.0593351
1.0032652
0.9629906
1.0312871
0.9428319
0.9602304
0.9956995
0.9608836
1.0099536
1.0077215
1.0735050
1.0361383
1.0148202
1.0011530
1.0172073
0.9568927
1.0709040
1.0213862
1.0199438
0.9991823
0.9924045
1.0143738
1.0409996
0.9915475
1.0701052
1.0048971
1.0143309
1.0534132
0.9948091
0.9903497
1.0780211
0.9718707
0.9805792
1.0121096
0.9980533
0.9758465
1.0277200
1.0234314
0.9823109
0.9869434
1.0593351
1.0032652
0.9629906
1.0312871
0.9428319
0.9602304
0.9956995
0.9608836
1.0099536
1.0077215
1.0735050
1.0361383
1.0148202
1.0011530
1.0172073
0.9568927
1.0709040
1.0213862
1.0199438
0.9991823
0.9924045
1.0143738
1.0409996
0.9915475
1.0701052
1.0048971
1.0143309
1.0534132
0.9948091
0.9903497
1.0780211
0.9718707
0.9805792
1.0121096
0.9980533
0.9758465
1.0277200
1.0234314
0.9823109
0.9869434
1.0593351
1.0032652
0.9629906
1.0312871
0.9428319
0.9602304
0.9956995
0.9608836
1.0099536
1.0077215
1.0735050
1.0361383
1.0148202
1.0011530
1.0172073
0.9568927
1.0709040
1.0213862
1.0199438
0.9991823
0.9924045
1.0143738
1.0409996
0.9915475
1.0701052
1.0048971
1.0143309
1.0534132
0.9948091
0.9903497
1.0780211
0.9718707
0.9805792
1.0121096
0.9980533
0.9758465
1.0277200
1.0234314
0.9823109
0.9869434
1.0593351
1.0032652
0.9629906
1.0312871
0.9428319
0.9602304
0.9956995
0.9608836
1.0099536
1.0077215
1.0735050
1.0361383
1.0148202
1.0011530
1.0172073
0.9568927
1.0709040
1.0213862
1.0199438
0.9991823
0.9924045
1.0143738
1.0409996
0.9915475
1.0701052
1.0048971
1.0143309
1.0534132
0.9948091
0.9903497
1.0780211
0.9718707
0.9805792
1.0121096
0.9980533
0.9758465
1.0277200
1.0234314
0.9823109
0.9869434
1.0593351
1.0032652
0.9629906
1.0312871
0.9428319
0.9602304
0.9956995
0.9608836
1.0099536
1.0077215
1.0735050
1.0361383
1.0148202
1.0011530
1.0172073
0.9568927
1.0709040
1.0213862
1.0199438
0.9991823
0.9924045
1.0143738
1.0409996
0.9915475
1.0701052
1.0048971
1.0143309
1.0534132
0.9948091
0.9903497
1.0780211
0.9718707
0.9805792
1.0121096
0.9980533
0.9758465
1.0277200
1.0234314
0.9823109
0.9869434
1.0593351
1.0032652
0.9629906
1.0312871
0.9428319
0.9602304
0.9956995
0.9608836
1.0099536
1.0077215
1.0735050
1.0361383
1.0148202
1.0011530
1.0172073
0.9568927
1.0709040
1.0213862
1.0199438
0.9991823
0.9924045
1.0143738
1.0409996
0.9915475
1.0701052
1.0048971
1.0143309
1.0534132
0.9948091
0.9903497
1.0780211
0.9718707
0.9805792
1.0121096
0.9980533
0.9758465
1.0277200
1.0234314
0.9823109
0.9869434
1.0593351
1.0032652
0.9629906
1.0312871
0.9428319
0.9602304
0.9956995
0.9608836
1.0099536
1.0077215
1.0735050
1.0361383
1.0148202
1.0011530
1.0172073
0.9568927
1.0709040
1.0213862
1.0199438
0.9991823
0.9924045
1.0143738
1.0409996
0.9915475
1.0701052
1.0048971
1.0143309
1.0534132
0.9948091
0.9903497
1.0780211
0.9718707
0.9805792
1.0121096
0.9980533
0.9758465
1.0277200
1.0234314
0.9823109
0.9869434
1.0593351
1.0032652
0.9629906
1.0312871
0.9428319
0.9602304
0.9956995
0.9608836
1.0099536
1.0077215
1.0735050
1.0361383
1.0148202
1.0011530
1.0172073
0.9568927
1.0709040
1.0213862
1.0199438
0.9991823
0.9924045
1.0143738
1.0409996
0.9915475
1.0701052
1.0048971
1.0143309
1.0534132
0.9948091
0.9903497
1.0780211
0.9718707
0.9805792
1.0121096
0.9980533
0.9758465
1.0277200
1.0234314
0.9823109
0.9869434
1.0593351
1.0032652
0.9629906
1.0312871
0.9428319
0.9602304
0.9956995
0.9608836
1.0099536
1.0077215
1.0735050
1.0361383
1.0148202
1.0011530
1.0172073
0.9568927
1.0709040
1.0213862
1.0199438
0.9991823
0.9924045
1.0143738
1.0409996
0.9915475
1.0701052
1.0048971
1.0143309
1.0534132
0.9948091
0.9903497
1.0780211
0.9718707
0.9805792
1.0121096
0.9980533
0.9758465
1.0277200
1.0234314
0.9823109
0.9869434
1.0593351
1.0032652
0.9629906
1.0312871
0.9428319
0.9602304
0.9956995
0.9608836
1.0099536
1.0077215
1.0735050
1.0361383
1.0148202
1.0011530
1.0172073
0.9568927
1.0709040
1.0213862
1.0199438
0.9991823
0.9924045
1.0143738
1.0409996
0.9915475
1.0701052
1.0048971
1.0143309
1.0534132
0.9948091
0.9903497
1.0780211
0.9718707
0.9805792
1.0121096
0.9980533
0.9758465
1.0277200
1.0234314
0.9823109
0.9869434
1.0593351
1.0032652
0.9629906
1.0312871
0.9428319
0.9602304
0.9956995
0.9608836
1.0099536
1.0077215
1.0735050
1.0361383
1.0148202
1.0011530
1.0172073
0.9568927
1.0709040
1.0213862
1.0199438
0.9991823
0.9924045
1.0143738
1.0409996
0.9915475
1.0701052
1.0048971
1.0143309
1.0534132
0.9948091
0.9903497
1.0780211
0.9718707
0.9805792
1.0121096
0.9980533
0.9758465
1.0277200
1.0234314
0.9823109
0.9869434
1.0593351
1.0032652
0.9629906
1.0312871
0.9428319
0.9602304
0.9956995
0.9608836
1.0099536
1.0077215
1.0735050
1.0361383
1.0148202
1.0011530
1.0172073
0.9568927
1.0709040
1.0213862
1.0199438
0.9991823
0.9924045
1.0143738
1.0409996
0.9915475
1.0701052
1.0048971
1.0143309
1.0534132
0.9948091
0.9903497
1.0780211
0.9718707
0.9805792
1.0121096
0.9980533
0.9758465
1.0277200
1.0234314
0.9823109
0.9869434
1.0593351
1.0032652
0.9629906
1.0312871
0.9428319
0.9602304
0.9956995
0.9608836
1.0099536
1.0077215
1.0735050
1.0361383
1.0148202
1.0011530
1.0172073
0.9568927
1.0709040
1.0213862
1.0199438
0.9991823
0.9924045
1.0143738
1.0409996
0.9915475
1.0701052
1.0048971
1.0143309
1.0534132
0.9948091
0.9903497
1.0780211
0.9718707
0.9805792
1.0121096
0.9980533
0.9758465
1.0277200
1.0234314
0.9823109
0.9869434
1.0593351
1.0032652
0.9629906
1.0312871
0.9428319
0.9602304
0.9956995
0.9608836
1.0099536
1.0077215
1.0735050
1.0361383
1.0148202
1.0011530
1.0172073
0.9568927
1.0709040
1.0213862
1.0199438
0.9991823
0.9924045
1.0143738
1.0409996
0.9915475
1.0701052
1.0048971
1.0143309
1.0534132
0.9948091
0.9903497
1.0780211
0.9718707
0.9805792
1.0121096
0.9980533
0.9758465
1.0277200
1.0234314
0.9823109
0.9869434
1.0593351
1.0032652
0.9629906
1.0312871
0.9428319
0.9602304
0.9956995
0.9608836
1.0099536
1.0077215
1.0735050
1.0361383
1.0148202
1.0011530
1.0172073
0.9568927
1.0709040
1.0213862
1.0199438
0.9991823
0.9924045
1.0143738
1.0409996
0.9915475
1.0701052
1.0048971
1.0143309
1.0534132
0.9948091
0.9903497
1.0780211
0.9718707
0.9805792
1.0121096
0.9980533
0.9758465
1.0277200
1.0234314
0.9823109
0.9869434
1.0593351
1.0032652
0.9629906
1.0312871
0.9428319
0.9602304
0.9956995
0.9608836
1.0099536
1.0077215
1.0735050
1.0361383
1.0148202
1.0011530
1.0172073
0.9568927
1.0709040
1.0213862
1.0199438
0.9991823
0.9924045
1.0143738
1.0409996
0.9915475
1.0701052
1.0048971
1.0143309
1.0534132
0.9948091
0.9903497
1.0780211
0.9718707
0.9805792
1.0121096
0.9980533
0.9758465
1.0277200
1.0234314
0.9823109
0.9869434
1.0593351
1.0032652
0.9629906
1.0312871
0.9428319
0.9602304
0.9956995
0.9608836
1.0099536
1.0077215
1.0735050
1.0361383
1.0148202
1.0011530
1.0172073
0.9568927
1.0709040
1.0213862
1.0199438
0.9991823
0.9924045
1.0143738
1.0409996
0.9915475
1.0701052
1.0048971
1.0143309
1.0534132
0.9948091
0.9903497
1.0780211
0.9718707
0.9805792
1.0121096
0.9980533
0.9758465
1.0277200
1.0234314
0.9823109
0.9869434
1.0593351
1.0032652
0.9629906
1.0312871
0.9428319
0.9602304
0.9956995
0.9608836
1.0099536
1.0077215
1.0735050
1.0361383
1.0148202
1.0011530
1.0172073
0.9568927
1.0709040
1.0213862
1.0199438
0.9991823
0.9924045
1.0143738
1.0409996
0.9915475
1.0701052
1.0048971
1.0143309
1.0534132
0.9948091
0.9903497
1.0780211
0.9718707
0.9805792
1.0121096
0.9980533
0.9758465
1.0277200
1.0234314
0.9823109
0.9869434
1.0593351
1.0032652
0.9629906
1.0312871
0.9428319
0.9602304
0.9956995
0.9608836
1.0099536
1.0077215
1.0735050
1.0361383
1.0148202
1.0011530
1.0172073
0.9568927
1.0709040
1.0213862
1.0199438
0.9991823
0.9924045
1.0143738
1.0409996
0.9915475
1.0701052
1.0048971
1.0143309
1.0534132
0.9948091
0.9903497
1.0780211
0.9718707
0.9805792
1.0121096
0.9980533
0.9758465
1.0277200
1.0234314
0.9823109
0.9869434
1.0593351
1.0032652
0.9629906
1.0312871
0.9428319
0.9602304
0.9956995
0.9608836
1.0099536
1.0077215
1.0735050
1.0361383
1.0148202
1.0011530
1.0172073
0.9568927
1.0709040
1.0213862
