0.4874427
0.5050769
0.4999065
0.5254278
0.5110014
0.4894428
0.5002450
0.5321169
0.4772818
0.4895310
0.5148170
0.5282259
0.4764816
0.5131998
0.4957371
0.4572489
0.4760670
0.4772200
0.4804686
0.5244587
0.5102699
0.4946766
0.5094712
0.5047711
0.4797067
0.4620380
0.5018834
0.5144607
0.4886632
0.4955789
0.5138366
0.4949753
0.4937544
0.5102055
0.5323112
0.4907806
0.4912047
0.4878228
0.5120179
0.5009923
0.4874427
0.5050769
0.4999065
0.5254278
0.5110014
0.4894428
0.5002450
0.5321169
0.4772818
0.4895310
0.5148170
0.5282259
0.4764816
0.5131998
0.4957371
0.4572489
0.4760670
0.4772200
0.4804686
0.5244587
0.5102699
0.4946766
0.5094712
0.5047711
0.4797067
0.4620380
0.5018834
0.5144607
0.4886632
0.4955789
0.5138366
0.4949753
0.4937544
0.5102055
0.5323112
0.4907806
0.4912047
0.4878228
0.5120179
0.5009923
0.4874427
0.5050769
0.4999065
0.5254278
0.5110014
0.4894428
0.5002450
0.5321169
0.4772818
0.4895310
0.5148170
0.5282259
0.4764816
0.5131998
0.4957371
0.4572489
0.4760670
0.4772200
0.4804686
0.5244587
0.5102699
0.4946766
0.5094712
0.5047711
0.4797067
0.4620380
0.5018834
0.5144607
0.4886632
0.4955789
0.5138366
0.4949753
0.4937544
0.5102055
0.5323112
0.4907806
0.4912047
0.4878228
0.5120179
0.5009923
0.4874427
0.5050769
0.4999065
0.5254278
0.5110014
0.4894428
0.5002450
0.5321169
0.4772818
0.4895310
0.5148170
0.5282259
0.4764816
0.5131998
0.4957371
0.4572489
0.4760670
0.4772200
0.4804686
0.5244587
0.5102699
0.4946766
0.5094712
0.5047711
0.4797067
0.4620380
0.5018834
0.5144607
0.4886632
0.4955789
0.5138366
0.4949753
0.4937544
0.5102055
0.5323112
0.4907806
0.4912047
0.4878228
0.5120179
0.5009923
0.4874427
0.5050769
0.4999065
0.5254278
0.5110014
0.4894428
0.5002450
0.5321169
0.4772818
0.4895310
0.5148170
0.5282259
0.4764816
0.5131998
0.4957371
0.4572489
0.4760670
0.4772200
0.4804686
0.5244587
0.5102699
0.4946766
0.5094712
0.5047711
0.4797067
0.4620380
0.5018834
0.5144607
0.4886632
0.4955789
0.5138366
0.4949753
0.4937544
0.5102055
0.5323112
0.4907806
0.4912047
0.4878228
0.5120179
0.5009923
0.4874427
0.5050769
0.4999065
0.5254278
0.5110014
0.4894428
0.5002450
0.5321169
0.4772818
0.4895310
0.5148170
0.5282259
0.4764816
0.5131998
0.4957371
0.4572489
0.4760670
0.4772200
0.4804686
0.5244587
0.5102699
0.4946766
0.5094712
0.5047711
0.4797067
0.4620380
0.5018834
0.5144607
0.4886632
0.4955789
0.5138366
0.4949753
0.4937544
0.5102055
0.5323112
0.4907806
0.4912047
0.4878228
0.5120179
0.5009923
0.4874427
0.5050769
0.4999065
0.5254278
0.5110014
0.4894428
0.5002450
0.5321169
0.4772818
0.4895310
0.5148170
0.5282259
0.4764816
0.5131998
0.4957371
0.4572489
0.4760670
0.4772200
0.4804686
0.5244587
0.5102699
0.4946766
0.5094712
0.5047711
0.4797067
0.4620380
0.5018834
0.5144607
0.4886632
0.4955789
0.5138366
0.4949753
0.4937544
0.5102055
0.5323112
0.4907806
0.4912047
0.4878228
0.5120179
0.5009923
0.4874427
0.5050769
0.4999065
0.5254278
0.5110014
0.4894428
0.5002450
0.5321169
0.4772818
0.4895310
0.5148170
0.5282259
0.4764816
0.5131998
0.4957371
0.4572489
0.4760670
0.4772200
0.4804686
0.5244587
0.5102699
0.4946766
0.5094712
0.5047711
0.4797067
0.4620380
0.5018834
0.5144607
0.4886632
0.4955789
0.5138366
0.4949753
0.4937544
0.5102055
0.5323112
0.4907806
0.4912047
0.4878228
0.5120179
0.5009923
0.4874427
0.5050769
0.4999065
0.5254278
0.5110014
0.4894428
0.5002450
0.5321169
0.4772818
0.4895310
0.5148170
0.5282259
0.4764816
0.5131998
0.4957371
0.4572489
0.4760670
0.4772200
0.4804686
0.5244587
0.5102699
0.4946766
0.5094712
0.5047711
0.4797067
0.4620380
0.5018834
0.5144607
0.4886632
0.4955789
0.5138366
0.4949753
0.4937544
0.5102055
0.5323112
0.4907806
0.4912047
0.4878228
0.5120179
0.5009923
0.4874427
0.5050769
0.4999065
0.5254278
0.5110014
0.4894428
0.5002450
0.5321169
0.4772818
0.4895310
0.5148170
0.5282259
0.4764816
0.5131998
0.4957371
0.4572489
0.4760670
0.4772200
0.4804686
0.5244587
0.5102699
0.4946766
0.5094712
0.5047711
0.4797067
0.4620380
0.5018834
0.5144607
0.4886632
0.4955789
0.5138366
0.4949753
0.4937544
0.5102055
0.5323112
0.4907806
0.4912047
0.4878228
0.5120179
0.5009923
0.4874427
0.5050769
0.4999065
0.5254278
0.5110014
0.4894428
0.5002450
0.5321169
0.4772818
0.4895310
0.5148170
0.5282259
0.4764816
0.5131998
0.4957371
0.4572489
0.4760670
0.4772200
0.4804686
0.5244587
0.5102699
0.4946766
0.5094712
0.5047711
0.4797067
0.4620380
0.5018834
0.5144607
0.4886632
0.4955789
0.5138366
0.4949753
0.4937544
0.5102055
0.5323112
0.4907806
0.4912047
0.4878228
0.5120179
0.5009923
0.4874427
0.5050769
0.4999065
0.5254278
0.5110014
0.4894428
0.5002450
0.5321169
0.4772818
0.4895310
0.5148170
0.5282259
0.4764816
0.5131998
0.4957371
0.4572489
0.4760670
0.4772200
0.4804686
0.5244587
0.5102699
0.4946766
0.5094712
0.5047711
0.4797067
0.4620380
0.5018834
0.5144607
0.4886632
0.4955789
0.5138366
0.4949753
0.4937544
0.5102055
0.5323112
0.4907806
0.4912047
0.4878228
0.5120179
0.5009923
0.4874427
0.5050769
0.4999065
0.5254278
0.5110014
0.4894428
0.5002450
0.5321169
0.4772818
0.4895310
0.5148170
0.5282259
0.4764816
0.5131998
0.4957371
0.4572489
0.4760670
0.4772200
0.4804686
0.5244587
0.5102699
0.4946766
0.5094712
0.5047711
0.4797067
0.4620380
0.5018834
0.5144607
0.4886632
0.4955789
0.5138366
0.4949753
0.4937544
0.5102055
0.5323112
0.4907806
0.4912047
0.4878228
0.5120179
0.5009923
0.4874427
0.5050769
0.4999065
0.5254278
0.5110014
0.4894428
0.5002450
0.5321169
0.4772818
0.4895310
0.5148170
0.5282259
0.4764816
0.5131998
0.4957371
0.4572489
0.4760670
0.4772200
0.4804686
0.5244587
0.5102699
0.4946766
0.5094712
0.5047711
0.4797067
0.4620380
0.5018834
0.5144607
0.4886632
0.4955789
0.5138366
0.4949753
0.4937544
0.5102055
0.5323112
0.4907806
0.4912047
0.4878228
0.5120179
0.5009923
0.4874427
0.5050769
0.4999065
0.5254278
0.5110014
0.4894428
0.5002450
0.5321169
0.4772818
0.4895310
0.5148170
0.5282259
0.4764816
0.5131998
0.4957371
0.4572489
0.4760670
0.4772200
0.4804686
0.5244587
0.5102699
0.4946766
0.5094712
0.5047711
0.4797067
0.4620380
0.5018834
0.5144607
0.4886632
0.4955789
0.5138366
0.4949753
0.4937544
0.5102055
0.5323112
0.4907806
0.4912047
0.4878228
0.5120179
0.5009923
0.4874427
0.5050769
0.4999065
0.5254278
0.5110014
0.4894428
0.5002450
0.5321169
0.4772818
0.4895310
0.5148170
0.5282259
0.4764816
0.5131998
0.4957371
0.4572489
0.4760670
0.4772200
0.4804686
0.5244587
0.5102699
0.4946766
0.5094712
0.5047711
0.4797067
0.4620380
0.5018834
0.5144607
0.4886632
0.4955789
0.5138366
0.4949753
0.4937544
0.5102055
0.5323112
0.4907806
0.4912047
0.4878228
0.5120179
0.5009923
0.4874427
0.5050769
0.4999065
0.5254278
0.5110014
0.4894428
0.5002450
0.5321169
0.4772818
0.4895310
0.5148170
0.5282259
0.4764816
0.5131998
0.4957371
0.4572489
0.4760670
0.4772200
0.4804686
0.5244587
0.5102699
0.4946766
0.5094712
0.5047711
0.4797067
0.4620380
0.5018834
0.5144607
0.4886632
0.4955789
0.5138366
0.4949753
0.4937544
0.5102055
0.5323112
0.4907806
0.4912047
0.4878228
0.5120179
0.5009923
0.4874427
0.5050769
0.4999065
0.5254278
0.5110014
0.4894428
0.5002450
0.5321169
0.4772818
0.4895310
0.5148170
0.5282259
0.4764816
0.5131998
0.4957371
0.4572489
0.4760670
0.4772200
0.4804686
0.5244587
0.5102699
0.4946766
0.5094712
0.5047711
0.4797067
0.4620380
0.5018834
0.5144607
0.4886632
0.4955789
0.5138366
0.4949753
0.4937544
0.5102055
0.5323112
0.4907806
0.4912047
0.4878228
0.5120179
0.5009923
0.4874427
0.5050769
0.4999065
0.5254278
0.5110014
0.4894428
0.5002450
0.5321169
0.4772818
0.4895310
0.5148170
0.5282259
0.4764816
0.5131998
0.4957371
0.4572489
0.4760670
0.4772200
0.4804686
0.5244587
0.5102699
0.4946766
0.5094712
0.5047711
0.4797067
0.4620380
0.5018834
0.5144607
0.4886632
0.4955789
0.5138366
0.4949753
0.4937544
0.5102055
0.5323112
0.4907806
0.4912047
0.4878228
0.5120179
0.5009923
0.4874427
0.5050769
0.4999065
0.5254278
0.5110014
0.4894428
0.5002450
0.5321169
0.4772818
0.4895310
0.5148170
0.5282259
0.4764816
0.5131998
0.4957371
0.4572489
0.4760670
0.4772200
0.4804686
0.5244587
0.5102699
0.4946766
0.5094712
0.5047711
0.4797067
0.4620380
0.5018834
0.5144607
0.4886632
0.4955789
0.5138366
0.4949753
0.4937544
0.5102055
0.5323112
0.4907806
0.4912047
0.4878228
0.5120179
0.5009923
0.4874427
0.5050769
0.4999065
0.5254278
0.5110014
0.4894428
0.5002450
0.5321169
0.4772818
0.4895310
0.5148170
0.5282259
0.4764816
0.5131998
0.4957371
0.4572489
0.4760670
0.4772200
0.4804686
0.5244587
0.5102699
0.4946766
0.5094712
0.5047711
0.4797067
0.4620380
0.5018834
0.5144607
0.4886632
0.4955789
0.5138366
0.4949753
0.4937544
0.5102055
0.5323112
0.4907806
0.4912047
0.4878228
0.5120179
0.5009923
0.4874427
0.5050769
0.4999065
0.5254278
0.5110014
0.4894428
0.5002450
0.5321169
0.4772818
0.4895310
0.5148170
0.5282259
0.4764816
0.5131998
0.4957371
0.4572489
0.4760670
0.4772200
0.4804686
0.5244587
0.5102699
0.4946766
0.5094712
0.5047711
0.4797067
0.4620380
0.5018834
0.5144607
0.4886632
0.4955789
0.5138366
0.4949753
0.4937544
0.5102055
0.5323112
0.4907806
0.4912047
0.4878228
0.5120179
0.5009923
0.4874427
0.5050769
0.4999065
0.5254278
0.5110014
0.4894428
0.5002450
0.5321169
0.4772818
0.4895310
0.5148170
0.5282259
0.4764816
0.5131998
0.4957371
0.4572489
0.4760670
0.4772200
0.4804686
0.5244587
0.5102699
0.4946766
0.5094712
0.5047711
0.4797067
0.4620380
0.5018834
0.5144607
0.4886632
0.4955789
0.5138366
0.4949753
0.4937544
0.5102055
0.5323112
0.4907806
0.4912047
0.4878228
0.5120179
0.5009923
0.4874427
0.5050769
0.4999065
0.5254278
0.5110014
0.4894428
0.5002450
0.5321169
0.4772818
0.4895310
0.5148170
0.5282259
0.4764816
0.5131998
0.4957371
0.4572489
0.4760670
0.4772200
0.4804686
0.5244587
0.5102699
0.4946766
0.5094712
0.5047711
0.4797067
0.4620380
0.5018834
0.5144607
0.4886632
0.4955789
0.5138366
0.4949753
0.4937544
0.5102055
0.5323112
0.4907806
0.4912047
0.4878228
0.5120179
0.5009923
0.4874427
0.5050769
0.4999065
0.5254278
0.5110014
0.4894428
0.5002450
0.5321169
0.4772818
0.4895310
0.5148170
0.5282259
0.4764816
0.5131998
0.4957371
0.4572489
0.4760670
0.4772200
0.4804686
0.5244587
0.5102699
0.4946766
0.5094712
0.5047711
0.4797067
0.4620380
0.5018834
0.5144607
0.4886632
0.4955789
0.5138366
0.4949753
0.4937544
0.5102055
0.5323112
0.4907806
0.4912047
0.4878228
0.5120179
0.5009923
0.4874427
0.5050769
0.4999065
0.5254278
0.5110014
0.4894428
0.5002450
0.5321169
0.4772818
0.4895310
0.5148170
0.5282259
0.4764816
0.5131998
0.4957371
0.4572489
0.4760670
0.4772200
0.4804686
0.5244587
0.5102699
0.4946766
0.5094712
0.5047711
0.4797067
0.4620380
0.5018834
0.5144607
0.4886632
0.4955789
0.5138366
0.4949753
0.4937544
0.5102055
0.5323112
0.4907806
0.4912047
0.4878228
0.5120179
0.5009923
0.4874427
0.5050769
0.4999065
0.5254278
0.5110014
0.4894428
0.5002450
0.5321169
0.4772818
0.4895310
0.5148170
0.5282259
0.4764816
0.5131998
0.4957371
0.4572489
0.4760670
0.4772200
0.4804686
0.5244587
0.5102699
0.4946766
0.5094712
0.5047711
0.4797067
0.4620380
0.5018834
0.5144607
0.4886632
0.4955789
0.5138366
0.4949753
0.4937544
0.5102055
0.5323112
0.4907806
0.4912047
0.4878228
0.5120179
0.5009923
0.4874427
0.5050769
0.4999065
0.5254278
0.5110014
0.4894428
0.5002450
0.5321169
0.4772818
0.4895310
0.5148170
0.5282259
0.4764816
0.5131998
0.4957371
0.4572489
0.4760670
0.4772200
0.4804686
0.5244587
0.5102699
0.4946766
0.5094712
0.5047711
0.4797067
0.4620380
0.5018834
0.5144607
0.4886632
0.4955789
0.5138366
0.4949753
0.4937544
0.5102055
0.5323112
0.4907806
0.4912047
0.4878228
0.5120179
0.5009923
0.4874427
0.5050769
0.4999065
0.5254278
0.5110014
0.4894428
0.5002450
0.5321169
0.4772818
0.4895310
0.5148170
0.5282259
0.4764816
0.5131998
0.4957371
0.4572489
0.4760670
0.4772200
0.4804686
0.5244587
0.5102699
0.4946766
0.5094712
0.5047711
0.4797067
0.4620380
0.5018834
0.5144607
0.4886632
0.4955789
0.5138366
0.4949753
0.4937544
0.5102055
0.5323112
0.4907806
0.4912047
0.4878228
0.5120179
0.5009923
0.4874427
0.5050769
0.4999065
0.5254278
0.5110014
0.4894428
0.5002450
0.5321169
0.4772818
0.4895310
0.5148170
0.5282259
0.4764816
0.5131998
0.4957371
0.4572489
0.4760670
0.4772200
0.4804686
0.5244587
0.5102699
0.4946766
0.5094712
0.5047711
0.4797067
0.4620380
0.5018834
0.5144607
0.4886632
0.4955789
0.5138366
0.4949753
0.4937544
0.5102055
0.5323112
0.4907806
0.4912047
0.4878228
0.5120179
0.5009923
0.4874427
0.5050769
0.4999065
0.5254278
0.5110014
0.4894428
0.5002450
0.5321169
0.4772818
0.4895310
0.5148170
0.5282259
0.4764816
0.5131998
0.4957371
0.4572489
0.4760670
0.4772200
0.4804686
0.5244587
0.5102699
0.4946766
0.5094712
0.5047711
0.4797067
0.4620380
0.5018834
0.5144607
0.4886632
0.4955789
0.5138366
0.4949753
0.4937544
0.5102055
0.5323112
0.4907806
0.4912047
0.4878228
0.5120179
0.5009923
0.4874427
0.5050769
0.4999065
0.5254278
0.5110014
0.4894428
0.5002450
0.5321169
0.4772818
0.4895310
0.5148170
0.5282259
0.4764816
0.5131998
0.4957371
0.4572489
0.4760670
0.4772200
0.4804686
0.5244587
0.5102699
0.4946766
0.5094712
0.5047711
0.4797067
0.4620380
0.5018834
0.5144607
0.4886632
0.4955789
0.5138366
0.4949753
0.4937544
0.5102055
0.5323112
0.4907806
0.4912047
0.4878228
0.5120179
0.5009923
0.4874427
0.5050769
0.4999065
0.5254278
0.5110014
0.4894428
0.5002450
0.5321169
0.4772818
0.4895310
0.5148170
0.5282259
0.4764816
0.5131998
0.4957371
0.4572489
0.4760670
0.4772200
0.4804686
0.5244587
0.5102699
0.4946766
0.5094712
0.5047711
0.4797067
0.4620380
0.5018834
0.5144607
0.4886632
0.4955789
0.5138366
0.4949753
0.4937544
0.5102055
0.5323112
0.4907806
0.4912047
0.4878228
0.5120179
0.5009923
0.4874427
0.5050769
0.4999065
0.5254278
0.5110014
0.4894428
0.5002450
0.5321169
0.4772818
0.4895310
0.5148170
0.5282259
0.4764816
0.5131998
0.4957371
0.4572489
0.4760670
0.4772200
0.4804686
0.5244587
0.5102699
0.4946766
0.5094712
0.5047711
0.4797067
0.4620380
0.5018834
0.5144607
0.4886632
0.4955789
0.5138366
0.4949753
0.4937544
0.5102055
0.5323112
0.4907806
0.4912047
0.4878228
0.5120179
0.5009923
0.4874427
0.5050769
0.4999065
0.5254278
0.5110014
0.4894428
0.5002450
0.5321169
0.4772818
0.4895310
0.5148170
0.5282259
0.4764816
0.5131998
0.4957371
0.4572489
0.4760670
0.4772200
0.4804686
0.5244587
0.5102699
0.4946766
0.5094712
0.5047711
0.4797067
0.4620380
0.5018834
0.5144607
0.4886632
0.4955789
0.5138366
0.4949753
0.4937544
0.5102055
0.5323112
0.4907806
0.4912047
0.4878228
0.5120179
0.5009923
0.4874427
0.5050769
0.4999065
0.5254278
0.5110014
0.4894428
0.5002450
0.5321169
0.4772818
0.4895310
0.5148170
0.5282259
0.4764816
0.5131998
0.4957371
0.4572489
0.4760670
0.4772200
0.4804686
0.5244587
0.5102699
0.4946766
0.5094712
0.5047711
0.4797067
0.4620380
0.5018834
0.5144607
0.4886632
0.4955789
0.5138366
0.4949753
0.4937544
0.5102055
0.5323112
0.4907806
0.4912047
0.4878228
0.5120179
0.5009923
0.4874427
0.5050769
0.4999065
0.5254278
0.5110014
0.4894428
0.5002450
0.5321169
0.4772818
0.4895310
0.5148170
0.5282259
0.4764816
0.5131998
0.4957371
0.4572489
0.4760670
0.4772200
0.4804686
0.5244587
0.5102699
0.4946766
0.5094712
0.5047711
0.4797067
0.4620380
0.5018834
0.5144607
0.4886632
0.4955789
0.5138366
0.4949753
0.4937544
0.5102055
0.5323112
0.4907806
0.4912047
0.4878228
0.5120179
0.5009923
0.4874427
0.5050769
0.4999065
0.5254278
0.5110014
0.4894428
0.5002450
0.5321169
0.4772818
0.4895310
0.5148170
0.5282259
0.4764816
0.5131998
0.4957371
0.4572489
0.4760670
0.4772200
0.4804686
0.5244587
0.5102699
0.4946766
0.5094712
0.5047711
0.4797067
0.4620380
0.5018834
0.5144607
0.4886632
0.4955789
0.5138366
0.4949753
0.4937544
0.5102055
0.5323112
0.4907806
0.4912047
0.4878228
0.5120179
0.5009923
0.4874427
0.5050769
0.4999065
0.5254278
0.5110014
0.4894428
0.5002450
0.5321169
0.4772818
0.4895310
0.5148170
0.5282259
0.4764816
0.5131998
0.4957371
0.4572489
0.4760670
0.4772200
0.4804686
0.5244587
0.5102699
0.4946766
0.5094712
0.5047711
0.4797067
0.4620380
0.5018834
0.5144607
0.4886632
0.4955789
0.5138366
0.4949753
0.4937544
0.5102055
0.5323112
0.4907806
0.4912047
0.4878228
0.5120179
0.5009923
0.4874427
0.5050769
0.4999065
0.5254278
0.5110014
0.4894428
0.5002450
0.5321169
0.4772818
0.4895310
0.5148170
0.5282259
0.4764816
0.5131998
0.4957371
0.4572489
0.4760670
0.4772200
0.4804686
0.5244587
0.5102699
0.4946766
0.5094712
0.5047711
0.4797067
0.4620380
0.5018834
0.5144607
0.4886632
0.4955789
0.5138366
0.4949753
0.4937544
0.5102055
0.5323112
0.4907806
0.4912047
0.4878228
0.5120179
0.5009923
0.4874427
0.5050769
0.4999065
0.5254278
0.5110014
0.4894428
0.5002450
0.5321169
0.4772818
0.4895310
0.5148170
0.5282259
0.4764816
0.5131998
0.4957371
0.4572489
0.4760670
0.4772200
0.4804686
0.5244587
0.5102699
0.4946766
0.5094712
0.5047711
0.4797067
0.4620380
0.5018834
0.5144607
0.4886632
0.4955789
0.5138366
0.4949753
0.4937544
0.5102055
0.5323112
0.4907806
0.4912047
0.4878228
0.5120179
0.5009923
0.4874427
0.5050769
0.4999065
0.5254278
0.5110014
0.4894428
0.5002450
0.5321169
0.4772818
0.4895310
0.5148170
0.5282259
0.4764816
0.5131998
0.4957371
0.4572489
0.4760670
0.4772200
0.4804686
0.5244587
0.5102699
0.4946766
0.5094712
0.5047711
0.4797067
0.4620380
0.5018834
0.5144607
0.4886632
0.4955789
0.5138366
0.4949753
0.4937544
0.5102055
0.5323112
0.4907806
0.4912047
0.4878228
0.5120179
0.5009923
0.4874427
0.5050769
0.4999065
0.5254278
0.5110014
0.4894428
0.5002450
0.5321169
0.4772818
0.4895310
0.5148170
0.5282259
0.4764816
0.5131998
0.4957371
0.4572489
0.4760670
0.4772200
0.4804686
0.5244587
0.5102699
0.4946766
0.5094712
0.5047711
0.4797067
0.4620380
0.5018834
0.5144607
0.4886632
0.4955789
0.5138366
0.4949753
0.4937544
0.5102055
0.5323112
0.4907806
0.4912047
0.4878228
0.5120179
0.5009923
0.4874427
0.5050769
0.4999065
0.5254278
0.5110014
0.4894428
0.5002450
0.5321169
0.4772818
0.4895310
0.5148170
0.5282259
0.4764816
0.5131998
0.4957371
0.4572489
0.4760670
0.4772200
0.4804686
0.5244587
0.5102699
0.4946766
0.5094712
0.5047711
0.4797067
0.4620380
0.5018834
0.5144607
0.4886632
0.4955789
0.5138366
0.4949753
0.4937544
0.5102055
0.5323112
0.4907806
0.4912047
0.4878228
0.5120179
0.5009923
0.4874427
0.5050769
0.4999065
0.5254278
0.5110014
0.4894428
0.5002450
0.5321169
0.4772818
0.4895310
0.5148170
0.5282259
0.4764816
0.5131998
0.4957371
0.4572489
0.4760670
0.4772200
0.4804686
0.5244587
0.5102699
0.4946766
0.5094712
0.5047711
0.4797067
0.4620380
0.5018834
0.5144607
0.4886632
0.4955789
0.5138366
0.4949753
0.4937544
0.5102055
0.5323112
0.4907806
0.4912047
0.4878228
0.5120179
0.5009923
0.4874427
0.5050769
0.4999065
0.5254278
0.5110014
0.4894428
0.5002450
0.5321169
0.4772818
0.4895310
0.5148170
0.5282259
0.4764816
0.5131998
0.4957371
0.4572489
0.4760670
0.4772200
0.4804686
0.5244587
0.5102699
0.4946766
0.5094712
0.5047711
0.4797067
0.4620380
0.5018834
0.5144607
0.4886632
0.4955789
0.5138366
0.4949753
0.4937544
0.5102055
0.5323112
0.4907806
0.4912047
0.4878228
0.5120179
0.5009923
0.4874427
0.5050769
0.4999065
0.5254278
0.5110014
0.4894428
0.5002450
0.5321169
0.4772818
0.4895310
0.5148170
0.5282259
0.4764816
0.5131998
0.4957371
0.4572489
0.4760670
0.4772200
0.4804686
0.5244587
0.5102699
0.4946766
0.5094712
0.5047711
0.4797067
0.4620380
0.5018834
0.5144607
0.4886632
0.4955789
0.5138366
0.4949753
0.4937544
0.5102055
0.5323112
0.4907806
0.4912047
0.4878228
0.5120179
0.5009923
0.4874427
0.5050769
0.4999065
0.5254278
0.5110014
0.4894428
0.5002450
0.5321169
0.4772818
0.4895310
0.5148170
0.5282259
0.4764816
0.5131998
0.4957371
0.4572489
0.4760670
0.4772200
0.4804686
0.5244587
0.5102699
0.4946766
0.5094712
0.5047711
0.4797067
0.4620380
0.5018834
0.5144607
0.4886632
0.4955789
0.5138366
0.4949753
0.4937544
0.5102055
0.5323112
0.4907806
0.4912047
0.4878228
0.5120179
0.5009923
0.4874427
0.5050769
0.4999065
0.5254278
0.5110014
0.4894428
0.5002450
0.5321169
0.4772818
0.4895310
0.5148170
0.5282259
0.4764816
0.5131998
0.4957371
0.4572489
0.4760670
0.4772200
0.4804686
0.5244587
0.5102699
0.4946766
0.5094712
0.5047711
0.4797067
0.4620380
0.5018834
0.5144607
0.4886632
0.4955789
0.5138366
0.4949753
0.4937544
0.5102055
0.5323112
0.4907806
0.4912047
0.4878228
0.5120179
0.5009923
0.4874427
0.5050769
0.4999065
0.5254278
0.5110014
0.4894428
0.5002450
0.5321169
0.4772818
0.4895310
0.5148170
0.5282259
0.4764816
0.5131998
0.4957371
0.4572489
0.4760670
0.4772200
0.4804686
0.5244587
0.5102699
0.4946766
0.5094712
0.5047711
0.4797067
0.4620380
0.5018834
0.5144607
0.4886632
0.4955789
0.5138366
0.4949753
0.4937544
0.5102055
0.5323112
0.4907806
0.4912047
0.4878228
0.5120179
0.5009923
