 5.664319
 6.221545
 5.952322
 6.117509
 5.399629
 5.418957
 5.583967
 5.308433
 5.673254
 5.854597
 6.259563
 5.954546
 6.105050
 5.753747
 5.909862
 7.722380
 6.773480
 7.252239
 6.303465
 6.208492
 6.130905
 5.795206
 5.609680
 5.554077
 5.871408
 6.398643
 6.708672
 6.810161
 6.001996
 5.650251
 5.796701
 5.778664
 5.552891
 6.265843
 5.711831
 5.936677
 6.260178
 5.731544
 5.814714
 5.634014
 5.498342
 5.069800
 4.887801
 4.858273
 4.709328
 5.186037
 4.950521
 5.024982
 4.883964
 5.466108
 5.168636
 5.449300
 5.604280
 5.114356
 5.216433
 5.390977
 5.122361
 5.688863
 5.225731
 5.499401
 5.844715
 5.685094
 5.401928
 4.889467
 5.133916
 5.331236
 5.426166
 5.302262
 5.047600
 5.038143
 5.202696
 5.032160
 5.272760
 5.134723
 5.438794
 5.881594
 5.152477
 5.716690
 5.270336
 5.712965
 5.404792
 5.425683
 5.276944
 5.595366
 5.403064
 5.038500
 5.060738
 5.263560
 5.035827
 5.493277
 5.641621
 5.586677
 5.413844
 5.515796
 5.642201
 5.854493
 5.735078
 5.858419
 5.300507
 5.488648
 4.672652
 4.787203
 5.214324
 5.301761
 5.164983
 5.271361
 4.952426
 5.845581
 5.650098
 5.612484
 5.880988
 5.511622
 5.544205
 5.283893
 5.429085
 5.133523
 5.523971
 5.583894
 5.364933
 5.307086
 6.077367
 5.621208
 5.590696
 5.704042
 6.143360
 6.133498
 5.861292
 6.091148
 6.439145
 5.089354
 3.990677
 3.948275
 3.982699
 3.763274
 4.089157
 5.219414
 4.931491
 4.670282
 4.846778
 4.686347
 4.900040
 4.987120
 5.301233
 5.440546
 4.423760
 4.426981
 4.380942
 4.771463
 4.715491
 4.950096
 4.841080
 4.668138
 4.928090
 5.117384
 4.927295
 5.065465
 4.857268
 3.788354
 4.259458
 4.192609
 4.214095
 4.150780
 3.772362
 3.712022
 5.996398
 5.086192
 4.885276
 5.111363
 4.963505
 4.917306
 4.165026
 3.940213
 4.031252
 3.716350
 4.064836
 4.072881
 4.369715
 4.526825
 4.250376
 4.424254
 4.235951
 4.477484
 4.598757
 5.474563
 4.573908
 5.153117
 4.993457
 5.164929
 5.041049
 5.341398
 5.342076
 4.840704
 5.229796
 4.853265
 4.908265
 4.831803
 4.823933
 5.179519
 5.314477
 5.353273
 5.208671
 5.451536
 4.506225
 4.409098
 4.371958
 4.632361
 4.524086
 4.941601
 4.576316
 4.343820
 4.665685
 4.695642
 4.520330
 4.804827
 4.803681
 4.421755
 4.350385
 4.263831
 3.787384
 3.917646
 3.863718
 3.953641
 4.750464
 4.590277
 4.567776
 5.512652
 5.399232
 5.115318
 5.276330
 5.350766
 4.366390
 4.475512
 4.411403
 4.425532
 5.057304
 5.083186
 4.975791
 4.916789
 4.348337
 4.187952
 4.844999
 4.587103
 4.549162
 4.670176
 4.188132
 4.240877
 4.747329
 4.388917
 4.937224
 5.296003
 4.887311
 5.537139
 4.875226
 5.428401
 5.456279
 5.812870
 4.869740
 4.931570
 4.836496
 4.704223
 4.669549
 4.922889
 4.875844
 4.451811
 4.973965
 4.674575
 4.993045
 5.242438
 5.302717
 5.100871
 4.802728
 4.861705
 4.568003
 5.142433
 4.889138
 4.780259
 5.349426
 5.182834
 4.913643
 4.779013
 4.793500
 4.588848
 4.407390
 6.616210
 5.654227
 5.942679
 9.337994
 9.113160
 9.093819
 9.064004
 9.785933
 9.005072
 9.204015
10.205675
10.246511
 9.832179
 9.961182
 9.320234
 9.307205
 9.446529
 9.099304
 7.988081
 7.971895
 8.648760
 8.250318
 7.981638
 8.437740
 8.595877
 8.375399
 8.587292
 8.662936
 9.081842
 8.775811
 7.630879
 7.830199
 7.860825
 9.358548
 9.724759
 9.469916
10.064683
 8.893160
 9.886621
 9.525511
 9.808494
 9.966408
10.219206
 9.727529
10.009837
 9.262008
 9.814498
 9.654410
 9.650483
 9.093375
 8.871209
 6.403545
 6.407550
 6.344580
 6.293081
 5.848995
 6.002871
 6.501672
 6.229467
 6.552377
 6.394993
 6.033553
 6.272312
 6.630586
 6.086171
 6.213921
 5.796713
 5.794337
 5.879956
 5.980594
 5.750458
 5.620403
 5.690895
 6.539229
 6.419928
 6.479574
 6.377321
 6.283536
 6.537339
 6.158438
 6.769894
 6.710131
 5.948475
 5.772394
 6.589865
 6.740881
 6.650471
 6.886507
 6.271357
 6.637964
 6.258831
 6.090201
 6.265112
 6.347988
 6.074374
 6.307552
 6.540313
 6.185704
 6.157786
 6.853012
 6.053572
 6.211402
 6.263520
 5.760724
 5.988051
 6.322238
 5.499551
 5.398698
 5.505182
 5.090654
 5.015225
 5.195770
 5.183338
 5.514410
 5.770784
 6.035471
 5.498256
 6.196774
 5.858704
 5.976249
 6.232307
 5.694137
 5.409095
 5.693869
 5.645619
 6.187688
 5.815125
 7.064855
 7.259287
 7.589763
 7.207156
 7.582899
 7.766188
 7.386157
 7.341577
 6.449547
 7.394172
 7.431984
 7.353005
 9.574442
10.206341
 9.206246
 9.296683
 4.768134
 4.576186
 4.637925
 4.756752
 4.734845
 4.708315
 4.643828
 4.852254
 4.294488
 4.384739
 4.533277
 4.142455
 4.851843
 4.955448
 4.557845
 4.320275
 4.832664
 5.529966
 5.836019
 5.860829
 5.948600
 5.248395
 5.275877
 5.206602
 5.113337
 4.898648
 5.210954
 5.089745
 5.196628
 5.521161
 6.601795
 6.429528
 5.317129
 5.399550
 5.141083
 4.856632
 5.233367
 4.844561
 4.565621
 4.940552
 5.367865
 5.500627
 5.736775
 5.736757
 5.538613
 5.706712
 5.781273
 5.902967
 5.961607
 6.426099
 6.351424
 5.807757
 5.960810
 6.153697
 5.624721
 5.686984
 5.780114
 5.635083
 6.017825
 6.266704
 6.115699
 5.836127
 5.509933
 5.427713
 5.761729
 5.878431
 5.625283
 5.086916
 5.372848
 5.457608
 7.480857
 7.499009
 7.467971
 7.705493
 7.497898
 7.954082
 7.713478
 7.859351
 6.449325
 6.518097
 6.886400
 6.962104
 6.852873
 6.404748
 6.811773
 6.665241
 3.172019
 3.118686
 3.470780
 3.212926
 3.154937
 3.220881
 3.232356
 3.203814
 3.342750
 2.888196
 2.834546
 2.972713
 2.810805
 2.741109
 2.856234
 2.477285
 2.625335
 2.642771
 3.937214
 3.785983
 3.982730
 3.915126
 4.784569
 4.674650
 4.731683
 3.927092
 4.005917
 3.759841
 4.536080
 4.937110
 4.448666
 4.512352
 4.596417
 4.493334
 4.309072
 4.615674
 4.719278
 4.701124
 4.381644
 4.670014
 4.624715
 4.348833
 4.527043
 4.643441
 4.553829
 4.332004
 4.393212
 4.326454
 4.488618
 4.465404
 5.295135
 5.433865
 5.603909
 5.348483
 5.702359
 5.714343
 4.596494
 4.528974
 4.357483
 4.284634
 4.302786
 4.248371
 4.259155
 4.493607
 4.606301
 4.975719
 4.690618
 4.379887
 4.462548
 6.418667
 5.632005
 4.906343
 5.541287
 5.007061
 5.289351
 4.183732
 4.972019
 4.956876
 4.861496
 5.066242
 4.947672
 4.590051
 4.637347
 4.895551
 5.051866
 5.091949
 4.604025
 4.858544
 4.487855
 4.305291
 4.615945
 4.518651
 4.607433
 4.549199
 4.520664
 4.605054
 4.636392
 4.709719
 4.834294
 5.689922
 5.956184
 4.875042
 5.246677
 5.271006
 5.231237
 5.092857
 4.954402
 4.652779
 5.494695
 5.427391
 5.152330
 4.972325
 5.364399
 6.123978
 5.871571
 6.237762
 6.033646
 5.919053
 4.525043
 4.735552
 5.039829
 4.984917
 4.424240
 4.854542
 6.280647
 6.221032
 6.029099
 4.834648
 4.417942
 4.826006
 4.784393
 4.824683
 4.283709
 4.606633
 4.775968
 4.690612
 4.574997
 4.949819
 7.242288
 7.579549
 8.032072
 7.834766
 7.827186
 7.113892
 8.160559
 7.786055
 7.177476
 7.549255
 8.749519
 7.892558
 8.061882
 8.231837
 7.802641
 8.408780
 7.646092
 7.506540
 7.238338
 7.526900
 7.379396
 8.036784
 7.433280
 7.827374
 7.860302
 7.773813
 7.538553
 7.708724
 7.624600
 7.556646
 7.592423
 7.406850
 7.178104
 7.673277
 7.278072
 7.890538
 7.134796
 7.682435
 7.757678
 6.322283
 6.230065
 5.879166
 6.134067
 6.337166
 5.758113
 6.153015
 5.980052
 6.203002
 7.434788
 7.438766
 8.255759
 6.975587
 7.655023
 7.084469
 8.007222
 8.004708
 7.010346
 5.780413
 7.164190
 7.319429
 7.498390
 7.292793
 6.880626
 7.053210
 6.400063
 6.959085
 7.341729
 4.331397
 4.240530
 4.422153
 5.384704
 5.273894
 5.038639
 4.964128
 4.453154
 4.438535
 4.617696
 4.204164
 4.523024
 5.202454
 4.989627
 5.152568
 4.837977
 4.418026
 4.981954
 5.108507
 4.862291
 5.072723
 5.683735
 5.285289
 5.522143
 7.575332
 8.520268
 9.001210
 8.879126
 8.837034
 9.190178
 8.409572
 9.276221
 8.611589
 8.326437
 8.265454
 7.940824
 8.439831
 9.630802
 8.598757
 8.692242
 7.010897
 6.902459
 6.125526
 7.059260
 7.047797
 7.177646
 7.371626
 7.378796
 6.445744
 6.940930
 7.691625
 7.225095
 7.752650
 7.580652
 7.862392
 7.438050
 8.112300
 8.019490
 8.021217
 7.504953
 6.906902
 7.334148
 7.162494
 7.055422
 6.766796
 7.254973
 6.697474
 6.969642
 8.312227
 8.325258
 8.182540
 8.430494
 7.366812
 7.318431
 7.195875
 7.573474
 7.634814
 7.675158
 7.470172
 7.235574
 7.482092
 8.194565
 7.468339
 7.263300
 7.755341
 8.012915
 6.785163
 6.690498
 6.776787
 6.949716
 6.976494
 6.680012
 6.691713
 6.770271
 6.902655
 6.721816
 6.852980
 6.689206
 6.795699
 6.943487
 6.528932
 7.376466
 7.084737
 7.071595
 6.788091
 7.227047
 6.465930
 5.545562
 5.723670
 6.077819
 6.313110
 6.840516
 6.238238
 4.481264
 4.265901
 4.762849
 4.481259
 4.393332
 4.436441
 4.223155
 4.391558
 4.459507
 4.506233
 4.186222
 4.453310
 4.874898
 4.013069
 4.439052
 4.155003
 4.133819
 4.387358
 4.149742
 4.062414
 4.347243
 4.340640
 4.504358
 3.597702
 4.201285
 4.050979
 4.261160
 4.364249
 4.243112
 4.336830
 4.669635
 4.556982
 4.462571
 3.373944
 3.663711
 3.631408
 3.479328
 3.728517
 3.584783
 3.983221
 3.831875
 4.171314
 3.992380
 3.983363
 3.860687
 3.908547
 4.001024
 4.321252
 4.307912
 4.420969
 4.027373
 4.200427
 4.403609
 4.230904
 4.309548
 4.291863
 5.798532
 5.783217
 5.735249
 3.668789
 3.770310
 3.953140
 4.162437
 4.041420
 4.092339
 4.240151
 3.943954
 3.962147
 4.033229
 3.502175
 3.558996
 3.809372
 3.691095
 3.716475
 3.691974
 3.877008
 3.740834
 3.666636
 3.768013
 3.814065
 3.895188
 4.042373
 4.455514
 4.438615
 4.293099
 2.389185
 2.316571
 3.031619
 3.398319
 3.389866
 3.408048
 3.164449
 3.504778
 3.443250
 3.130817
 3.020214
 5.913856
 6.373318
 6.435506
 6.413046
 7.341974
 7.576584
 7.245104
 7.020694
 6.722580
 7.471468
 7.517726
 7.116276
 7.816794
 8.123597
 7.508430
 7.688874
 7.633748
 7.396052
 7.932961
 7.434700
 7.353723
 7.196884
 7.197678
 7.818495
 7.157195
 6.670224
 6.143089
 6.326677
 6.680222
 6.566766
 6.450067
 6.545928
 6.793491
 6.659706
 6.629606
 6.594885
 6.601789
 4.900583
 4.980269
 4.862382
 5.609556
 5.381266
 5.372691
 5.158372
 5.088206
 5.364671
 5.482001
 5.242256
 5.216334
 4.770466
 5.063487
 6.015929
 6.801246
 6.539615
 6.120425
 5.891327
 9.829048
 9.719546
 9.669957
 9.524620
 8.626764
 8.625329
 9.778132
 9.380427
11.257501
11.166343
10.997469
 9.839048
 9.542541
 9.054074
 9.661555
 9.965288
10.178808
 8.687914
 9.159011
 9.269957
 8.936667
 9.243444
 7.362218
 7.157328
 7.442499
 7.425156
 7.296467
 7.926805
 7.771033
 7.546782
 7.506771
 7.497115
 8.518018
 8.287426
 8.501982
 8.933595
 8.837698
 8.956061
 7.944631
 9.158429
 9.465081
 9.033602
 9.355873
 7.457414
 7.079752
 7.763438
 8.981868
 8.490570
 7.671710
 8.374574
 7.215526
 7.077788
 7.600104
 7.934661
 8.066416
 7.225623
 6.754313
 6.529944
 6.847858
 6.348984
 6.418301
 6.572170
 6.405808
 6.175012
 6.568760
 6.253136
 4.913149
 6.193420
 6.141630
 6.083872
 6.368198
 6.308311
 5.852866
 6.212296
 6.831040
 6.289085
 6.131388
 6.497337
 6.792081
 6.757674
 6.514195
 7.054348
 6.667733
 6.290839
 6.321170
 6.137116
 6.203867
 5.964238
 5.814118
 6.223245
 5.651406
 6.249541
 8.135927
 7.769962
 7.565040
 7.913530
 7.584817
 6.776504
 7.310261
 6.992560
 7.170293
 6.911190
 7.186801
 7.019772
 7.244613
 7.142429
 6.983089
 7.453941
 6.726703
 7.076496
 6.831242
 6.567688
 5.893398
 6.795711
 7.283319
 6.952495
 6.708691
 6.662036
 6.537912
 6.876610
 6.229560
 6.225894
 7.161040
 6.900543
 7.490660
 6.948127
 7.502626
 7.252042
 5.930165
 5.672120
 5.582829
 5.877644
 5.819984
 6.279085
 6.257926
 6.166280
 5.930392
 5.547771
 6.216427
 5.779607
 6.072987
 5.992082
 6.086272
 5.540171
 5.567398
 5.645509
 6.130144
 6.227197
 6.773542
 6.963736
 6.337241
 6.695536
 6.640780
 6.762263
 6.935652
 6.716004
 6.718207
 6.635616
 6.436882
 6.425569
 6.299502
 6.229248
 6.359471
 6.235115
 6.614809
 6.488933
 6.273793
 6.463214
 6.081800
 6.790338
 5.555335
 5.445038
 6.028463
 5.635148
 5.865315
 5.971233
 6.127845
 5.947281
 5.763456
 5.476114
 4.487960
 4.315265
 4.454109
 4.321198
 4.115184
 4.486189
 4.062549
 4.045327
 4.310247
 4.085655
 4.314625
 4.990114
 5.124085
 4.871565
 5.036912
 5.075039
 4.645556
 4.183301
 4.719489
 5.905476
 5.741543
 5.596350
 5.934042
 5.688079
 5.595484
 5.504391
 5.595798
 5.740397
 5.425530
 4.931626
 5.146342
 5.293349
 5.452101
 5.536890
 6.769760
 6.755334
 5.919032
 5.993292
 5.343920
 5.129649
 5.079214
 5.110850
 4.873717
 4.686243
 4.217203
 4.593882
 4.577691
 4.362440
 4.748808
 4.804764
 4.623138
 4.919042
 4.650195
 4.841492
 4.342598
 4.611993
 4.801329
 4.603060
 4.738451
 4.806915
 4.500098
 4.922544
 5.078150
 4.915901
 5.160492
 5.365457
 5.357638
 5.331381
 5.513369
 5.271116
 4.994760
 5.240377
 5.075717
 4.538872
 4.788759
 4.579552
 4.694202
 4.905435
 4.947778
 4.779094
 5.636349
 4.364145
 4.462084
 4.594119
 4.730427
 4.711704
 4.600488
 4.558269
 4.519774
 4.439877
 4.233025
 4.634834
 4.639992
 5.030709
 4.526952
 4.354545
 4.383514
 4.520015
 4.901495
 4.580721
 4.178304
 4.842661
 4.411265
 4.417619
 4.224976
 3.990840
 4.760533
 4.038787
 4.245590
 4.186214
 4.179649
 4.209303
 4.102750
 4.194535
 4.467712
 4.655620
 4.262204
 3.879014
 4.094137
 4.315691
 4.021111
 3.771030
 4.043453
 4.334224
 3.902410
 4.972939
 5.492883
 4.744067
 4.870022
 5.789018
 5.645643
 5.563549
 6.126533
 5.398519
 5.101244
 5.013414
 5.134662
 5.007651
 4.788790
 4.523837
 4.596152
 4.520862
 4.966332
 5.057630
 5.021815
 4.704732
 4.647737
 4.617912
 4.734641
 4.555872
 4.492128
 4.373987
 4.326769
 4.554342
 4.603730
 6.949607
 7.023102
 8.006576
 7.539897
 8.084134
 8.071414
 7.847422
 8.313752
 7.570871
 7.135317
 7.799247
 7.627609
 7.955543
 7.690881
 7.550071
 8.150616
 7.729296
 7.641800
 7.825874
 6.951378
 6.698132
 7.402486
 8.008546
 7.051024
 7.954584
 7.790357
 8.183032
 8.203047
 8.376382
 7.597848
 7.991280
 7.582123
 6.651002
 6.889486
 7.084815
 7.653045
 7.602469
 7.172930
 7.707569
 6.970986
 7.387097
 7.768235
 7.963642
 8.060706
 7.418976
 7.859729
 7.814418
 7.917631
 7.028301
 6.862560
 6.819791
 6.563958
 6.979790
 6.500353
 6.099192
 5.965502
 6.478796
 6.339691
 6.456666
 6.949500
 6.894252
 7.105755
 7.562686
 7.320228
 6.995638
 7.466453
 6.907151
 7.295058
 7.103304
 6.786015
 5.973563
 6.123550
 6.390258
 6.130771
 6.339983
 6.790319
 6.541767
 5.997622
 7.707927
 7.749007
 8.132071
 5.691345
 6.330418
 5.886353
 5.994552
 5.881370
 5.492733
 6.246346
 6.579178
 4.671782
 4.778813
 4.479551
 4.896329
 5.250783
 4.599920
 5.131928
 4.946418
 4.966601
 5.423825
 5.352513
 5.105568
 5.358789
 4.743192
 4.890546
 4.663140
 4.504423
 4.356741
 4.364263
 4.638767
 4.636985
 4.240161
 4.379599
 4.145981
 4.469615
 4.266631
 4.072656
 3.999191
 4.109001
 5.022604
 5.195896
 6.719450
 6.790905
 6.730622
 6.675045
 7.609857
 8.004789
 7.435600
 8.468803
 7.781156
 7.847714
 6.284735
 6.606217
 6.552834
 5.109431
 5.482488
 4.845556
 7.876468
 7.653791
 8.100753
 8.240238
 7.507688
 8.550167
 8.054740
 8.421622
 4.497485
 4.422858
 4.536418
 4.602179
 4.719493
 4.642954
 5.054590
 5.434609
 4.944178
 5.434339
 5.268378
 4.998180
 5.631957
 5.524868
 5.717031
 5.999205
 5.805894
 6.098446
 6.286278
 5.539758
 6.348169
 6.076332
 7.903843
 7.996543
 7.316221
 7.659825
 8.226582
 5.428920
 5.500355
 5.659774
 5.530414
 5.248283
 5.915208
 5.659897
 5.533451
 7.170968
 7.839850
 7.304510
 7.290466
 7.109444
 7.297912
 6.833237
 7.263458
 7.263822
 6.367905
 6.926757
 6.759477
 7.045319
 6.588204
 6.309880
 6.689629
 6.670391
 7.853402
 7.362671
 6.650183
 6.527057
 6.259433
 6.702837
 6.543988
 6.649238
 7.338622
 6.533167
 6.462951
 6.311845
 5.971528
 6.004890
 6.341693
 6.446299
 6.378349
 6.085604
 6.068128
 6.452846
 6.391614
 6.423650
 6.416074
 6.245925
 6.188497
 6.510806
 6.005322
 5.762731
 5.593379
 5.585998
 7.010058
 6.859642
 6.907016
 6.948522
 6.646705
 6.812383
 6.818144
 6.848083
 6.758581
 7.100856
 6.838354
 6.604255
 6.320038
 7.619578
 7.116643
 7.356376
 6.621882
 7.023822
 3.219816
 3.242606
 3.360308
 3.549807
 2.991124
 2.966377
 3.543784
 3.197357
 3.484428
 3.923746
 4.240542
 4.600833
 4.341485
 4.398000
 3.953012
 4.004103
 3.711312
 3.900580
 3.511859
 3.686298
 3.327369
 3.512173
 3.501238
 3.495890
 3.987747
 4.143280
 3.580153
 3.994093
 3.913670
 4.088459
 4.020256
 4.085765
 4.181300
 4.256405
 3.992292
 3.928856
 3.840430
 4.269930
 4.075602
 4.100684
 4.147038
 3.536627
 3.512824
 3.595958
 3.617379
 3.618550
 3.432105
 3.521439
 4.425855
 4.427571
 4.234132
 4.225931
 4.468627
 4.245751
 4.392520
 4.219117
 4.382030
 4.807040
 4.692130
 4.365342
 4.583212
 4.521493
 4.661208
 4.574599
 4.649115
 4.267110
 4.387383
 4.037509
 3.904275
 4.124549
 4.878532
 4.850928
 4.734735
 5.224140
 4.828275
 4.768117
 4.900813
 5.491215
 5.649563
 5.510342
 4.890250
 4.895640
 4.965360
 4.989189
 2.618553
 2.447093
 2.369460
 2.677973
 2.691449
 2.631591
 2.436269
 3.284860
 3.467121
 3.438837
 3.181083
 3.423017
 3.161995
 3.310374
 3.073828
 3.241915
 2.782795
 3.018017
 2.912270
 2.839795
 3.466324
 3.229111
 3.292216
 4.204660
 4.412807
 4.708523
 8.443253
 8.472754
 7.473217
 7.570328
 7.821034
 7.976199
 7.670131
 7.238777
 7.779529
 7.281305
 9.410108
 9.346476
10.118484
 9.836757
 9.865345
 9.275963
 9.587301
 9.364025
 9.492902
 8.762855
 8.871055
 8.863004
 9.567473
 9.590987
 9.597113
 9.818068
 9.414194
 9.533769
 9.558724
 9.714390
 9.869724
10.237806
10.526951
 9.630144
 9.261204
 8.974971
 9.678336
 9.420768
 9.361362
 9.033753
 8.560275
 8.402138
10.262199
 9.597631
 9.508302
 9.389196
 9.567465
 9.466909
 8.624375
 7.867473
 7.696832
 8.135960
 7.579735
 7.951207
 8.326506
 8.461937
 7.583152
 7.778289
 6.330381
 6.486094
 6.781132
 6.881799
 7.178174
 7.059331
 7.021319
 6.691947
 6.651357
 9.139875
 9.423999
 9.206256
 9.315920
 9.392715
10.014813
10.219859
10.099146
 9.569658
 9.233824
 9.898836
10.890225
 7.266032
 7.610427
 7.258230
 7.403946
 7.776188
 7.303366
 7.792182
 7.844364
 7.747253
 7.153702
 7.810616
 6.004325
 6.471569
 6.704467
 7.306644
 6.168434
 6.505812
 6.079941
10.765443
10.922473
11.146965
11.289928
10.556585
10.512073
12.943725
11.997128
11.994229
11.271565
11.572363
11.112567
11.734057
11.782277
11.484096
11.598345
11.627700
11.230161
 5.733425
 6.424185
 5.473729
 5.417536
 5.733389
 5.500454
 5.256359
 4.900625
 5.592230
 5.339840
 5.277150
 5.790636
 5.328560
 5.723995
 5.716122
 5.429934
 5.176833
 5.063626
 5.186261
 5.295268
 5.542595
 5.260821
 5.994820
 5.564383
 5.787219
 5.888421
 5.775026
 5.913896
 6.143764
 5.722762
 5.711897
 4.828075
 5.537048
 5.000595
 5.719774
 5.284039
 5.332806
 6.246273
 5.175006
 5.723037
 5.615737
 5.733666
 5.945909
 6.011132
 6.549594
 6.148214
 6.313285
 6.136862
 6.747617
 6.514082
 6.587443
 6.440611
 6.647420
 6.099161
 6.528849
 6.110122
 6.908427
 5.925214
 6.988738
 6.408564
 6.595430
 6.497439
 6.441661
 6.440322
 7.287856
 7.641697
 7.455705
 7.560203
 7.509014
 7.049757
 5.492992
 5.382288
 5.438406
 5.701419
 5.759068
 5.627713
 5.700789
 6.197208
 6.388465
 5.822179
 5.184874
 5.651303
 5.352478
 5.639687
 5.569828
 5.591235
 6.369697
 5.701660
 5.870297
 5.203611
 4.953413
 5.500100
 6.204921
 5.654692
 6.455989
 6.216084
 5.925325
 6.403007
 5.840504
 6.756015
 6.281918
 6.730312
 6.496868
 6.707449
 7.109412
 6.351562
 7.168511
 7.009106
 7.062540
 6.871495
 6.484183
 7.092903
 6.930866
 6.969121
 7.451209
 7.905345
 7.948449
 8.379324
 8.073033
 7.723093
 7.804273
 8.084317
 7.912874
 8.203542
 7.326084
 7.683983
 7.719092
 7.895611
 6.620666
 6.638792
 7.189576
 7.106506
 6.643204
 6.960969
 6.125615
 5.773576
 5.905273
 5.910125
 5.700895
 5.825005
 6.091834
 6.144789
 6.172258
 6.448362
 5.927768
 5.184800
 5.363262
 5.029780
 5.196950
 5.254279
 5.657559
 5.961715
 5.604996
 5.824882
 5.529023
 5.769436
 5.796912
 5.255481
 5.468219
 5.558009
 5.368450
 5.366512
 5.179632
 5.164095
 5.308021
 5.296376
 5.617962
 6.647080
 6.104663
 6.114544
 5.978274
 6.217472
 5.883045
 6.211546
 5.056473
 4.980141
 5.162124
 4.752898
 5.003445
 5.036158
 5.926119
 5.565591
 4.945371
 4.725759
 7.450824
 8.095327
 7.721052
 7.918110
 7.775730
 7.058121
 6.885053
 7.020797
 7.194496
 7.387912
 8.101485
 7.547666
 7.560834
 6.750138
 8.450394
 8.325709
 7.655516
 7.878448
 6.287493
 6.728109
 6.764919
 6.277138
 5.926852
 5.769575
 6.169868
 6.034315
 5.532917
 4.611883
 4.922486
10.096673
 9.670310
 9.515810
10.176718
 9.952154
10.713558
 5.760445
 5.634283
 6.732849
 6.803856
 6.280520
 6.949813
 6.784217
 7.045232
 6.398589
 7.379149
 7.181370
 7.780528
 7.700458
 7.043712
 7.165684
 5.738355
 5.821337
 5.814968
 5.770907
 5.940061
 5.960971
 6.183301
 6.047662
 5.964927
 5.932558
 5.252209
 5.324483
 6.150454
 5.775719
 5.569668
 5.367663
 6.115004
 4.589866
 4.701129
 4.715404
 4.290951
 4.815307
 5.274145
 7.776219
 7.859585
 8.660819
 8.274352
 8.348628
 7.880719
 8.433753
 8.715669
 8.647561
 9.432925
 9.028202
 8.330271
 9.287949
 8.859388
 8.945709
 9.175671
 8.400685
 9.419007
 9.772736
 8.853490
 9.985251
 8.945088
 9.835789
 9.622917
 9.991507
 9.425542
 9.717761
 9.747559
10.025343
10.167036
 9.612740
10.239155
10.348246
 9.489535
 9.287217
 9.073931
10.693740
 9.488215
 9.891164
 9.456080
 9.472381
 9.819270
 9.339179
 8.741934
 9.469887
 8.347877
 9.394201
 9.574933
 9.143029
 6.619782
 6.853739
 6.964217
 7.033782
 7.396330
 6.629182
 6.677832
 6.577030
 7.162406
 6.738259
 5.299636
 5.767554
 5.809054
 5.634713
 5.723271
 5.729883
 6.821468
 7.442104
 7.042848
 6.673893
 7.417858
 6.874260
 7.295122
 7.275972
 6.834769
 7.652134
 8.011681
 7.877502
 7.718231
 7.513923
 7.827982
 7.564808
 6.919500
 5.244672
 4.696909
 5.103321
 5.261373
 5.015878
 7.127460
 7.046492
 7.054735
 6.930372
 7.013469
 6.669079
 6.298910
 5.927188
 5.749569
 5.233431
 5.653151
 5.867188
 5.552364
 5.192334
 5.124667
 5.365960
 5.442272
 5.043426
 5.093994
 5.439387
 4.555197
 5.004903
 4.945820
 5.112882
 6.250249
 6.664827
 6.490516
 6.810704
 6.526156
 6.313335
 6.182360
 6.721250
 6.108562
 6.075175
 4.511219
 4.597228
 4.854183
 4.378836
 4.425164
 4.191377
 5.113418
 4.876509
 5.510607
 5.119995
 5.409209
 5.267781
 5.038424
 5.202653
 5.338895
 5.264879
 5.275635
 5.379060
 5.551019
 5.313828
 6.090748
 5.707637
 5.170069
 4.753540
 4.933894
 5.184640
 4.971903
 5.184137
 4.736231
 4.846236
 5.211314
 5.079276
 5.051776
 4.309375
 4.240732
 4.281880
 4.540238
 4.669540
 4.624527
 4.354990
 4.536530
 4.486390
 4.178950
 4.823252
 4.589642
 6.074059
 6.744063
 6.457522
 6.366415
 6.453276
 6.738489
 6.567718
 6.411739
 6.356984
 6.242385
 5.255335
 5.135743
 5.246881
 4.227126
 4.654012
 4.435626
 4.573509
 6.418992
 6.719149
 5.803951
 6.101664
 6.230192
 6.750995
 6.419347
 5.158554
 5.513610
 4.889098
 5.333689
 5.245262
 5.105435
 5.082981
 5.196885
 5.756394
 5.335423
 5.222586
 5.528250
 4.914591
 6.193799
 5.284820
 4.591492
 4.997240
 4.844899
 4.744274
 4.910904
 4.845429
 5.365805
 5.147169
 5.071940
 4.529842
 4.975123
 6.414387
 6.175510
 5.623530
 5.615607
 5.291558
 5.749182
 5.467473
 5.425454
 5.650983
 5.237693
 5.374182
 5.937695
 5.744350
 6.254145
 5.892433
 5.881386
 6.005029
 6.880575
 4.071822
 4.214154
 4.563833
 4.669755
 5.518478
 5.451798
 5.573543
 5.278759
 5.679326
 5.285261
 5.370236
 5.242260
 5.111408
 7.366307
 7.397523
 6.348570
 6.851593
 6.615596
 7.180754
 6.995537
 6.769955
 6.469233
 7.536671
 7.544190
 5.540843
 5.980448
 5.241269
 5.547666
 5.274068
 5.737934
 4.499080
 4.658292
 4.630252
 5.903852
 6.462192
 5.961644
 5.883122
 6.026767
 6.348339
 6.523709
 6.562967
 6.252680
 6.130104
 5.747650
 5.433929
 5.729747
 5.834351
 5.410330
 5.645237
 5.298878
 5.399646
 5.725943
 5.232534
 5.534445
 5.851293
 5.114331
 5.564680
 6.314109
 6.242308
 6.940457
 6.725948
 6.183700
 6.252540
 6.599981
 5.293590
 5.876541
 5.474280
 5.208000
 5.706198
 4.981506
 5.389073
 6.069318
 5.877633
 5.395650
 6.108118
 5.943515
 6.084876
 5.463816
 5.439992
 5.346912
 6.874901
 6.848913
 7.242999
 7.182525
 7.091346
 6.859001
 7.633753
 7.086003
 8.209027
 7.756871
 7.736589
 7.634792
 8.256084
 8.343078
 8.724412
 8.459515
 7.990506
 8.637770
 8.113753
 8.015604
 7.991812
 8.332141
 4.817673
 4.505091
 4.275806
 4.322657
 3.937266
 4.092069
 3.941474
 3.733831
 3.742074
 3.863791
 4.081815
 3.681943
 3.708005
 3.975958
 3.983188
 3.708353
 3.582112
 3.621195
 3.531812
 3.372756
 3.367113
 3.315675
 3.260313
 3.285100
 3.340551
 3.499640
 3.622856
 3.040747
 3.142915
 3.496179
 3.260022
 3.220850
 3.272742
 3.242740
 3.218231
 3.644081
 3.689326
 3.420410
 3.823104
 3.328577
 3.615791
 3.678982
 3.244117
 3.418562
 3.515829
 2.868460
 2.964562
 3.033990
 2.794519
 3.437066
 3.449884
 3.423347
 3.204244
 3.517570
 3.292459
 3.413438
 3.537585
 3.407514
 3.293704
 3.535146
 3.279240
 5.608083
 5.826471
 5.916922
 5.608182
 5.837452
 5.046972
 5.443444
 5.216205
 5.285990
 5.474219
 5.320755
 6.158106
 6.276319
 5.173948
 5.144145
 4.671069
 4.844484
 4.765032
 4.740183
 4.820510
 5.034202
 4.432880
 4.456568
 4.650258
 4.508814
 4.442821
 4.890642
 4.689548
 5.111306
 5.580943
 5.967292
 5.287337
 5.051983
 4.841818
 5.087010
 4.706907
 4.893219
 5.288614
 6.075073
 6.363647
 6.235467
 6.323733
 5.824385
 5.636559
 5.769479
 5.675462
 5.555778
 5.857328
 4.871596
 4.685564
 4.621281
 4.459424
 4.866466
 4.080466
 4.676742
 4.289735
 4.140463
 5.136638
 5.640193
 5.276022
 5.062684
 4.928207
 5.367814
 5.122195
 4.609839
 4.690414
 4.789429
 4.733161
 5.128204
 5.312299
 4.830631
 5.573750
 5.048350
 4.827274
 5.496134
 5.233020
 7.621478
 6.978738
 7.254268
 7.511428
 7.224489
 7.285220
 7.492378
 7.471825
 7.273221
 7.744902
 8.543636
 8.849590
 8.308309
 8.646036
 7.444397
 7.409383
 7.032701
 7.271495
 7.558663
 7.698906
 7.631656
 7.732270
 7.384663
 7.569707
 6.963232
 7.215415
 7.009732
 7.197854
 7.784086
 8.116007
 7.510499
 6.319761
 6.342750
 6.268098
 6.001020
 7.261356
 7.140402
 6.932178
 7.504377
 7.564926
 6.969734
 7.316412
 7.830989
 8.656925
 8.896319
 8.567357
 9.252556
 8.889402
 9.055979
 8.219239
 8.493891
 8.892694
 9.754669
 8.742810
 9.174028
 9.090701
 8.363257
 8.219290
11.082307
10.212161
10.854416
11.209062
10.402250
11.155771
11.607404
11.592538
10.996377
 8.353191
 8.916723
 7.707980
 7.839749
 7.602871
 8.181906
 8.293956
 7.994371
 8.114915
 8.038211
 7.511961
 8.034639
 8.312132
 8.197557
 8.052399
 7.114813
 7.087985
 5.052940
 5.399287
 4.628905
 4.736582
 4.471181
 4.770451
 5.035559
 5.088456
 5.254137
 5.137723
 5.305756
 5.032582
 4.959810
 5.233077
 5.282853
 5.087622
 5.012604
 5.151648
 4.770095
 4.977080
 4.902082
 5.228300
 5.098584
 5.655102
 4.986589
 4.801696
 4.785743
 6.616047
 6.611097
 6.943919
 6.622633
 6.985065
 7.473682
 7.307303
 7.056790
 8.167593
 8.040490
 7.708167
 8.172838
 7.331329
 7.422925
 6.176299
 6.531590
 6.429110
 6.528750
 6.313920
 6.860906
 6.637570
 7.452852
 7.003516
 7.247844
 7.038452
 7.169077
 6.823394
 7.065340
 6.972069
 7.184837
 7.229216
 6.488874
 6.775334
 6.815093
 6.709016
 6.542111
 7.392233
 7.310227
 3.489952
 3.361508
 3.329203
 3.481392
 3.335479
 3.951624
 3.852935
 3.664588
 3.788133
 3.862983
 3.623658
 3.583527
 3.047705
 3.811640
 3.903248
 4.002758
 3.837670
 3.771669
 3.922452
 3.759284
 3.764556
 4.448779
 5.088308
 5.064435
 4.688310
 5.657702
 4.907895
 4.416314
 4.712955
 4.189760
 4.606674
 4.694476
 5.285137
 4.965502
 4.799569
 4.256389
 4.640713
 4.245306
 4.736700
 6.132235
 5.863085
 5.524655
 5.494494
 5.479106
 5.782006
 5.340092
 5.894083
 5.913962
 5.617362
 5.012171
 5.722194
 5.431220
 5.348616
 5.212311
 5.237992
 5.330567
 4.911685
 4.707921
 4.761684
 4.993229
 5.558831
 5.660401
 3.902350
 3.853803
 4.125147
 4.168000
 3.711256
 9.374204
 8.554465
 8.759026
 8.385637
 8.141142
 8.399241
 8.844945
 8.795262
 8.718657
 7.808287
 9.519544
 9.662540
 9.597990
 6.204851
 6.508974
 6.170134
 6.516377
 6.019716
 6.461336
 6.988888
 7.004338
 8.094221
 6.684118
 8.528581
 8.345114
 8.004196
 9.009733
 8.011215
 8.564644
 8.344577
 7.667198
 7.621148
 7.135942
 7.705409
 7.812811
 7.671720
 8.113717
 9.604775
 9.295911
 8.901172
 8.719288
 7.997548
 9.048310
 8.503731
 8.755539
 7.982718
 7.839334
 7.540217
 7.624500
 7.807632
 7.334741
 7.625618
 5.411390
 5.294600
 5.104681
 5.727370
 5.721764
 7.575097
 7.329660
 7.904557
 7.210097
 7.608610
 6.965258
 7.816244
 7.585293
 8.271442
 7.458608
 7.744316
 7.676285
 7.906908
 7.640733
 7.553862
 7.738631
 7.054914
 7.697062
 8.392180
 8.411120
 9.154853
 8.855868
 8.383352
 8.294021
 8.684582
 9.230898
 9.046502
 9.575959
 8.581133
 8.350412
 8.987003
 7.684266
 8.110698
 7.653697
 7.626547
 8.298387
 8.882180
 8.542101
 8.507101
 8.995270
 7.121444
 7.125469
 7.613635
 7.313670
 7.247370
 6.916167
 6.999755
 7.109795
 7.188907
 7.008066
 7.364401
 6.926658
 7.120008
 6.856134
 6.780975
 7.418530
 7.614640
 7.665715
 7.611965
 8.259973
 8.333929
 8.523812
 9.062270
 8.549324
 6.089947
 5.943979
 6.324461
 5.630399
 5.520055
 5.508965
 5.756448
 5.141406
 5.709134
 4.897295
 5.616961
 4.335285
 4.393949
 4.259418
 5.007538
 5.491165
 5.416440
 5.339836
 5.768209
 5.914192
 6.318294
 5.722725
 6.074772
 5.470659
 5.649425
 5.253085
 4.082543
 4.088794
 4.032028
 4.191921
 4.025693
 4.111282
 3.851580
 4.341903
 4.515317
 4.286652
 4.428049
 4.419712
 4.715848
 4.800603
 4.831972
 4.576289
 4.888732
 4.701645
 4.869613
 4.749674
 4.735518
 5.027344
 5.061258
 4.971600
 4.350857
 4.389273
 4.191767
 4.047199
 3.991558
 3.762862
 4.199479
 4.055275
 4.100708
 4.100655
 4.299741
 3.681287
 4.066606
 4.175508
 4.324490
 4.197834
 4.768747
 4.756672
 4.564060
 5.258733
 4.460601
 4.865953
 4.487259
 4.413486
 3.665677
 3.640104
 3.856164
 3.851091
 3.856236
 3.746175
 3.964537
 3.943672
 4.092960
 4.077106
 4.175771
 4.495422
 4.159000
 3.881694
 4.052099
 4.121506
 3.999688
 4.404841
 4.382305
 3.954282
 4.443816
 4.278692
 4.409397
 4.214391
 5.165373
 4.374018
 4.617792
 4.919471
 5.025103
 4.891745
 5.220063
 4.777992
 5.068964
 4.936011
 4.909051
 4.742345
 5.053917
 4.901666
 4.985538
 4.734978
 4.653693
 4.965549
 4.864581
 4.823271
 5.073474
 4.637631
 5.365550
 5.193169
 5.660322
 5.403128
 5.740148
 4.505053
 4.502392
 4.326482
 4.685212
 4.383419
 4.626420
 4.614640
 4.485650
 4.490388
 4.337268
 4.467482
 4.444504
 4.834231
 4.625760
 5.092973
 4.550281
 4.926137
 5.032773
 5.046301
 4.671692
 4.942150
 4.420475
 4.751725
 4.500438
 4.129511
 4.197186
 4.178853
 4.339697
 4.054036
 4.166746
 4.093188
 4.465268
 4.017775
 5.636063
 5.301584
 4.152490
 4.241326
 6.101786
 6.198826
 6.081781
 4.799190
 5.020453
 5.729256
 5.494021
 5.530425
 5.425763
 5.165698
 4.939326
 4.952665
 4.595545
 4.893893
 5.409094
 4.658345
 4.583104
 4.410022
 5.005807
 4.546988
 4.862705
 5.844034
 5.468117
 5.663338
 4.816398
 4.771421
 5.373384
 4.749720
 5.442236
 6.284668
 6.069085
 5.974343
 5.956043
 5.742288
 5.335735
 5.454422
 5.760638
 6.024530
 5.293628
 4.997377
 6.592365
 6.430277
 6.640973
 6.491135
 6.789315
 6.629261
 6.654358
 6.569848
 7.568277
 7.577457
 6.865573
 7.799753
 7.644114
 7.487171
 7.628968
 7.620295
 6.897926
 6.729455
 6.955036
 7.353340
 7.350132
 7.472719
 7.834217
 8.854898
 8.592980
 7.900746
 7.940901
 8.555106
 8.456407
 6.161679
 5.797835
 5.828613
 6.429910
 6.767787
 6.540945
 7.197378
 7.194678
 7.168129
 6.784134
 7.459967
 7.155965
 9.631661
10.684837
10.203633
 9.553785
 9.949074
 8.495332
 9.307213
 3.606383
 3.927287
 4.238453
 3.720684
 4.376870
 3.732300
 3.781348
 3.615506
 5.811494
 5.534642
 5.836519
 5.730557
 5.991658
 5.311143
 6.054548
 5.476524
 5.325797
 4.736210
 4.984325
 5.040588
 5.686642
 5.473905
 5.265996
 5.585399
 5.439748
 5.081735
 4.414504
 4.392749
 4.229689
 4.532660
 4.410768
 4.167089
 4.233426
 4.552274
 4.122302
 4.140162
 4.560704
 4.809295
 4.766026
 4.557932
 4.621426
 4.291109
 4.241418
 4.448540
 4.993188
 4.719185
 4.655388
 4.541328
 4.553809
 4.182889
 4.408524
 4.375319
 4.828311
 6.140616
 5.558298
 5.227156
 5.774848
 6.002531
 5.411440
 5.715779
 5.338019
 5.084512
 5.078352
 5.436242
 7.191973
 6.612889
 6.897534
 7.281053
 6.996265
 7.398329
 6.956632
 6.487158
 6.706547
 7.224770
 6.832778
 6.918490
 7.197740
 6.263045
 6.438614
 6.554397
 6.961033
 6.729324
 8.263389
 7.753287
 8.281157
 8.494827
 6.693886
 5.426441
 5.386330
 5.348299
 5.325294
 5.349691
 5.471620
 5.160276
 5.282405
 6.630350
 5.896063
 6.065298
 5.854839
 6.180158
 5.988838
 6.478996
 7.550612
 7.339466
 7.106613
 6.817304
 6.339613
 4.882772
 4.926067
 4.696061
 6.307764
 6.249207
 6.364037
 6.414847
 6.411967
 6.575082
 5.711307
 5.902417
 6.616396
 6.287492
 6.615963
 7.150473
 6.840975
 8.503956
 8.084460
 8.812182
 8.692265
 9.100584
10.156356
 9.226588
 9.211630
 9.817828
 9.897074
 8.964633
 7.938007
 8.969664
 8.344156
 9.113722
 8.731572
 8.829036
 8.194279
 7.854764
 7.287961
 8.511364
 8.043786
 7.249291
 6.796158
 7.292126
 9.941946
 9.270839
 9.110642
 9.344584
 8.541270
 8.023279
 7.903919
 8.122677
 7.170878
 7.478799
 7.930218
 7.554623
 8.170584
 8.464787
 7.468434
 8.167617
 8.103363
 8.454227
 8.002031
 7.911877
 8.013435
 8.310109
 8.079264
 8.208962
 8.394643
 9.918715
 9.735394
 9.509074
 9.806306
 9.126811
 9.742402
 9.742455
 9.457349
 7.802001
 7.971833
 8.091377
 7.860672
 8.276302
 8.139387
 7.661359
 7.982260
 8.243444
 6.714906
 5.986016
 5.590539
 5.797134
 6.022155
 3.196695
 3.352778
 3.111797
 3.111033
 3.000872
 2.576068
 2.531537
 2.695644
 2.946859
 3.097343
 3.389111
 3.167374
 3.502637
 3.303160
 3.066317
 3.451310
 3.289049
 3.825024
 3.757441
 3.563307
 4.107376
 4.513739
 4.169036
 4.081256
 4.308573
 4.120453
 4.044320
 4.089971
 4.406775
 4.242130
 4.232863
 4.809723
 4.943686
 4.679634
 4.887040
 4.613270
 4.591131
 4.214919
 4.141828
 3.962649
 4.093087
 3.933386
 3.886672
 3.939839
 3.570007
 3.419624
 3.429466
 3.754457
 3.558109
 3.826405
 3.940879
 3.693505
 3.561759
 3.647611
 3.463071
 3.441496
 4.519392
 4.341015
 4.532376
 4.609304
 4.152725
 3.632559
 3.796535
 3.819380
 3.886265
 3.947679
 3.948361
 4.124678
 3.934237
 3.798419
 3.989399
 3.582261
 3.534185
 3.387991
 3.339091
 3.777693
 4.337902
 4.007891
 4.191797
 4.219192
 4.021722
 4.309015
 3.892808
 3.999668
 3.755683
 4.193527
 3.920309
 3.849140
 3.553103
 4.234758
 3.720262
 4.816216
 4.644789
 4.704759
 4.594903
 4.208979
 4.695146
 4.579735
 4.371875
 4.685878
 4.482237
 4.462894
 4.570506
 4.253801
 4.092998
 4.293301
 4.139256
 4.257948
 4.106169
 4.098897
 3.968523
 3.911804
 3.763693
 4.037402
 3.856170
 3.656595
 3.833495
 3.465291
 3.643087
 3.281972
 3.475111
 3.538469
 3.438227
 3.584172
 3.750995
 3.763808
 3.567331
 3.673850
 3.408304
 2.592854
 2.637736
 2.773832
 2.488948
 2.449348
 2.666114
 2.771729
 2.854135
 2.933397
 3.036426
 2.892381
 2.956507
 3.098543
 2.749914
 2.911883
 3.170320
 2.970365
 3.061286
 3.386759
 3.594240
 3.239601
 3.435398
 3.627806
 3.769802
 3.689173
 3.650972
 3.358127
 3.635588
 3.234653
 3.786060
 3.498782
 3.475043
 3.583764
 3.304654
 3.572525
 3.042827
 3.701597
 3.419500
 3.553536
 4.066269
 3.647702
 3.895156
 4.014491
 3.724329
 3.928075
 3.867060
 3.527729
 3.208414
 3.682714
 3.227212
 3.333376
 3.489380
 3.630416
 3.416919
 3.614472
 3.513881
 3.580934
 3.479758
 3.229535
 3.350203
 4.019212
 3.981481
 3.775840
 3.947958
 2.759905
 2.687300
 2.875534
 2.656386
 5.709551
 5.416267
 5.605677
 5.730160
 5.605916
 5.290454
 5.166354
 5.138776
 5.160631
 5.521907
 5.253417
 5.218359
 5.015093
 4.458013
 4.548719
 4.242397
 4.112129
 5.359513
 5.395800
 5.451216
 5.081332
 4.897652
 4.799825
 4.894461
 4.899166
 5.840834
 5.780269
 5.708030
 5.873121
 6.026559
 5.402755
 5.229353
 4.830355
 5.447199
 5.025480
 4.644364
 4.802292
 4.718751
 5.125912
 4.841202
 5.415212
 5.202641
 5.078794
 4.979978
 5.292331
 5.782104
 5.425659
 4.953358
 6.420850
 6.515080
 5.760774
 5.751325
 4.875520
 4.798492
 6.880701
 6.833342
 6.886560
 6.812709
 6.795203
 6.492589
 7.007329
 7.319878
 7.169290
 7.534847
 7.822597
 7.002382
 7.478871
 5.779909
 6.245093
 7.687298
 8.552545
 7.910437
 7.783926
 7.710693
 8.034263
 7.700097
 8.081422
 8.021421
 7.827836
 7.429307
 7.607188
 6.369058
 6.359551
 6.693630
 6.396467
 7.284850
 7.038955
 6.366356
 6.958200
 7.955675
 7.608505
 7.592010
 6.852379
 7.156878
 6.815086
 6.665037
 6.926191
 6.697549
 7.247664
 6.849283
 6.674410
 6.538622
 6.940547
 7.393758
 7.561222
 7.353449
 7.135298
 6.751971
 5.961183
 5.827633
 6.013667
 5.871715
 5.536431
 5.334908
 5.745754
 6.300979
 5.773649
 5.575249
 5.904302
 6.211966
 5.948197
 6.159405
 6.255304
 6.130891
 5.710915
 6.133431
 6.453240
 5.877610
 6.191220
 6.252986
 6.388034
 7.121468
 6.956157
 7.137775
 5.652789
 5.643097
 5.493578
 5.187044
 6.087649
 5.836135
 6.550385
 5.256448
 5.885914
 5.919885
 6.303971
 6.320242
 5.055734
 4.405520
 4.731106
 4.353602
 5.055724
 4.789105
 4.362693
 4.724477
 4.655689
 7.045467
 7.973212
 7.894662
 8.086382
 8.458159
 8.073331
 7.863134
 8.112368
 8.040325
 8.207038
 8.078382
 7.512359
 9.471008
 9.297892
 9.244368
 9.310176
10.253678
 8.218529
 8.594492
 8.236629
 7.871414
 7.796191
 7.467763
 8.047303
 7.743393
 8.095865
 7.526981
 8.310890
 8.328679
 7.537067
 7.808390
 8.443201
 7.913001
 8.234309
 8.679271
 9.546167
 9.477022
 9.886020
 8.793662
 9.536887
 8.903122
 9.662862
 9.160371
10.173973
 9.802853
10.100698
 9.225222
 9.492688
 9.554928
 9.615467
 9.691185
 9.845740
10.122122
 9.544051
 9.389875
 9.716119
 9.128597
 8.085523
 7.521540
 7.763488
 7.385023
 8.068156
 7.199462
 7.154929
 7.559107
 7.426729
 6.988902
 7.265041
 8.365283
 7.204603
 7.380152
 6.796130
 6.951746
 6.586701
 7.025899
 6.506227
 6.516509
 6.139622
 6.982931
 6.787518
 7.739440
 7.243875
 7.945290
 7.523921
 7.957527
 6.906488
 5.817946
 6.200915
 6.763334
 6.566392
 6.906997
 6.638885
 6.440359
 6.526820
 7.749938
 8.233642
 7.515019
 8.014668
 8.121553
 8.178006
 7.955546
 7.873483
 7.414557
 7.911588
 6.677321
 6.166403
 6.637473
 6.408924
 8.166227
 9.237149
 9.160978
 4.876397
 4.734092
 4.978227
 5.217987
 4.306128
 5.323991
 5.290136
 5.195267
 5.076758
 4.843208
 5.169156
 5.042313
 5.164579
 5.517999
 5.144745
 5.400409
 5.142509
 5.135343
 5.368606
 5.262845
 5.340713
 6.823511
 7.161510
 6.905518
 7.074762
 6.749779
 7.420846
 7.055884
 6.756264
 7.152207
 6.989584
 6.927824
 6.619477
 6.799008
 6.773214
 6.621390
 7.528977
 6.738676
 7.155607
 7.001136
 6.469917
 5.270915
 4.027723
 4.219693
 3.952666
 3.625873
 3.751185
 4.452756
 4.429373
 4.326848
 4.090063
 4.131738
 4.158949
 4.058241
 4.022182
 4.044038
 4.006426
 4.467099
 4.765738
 4.988425
 5.359917
 4.994954
 5.146799
 4.830881
 3.687069
 3.888565
 3.880039
 3.874711
 3.723006
 4.180944
 3.845262
 4.562209
 4.456815
 4.751530
 4.399528
 3.787481
 4.000739
 3.653018
 3.946379
 3.957392
 3.726942
 3.725629
 3.506671
 3.553390
 3.948856
 3.545888
 3.459108
 3.451427
 3.264375
 3.160370
 3.461814
 3.236442
 3.265226
 3.745229
 3.473129
 3.069431
 2.835821
 2.940873
 3.222664
 2.922145
 2.996915
 3.036775
 3.057103
 3.186625
 3.012128
 3.159671
 2.838427
 2.967293
 2.725897
 2.899665
 3.020862
 2.886065
 2.631665
 3.123180
 3.126929
 2.902664
 2.855755
 3.293589
 3.286899
 3.441909
 3.543887
 3.700371
 3.287614
 3.534326
 3.851432
 3.639023
 3.625743
 3.697675
 3.417612
 2.826833
 2.757907
 2.651549
 2.854232
 2.639279
 2.768688
 2.685930
 3.317207
 3.612896
 3.692823
 3.670596
 3.781603
 4.610793
 4.393976
 4.006893
 4.308615
 4.340880
 4.546597
 7.657977
 7.467260
 7.568758
 7.578605
 7.837394
 6.283698
 5.945446
 6.031931
 7.813311
 8.328185
 7.307841
 7.788066
 7.426602
 7.355465
 8.200280
 7.458879
 7.869318
 8.807080
 7.921246
 7.909641
 7.940365
 8.753960
 7.773421
 8.950676
 7.989110
 8.863588
 3.225140
 2.986639
 3.433266
 3.335012
 3.142293
 3.353593
 3.561340
 3.144645
 3.425958
 3.401483
 3.560058
 3.600380
 3.489948
 3.309875
 3.049934
 2.993136
 3.103361
 3.401378
 3.945124
 3.620658
 3.719813
 3.637002
 3.510229
 3.910457
 3.921936
 4.071644
 3.459990
 3.190699
 3.447344
 3.352991
 3.272022
 3.174433
 3.444804
 3.183847
 3.621452
 7.133340
 8.055024
 7.701441
 8.022782
 7.003342
 7.652053
 7.230625
 7.898624
 7.111596
 7.141813
 7.385203
 8.067022
 7.454937
 8.015131
 7.338270
 7.193882
 7.562960
 6.636268
 5.757048
 6.103638
 5.569528
 6.409468
 6.357971
 6.246042
 6.562459
 5.476668
 5.693316
 5.606125
 7.375661
 7.381926
 6.691927
 6.923722
 7.007365
 6.878844
 6.913626
 7.043422
 7.255781
 5.778642
 5.986872
 5.822861
 5.873809
 6.134799
 6.146167
 6.478258
 6.299958
 6.374610
 6.509328
 5.735599
 6.159241
 6.286165
 6.118688
 6.339388
 6.184194
 6.498947
 6.335587
 6.777535
 6.508111
 6.881113
 6.584335
 6.803316
 5.927949
 6.611267
 6.321470
 6.131335
 5.874912
 5.977701
 6.656741
 6.743085
 6.905436
 6.520865
 6.561191
 6.615676
 6.552706
 4.721504
 4.515118
 4.671055
 4.276440
 4.333365
 4.509734
 4.530361
 4.407796
 4.434000
 4.661404
 4.544709
 4.464922
 4.331514
 4.537099
 4.401457
 4.508579
 4.523326
 4.511570
 4.873048
 4.669448
 4.685235
 4.418282
 4.184302
 5.783030
 6.983412
 6.479566
 6.385011
 4.326946
 4.321864
 4.348358
 4.107369
 4.339205
 4.260433
 4.462105
 5.314951
 4.666741
 4.912252
 5.264360
 5.088064
 5.166649
 5.188507
 5.146250
 5.304811
 5.594427
 5.432612
 4.851225
 4.972557
 5.108934
 5.476996
 5.351165
 5.308995
 5.302737
 5.444982
 5.122512
 5.410980
 5.901132
 5.996911
 6.070362
 5.201035
 5.629051
 5.873368
 5.665275
 5.226985
 4.951327
 4.784885
 4.999747
 4.879473
 5.000028
 4.906151
 4.072715
 4.469592
 4.207193
 4.668166
 4.714364
 4.358160
 4.971414
 4.872061
 5.200547
 5.761107
 6.316806
 5.474595
 5.946486
 6.327067
 6.324746
 6.071857
 5.882568
 6.529255
 4.467687
 4.255730
 3.523313
 3.778061
 4.678235
 4.408544
 4.269884
 4.459763
 3.805275
 4.067446
 3.913024
 4.052774
 3.932782
 3.711699
 3.807243
 3.740414
 3.953627
 4.129355
 3.681094
 3.821509
 5.527304
 5.935649
 5.421206
 6.091620
 5.818739
 6.131710
 5.783492
 5.668403
 5.783412
 6.228652
 5.087055
 5.337836
 5.746372
 5.608593
 5.484697
 5.897301
 5.268652
 5.955152
 4.617979
 5.135984
 4.775680
 4.434403
 4.578990
 4.759221
 4.129789
 4.465841
 4.525379
 4.599275
 5.031030
 4.908467
 4.930136
 4.826326
 5.273480
 5.262106
 5.807486
 5.752267
 5.542444
 5.688648
 5.346372
 5.582141
 4.952055
 4.806820
 4.668575
 4.566280
 4.392351
 4.387317
 5.026567
 5.293223
 5.805183
 5.214495
 5.396419
 5.239715
 5.140634
 5.220244
 5.230045
 5.264166
 5.256271
 5.649784
 5.357205
 5.415996
 5.226846
 5.371539
 6.066265
 5.427068
 5.513283
 5.430057
 5.606313
 5.921861
 5.694110
 5.682467
 5.573980
 6.076434
 5.445514
 5.496700
 6.660889
 6.141741
 5.969793
 5.394118
 5.482214
 5.614717
 5.335649
 6.212623
 5.437359
 5.727173
 5.662627
 5.545112
 5.680121
 5.301363
 5.667539
 5.648593
 6.109178
 5.139280
 5.182271
 5.348565
 5.025786
 4.839873
 5.014120
 4.805708
 4.706507
 4.901081
 4.714730
 5.077399
 4.684999
 4.557445
 4.448147
 4.418615
 2.570122
 2.668696
 2.719280
 2.468277
 2.633193
 2.660103
 2.516157
 2.613757
 2.829320
 2.573947
 2.473753
 2.413353
 2.311851
 2.383826
 2.660808
 2.602014
 2.778225
 2.854913
 2.655989
 2.730226
 2.606737
 2.731215
 2.705101
 2.705603
 2.768730
 2.676316
 2.771644
 2.790149
 2.450169
 2.388074
 2.437568
 2.190327
 2.423736
 2.498778
 2.435753
 2.429915
 2.251535
 2.392526
 2.862320
 3.124359
 2.325883
 4.046161
 4.187027
 3.739263
 4.098129
 4.346674
 4.440165
 6.444262
 6.405951
 5.996068
 6.213698
 6.578331
 6.596836
 6.562674
 6.809062
 7.400388
 6.488101
 6.440332
 6.584420
 4.966835
 5.132239
 4.901960
 4.848094
 4.738498
 4.403432
 5.095174
 4.559423
 4.437674
 4.315404
 4.587025
 4.530604
 7.499049
 7.369454
 8.365506
 8.491232
 8.442682
 7.787465
 6.769659
 7.035798
 6.920458
 6.215247
 6.498468
 7.884875
 8.436734
 7.637703
 8.237464
 8.140685
 7.866016
 7.709796
 8.051558
 8.183549
 8.436562
 8.310569
 8.358849
 7.247705
 6.621241
 7.146769
 7.977453
 8.101116
 4.568673
 4.441943
 4.198775
 4.279174
 4.235369
 4.165712
 4.028413
 3.613375
 3.547028
 3.750059
 3.683801
 3.465725
 3.755031
 4.455644
 4.284739
 4.433143
 3.736473
 4.134178
 4.068061
 4.088241
 4.137729
 4.483146
 4.160971
 3.852269
 3.889887
 4.049830
 3.866470
 4.046344
 4.142665
 4.228108
 3.813250
 3.739419
 4.479503
 4.421772
 4.509903
 4.200154
 4.321737
 3.949305
 3.532932
 3.825577
 3.792119
 4.100313
 3.881930
 3.957572
 4.369643
 4.232847
 4.160325
 4.427037
 4.461705
 4.239436
 3.811504
 4.450507
 4.443518
 4.208395
 4.371481
 4.308166
 4.190792
 4.254510
 3.889080
 4.142228
 4.191019
 4.096034
 3.795611
 4.210746
 4.137181
 3.903933
 3.923391
 4.270485
 4.479454
 4.482888
 4.288144
 3.737622
 3.620698
 3.676832
 3.871114
 3.648211
 3.785956
 3.900516
 4.207477
 3.417573
 3.559770
 3.749183
 4.114860
 3.323495
 3.424922
 3.732061
 3.593002
 3.576625
 3.562658
 3.577935
 3.729613
 3.956672
 3.549168
 3.864644
 3.515322
 4.159288
 2.951790
 3.106734
 3.051688
 3.007948
 3.013574
 3.152481
 3.266828
 2.971894
 3.387435
 3.901608
 3.630947
 3.842234
 3.810176
 3.775127
 4.107078
 3.873229
 3.940159
 3.911536
 4.206985
 4.132688
 4.152785
 3.950358
 3.856078
 3.961526
 3.316371
 3.270632
 3.468199
 3.590505
 3.360203
 3.595997
 3.363087
 3.287210
 3.279147
 3.153648
 3.546280
 3.686620
 3.280503
 3.562097
 3.073819
 3.582272
 3.301321
 4.114281
 4.173834
 3.726700
 5.151780
 4.664209
 5.560750
 5.397625
 5.777316
 5.760814
 5.389468
 5.676701
 5.461891
 5.621052
 5.489957
 5.745878
 5.217947
 5.324556
 6.446337
 6.066134
 6.192257
 5.742947
 6.227698
 6.056405
 5.954632
 5.833479
 6.011030
 5.737762
 4.331006
 3.798284
 4.102515
 3.869211
 4.018769
 3.813687
 3.782208
 4.322386
 4.202178
 4.238401
 3.813997
 4.416509
 3.993360
 3.718757
 4.259202
 4.044983
 4.346332
 4.297545
 4.397863
 4.470298
 4.145825
 5.207013
 4.865578
 4.988489
 4.653351
 3.849186
 3.709234
 3.912175
 3.625782
 3.945294
 4.634880
 4.684512
 4.839532
 4.695438
 4.457634
 4.768226
 4.296377
 4.028838
 4.838755
 5.118506
 5.089221
 5.134242
 5.088220
 5.055307
 4.943362
 5.159381
 4.811067
 5.106449
 4.923759
 5.096395
 5.219238
 5.252820
 4.896483
 5.207381
 5.254112
 4.937381
 4.833136
 4.826138
 4.996668
 5.109913
 4.926660
10.387830
11.008461
 5.656274
 5.785420
 6.328758
 5.560140
 5.878357
 5.279710
 5.571349
 5.369590
 5.151355
 5.693319
 6.201482
 6.206242
 6.610672
 6.627761
 6.140479
 6.151404
 5.694648
 5.653555
 6.223071
 6.097663
 6.715424
 6.871948
 6.253692
 4.659494
 4.978843
 4.979722
 4.658748
 4.715541
 4.415002
 4.657382
 4.270585
 4.366669
 5.151055
 5.074795
 4.946015
 4.298413
 4.721260
 4.452216
 4.958020
 4.889859
 4.238407
 5.274258
 4.851792
 4.607101
 4.909008
 7.208431
 7.244261
 6.672832
 7.295945
 7.306763
 4.738516
 4.519675
 4.595709
 4.543944
 4.861334
 4.937923
 5.030751
 4.973278
 4.721144
 5.524108
 4.967092
 5.589869
 5.199045
 5.510937
 5.485175
 5.881305
 5.874035
 5.846495
 6.056581
 6.183858
 5.857433
 5.376604
 6.134185
 5.864516
 5.254366
 5.488804
 5.111826
 5.464574
 5.539213
 4.849722
 4.811409
 4.950081
 4.332530
 4.584330
 4.796366
 4.819356
 4.389267
 4.516637
 5.035480
 4.662038
 4.732932
 4.636287
 4.858330
 4.837054
 4.178783
 4.370462
 4.961058
 6.059672
 5.884483
 5.654885
 5.856134
 5.926002
 6.167968
 5.756631
 5.616864
 6.362581
 6.159495
 6.542061
 4.631739
 4.847586
 4.926131
 4.869556
 4.665549
 4.650833
 5.185202
 4.984806
 5.013650
 5.052193
 4.972719
 5.027670
 4.710600
 4.774595
 4.833450
 4.899549
 5.226904
 5.264330
 5.212003
 5.258963
 5.519982
 6.135408
 5.724188
 5.733390
 5.299704
 5.298710
 5.297128
 5.553144
 5.436912
 5.862393
 4.835569
 4.883416
 4.707296
 4.721980
 5.319794
 5.058794
 5.371074
 4.876183
 5.012088
 4.744040
 4.826435
 4.598737
 4.298998
 4.362580
 4.193161
 4.395038
 4.278625
 4.376965
 4.837609
 4.703115
 4.901254
 4.551176
 4.659097
 4.454743
 4.736919
 4.585643
 4.461406
 4.506299
 4.923866
 4.904538
 4.769025
 4.380645
 4.935091
 4.785357
 5.184720
 5.000686
 5.353981
 5.284403
 5.101366
 5.042652
 5.405937
 5.286636
 5.293101
 4.052828
 4.349961
 4.270295
 4.531329
 4.756128
 4.700092
 4.912355
 4.195573
 4.222563
 4.269557
 3.997357
 4.405279
 4.338754
 4.374885
 4.512911
 3.614554
 3.806069
 3.901770
 3.792029
 3.957467
 3.988713
 3.849088
 3.932419
 4.014459
 4.133487
 4.063317
 4.252361
 3.984959
 3.894117
 4.247044
 4.728695
 4.195392
 4.126195
 4.046722
 4.060359
 3.733056
 4.323748
 4.036870
 4.361206
 4.320274
 4.302690
 4.590904
 4.871498
 4.506457
 4.828777
 3.709055
 4.506567
 4.589789
 4.790987
 4.978710
 4.641116
 4.721662
 5.156524
 5.430336
 5.122790
 5.372009
 5.203072
 5.120138
 3.921366
 3.747609
 4.111911
 4.087802
 3.857711
 3.968210
 4.165625
 4.282411
 3.532013
 3.454158
 3.724206
 3.793019
 3.785242
 3.906771
 3.643454
 3.567983
 3.646981
 3.766244
 4.170173
 4.118613
 4.336460
 3.997270
 4.072372
 3.608343
 4.003286
 4.105760
 3.639950
 4.337448
 5.432162
 5.858083
 5.118232
 6.143571
 5.456517
 5.754563
 5.402700
 5.643537
 5.200737
 5.109427
 5.239629
 5.295615
 5.256555
 5.061268
 4.639672
 5.023849
 5.515747
 5.507799
 5.826099
 5.492276
 5.416568
 6.040599
 6.255110
 6.747819
 6.344612
 6.565251
 6.135614
 6.793543
 6.775401
 7.274803
 6.234666
 6.599677
 5.860993
 6.663805
 5.870143
 8.219919
 8.644062
 8.362043
 7.966224
 9.269171
 8.282194
 8.056400
 7.919687
 7.712843
 7.691528
 8.245443
 8.876402
 8.579768
 8.211449
 8.338966
 8.299368
 8.131437
 7.979524
 8.134406
 6.408953
 6.153404
 5.819032
 6.063575
 6.200641
 6.152524
 5.914579
 6.547858
 6.595314
 6.771703
 6.535146
 6.887802
 5.153704
 5.679442
 5.042475
 4.876218
 5.841712
 5.061845
 4.842160
 5.569562
 5.787614
 6.081286
 5.543057
 5.853897
 5.522159
 5.849027
 5.901569
 5.690869
 5.963615
 5.572058
 5.939626
 5.536160
 5.931984
 5.149307
 5.623968
 5.298452
 5.187191
 5.653973
 4.952339
 5.110671
 4.738360
 5.041515
 4.690921
 4.550452
 4.944016
 4.695912
 4.940318
 4.896804
 4.224247
 4.849463
 4.853315
 4.780289
 5.626851
 5.728306
 5.730034
 5.783453
 5.986911
 5.979169
 5.562477
 5.231064
 4.777901
 4.961083
 4.415532
 4.949377
 4.828425
 4.665896
 5.016365
 4.632506
 5.164331
 4.882752
 5.142600
 4.838750
 4.779123
 4.962754
 4.642715
 5.015427
 4.740104
 4.581077
 4.399888
 4.657854
 4.345613
 4.608296
 4.832833
 5.145254
 4.962853
 5.222400
 5.145921
 5.449430
 4.865610
 5.415038
 4.859361
 5.082027
 5.206406
 5.485050
 5.421070
 5.057677
 4.973901
 4.819198
 4.546533
 4.408577
 4.511331
 4.551739
 4.564089
 4.461606
 4.453345
 4.593696
11.499953
10.435410
11.171125
11.188573
11.710476
11.575120
11.618254
10.998670
11.784980
11.417120
11.255431
11.485976
11.886577
11.960726
11.562806
11.337873
10.995999
10.389940
10.328235
 9.049880
 9.694447
 8.556982
 9.284522
 9.141358
 7.741125
 7.152537
 8.045338
 8.332851
 8.246114
 8.528754
 7.929351
 7.075084
 7.563241
 7.372214
 7.563685
 7.864119
 7.380790
 8.341440
 8.247964
 7.192820
 7.282384
 5.763414
 4.965436
 5.571367
 5.508981
 5.290678
 5.330861
 5.780317
 5.384043
 6.045987
 5.509125
 5.441763
 5.335565
 4.856538
 5.073591
 5.089867
 5.930522
 6.024144
 6.215051
 5.784914
 5.488728
 5.547587
 5.434199
 5.597271
 5.692999
 5.523646
 5.543259
 5.731565
 4.972506
 4.921455
 4.845619
 5.650235
 5.211604
 5.206395
 5.642238
 5.267506
 5.124560
 8.013958
 6.945938
 7.521313
 7.906137
 8.040630
 7.364719
 7.565470
 7.493733
 7.132127
 7.023054
 6.378605
 6.883813
 4.776586
 4.861835
 4.762659
 4.860374
 5.134114
 5.097818
 4.913331
 4.640075
 4.731433
 5.563687
 5.524365
 5.535745
 5.772323
 5.178765
 5.655732
 5.024947
 5.252527
 6.400187
 6.714872
 6.674693
 4.725342
 4.686615
 5.249629
 4.732494
 5.212164
 5.056602
 5.119682
 5.316569
 5.096039
 5.149799
 5.234027
 7.253099
 7.060700
 7.209336
 5.077853
 4.941497
 5.634747
 5.519592
 5.527174
 5.605211
 5.738194
 5.598742
 5.722294
 5.518396
 5.812692
 5.428277
 5.391078
 5.408468
 6.570137
 6.604479
 7.149362
 7.303761
 6.056895
 5.926317
 6.083215
 5.540850
 5.498320
 6.046821
 5.985807
 5.388145
