0.5201068
0.5354617
0.4598259
0.4835900
0.5381092
0.5137688
0.5003488
0.5009661
0.4882283
0.4973260
0.5116320
0.4828594
0.5270072
0.4814664
0.5106539
0.5092803
0.4723178
0.4821106
0.4726413
0.5087794
0.4995921
0.4851998
0.4802713
0.4964914
0.4990839
0.4849230
0.5205872
0.4930491
0.5043178
0.5127970
0.4715255
0.4922115
0.4865745
0.5275742
0.5008646
0.4989208
0.5329487
0.5399044
0.4683579
0.5228371
0.5201068
0.5354617
0.4598259
0.4835900
0.5381092
0.5137688
0.5003488
0.5009661
0.4882283
0.4973260
0.5116320
0.4828594
0.5270072
0.4814664
0.5106539
0.5092803
0.4723178
0.4821106
0.4726413
0.5087794
0.4995921
0.4851998
0.4802713
0.4964914
0.4990839
0.4849230
0.5205872
0.4930491
0.5043178
0.5127970
0.4715255
0.4922115
0.4865745
0.5275742
0.5008646
0.4989208
0.5329487
0.5399044
0.4683579
0.5228371
0.5201068
0.5354617
0.4598259
0.4835900
0.5381092
0.5137688
0.5003488
0.5009661
0.4882283
0.4973260
0.5116320
0.4828594
0.5270072
0.4814664
0.5106539
0.5092803
0.4723178
0.4821106
0.4726413
0.5087794
0.4995921
0.4851998
0.4802713
0.4964914
0.4990839
0.4849230
0.5205872
0.4930491
0.5043178
0.5127970
0.4715255
0.4922115
0.4865745
0.5275742
0.5008646
0.4989208
0.5329487
0.5399044
0.4683579
0.5228371
0.5201068
0.5354617
0.4598259
0.4835900
0.5381092
0.5137688
0.5003488
0.5009661
0.4882283
0.4973260
0.5116320
0.4828594
0.5270072
0.4814664
0.5106539
0.5092803
0.4723178
0.4821106
0.4726413
0.5087794
0.4995921
0.4851998
0.4802713
0.4964914
0.4990839
0.4849230
0.5205872
0.4930491
0.5043178
0.5127970
0.4715255
0.4922115
0.4865745
0.5275742
0.5008646
0.4989208
0.5329487
0.5399044
0.4683579
0.5228371
0.5201068
0.5354617
0.4598259
0.4835900
0.5381092
0.5137688
0.5003488
0.5009661
0.4882283
0.4973260
0.5116320
0.4828594
0.5270072
0.4814664
0.5106539
0.5092803
0.4723178
0.4821106
0.4726413
0.5087794
0.4995921
0.4851998
0.4802713
0.4964914
0.4990839
0.4849230
0.5205872
0.4930491
0.5043178
0.5127970
0.4715255
0.4922115
0.4865745
0.5275742
0.5008646
0.4989208
0.5329487
0.5399044
0.4683579
0.5228371
0.5201068
0.5354617
0.4598259
0.4835900
0.5381092
0.5137688
0.5003488
0.5009661
0.4882283
0.4973260
0.5116320
0.4828594
0.5270072
0.4814664
0.5106539
0.5092803
0.4723178
0.4821106
0.4726413
0.5087794
0.4995921
0.4851998
0.4802713
0.4964914
0.4990839
0.4849230
0.5205872
0.4930491
0.5043178
0.5127970
0.4715255
0.4922115
0.4865745
0.5275742
0.5008646
0.4989208
0.5329487
0.5399044
0.4683579
0.5228371
0.5201068
0.5354617
0.4598259
0.4835900
0.5381092
0.5137688
0.5003488
0.5009661
0.4882283
0.4973260
0.5116320
0.4828594
0.5270072
0.4814664
0.5106539
0.5092803
0.4723178
0.4821106
0.4726413
0.5087794
0.4995921
0.4851998
0.4802713
0.4964914
0.4990839
0.4849230
0.5205872
0.4930491
0.5043178
0.5127970
0.4715255
0.4922115
0.4865745
0.5275742
0.5008646
0.4989208
0.5329487
0.5399044
0.4683579
0.5228371
0.5201068
0.5354617
0.4598259
0.4835900
0.5381092
0.5137688
0.5003488
0.5009661
0.4882283
0.4973260
0.5116320
0.4828594
0.5270072
0.4814664
0.5106539
0.5092803
0.4723178
0.4821106
0.4726413
0.5087794
0.4995921
0.4851998
0.4802713
0.4964914
0.4990839
0.4849230
0.5205872
0.4930491
0.5043178
0.5127970
0.4715255
0.4922115
0.4865745
0.5275742
0.5008646
0.4989208
0.5329487
0.5399044
0.4683579
0.5228371
0.5201068
0.5354617
0.4598259
0.4835900
0.5381092
0.5137688
0.5003488
0.5009661
0.4882283
0.4973260
0.5116320
0.4828594
0.5270072
0.4814664
0.5106539
0.5092803
0.4723178
0.4821106
0.4726413
0.5087794
0.4995921
0.4851998
0.4802713
0.4964914
0.4990839
0.4849230
0.5205872
0.4930491
0.5043178
0.5127970
0.4715255
0.4922115
0.4865745
0.5275742
0.5008646
0.4989208
0.5329487
0.5399044
0.4683579
0.5228371
0.5201068
0.5354617
0.4598259
0.4835900
0.5381092
0.5137688
0.5003488
0.5009661
0.4882283
0.4973260
0.5116320
0.4828594
0.5270072
0.4814664
0.5106539
0.5092803
0.4723178
0.4821106
0.4726413
0.5087794
0.4995921
0.4851998
0.4802713
0.4964914
0.4990839
0.4849230
0.5205872
0.4930491
0.5043178
0.5127970
0.4715255
0.4922115
0.4865745
0.5275742
0.5008646
0.4989208
0.5329487
0.5399044
0.4683579
0.5228371
0.5201068
0.5354617
0.4598259
0.4835900
0.5381092
0.5137688
0.5003488
0.5009661
0.4882283
0.4973260
0.5116320
0.4828594
0.5270072
0.4814664
0.5106539
0.5092803
0.4723178
0.4821106
0.4726413
0.5087794
0.4995921
0.4851998
0.4802713
0.4964914
0.4990839
0.4849230
0.5205872
0.4930491
0.5043178
0.5127970
0.4715255
0.4922115
0.4865745
0.5275742
0.5008646
0.4989208
0.5329487
0.5399044
0.4683579
0.5228371
0.5201068
0.5354617
0.4598259
0.4835900
0.5381092
0.5137688
0.5003488
0.5009661
0.4882283
0.4973260
0.5116320
0.4828594
0.5270072
0.4814664
0.5106539
0.5092803
0.4723178
0.4821106
0.4726413
0.5087794
0.4995921
0.4851998
0.4802713
0.4964914
0.4990839
0.4849230
0.5205872
0.4930491
0.5043178
0.5127970
0.4715255
0.4922115
0.4865745
0.5275742
0.5008646
0.4989208
0.5329487
0.5399044
0.4683579
0.5228371
0.5201068
0.5354617
0.4598259
0.4835900
0.5381092
0.5137688
0.5003488
0.5009661
0.4882283
0.4973260
0.5116320
0.4828594
0.5270072
0.4814664
0.5106539
0.5092803
0.4723178
0.4821106
0.4726413
0.5087794
0.4995921
0.4851998
0.4802713
0.4964914
0.4990839
0.4849230
0.5205872
0.4930491
0.5043178
0.5127970
0.4715255
0.4922115
0.4865745
0.5275742
0.5008646
0.4989208
0.5329487
0.5399044
0.4683579
0.5228371
0.5201068
0.5354617
0.4598259
0.4835900
0.5381092
0.5137688
0.5003488
0.5009661
0.4882283
0.4973260
0.5116320
0.4828594
0.5270072
0.4814664
0.5106539
0.5092803
0.4723178
0.4821106
0.4726413
0.5087794
0.4995921
0.4851998
0.4802713
0.4964914
0.4990839
0.4849230
0.5205872
0.4930491
0.5043178
0.5127970
0.4715255
0.4922115
0.4865745
0.5275742
0.5008646
0.4989208
0.5329487
0.5399044
0.4683579
0.5228371
0.5201068
0.5354617
0.4598259
0.4835900
0.5381092
0.5137688
0.5003488
0.5009661
0.4882283
0.4973260
0.5116320
0.4828594
0.5270072
0.4814664
0.5106539
0.5092803
0.4723178
0.4821106
0.4726413
0.5087794
0.4995921
0.4851998
0.4802713
0.4964914
0.4990839
0.4849230
0.5205872
0.4930491
0.5043178
0.5127970
0.4715255
0.4922115
0.4865745
0.5275742
0.5008646
0.4989208
0.5329487
0.5399044
0.4683579
0.5228371
0.5201068
0.5354617
0.4598259
0.4835900
0.5381092
0.5137688
0.5003488
0.5009661
0.4882283
0.4973260
0.5116320
0.4828594
0.5270072
0.4814664
0.5106539
0.5092803
0.4723178
0.4821106
0.4726413
0.5087794
0.4995921
0.4851998
0.4802713
0.4964914
0.4990839
0.4849230
0.5205872
0.4930491
0.5043178
0.5127970
0.4715255
0.4922115
0.4865745
0.5275742
0.5008646
0.4989208
0.5329487
0.5399044
0.4683579
0.5228371
0.5201068
0.5354617
0.4598259
0.4835900
0.5381092
0.5137688
0.5003488
0.5009661
0.4882283
0.4973260
0.5116320
0.4828594
0.5270072
0.4814664
0.5106539
0.5092803
0.4723178
0.4821106
0.4726413
0.5087794
0.4995921
0.4851998
0.4802713
0.4964914
0.4990839
0.4849230
0.5205872
0.4930491
0.5043178
0.5127970
0.4715255
0.4922115
0.4865745
0.5275742
0.5008646
0.4989208
0.5329487
0.5399044
0.4683579
0.5228371
0.5201068
0.5354617
0.4598259
0.4835900
0.5381092
0.5137688
0.5003488
0.5009661
0.4882283
0.4973260
0.5116320
0.4828594
0.5270072
0.4814664
0.5106539
0.5092803
0.4723178
0.4821106
0.4726413
0.5087794
0.4995921
0.4851998
0.4802713
0.4964914
0.4990839
0.4849230
0.5205872
0.4930491
0.5043178
0.5127970
0.4715255
0.4922115
0.4865745
0.5275742
0.5008646
0.4989208
0.5329487
0.5399044
0.4683579
0.5228371
0.5201068
0.5354617
0.4598259
0.4835900
0.5381092
0.5137688
0.5003488
0.5009661
0.4882283
0.4973260
0.5116320
0.4828594
0.5270072
0.4814664
0.5106539
0.5092803
0.4723178
0.4821106
0.4726413
0.5087794
0.4995921
0.4851998
0.4802713
0.4964914
0.4990839
0.4849230
0.5205872
0.4930491
0.5043178
0.5127970
0.4715255
0.4922115
0.4865745
0.5275742
0.5008646
0.4989208
0.5329487
0.5399044
0.4683579
0.5228371
0.5201068
0.5354617
0.4598259
0.4835900
0.5381092
0.5137688
0.5003488
0.5009661
0.4882283
0.4973260
0.5116320
0.4828594
0.5270072
0.4814664
0.5106539
0.5092803
0.4723178
0.4821106
0.4726413
0.5087794
0.4995921
0.4851998
0.4802713
0.4964914
0.4990839
0.4849230
0.5205872
0.4930491
0.5043178
0.5127970
0.4715255
0.4922115
0.4865745
0.5275742
0.5008646
0.4989208
0.5329487
0.5399044
0.4683579
0.5228371
0.5201068
0.5354617
0.4598259
0.4835900
0.5381092
0.5137688
0.5003488
0.5009661
0.4882283
0.4973260
0.5116320
0.4828594
0.5270072
0.4814664
0.5106539
0.5092803
0.4723178
0.4821106
0.4726413
0.5087794
0.4995921
0.4851998
0.4802713
0.4964914
0.4990839
0.4849230
0.5205872
0.4930491
0.5043178
0.5127970
0.4715255
0.4922115
0.4865745
0.5275742
0.5008646
0.4989208
0.5329487
0.5399044
0.4683579
0.5228371
0.5201068
0.5354617
0.4598259
0.4835900
0.5381092
0.5137688
0.5003488
0.5009661
0.4882283
0.4973260
0.5116320
0.4828594
0.5270072
0.4814664
0.5106539
0.5092803
0.4723178
0.4821106
0.4726413
0.5087794
0.4995921
0.4851998
0.4802713
0.4964914
0.4990839
0.4849230
0.5205872
0.4930491
0.5043178
0.5127970
0.4715255
0.4922115
0.4865745
0.5275742
0.5008646
0.4989208
0.5329487
0.5399044
0.4683579
0.5228371
0.5201068
0.5354617
0.4598259
0.4835900
0.5381092
0.5137688
0.5003488
0.5009661
0.4882283
0.4973260
0.5116320
0.4828594
0.5270072
0.4814664
0.5106539
0.5092803
0.4723178
0.4821106
0.4726413
0.5087794
0.4995921
0.4851998
0.4802713
0.4964914
0.4990839
0.4849230
0.5205872
0.4930491
0.5043178
0.5127970
0.4715255
0.4922115
0.4865745
0.5275742
0.5008646
0.4989208
0.5329487
0.5399044
0.4683579
0.5228371
0.5201068
0.5354617
0.4598259
0.4835900
0.5381092
0.5137688
0.5003488
0.5009661
0.4882283
0.4973260
0.5116320
0.4828594
0.5270072
0.4814664
0.5106539
0.5092803
0.4723178
0.4821106
0.4726413
0.5087794
0.4995921
0.4851998
0.4802713
0.4964914
0.4990839
0.4849230
0.5205872
0.4930491
0.5043178
0.5127970
0.4715255
0.4922115
0.4865745
0.5275742
0.5008646
0.4989208
0.5329487
0.5399044
0.4683579
0.5228371
0.5201068
0.5354617
0.4598259
0.4835900
0.5381092
0.5137688
0.5003488
0.5009661
0.4882283
0.4973260
0.5116320
0.4828594
0.5270072
0.4814664
0.5106539
0.5092803
0.4723178
0.4821106
0.4726413
0.5087794
0.4995921
0.4851998
0.4802713
0.4964914
0.4990839
0.4849230
0.5205872
0.4930491
0.5043178
0.5127970
0.4715255
0.4922115
0.4865745
0.5275742
0.5008646
0.4989208
0.5329487
0.5399044
0.4683579
0.5228371
0.5201068
0.5354617
0.4598259
0.4835900
0.5381092
0.5137688
0.5003488
0.5009661
0.4882283
0.4973260
0.5116320
0.4828594
0.5270072
0.4814664
0.5106539
0.5092803
0.4723178
0.4821106
0.4726413
0.5087794
0.4995921
0.4851998
0.4802713
0.4964914
0.4990839
0.4849230
0.5205872
0.4930491
0.5043178
0.5127970
0.4715255
0.4922115
0.4865745
0.5275742
0.5008646
0.4989208
0.5329487
0.5399044
0.4683579
0.5228371
0.5201068
0.5354617
0.4598259
0.4835900
0.5381092
0.5137688
0.5003488
0.5009661
0.4882283
0.4973260
0.5116320
0.4828594
0.5270072
0.4814664
0.5106539
0.5092803
0.4723178
0.4821106
0.4726413
0.5087794
0.4995921
0.4851998
0.4802713
0.4964914
0.4990839
0.4849230
0.5205872
0.4930491
0.5043178
0.5127970
0.4715255
0.4922115
0.4865745
0.5275742
0.5008646
0.4989208
0.5329487
0.5399044
0.4683579
0.5228371
0.5201068
0.5354617
0.4598259
0.4835900
0.5381092
0.5137688
0.5003488
0.5009661
0.4882283
0.4973260
0.5116320
0.4828594
0.5270072
0.4814664
0.5106539
0.5092803
0.4723178
0.4821106
0.4726413
0.5087794
0.4995921
0.4851998
0.4802713
0.4964914
0.4990839
0.4849230
0.5205872
0.4930491
0.5043178
0.5127970
0.4715255
0.4922115
0.4865745
0.5275742
0.5008646
0.4989208
0.5329487
0.5399044
0.4683579
0.5228371
0.5201068
0.5354617
0.4598259
0.4835900
0.5381092
0.5137688
0.5003488
0.5009661
0.4882283
0.4973260
0.5116320
0.4828594
0.5270072
0.4814664
0.5106539
0.5092803
0.4723178
0.4821106
0.4726413
0.5087794
0.4995921
0.4851998
0.4802713
0.4964914
0.4990839
0.4849230
0.5205872
0.4930491
0.5043178
0.5127970
0.4715255
0.4922115
0.4865745
0.5275742
0.5008646
0.4989208
0.5329487
0.5399044
0.4683579
0.5228371
0.5201068
0.5354617
0.4598259
0.4835900
0.5381092
0.5137688
0.5003488
0.5009661
0.4882283
0.4973260
0.5116320
0.4828594
0.5270072
0.4814664
0.5106539
0.5092803
0.4723178
0.4821106
0.4726413
0.5087794
0.4995921
0.4851998
0.4802713
0.4964914
0.4990839
0.4849230
0.5205872
0.4930491
0.5043178
0.5127970
0.4715255
0.4922115
0.4865745
0.5275742
0.5008646
0.4989208
0.5329487
0.5399044
0.4683579
0.5228371
0.5201068
0.5354617
0.4598259
0.4835900
0.5381092
0.5137688
0.5003488
0.5009661
0.4882283
0.4973260
0.5116320
0.4828594
0.5270072
0.4814664
0.5106539
0.5092803
0.4723178
0.4821106
0.4726413
0.5087794
0.4995921
0.4851998
0.4802713
0.4964914
0.4990839
0.4849230
0.5205872
0.4930491
0.5043178
0.5127970
0.4715255
0.4922115
0.4865745
0.5275742
0.5008646
0.4989208
0.5329487
0.5399044
0.4683579
0.5228371
0.5201068
0.5354617
0.4598259
0.4835900
0.5381092
0.5137688
0.5003488
0.5009661
0.4882283
0.4973260
0.5116320
0.4828594
0.5270072
0.4814664
0.5106539
0.5092803
0.4723178
0.4821106
0.4726413
0.5087794
0.4995921
0.4851998
0.4802713
0.4964914
0.4990839
0.4849230
0.5205872
0.4930491
0.5043178
0.5127970
0.4715255
0.4922115
0.4865745
0.5275742
0.5008646
0.4989208
0.5329487
0.5399044
0.4683579
0.5228371
0.5201068
0.5354617
0.4598259
0.4835900
0.5381092
0.5137688
0.5003488
0.5009661
0.4882283
0.4973260
0.5116320
0.4828594
0.5270072
0.4814664
0.5106539
0.5092803
0.4723178
0.4821106
0.4726413
0.5087794
0.4995921
0.4851998
0.4802713
0.4964914
0.4990839
0.4849230
0.5205872
0.4930491
0.5043178
0.5127970
0.4715255
0.4922115
0.4865745
0.5275742
0.5008646
0.4989208
0.5329487
0.5399044
0.4683579
0.5228371
0.5201068
0.5354617
0.4598259
0.4835900
0.5381092
0.5137688
0.5003488
0.5009661
0.4882283
0.4973260
0.5116320
0.4828594
0.5270072
0.4814664
0.5106539
0.5092803
0.4723178
0.4821106
0.4726413
0.5087794
0.4995921
0.4851998
0.4802713
0.4964914
0.4990839
0.4849230
0.5205872
0.4930491
0.5043178
0.5127970
0.4715255
0.4922115
0.4865745
0.5275742
0.5008646
0.4989208
0.5329487
0.5399044
0.4683579
0.5228371
0.5201068
0.5354617
0.4598259
0.4835900
0.5381092
0.5137688
0.5003488
0.5009661
0.4882283
0.4973260
0.5116320
0.4828594
0.5270072
0.4814664
0.5106539
0.5092803
0.4723178
0.4821106
0.4726413
0.5087794
0.4995921
0.4851998
0.4802713
0.4964914
0.4990839
0.4849230
0.5205872
0.4930491
0.5043178
0.5127970
0.4715255
0.4922115
0.4865745
0.5275742
0.5008646
0.4989208
0.5329487
0.5399044
0.4683579
0.5228371
0.5201068
0.5354617
0.4598259
0.4835900
0.5381092
0.5137688
0.5003488
0.5009661
0.4882283
0.4973260
0.5116320
0.4828594
0.5270072
0.4814664
0.5106539
0.5092803
0.4723178
0.4821106
0.4726413
0.5087794
0.4995921
0.4851998
0.4802713
0.4964914
0.4990839
0.4849230
0.5205872
0.4930491
0.5043178
0.5127970
0.4715255
0.4922115
0.4865745
0.5275742
0.5008646
0.4989208
0.5329487
0.5399044
0.4683579
0.5228371
0.5201068
0.5354617
0.4598259
0.4835900
0.5381092
0.5137688
0.5003488
0.5009661
0.4882283
0.4973260
0.5116320
0.4828594
0.5270072
0.4814664
0.5106539
0.5092803
0.4723178
0.4821106
0.4726413
0.5087794
0.4995921
0.4851998
0.4802713
0.4964914
0.4990839
0.4849230
0.5205872
0.4930491
0.5043178
0.5127970
0.4715255
0.4922115
0.4865745
0.5275742
0.5008646
0.4989208
0.5329487
0.5399044
0.4683579
0.5228371
0.5201068
0.5354617
0.4598259
0.4835900
0.5381092
0.5137688
0.5003488
0.5009661
0.4882283
0.4973260
0.5116320
0.4828594
0.5270072
0.4814664
0.5106539
0.5092803
0.4723178
0.4821106
0.4726413
0.5087794
0.4995921
0.4851998
0.4802713
0.4964914
0.4990839
0.4849230
0.5205872
0.4930491
0.5043178
0.5127970
0.4715255
0.4922115
0.4865745
0.5275742
0.5008646
0.4989208
0.5329487
0.5399044
0.4683579
0.5228371
0.5201068
0.5354617
0.4598259
0.4835900
0.5381092
0.5137688
0.5003488
0.5009661
0.4882283
0.4973260
0.5116320
0.4828594
0.5270072
0.4814664
0.5106539
0.5092803
0.4723178
0.4821106
0.4726413
0.5087794
0.4995921
0.4851998
0.4802713
0.4964914
0.4990839
0.4849230
0.5205872
0.4930491
0.5043178
0.5127970
0.4715255
0.4922115
0.4865745
0.5275742
0.5008646
0.4989208
0.5329487
0.5399044
0.4683579
0.5228371
0.5201068
0.5354617
0.4598259
0.4835900
0.5381092
0.5137688
0.5003488
0.5009661
0.4882283
0.4973260
0.5116320
0.4828594
0.5270072
0.4814664
0.5106539
0.5092803
0.4723178
0.4821106
0.4726413
0.5087794
0.4995921
0.4851998
0.4802713
0.4964914
0.4990839
0.4849230
0.5205872
0.4930491
0.5043178
0.5127970
0.4715255
0.4922115
0.4865745
0.5275742
0.5008646
0.4989208
0.5329487
0.5399044
0.4683579
0.5228371
0.5201068
0.5354617
0.4598259
0.4835900
0.5381092
0.5137688
0.5003488
0.5009661
0.4882283
0.4973260
0.5116320
0.4828594
0.5270072
0.4814664
0.5106539
0.5092803
0.4723178
0.4821106
0.4726413
0.5087794
0.4995921
0.4851998
0.4802713
0.4964914
0.4990839
0.4849230
0.5205872
0.4930491
0.5043178
0.5127970
0.4715255
0.4922115
0.4865745
0.5275742
0.5008646
0.4989208
0.5329487
0.5399044
0.4683579
0.5228371
0.5201068
0.5354617
0.4598259
0.4835900
0.5381092
0.5137688
0.5003488
0.5009661
0.4882283
0.4973260
0.5116320
0.4828594
0.5270072
0.4814664
0.5106539
0.5092803
0.4723178
0.4821106
0.4726413
0.5087794
0.4995921
0.4851998
0.4802713
0.4964914
0.4990839
0.4849230
0.5205872
0.4930491
0.5043178
0.5127970
0.4715255
0.4922115
0.4865745
0.5275742
0.5008646
0.4989208
0.5329487
0.5399044
0.4683579
0.5228371
0.5201068
0.5354617
0.4598259
0.4835900
0.5381092
0.5137688
0.5003488
0.5009661
0.4882283
0.4973260
0.5116320
0.4828594
0.5270072
0.4814664
0.5106539
0.5092803
0.4723178
0.4821106
0.4726413
0.5087794
0.4995921
0.4851998
0.4802713
0.4964914
0.4990839
0.4849230
0.5205872
0.4930491
0.5043178
0.5127970
0.4715255
0.4922115
0.4865745
0.5275742
0.5008646
0.4989208
0.5329487
0.5399044
0.4683579
0.5228371
0.5201068
0.5354617
0.4598259
0.4835900
0.5381092
0.5137688
0.5003488
0.5009661
0.4882283
0.4973260
0.5116320
0.4828594
0.5270072
0.4814664
0.5106539
0.5092803
0.4723178
0.4821106
0.4726413
0.5087794
0.4995921
0.4851998
0.4802713
0.4964914
0.4990839
0.4849230
0.5205872
0.4930491
0.5043178
0.5127970
0.4715255
0.4922115
0.4865745
0.5275742
0.5008646
0.4989208
0.5329487
0.5399044
0.4683579
0.5228371
0.5201068
0.5354617
0.4598259
0.4835900
0.5381092
0.5137688
0.5003488
0.5009661
0.4882283
0.4973260
0.5116320
0.4828594
0.5270072
0.4814664
0.5106539
0.5092803
0.4723178
0.4821106
0.4726413
0.5087794
0.4995921
0.4851998
0.4802713
0.4964914
0.4990839
0.4849230
0.5205872
0.4930491
0.5043178
0.5127970
0.4715255
0.4922115
0.4865745
0.5275742
0.5008646
0.4989208
0.5329487
0.5399044
0.4683579
0.5228371
0.5201068
0.5354617
0.4598259
0.4835900
0.5381092
0.5137688
0.5003488
0.5009661
0.4882283
0.4973260
0.5116320
0.4828594
0.5270072
0.4814664
0.5106539
0.5092803
0.4723178
0.4821106
0.4726413
0.5087794
0.4995921
0.4851998
0.4802713
0.4964914
0.4990839
0.4849230
0.5205872
0.4930491
0.5043178
0.5127970
0.4715255
0.4922115
0.4865745
0.5275742
0.5008646
0.4989208
0.5329487
0.5399044
0.4683579
0.5228371
0.5201068
0.5354617
0.4598259
0.4835900
0.5381092
0.5137688
0.5003488
0.5009661
0.4882283
0.4973260
0.5116320
0.4828594
0.5270072
0.4814664
0.5106539
0.5092803
0.4723178
0.4821106
0.4726413
0.5087794
0.4995921
0.4851998
0.4802713
0.4964914
0.4990839
0.4849230
0.5205872
0.4930491
0.5043178
0.5127970
0.4715255
0.4922115
0.4865745
0.5275742
0.5008646
0.4989208
0.5329487
0.5399044
0.4683579
0.5228371
0.5201068
0.5354617
0.4598259
0.4835900
0.5381092
0.5137688
0.5003488
0.5009661
0.4882283
0.4973260
0.5116320
0.4828594
0.5270072
0.4814664
0.5106539
0.5092803
0.4723178
0.4821106
0.4726413
0.5087794
0.4995921
0.4851998
0.4802713
0.4964914
0.4990839
0.4849230
0.5205872
0.4930491
0.5043178
0.5127970
0.4715255
0.4922115
0.4865745
0.5275742
0.5008646
0.4989208
0.5329487
0.5399044
0.4683579
0.5228371
0.5201068
0.5354617
0.4598259
0.4835900
0.5381092
0.5137688
0.5003488
0.5009661
0.4882283
0.4973260
0.5116320
0.4828594
0.5270072
0.4814664
0.5106539
0.5092803
0.4723178
0.4821106
0.4726413
0.5087794
0.4995921
0.4851998
0.4802713
0.4964914
0.4990839
0.4849230
0.5205872
0.4930491
0.5043178
0.5127970
0.4715255
0.4922115
0.4865745
0.5275742
0.5008646
0.4989208
0.5329487
0.5399044
0.4683579
0.5228371
0.5201068
0.5354617
0.4598259
0.4835900
0.5381092
0.5137688
0.5003488
0.5009661
0.4882283
0.4973260
0.5116320
0.4828594
0.5270072
0.4814664
0.5106539
0.5092803
0.4723178
0.4821106
0.4726413
0.5087794
0.4995921
0.4851998
0.4802713
0.4964914
0.4990839
0.4849230
0.5205872
0.4930491
0.5043178
0.5127970
0.4715255
0.4922115
0.4865745
0.5275742
0.5008646
0.4989208
0.5329487
0.5399044
0.4683579
0.5228371
