0.5209872
0.5129858
0.5031420
0.5266952
0.4969698
0.5106620
0.5041074
0.4840654
0.5074264
0.5052403
0.5283379
0.4887676
0.4693424
0.4771825
0.4597701
0.5277577
0.5109870
0.5080513
0.5120094
0.4770220
0.4993559
0.5207330
0.4911117
0.5297051
0.5302674
0.4726207
0.5045433
0.4844672
0.5049786
0.5304900
0.5193136
0.5068878
0.5465205
0.5393720
0.4785242
0.5013642
0.5046299
0.4965568
0.4735977
0.4991946
0.5209872
0.5129858
0.5031420
0.5266952
0.4969698
0.5106620
0.5041074
0.4840654
0.5074264
0.5052403
0.5283379
0.4887676
0.4693424
0.4771825
0.4597701
0.5277577
0.5109870
0.5080513
0.5120094
0.4770220
0.4993559
0.5207330
0.4911117
0.5297051
0.5302674
0.4726207
0.5045433
0.4844672
0.5049786
0.5304900
0.5193136
0.5068878
0.5465205
0.5393720
0.4785242
0.5013642
0.5046299
0.4965568
0.4735977
0.4991946
0.5209872
0.5129858
0.5031420
0.5266952
0.4969698
0.5106620
0.5041074
0.4840654
0.5074264
0.5052403
0.5283379
0.4887676
0.4693424
0.4771825
0.4597701
0.5277577
0.5109870
0.5080513
0.5120094
0.4770220
0.4993559
0.5207330
0.4911117
0.5297051
0.5302674
0.4726207
0.5045433
0.4844672
0.5049786
0.5304900
0.5193136
0.5068878
0.5465205
0.5393720
0.4785242
0.5013642
0.5046299
0.4965568
0.4735977
0.4991946
0.5209872
0.5129858
0.5031420
0.5266952
0.4969698
0.5106620
0.5041074
0.4840654
0.5074264
0.5052403
0.5283379
0.4887676
0.4693424
0.4771825
0.4597701
0.5277577
0.5109870
0.5080513
0.5120094
0.4770220
0.4993559
0.5207330
0.4911117
0.5297051
0.5302674
0.4726207
0.5045433
0.4844672
0.5049786
0.5304900
0.5193136
0.5068878
0.5465205
0.5393720
0.4785242
0.5013642
0.5046299
0.4965568
0.4735977
0.4991946
0.5209872
0.5129858
0.5031420
0.5266952
0.4969698
0.5106620
0.5041074
0.4840654
0.5074264
0.5052403
0.5283379
0.4887676
0.4693424
0.4771825
0.4597701
0.5277577
0.5109870
0.5080513
0.5120094
0.4770220
0.4993559
0.5207330
0.4911117
0.5297051
0.5302674
0.4726207
0.5045433
0.4844672
0.5049786
0.5304900
0.5193136
0.5068878
0.5465205
0.5393720
0.4785242
0.5013642
0.5046299
0.4965568
0.4735977
0.4991946
0.5209872
0.5129858
0.5031420
0.5266952
0.4969698
0.5106620
0.5041074
0.4840654
0.5074264
0.5052403
0.5283379
0.4887676
0.4693424
0.4771825
0.4597701
0.5277577
0.5109870
0.5080513
0.5120094
0.4770220
0.4993559
0.5207330
0.4911117
0.5297051
0.5302674
0.4726207
0.5045433
0.4844672
0.5049786
0.5304900
0.5193136
0.5068878
0.5465205
0.5393720
0.4785242
0.5013642
0.5046299
0.4965568
0.4735977
0.4991946
0.5209872
0.5129858
0.5031420
0.5266952
0.4969698
0.5106620
0.5041074
0.4840654
0.5074264
0.5052403
0.5283379
0.4887676
0.4693424
0.4771825
0.4597701
0.5277577
0.5109870
0.5080513
0.5120094
0.4770220
0.4993559
0.5207330
0.4911117
0.5297051
0.5302674
0.4726207
0.5045433
0.4844672
0.5049786
0.5304900
0.5193136
0.5068878
0.5465205
0.5393720
0.4785242
0.5013642
0.5046299
0.4965568
0.4735977
0.4991946
0.5209872
0.5129858
0.5031420
0.5266952
0.4969698
0.5106620
0.5041074
0.4840654
0.5074264
0.5052403
0.5283379
0.4887676
0.4693424
0.4771825
0.4597701
0.5277577
0.5109870
0.5080513
0.5120094
0.4770220
0.4993559
0.5207330
0.4911117
0.5297051
0.5302674
0.4726207
0.5045433
0.4844672
0.5049786
0.5304900
0.5193136
0.5068878
0.5465205
0.5393720
0.4785242
0.5013642
0.5046299
0.4965568
0.4735977
0.4991946
0.5209872
0.5129858
0.5031420
0.5266952
0.4969698
0.5106620
0.5041074
0.4840654
0.5074264
0.5052403
0.5283379
0.4887676
0.4693424
0.4771825
0.4597701
0.5277577
0.5109870
0.5080513
0.5120094
0.4770220
0.4993559
0.5207330
0.4911117
0.5297051
0.5302674
0.4726207
0.5045433
0.4844672
0.5049786
0.5304900
0.5193136
0.5068878
0.5465205
0.5393720
0.4785242
0.5013642
0.5046299
0.4965568
0.4735977
0.4991946
0.5209872
0.5129858
0.5031420
0.5266952
0.4969698
0.5106620
0.5041074
0.4840654
0.5074264
0.5052403
0.5283379
0.4887676
0.4693424
0.4771825
0.4597701
0.5277577
0.5109870
0.5080513
0.5120094
0.4770220
0.4993559
0.5207330
0.4911117
0.5297051
0.5302674
0.4726207
0.5045433
0.4844672
0.5049786
0.5304900
0.5193136
0.5068878
0.5465205
0.5393720
0.4785242
0.5013642
0.5046299
0.4965568
0.4735977
0.4991946
0.5209872
0.5129858
0.5031420
0.5266952
0.4969698
0.5106620
0.5041074
0.4840654
0.5074264
0.5052403
0.5283379
0.4887676
0.4693424
0.4771825
0.4597701
0.5277577
0.5109870
0.5080513
0.5120094
0.4770220
0.4993559
0.5207330
0.4911117
0.5297051
0.5302674
0.4726207
0.5045433
0.4844672
0.5049786
0.5304900
0.5193136
0.5068878
0.5465205
0.5393720
0.4785242
0.5013642
0.5046299
0.4965568
0.4735977
0.4991946
0.5209872
0.5129858
0.5031420
0.5266952
0.4969698
0.5106620
0.5041074
0.4840654
0.5074264
0.5052403
0.5283379
0.4887676
0.4693424
0.4771825
0.4597701
0.5277577
0.5109870
0.5080513
0.5120094
0.4770220
0.4993559
0.5207330
0.4911117
0.5297051
0.5302674
0.4726207
0.5045433
0.4844672
0.5049786
0.5304900
0.5193136
0.5068878
0.5465205
0.5393720
0.4785242
0.5013642
0.5046299
0.4965568
0.4735977
0.4991946
0.5209872
0.5129858
0.5031420
0.5266952
0.4969698
0.5106620
0.5041074
0.4840654
0.5074264
0.5052403
0.5283379
0.4887676
0.4693424
0.4771825
0.4597701
0.5277577
0.5109870
0.5080513
0.5120094
0.4770220
0.4993559
0.5207330
0.4911117
0.5297051
0.5302674
0.4726207
0.5045433
0.4844672
0.5049786
0.5304900
0.5193136
0.5068878
0.5465205
0.5393720
0.4785242
0.5013642
0.5046299
0.4965568
0.4735977
0.4991946
0.5209872
0.5129858
0.5031420
0.5266952
0.4969698
0.5106620
0.5041074
0.4840654
0.5074264
0.5052403
0.5283379
0.4887676
0.4693424
0.4771825
0.4597701
0.5277577
0.5109870
0.5080513
0.5120094
0.4770220
0.4993559
0.5207330
0.4911117
0.5297051
0.5302674
0.4726207
0.5045433
0.4844672
0.5049786
0.5304900
0.5193136
0.5068878
0.5465205
0.5393720
0.4785242
0.5013642
0.5046299
0.4965568
0.4735977
0.4991946
0.5209872
0.5129858
0.5031420
0.5266952
0.4969698
0.5106620
0.5041074
0.4840654
0.5074264
0.5052403
0.5283379
0.4887676
0.4693424
0.4771825
0.4597701
0.5277577
0.5109870
0.5080513
0.5120094
0.4770220
0.4993559
0.5207330
0.4911117
0.5297051
0.5302674
0.4726207
0.5045433
0.4844672
0.5049786
0.5304900
0.5193136
0.5068878
0.5465205
0.5393720
0.4785242
0.5013642
0.5046299
0.4965568
0.4735977
0.4991946
0.5209872
0.5129858
0.5031420
0.5266952
0.4969698
0.5106620
0.5041074
0.4840654
0.5074264
0.5052403
0.5283379
0.4887676
0.4693424
0.4771825
0.4597701
0.5277577
0.5109870
0.5080513
0.5120094
0.4770220
0.4993559
0.5207330
0.4911117
0.5297051
0.5302674
0.4726207
0.5045433
0.4844672
0.5049786
0.5304900
0.5193136
0.5068878
0.5465205
0.5393720
0.4785242
0.5013642
0.5046299
0.4965568
0.4735977
0.4991946
0.5209872
0.5129858
0.5031420
0.5266952
0.4969698
0.5106620
0.5041074
0.4840654
0.5074264
0.5052403
0.5283379
0.4887676
0.4693424
0.4771825
0.4597701
0.5277577
0.5109870
0.5080513
0.5120094
0.4770220
0.4993559
0.5207330
0.4911117
0.5297051
0.5302674
0.4726207
0.5045433
0.4844672
0.5049786
0.5304900
0.5193136
0.5068878
0.5465205
0.5393720
0.4785242
0.5013642
0.5046299
0.4965568
0.4735977
0.4991946
0.5209872
0.5129858
0.5031420
0.5266952
0.4969698
0.5106620
0.5041074
0.4840654
0.5074264
0.5052403
0.5283379
0.4887676
0.4693424
0.4771825
0.4597701
0.5277577
0.5109870
0.5080513
0.5120094
0.4770220
0.4993559
0.5207330
0.4911117
0.5297051
0.5302674
0.4726207
0.5045433
0.4844672
0.5049786
0.5304900
0.5193136
0.5068878
0.5465205
0.5393720
0.4785242
0.5013642
0.5046299
0.4965568
0.4735977
0.4991946
0.5209872
0.5129858
0.5031420
0.5266952
0.4969698
0.5106620
0.5041074
0.4840654
0.5074264
0.5052403
0.5283379
0.4887676
0.4693424
0.4771825
0.4597701
0.5277577
0.5109870
0.5080513
0.5120094
0.4770220
0.4993559
0.5207330
0.4911117
0.5297051
0.5302674
0.4726207
0.5045433
0.4844672
0.5049786
0.5304900
0.5193136
0.5068878
0.5465205
0.5393720
0.4785242
0.5013642
0.5046299
0.4965568
0.4735977
0.4991946
0.5209872
0.5129858
0.5031420
0.5266952
0.4969698
0.5106620
0.5041074
0.4840654
0.5074264
0.5052403
0.5283379
0.4887676
0.4693424
0.4771825
0.4597701
0.5277577
0.5109870
0.5080513
0.5120094
0.4770220
0.4993559
0.5207330
0.4911117
0.5297051
0.5302674
0.4726207
0.5045433
0.4844672
0.5049786
0.5304900
0.5193136
0.5068878
0.5465205
0.5393720
0.4785242
0.5013642
0.5046299
0.4965568
0.4735977
0.4991946
0.5209872
0.5129858
0.5031420
0.5266952
0.4969698
0.5106620
0.5041074
0.4840654
0.5074264
0.5052403
0.5283379
0.4887676
0.4693424
0.4771825
0.4597701
0.5277577
0.5109870
0.5080513
0.5120094
0.4770220
0.4993559
0.5207330
0.4911117
0.5297051
0.5302674
0.4726207
0.5045433
0.4844672
0.5049786
0.5304900
0.5193136
0.5068878
0.5465205
0.5393720
0.4785242
0.5013642
0.5046299
0.4965568
0.4735977
0.4991946
0.5209872
0.5129858
0.5031420
0.5266952
0.4969698
0.5106620
0.5041074
0.4840654
0.5074264
0.5052403
0.5283379
0.4887676
0.4693424
0.4771825
0.4597701
0.5277577
0.5109870
0.5080513
0.5120094
0.4770220
0.4993559
0.5207330
0.4911117
0.5297051
0.5302674
0.4726207
0.5045433
0.4844672
0.5049786
0.5304900
0.5193136
0.5068878
0.5465205
0.5393720
0.4785242
0.5013642
0.5046299
0.4965568
0.4735977
0.4991946
0.5209872
0.5129858
0.5031420
0.5266952
0.4969698
0.5106620
0.5041074
0.4840654
0.5074264
0.5052403
0.5283379
0.4887676
0.4693424
0.4771825
0.4597701
0.5277577
0.5109870
0.5080513
0.5120094
0.4770220
0.4993559
0.5207330
0.4911117
0.5297051
0.5302674
0.4726207
0.5045433
0.4844672
0.5049786
0.5304900
0.5193136
0.5068878
0.5465205
0.5393720
0.4785242
0.5013642
0.5046299
0.4965568
0.4735977
0.4991946
0.5209872
0.5129858
0.5031420
0.5266952
0.4969698
0.5106620
0.5041074
0.4840654
0.5074264
0.5052403
0.5283379
0.4887676
0.4693424
0.4771825
0.4597701
0.5277577
0.5109870
0.5080513
0.5120094
0.4770220
0.4993559
0.5207330
0.4911117
0.5297051
0.5302674
0.4726207
0.5045433
0.4844672
0.5049786
0.5304900
0.5193136
0.5068878
0.5465205
0.5393720
0.4785242
0.5013642
0.5046299
0.4965568
0.4735977
0.4991946
0.5209872
0.5129858
0.5031420
0.5266952
0.4969698
0.5106620
0.5041074
0.4840654
0.5074264
0.5052403
0.5283379
0.4887676
0.4693424
0.4771825
0.4597701
0.5277577
0.5109870
0.5080513
0.5120094
0.4770220
0.4993559
0.5207330
0.4911117
0.5297051
0.5302674
0.4726207
0.5045433
0.4844672
0.5049786
0.5304900
0.5193136
0.5068878
0.5465205
0.5393720
0.4785242
0.5013642
0.5046299
0.4965568
0.4735977
0.4991946
0.5209872
0.5129858
0.5031420
0.5266952
0.4969698
0.5106620
0.5041074
0.4840654
0.5074264
0.5052403
0.5283379
0.4887676
0.4693424
0.4771825
0.4597701
0.5277577
0.5109870
0.5080513
0.5120094
0.4770220
0.4993559
0.5207330
0.4911117
0.5297051
0.5302674
0.4726207
0.5045433
0.4844672
0.5049786
0.5304900
0.5193136
0.5068878
0.5465205
0.5393720
0.4785242
0.5013642
0.5046299
0.4965568
0.4735977
0.4991946
0.5209872
0.5129858
0.5031420
0.5266952
0.4969698
0.5106620
0.5041074
0.4840654
0.5074264
0.5052403
0.5283379
0.4887676
0.4693424
0.4771825
0.4597701
0.5277577
0.5109870
0.5080513
0.5120094
0.4770220
0.4993559
0.5207330
0.4911117
0.5297051
0.5302674
0.4726207
0.5045433
0.4844672
0.5049786
0.5304900
0.5193136
0.5068878
0.5465205
0.5393720
0.4785242
0.5013642
0.5046299
0.4965568
0.4735977
0.4991946
0.5209872
0.5129858
0.5031420
0.5266952
0.4969698
0.5106620
0.5041074
0.4840654
0.5074264
0.5052403
0.5283379
0.4887676
0.4693424
0.4771825
0.4597701
0.5277577
0.5109870
0.5080513
0.5120094
0.4770220
0.4993559
0.5207330
0.4911117
0.5297051
0.5302674
0.4726207
0.5045433
0.4844672
0.5049786
0.5304900
0.5193136
0.5068878
0.5465205
0.5393720
0.4785242
0.5013642
0.5046299
0.4965568
0.4735977
0.4991946
0.5209872
0.5129858
0.5031420
0.5266952
0.4969698
0.5106620
0.5041074
0.4840654
0.5074264
0.5052403
0.5283379
0.4887676
0.4693424
0.4771825
0.4597701
0.5277577
0.5109870
0.5080513
0.5120094
0.4770220
0.4993559
0.5207330
0.4911117
0.5297051
0.5302674
0.4726207
0.5045433
0.4844672
0.5049786
0.5304900
0.5193136
0.5068878
0.5465205
0.5393720
0.4785242
0.5013642
0.5046299
0.4965568
0.4735977
0.4991946
0.5209872
0.5129858
0.5031420
0.5266952
0.4969698
0.5106620
0.5041074
0.4840654
0.5074264
0.5052403
0.5283379
0.4887676
0.4693424
0.4771825
0.4597701
0.5277577
0.5109870
0.5080513
0.5120094
0.4770220
0.4993559
0.5207330
0.4911117
0.5297051
0.5302674
0.4726207
0.5045433
0.4844672
0.5049786
0.5304900
0.5193136
0.5068878
0.5465205
0.5393720
0.4785242
0.5013642
0.5046299
0.4965568
0.4735977
0.4991946
0.5209872
0.5129858
0.5031420
0.5266952
0.4969698
0.5106620
0.5041074
0.4840654
0.5074264
0.5052403
0.5283379
0.4887676
0.4693424
0.4771825
0.4597701
0.5277577
0.5109870
0.5080513
0.5120094
0.4770220
0.4993559
0.5207330
0.4911117
0.5297051
0.5302674
0.4726207
0.5045433
0.4844672
0.5049786
0.5304900
0.5193136
0.5068878
0.5465205
0.5393720
0.4785242
0.5013642
0.5046299
0.4965568
0.4735977
0.4991946
0.5209872
0.5129858
0.5031420
0.5266952
0.4969698
0.5106620
0.5041074
0.4840654
0.5074264
0.5052403
0.5283379
0.4887676
0.4693424
0.4771825
0.4597701
0.5277577
0.5109870
0.5080513
0.5120094
0.4770220
0.4993559
0.5207330
0.4911117
0.5297051
0.5302674
0.4726207
0.5045433
0.4844672
0.5049786
0.5304900
0.5193136
0.5068878
0.5465205
0.5393720
0.4785242
0.5013642
0.5046299
0.4965568
0.4735977
0.4991946
0.5209872
0.5129858
0.5031420
0.5266952
0.4969698
0.5106620
0.5041074
0.4840654
0.5074264
0.5052403
0.5283379
0.4887676
0.4693424
0.4771825
0.4597701
0.5277577
0.5109870
0.5080513
0.5120094
0.4770220
0.4993559
0.5207330
0.4911117
0.5297051
0.5302674
0.4726207
0.5045433
0.4844672
0.5049786
0.5304900
0.5193136
0.5068878
0.5465205
0.5393720
0.4785242
0.5013642
0.5046299
0.4965568
0.4735977
0.4991946
0.5209872
0.5129858
0.5031420
0.5266952
0.4969698
0.5106620
0.5041074
0.4840654
0.5074264
0.5052403
0.5283379
0.4887676
0.4693424
0.4771825
0.4597701
0.5277577
0.5109870
0.5080513
0.5120094
0.4770220
0.4993559
0.5207330
0.4911117
0.5297051
0.5302674
0.4726207
0.5045433
0.4844672
0.5049786
0.5304900
0.5193136
0.5068878
0.5465205
0.5393720
0.4785242
0.5013642
0.5046299
0.4965568
0.4735977
0.4991946
0.5209872
0.5129858
0.5031420
0.5266952
0.4969698
0.5106620
0.5041074
0.4840654
0.5074264
0.5052403
0.5283379
0.4887676
0.4693424
0.4771825
0.4597701
0.5277577
0.5109870
0.5080513
0.5120094
0.4770220
0.4993559
0.5207330
0.4911117
0.5297051
0.5302674
0.4726207
0.5045433
0.4844672
0.5049786
0.5304900
0.5193136
0.5068878
0.5465205
0.5393720
0.4785242
0.5013642
0.5046299
0.4965568
0.4735977
0.4991946
0.5209872
0.5129858
0.5031420
0.5266952
0.4969698
0.5106620
0.5041074
0.4840654
0.5074264
0.5052403
0.5283379
0.4887676
0.4693424
0.4771825
0.4597701
0.5277577
0.5109870
0.5080513
0.5120094
0.4770220
0.4993559
0.5207330
0.4911117
0.5297051
0.5302674
0.4726207
0.5045433
0.4844672
0.5049786
0.5304900
0.5193136
0.5068878
0.5465205
0.5393720
0.4785242
0.5013642
0.5046299
0.4965568
0.4735977
0.4991946
0.5209872
0.5129858
0.5031420
0.5266952
0.4969698
0.5106620
0.5041074
0.4840654
0.5074264
0.5052403
0.5283379
0.4887676
0.4693424
0.4771825
0.4597701
0.5277577
0.5109870
0.5080513
0.5120094
0.4770220
0.4993559
0.5207330
0.4911117
0.5297051
0.5302674
0.4726207
0.5045433
0.4844672
0.5049786
0.5304900
0.5193136
0.5068878
0.5465205
0.5393720
0.4785242
0.5013642
0.5046299
0.4965568
0.4735977
0.4991946
0.5209872
0.5129858
0.5031420
0.5266952
0.4969698
0.5106620
0.5041074
0.4840654
0.5074264
0.5052403
0.5283379
0.4887676
0.4693424
0.4771825
0.4597701
0.5277577
0.5109870
0.5080513
0.5120094
0.4770220
0.4993559
0.5207330
0.4911117
0.5297051
0.5302674
0.4726207
0.5045433
0.4844672
0.5049786
0.5304900
0.5193136
0.5068878
0.5465205
0.5393720
0.4785242
0.5013642
0.5046299
0.4965568
0.4735977
0.4991946
0.5209872
0.5129858
0.5031420
0.5266952
0.4969698
0.5106620
0.5041074
0.4840654
0.5074264
0.5052403
0.5283379
0.4887676
0.4693424
0.4771825
0.4597701
0.5277577
0.5109870
0.5080513
0.5120094
0.4770220
0.4993559
0.5207330
0.4911117
0.5297051
0.5302674
0.4726207
0.5045433
0.4844672
0.5049786
0.5304900
0.5193136
0.5068878
0.5465205
0.5393720
0.4785242
0.5013642
0.5046299
0.4965568
0.4735977
0.4991946
0.5209872
0.5129858
0.5031420
0.5266952
0.4969698
0.5106620
0.5041074
0.4840654
0.5074264
0.5052403
0.5283379
0.4887676
0.4693424
0.4771825
0.4597701
0.5277577
0.5109870
0.5080513
0.5120094
0.4770220
0.4993559
0.5207330
0.4911117
0.5297051
0.5302674
0.4726207
0.5045433
0.4844672
0.5049786
0.5304900
0.5193136
0.5068878
0.5465205
0.5393720
0.4785242
0.5013642
0.5046299
0.4965568
0.4735977
0.4991946
0.5209872
0.5129858
0.5031420
0.5266952
0.4969698
0.5106620
0.5041074
0.4840654
0.5074264
0.5052403
0.5283379
0.4887676
0.4693424
0.4771825
0.4597701
0.5277577
0.5109870
0.5080513
0.5120094
0.4770220
0.4993559
0.5207330
0.4911117
0.5297051
0.5302674
0.4726207
0.5045433
0.4844672
0.5049786
0.5304900
0.5193136
0.5068878
0.5465205
0.5393720
0.4785242
0.5013642
0.5046299
0.4965568
0.4735977
0.4991946
0.5209872
0.5129858
0.5031420
0.5266952
0.4969698
0.5106620
0.5041074
0.4840654
0.5074264
0.5052403
0.5283379
0.4887676
0.4693424
0.4771825
0.4597701
0.5277577
0.5109870
0.5080513
0.5120094
0.4770220
0.4993559
0.5207330
0.4911117
0.5297051
0.5302674
0.4726207
0.5045433
0.4844672
0.5049786
0.5304900
0.5193136
0.5068878
0.5465205
0.5393720
0.4785242
0.5013642
0.5046299
0.4965568
0.4735977
0.4991946
0.5209872
0.5129858
0.5031420
0.5266952
0.4969698
0.5106620
0.5041074
0.4840654
0.5074264
0.5052403
0.5283379
0.4887676
0.4693424
0.4771825
0.4597701
0.5277577
0.5109870
0.5080513
0.5120094
0.4770220
0.4993559
0.5207330
0.4911117
0.5297051
0.5302674
0.4726207
0.5045433
0.4844672
0.5049786
0.5304900
0.5193136
0.5068878
0.5465205
0.5393720
0.4785242
0.5013642
0.5046299
0.4965568
0.4735977
0.4991946
0.5209872
0.5129858
0.5031420
0.5266952
0.4969698
0.5106620
0.5041074
0.4840654
0.5074264
0.5052403
0.5283379
0.4887676
0.4693424
0.4771825
0.4597701
0.5277577
0.5109870
0.5080513
0.5120094
0.4770220
0.4993559
0.5207330
0.4911117
0.5297051
0.5302674
0.4726207
0.5045433
0.4844672
0.5049786
0.5304900
0.5193136
0.5068878
0.5465205
0.5393720
0.4785242
0.5013642
0.5046299
0.4965568
0.4735977
0.4991946
0.5209872
0.5129858
0.5031420
0.5266952
0.4969698
0.5106620
0.5041074
0.4840654
0.5074264
0.5052403
0.5283379
0.4887676
0.4693424
0.4771825
0.4597701
0.5277577
0.5109870
0.5080513
0.5120094
0.4770220
0.4993559
0.5207330
0.4911117
0.5297051
0.5302674
0.4726207
0.5045433
0.4844672
0.5049786
0.5304900
0.5193136
0.5068878
0.5465205
0.5393720
0.4785242
0.5013642
0.5046299
0.4965568
0.4735977
0.4991946
0.5209872
0.5129858
0.5031420
0.5266952
0.4969698
0.5106620
0.5041074
0.4840654
0.5074264
0.5052403
0.5283379
0.4887676
0.4693424
0.4771825
0.4597701
0.5277577
0.5109870
0.5080513
0.5120094
0.4770220
0.4993559
0.5207330
0.4911117
0.5297051
0.5302674
0.4726207
0.5045433
0.4844672
0.5049786
0.5304900
0.5193136
0.5068878
0.5465205
0.5393720
0.4785242
0.5013642
0.5046299
0.4965568
0.4735977
0.4991946
0.5209872
0.5129858
0.5031420
0.5266952
0.4969698
0.5106620
0.5041074
0.4840654
0.5074264
0.5052403
0.5283379
0.4887676
0.4693424
0.4771825
0.4597701
0.5277577
0.5109870
0.5080513
0.5120094
0.4770220
0.4993559
0.5207330
0.4911117
0.5297051
0.5302674
0.4726207
0.5045433
0.4844672
0.5049786
0.5304900
0.5193136
0.5068878
0.5465205
0.5393720
0.4785242
0.5013642
0.5046299
0.4965568
0.4735977
0.4991946
0.5209872
0.5129858
0.5031420
0.5266952
0.4969698
0.5106620
0.5041074
0.4840654
0.5074264
0.5052403
0.5283379
0.4887676
0.4693424
0.4771825
0.4597701
0.5277577
0.5109870
0.5080513
0.5120094
0.4770220
0.4993559
0.5207330
0.4911117
0.5297051
0.5302674
0.4726207
0.5045433
0.4844672
0.5049786
0.5304900
0.5193136
0.5068878
0.5465205
0.5393720
0.4785242
0.5013642
0.5046299
0.4965568
0.4735977
0.4991946
0.5209872
0.5129858
0.5031420
0.5266952
0.4969698
0.5106620
0.5041074
0.4840654
0.5074264
0.5052403
0.5283379
0.4887676
0.4693424
0.4771825
0.4597701
0.5277577
0.5109870
0.5080513
0.5120094
0.4770220
0.4993559
0.5207330
0.4911117
0.5297051
0.5302674
0.4726207
0.5045433
0.4844672
0.5049786
0.5304900
0.5193136
0.5068878
0.5465205
0.5393720
0.4785242
0.5013642
0.5046299
0.4965568
0.4735977
0.4991946
0.5209872
0.5129858
0.5031420
0.5266952
0.4969698
0.5106620
0.5041074
0.4840654
0.5074264
0.5052403
0.5283379
0.4887676
0.4693424
0.4771825
0.4597701
0.5277577
0.5109870
0.5080513
0.5120094
0.4770220
0.4993559
0.5207330
0.4911117
0.5297051
0.5302674
0.4726207
0.5045433
0.4844672
0.5049786
0.5304900
0.5193136
0.5068878
0.5465205
0.5393720
0.4785242
0.5013642
0.5046299
0.4965568
0.4735977
0.4991946
