0.4782315
0.5030905
0.4933514
0.4870805
0.4797978
0.4863805
0.4879444
0.4999505
0.4787903
0.4758121
0.4856891
0.4932245
0.5278509
0.4718675
0.4838279
0.4880955
0.4862340
0.5076959
0.5397447
0.5040387
0.4914088
0.5082369
0.4687488
0.4928870
0.4754052
0.4962229
0.4976260
0.4984415
0.5320652
0.5455372
0.4870371
0.4990079
0.5203161
0.4771436
0.5228720
0.4934116
0.5011636
0.4520047
0.5329011
0.4462583
0.4782315
0.5030905
0.4933514
0.4870805
0.4797978
0.4863805
0.4879444
0.4999505
0.4787903
0.4758121
0.4856891
0.4932245
0.5278509
0.4718675
0.4838279
0.4880955
0.4862340
0.5076959
0.5397447
0.5040387
0.4914088
0.5082369
0.4687488
0.4928870
0.4754052
0.4962229
0.4976260
0.4984415
0.5320652
0.5455372
0.4870371
0.4990079
0.5203161
0.4771436
0.5228720
0.4934116
0.5011636
0.4520047
0.5329011
0.4462583
0.4782315
0.5030905
0.4933514
0.4870805
0.4797978
0.4863805
0.4879444
0.4999505
0.4787903
0.4758121
0.4856891
0.4932245
0.5278509
0.4718675
0.4838279
0.4880955
0.4862340
0.5076959
0.5397447
0.5040387
0.4914088
0.5082369
0.4687488
0.4928870
0.4754052
0.4962229
0.4976260
0.4984415
0.5320652
0.5455372
0.4870371
0.4990079
0.5203161
0.4771436
0.5228720
0.4934116
0.5011636
0.4520047
0.5329011
0.4462583
0.4782315
0.5030905
0.4933514
0.4870805
0.4797978
0.4863805
0.4879444
0.4999505
0.4787903
0.4758121
0.4856891
0.4932245
0.5278509
0.4718675
0.4838279
0.4880955
0.4862340
0.5076959
0.5397447
0.5040387
0.4914088
0.5082369
0.4687488
0.4928870
0.4754052
0.4962229
0.4976260
0.4984415
0.5320652
0.5455372
0.4870371
0.4990079
0.5203161
0.4771436
0.5228720
0.4934116
0.5011636
0.4520047
0.5329011
0.4462583
0.4782315
0.5030905
0.4933514
0.4870805
0.4797978
0.4863805
0.4879444
0.4999505
0.4787903
0.4758121
0.4856891
0.4932245
0.5278509
0.4718675
0.4838279
0.4880955
0.4862340
0.5076959
0.5397447
0.5040387
0.4914088
0.5082369
0.4687488
0.4928870
0.4754052
0.4962229
0.4976260
0.4984415
0.5320652
0.5455372
0.4870371
0.4990079
0.5203161
0.4771436
0.5228720
0.4934116
0.5011636
0.4520047
0.5329011
0.4462583
0.4782315
0.5030905
0.4933514
0.4870805
0.4797978
0.4863805
0.4879444
0.4999505
0.4787903
0.4758121
0.4856891
0.4932245
0.5278509
0.4718675
0.4838279
0.4880955
0.4862340
0.5076959
0.5397447
0.5040387
0.4914088
0.5082369
0.4687488
0.4928870
0.4754052
0.4962229
0.4976260
0.4984415
0.5320652
0.5455372
0.4870371
0.4990079
0.5203161
0.4771436
0.5228720
0.4934116
0.5011636
0.4520047
0.5329011
0.4462583
0.4782315
0.5030905
0.4933514
0.4870805
0.4797978
0.4863805
0.4879444
0.4999505
0.4787903
0.4758121
0.4856891
0.4932245
0.5278509
0.4718675
0.4838279
0.4880955
0.4862340
0.5076959
0.5397447
0.5040387
0.4914088
0.5082369
0.4687488
0.4928870
0.4754052
0.4962229
0.4976260
0.4984415
0.5320652
0.5455372
0.4870371
0.4990079
0.5203161
0.4771436
0.5228720
0.4934116
0.5011636
0.4520047
0.5329011
0.4462583
0.4782315
0.5030905
0.4933514
0.4870805
0.4797978
0.4863805
0.4879444
0.4999505
0.4787903
0.4758121
0.4856891
0.4932245
0.5278509
0.4718675
0.4838279
0.4880955
0.4862340
0.5076959
0.5397447
0.5040387
0.4914088
0.5082369
0.4687488
0.4928870
0.4754052
0.4962229
0.4976260
0.4984415
0.5320652
0.5455372
0.4870371
0.4990079
0.5203161
0.4771436
0.5228720
0.4934116
0.5011636
0.4520047
0.5329011
0.4462583
0.4782315
0.5030905
0.4933514
0.4870805
0.4797978
0.4863805
0.4879444
0.4999505
0.4787903
0.4758121
0.4856891
0.4932245
0.5278509
0.4718675
0.4838279
0.4880955
0.4862340
0.5076959
0.5397447
0.5040387
0.4914088
0.5082369
0.4687488
0.4928870
0.4754052
0.4962229
0.4976260
0.4984415
0.5320652
0.5455372
0.4870371
0.4990079
0.5203161
0.4771436
0.5228720
0.4934116
0.5011636
0.4520047
0.5329011
0.4462583
0.4782315
0.5030905
0.4933514
0.4870805
0.4797978
0.4863805
0.4879444
0.4999505
0.4787903
0.4758121
0.4856891
0.4932245
0.5278509
0.4718675
0.4838279
0.4880955
0.4862340
0.5076959
0.5397447
0.5040387
0.4914088
0.5082369
0.4687488
0.4928870
0.4754052
0.4962229
0.4976260
0.4984415
0.5320652
0.5455372
0.4870371
0.4990079
0.5203161
0.4771436
0.5228720
0.4934116
0.5011636
0.4520047
0.5329011
0.4462583
0.4782315
0.5030905
0.4933514
0.4870805
0.4797978
0.4863805
0.4879444
0.4999505
0.4787903
0.4758121
0.4856891
0.4932245
0.5278509
0.4718675
0.4838279
0.4880955
0.4862340
0.5076959
0.5397447
0.5040387
0.4914088
0.5082369
0.4687488
0.4928870
0.4754052
0.4962229
0.4976260
0.4984415
0.5320652
0.5455372
0.4870371
0.4990079
0.5203161
0.4771436
0.5228720
0.4934116
0.5011636
0.4520047
0.5329011
0.4462583
0.4782315
0.5030905
0.4933514
0.4870805
0.4797978
0.4863805
0.4879444
0.4999505
0.4787903
0.4758121
0.4856891
0.4932245
0.5278509
0.4718675
0.4838279
0.4880955
0.4862340
0.5076959
0.5397447
0.5040387
0.4914088
0.5082369
0.4687488
0.4928870
0.4754052
0.4962229
0.4976260
0.4984415
0.5320652
0.5455372
0.4870371
0.4990079
0.5203161
0.4771436
0.5228720
0.4934116
0.5011636
0.4520047
0.5329011
0.4462583
0.4782315
0.5030905
0.4933514
0.4870805
0.4797978
0.4863805
0.4879444
0.4999505
0.4787903
0.4758121
0.4856891
0.4932245
0.5278509
0.4718675
0.4838279
0.4880955
0.4862340
0.5076959
0.5397447
0.5040387
0.4914088
0.5082369
0.4687488
0.4928870
0.4754052
0.4962229
0.4976260
0.4984415
0.5320652
0.5455372
0.4870371
0.4990079
0.5203161
0.4771436
0.5228720
0.4934116
0.5011636
0.4520047
0.5329011
0.4462583
0.4782315
0.5030905
0.4933514
0.4870805
0.4797978
0.4863805
0.4879444
0.4999505
0.4787903
0.4758121
0.4856891
0.4932245
0.5278509
0.4718675
0.4838279
0.4880955
0.4862340
0.5076959
0.5397447
0.5040387
0.4914088
0.5082369
0.4687488
0.4928870
0.4754052
0.4962229
0.4976260
0.4984415
0.5320652
0.5455372
0.4870371
0.4990079
0.5203161
0.4771436
0.5228720
0.4934116
0.5011636
0.4520047
0.5329011
0.4462583
0.4782315
0.5030905
0.4933514
0.4870805
0.4797978
0.4863805
0.4879444
0.4999505
0.4787903
0.4758121
0.4856891
0.4932245
0.5278509
0.4718675
0.4838279
0.4880955
0.4862340
0.5076959
0.5397447
0.5040387
0.4914088
0.5082369
0.4687488
0.4928870
0.4754052
0.4962229
0.4976260
0.4984415
0.5320652
0.5455372
0.4870371
0.4990079
0.5203161
0.4771436
0.5228720
0.4934116
0.5011636
0.4520047
0.5329011
0.4462583
0.4782315
0.5030905
0.4933514
0.4870805
0.4797978
0.4863805
0.4879444
0.4999505
0.4787903
0.4758121
0.4856891
0.4932245
0.5278509
0.4718675
0.4838279
0.4880955
0.4862340
0.5076959
0.5397447
0.5040387
0.4914088
0.5082369
0.4687488
0.4928870
0.4754052
0.4962229
0.4976260
0.4984415
0.5320652
0.5455372
0.4870371
0.4990079
0.5203161
0.4771436
0.5228720
0.4934116
0.5011636
0.4520047
0.5329011
0.4462583
0.4782315
0.5030905
0.4933514
0.4870805
0.4797978
0.4863805
0.4879444
0.4999505
0.4787903
0.4758121
0.4856891
0.4932245
0.5278509
0.4718675
0.4838279
0.4880955
0.4862340
0.5076959
0.5397447
0.5040387
0.4914088
0.5082369
0.4687488
0.4928870
0.4754052
0.4962229
0.4976260
0.4984415
0.5320652
0.5455372
0.4870371
0.4990079
0.5203161
0.4771436
0.5228720
0.4934116
0.5011636
0.4520047
0.5329011
0.4462583
0.4782315
0.5030905
0.4933514
0.4870805
0.4797978
0.4863805
0.4879444
0.4999505
0.4787903
0.4758121
0.4856891
0.4932245
0.5278509
0.4718675
0.4838279
0.4880955
0.4862340
0.5076959
0.5397447
0.5040387
0.4914088
0.5082369
0.4687488
0.4928870
0.4754052
0.4962229
0.4976260
0.4984415
0.5320652
0.5455372
0.4870371
0.4990079
0.5203161
0.4771436
0.5228720
0.4934116
0.5011636
0.4520047
0.5329011
0.4462583
0.4782315
0.5030905
0.4933514
0.4870805
0.4797978
0.4863805
0.4879444
0.4999505
0.4787903
0.4758121
0.4856891
0.4932245
0.5278509
0.4718675
0.4838279
0.4880955
0.4862340
0.5076959
0.5397447
0.5040387
0.4914088
0.5082369
0.4687488
0.4928870
0.4754052
0.4962229
0.4976260
0.4984415
0.5320652
0.5455372
0.4870371
0.4990079
0.5203161
0.4771436
0.5228720
0.4934116
0.5011636
0.4520047
0.5329011
0.4462583
0.4782315
0.5030905
0.4933514
0.4870805
0.4797978
0.4863805
0.4879444
0.4999505
0.4787903
0.4758121
0.4856891
0.4932245
0.5278509
0.4718675
0.4838279
0.4880955
0.4862340
0.5076959
0.5397447
0.5040387
0.4914088
0.5082369
0.4687488
0.4928870
0.4754052
0.4962229
0.4976260
0.4984415
0.5320652
0.5455372
0.4870371
0.4990079
0.5203161
0.4771436
0.5228720
0.4934116
0.5011636
0.4520047
0.5329011
0.4462583
0.4782315
0.5030905
0.4933514
0.4870805
0.4797978
0.4863805
0.4879444
0.4999505
0.4787903
0.4758121
0.4856891
0.4932245
0.5278509
0.4718675
0.4838279
0.4880955
0.4862340
0.5076959
0.5397447
0.5040387
0.4914088
0.5082369
0.4687488
0.4928870
0.4754052
0.4962229
0.4976260
0.4984415
0.5320652
0.5455372
0.4870371
0.4990079
0.5203161
0.4771436
0.5228720
0.4934116
0.5011636
0.4520047
0.5329011
0.4462583
0.4782315
0.5030905
0.4933514
0.4870805
0.4797978
0.4863805
0.4879444
0.4999505
0.4787903
0.4758121
0.4856891
0.4932245
0.5278509
0.4718675
0.4838279
0.4880955
0.4862340
0.5076959
0.5397447
0.5040387
0.4914088
0.5082369
0.4687488
0.4928870
0.4754052
0.4962229
0.4976260
0.4984415
0.5320652
0.5455372
0.4870371
0.4990079
0.5203161
0.4771436
0.5228720
0.4934116
0.5011636
0.4520047
0.5329011
0.4462583
0.4782315
0.5030905
0.4933514
0.4870805
0.4797978
0.4863805
0.4879444
0.4999505
0.4787903
0.4758121
0.4856891
0.4932245
0.5278509
0.4718675
0.4838279
0.4880955
0.4862340
0.5076959
0.5397447
0.5040387
0.4914088
0.5082369
0.4687488
0.4928870
0.4754052
0.4962229
0.4976260
0.4984415
0.5320652
0.5455372
0.4870371
0.4990079
0.5203161
0.4771436
0.5228720
0.4934116
0.5011636
0.4520047
0.5329011
0.4462583
0.4782315
0.5030905
0.4933514
0.4870805
0.4797978
0.4863805
0.4879444
0.4999505
0.4787903
0.4758121
0.4856891
0.4932245
0.5278509
0.4718675
0.4838279
0.4880955
0.4862340
0.5076959
0.5397447
0.5040387
0.4914088
0.5082369
0.4687488
0.4928870
0.4754052
0.4962229
0.4976260
0.4984415
0.5320652
0.5455372
0.4870371
0.4990079
0.5203161
0.4771436
0.5228720
0.4934116
0.5011636
0.4520047
0.5329011
0.4462583
0.4782315
0.5030905
0.4933514
0.4870805
0.4797978
0.4863805
0.4879444
0.4999505
0.4787903
0.4758121
0.4856891
0.4932245
0.5278509
0.4718675
0.4838279
0.4880955
0.4862340
0.5076959
0.5397447
0.5040387
0.4914088
0.5082369
0.4687488
0.4928870
0.4754052
0.4962229
0.4976260
0.4984415
0.5320652
0.5455372
0.4870371
0.4990079
0.5203161
0.4771436
0.5228720
0.4934116
0.5011636
0.4520047
0.5329011
0.4462583
0.4782315
0.5030905
0.4933514
0.4870805
0.4797978
0.4863805
0.4879444
0.4999505
0.4787903
0.4758121
0.4856891
0.4932245
0.5278509
0.4718675
0.4838279
0.4880955
0.4862340
0.5076959
0.5397447
0.5040387
0.4914088
0.5082369
0.4687488
0.4928870
0.4754052
0.4962229
0.4976260
0.4984415
0.5320652
0.5455372
0.4870371
0.4990079
0.5203161
0.4771436
0.5228720
0.4934116
0.5011636
0.4520047
0.5329011
0.4462583
0.4782315
0.5030905
0.4933514
0.4870805
0.4797978
0.4863805
0.4879444
0.4999505
0.4787903
0.4758121
0.4856891
0.4932245
0.5278509
0.4718675
0.4838279
0.4880955
0.4862340
0.5076959
0.5397447
0.5040387
0.4914088
0.5082369
0.4687488
0.4928870
0.4754052
0.4962229
0.4976260
0.4984415
0.5320652
0.5455372
0.4870371
0.4990079
0.5203161
0.4771436
0.5228720
0.4934116
0.5011636
0.4520047
0.5329011
0.4462583
0.4782315
0.5030905
0.4933514
0.4870805
0.4797978
0.4863805
0.4879444
0.4999505
0.4787903
0.4758121
0.4856891
0.4932245
0.5278509
0.4718675
0.4838279
0.4880955
0.4862340
0.5076959
0.5397447
0.5040387
0.4914088
0.5082369
0.4687488
0.4928870
0.4754052
0.4962229
0.4976260
0.4984415
0.5320652
0.5455372
0.4870371
0.4990079
0.5203161
0.4771436
0.5228720
0.4934116
0.5011636
0.4520047
0.5329011
0.4462583
0.4782315
0.5030905
0.4933514
0.4870805
0.4797978
0.4863805
0.4879444
0.4999505
0.4787903
0.4758121
0.4856891
0.4932245
0.5278509
0.4718675
0.4838279
0.4880955
0.4862340
0.5076959
0.5397447
0.5040387
0.4914088
0.5082369
0.4687488
0.4928870
0.4754052
0.4962229
0.4976260
0.4984415
0.5320652
0.5455372
0.4870371
0.4990079
0.5203161
0.4771436
0.5228720
0.4934116
0.5011636
0.4520047
0.5329011
0.4462583
0.4782315
0.5030905
0.4933514
0.4870805
0.4797978
0.4863805
0.4879444
0.4999505
0.4787903
0.4758121
0.4856891
0.4932245
0.5278509
0.4718675
0.4838279
0.4880955
0.4862340
0.5076959
0.5397447
0.5040387
0.4914088
0.5082369
0.4687488
0.4928870
0.4754052
0.4962229
0.4976260
0.4984415
0.5320652
0.5455372
0.4870371
0.4990079
0.5203161
0.4771436
0.5228720
0.4934116
0.5011636
0.4520047
0.5329011
0.4462583
0.4782315
0.5030905
0.4933514
0.4870805
0.4797978
0.4863805
0.4879444
0.4999505
0.4787903
0.4758121
0.4856891
0.4932245
0.5278509
0.4718675
0.4838279
0.4880955
0.4862340
0.5076959
0.5397447
0.5040387
0.4914088
0.5082369
0.4687488
0.4928870
0.4754052
0.4962229
0.4976260
0.4984415
0.5320652
0.5455372
0.4870371
0.4990079
0.5203161
0.4771436
0.5228720
0.4934116
0.5011636
0.4520047
0.5329011
0.4462583
0.4782315
0.5030905
0.4933514
0.4870805
0.4797978
0.4863805
0.4879444
0.4999505
0.4787903
0.4758121
0.4856891
0.4932245
0.5278509
0.4718675
0.4838279
0.4880955
0.4862340
0.5076959
0.5397447
0.5040387
0.4914088
0.5082369
0.4687488
0.4928870
0.4754052
0.4962229
0.4976260
0.4984415
0.5320652
0.5455372
0.4870371
0.4990079
0.5203161
0.4771436
0.5228720
0.4934116
0.5011636
0.4520047
0.5329011
0.4462583
0.4782315
0.5030905
0.4933514
0.4870805
0.4797978
0.4863805
0.4879444
0.4999505
0.4787903
0.4758121
0.4856891
0.4932245
0.5278509
0.4718675
0.4838279
0.4880955
0.4862340
0.5076959
0.5397447
0.5040387
0.4914088
0.5082369
0.4687488
0.4928870
0.4754052
0.4962229
0.4976260
0.4984415
0.5320652
0.5455372
0.4870371
0.4990079
0.5203161
0.4771436
0.5228720
0.4934116
0.5011636
0.4520047
0.5329011
0.4462583
0.4782315
0.5030905
0.4933514
0.4870805
0.4797978
0.4863805
0.4879444
0.4999505
0.4787903
0.4758121
0.4856891
0.4932245
0.5278509
0.4718675
0.4838279
0.4880955
0.4862340
0.5076959
0.5397447
0.5040387
0.4914088
0.5082369
0.4687488
0.4928870
0.4754052
0.4962229
0.4976260
0.4984415
0.5320652
0.5455372
0.4870371
0.4990079
0.5203161
0.4771436
0.5228720
0.4934116
0.5011636
0.4520047
0.5329011
0.4462583
0.4782315
0.5030905
0.4933514
0.4870805
0.4797978
0.4863805
0.4879444
0.4999505
0.4787903
0.4758121
0.4856891
0.4932245
0.5278509
0.4718675
0.4838279
0.4880955
0.4862340
0.5076959
0.5397447
0.5040387
0.4914088
0.5082369
0.4687488
0.4928870
0.4754052
0.4962229
0.4976260
0.4984415
0.5320652
0.5455372
0.4870371
0.4990079
0.5203161
0.4771436
0.5228720
0.4934116
0.5011636
0.4520047
0.5329011
0.4462583
0.4782315
0.5030905
0.4933514
0.4870805
0.4797978
0.4863805
0.4879444
0.4999505
0.4787903
0.4758121
0.4856891
0.4932245
0.5278509
0.4718675
0.4838279
0.4880955
0.4862340
0.5076959
0.5397447
0.5040387
0.4914088
0.5082369
0.4687488
0.4928870
0.4754052
0.4962229
0.4976260
0.4984415
0.5320652
0.5455372
0.4870371
0.4990079
0.5203161
0.4771436
0.5228720
0.4934116
0.5011636
0.4520047
0.5329011
0.4462583
0.4782315
0.5030905
0.4933514
0.4870805
0.4797978
0.4863805
0.4879444
0.4999505
0.4787903
0.4758121
0.4856891
0.4932245
0.5278509
0.4718675
0.4838279
0.4880955
0.4862340
0.5076959
0.5397447
0.5040387
0.4914088
0.5082369
0.4687488
0.4928870
0.4754052
0.4962229
0.4976260
0.4984415
0.5320652
0.5455372
0.4870371
0.4990079
0.5203161
0.4771436
0.5228720
0.4934116
0.5011636
0.4520047
0.5329011
0.4462583
0.4782315
0.5030905
0.4933514
0.4870805
0.4797978
0.4863805
0.4879444
0.4999505
0.4787903
0.4758121
0.4856891
0.4932245
0.5278509
0.4718675
0.4838279
0.4880955
0.4862340
0.5076959
0.5397447
0.5040387
0.4914088
0.5082369
0.4687488
0.4928870
0.4754052
0.4962229
0.4976260
0.4984415
0.5320652
0.5455372
0.4870371
0.4990079
0.5203161
0.4771436
0.5228720
0.4934116
0.5011636
0.4520047
0.5329011
0.4462583
0.4782315
0.5030905
0.4933514
0.4870805
0.4797978
0.4863805
0.4879444
0.4999505
0.4787903
0.4758121
0.4856891
0.4932245
0.5278509
0.4718675
0.4838279
0.4880955
0.4862340
0.5076959
0.5397447
0.5040387
0.4914088
0.5082369
0.4687488
0.4928870
0.4754052
0.4962229
0.4976260
0.4984415
0.5320652
0.5455372
0.4870371
0.4990079
0.5203161
0.4771436
0.5228720
0.4934116
0.5011636
0.4520047
0.5329011
0.4462583
0.4782315
0.5030905
0.4933514
0.4870805
0.4797978
0.4863805
0.4879444
0.4999505
0.4787903
0.4758121
0.4856891
0.4932245
0.5278509
0.4718675
0.4838279
0.4880955
0.4862340
0.5076959
0.5397447
0.5040387
0.4914088
0.5082369
0.4687488
0.4928870
0.4754052
0.4962229
0.4976260
0.4984415
0.5320652
0.5455372
0.4870371
0.4990079
0.5203161
0.4771436
0.5228720
0.4934116
0.5011636
0.4520047
0.5329011
0.4462583
0.4782315
0.5030905
0.4933514
0.4870805
0.4797978
0.4863805
0.4879444
0.4999505
0.4787903
0.4758121
0.4856891
0.4932245
0.5278509
0.4718675
0.4838279
0.4880955
0.4862340
0.5076959
0.5397447
0.5040387
0.4914088
0.5082369
0.4687488
0.4928870
0.4754052
0.4962229
0.4976260
0.4984415
0.5320652
0.5455372
0.4870371
0.4990079
0.5203161
0.4771436
0.5228720
0.4934116
0.5011636
0.4520047
0.5329011
0.4462583
0.4782315
0.5030905
0.4933514
0.4870805
0.4797978
0.4863805
0.4879444
0.4999505
0.4787903
0.4758121
0.4856891
0.4932245
0.5278509
0.4718675
0.4838279
0.4880955
0.4862340
0.5076959
0.5397447
0.5040387
0.4914088
0.5082369
0.4687488
0.4928870
0.4754052
0.4962229
0.4976260
0.4984415
0.5320652
0.5455372
0.4870371
0.4990079
0.5203161
0.4771436
0.5228720
0.4934116
0.5011636
0.4520047
0.5329011
0.4462583
0.4782315
0.5030905
0.4933514
0.4870805
0.4797978
0.4863805
0.4879444
0.4999505
0.4787903
0.4758121
0.4856891
0.4932245
0.5278509
0.4718675
0.4838279
0.4880955
0.4862340
0.5076959
0.5397447
0.5040387
0.4914088
0.5082369
0.4687488
0.4928870
0.4754052
0.4962229
0.4976260
0.4984415
0.5320652
0.5455372
0.4870371
0.4990079
0.5203161
0.4771436
0.5228720
0.4934116
0.5011636
0.4520047
0.5329011
0.4462583
0.4782315
0.5030905
0.4933514
0.4870805
0.4797978
0.4863805
0.4879444
0.4999505
0.4787903
0.4758121
0.4856891
0.4932245
0.5278509
0.4718675
0.4838279
0.4880955
0.4862340
0.5076959
0.5397447
0.5040387
0.4914088
0.5082369
0.4687488
0.4928870
0.4754052
0.4962229
0.4976260
0.4984415
0.5320652
0.5455372
0.4870371
0.4990079
0.5203161
0.4771436
0.5228720
0.4934116
0.5011636
0.4520047
0.5329011
0.4462583
0.4782315
0.5030905
0.4933514
0.4870805
0.4797978
0.4863805
0.4879444
0.4999505
0.4787903
0.4758121
0.4856891
0.4932245
0.5278509
0.4718675
0.4838279
0.4880955
0.4862340
0.5076959
0.5397447
0.5040387
0.4914088
0.5082369
0.4687488
0.4928870
0.4754052
0.4962229
0.4976260
0.4984415
0.5320652
0.5455372
0.4870371
0.4990079
0.5203161
0.4771436
0.5228720
0.4934116
0.5011636
0.4520047
0.5329011
0.4462583
0.4782315
0.5030905
0.4933514
0.4870805
0.4797978
0.4863805
0.4879444
0.4999505
0.4787903
0.4758121
0.4856891
0.4932245
0.5278509
0.4718675
0.4838279
0.4880955
0.4862340
0.5076959
0.5397447
0.5040387
0.4914088
0.5082369
0.4687488
0.4928870
0.4754052
0.4962229
0.4976260
0.4984415
0.5320652
0.5455372
0.4870371
0.4990079
0.5203161
0.4771436
0.5228720
0.4934116
0.5011636
0.4520047
0.5329011
0.4462583
0.4782315
0.5030905
0.4933514
0.4870805
0.4797978
0.4863805
0.4879444
0.4999505
0.4787903
0.4758121
0.4856891
0.4932245
0.5278509
0.4718675
0.4838279
0.4880955
0.4862340
0.5076959
0.5397447
0.5040387
0.4914088
0.5082369
0.4687488
0.4928870
0.4754052
0.4962229
0.4976260
0.4984415
0.5320652
0.5455372
0.4870371
0.4990079
0.5203161
0.4771436
0.5228720
0.4934116
0.5011636
0.4520047
0.5329011
0.4462583
0.4782315
0.5030905
0.4933514
0.4870805
0.4797978
0.4863805
0.4879444
0.4999505
0.4787903
0.4758121
0.4856891
0.4932245
0.5278509
0.4718675
0.4838279
0.4880955
0.4862340
0.5076959
0.5397447
0.5040387
0.4914088
0.5082369
0.4687488
0.4928870
0.4754052
0.4962229
0.4976260
0.4984415
0.5320652
0.5455372
0.4870371
0.4990079
0.5203161
0.4771436
0.5228720
0.4934116
0.5011636
0.4520047
0.5329011
0.4462583
0.4782315
0.5030905
0.4933514
0.4870805
0.4797978
0.4863805
0.4879444
0.4999505
0.4787903
0.4758121
0.4856891
0.4932245
0.5278509
0.4718675
0.4838279
0.4880955
0.4862340
0.5076959
0.5397447
0.5040387
0.4914088
0.5082369
0.4687488
0.4928870
0.4754052
0.4962229
0.4976260
0.4984415
0.5320652
0.5455372
0.4870371
0.4990079
0.5203161
0.4771436
0.5228720
0.4934116
0.5011636
0.4520047
0.5329011
0.4462583
0.4782315
0.5030905
0.4933514
0.4870805
0.4797978
0.4863805
0.4879444
0.4999505
0.4787903
0.4758121
0.4856891
0.4932245
0.5278509
0.4718675
0.4838279
0.4880955
0.4862340
0.5076959
0.5397447
0.5040387
0.4914088
0.5082369
0.4687488
0.4928870
0.4754052
0.4962229
0.4976260
0.4984415
0.5320652
0.5455372
0.4870371
0.4990079
0.5203161
0.4771436
0.5228720
0.4934116
0.5011636
0.4520047
0.5329011
0.4462583
