0.4845085
0.4871736
0.4837281
0.4861692
0.5091124
0.5440284
0.5127904
0.5366416
0.5158825
0.5154704
0.4986674
0.4662839
0.4717819
0.4926055
0.5173294
0.5110109
0.5339936
0.4720472
0.5006750
0.5351058
0.4842610
0.4814228
0.5028282
0.4863488
0.4945334
0.5081172
0.5083248
0.4874005
0.5002781
0.5398579
0.4990095
0.4697160
0.4713546
0.5062629
0.5298958
0.4814491
0.5344513
0.5091505
0.5364340
0.4628826
0.4845085
0.4871736
0.4837281
0.4861692
0.5091124
0.5440284
0.5127904
0.5366416
0.5158825
0.5154704
0.4986674
0.4662839
0.4717819
0.4926055
0.5173294
0.5110109
0.5339936
0.4720472
0.5006750
0.5351058
0.4842610
0.4814228
0.5028282
0.4863488
0.4945334
0.5081172
0.5083248
0.4874005
0.5002781
0.5398579
0.4990095
0.4697160
0.4713546
0.5062629
0.5298958
0.4814491
0.5344513
0.5091505
0.5364340
0.4628826
0.4845085
0.4871736
0.4837281
0.4861692
0.5091124
0.5440284
0.5127904
0.5366416
0.5158825
0.5154704
0.4986674
0.4662839
0.4717819
0.4926055
0.5173294
0.5110109
0.5339936
0.4720472
0.5006750
0.5351058
0.4842610
0.4814228
0.5028282
0.4863488
0.4945334
0.5081172
0.5083248
0.4874005
0.5002781
0.5398579
0.4990095
0.4697160
0.4713546
0.5062629
0.5298958
0.4814491
0.5344513
0.5091505
0.5364340
0.4628826
0.4845085
0.4871736
0.4837281
0.4861692
0.5091124
0.5440284
0.5127904
0.5366416
0.5158825
0.5154704
0.4986674
0.4662839
0.4717819
0.4926055
0.5173294
0.5110109
0.5339936
0.4720472
0.5006750
0.5351058
0.4842610
0.4814228
0.5028282
0.4863488
0.4945334
0.5081172
0.5083248
0.4874005
0.5002781
0.5398579
0.4990095
0.4697160
0.4713546
0.5062629
0.5298958
0.4814491
0.5344513
0.5091505
0.5364340
0.4628826
0.4845085
0.4871736
0.4837281
0.4861692
0.5091124
0.5440284
0.5127904
0.5366416
0.5158825
0.5154704
0.4986674
0.4662839
0.4717819
0.4926055
0.5173294
0.5110109
0.5339936
0.4720472
0.5006750
0.5351058
0.4842610
0.4814228
0.5028282
0.4863488
0.4945334
0.5081172
0.5083248
0.4874005
0.5002781
0.5398579
0.4990095
0.4697160
0.4713546
0.5062629
0.5298958
0.4814491
0.5344513
0.5091505
0.5364340
0.4628826
0.4845085
0.4871736
0.4837281
0.4861692
0.5091124
0.5440284
0.5127904
0.5366416
0.5158825
0.5154704
0.4986674
0.4662839
0.4717819
0.4926055
0.5173294
0.5110109
0.5339936
0.4720472
0.5006750
0.5351058
0.4842610
0.4814228
0.5028282
0.4863488
0.4945334
0.5081172
0.5083248
0.4874005
0.5002781
0.5398579
0.4990095
0.4697160
0.4713546
0.5062629
0.5298958
0.4814491
0.5344513
0.5091505
0.5364340
0.4628826
0.4845085
0.4871736
0.4837281
0.4861692
0.5091124
0.5440284
0.5127904
0.5366416
0.5158825
0.5154704
0.4986674
0.4662839
0.4717819
0.4926055
0.5173294
0.5110109
0.5339936
0.4720472
0.5006750
0.5351058
0.4842610
0.4814228
0.5028282
0.4863488
0.4945334
0.5081172
0.5083248
0.4874005
0.5002781
0.5398579
0.4990095
0.4697160
0.4713546
0.5062629
0.5298958
0.4814491
0.5344513
0.5091505
0.5364340
0.4628826
0.4845085
0.4871736
0.4837281
0.4861692
0.5091124
0.5440284
0.5127904
0.5366416
0.5158825
0.5154704
0.4986674
0.4662839
0.4717819
0.4926055
0.5173294
0.5110109
0.5339936
0.4720472
0.5006750
0.5351058
0.4842610
0.4814228
0.5028282
0.4863488
0.4945334
0.5081172
0.5083248
0.4874005
0.5002781
0.5398579
0.4990095
0.4697160
0.4713546
0.5062629
0.5298958
0.4814491
0.5344513
0.5091505
0.5364340
0.4628826
0.4845085
0.4871736
0.4837281
0.4861692
0.5091124
0.5440284
0.5127904
0.5366416
0.5158825
0.5154704
0.4986674
0.4662839
0.4717819
0.4926055
0.5173294
0.5110109
0.5339936
0.4720472
0.5006750
0.5351058
0.4842610
0.4814228
0.5028282
0.4863488
0.4945334
0.5081172
0.5083248
0.4874005
0.5002781
0.5398579
0.4990095
0.4697160
0.4713546
0.5062629
0.5298958
0.4814491
0.5344513
0.5091505
0.5364340
0.4628826
0.4845085
0.4871736
0.4837281
0.4861692
0.5091124
0.5440284
0.5127904
0.5366416
0.5158825
0.5154704
0.4986674
0.4662839
0.4717819
0.4926055
0.5173294
0.5110109
0.5339936
0.4720472
0.5006750
0.5351058
0.4842610
0.4814228
0.5028282
0.4863488
0.4945334
0.5081172
0.5083248
0.4874005
0.5002781
0.5398579
0.4990095
0.4697160
0.4713546
0.5062629
0.5298958
0.4814491
0.5344513
0.5091505
0.5364340
0.4628826
0.4845085
0.4871736
0.4837281
0.4861692
0.5091124
0.5440284
0.5127904
0.5366416
0.5158825
0.5154704
0.4986674
0.4662839
0.4717819
0.4926055
0.5173294
0.5110109
0.5339936
0.4720472
0.5006750
0.5351058
0.4842610
0.4814228
0.5028282
0.4863488
0.4945334
0.5081172
0.5083248
0.4874005
0.5002781
0.5398579
0.4990095
0.4697160
0.4713546
0.5062629
0.5298958
0.4814491
0.5344513
0.5091505
0.5364340
0.4628826
0.4845085
0.4871736
0.4837281
0.4861692
0.5091124
0.5440284
0.5127904
0.5366416
0.5158825
0.5154704
0.4986674
0.4662839
0.4717819
0.4926055
0.5173294
0.5110109
0.5339936
0.4720472
0.5006750
0.5351058
0.4842610
0.4814228
0.5028282
0.4863488
0.4945334
0.5081172
0.5083248
0.4874005
0.5002781
0.5398579
0.4990095
0.4697160
0.4713546
0.5062629
0.5298958
0.4814491
0.5344513
0.5091505
0.5364340
0.4628826
0.4845085
0.4871736
0.4837281
0.4861692
0.5091124
0.5440284
0.5127904
0.5366416
0.5158825
0.5154704
0.4986674
0.4662839
0.4717819
0.4926055
0.5173294
0.5110109
0.5339936
0.4720472
0.5006750
0.5351058
0.4842610
0.4814228
0.5028282
0.4863488
0.4945334
0.5081172
0.5083248
0.4874005
0.5002781
0.5398579
0.4990095
0.4697160
0.4713546
0.5062629
0.5298958
0.4814491
0.5344513
0.5091505
0.5364340
0.4628826
0.4845085
0.4871736
0.4837281
0.4861692
0.5091124
0.5440284
0.5127904
0.5366416
0.5158825
0.5154704
0.4986674
0.4662839
0.4717819
0.4926055
0.5173294
0.5110109
0.5339936
0.4720472
0.5006750
0.5351058
0.4842610
0.4814228
0.5028282
0.4863488
0.4945334
0.5081172
0.5083248
0.4874005
0.5002781
0.5398579
0.4990095
0.4697160
0.4713546
0.5062629
0.5298958
0.4814491
0.5344513
0.5091505
0.5364340
0.4628826
0.4845085
0.4871736
0.4837281
0.4861692
0.5091124
0.5440284
0.5127904
0.5366416
0.5158825
0.5154704
0.4986674
0.4662839
0.4717819
0.4926055
0.5173294
0.5110109
0.5339936
0.4720472
0.5006750
0.5351058
0.4842610
0.4814228
0.5028282
0.4863488
0.4945334
0.5081172
0.5083248
0.4874005
0.5002781
0.5398579
0.4990095
0.4697160
0.4713546
0.5062629
0.5298958
0.4814491
0.5344513
0.5091505
0.5364340
0.4628826
0.4845085
0.4871736
0.4837281
0.4861692
0.5091124
0.5440284
0.5127904
0.5366416
0.5158825
0.5154704
0.4986674
0.4662839
0.4717819
0.4926055
0.5173294
0.5110109
0.5339936
0.4720472
0.5006750
0.5351058
0.4842610
0.4814228
0.5028282
0.4863488
0.4945334
0.5081172
0.5083248
0.4874005
0.5002781
0.5398579
0.4990095
0.4697160
0.4713546
0.5062629
0.5298958
0.4814491
0.5344513
0.5091505
0.5364340
0.4628826
0.4845085
0.4871736
0.4837281
0.4861692
0.5091124
0.5440284
0.5127904
0.5366416
0.5158825
0.5154704
0.4986674
0.4662839
0.4717819
0.4926055
0.5173294
0.5110109
0.5339936
0.4720472
0.5006750
0.5351058
0.4842610
0.4814228
0.5028282
0.4863488
0.4945334
0.5081172
0.5083248
0.4874005
0.5002781
0.5398579
0.4990095
0.4697160
0.4713546
0.5062629
0.5298958
0.4814491
0.5344513
0.5091505
0.5364340
0.4628826
0.4845085
0.4871736
0.4837281
0.4861692
0.5091124
0.5440284
0.5127904
0.5366416
0.5158825
0.5154704
0.4986674
0.4662839
0.4717819
0.4926055
0.5173294
0.5110109
0.5339936
0.4720472
0.5006750
0.5351058
0.4842610
0.4814228
0.5028282
0.4863488
0.4945334
0.5081172
0.5083248
0.4874005
0.5002781
0.5398579
0.4990095
0.4697160
0.4713546
0.5062629
0.5298958
0.4814491
0.5344513
0.5091505
0.5364340
0.4628826
0.4845085
0.4871736
0.4837281
0.4861692
0.5091124
0.5440284
0.5127904
0.5366416
0.5158825
0.5154704
0.4986674
0.4662839
0.4717819
0.4926055
0.5173294
0.5110109
0.5339936
0.4720472
0.5006750
0.5351058
0.4842610
0.4814228
0.5028282
0.4863488
0.4945334
0.5081172
0.5083248
0.4874005
0.5002781
0.5398579
0.4990095
0.4697160
0.4713546
0.5062629
0.5298958
0.4814491
0.5344513
0.5091505
0.5364340
0.4628826
0.4845085
0.4871736
0.4837281
0.4861692
0.5091124
0.5440284
0.5127904
0.5366416
0.5158825
0.5154704
0.4986674
0.4662839
0.4717819
0.4926055
0.5173294
0.5110109
0.5339936
0.4720472
0.5006750
0.5351058
0.4842610
0.4814228
0.5028282
0.4863488
0.4945334
0.5081172
0.5083248
0.4874005
0.5002781
0.5398579
0.4990095
0.4697160
0.4713546
0.5062629
0.5298958
0.4814491
0.5344513
0.5091505
0.5364340
0.4628826
0.4845085
0.4871736
0.4837281
0.4861692
0.5091124
0.5440284
0.5127904
0.5366416
0.5158825
0.5154704
0.4986674
0.4662839
0.4717819
0.4926055
0.5173294
0.5110109
0.5339936
0.4720472
0.5006750
0.5351058
0.4842610
0.4814228
0.5028282
0.4863488
0.4945334
0.5081172
0.5083248
0.4874005
0.5002781
0.5398579
0.4990095
0.4697160
0.4713546
0.5062629
0.5298958
0.4814491
0.5344513
0.5091505
0.5364340
0.4628826
0.4845085
0.4871736
0.4837281
0.4861692
0.5091124
0.5440284
0.5127904
0.5366416
0.5158825
0.5154704
0.4986674
0.4662839
0.4717819
0.4926055
0.5173294
0.5110109
0.5339936
0.4720472
0.5006750
0.5351058
0.4842610
0.4814228
0.5028282
0.4863488
0.4945334
0.5081172
0.5083248
0.4874005
0.5002781
0.5398579
0.4990095
0.4697160
0.4713546
0.5062629
0.5298958
0.4814491
0.5344513
0.5091505
0.5364340
0.4628826
0.4845085
0.4871736
0.4837281
0.4861692
0.5091124
0.5440284
0.5127904
0.5366416
0.5158825
0.5154704
0.4986674
0.4662839
0.4717819
0.4926055
0.5173294
0.5110109
0.5339936
0.4720472
0.5006750
0.5351058
0.4842610
0.4814228
0.5028282
0.4863488
0.4945334
0.5081172
0.5083248
0.4874005
0.5002781
0.5398579
0.4990095
0.4697160
0.4713546
0.5062629
0.5298958
0.4814491
0.5344513
0.5091505
0.5364340
0.4628826
0.4845085
0.4871736
0.4837281
0.4861692
0.5091124
0.5440284
0.5127904
0.5366416
0.5158825
0.5154704
0.4986674
0.4662839
0.4717819
0.4926055
0.5173294
0.5110109
0.5339936
0.4720472
0.5006750
0.5351058
0.4842610
0.4814228
0.5028282
0.4863488
0.4945334
0.5081172
0.5083248
0.4874005
0.5002781
0.5398579
0.4990095
0.4697160
0.4713546
0.5062629
0.5298958
0.4814491
0.5344513
0.5091505
0.5364340
0.4628826
0.4845085
0.4871736
0.4837281
0.4861692
0.5091124
0.5440284
0.5127904
0.5366416
0.5158825
0.5154704
0.4986674
0.4662839
0.4717819
0.4926055
0.5173294
0.5110109
0.5339936
0.4720472
0.5006750
0.5351058
0.4842610
0.4814228
0.5028282
0.4863488
0.4945334
0.5081172
0.5083248
0.4874005
0.5002781
0.5398579
0.4990095
0.4697160
0.4713546
0.5062629
0.5298958
0.4814491
0.5344513
0.5091505
0.5364340
0.4628826
0.4845085
0.4871736
0.4837281
0.4861692
0.5091124
0.5440284
0.5127904
0.5366416
0.5158825
0.5154704
0.4986674
0.4662839
0.4717819
0.4926055
0.5173294
0.5110109
0.5339936
0.4720472
0.5006750
0.5351058
0.4842610
0.4814228
0.5028282
0.4863488
0.4945334
0.5081172
0.5083248
0.4874005
0.5002781
0.5398579
0.4990095
0.4697160
0.4713546
0.5062629
0.5298958
0.4814491
0.5344513
0.5091505
0.5364340
0.4628826
0.4845085
0.4871736
0.4837281
0.4861692
0.5091124
0.5440284
0.5127904
0.5366416
0.5158825
0.5154704
0.4986674
0.4662839
0.4717819
0.4926055
0.5173294
0.5110109
0.5339936
0.4720472
0.5006750
0.5351058
0.4842610
0.4814228
0.5028282
0.4863488
0.4945334
0.5081172
0.5083248
0.4874005
0.5002781
0.5398579
0.4990095
0.4697160
0.4713546
0.5062629
0.5298958
0.4814491
0.5344513
0.5091505
0.5364340
0.4628826
0.4845085
0.4871736
0.4837281
0.4861692
0.5091124
0.5440284
0.5127904
0.5366416
0.5158825
0.5154704
0.4986674
0.4662839
0.4717819
0.4926055
0.5173294
0.5110109
0.5339936
0.4720472
0.5006750
0.5351058
0.4842610
0.4814228
0.5028282
0.4863488
0.4945334
0.5081172
0.5083248
0.4874005
0.5002781
0.5398579
0.4990095
0.4697160
0.4713546
0.5062629
0.5298958
0.4814491
0.5344513
0.5091505
0.5364340
0.4628826
0.4845085
0.4871736
0.4837281
0.4861692
0.5091124
0.5440284
0.5127904
0.5366416
0.5158825
0.5154704
0.4986674
0.4662839
0.4717819
0.4926055
0.5173294
0.5110109
0.5339936
0.4720472
0.5006750
0.5351058
0.4842610
0.4814228
0.5028282
0.4863488
0.4945334
0.5081172
0.5083248
0.4874005
0.5002781
0.5398579
0.4990095
0.4697160
0.4713546
0.5062629
0.5298958
0.4814491
0.5344513
0.5091505
0.5364340
0.4628826
0.4845085
0.4871736
0.4837281
0.4861692
0.5091124
0.5440284
0.5127904
0.5366416
0.5158825
0.5154704
0.4986674
0.4662839
0.4717819
0.4926055
0.5173294
0.5110109
0.5339936
0.4720472
0.5006750
0.5351058
0.4842610
0.4814228
0.5028282
0.4863488
0.4945334
0.5081172
0.5083248
0.4874005
0.5002781
0.5398579
0.4990095
0.4697160
0.4713546
0.5062629
0.5298958
0.4814491
0.5344513
0.5091505
0.5364340
0.4628826
0.4845085
0.4871736
0.4837281
0.4861692
0.5091124
0.5440284
0.5127904
0.5366416
0.5158825
0.5154704
0.4986674
0.4662839
0.4717819
0.4926055
0.5173294
0.5110109
0.5339936
0.4720472
0.5006750
0.5351058
0.4842610
0.4814228
0.5028282
0.4863488
0.4945334
0.5081172
0.5083248
0.4874005
0.5002781
0.5398579
0.4990095
0.4697160
0.4713546
0.5062629
0.5298958
0.4814491
0.5344513
0.5091505
0.5364340
0.4628826
0.4845085
0.4871736
0.4837281
0.4861692
0.5091124
0.5440284
0.5127904
0.5366416
0.5158825
0.5154704
0.4986674
0.4662839
0.4717819
0.4926055
0.5173294
0.5110109
0.5339936
0.4720472
0.5006750
0.5351058
0.4842610
0.4814228
0.5028282
0.4863488
0.4945334
0.5081172
0.5083248
0.4874005
0.5002781
0.5398579
0.4990095
0.4697160
0.4713546
0.5062629
0.5298958
0.4814491
0.5344513
0.5091505
0.5364340
0.4628826
0.4845085
0.4871736
0.4837281
0.4861692
0.5091124
0.5440284
0.5127904
0.5366416
0.5158825
0.5154704
0.4986674
0.4662839
0.4717819
0.4926055
0.5173294
0.5110109
0.5339936
0.4720472
0.5006750
0.5351058
0.4842610
0.4814228
0.5028282
0.4863488
0.4945334
0.5081172
0.5083248
0.4874005
0.5002781
0.5398579
0.4990095
0.4697160
0.4713546
0.5062629
0.5298958
0.4814491
0.5344513
0.5091505
0.5364340
0.4628826
0.4845085
0.4871736
0.4837281
0.4861692
0.5091124
0.5440284
0.5127904
0.5366416
0.5158825
0.5154704
0.4986674
0.4662839
0.4717819
0.4926055
0.5173294
0.5110109
0.5339936
0.4720472
0.5006750
0.5351058
0.4842610
0.4814228
0.5028282
0.4863488
0.4945334
0.5081172
0.5083248
0.4874005
0.5002781
0.5398579
0.4990095
0.4697160
0.4713546
0.5062629
0.5298958
0.4814491
0.5344513
0.5091505
0.5364340
0.4628826
0.4845085
0.4871736
0.4837281
0.4861692
0.5091124
0.5440284
0.5127904
0.5366416
0.5158825
0.5154704
0.4986674
0.4662839
0.4717819
0.4926055
0.5173294
0.5110109
0.5339936
0.4720472
0.5006750
0.5351058
0.4842610
0.4814228
0.5028282
0.4863488
0.4945334
0.5081172
0.5083248
0.4874005
0.5002781
0.5398579
0.4990095
0.4697160
0.4713546
0.5062629
0.5298958
0.4814491
0.5344513
0.5091505
0.5364340
0.4628826
0.4845085
0.4871736
0.4837281
0.4861692
0.5091124
0.5440284
0.5127904
0.5366416
0.5158825
0.5154704
0.4986674
0.4662839
0.4717819
0.4926055
0.5173294
0.5110109
0.5339936
0.4720472
0.5006750
0.5351058
0.4842610
0.4814228
0.5028282
0.4863488
0.4945334
0.5081172
0.5083248
0.4874005
0.5002781
0.5398579
0.4990095
0.4697160
0.4713546
0.5062629
0.5298958
0.4814491
0.5344513
0.5091505
0.5364340
0.4628826
0.4845085
0.4871736
0.4837281
0.4861692
0.5091124
0.5440284
0.5127904
0.5366416
0.5158825
0.5154704
0.4986674
0.4662839
0.4717819
0.4926055
0.5173294
0.5110109
0.5339936
0.4720472
0.5006750
0.5351058
0.4842610
0.4814228
0.5028282
0.4863488
0.4945334
0.5081172
0.5083248
0.4874005
0.5002781
0.5398579
0.4990095
0.4697160
0.4713546
0.5062629
0.5298958
0.4814491
0.5344513
0.5091505
0.5364340
0.4628826
0.4845085
0.4871736
0.4837281
0.4861692
0.5091124
0.5440284
0.5127904
0.5366416
0.5158825
0.5154704
0.4986674
0.4662839
0.4717819
0.4926055
0.5173294
0.5110109
0.5339936
0.4720472
0.5006750
0.5351058
0.4842610
0.4814228
0.5028282
0.4863488
0.4945334
0.5081172
0.5083248
0.4874005
0.5002781
0.5398579
0.4990095
0.4697160
0.4713546
0.5062629
0.5298958
0.4814491
0.5344513
0.5091505
0.5364340
0.4628826
0.4845085
0.4871736
0.4837281
0.4861692
0.5091124
0.5440284
0.5127904
0.5366416
0.5158825
0.5154704
0.4986674
0.4662839
0.4717819
0.4926055
0.5173294
0.5110109
0.5339936
0.4720472
0.5006750
0.5351058
0.4842610
0.4814228
0.5028282
0.4863488
0.4945334
0.5081172
0.5083248
0.4874005
0.5002781
0.5398579
0.4990095
0.4697160
0.4713546
0.5062629
0.5298958
0.4814491
0.5344513
0.5091505
0.5364340
0.4628826
0.4845085
0.4871736
0.4837281
0.4861692
0.5091124
0.5440284
0.5127904
0.5366416
0.5158825
0.5154704
0.4986674
0.4662839
0.4717819
0.4926055
0.5173294
0.5110109
0.5339936
0.4720472
0.5006750
0.5351058
0.4842610
0.4814228
0.5028282
0.4863488
0.4945334
0.5081172
0.5083248
0.4874005
0.5002781
0.5398579
0.4990095
0.4697160
0.4713546
0.5062629
0.5298958
0.4814491
0.5344513
0.5091505
0.5364340
0.4628826
0.4845085
0.4871736
0.4837281
0.4861692
0.5091124
0.5440284
0.5127904
0.5366416
0.5158825
0.5154704
0.4986674
0.4662839
0.4717819
0.4926055
0.5173294
0.5110109
0.5339936
0.4720472
0.5006750
0.5351058
0.4842610
0.4814228
0.5028282
0.4863488
0.4945334
0.5081172
0.5083248
0.4874005
0.5002781
0.5398579
0.4990095
0.4697160
0.4713546
0.5062629
0.5298958
0.4814491
0.5344513
0.5091505
0.5364340
0.4628826
0.4845085
0.4871736
0.4837281
0.4861692
0.5091124
0.5440284
0.5127904
0.5366416
0.5158825
0.5154704
0.4986674
0.4662839
0.4717819
0.4926055
0.5173294
0.5110109
0.5339936
0.4720472
0.5006750
0.5351058
0.4842610
0.4814228
0.5028282
0.4863488
0.4945334
0.5081172
0.5083248
0.4874005
0.5002781
0.5398579
0.4990095
0.4697160
0.4713546
0.5062629
0.5298958
0.4814491
0.5344513
0.5091505
0.5364340
0.4628826
0.4845085
0.4871736
0.4837281
0.4861692
0.5091124
0.5440284
0.5127904
0.5366416
0.5158825
0.5154704
0.4986674
0.4662839
0.4717819
0.4926055
0.5173294
0.5110109
0.5339936
0.4720472
0.5006750
0.5351058
0.4842610
0.4814228
0.5028282
0.4863488
0.4945334
0.5081172
0.5083248
0.4874005
0.5002781
0.5398579
0.4990095
0.4697160
0.4713546
0.5062629
0.5298958
0.4814491
0.5344513
0.5091505
0.5364340
0.4628826
0.4845085
0.4871736
0.4837281
0.4861692
0.5091124
0.5440284
0.5127904
0.5366416
0.5158825
0.5154704
0.4986674
0.4662839
0.4717819
0.4926055
0.5173294
0.5110109
0.5339936
0.4720472
0.5006750
0.5351058
0.4842610
0.4814228
0.5028282
0.4863488
0.4945334
0.5081172
0.5083248
0.4874005
0.5002781
0.5398579
0.4990095
0.4697160
0.4713546
0.5062629
0.5298958
0.4814491
0.5344513
0.5091505
0.5364340
0.4628826
0.4845085
0.4871736
0.4837281
0.4861692
0.5091124
0.5440284
0.5127904
0.5366416
0.5158825
0.5154704
0.4986674
0.4662839
0.4717819
0.4926055
0.5173294
0.5110109
0.5339936
0.4720472
0.5006750
0.5351058
0.4842610
0.4814228
0.5028282
0.4863488
0.4945334
0.5081172
0.5083248
0.4874005
0.5002781
0.5398579
0.4990095
0.4697160
0.4713546
0.5062629
0.5298958
0.4814491
0.5344513
0.5091505
0.5364340
0.4628826
0.4845085
0.4871736
0.4837281
0.4861692
0.5091124
0.5440284
0.5127904
0.5366416
0.5158825
0.5154704
0.4986674
0.4662839
0.4717819
0.4926055
0.5173294
0.5110109
0.5339936
0.4720472
0.5006750
0.5351058
0.4842610
0.4814228
0.5028282
0.4863488
0.4945334
0.5081172
0.5083248
0.4874005
0.5002781
0.5398579
0.4990095
0.4697160
0.4713546
0.5062629
0.5298958
0.4814491
0.5344513
0.5091505
0.5364340
0.4628826
0.4845085
0.4871736
0.4837281
0.4861692
0.5091124
0.5440284
0.5127904
0.5366416
0.5158825
0.5154704
0.4986674
0.4662839
0.4717819
0.4926055
0.5173294
0.5110109
0.5339936
0.4720472
0.5006750
0.5351058
0.4842610
0.4814228
0.5028282
0.4863488
0.4945334
0.5081172
0.5083248
0.4874005
0.5002781
0.5398579
0.4990095
0.4697160
0.4713546
0.5062629
0.5298958
0.4814491
0.5344513
0.5091505
0.5364340
0.4628826
0.4845085
0.4871736
0.4837281
0.4861692
0.5091124
0.5440284
0.5127904
0.5366416
0.5158825
0.5154704
0.4986674
0.4662839
0.4717819
0.4926055
0.5173294
0.5110109
0.5339936
0.4720472
0.5006750
0.5351058
0.4842610
0.4814228
0.5028282
0.4863488
0.4945334
0.5081172
0.5083248
0.4874005
0.5002781
0.5398579
0.4990095
0.4697160
0.4713546
0.5062629
0.5298958
0.4814491
0.5344513
0.5091505
0.5364340
0.4628826
0.4845085
0.4871736
0.4837281
0.4861692
0.5091124
0.5440284
0.5127904
0.5366416
0.5158825
0.5154704
0.4986674
0.4662839
0.4717819
0.4926055
0.5173294
0.5110109
0.5339936
0.4720472
0.5006750
0.5351058
0.4842610
0.4814228
0.5028282
0.4863488
0.4945334
0.5081172
0.5083248
0.4874005
0.5002781
0.5398579
0.4990095
0.4697160
0.4713546
0.5062629
0.5298958
0.4814491
0.5344513
0.5091505
0.5364340
0.4628826
0.4845085
0.4871736
0.4837281
0.4861692
0.5091124
0.5440284
0.5127904
0.5366416
0.5158825
0.5154704
0.4986674
0.4662839
0.4717819
0.4926055
0.5173294
0.5110109
0.5339936
0.4720472
0.5006750
0.5351058
0.4842610
0.4814228
0.5028282
0.4863488
0.4945334
0.5081172
0.5083248
0.4874005
0.5002781
0.5398579
0.4990095
0.4697160
0.4713546
0.5062629
0.5298958
0.4814491
0.5344513
0.5091505
0.5364340
0.4628826
