0.5230567
0.4934317
0.5008260
0.5261055
0.4933333
0.4984123
0.5225628
0.4949056
0.5090817
0.5020184
0.4916259
0.5126405
0.5009872
0.4829333
0.5084759
0.4763740
0.4821487
0.5089869
0.4818921
0.5311771
0.5258455
0.4985446
0.5347941
0.4906715
0.4868180
0.4971379
0.4960311
0.5032671
0.5136351
0.4924971
0.4943551
0.4821530
0.4635604
0.5344780
0.5262818
0.5087183
0.5139185
0.4906857
0.5252492
0.5094692
0.5230567
0.4934317
0.5008260
0.5261055
0.4933333
0.4984123
0.5225628
0.4949056
0.5090817
0.5020184
0.4916259
0.5126405
0.5009872
0.4829333
0.5084759
0.4763740
0.4821487
0.5089869
0.4818921
0.5311771
0.5258455
0.4985446
0.5347941
0.4906715
0.4868180
0.4971379
0.4960311
0.5032671
0.5136351
0.4924971
0.4943551
0.4821530
0.4635604
0.5344780
0.5262818
0.5087183
0.5139185
0.4906857
0.5252492
0.5094692
0.5230567
0.4934317
0.5008260
0.5261055
0.4933333
0.4984123
0.5225628
0.4949056
0.5090817
0.5020184
0.4916259
0.5126405
0.5009872
0.4829333
0.5084759
0.4763740
0.4821487
0.5089869
0.4818921
0.5311771
0.5258455
0.4985446
0.5347941
0.4906715
0.4868180
0.4971379
0.4960311
0.5032671
0.5136351
0.4924971
0.4943551
0.4821530
0.4635604
0.5344780
0.5262818
0.5087183
0.5139185
0.4906857
0.5252492
0.5094692
0.5230567
0.4934317
0.5008260
0.5261055
0.4933333
0.4984123
0.5225628
0.4949056
0.5090817
0.5020184
0.4916259
0.5126405
0.5009872
0.4829333
0.5084759
0.4763740
0.4821487
0.5089869
0.4818921
0.5311771
0.5258455
0.4985446
0.5347941
0.4906715
0.4868180
0.4971379
0.4960311
0.5032671
0.5136351
0.4924971
0.4943551
0.4821530
0.4635604
0.5344780
0.5262818
0.5087183
0.5139185
0.4906857
0.5252492
0.5094692
0.5230567
0.4934317
0.5008260
0.5261055
0.4933333
0.4984123
0.5225628
0.4949056
0.5090817
0.5020184
0.4916259
0.5126405
0.5009872
0.4829333
0.5084759
0.4763740
0.4821487
0.5089869
0.4818921
0.5311771
0.5258455
0.4985446
0.5347941
0.4906715
0.4868180
0.4971379
0.4960311
0.5032671
0.5136351
0.4924971
0.4943551
0.4821530
0.4635604
0.5344780
0.5262818
0.5087183
0.5139185
0.4906857
0.5252492
0.5094692
0.5230567
0.4934317
0.5008260
0.5261055
0.4933333
0.4984123
0.5225628
0.4949056
0.5090817
0.5020184
0.4916259
0.5126405
0.5009872
0.4829333
0.5084759
0.4763740
0.4821487
0.5089869
0.4818921
0.5311771
0.5258455
0.4985446
0.5347941
0.4906715
0.4868180
0.4971379
0.4960311
0.5032671
0.5136351
0.4924971
0.4943551
0.4821530
0.4635604
0.5344780
0.5262818
0.5087183
0.5139185
0.4906857
0.5252492
0.5094692
0.5230567
0.4934317
0.5008260
0.5261055
0.4933333
0.4984123
0.5225628
0.4949056
0.5090817
0.5020184
0.4916259
0.5126405
0.5009872
0.4829333
0.5084759
0.4763740
0.4821487
0.5089869
0.4818921
0.5311771
0.5258455
0.4985446
0.5347941
0.4906715
0.4868180
0.4971379
0.4960311
0.5032671
0.5136351
0.4924971
0.4943551
0.4821530
0.4635604
0.5344780
0.5262818
0.5087183
0.5139185
0.4906857
0.5252492
0.5094692
0.5230567
0.4934317
0.5008260
0.5261055
0.4933333
0.4984123
0.5225628
0.4949056
0.5090817
0.5020184
0.4916259
0.5126405
0.5009872
0.4829333
0.5084759
0.4763740
0.4821487
0.5089869
0.4818921
0.5311771
0.5258455
0.4985446
0.5347941
0.4906715
0.4868180
0.4971379
0.4960311
0.5032671
0.5136351
0.4924971
0.4943551
0.4821530
0.4635604
0.5344780
0.5262818
0.5087183
0.5139185
0.4906857
0.5252492
0.5094692
0.5230567
0.4934317
0.5008260
0.5261055
0.4933333
0.4984123
0.5225628
0.4949056
0.5090817
0.5020184
0.4916259
0.5126405
0.5009872
0.4829333
0.5084759
0.4763740
0.4821487
0.5089869
0.4818921
0.5311771
0.5258455
0.4985446
0.5347941
0.4906715
0.4868180
0.4971379
0.4960311
0.5032671
0.5136351
0.4924971
0.4943551
0.4821530
0.4635604
0.5344780
0.5262818
0.5087183
0.5139185
0.4906857
0.5252492
0.5094692
0.5230567
0.4934317
0.5008260
0.5261055
0.4933333
0.4984123
0.5225628
0.4949056
0.5090817
0.5020184
0.4916259
0.5126405
0.5009872
0.4829333
0.5084759
0.4763740
0.4821487
0.5089869
0.4818921
0.5311771
0.5258455
0.4985446
0.5347941
0.4906715
0.4868180
0.4971379
0.4960311
0.5032671
0.5136351
0.4924971
0.4943551
0.4821530
0.4635604
0.5344780
0.5262818
0.5087183
0.5139185
0.4906857
0.5252492
0.5094692
0.5230567
0.4934317
0.5008260
0.5261055
0.4933333
0.4984123
0.5225628
0.4949056
0.5090817
0.5020184
0.4916259
0.5126405
0.5009872
0.4829333
0.5084759
0.4763740
0.4821487
0.5089869
0.4818921
0.5311771
0.5258455
0.4985446
0.5347941
0.4906715
0.4868180
0.4971379
0.4960311
0.5032671
0.5136351
0.4924971
0.4943551
0.4821530
0.4635604
0.5344780
0.5262818
0.5087183
0.5139185
0.4906857
0.5252492
0.5094692
0.5230567
0.4934317
0.5008260
0.5261055
0.4933333
0.4984123
0.5225628
0.4949056
0.5090817
0.5020184
0.4916259
0.5126405
0.5009872
0.4829333
0.5084759
0.4763740
0.4821487
0.5089869
0.4818921
0.5311771
0.5258455
0.4985446
0.5347941
0.4906715
0.4868180
0.4971379
0.4960311
0.5032671
0.5136351
0.4924971
0.4943551
0.4821530
0.4635604
0.5344780
0.5262818
0.5087183
0.5139185
0.4906857
0.5252492
0.5094692
0.5230567
0.4934317
0.5008260
0.5261055
0.4933333
0.4984123
0.5225628
0.4949056
0.5090817
0.5020184
0.4916259
0.5126405
0.5009872
0.4829333
0.5084759
0.4763740
0.4821487
0.5089869
0.4818921
0.5311771
0.5258455
0.4985446
0.5347941
0.4906715
0.4868180
0.4971379
0.4960311
0.5032671
0.5136351
0.4924971
0.4943551
0.4821530
0.4635604
0.5344780
0.5262818
0.5087183
0.5139185
0.4906857
0.5252492
0.5094692
0.5230567
0.4934317
0.5008260
0.5261055
0.4933333
0.4984123
0.5225628
0.4949056
0.5090817
0.5020184
0.4916259
0.5126405
0.5009872
0.4829333
0.5084759
0.4763740
0.4821487
0.5089869
0.4818921
0.5311771
0.5258455
0.4985446
0.5347941
0.4906715
0.4868180
0.4971379
0.4960311
0.5032671
0.5136351
0.4924971
0.4943551
0.4821530
0.4635604
0.5344780
0.5262818
0.5087183
0.5139185
0.4906857
0.5252492
0.5094692
0.5230567
0.4934317
0.5008260
0.5261055
0.4933333
0.4984123
0.5225628
0.4949056
0.5090817
0.5020184
0.4916259
0.5126405
0.5009872
0.4829333
0.5084759
0.4763740
0.4821487
0.5089869
0.4818921
0.5311771
0.5258455
0.4985446
0.5347941
0.4906715
0.4868180
0.4971379
0.4960311
0.5032671
0.5136351
0.4924971
0.4943551
0.4821530
0.4635604
0.5344780
0.5262818
0.5087183
0.5139185
0.4906857
0.5252492
0.5094692
0.5230567
0.4934317
0.5008260
0.5261055
0.4933333
0.4984123
0.5225628
0.4949056
0.5090817
0.5020184
0.4916259
0.5126405
0.5009872
0.4829333
0.5084759
0.4763740
0.4821487
0.5089869
0.4818921
0.5311771
0.5258455
0.4985446
0.5347941
0.4906715
0.4868180
0.4971379
0.4960311
0.5032671
0.5136351
0.4924971
0.4943551
0.4821530
0.4635604
0.5344780
0.5262818
0.5087183
0.5139185
0.4906857
0.5252492
0.5094692
0.5230567
0.4934317
0.5008260
0.5261055
0.4933333
0.4984123
0.5225628
0.4949056
0.5090817
0.5020184
0.4916259
0.5126405
0.5009872
0.4829333
0.5084759
0.4763740
0.4821487
0.5089869
0.4818921
0.5311771
0.5258455
0.4985446
0.5347941
0.4906715
0.4868180
0.4971379
0.4960311
0.5032671
0.5136351
0.4924971
0.4943551
0.4821530
0.4635604
0.5344780
0.5262818
0.5087183
0.5139185
0.4906857
0.5252492
0.5094692
0.5230567
0.4934317
0.5008260
0.5261055
0.4933333
0.4984123
0.5225628
0.4949056
0.5090817
0.5020184
0.4916259
0.5126405
0.5009872
0.4829333
0.5084759
0.4763740
0.4821487
0.5089869
0.4818921
0.5311771
0.5258455
0.4985446
0.5347941
0.4906715
0.4868180
0.4971379
0.4960311
0.5032671
0.5136351
0.4924971
0.4943551
0.4821530
0.4635604
0.5344780
0.5262818
0.5087183
0.5139185
0.4906857
0.5252492
0.5094692
0.5230567
0.4934317
0.5008260
0.5261055
0.4933333
0.4984123
0.5225628
0.4949056
0.5090817
0.5020184
0.4916259
0.5126405
0.5009872
0.4829333
0.5084759
0.4763740
0.4821487
0.5089869
0.4818921
0.5311771
0.5258455
0.4985446
0.5347941
0.4906715
0.4868180
0.4971379
0.4960311
0.5032671
0.5136351
0.4924971
0.4943551
0.4821530
0.4635604
0.5344780
0.5262818
0.5087183
0.5139185
0.4906857
0.5252492
0.5094692
0.5230567
0.4934317
0.5008260
0.5261055
0.4933333
0.4984123
0.5225628
0.4949056
0.5090817
0.5020184
0.4916259
0.5126405
0.5009872
0.4829333
0.5084759
0.4763740
0.4821487
0.5089869
0.4818921
0.5311771
0.5258455
0.4985446
0.5347941
0.4906715
0.4868180
0.4971379
0.4960311
0.5032671
0.5136351
0.4924971
0.4943551
0.4821530
0.4635604
0.5344780
0.5262818
0.5087183
0.5139185
0.4906857
0.5252492
0.5094692
0.5230567
0.4934317
0.5008260
0.5261055
0.4933333
0.4984123
0.5225628
0.4949056
0.5090817
0.5020184
0.4916259
0.5126405
0.5009872
0.4829333
0.5084759
0.4763740
0.4821487
0.5089869
0.4818921
0.5311771
0.5258455
0.4985446
0.5347941
0.4906715
0.4868180
0.4971379
0.4960311
0.5032671
0.5136351
0.4924971
0.4943551
0.4821530
0.4635604
0.5344780
0.5262818
0.5087183
0.5139185
0.4906857
0.5252492
0.5094692
0.5230567
0.4934317
0.5008260
0.5261055
0.4933333
0.4984123
0.5225628
0.4949056
0.5090817
0.5020184
0.4916259
0.5126405
0.5009872
0.4829333
0.5084759
0.4763740
0.4821487
0.5089869
0.4818921
0.5311771
0.5258455
0.4985446
0.5347941
0.4906715
0.4868180
0.4971379
0.4960311
0.5032671
0.5136351
0.4924971
0.4943551
0.4821530
0.4635604
0.5344780
0.5262818
0.5087183
0.5139185
0.4906857
0.5252492
0.5094692
0.5230567
0.4934317
0.5008260
0.5261055
0.4933333
0.4984123
0.5225628
0.4949056
0.5090817
0.5020184
0.4916259
0.5126405
0.5009872
0.4829333
0.5084759
0.4763740
0.4821487
0.5089869
0.4818921
0.5311771
0.5258455
0.4985446
0.5347941
0.4906715
0.4868180
0.4971379
0.4960311
0.5032671
0.5136351
0.4924971
0.4943551
0.4821530
0.4635604
0.5344780
0.5262818
0.5087183
0.5139185
0.4906857
0.5252492
0.5094692
0.5230567
0.4934317
0.5008260
0.5261055
0.4933333
0.4984123
0.5225628
0.4949056
0.5090817
0.5020184
0.4916259
0.5126405
0.5009872
0.4829333
0.5084759
0.4763740
0.4821487
0.5089869
0.4818921
0.5311771
0.5258455
0.4985446
0.5347941
0.4906715
0.4868180
0.4971379
0.4960311
0.5032671
0.5136351
0.4924971
0.4943551
0.4821530
0.4635604
0.5344780
0.5262818
0.5087183
0.5139185
0.4906857
0.5252492
0.5094692
0.5230567
0.4934317
0.5008260
0.5261055
0.4933333
0.4984123
0.5225628
0.4949056
0.5090817
0.5020184
0.4916259
0.5126405
0.5009872
0.4829333
0.5084759
0.4763740
0.4821487
0.5089869
0.4818921
0.5311771
0.5258455
0.4985446
0.5347941
0.4906715
0.4868180
0.4971379
0.4960311
0.5032671
0.5136351
0.4924971
0.4943551
0.4821530
0.4635604
0.5344780
0.5262818
0.5087183
0.5139185
0.4906857
0.5252492
0.5094692
0.5230567
0.4934317
0.5008260
0.5261055
0.4933333
0.4984123
0.5225628
0.4949056
0.5090817
0.5020184
0.4916259
0.5126405
0.5009872
0.4829333
0.5084759
0.4763740
0.4821487
0.5089869
0.4818921
0.5311771
0.5258455
0.4985446
0.5347941
0.4906715
0.4868180
0.4971379
0.4960311
0.5032671
0.5136351
0.4924971
0.4943551
0.4821530
0.4635604
0.5344780
0.5262818
0.5087183
0.5139185
0.4906857
0.5252492
0.5094692
0.5230567
0.4934317
0.5008260
0.5261055
0.4933333
0.4984123
0.5225628
0.4949056
0.5090817
0.5020184
0.4916259
0.5126405
0.5009872
0.4829333
0.5084759
0.4763740
0.4821487
0.5089869
0.4818921
0.5311771
0.5258455
0.4985446
0.5347941
0.4906715
0.4868180
0.4971379
0.4960311
0.5032671
0.5136351
0.4924971
0.4943551
0.4821530
0.4635604
0.5344780
0.5262818
0.5087183
0.5139185
0.4906857
0.5252492
0.5094692
0.5230567
0.4934317
0.5008260
0.5261055
0.4933333
0.4984123
0.5225628
0.4949056
0.5090817
0.5020184
0.4916259
0.5126405
0.5009872
0.4829333
0.5084759
0.4763740
0.4821487
0.5089869
0.4818921
0.5311771
0.5258455
0.4985446
0.5347941
0.4906715
0.4868180
0.4971379
0.4960311
0.5032671
0.5136351
0.4924971
0.4943551
0.4821530
0.4635604
0.5344780
0.5262818
0.5087183
0.5139185
0.4906857
0.5252492
0.5094692
0.5230567
0.4934317
0.5008260
0.5261055
0.4933333
0.4984123
0.5225628
0.4949056
0.5090817
0.5020184
0.4916259
0.5126405
0.5009872
0.4829333
0.5084759
0.4763740
0.4821487
0.5089869
0.4818921
0.5311771
0.5258455
0.4985446
0.5347941
0.4906715
0.4868180
0.4971379
0.4960311
0.5032671
0.5136351
0.4924971
0.4943551
0.4821530
0.4635604
0.5344780
0.5262818
0.5087183
0.5139185
0.4906857
0.5252492
0.5094692
0.5230567
0.4934317
0.5008260
0.5261055
0.4933333
0.4984123
0.5225628
0.4949056
0.5090817
0.5020184
0.4916259
0.5126405
0.5009872
0.4829333
0.5084759
0.4763740
0.4821487
0.5089869
0.4818921
0.5311771
0.5258455
0.4985446
0.5347941
0.4906715
0.4868180
0.4971379
0.4960311
0.5032671
0.5136351
0.4924971
0.4943551
0.4821530
0.4635604
0.5344780
0.5262818
0.5087183
0.5139185
0.4906857
0.5252492
0.5094692
0.5230567
0.4934317
0.5008260
0.5261055
0.4933333
0.4984123
0.5225628
0.4949056
0.5090817
0.5020184
0.4916259
0.5126405
0.5009872
0.4829333
0.5084759
0.4763740
0.4821487
0.5089869
0.4818921
0.5311771
0.5258455
0.4985446
0.5347941
0.4906715
0.4868180
0.4971379
0.4960311
0.5032671
0.5136351
0.4924971
0.4943551
0.4821530
0.4635604
0.5344780
0.5262818
0.5087183
0.5139185
0.4906857
0.5252492
0.5094692
0.5230567
0.4934317
0.5008260
0.5261055
0.4933333
0.4984123
0.5225628
0.4949056
0.5090817
0.5020184
0.4916259
0.5126405
0.5009872
0.4829333
0.5084759
0.4763740
0.4821487
0.5089869
0.4818921
0.5311771
0.5258455
0.4985446
0.5347941
0.4906715
0.4868180
0.4971379
0.4960311
0.5032671
0.5136351
0.4924971
0.4943551
0.4821530
0.4635604
0.5344780
0.5262818
0.5087183
0.5139185
0.4906857
0.5252492
0.5094692
0.5230567
0.4934317
0.5008260
0.5261055
0.4933333
0.4984123
0.5225628
0.4949056
0.5090817
0.5020184
0.4916259
0.5126405
0.5009872
0.4829333
0.5084759
0.4763740
0.4821487
0.5089869
0.4818921
0.5311771
0.5258455
0.4985446
0.5347941
0.4906715
0.4868180
0.4971379
0.4960311
0.5032671
0.5136351
0.4924971
0.4943551
0.4821530
0.4635604
0.5344780
0.5262818
0.5087183
0.5139185
0.4906857
0.5252492
0.5094692
0.5230567
0.4934317
0.5008260
0.5261055
0.4933333
0.4984123
0.5225628
0.4949056
0.5090817
0.5020184
0.4916259
0.5126405
0.5009872
0.4829333
0.5084759
0.4763740
0.4821487
0.5089869
0.4818921
0.5311771
0.5258455
0.4985446
0.5347941
0.4906715
0.4868180
0.4971379
0.4960311
0.5032671
0.5136351
0.4924971
0.4943551
0.4821530
0.4635604
0.5344780
0.5262818
0.5087183
0.5139185
0.4906857
0.5252492
0.5094692
0.5230567
0.4934317
0.5008260
0.5261055
0.4933333
0.4984123
0.5225628
0.4949056
0.5090817
0.5020184
0.4916259
0.5126405
0.5009872
0.4829333
0.5084759
0.4763740
0.4821487
0.5089869
0.4818921
0.5311771
0.5258455
0.4985446
0.5347941
0.4906715
0.4868180
0.4971379
0.4960311
0.5032671
0.5136351
0.4924971
0.4943551
0.4821530
0.4635604
0.5344780
0.5262818
0.5087183
0.5139185
0.4906857
0.5252492
0.5094692
0.5230567
0.4934317
0.5008260
0.5261055
0.4933333
0.4984123
0.5225628
0.4949056
0.5090817
0.5020184
0.4916259
0.5126405
0.5009872
0.4829333
0.5084759
0.4763740
0.4821487
0.5089869
0.4818921
0.5311771
0.5258455
0.4985446
0.5347941
0.4906715
0.4868180
0.4971379
0.4960311
0.5032671
0.5136351
0.4924971
0.4943551
0.4821530
0.4635604
0.5344780
0.5262818
0.5087183
0.5139185
0.4906857
0.5252492
0.5094692
0.5230567
0.4934317
0.5008260
0.5261055
0.4933333
0.4984123
0.5225628
0.4949056
0.5090817
0.5020184
0.4916259
0.5126405
0.5009872
0.4829333
0.5084759
0.4763740
0.4821487
0.5089869
0.4818921
0.5311771
0.5258455
0.4985446
0.5347941
0.4906715
0.4868180
0.4971379
0.4960311
0.5032671
0.5136351
0.4924971
0.4943551
0.4821530
0.4635604
0.5344780
0.5262818
0.5087183
0.5139185
0.4906857
0.5252492
0.5094692
0.5230567
0.4934317
0.5008260
0.5261055
0.4933333
0.4984123
0.5225628
0.4949056
0.5090817
0.5020184
0.4916259
0.5126405
0.5009872
0.4829333
0.5084759
0.4763740
0.4821487
0.5089869
0.4818921
0.5311771
0.5258455
0.4985446
0.5347941
0.4906715
0.4868180
0.4971379
0.4960311
0.5032671
0.5136351
0.4924971
0.4943551
0.4821530
0.4635604
0.5344780
0.5262818
0.5087183
0.5139185
0.4906857
0.5252492
0.5094692
0.5230567
0.4934317
0.5008260
0.5261055
0.4933333
0.4984123
0.5225628
0.4949056
0.5090817
0.5020184
0.4916259
0.5126405
0.5009872
0.4829333
0.5084759
0.4763740
0.4821487
0.5089869
0.4818921
0.5311771
0.5258455
0.4985446
0.5347941
0.4906715
0.4868180
0.4971379
0.4960311
0.5032671
0.5136351
0.4924971
0.4943551
0.4821530
0.4635604
0.5344780
0.5262818
0.5087183
0.5139185
0.4906857
0.5252492
0.5094692
0.5230567
0.4934317
0.5008260
0.5261055
0.4933333
0.4984123
0.5225628
0.4949056
0.5090817
0.5020184
0.4916259
0.5126405
0.5009872
0.4829333
0.5084759
0.4763740
0.4821487
0.5089869
0.4818921
0.5311771
0.5258455
0.4985446
0.5347941
0.4906715
0.4868180
0.4971379
0.4960311
0.5032671
0.5136351
0.4924971
0.4943551
0.4821530
0.4635604
0.5344780
0.5262818
0.5087183
0.5139185
0.4906857
0.5252492
0.5094692
0.5230567
0.4934317
0.5008260
0.5261055
0.4933333
0.4984123
0.5225628
0.4949056
0.5090817
0.5020184
0.4916259
0.5126405
0.5009872
0.4829333
0.5084759
0.4763740
0.4821487
0.5089869
0.4818921
0.5311771
0.5258455
0.4985446
0.5347941
0.4906715
0.4868180
0.4971379
0.4960311
0.5032671
0.5136351
0.4924971
0.4943551
0.4821530
0.4635604
0.5344780
0.5262818
0.5087183
0.5139185
0.4906857
0.5252492
0.5094692
0.5230567
0.4934317
0.5008260
0.5261055
0.4933333
0.4984123
0.5225628
0.4949056
0.5090817
0.5020184
0.4916259
0.5126405
0.5009872
0.4829333
0.5084759
0.4763740
0.4821487
0.5089869
0.4818921
0.5311771
0.5258455
0.4985446
0.5347941
0.4906715
0.4868180
0.4971379
0.4960311
0.5032671
0.5136351
0.4924971
0.4943551
0.4821530
0.4635604
0.5344780
0.5262818
0.5087183
0.5139185
0.4906857
0.5252492
0.5094692
0.5230567
0.4934317
0.5008260
0.5261055
0.4933333
0.4984123
0.5225628
0.4949056
0.5090817
0.5020184
0.4916259
0.5126405
0.5009872
0.4829333
0.5084759
0.4763740
0.4821487
0.5089869
0.4818921
0.5311771
0.5258455
0.4985446
0.5347941
0.4906715
0.4868180
0.4971379
0.4960311
0.5032671
0.5136351
0.4924971
0.4943551
0.4821530
0.4635604
0.5344780
0.5262818
0.5087183
0.5139185
0.4906857
0.5252492
0.5094692
0.5230567
0.4934317
0.5008260
0.5261055
0.4933333
0.4984123
0.5225628
0.4949056
0.5090817
0.5020184
0.4916259
0.5126405
0.5009872
0.4829333
0.5084759
0.4763740
0.4821487
0.5089869
0.4818921
0.5311771
0.5258455
0.4985446
0.5347941
0.4906715
0.4868180
0.4971379
0.4960311
0.5032671
0.5136351
0.4924971
0.4943551
0.4821530
0.4635604
0.5344780
0.5262818
0.5087183
0.5139185
0.4906857
0.5252492
0.5094692
0.5230567
0.4934317
0.5008260
0.5261055
0.4933333
0.4984123
0.5225628
0.4949056
0.5090817
0.5020184
0.4916259
0.5126405
0.5009872
0.4829333
0.5084759
0.4763740
0.4821487
0.5089869
0.4818921
0.5311771
0.5258455
0.4985446
0.5347941
0.4906715
0.4868180
0.4971379
0.4960311
0.5032671
0.5136351
0.4924971
0.4943551
0.4821530
0.4635604
0.5344780
0.5262818
0.5087183
0.5139185
0.4906857
0.5252492
0.5094692
0.5230567
0.4934317
0.5008260
0.5261055
0.4933333
0.4984123
0.5225628
0.4949056
0.5090817
0.5020184
0.4916259
0.5126405
0.5009872
0.4829333
0.5084759
0.4763740
0.4821487
0.5089869
0.4818921
0.5311771
0.5258455
0.4985446
0.5347941
0.4906715
0.4868180
0.4971379
0.4960311
0.5032671
0.5136351
0.4924971
0.4943551
0.4821530
0.4635604
0.5344780
0.5262818
0.5087183
0.5139185
0.4906857
0.5252492
0.5094692
0.5230567
0.4934317
0.5008260
0.5261055
0.4933333
0.4984123
0.5225628
0.4949056
0.5090817
0.5020184
0.4916259
0.5126405
0.5009872
0.4829333
0.5084759
0.4763740
0.4821487
0.5089869
0.4818921
0.5311771
0.5258455
0.4985446
0.5347941
0.4906715
0.4868180
0.4971379
0.4960311
0.5032671
0.5136351
0.4924971
0.4943551
0.4821530
0.4635604
0.5344780
0.5262818
0.5087183
0.5139185
0.4906857
0.5252492
0.5094692
0.5230567
0.4934317
0.5008260
0.5261055
0.4933333
0.4984123
0.5225628
0.4949056
0.5090817
0.5020184
0.4916259
0.5126405
0.5009872
0.4829333
0.5084759
0.4763740
0.4821487
0.5089869
0.4818921
0.5311771
0.5258455
0.4985446
0.5347941
0.4906715
0.4868180
0.4971379
0.4960311
0.5032671
0.5136351
0.4924971
0.4943551
0.4821530
0.4635604
0.5344780
0.5262818
0.5087183
0.5139185
0.4906857
0.5252492
0.5094692
0.5230567
0.4934317
0.5008260
0.5261055
0.4933333
0.4984123
0.5225628
0.4949056
0.5090817
0.5020184
0.4916259
0.5126405
0.5009872
0.4829333
0.5084759
0.4763740
0.4821487
0.5089869
0.4818921
0.5311771
0.5258455
0.4985446
0.5347941
0.4906715
0.4868180
0.4971379
0.4960311
0.5032671
0.5136351
0.4924971
0.4943551
0.4821530
0.4635604
0.5344780
0.5262818
0.5087183
0.5139185
0.4906857
0.5252492
0.5094692
0.5230567
0.4934317
0.5008260
0.5261055
0.4933333
0.4984123
0.5225628
0.4949056
0.5090817
0.5020184
0.4916259
0.5126405
0.5009872
0.4829333
0.5084759
0.4763740
0.4821487
0.5089869
0.4818921
0.5311771
0.5258455
0.4985446
0.5347941
0.4906715
0.4868180
0.4971379
0.4960311
0.5032671
0.5136351
0.4924971
0.4943551
0.4821530
0.4635604
0.5344780
0.5262818
0.5087183
0.5139185
0.4906857
0.5252492
0.5094692
