0.4920830
0.5151868
0.4896813
0.5406959
0.5037917
0.5038186
0.5282724
0.4758348
0.4890963
0.5115465
0.5084280
0.5046798
0.4846334
0.5006100
0.4878331
0.5641410
0.5154212
0.5210956
0.5074432
0.5288273
0.5264112
0.4904563
0.5117787
0.5163899
0.4886284
0.5010522
0.4695012
0.5082692
0.4862756
0.4857332
0.4990189
0.5174982
0.4929378
0.5072079
0.4708344
0.5095421
0.4959389
0.5301516
0.4880593
0.4927231
0.4920830
0.5151868
0.4896813
0.5406959
0.5037917
0.5038186
0.5282724
0.4758348
0.4890963
0.5115465
0.5084280
0.5046798
0.4846334
0.5006100
0.4878331
0.5641410
0.5154212
0.5210956
0.5074432
0.5288273
0.5264112
0.4904563
0.5117787
0.5163899
0.4886284
0.5010522
0.4695012
0.5082692
0.4862756
0.4857332
0.4990189
0.5174982
0.4929378
0.5072079
0.4708344
0.5095421
0.4959389
0.5301516
0.4880593
0.4927231
0.4920830
0.5151868
0.4896813
0.5406959
0.5037917
0.5038186
0.5282724
0.4758348
0.4890963
0.5115465
0.5084280
0.5046798
0.4846334
0.5006100
0.4878331
0.5641410
0.5154212
0.5210956
0.5074432
0.5288273
0.5264112
0.4904563
0.5117787
0.5163899
0.4886284
0.5010522
0.4695012
0.5082692
0.4862756
0.4857332
0.4990189
0.5174982
0.4929378
0.5072079
0.4708344
0.5095421
0.4959389
0.5301516
0.4880593
0.4927231
0.4920830
0.5151868
0.4896813
0.5406959
0.5037917
0.5038186
0.5282724
0.4758348
0.4890963
0.5115465
0.5084280
0.5046798
0.4846334
0.5006100
0.4878331
0.5641410
0.5154212
0.5210956
0.5074432
0.5288273
0.5264112
0.4904563
0.5117787
0.5163899
0.4886284
0.5010522
0.4695012
0.5082692
0.4862756
0.4857332
0.4990189
0.5174982
0.4929378
0.5072079
0.4708344
0.5095421
0.4959389
0.5301516
0.4880593
0.4927231
0.4920830
0.5151868
0.4896813
0.5406959
0.5037917
0.5038186
0.5282724
0.4758348
0.4890963
0.5115465
0.5084280
0.5046798
0.4846334
0.5006100
0.4878331
0.5641410
0.5154212
0.5210956
0.5074432
0.5288273
0.5264112
0.4904563
0.5117787
0.5163899
0.4886284
0.5010522
0.4695012
0.5082692
0.4862756
0.4857332
0.4990189
0.5174982
0.4929378
0.5072079
0.4708344
0.5095421
0.4959389
0.5301516
0.4880593
0.4927231
0.4920830
0.5151868
0.4896813
0.5406959
0.5037917
0.5038186
0.5282724
0.4758348
0.4890963
0.5115465
0.5084280
0.5046798
0.4846334
0.5006100
0.4878331
0.5641410
0.5154212
0.5210956
0.5074432
0.5288273
0.5264112
0.4904563
0.5117787
0.5163899
0.4886284
0.5010522
0.4695012
0.5082692
0.4862756
0.4857332
0.4990189
0.5174982
0.4929378
0.5072079
0.4708344
0.5095421
0.4959389
0.5301516
0.4880593
0.4927231
0.4920830
0.5151868
0.4896813
0.5406959
0.5037917
0.5038186
0.5282724
0.4758348
0.4890963
0.5115465
0.5084280
0.5046798
0.4846334
0.5006100
0.4878331
0.5641410
0.5154212
0.5210956
0.5074432
0.5288273
0.5264112
0.4904563
0.5117787
0.5163899
0.4886284
0.5010522
0.4695012
0.5082692
0.4862756
0.4857332
0.4990189
0.5174982
0.4929378
0.5072079
0.4708344
0.5095421
0.4959389
0.5301516
0.4880593
0.4927231
0.4920830
0.5151868
0.4896813
0.5406959
0.5037917
0.5038186
0.5282724
0.4758348
0.4890963
0.5115465
0.5084280
0.5046798
0.4846334
0.5006100
0.4878331
0.5641410
0.5154212
0.5210956
0.5074432
0.5288273
0.5264112
0.4904563
0.5117787
0.5163899
0.4886284
0.5010522
0.4695012
0.5082692
0.4862756
0.4857332
0.4990189
0.5174982
0.4929378
0.5072079
0.4708344
0.5095421
0.4959389
0.5301516
0.4880593
0.4927231
0.4920830
0.5151868
0.4896813
0.5406959
0.5037917
0.5038186
0.5282724
0.4758348
0.4890963
0.5115465
0.5084280
0.5046798
0.4846334
0.5006100
0.4878331
0.5641410
0.5154212
0.5210956
0.5074432
0.5288273
0.5264112
0.4904563
0.5117787
0.5163899
0.4886284
0.5010522
0.4695012
0.5082692
0.4862756
0.4857332
0.4990189
0.5174982
0.4929378
0.5072079
0.4708344
0.5095421
0.4959389
0.5301516
0.4880593
0.4927231
0.4920830
0.5151868
0.4896813
0.5406959
0.5037917
0.5038186
0.5282724
0.4758348
0.4890963
0.5115465
0.5084280
0.5046798
0.4846334
0.5006100
0.4878331
0.5641410
0.5154212
0.5210956
0.5074432
0.5288273
0.5264112
0.4904563
0.5117787
0.5163899
0.4886284
0.5010522
0.4695012
0.5082692
0.4862756
0.4857332
0.4990189
0.5174982
0.4929378
0.5072079
0.4708344
0.5095421
0.4959389
0.5301516
0.4880593
0.4927231
0.4920830
0.5151868
0.4896813
0.5406959
0.5037917
0.5038186
0.5282724
0.4758348
0.4890963
0.5115465
0.5084280
0.5046798
0.4846334
0.5006100
0.4878331
0.5641410
0.5154212
0.5210956
0.5074432
0.5288273
0.5264112
0.4904563
0.5117787
0.5163899
0.4886284
0.5010522
0.4695012
0.5082692
0.4862756
0.4857332
0.4990189
0.5174982
0.4929378
0.5072079
0.4708344
0.5095421
0.4959389
0.5301516
0.4880593
0.4927231
0.4920830
0.5151868
0.4896813
0.5406959
0.5037917
0.5038186
0.5282724
0.4758348
0.4890963
0.5115465
0.5084280
0.5046798
0.4846334
0.5006100
0.4878331
0.5641410
0.5154212
0.5210956
0.5074432
0.5288273
0.5264112
0.4904563
0.5117787
0.5163899
0.4886284
0.5010522
0.4695012
0.5082692
0.4862756
0.4857332
0.4990189
0.5174982
0.4929378
0.5072079
0.4708344
0.5095421
0.4959389
0.5301516
0.4880593
0.4927231
0.4920830
0.5151868
0.4896813
0.5406959
0.5037917
0.5038186
0.5282724
0.4758348
0.4890963
0.5115465
0.5084280
0.5046798
0.4846334
0.5006100
0.4878331
0.5641410
0.5154212
0.5210956
0.5074432
0.5288273
0.5264112
0.4904563
0.5117787
0.5163899
0.4886284
0.5010522
0.4695012
0.5082692
0.4862756
0.4857332
0.4990189
0.5174982
0.4929378
0.5072079
0.4708344
0.5095421
0.4959389
0.5301516
0.4880593
0.4927231
0.4920830
0.5151868
0.4896813
0.5406959
0.5037917
0.5038186
0.5282724
0.4758348
0.4890963
0.5115465
0.5084280
0.5046798
0.4846334
0.5006100
0.4878331
0.5641410
0.5154212
0.5210956
0.5074432
0.5288273
0.5264112
0.4904563
0.5117787
0.5163899
0.4886284
0.5010522
0.4695012
0.5082692
0.4862756
0.4857332
0.4990189
0.5174982
0.4929378
0.5072079
0.4708344
0.5095421
0.4959389
0.5301516
0.4880593
0.4927231
0.4920830
0.5151868
0.4896813
0.5406959
0.5037917
0.5038186
0.5282724
0.4758348
0.4890963
0.5115465
0.5084280
0.5046798
0.4846334
0.5006100
0.4878331
0.5641410
0.5154212
0.5210956
0.5074432
0.5288273
0.5264112
0.4904563
0.5117787
0.5163899
0.4886284
0.5010522
0.4695012
0.5082692
0.4862756
0.4857332
0.4990189
0.5174982
0.4929378
0.5072079
0.4708344
0.5095421
0.4959389
0.5301516
0.4880593
0.4927231
0.4920830
0.5151868
0.4896813
0.5406959
0.5037917
0.5038186
0.5282724
0.4758348
0.4890963
0.5115465
0.5084280
0.5046798
0.4846334
0.5006100
0.4878331
0.5641410
0.5154212
0.5210956
0.5074432
0.5288273
0.5264112
0.4904563
0.5117787
0.5163899
0.4886284
0.5010522
0.4695012
0.5082692
0.4862756
0.4857332
0.4990189
0.5174982
0.4929378
0.5072079
0.4708344
0.5095421
0.4959389
0.5301516
0.4880593
0.4927231
0.4920830
0.5151868
0.4896813
0.5406959
0.5037917
0.5038186
0.5282724
0.4758348
0.4890963
0.5115465
0.5084280
0.5046798
0.4846334
0.5006100
0.4878331
0.5641410
0.5154212
0.5210956
0.5074432
0.5288273
0.5264112
0.4904563
0.5117787
0.5163899
0.4886284
0.5010522
0.4695012
0.5082692
0.4862756
0.4857332
0.4990189
0.5174982
0.4929378
0.5072079
0.4708344
0.5095421
0.4959389
0.5301516
0.4880593
0.4927231
0.4920830
0.5151868
0.4896813
0.5406959
0.5037917
0.5038186
0.5282724
0.4758348
0.4890963
0.5115465
0.5084280
0.5046798
0.4846334
0.5006100
0.4878331
0.5641410
0.5154212
0.5210956
0.5074432
0.5288273
0.5264112
0.4904563
0.5117787
0.5163899
0.4886284
0.5010522
0.4695012
0.5082692
0.4862756
0.4857332
0.4990189
0.5174982
0.4929378
0.5072079
0.4708344
0.5095421
0.4959389
0.5301516
0.4880593
0.4927231
0.4920830
0.5151868
0.4896813
0.5406959
0.5037917
0.5038186
0.5282724
0.4758348
0.4890963
0.5115465
0.5084280
0.5046798
0.4846334
0.5006100
0.4878331
0.5641410
0.5154212
0.5210956
0.5074432
0.5288273
0.5264112
0.4904563
0.5117787
0.5163899
0.4886284
0.5010522
0.4695012
0.5082692
0.4862756
0.4857332
0.4990189
0.5174982
0.4929378
0.5072079
0.4708344
0.5095421
0.4959389
0.5301516
0.4880593
0.4927231
0.4920830
0.5151868
0.4896813
0.5406959
0.5037917
0.5038186
0.5282724
0.4758348
0.4890963
0.5115465
0.5084280
0.5046798
0.4846334
0.5006100
0.4878331
0.5641410
0.5154212
0.5210956
0.5074432
0.5288273
0.5264112
0.4904563
0.5117787
0.5163899
0.4886284
0.5010522
0.4695012
0.5082692
0.4862756
0.4857332
0.4990189
0.5174982
0.4929378
0.5072079
0.4708344
0.5095421
0.4959389
0.5301516
0.4880593
0.4927231
0.4920830
0.5151868
0.4896813
0.5406959
0.5037917
0.5038186
0.5282724
0.4758348
0.4890963
0.5115465
0.5084280
0.5046798
0.4846334
0.5006100
0.4878331
0.5641410
0.5154212
0.5210956
0.5074432
0.5288273
0.5264112
0.4904563
0.5117787
0.5163899
0.4886284
0.5010522
0.4695012
0.5082692
0.4862756
0.4857332
0.4990189
0.5174982
0.4929378
0.5072079
0.4708344
0.5095421
0.4959389
0.5301516
0.4880593
0.4927231
0.4920830
0.5151868
0.4896813
0.5406959
0.5037917
0.5038186
0.5282724
0.4758348
0.4890963
0.5115465
0.5084280
0.5046798
0.4846334
0.5006100
0.4878331
0.5641410
0.5154212
0.5210956
0.5074432
0.5288273
0.5264112
0.4904563
0.5117787
0.5163899
0.4886284
0.5010522
0.4695012
0.5082692
0.4862756
0.4857332
0.4990189
0.5174982
0.4929378
0.5072079
0.4708344
0.5095421
0.4959389
0.5301516
0.4880593
0.4927231
0.4920830
0.5151868
0.4896813
0.5406959
0.5037917
0.5038186
0.5282724
0.4758348
0.4890963
0.5115465
0.5084280
0.5046798
0.4846334
0.5006100
0.4878331
0.5641410
0.5154212
0.5210956
0.5074432
0.5288273
0.5264112
0.4904563
0.5117787
0.5163899
0.4886284
0.5010522
0.4695012
0.5082692
0.4862756
0.4857332
0.4990189
0.5174982
0.4929378
0.5072079
0.4708344
0.5095421
0.4959389
0.5301516
0.4880593
0.4927231
0.4920830
0.5151868
0.4896813
0.5406959
0.5037917
0.5038186
0.5282724
0.4758348
0.4890963
0.5115465
0.5084280
0.5046798
0.4846334
0.5006100
0.4878331
0.5641410
0.5154212
0.5210956
0.5074432
0.5288273
0.5264112
0.4904563
0.5117787
0.5163899
0.4886284
0.5010522
0.4695012
0.5082692
0.4862756
0.4857332
0.4990189
0.5174982
0.4929378
0.5072079
0.4708344
0.5095421
0.4959389
0.5301516
0.4880593
0.4927231
0.4920830
0.5151868
0.4896813
0.5406959
0.5037917
0.5038186
0.5282724
0.4758348
0.4890963
0.5115465
0.5084280
0.5046798
0.4846334
0.5006100
0.4878331
0.5641410
0.5154212
0.5210956
0.5074432
0.5288273
0.5264112
0.4904563
0.5117787
0.5163899
0.4886284
0.5010522
0.4695012
0.5082692
0.4862756
0.4857332
0.4990189
0.5174982
0.4929378
0.5072079
0.4708344
0.5095421
0.4959389
0.5301516
0.4880593
0.4927231
0.4920830
0.5151868
0.4896813
0.5406959
0.5037917
0.5038186
0.5282724
0.4758348
0.4890963
0.5115465
0.5084280
0.5046798
0.4846334
0.5006100
0.4878331
0.5641410
0.5154212
0.5210956
0.5074432
0.5288273
0.5264112
0.4904563
0.5117787
0.5163899
0.4886284
0.5010522
0.4695012
0.5082692
0.4862756
0.4857332
0.4990189
0.5174982
0.4929378
0.5072079
0.4708344
0.5095421
0.4959389
0.5301516
0.4880593
0.4927231
0.4920830
0.5151868
0.4896813
0.5406959
0.5037917
0.5038186
0.5282724
0.4758348
0.4890963
0.5115465
0.5084280
0.5046798
0.4846334
0.5006100
0.4878331
0.5641410
0.5154212
0.5210956
0.5074432
0.5288273
0.5264112
0.4904563
0.5117787
0.5163899
0.4886284
0.5010522
0.4695012
0.5082692
0.4862756
0.4857332
0.4990189
0.5174982
0.4929378
0.5072079
0.4708344
0.5095421
0.4959389
0.5301516
0.4880593
0.4927231
0.4920830
0.5151868
0.4896813
0.5406959
0.5037917
0.5038186
0.5282724
0.4758348
0.4890963
0.5115465
0.5084280
0.5046798
0.4846334
0.5006100
0.4878331
0.5641410
0.5154212
0.5210956
0.5074432
0.5288273
0.5264112
0.4904563
0.5117787
0.5163899
0.4886284
0.5010522
0.4695012
0.5082692
0.4862756
0.4857332
0.4990189
0.5174982
0.4929378
0.5072079
0.4708344
0.5095421
0.4959389
0.5301516
0.4880593
0.4927231
0.4920830
0.5151868
0.4896813
0.5406959
0.5037917
0.5038186
0.5282724
0.4758348
0.4890963
0.5115465
0.5084280
0.5046798
0.4846334
0.5006100
0.4878331
0.5641410
0.5154212
0.5210956
0.5074432
0.5288273
0.5264112
0.4904563
0.5117787
0.5163899
0.4886284
0.5010522
0.4695012
0.5082692
0.4862756
0.4857332
0.4990189
0.5174982
0.4929378
0.5072079
0.4708344
0.5095421
0.4959389
0.5301516
0.4880593
0.4927231
0.4920830
0.5151868
0.4896813
0.5406959
0.5037917
0.5038186
0.5282724
0.4758348
0.4890963
0.5115465
0.5084280
0.5046798
0.4846334
0.5006100
0.4878331
0.5641410
0.5154212
0.5210956
0.5074432
0.5288273
0.5264112
0.4904563
0.5117787
0.5163899
0.4886284
0.5010522
0.4695012
0.5082692
0.4862756
0.4857332
0.4990189
0.5174982
0.4929378
0.5072079
0.4708344
0.5095421
0.4959389
0.5301516
0.4880593
0.4927231
0.4920830
0.5151868
0.4896813
0.5406959
0.5037917
0.5038186
0.5282724
0.4758348
0.4890963
0.5115465
0.5084280
0.5046798
0.4846334
0.5006100
0.4878331
0.5641410
0.5154212
0.5210956
0.5074432
0.5288273
0.5264112
0.4904563
0.5117787
0.5163899
0.4886284
0.5010522
0.4695012
0.5082692
0.4862756
0.4857332
0.4990189
0.5174982
0.4929378
0.5072079
0.4708344
0.5095421
0.4959389
0.5301516
0.4880593
0.4927231
0.4920830
0.5151868
0.4896813
0.5406959
0.5037917
0.5038186
0.5282724
0.4758348
0.4890963
0.5115465
0.5084280
0.5046798
0.4846334
0.5006100
0.4878331
0.5641410
0.5154212
0.5210956
0.5074432
0.5288273
0.5264112
0.4904563
0.5117787
0.5163899
0.4886284
0.5010522
0.4695012
0.5082692
0.4862756
0.4857332
0.4990189
0.5174982
0.4929378
0.5072079
0.4708344
0.5095421
0.4959389
0.5301516
0.4880593
0.4927231
0.4920830
0.5151868
0.4896813
0.5406959
0.5037917
0.5038186
0.5282724
0.4758348
0.4890963
0.5115465
0.5084280
0.5046798
0.4846334
0.5006100
0.4878331
0.5641410
0.5154212
0.5210956
0.5074432
0.5288273
0.5264112
0.4904563
0.5117787
0.5163899
0.4886284
0.5010522
0.4695012
0.5082692
0.4862756
0.4857332
0.4990189
0.5174982
0.4929378
0.5072079
0.4708344
0.5095421
0.4959389
0.5301516
0.4880593
0.4927231
0.4920830
0.5151868
0.4896813
0.5406959
0.5037917
0.5038186
0.5282724
0.4758348
0.4890963
0.5115465
0.5084280
0.5046798
0.4846334
0.5006100
0.4878331
0.5641410
0.5154212
0.5210956
0.5074432
0.5288273
0.5264112
0.4904563
0.5117787
0.5163899
0.4886284
0.5010522
0.4695012
0.5082692
0.4862756
0.4857332
0.4990189
0.5174982
0.4929378
0.5072079
0.4708344
0.5095421
0.4959389
0.5301516
0.4880593
0.4927231
0.4920830
0.5151868
0.4896813
0.5406959
0.5037917
0.5038186
0.5282724
0.4758348
0.4890963
0.5115465
0.5084280
0.5046798
0.4846334
0.5006100
0.4878331
0.5641410
0.5154212
0.5210956
0.5074432
0.5288273
0.5264112
0.4904563
0.5117787
0.5163899
0.4886284
0.5010522
0.4695012
0.5082692
0.4862756
0.4857332
0.4990189
0.5174982
0.4929378
0.5072079
0.4708344
0.5095421
0.4959389
0.5301516
0.4880593
0.4927231
0.4920830
0.5151868
0.4896813
0.5406959
0.5037917
0.5038186
0.5282724
0.4758348
0.4890963
0.5115465
0.5084280
0.5046798
0.4846334
0.5006100
0.4878331
0.5641410
0.5154212
0.5210956
0.5074432
0.5288273
0.5264112
0.4904563
0.5117787
0.5163899
0.4886284
0.5010522
0.4695012
0.5082692
0.4862756
0.4857332
0.4990189
0.5174982
0.4929378
0.5072079
0.4708344
0.5095421
0.4959389
0.5301516
0.4880593
0.4927231
0.4920830
0.5151868
0.4896813
0.5406959
0.5037917
0.5038186
0.5282724
0.4758348
0.4890963
0.5115465
0.5084280
0.5046798
0.4846334
0.5006100
0.4878331
0.5641410
0.5154212
0.5210956
0.5074432
0.5288273
0.5264112
0.4904563
0.5117787
0.5163899
0.4886284
0.5010522
0.4695012
0.5082692
0.4862756
0.4857332
0.4990189
0.5174982
0.4929378
0.5072079
0.4708344
0.5095421
0.4959389
0.5301516
0.4880593
0.4927231
0.4920830
0.5151868
0.4896813
0.5406959
0.5037917
0.5038186
0.5282724
0.4758348
0.4890963
0.5115465
0.5084280
0.5046798
0.4846334
0.5006100
0.4878331
0.5641410
0.5154212
0.5210956
0.5074432
0.5288273
0.5264112
0.4904563
0.5117787
0.5163899
0.4886284
0.5010522
0.4695012
0.5082692
0.4862756
0.4857332
0.4990189
0.5174982
0.4929378
0.5072079
0.4708344
0.5095421
0.4959389
0.5301516
0.4880593
0.4927231
0.4920830
0.5151868
0.4896813
0.5406959
0.5037917
0.5038186
0.5282724
0.4758348
0.4890963
0.5115465
0.5084280
0.5046798
0.4846334
0.5006100
0.4878331
0.5641410
0.5154212
0.5210956
0.5074432
0.5288273
0.5264112
0.4904563
0.5117787
0.5163899
0.4886284
0.5010522
0.4695012
0.5082692
0.4862756
0.4857332
0.4990189
0.5174982
0.4929378
0.5072079
0.4708344
0.5095421
0.4959389
0.5301516
0.4880593
0.4927231
0.4920830
0.5151868
0.4896813
0.5406959
0.5037917
0.5038186
0.5282724
0.4758348
0.4890963
0.5115465
0.5084280
0.5046798
0.4846334
0.5006100
0.4878331
0.5641410
0.5154212
0.5210956
0.5074432
0.5288273
0.5264112
0.4904563
0.5117787
0.5163899
0.4886284
0.5010522
0.4695012
0.5082692
0.4862756
0.4857332
0.4990189
0.5174982
0.4929378
0.5072079
0.4708344
0.5095421
0.4959389
0.5301516
0.4880593
0.4927231
0.4920830
0.5151868
0.4896813
0.5406959
0.5037917
0.5038186
0.5282724
0.4758348
0.4890963
0.5115465
0.5084280
0.5046798
0.4846334
0.5006100
0.4878331
0.5641410
0.5154212
0.5210956
0.5074432
0.5288273
0.5264112
0.4904563
0.5117787
0.5163899
0.4886284
0.5010522
0.4695012
0.5082692
0.4862756
0.4857332
0.4990189
0.5174982
0.4929378
0.5072079
0.4708344
0.5095421
0.4959389
0.5301516
0.4880593
0.4927231
0.4920830
0.5151868
0.4896813
0.5406959
0.5037917
0.5038186
0.5282724
0.4758348
0.4890963
0.5115465
0.5084280
0.5046798
0.4846334
0.5006100
0.4878331
0.5641410
0.5154212
0.5210956
0.5074432
0.5288273
0.5264112
0.4904563
0.5117787
0.5163899
0.4886284
0.5010522
0.4695012
0.5082692
0.4862756
0.4857332
0.4990189
0.5174982
0.4929378
0.5072079
0.4708344
0.5095421
0.4959389
0.5301516
0.4880593
0.4927231
0.4920830
0.5151868
0.4896813
0.5406959
0.5037917
0.5038186
0.5282724
0.4758348
0.4890963
0.5115465
0.5084280
0.5046798
0.4846334
0.5006100
0.4878331
0.5641410
0.5154212
0.5210956
0.5074432
0.5288273
0.5264112
0.4904563
0.5117787
0.5163899
0.4886284
0.5010522
0.4695012
0.5082692
0.4862756
0.4857332
0.4990189
0.5174982
0.4929378
0.5072079
0.4708344
0.5095421
0.4959389
0.5301516
0.4880593
0.4927231
0.4920830
0.5151868
0.4896813
0.5406959
0.5037917
0.5038186
0.5282724
0.4758348
0.4890963
0.5115465
0.5084280
0.5046798
0.4846334
0.5006100
0.4878331
0.5641410
0.5154212
0.5210956
0.5074432
0.5288273
0.5264112
0.4904563
0.5117787
0.5163899
0.4886284
0.5010522
0.4695012
0.5082692
0.4862756
0.4857332
0.4990189
0.5174982
0.4929378
0.5072079
0.4708344
0.5095421
0.4959389
0.5301516
0.4880593
0.4927231
0.4920830
0.5151868
0.4896813
0.5406959
0.5037917
0.5038186
0.5282724
0.4758348
0.4890963
0.5115465
0.5084280
0.5046798
0.4846334
0.5006100
0.4878331
0.5641410
0.5154212
0.5210956
0.5074432
0.5288273
0.5264112
0.4904563
0.5117787
0.5163899
0.4886284
0.5010522
0.4695012
0.5082692
0.4862756
0.4857332
0.4990189
0.5174982
0.4929378
0.5072079
0.4708344
0.5095421
0.4959389
0.5301516
0.4880593
0.4927231
0.4920830
0.5151868
0.4896813
0.5406959
0.5037917
0.5038186
0.5282724
0.4758348
0.4890963
0.5115465
0.5084280
0.5046798
0.4846334
0.5006100
0.4878331
0.5641410
0.5154212
0.5210956
0.5074432
0.5288273
0.5264112
0.4904563
0.5117787
0.5163899
0.4886284
0.5010522
0.4695012
0.5082692
0.4862756
0.4857332
0.4990189
0.5174982
0.4929378
0.5072079
0.4708344
0.5095421
0.4959389
0.5301516
0.4880593
0.4927231
0.4920830
0.5151868
0.4896813
0.5406959
0.5037917
0.5038186
0.5282724
0.4758348
0.4890963
0.5115465
0.5084280
0.5046798
0.4846334
0.5006100
0.4878331
0.5641410
0.5154212
0.5210956
0.5074432
0.5288273
0.5264112
0.4904563
0.5117787
0.5163899
0.4886284
0.5010522
0.4695012
0.5082692
0.4862756
0.4857332
0.4990189
0.5174982
0.4929378
0.5072079
0.4708344
0.5095421
0.4959389
0.5301516
0.4880593
0.4927231
0.4920830
0.5151868
0.4896813
0.5406959
0.5037917
0.5038186
0.5282724
0.4758348
0.4890963
0.5115465
0.5084280
0.5046798
0.4846334
0.5006100
0.4878331
0.5641410
0.5154212
0.5210956
0.5074432
0.5288273
0.5264112
0.4904563
0.5117787
0.5163899
0.4886284
0.5010522
0.4695012
0.5082692
0.4862756
0.4857332
0.4990189
0.5174982
0.4929378
0.5072079
0.4708344
0.5095421
0.4959389
0.5301516
0.4880593
0.4927231
0.4920830
0.5151868
0.4896813
0.5406959
0.5037917
0.5038186
0.5282724
0.4758348
0.4890963
0.5115465
0.5084280
0.5046798
0.4846334
0.5006100
0.4878331
0.5641410
0.5154212
0.5210956
0.5074432
0.5288273
0.5264112
0.4904563
0.5117787
0.5163899
0.4886284
0.5010522
0.4695012
0.5082692
0.4862756
0.4857332
0.4990189
0.5174982
0.4929378
0.5072079
0.4708344
0.5095421
0.4959389
0.5301516
0.4880593
0.4927231
0.4920830
0.5151868
0.4896813
0.5406959
0.5037917
0.5038186
0.5282724
0.4758348
0.4890963
0.5115465
0.5084280
0.5046798
0.4846334
0.5006100
0.4878331
0.5641410
0.5154212
0.5210956
0.5074432
0.5288273
0.5264112
0.4904563
0.5117787
0.5163899
0.4886284
0.5010522
0.4695012
0.5082692
0.4862756
0.4857332
0.4990189
0.5174982
0.4929378
0.5072079
0.4708344
0.5095421
0.4959389
0.5301516
0.4880593
0.4927231
