0.4789983
0.4825008
0.5100603
0.5111443
0.5167624
0.4847670
0.5146022
0.5237366
0.5028269
0.4866461
0.5047739
0.5506009
0.4862298
0.5110067
0.4762967
0.4934826
0.4925260
0.4817639
0.5003153
0.4976384
0.5087024
0.4558255
0.5073366
0.4997093
0.5019507
0.4972845
0.4785106
0.5018199
0.4867598
0.5027515
0.5087891
0.4914402
0.4753193
0.4927763
0.5062094
0.5020339
0.4872187
0.5279496
0.5091878
0.5079027
0.4789983
0.4825008
0.5100603
0.5111443
0.5167624
0.4847670
0.5146022
0.5237366
0.5028269
0.4866461
0.5047739
0.5506009
0.4862298
0.5110067
0.4762967
0.4934826
0.4925260
0.4817639
0.5003153
0.4976384
0.5087024
0.4558255
0.5073366
0.4997093
0.5019507
0.4972845
0.4785106
0.5018199
0.4867598
0.5027515
0.5087891
0.4914402
0.4753193
0.4927763
0.5062094
0.5020339
0.4872187
0.5279496
0.5091878
0.5079027
0.4789983
0.4825008
0.5100603
0.5111443
0.5167624
0.4847670
0.5146022
0.5237366
0.5028269
0.4866461
0.5047739
0.5506009
0.4862298
0.5110067
0.4762967
0.4934826
0.4925260
0.4817639
0.5003153
0.4976384
0.5087024
0.4558255
0.5073366
0.4997093
0.5019507
0.4972845
0.4785106
0.5018199
0.4867598
0.5027515
0.5087891
0.4914402
0.4753193
0.4927763
0.5062094
0.5020339
0.4872187
0.5279496
0.5091878
0.5079027
0.4789983
0.4825008
0.5100603
0.5111443
0.5167624
0.4847670
0.5146022
0.5237366
0.5028269
0.4866461
0.5047739
0.5506009
0.4862298
0.5110067
0.4762967
0.4934826
0.4925260
0.4817639
0.5003153
0.4976384
0.5087024
0.4558255
0.5073366
0.4997093
0.5019507
0.4972845
0.4785106
0.5018199
0.4867598
0.5027515
0.5087891
0.4914402
0.4753193
0.4927763
0.5062094
0.5020339
0.4872187
0.5279496
0.5091878
0.5079027
0.4789983
0.4825008
0.5100603
0.5111443
0.5167624
0.4847670
0.5146022
0.5237366
0.5028269
0.4866461
0.5047739
0.5506009
0.4862298
0.5110067
0.4762967
0.4934826
0.4925260
0.4817639
0.5003153
0.4976384
0.5087024
0.4558255
0.5073366
0.4997093
0.5019507
0.4972845
0.4785106
0.5018199
0.4867598
0.5027515
0.5087891
0.4914402
0.4753193
0.4927763
0.5062094
0.5020339
0.4872187
0.5279496
0.5091878
0.5079027
0.4789983
0.4825008
0.5100603
0.5111443
0.5167624
0.4847670
0.5146022
0.5237366
0.5028269
0.4866461
0.5047739
0.5506009
0.4862298
0.5110067
0.4762967
0.4934826
0.4925260
0.4817639
0.5003153
0.4976384
0.5087024
0.4558255
0.5073366
0.4997093
0.5019507
0.4972845
0.4785106
0.5018199
0.4867598
0.5027515
0.5087891
0.4914402
0.4753193
0.4927763
0.5062094
0.5020339
0.4872187
0.5279496
0.5091878
0.5079027
0.4789983
0.4825008
0.5100603
0.5111443
0.5167624
0.4847670
0.5146022
0.5237366
0.5028269
0.4866461
0.5047739
0.5506009
0.4862298
0.5110067
0.4762967
0.4934826
0.4925260
0.4817639
0.5003153
0.4976384
0.5087024
0.4558255
0.5073366
0.4997093
0.5019507
0.4972845
0.4785106
0.5018199
0.4867598
0.5027515
0.5087891
0.4914402
0.4753193
0.4927763
0.5062094
0.5020339
0.4872187
0.5279496
0.5091878
0.5079027
0.4789983
0.4825008
0.5100603
0.5111443
0.5167624
0.4847670
0.5146022
0.5237366
0.5028269
0.4866461
0.5047739
0.5506009
0.4862298
0.5110067
0.4762967
0.4934826
0.4925260
0.4817639
0.5003153
0.4976384
0.5087024
0.4558255
0.5073366
0.4997093
0.5019507
0.4972845
0.4785106
0.5018199
0.4867598
0.5027515
0.5087891
0.4914402
0.4753193
0.4927763
0.5062094
0.5020339
0.4872187
0.5279496
0.5091878
0.5079027
0.4789983
0.4825008
0.5100603
0.5111443
0.5167624
0.4847670
0.5146022
0.5237366
0.5028269
0.4866461
0.5047739
0.5506009
0.4862298
0.5110067
0.4762967
0.4934826
0.4925260
0.4817639
0.5003153
0.4976384
0.5087024
0.4558255
0.5073366
0.4997093
0.5019507
0.4972845
0.4785106
0.5018199
0.4867598
0.5027515
0.5087891
0.4914402
0.4753193
0.4927763
0.5062094
0.5020339
0.4872187
0.5279496
0.5091878
0.5079027
0.4789983
0.4825008
0.5100603
0.5111443
0.5167624
0.4847670
0.5146022
0.5237366
0.5028269
0.4866461
0.5047739
0.5506009
0.4862298
0.5110067
0.4762967
0.4934826
0.4925260
0.4817639
0.5003153
0.4976384
0.5087024
0.4558255
0.5073366
0.4997093
0.5019507
0.4972845
0.4785106
0.5018199
0.4867598
0.5027515
0.5087891
0.4914402
0.4753193
0.4927763
0.5062094
0.5020339
0.4872187
0.5279496
0.5091878
0.5079027
0.4789983
0.4825008
0.5100603
0.5111443
0.5167624
0.4847670
0.5146022
0.5237366
0.5028269
0.4866461
0.5047739
0.5506009
0.4862298
0.5110067
0.4762967
0.4934826
0.4925260
0.4817639
0.5003153
0.4976384
0.5087024
0.4558255
0.5073366
0.4997093
0.5019507
0.4972845
0.4785106
0.5018199
0.4867598
0.5027515
0.5087891
0.4914402
0.4753193
0.4927763
0.5062094
0.5020339
0.4872187
0.5279496
0.5091878
0.5079027
0.4789983
0.4825008
0.5100603
0.5111443
0.5167624
0.4847670
0.5146022
0.5237366
0.5028269
0.4866461
0.5047739
0.5506009
0.4862298
0.5110067
0.4762967
0.4934826
0.4925260
0.4817639
0.5003153
0.4976384
0.5087024
0.4558255
0.5073366
0.4997093
0.5019507
0.4972845
0.4785106
0.5018199
0.4867598
0.5027515
0.5087891
0.4914402
0.4753193
0.4927763
0.5062094
0.5020339
0.4872187
0.5279496
0.5091878
0.5079027
0.4789983
0.4825008
0.5100603
0.5111443
0.5167624
0.4847670
0.5146022
0.5237366
0.5028269
0.4866461
0.5047739
0.5506009
0.4862298
0.5110067
0.4762967
0.4934826
0.4925260
0.4817639
0.5003153
0.4976384
0.5087024
0.4558255
0.5073366
0.4997093
0.5019507
0.4972845
0.4785106
0.5018199
0.4867598
0.5027515
0.5087891
0.4914402
0.4753193
0.4927763
0.5062094
0.5020339
0.4872187
0.5279496
0.5091878
0.5079027
0.4789983
0.4825008
0.5100603
0.5111443
0.5167624
0.4847670
0.5146022
0.5237366
0.5028269
0.4866461
0.5047739
0.5506009
0.4862298
0.5110067
0.4762967
0.4934826
0.4925260
0.4817639
0.5003153
0.4976384
0.5087024
0.4558255
0.5073366
0.4997093
0.5019507
0.4972845
0.4785106
0.5018199
0.4867598
0.5027515
0.5087891
0.4914402
0.4753193
0.4927763
0.5062094
0.5020339
0.4872187
0.5279496
0.5091878
0.5079027
0.4789983
0.4825008
0.5100603
0.5111443
0.5167624
0.4847670
0.5146022
0.5237366
0.5028269
0.4866461
0.5047739
0.5506009
0.4862298
0.5110067
0.4762967
0.4934826
0.4925260
0.4817639
0.5003153
0.4976384
0.5087024
0.4558255
0.5073366
0.4997093
0.5019507
0.4972845
0.4785106
0.5018199
0.4867598
0.5027515
0.5087891
0.4914402
0.4753193
0.4927763
0.5062094
0.5020339
0.4872187
0.5279496
0.5091878
0.5079027
0.4789983
0.4825008
0.5100603
0.5111443
0.5167624
0.4847670
0.5146022
0.5237366
0.5028269
0.4866461
0.5047739
0.5506009
0.4862298
0.5110067
0.4762967
0.4934826
0.4925260
0.4817639
0.5003153
0.4976384
0.5087024
0.4558255
0.5073366
0.4997093
0.5019507
0.4972845
0.4785106
0.5018199
0.4867598
0.5027515
0.5087891
0.4914402
0.4753193
0.4927763
0.5062094
0.5020339
0.4872187
0.5279496
0.5091878
0.5079027
0.4789983
0.4825008
0.5100603
0.5111443
0.5167624
0.4847670
0.5146022
0.5237366
0.5028269
0.4866461
0.5047739
0.5506009
0.4862298
0.5110067
0.4762967
0.4934826
0.4925260
0.4817639
0.5003153
0.4976384
0.5087024
0.4558255
0.5073366
0.4997093
0.5019507
0.4972845
0.4785106
0.5018199
0.4867598
0.5027515
0.5087891
0.4914402
0.4753193
0.4927763
0.5062094
0.5020339
0.4872187
0.5279496
0.5091878
0.5079027
0.4789983
0.4825008
0.5100603
0.5111443
0.5167624
0.4847670
0.5146022
0.5237366
0.5028269
0.4866461
0.5047739
0.5506009
0.4862298
0.5110067
0.4762967
0.4934826
0.4925260
0.4817639
0.5003153
0.4976384
0.5087024
0.4558255
0.5073366
0.4997093
0.5019507
0.4972845
0.4785106
0.5018199
0.4867598
0.5027515
0.5087891
0.4914402
0.4753193
0.4927763
0.5062094
0.5020339
0.4872187
0.5279496
0.5091878
0.5079027
0.4789983
0.4825008
0.5100603
0.5111443
0.5167624
0.4847670
0.5146022
0.5237366
0.5028269
0.4866461
0.5047739
0.5506009
0.4862298
0.5110067
0.4762967
0.4934826
0.4925260
0.4817639
0.5003153
0.4976384
0.5087024
0.4558255
0.5073366
0.4997093
0.5019507
0.4972845
0.4785106
0.5018199
0.4867598
0.5027515
0.5087891
0.4914402
0.4753193
0.4927763
0.5062094
0.5020339
0.4872187
0.5279496
0.5091878
0.5079027
0.4789983
0.4825008
0.5100603
0.5111443
0.5167624
0.4847670
0.5146022
0.5237366
0.5028269
0.4866461
0.5047739
0.5506009
0.4862298
0.5110067
0.4762967
0.4934826
0.4925260
0.4817639
0.5003153
0.4976384
0.5087024
0.4558255
0.5073366
0.4997093
0.5019507
0.4972845
0.4785106
0.5018199
0.4867598
0.5027515
0.5087891
0.4914402
0.4753193
0.4927763
0.5062094
0.5020339
0.4872187
0.5279496
0.5091878
0.5079027
0.4789983
0.4825008
0.5100603
0.5111443
0.5167624
0.4847670
0.5146022
0.5237366
0.5028269
0.4866461
0.5047739
0.5506009
0.4862298
0.5110067
0.4762967
0.4934826
0.4925260
0.4817639
0.5003153
0.4976384
0.5087024
0.4558255
0.5073366
0.4997093
0.5019507
0.4972845
0.4785106
0.5018199
0.4867598
0.5027515
0.5087891
0.4914402
0.4753193
0.4927763
0.5062094
0.5020339
0.4872187
0.5279496
0.5091878
0.5079027
0.4789983
0.4825008
0.5100603
0.5111443
0.5167624
0.4847670
0.5146022
0.5237366
0.5028269
0.4866461
0.5047739
0.5506009
0.4862298
0.5110067
0.4762967
0.4934826
0.4925260
0.4817639
0.5003153
0.4976384
0.5087024
0.4558255
0.5073366
0.4997093
0.5019507
0.4972845
0.4785106
0.5018199
0.4867598
0.5027515
0.5087891
0.4914402
0.4753193
0.4927763
0.5062094
0.5020339
0.4872187
0.5279496
0.5091878
0.5079027
0.4789983
0.4825008
0.5100603
0.5111443
0.5167624
0.4847670
0.5146022
0.5237366
0.5028269
0.4866461
0.5047739
0.5506009
0.4862298
0.5110067
0.4762967
0.4934826
0.4925260
0.4817639
0.5003153
0.4976384
0.5087024
0.4558255
0.5073366
0.4997093
0.5019507
0.4972845
0.4785106
0.5018199
0.4867598
0.5027515
0.5087891
0.4914402
0.4753193
0.4927763
0.5062094
0.5020339
0.4872187
0.5279496
0.5091878
0.5079027
0.4789983
0.4825008
0.5100603
0.5111443
0.5167624
0.4847670
0.5146022
0.5237366
0.5028269
0.4866461
0.5047739
0.5506009
0.4862298
0.5110067
0.4762967
0.4934826
0.4925260
0.4817639
0.5003153
0.4976384
0.5087024
0.4558255
0.5073366
0.4997093
0.5019507
0.4972845
0.4785106
0.5018199
0.4867598
0.5027515
0.5087891
0.4914402
0.4753193
0.4927763
0.5062094
0.5020339
0.4872187
0.5279496
0.5091878
0.5079027
0.4789983
0.4825008
0.5100603
0.5111443
0.5167624
0.4847670
0.5146022
0.5237366
0.5028269
0.4866461
0.5047739
0.5506009
0.4862298
0.5110067
0.4762967
0.4934826
0.4925260
0.4817639
0.5003153
0.4976384
0.5087024
0.4558255
0.5073366
0.4997093
0.5019507
0.4972845
0.4785106
0.5018199
0.4867598
0.5027515
0.5087891
0.4914402
0.4753193
0.4927763
0.5062094
0.5020339
0.4872187
0.5279496
0.5091878
0.5079027
0.4789983
0.4825008
0.5100603
0.5111443
0.5167624
0.4847670
0.5146022
0.5237366
0.5028269
0.4866461
0.5047739
0.5506009
0.4862298
0.5110067
0.4762967
0.4934826
0.4925260
0.4817639
0.5003153
0.4976384
0.5087024
0.4558255
0.5073366
0.4997093
0.5019507
0.4972845
0.4785106
0.5018199
0.4867598
0.5027515
0.5087891
0.4914402
0.4753193
0.4927763
0.5062094
0.5020339
0.4872187
0.5279496
0.5091878
0.5079027
0.4789983
0.4825008
0.5100603
0.5111443
0.5167624
0.4847670
0.5146022
0.5237366
0.5028269
0.4866461
0.5047739
0.5506009
0.4862298
0.5110067
0.4762967
0.4934826
0.4925260
0.4817639
0.5003153
0.4976384
0.5087024
0.4558255
0.5073366
0.4997093
0.5019507
0.4972845
0.4785106
0.5018199
0.4867598
0.5027515
0.5087891
0.4914402
0.4753193
0.4927763
0.5062094
0.5020339
0.4872187
0.5279496
0.5091878
0.5079027
0.4789983
0.4825008
0.5100603
0.5111443
0.5167624
0.4847670
0.5146022
0.5237366
0.5028269
0.4866461
0.5047739
0.5506009
0.4862298
0.5110067
0.4762967
0.4934826
0.4925260
0.4817639
0.5003153
0.4976384
0.5087024
0.4558255
0.5073366
0.4997093
0.5019507
0.4972845
0.4785106
0.5018199
0.4867598
0.5027515
0.5087891
0.4914402
0.4753193
0.4927763
0.5062094
0.5020339
0.4872187
0.5279496
0.5091878
0.5079027
0.4789983
0.4825008
0.5100603
0.5111443
0.5167624
0.4847670
0.5146022
0.5237366
0.5028269
0.4866461
0.5047739
0.5506009
0.4862298
0.5110067
0.4762967
0.4934826
0.4925260
0.4817639
0.5003153
0.4976384
0.5087024
0.4558255
0.5073366
0.4997093
0.5019507
0.4972845
0.4785106
0.5018199
0.4867598
0.5027515
0.5087891
0.4914402
0.4753193
0.4927763
0.5062094
0.5020339
0.4872187
0.5279496
0.5091878
0.5079027
0.4789983
0.4825008
0.5100603
0.5111443
0.5167624
0.4847670
0.5146022
0.5237366
0.5028269
0.4866461
0.5047739
0.5506009
0.4862298
0.5110067
0.4762967
0.4934826
0.4925260
0.4817639
0.5003153
0.4976384
0.5087024
0.4558255
0.5073366
0.4997093
0.5019507
0.4972845
0.4785106
0.5018199
0.4867598
0.5027515
0.5087891
0.4914402
0.4753193
0.4927763
0.5062094
0.5020339
0.4872187
0.5279496
0.5091878
0.5079027
0.4789983
0.4825008
0.5100603
0.5111443
0.5167624
0.4847670
0.5146022
0.5237366
0.5028269
0.4866461
0.5047739
0.5506009
0.4862298
0.5110067
0.4762967
0.4934826
0.4925260
0.4817639
0.5003153
0.4976384
0.5087024
0.4558255
0.5073366
0.4997093
0.5019507
0.4972845
0.4785106
0.5018199
0.4867598
0.5027515
0.5087891
0.4914402
0.4753193
0.4927763
0.5062094
0.5020339
0.4872187
0.5279496
0.5091878
0.5079027
0.4789983
0.4825008
0.5100603
0.5111443
0.5167624
0.4847670
0.5146022
0.5237366
0.5028269
0.4866461
0.5047739
0.5506009
0.4862298
0.5110067
0.4762967
0.4934826
0.4925260
0.4817639
0.5003153
0.4976384
0.5087024
0.4558255
0.5073366
0.4997093
0.5019507
0.4972845
0.4785106
0.5018199
0.4867598
0.5027515
0.5087891
0.4914402
0.4753193
0.4927763
0.5062094
0.5020339
0.4872187
0.5279496
0.5091878
0.5079027
0.4789983
0.4825008
0.5100603
0.5111443
0.5167624
0.4847670
0.5146022
0.5237366
0.5028269
0.4866461
0.5047739
0.5506009
0.4862298
0.5110067
0.4762967
0.4934826
0.4925260
0.4817639
0.5003153
0.4976384
0.5087024
0.4558255
0.5073366
0.4997093
0.5019507
0.4972845
0.4785106
0.5018199
0.4867598
0.5027515
0.5087891
0.4914402
0.4753193
0.4927763
0.5062094
0.5020339
0.4872187
0.5279496
0.5091878
0.5079027
0.4789983
0.4825008
0.5100603
0.5111443
0.5167624
0.4847670
0.5146022
0.5237366
0.5028269
0.4866461
0.5047739
0.5506009
0.4862298
0.5110067
0.4762967
0.4934826
0.4925260
0.4817639
0.5003153
0.4976384
0.5087024
0.4558255
0.5073366
0.4997093
0.5019507
0.4972845
0.4785106
0.5018199
0.4867598
0.5027515
0.5087891
0.4914402
0.4753193
0.4927763
0.5062094
0.5020339
0.4872187
0.5279496
0.5091878
0.5079027
0.4789983
0.4825008
0.5100603
0.5111443
0.5167624
0.4847670
0.5146022
0.5237366
0.5028269
0.4866461
0.5047739
0.5506009
0.4862298
0.5110067
0.4762967
0.4934826
0.4925260
0.4817639
0.5003153
0.4976384
0.5087024
0.4558255
0.5073366
0.4997093
0.5019507
0.4972845
0.4785106
0.5018199
0.4867598
0.5027515
0.5087891
0.4914402
0.4753193
0.4927763
0.5062094
0.5020339
0.4872187
0.5279496
0.5091878
0.5079027
0.4789983
0.4825008
0.5100603
0.5111443
0.5167624
0.4847670
0.5146022
0.5237366
0.5028269
0.4866461
0.5047739
0.5506009
0.4862298
0.5110067
0.4762967
0.4934826
0.4925260
0.4817639
0.5003153
0.4976384
0.5087024
0.4558255
0.5073366
0.4997093
0.5019507
0.4972845
0.4785106
0.5018199
0.4867598
0.5027515
0.5087891
0.4914402
0.4753193
0.4927763
0.5062094
0.5020339
0.4872187
0.5279496
0.5091878
0.5079027
0.4789983
0.4825008
0.5100603
0.5111443
0.5167624
0.4847670
0.5146022
0.5237366
0.5028269
0.4866461
0.5047739
0.5506009
0.4862298
0.5110067
0.4762967
0.4934826
0.4925260
0.4817639
0.5003153
0.4976384
0.5087024
0.4558255
0.5073366
0.4997093
0.5019507
0.4972845
0.4785106
0.5018199
0.4867598
0.5027515
0.5087891
0.4914402
0.4753193
0.4927763
0.5062094
0.5020339
0.4872187
0.5279496
0.5091878
0.5079027
0.4789983
0.4825008
0.5100603
0.5111443
0.5167624
0.4847670
0.5146022
0.5237366
0.5028269
0.4866461
0.5047739
0.5506009
0.4862298
0.5110067
0.4762967
0.4934826
0.4925260
0.4817639
0.5003153
0.4976384
0.5087024
0.4558255
0.5073366
0.4997093
0.5019507
0.4972845
0.4785106
0.5018199
0.4867598
0.5027515
0.5087891
0.4914402
0.4753193
0.4927763
0.5062094
0.5020339
0.4872187
0.5279496
0.5091878
0.5079027
0.4789983
0.4825008
0.5100603
0.5111443
0.5167624
0.4847670
0.5146022
0.5237366
0.5028269
0.4866461
0.5047739
0.5506009
0.4862298
0.5110067
0.4762967
0.4934826
0.4925260
0.4817639
0.5003153
0.4976384
0.5087024
0.4558255
0.5073366
0.4997093
0.5019507
0.4972845
0.4785106
0.5018199
0.4867598
0.5027515
0.5087891
0.4914402
0.4753193
0.4927763
0.5062094
0.5020339
0.4872187
0.5279496
0.5091878
0.5079027
0.4789983
0.4825008
0.5100603
0.5111443
0.5167624
0.4847670
0.5146022
0.5237366
0.5028269
0.4866461
0.5047739
0.5506009
0.4862298
0.5110067
0.4762967
0.4934826
0.4925260
0.4817639
0.5003153
0.4976384
0.5087024
0.4558255
0.5073366
0.4997093
0.5019507
0.4972845
0.4785106
0.5018199
0.4867598
0.5027515
0.5087891
0.4914402
0.4753193
0.4927763
0.5062094
0.5020339
0.4872187
0.5279496
0.5091878
0.5079027
0.4789983
0.4825008
0.5100603
0.5111443
0.5167624
0.4847670
0.5146022
0.5237366
0.5028269
0.4866461
0.5047739
0.5506009
0.4862298
0.5110067
0.4762967
0.4934826
0.4925260
0.4817639
0.5003153
0.4976384
0.5087024
0.4558255
0.5073366
0.4997093
0.5019507
0.4972845
0.4785106
0.5018199
0.4867598
0.5027515
0.5087891
0.4914402
0.4753193
0.4927763
0.5062094
0.5020339
0.4872187
0.5279496
0.5091878
0.5079027
0.4789983
0.4825008
0.5100603
0.5111443
0.5167624
0.4847670
0.5146022
0.5237366
0.5028269
0.4866461
0.5047739
0.5506009
0.4862298
0.5110067
0.4762967
0.4934826
0.4925260
0.4817639
0.5003153
0.4976384
0.5087024
0.4558255
0.5073366
0.4997093
0.5019507
0.4972845
0.4785106
0.5018199
0.4867598
0.5027515
0.5087891
0.4914402
0.4753193
0.4927763
0.5062094
0.5020339
0.4872187
0.5279496
0.5091878
0.5079027
0.4789983
0.4825008
0.5100603
0.5111443
0.5167624
0.4847670
0.5146022
0.5237366
0.5028269
0.4866461
0.5047739
0.5506009
0.4862298
0.5110067
0.4762967
0.4934826
0.4925260
0.4817639
0.5003153
0.4976384
0.5087024
0.4558255
0.5073366
0.4997093
0.5019507
0.4972845
0.4785106
0.5018199
0.4867598
0.5027515
0.5087891
0.4914402
0.4753193
0.4927763
0.5062094
0.5020339
0.4872187
0.5279496
0.5091878
0.5079027
0.4789983
0.4825008
0.5100603
0.5111443
0.5167624
0.4847670
0.5146022
0.5237366
0.5028269
0.4866461
0.5047739
0.5506009
0.4862298
0.5110067
0.4762967
0.4934826
0.4925260
0.4817639
0.5003153
0.4976384
0.5087024
0.4558255
0.5073366
0.4997093
0.5019507
0.4972845
0.4785106
0.5018199
0.4867598
0.5027515
0.5087891
0.4914402
0.4753193
0.4927763
0.5062094
0.5020339
0.4872187
0.5279496
0.5091878
0.5079027
0.4789983
0.4825008
0.5100603
0.5111443
0.5167624
0.4847670
0.5146022
0.5237366
0.5028269
0.4866461
0.5047739
0.5506009
0.4862298
0.5110067
0.4762967
0.4934826
0.4925260
0.4817639
0.5003153
0.4976384
0.5087024
0.4558255
0.5073366
0.4997093
0.5019507
0.4972845
0.4785106
0.5018199
0.4867598
0.5027515
0.5087891
0.4914402
0.4753193
0.4927763
0.5062094
0.5020339
0.4872187
0.5279496
0.5091878
0.5079027
0.4789983
0.4825008
0.5100603
0.5111443
0.5167624
0.4847670
0.5146022
0.5237366
0.5028269
0.4866461
0.5047739
0.5506009
0.4862298
0.5110067
0.4762967
0.4934826
0.4925260
0.4817639
0.5003153
0.4976384
0.5087024
0.4558255
0.5073366
0.4997093
0.5019507
0.4972845
0.4785106
0.5018199
0.4867598
0.5027515
0.5087891
0.4914402
0.4753193
0.4927763
0.5062094
0.5020339
0.4872187
0.5279496
0.5091878
0.5079027
0.4789983
0.4825008
0.5100603
0.5111443
0.5167624
0.4847670
0.5146022
0.5237366
0.5028269
0.4866461
0.5047739
0.5506009
0.4862298
0.5110067
0.4762967
0.4934826
0.4925260
0.4817639
0.5003153
0.4976384
0.5087024
0.4558255
0.5073366
0.4997093
0.5019507
0.4972845
0.4785106
0.5018199
0.4867598
0.5027515
0.5087891
0.4914402
0.4753193
0.4927763
0.5062094
0.5020339
0.4872187
0.5279496
0.5091878
0.5079027
0.4789983
0.4825008
0.5100603
0.5111443
0.5167624
0.4847670
0.5146022
0.5237366
0.5028269
0.4866461
0.5047739
0.5506009
0.4862298
0.5110067
0.4762967
0.4934826
0.4925260
0.4817639
0.5003153
0.4976384
0.5087024
0.4558255
0.5073366
0.4997093
0.5019507
0.4972845
0.4785106
0.5018199
0.4867598
0.5027515
0.5087891
0.4914402
0.4753193
0.4927763
0.5062094
0.5020339
0.4872187
0.5279496
0.5091878
0.5079027
0.4789983
0.4825008
0.5100603
0.5111443
0.5167624
0.4847670
0.5146022
0.5237366
0.5028269
0.4866461
0.5047739
0.5506009
0.4862298
0.5110067
0.4762967
0.4934826
0.4925260
0.4817639
0.5003153
0.4976384
0.5087024
0.4558255
0.5073366
0.4997093
0.5019507
0.4972845
0.4785106
0.5018199
0.4867598
0.5027515
0.5087891
0.4914402
0.4753193
0.4927763
0.5062094
0.5020339
0.4872187
0.5279496
0.5091878
0.5079027
0.4789983
0.4825008
0.5100603
0.5111443
0.5167624
0.4847670
0.5146022
0.5237366
0.5028269
0.4866461
0.5047739
0.5506009
0.4862298
0.5110067
0.4762967
0.4934826
0.4925260
0.4817639
0.5003153
0.4976384
0.5087024
0.4558255
0.5073366
0.4997093
0.5019507
0.4972845
0.4785106
0.5018199
0.4867598
0.5027515
0.5087891
0.4914402
0.4753193
0.4927763
0.5062094
0.5020339
0.4872187
0.5279496
0.5091878
0.5079027
