 4.809246
 4.671475
 4.837579
 4.002832
 3.865024
 4.537789
 4.668466
 4.633947
 4.658333
 4.725381
 4.670220
 4.560626
 4.797418
 6.367799
 6.875634
 6.605012
 6.395862
 6.382626
 6.067270
 6.788423
 6.405105
 6.366747
 6.730363
 6.558152
 6.544244
 5.906280
 6.159138
 6.769667
 6.647357
 6.827095
 6.823950
 7.247203
 7.078115
 7.277059
 7.289625
 7.098191
 6.621250
 6.948882
 6.563838
 6.893552
 7.136340
 7.303475
 7.020320
 7.027264
 6.322288
 6.533884
 6.329140
 6.032127
 6.761084
 6.024442
 6.881808
 6.614232
 6.282698
 6.516495
 6.280944
 6.249372
 5.971144
 6.336091
 5.935933
 6.619835
 6.714648
 6.484610
 6.559261
 6.279898
 8.543291
 8.972447
 8.281924
 7.774983
 8.834868
 8.282920
 3.978770
 4.490913
 4.814907
 4.802410
 4.439725
 4.464531
 4.608023
 4.363325
 4.346158
 4.451662
 4.077409
 4.225257
 4.482245
 4.183869
 4.350812
 4.289324
 5.762236
 5.903134
 5.807063
 6.801687
 6.494141
 5.952211
 5.782027
 6.576270
 6.318434
 6.243116
 6.342323
 6.042589
 5.968537
 6.602422
 6.716609
 6.576185
 6.946229
 3.724971
 3.912673
 3.984934
 3.919875
 3.846884
 4.175751
 6.960175
 7.490249
 5.961199
 5.981732
 5.632874
 5.820714
 5.391594
 7.220816
 7.915628
 7.176100
 6.989010
 7.436851
 7.366447
 6.527866
 6.667027
 6.871153
 7.384772
 7.802883
 6.971817
 7.628078
 7.356400
 7.039229
 7.236965
 6.320043
 6.710773
 6.397655
 6.551665
 6.981594
 6.079321
 6.140208
 6.337387
 6.356388
 5.830125
 5.936901
 8.456213
 7.786857
 7.650850
 8.115766
 7.765123
 7.877831
 8.096881
 7.991432
 6.366753
 6.531135
 6.168842
 6.715351
 6.342133
 5.081802
 5.200909
 5.018548
 4.853190
 5.297591
 5.132294
 4.936709
 5.286871
 4.933008
 5.170340
 4.854850
 5.065386
 4.861038
 4.951477
 5.057414
 5.010878
 6.114560
 5.766968
 5.832059
 5.612168
 5.213699
 5.194728
 5.189271
 5.448498
 5.052871
 5.592454
 5.411300
 5.189126
 5.652822
 5.818514
 5.751210
 5.464857
 5.587418
 6.542715
 6.450493
 6.048166
 5.722165
 5.841849
 5.834666
 5.373572
 4.913663
 5.212536
 5.302520
 6.682360
 6.927500
 7.326931
 7.215687
 7.103973
 7.070573
 6.985545
 8.009878
 7.510844
 7.872662
 7.989275
 6.726571
 6.670071
 7.414121
 7.362367
 7.269140
 6.959767
 8.267760
 7.786660
 7.596313
 7.575068
 7.649550
 7.929190
 6.876488
 7.343466
 7.410600
 7.998686
 7.550211
 7.364673
 5.985853
 5.435348
 5.979788
 6.197617
 7.889176
 7.967995
 6.863576
 6.775453
 7.201150
 7.099018
 6.397444
 6.521663
 7.716631
 7.954577
 6.806102
 6.645798
 6.100977
 5.970986
 6.025958
 6.750897
 6.711962
 5.687867
 5.472898
 6.890248
 7.100064
 7.166610
 6.824626
 6.657398
 6.662187
 6.360336
 7.157606
 7.029817
 6.852275
 7.169867
 5.562379
 5.976451
 5.768821
 5.628207
 5.285000
 6.786953
 6.954154
 6.934601
 6.861787
 7.020586
 6.711569
 6.524546
 6.847480
 7.933260
 7.820322
 8.221867
 8.541487
 7.764771
 7.198198
 7.395340
 8.276653
 9.117089
 8.897770
 8.718432
 7.337472
 7.958731
 7.130590
 7.635305
 7.892409
 8.037585
 8.261873
 8.546408
 7.690605
 8.192650
 8.727913
 7.625551
 7.487133
 7.364380
 5.106451
 5.502352
 6.848538
 6.776435
 6.364228
 6.571115
 6.446079
 5.952138
 6.585501
 6.495092
 6.493756
 7.950999
 7.680218
 7.793472
 8.420335
 8.496020
 8.963914
 8.192766
 8.794593
 7.869827
 7.648366
 7.767227
 8.206778
 8.136213
 7.987993
 7.684199
 7.229729
 8.585530
 8.180357
 8.530593
 8.505190
 8.563231
 8.343506
 8.427137
 9.097723
 8.417957
 8.673923
 8.334353
13.889156
13.453407
13.966696
14.242904
13.874013
12.738321
13.126208
13.906010
12.409213
11.259002
11.779007
11.819827
11.688955
10.850599
10.277051
10.536397
10.989939
10.808527
11.174264
12.923956
10.366028
10.459565
10.804740
10.763212
 9.724250
 9.962482
 9.935141
 9.345188
10.524999
11.105156
10.560399
11.389671
10.242909
11.333843
12.020354
12.820375
12.698251
13.038921
13.145920
13.441033
12.315736
13.464319
13.133093
11.511267
11.531625
10.974387
11.409848
10.653941
11.635791
11.188003
11.590748
10.553289
10.818843
11.119348
 9.990735
 8.090968
10.047794
 8.987076
 9.558651
 9.667983
 9.405366
10.122803
10.406193
 7.897364
 6.153561
 6.549921
 6.359691
 5.886152
 5.687440
 6.833692
 6.971062
 6.762197
 6.805168
 7.064971
 5.493844
 5.610124
 5.644843
 5.490921
 5.710190
 4.857949
 6.360212
 6.286174
 6.250810
 6.153273
 5.389696
 5.163013
 5.883607
 5.816873
 6.016974
 5.864111
 5.751478
 5.905171
 5.738711
 5.954359
 5.395106
 5.772035
 4.431955
 4.405216
 4.655957
 4.547073
 4.016846
 5.561042
 5.129449
 5.210069
 5.383172
 5.167591
 5.023971
 5.044110
 4.515794
 4.546358
 5.121063
 4.844414
 5.297930
 5.749084
 4.886881
 5.100452
 5.085502
 4.904910
 4.912849
 5.238398
 4.942948
 4.504921
 4.816747
 4.880645
 4.990544
 5.069721
 4.958880
 5.228543
 6.926441
 7.152460
 7.627061
 7.796590
 5.895903
 6.048758
 5.988526
 5.457389
 6.378432
 6.285475
 7.204063
 7.106868
 7.689908
 7.572721
 7.343193
 7.425927
 7.232651
 8.643001
 8.528486
 9.424263
 8.147426
 9.012555
 8.195313
 9.120722
 8.857402
 8.371302
 8.856985
 8.467220
 9.748671
 9.535227
 9.491963
 9.063454
 7.915109
 9.284284
 9.294210
 9.502890
 7.856505
 7.717204
 8.354204
 8.853690
 9.396615
 8.818307
 9.430508
 9.547791
 8.969112
 9.041465
 8.558937
 8.349268
10.104537
10.652824
11.845448
11.961506
12.104350
11.928693
 8.944715
 9.463846
 9.420296
 9.567325
 8.456562
 9.414188
 9.387398
 9.646457
 9.063114
 9.063979
 9.007207
 9.371072
 8.797257
 8.715827
 8.713777
 9.656006
 8.505871
 7.474034
 7.329548
 8.749425
 8.717297
 8.297378
 8.518899
 7.167297
 7.607069
 7.898829
 7.834915
 7.902510
 8.050710
 8.290183
 7.944112
 8.523337
 7.448566
 8.049366
 8.124923
 8.490454
 8.024912
 8.093754
 8.309584
 7.978291
 8.099558
 7.997063
 8.623326
 8.269579
 8.314869
 7.642391
 8.237262
 8.248085
 7.967202
 7.778576
 7.789480
 7.554289
 7.425000
 7.887123
 8.200117
 7.983874
 7.694134
 8.441398
 7.310923
 7.098044
 7.443119
 7.693731
 7.577372
 7.290912
 7.116462
 7.386742
 7.579931
 7.312302
 6.104622
 5.898813
 5.512781
 5.632407
 6.144151
 6.010247
 5.795173
 5.375621
 7.009942
 7.043306
 7.081063
12.729470
12.354840
13.388054
12.146244
14.018499
14.369872
12.718291
13.870992
15.610434
14.116015
14.933445
15.003658
14.029544
14.588829
13.678615
13.826164
14.878942
14.005588
13.486999
11.567446
12.428750
12.434217
13.449652
13.635111
13.723996
13.919987
14.098862
13.927564
13.932358
13.144971
14.560722
14.519879
13.336542
13.986459
14.407421
13.373906
13.639322
10.540004
10.578506
 9.914016
 9.905323
 9.939398
 9.911021
 9.476014
 9.078533
 9.716297
 9.180140
 8.433123
 7.429121
 8.640906
 8.219724
 8.854492
 8.905010
 9.836202
 9.673322
 9.271798
 9.204288
 8.535470
 9.120379
 9.522775
 9.209497
 8.916660
 8.361606
 9.298811
 8.881135
 9.426657
 9.268010
 9.547709
 9.268724
 9.424579
 8.558078
 7.819811
 8.297028
 9.097172
 7.946249
 8.277076
 9.910639
10.418934
10.506429
 9.406594
 9.353666
 9.895510
 9.085384
 9.598755
 9.810617
 8.715181
 9.693013
 8.184356
 8.797485
 9.155241
 9.355541
 8.467494
 8.922000
10.322745
10.087069
10.452963
 9.572295
10.150522
10.128941
10.175400
 9.819006
10.221047
10.463584
 7.221257
 8.155271
 7.626004
 8.551389
 9.029580
 9.260893
 9.546042
 8.494780
 9.227868
 8.398485
 8.167681
 7.588889
 7.733050
 7.705418
 7.155430
 7.656276
 7.328932
 7.156431
 7.338207
 6.793550
 5.702547
 6.399684
 5.851504
 6.698264
 6.204022
 6.702828
 6.482651
 6.490534
 6.205506
 8.430375
 8.517072
 9.494409
 9.443247
 9.607787
 9.815273
 9.406393
 9.110957
 9.465204
 9.535885
 9.093298
 9.324290
 9.324076
 8.658160
 8.743373
 9.277132
 8.622638
 9.021109
 9.038984
 8.803416
10.634346
10.585101
10.633683
 9.726089
 8.643113
10.086680
 8.937598
 9.739262
10.447893
10.938087
10.936266
11.042304
10.740341
10.301392
10.981938
10.828982
10.465963
11.532231
 9.459181
 9.751932
 9.593815
 9.260854
10.024954
 9.998566
 8.900035
 9.742707
10.195348
 9.855187
 9.164801
 9.144821
 9.058417
10.081523
10.016861
 8.586456
 8.159177
 9.195946
 8.791142
 8.444627
 9.616172
 9.727004
10.842124
10.482782
10.287071
 9.426742
 9.739464
 9.285925
 9.164266
 9.226220
 8.767677
 9.790368
 8.497281
 9.298082
 8.974237
 8.632238
 8.727505
 8.691860
 9.282596
 9.014108
 9.415312
10.496209
 9.788354
 8.806640
 8.939474
 8.430375
10.221522
 9.779627
 7.904750
 7.830863
 8.056888
 7.877289
 8.617767
 7.784344
 7.762625
 8.231718
 7.648273
 7.840197
 8.949038
 8.789718
 8.212568
 8.590751
 8.543311
 9.212088
 8.385347
 7.600392
 8.083981
 8.315940
 8.403916
 8.035304
 7.982805
 7.650086
 7.835965
 7.338135
 6.710802
 6.780117
 6.195005
 9.264131
 9.855059
 9.352886
 9.861352
 8.827910
 8.935446
 8.268924
 8.231290
 8.446317
14.875344
14.590234
15.228335
14.396384
15.719150
14.859705
14.830830
16.091624
14.771200
15.019305
15.478440
15.523280
 6.906328
 6.977779
 6.622016
 7.073365
 7.219813
 7.716174
 7.417999
 7.545549
 7.196754
 7.071465
 7.537680
 7.935778
 7.859582
 7.273617
 8.905691
 9.374216
 8.941726
 8.681556
 9.013018
 9.001150
 8.708387
 9.091176
 8.687084
 9.883722
 9.988275
10.017267
 9.956159
10.617977
 6.580390
 6.013300
 6.525546
 6.413853
 6.123031
 6.635483
 6.140467
 6.136789
 6.518618
 5.947472
 6.968546
 6.682530
 7.357876
 7.590378
 7.586196
 7.314493
 7.575191
 7.613729
 7.418197
 7.298530
 9.784969
10.731303
 9.766030
 9.206250
 7.111765
 7.372280
 9.595261
 8.797244
 9.633130
10.535483
10.019336
10.232321
 7.630404
 7.685302
 7.849322
 8.013266
 7.864850
 7.564331
 7.196233
 7.389210
 7.922620
 6.777221
 7.387473
 8.056433
 8.406620
 8.166882
 9.671819
 8.539982
 7.064198
 6.678325
 7.123477
 6.836390
 6.250479
 6.645639
 7.570780
 8.029219
 7.474363
 8.027671
 7.566521
 7.467862
 7.803664
 8.041129
 8.185343
 8.148714
 7.862882
 7.832093
 7.621444
 7.484524
 7.701966
 7.891774
 7.441352
 6.862133
 7.081712
 6.949826
 7.362395
 6.696476
 6.874383
 6.777737
 6.799939
 6.843592
 7.232570
 6.212109
 6.555511
 6.871244
 7.677241
 7.840156
 7.623327
 7.479292
 7.485344
 7.802771
 5.489211
 5.710735
 5.977933
 6.014500
 6.086849
 5.561397
 5.214518
 6.532452
 6.743840
 6.645213
 7.293694
 6.272600
 6.078652
 6.408906
 6.170296
 6.625699
 5.817758
 5.997660
 6.168245
 6.484433
 6.966529
 6.379869
 6.571730
 6.025107
 6.622092
 7.051918
 6.912664
 7.002483
 6.934881
 7.135153
 6.221918
 7.509577
 7.943262
 8.414701
 7.622554
 8.076520
 8.435167
 7.770981
 8.610057
 8.719287
 8.984954
 6.491647
 6.720836
 6.274360
 6.548931
12.102711
11.583343
11.145225
11.697160
11.709734
11.272478
11.256441
10.736279
10.909412
11.992063
10.429955
10.293059
12.340360
13.775175
13.637141
13.370275
13.459558
13.516917
 7.272053
 7.109398
 9.610607
 9.618708
 9.698026
10.844344
10.666906
11.348637
12.397026
12.641149
11.720519
11.360244
12.747112
11.076751
11.422518
12.013498
10.468218
11.720809
12.518304
11.870706
12.125419
11.367975
11.041556
12.020409
12.048736
12.372940
10.662354
12.568193
12.837651
12.186300
12.236965
12.388964
11.845044
12.120656
11.183824
12.435482
12.637061
12.289330
11.535579
11.484656
13.246928
13.072392
12.373251
11.609403
12.108127
11.786021
10.367893
10.605792
10.886513
10.417529
11.070397
11.305749
10.724791
11.242606
11.030922
11.954852
14.858829
14.551253
14.695095
15.290552
13.301931
14.778695
15.109296
13.220383
13.296102
13.929458
14.079235
12.459298
10.888554
11.066296
10.946725
 9.718835
 9.375282
10.170199
10.124389
10.048362
 4.482251
 4.467698
 4.362799
 4.545126
 4.980430
 5.049547
 5.022068
 4.704533
 5.059383
 4.942045
 4.906037
 5.103032
 5.113796
 4.542174
 4.891865
 4.725364
 4.705696
 4.795818
 5.384421
 5.145666
 8.557177
 8.098262
 9.147285
 8.507023
 9.144593
 8.409095
 8.713319
 7.636841
 7.937603
 8.256118
 8.027256
 8.090929
 8.480942
 7.861702
 8.617330
 8.271292
 8.390589
 8.467273
 8.554040
 8.159717
 8.669509
 7.908375
 7.588388
 7.650147
 7.076707
 7.472647
 7.626192
 7.899912
 8.057790
 6.954787
 6.614033
 6.869978
 6.833422
 6.611631
 7.046728
 7.040508
 7.014234
 6.889381
 6.694799
 6.783182
 6.867788
 5.996110
 6.549933
 6.283586
 6.607915
 6.007554
 6.244024
 6.682289
 6.387237
 6.553812
 6.600563
 7.378713
 7.080472
 7.623091
 6.684089
 7.037420
 6.708555
 6.899760
 6.617502
 6.503893
 6.774066
 5.936770
 5.668614
 5.570450
 6.796651
 6.430176
 7.141189
 6.834443
 6.772826
 6.799374
 7.538657
 6.860292
 7.144992
 6.125811
 6.269080
 6.801233
 6.667684
 6.627624
 7.067194
 6.549904
 6.702216
 6.886706
 6.086079
 6.470190
 6.740654
 6.286062
 6.165452
 6.045630
 6.292734
 7.506028
 7.398872
 7.375471
 7.912436
 6.871625
 6.042174
 7.051655
 7.443892
 6.274937
 6.197611
 6.440556
 6.027694
 6.300889
 6.518394
 5.955019
 6.252678
 7.308256
 7.153558
 7.568175
 7.030450
 7.283090
 7.321206
 7.276401
 7.489537
 7.402943
 7.714091
 7.795173
 7.931986
 6.902396
 7.284556
 7.073050
 6.922731
 7.024700
 6.685768
 6.639647
 6.317575
 7.833363
 7.460773
 7.901852
 7.656095
 7.996199
 7.784646
 7.890864
 8.273282
 8.610618
 8.051431
 7.707606
 8.162581
 7.901985
 7.912874
 6.910887
 7.136638
 6.557982
 7.005021
 6.744728
 7.080465
 7.462304
 7.286824
 7.386429
 7.848552
 8.312273
 8.207794
 8.373342
 8.169593
 8.608046
 7.781023
 7.857455
 7.815411
 8.140551
 7.882891
 7.634835
 7.311796
12.075432
12.119375
13.038890
11.901936
12.162525
11.304194
11.164183
12.702947
11.855719
11.739414
12.306031
12.642968
11.566080
12.089239
11.291328
13.111101
11.232871
12.866633
11.984860
12.908012
13.050790
12.555386
12.053751
12.121800
12.442555
11.526814
11.258799
11.850043
11.387266
10.900040
13.268293
12.328372
12.671848
12.927401
13.050447
12.558797
10.891274
11.448724
10.724783
11.846120
11.536549
11.401981
10.906282
 9.777089
11.691945
 9.116048
 9.855932
 9.729774
10.273627
10.007039
10.675823
10.855906
 8.411247
 8.339848
 8.601755
 8.680905
 8.537275
 8.811066
 9.211332
 9.116104
 8.799047
12.344683
12.535766
12.216854
12.423001
12.016322
11.005478
11.536353
 9.431267
 8.979109
10.013143
 9.170401
 8.667554
 8.421531
10.223780
 9.652309
10.414497
 9.972875
 9.231304
 9.634395
10.282684
10.067746
 9.684211
10.313722
10.566866
10.579413
10.219217
10.883979
 8.808734
 7.918496
 8.401483
 8.971883
 8.885343
 9.275634
 8.009648
 7.654613
 7.763947
 7.929924
10.953162
10.697506
10.621066
 9.890446
10.073594
 9.611457
 8.482165
 7.995538
 7.767565
 8.070513
 8.340093
 8.514891
 8.152969
 8.911364
 9.419794
 8.561196
 8.425558
 8.042525
 8.045173
 7.880727
 8.547652
 8.455949
 9.060271
 7.968629
 8.207685
 7.280655
 7.624923
 7.618695
 7.107732
 7.420664
 7.516125
 8.145368
 7.602120
 8.871726
 8.876813
 9.127395
 9.086716
 7.996658
 7.245025
 8.262273
 7.588268
 7.689882
 7.680741
 7.823550
 7.455012
 7.996538
 7.941881
 7.597405
 7.904430
 9.890352
 9.946458
 9.556877
 9.112228
 9.132243
 9.491856
 9.055579
 9.921272
10.093573
 9.827274
 9.777349
10.119628
10.831094
 9.954574
10.609051
 9.416189
10.222470
 8.203441
 8.843711
 8.530505
 8.409856
 8.178001
 7.919586
 9.549972
 9.585694
10.003855
10.281287
 9.402702
 9.175649
 9.465464
 9.292120
 9.728839
 9.964305
 8.889108
 9.369330
 9.267902
12.644313
13.584498
13.074186
13.041810
12.968576
14.660358
15.868167
14.900685
15.453696
15.955597
 8.774220
 9.140418
 8.473477
 8.938288
10.195686
 9.448624
10.128998
 9.309483
 9.528439
 9.414218
 9.693419
 9.128070
10.020093
 9.879216
 9.929480
 9.453801
11.024941
10.306235
10.825508
11.988520
11.712678
11.885629
13.047059
12.071455
13.143461
12.084141
10.766078
12.102077
10.935702
11.451331
11.526625
11.499120
12.051466
12.103067
11.557055
13.467319
13.970210
14.058579
14.049844
13.522052
12.410300
12.180355
13.273049
13.222121
 5.769463
 6.358600
 6.269834
 5.719125
 6.492495
 6.319853
 6.402802
 6.684199
 6.770837
 6.925516
 6.279492
 7.653746
 7.482570
 7.633000
 7.798731
 6.985084
 7.532636
 7.458181
 7.323092
 7.797648
 7.634629
 7.871781
 6.981138
 6.773777
 8.074183
 7.547529
 7.877992
 7.968604
 8.332864
 8.873647
10.250513
10.028288
 9.648721
 9.252050
 9.816249
 9.943498
10.312816
10.143068
 9.460084
 9.501824
10.151967
 8.972959
 9.671500
 9.745554
 8.644835
 9.307692
 9.192401
 9.178093
 9.437668
 9.311338
10.015880
10.054360
 9.942158
10.424238
10.078945
 9.339506
 9.760158
 9.993468
 9.954223
10.022610
10.838801
10.470210
10.129652
10.430875
10.308550
10.260717
10.081585
 9.928042
 9.275288
 8.573957
 9.536422
 9.114588
 9.024939
 9.442122
 9.171615
 6.279253
 6.487162
 6.540004
 5.351323
 5.572497
 5.924529
 5.949964
 5.461779
 5.687984
 6.193809
 6.102714
 6.511742
 6.880018
 6.738647
 6.763096
 7.175954
 7.096828
 7.152678
 7.081566
 6.560306
 6.764655
 7.264512
 5.602558
 5.897038
 5.655925
 5.865534
 5.803623
 5.486981
 6.467132
 6.662306
 6.526729
 6.268071
 5.059162
 4.806453
 6.122832
 5.739622
 5.909643
 6.363345
 5.747982
 6.574059
 7.615323
 7.974606
 8.417568
 8.019960
 7.852075
 6.703405
 6.734628
 7.320105
 6.456638
 6.656551
 7.080705
 7.262002
 8.010330
 7.843265
 7.106378
 7.903156
 7.808702
 7.710296
 7.462121
 7.853852
 8.172624
 7.783405
 7.650732
 7.978577
 7.708861
 8.416772
 7.763685
 7.580507
 6.848649
 7.193957
 7.273192
 6.688616
11.596219
12.447801
10.872295
10.468324
10.829330
11.497025
11.491772
11.791969
12.175554
12.314522
12.396270
12.362341
11.521272
12.055361
 9.573660
11.272106
10.152677
 9.163539
 9.963189
 9.429076
 9.089322
11.175412
10.566879
11.177881
11.521884
11.308179
11.420791
11.221671
10.685309
11.446858
12.132769
10.865416
11.236025
10.630182
11.566005
 9.544326
 9.509921
 9.108974
 9.598749
10.150174
10.366767
10.205489
10.768820
 7.225666
 7.023571
 7.190109
 7.565289
 8.031286
 8.042035
 9.196747
 8.929204
 7.507036
 7.253107
 8.427078
 7.545252
 7.115607
 7.567634
 7.692275
 6.980174
 6.864260
 7.490065
 7.320243
 7.937986
 8.299922
 8.173304
 7.528401
 7.925382
 7.456679
 7.348463
 7.574126
 7.844965
 7.370986
 7.413168
 8.027471
 7.905422
 7.662793
 7.095217
 7.191051
 8.122213
 8.490495
 8.221880
 8.704002
 8.427605
 8.314979
 7.103006
 7.711656
 7.804198
 6.767562
 7.325716
 7.097929
 7.241333
 6.858201
 8.684058
 8.495636
 8.715549
 8.316669
 9.442240
 9.922573
 9.218428
 9.385147
 9.738982
 8.919887
 9.273770
 9.549667
 8.870030
 9.453299
10.006111
10.150939
 9.588643
 9.744348
 9.491316
 9.075795
 8.480622
 8.185576
 8.360144
 9.072705
 8.719387
 9.243858
 9.031616
 8.825437
 8.903395
 6.604817
 6.581994
 7.099227
 7.047278
 7.245456
 7.750520
 7.952972
 7.658697
 7.504954
 7.696057
 9.647408
 9.664666
 9.604450
 9.298581
10.157038
 9.644363
 8.925906
 9.652443
 9.809522
 8.847926
 9.589302
 9.242885
 8.989626
 8.233967
 8.282859
 6.464633
 6.777182
 6.799644
 6.846321
 6.156654
 6.439484
 6.460207
 6.231742
 5.582139
 5.381488
 5.557741
 5.204848
 6.454242
 6.040140
 5.298005
 5.360943
 5.132342
 5.587970
 5.082103
 7.592742
 7.072178
 5.282209
 5.526852
 5.697985
 5.850352
 5.668653
 5.486898
 5.996673
 5.694146
 5.039070
 4.866905
 4.938961
 4.752556
 5.344200
 5.371207
 5.291047
 5.644124
 5.857112
 6.543783
 6.842403
 6.559909
 6.998280
 7.137899
 7.656502
 5.715307
 5.807295
 5.774628
 5.277707
 5.671629
 5.717719
 5.540469
 5.270701
 7.109940
 6.947367
 6.864843
 6.575552
 6.171902
 6.651342
 6.552502
 6.790945
 6.010260
 6.288518
 6.197921
 6.764547
 7.236659
 7.427994
 6.926846
 6.524946
 6.308895
 7.007396
 6.482983
 7.276364
 7.137174
 6.809915
 5.978484
 6.645468
 6.314828
 6.704620
 6.689163
 3.614033
 3.982689
 3.813589
 4.071205
 3.685589
 4.458686
 5.236404
 4.746296
 5.078721
 5.283038
 4.732500
 5.379728
 4.743649
 4.835490
 4.348800
 4.642137
 4.370787
 4.732605
 6.295290
 6.556162
 6.714176
 7.069356
 6.823118
 6.797375
 7.301737
 6.869583
 6.661393
 7.165916
 6.624840
 6.150406
 6.626791
 6.282378
 5.542797
 6.040192
 5.531667
 5.964958
 5.509246
 6.163847
 6.247201
 5.694989
 6.519356
 6.148366
 6.250739
 5.999653
 6.613571
 6.712176
 6.579243
 6.258576
 6.997757
 6.533510
 6.199120
 6.549124
 5.478530
 7.172516
 7.331953
 7.334518
 6.982187
 6.605578
 6.291489
 6.360985
 6.802823
 7.758674
 8.304763
 7.768998
 8.210213
 7.556085
 7.807963
 7.874619
 7.215180
 7.442175
 8.149534
 7.476654
 7.251293
 7.471317
 7.373604
 7.424424
 3.384096
 9.497483
 8.817340
 9.003478
 8.748250
 8.660933
 8.660906
 8.468784
 8.794274
 9.459156
 8.855144
 8.847253
 9.091968
 9.010308
 8.600197
 9.304059
 9.857588
 9.872286
 9.782619
 9.440569
 8.941457
 9.497692
 8.485082
 9.531780
 9.364581
10.142317
 9.409599
 8.881145
 9.077843
10.262510
10.148942
 8.873798
10.108561
10.080074
 9.595229
 8.417526
 8.461839
 9.031558
 8.031025
 8.202642
 8.528831
 9.230049
 8.476257
 8.378543
 9.094713
 8.907031
 8.572958
 9.072364
 9.311647
 9.794657
 8.933041
10.400828
10.318260
10.132844
10.125008
10.674678
10.726556
 9.877937
10.435142
10.152961
 9.802330
 9.612887
 8.414523
 8.861156
 8.604497
 8.653890
 9.589425
 9.435517
 8.767157
 8.432262
 9.719036
10.135278
 9.923362
 9.821282
12.594279
11.972288
12.042221
11.427275
12.313711
11.778599
12.294312
12.166719
14.509269
12.571340
12.912741
12.562970
13.097336
13.127403
13.344278
14.217706
12.937840
12.494265
13.760316
12.612870
13.031800
 9.492749
 9.321009
 9.502432
 9.151096
 8.823340
 9.241550
 7.459308
 7.766759
 7.715020
 8.417256
 8.313345
 8.525027
 7.808066
 8.634737
 9.357975
 8.964666
 9.105075
 9.290841
 9.612089
 9.726477
10.086307
 9.550211
 7.712796
 7.908999
 8.293408
 8.180323
 8.606676
 8.193356
 9.163117
 8.381245
 8.844895
 8.839892
 7.854505
 7.545514
 7.590692
 7.372882
 7.467592
 7.072914
 7.259072
 6.607074
 7.028611
 7.355716
 6.742319
 8.081913
 7.897738
 7.538034
 7.503176
 7.049386
 8.330268
 8.135530
 8.274585
 7.733539
 7.699299
 5.630504
 6.208520
 6.521563
 6.480155
 7.453246
 6.813547
 6.865198
 7.258782
 7.025481
 7.232359
 7.019439
 7.192144
 7.217917
 7.085181
 6.722381
 6.187554
 6.235779
 6.901459
 6.910964
 6.815967
 6.739625
 6.573595
 6.650840
 6.987524
 6.690400
 6.631242
 6.459114
 6.143505
 6.329184
 6.255231
 7.219970
 6.753514
 6.132877
 6.469972
 6.048345
 5.944839
 5.827239
 5.489341
 6.432000
 6.433734
 6.489576
 5.396853
 6.292954
 6.397374
 5.817784
 6.071364
 6.240251
 5.557566
 5.982497
 5.502207
 6.313985
 5.494014
 6.000833
 5.936523
 6.183850
 6.370650
 6.255188
 6.372285
 5.559603
 5.962509
 5.964343
 5.957134
 5.692624
 6.479220
 6.122428
 6.463043
 6.283335
 6.641996
 5.673279
 5.785098
 6.419396
 5.941922
 5.963391
 6.144191
 6.136829
 5.767310
 5.560763
 5.834701
 5.700201
 6.898081
 6.801590
 5.564380
 5.444563
 5.193803
 6.029638
 6.242746
 6.193475
 6.624094
 6.492131
 6.356300
 6.637875
 6.595016
 6.267710
 5.824880
 5.833472
 5.795774
 5.737287
 6.426719
 7.666310
 7.683351
 7.006881
 7.143666
 7.443192
 7.253837
 7.633475
 7.520053
 7.884862
 7.662810
 9.305737
 9.698755
 7.924525
 7.967225
 8.728766
 9.080054
 9.056715
 9.158089
 9.075895
 8.764228
 9.175436
 8.432849
 8.827065
 9.424169
 8.993419
 8.317220
 8.424451
 8.765181
 8.365479
 8.724225
 8.387200
 6.202114
 5.840150
 8.159045
 8.166795
 8.569352
 8.154225
 7.627750
 7.222420
 6.924764
 7.558515
 6.698332
 7.480291
 7.106661
 7.021526
 6.788369
 8.657743
 8.674812
 7.099842
 6.660642
 5.127601
 5.642085
 5.557500
 5.408750
 5.784273
 5.357094
 5.278187
 5.544803
 5.588078
 5.140208
 6.161946
 5.881081
 6.294400
 5.972182
 5.910057
 5.392233
 5.329707
 5.169417
 4.843759
 4.834753
 4.742864
 4.763031
 4.674637
 6.763123
 6.770148
 6.857477
 6.851283
 7.035546
 6.886715
 7.426745
 7.501527
 7.681739
 7.629805
 7.937223
 7.640416
 8.401582
 8.199941
 7.763527
 7.749755
 7.912126
 7.866896
 8.229530
 7.598228
 8.449230
 8.349988
 8.374432
 9.599543
 9.296879
 9.231610
 7.253192
 7.226602
 7.233880
 7.503358
 7.403884
 6.830451
 7.334360
 7.430050
 7.270543
 7.499441
 7.315277
 7.547616
 7.175657
 7.130218
 8.119784
 6.818999
 7.722719
 7.553316
 7.407198
 7.374146
 7.513101
 7.160600
 7.845264
 7.985420
 7.858025
 7.624817
 7.913651
 8.090816
 8.004645
 8.393754
 7.369053
 7.170394
 7.394545
 6.952745
 7.148434
 6.810261
 7.549654
 7.333472
 6.911799
 6.850793
 7.002238
 7.183265
 7.409627
 6.523178
 5.684000
 6.260723
 6.664882
 5.914808
 6.795636
 6.956347
 6.521700
 6.514868
 6.718917
 6.712843
 7.093928
 7.389211
 6.719653
 6.766248
 7.216234
 7.150237
 8.095836
 7.717659
 7.024155
 7.375662
 7.436607
 6.927302
 6.511029
 7.437817
 7.149341
 7.211447
 7.012004
 7.354179
 7.328237
 6.149519
 6.668946
 5.916622
 6.692387
 7.848307
 8.108705
 8.045813
 7.803464
 7.635780
 7.435452
 7.347152
 7.392354
 7.096559
 7.017710
 5.765503
 5.462736
 5.526615
 5.405080
 5.511174
 5.729791
 6.695026
 6.086752
 6.086733
 6.454666
 6.038479
 6.374568
 5.961703
 6.086845
 6.299228
 5.911997
 6.344442
 6.474821
 6.916427
 6.224312
 6.774496
 6.736872
 6.347533
 5.470727
 4.792621
 5.397283
11.904332
12.261621
12.605594
12.987119
13.478907
13.632759
13.084601
13.652569
12.755155
13.953718
13.099295
13.991196
12.952177
13.678543
 9.458746
10.345008
 9.200717
 9.737503
 9.177506
 9.566987
 9.014208
10.276535
10.073660
10.346542
10.464330
 9.459716
 9.786041
 9.486103
 9.261871
 9.152535
 8.824442
 9.327361
 9.030607
 9.007918
 8.600114
 9.052550
 9.945205
 9.551115
10.539076
10.367580
10.200301
 9.596867
 9.547844
 9.947685
 9.366568
 9.520512
10.318061
 9.981099
 9.924750
10.389812
10.310487
10.017169
 9.950505
 9.383166
 9.392441
 9.632532
 7.264734
 7.884750
 7.126193
 6.849784
 7.101188
 7.409784
 7.183851
 7.076139
 7.334527
 7.103988
 6.773167
 6.566126
 7.207033
 7.527604
 7.243396
 7.131629
 7.714060
 9.864988
10.248551
 9.502083
10.588738
 9.506578
 9.786068
 9.883976
 7.583446
 7.695673
 8.985332
 8.888528
 8.124984
 8.694218
 7.957912
 7.672111
 7.986013
 7.923054
 7.704730
 7.529177
 7.028857
 8.382966
 8.735131
 8.164657
 8.343801
 8.911059
 8.943960
 8.966210
 9.360329
 8.942446
 8.496158
 9.368879
 9.460765
 8.535109
 8.539787
 9.802264
10.152036
 9.769864
 9.488086
 9.805297
 9.805875
 8.029922
 8.269934
 8.986343
 8.661498
 7.729393
 7.874569
 8.031244
 8.082955
 8.519381
 8.965727
 8.444568
 8.735136
 8.473569
 8.860256
 8.158927
 7.238843
 6.898410
 6.880196
 6.968803
 8.513442
 8.615019
 8.256971
 7.905938
 8.211083
 8.205131
 8.216854
 7.856668
 8.555955
 8.860715
 8.367502
 9.306195
 8.019107
 7.318101
 7.569432
 7.327529
 7.495665
 7.791453
 7.530145
 7.571231
 7.220962
 7.288975
 7.552336
 7.399580
 8.942532
 8.105082
 8.260660
 7.963658
 8.631626
 8.466045
 7.967755
 8.963454
 9.367579
 9.759412
 9.782996
 8.826914
 7.800996
 8.153634
 8.182708
 8.751340
 7.911750
 9.474906
 9.387528
 8.966894
 9.290984
 9.888287
10.110974
 8.771414
 8.514623
 8.827636
 9.279897
 9.090716
10.002495
 9.477090
 9.387953
 9.138942
10.230305
10.438340
 9.460611
 9.231204
 9.385825
 9.549054
10.129060
10.402655
 9.521057
10.260874
 9.219640
10.156840
 8.295893
 8.922175
 7.391919
 7.042765
 7.298445
 7.215872
 7.351406
 7.409613
 7.874568
 7.475702
 8.144858
 8.200154
 7.470693
 7.723455
 9.213182
 8.230115
 8.174633
 8.497444
 8.153760
 8.031525
 7.997187
 7.619430
 7.593262
 6.756227
 7.864985
 7.883714
 6.776282
 6.551183
 8.971392
 8.694781
 7.854490
 7.795840
 9.445722
10.475550
10.091240
10.014363
 9.888329
 8.704540
 9.289968
 9.349092
 9.586948
 7.021546
 6.798314
 6.376392
 6.579655
 6.148731
 6.390701
 5.896933
 5.891963
 6.927320
 6.969139
 6.485614
 6.876785
 6.340350
 6.506392
 6.072364
 6.772059
 6.894447
 6.513575
 6.611533
 6.552565
 6.263591
 7.184875
 6.793084
 6.906204
 6.632006
 7.281015
 7.534693
 7.048852
 7.075695
 7.471095
 7.206854
 7.384184
 7.317495
 7.691829
 7.713919
 7.927492
 7.194972
 7.177152
 7.101302
 7.404549
 6.922133
 6.948115
 6.888996
 7.211831
 6.887670
 7.291318
 7.221227
 6.671625
 6.789085
 6.683478
 7.043490
13.333641
12.667167
14.528890
15.024652
13.987418
14.203856
14.543850
14.881128
15.556767
14.838562
13.678006
14.142330
14.599288
14.527745
14.678098
12.714385
11.861335
11.917140
12.408175
12.425225
13.284533
13.582818
13.365466
13.243102
13.188718
12.452844
13.127815
12.074451
13.541810
12.506322
12.100136
12.585659
12.300674
11.853634
11.930637
10.925497
10.788234
11.408645
11.882213
10.860928
11.040668
11.094905
12.487531
13.731975
11.841011
12.693113
13.343187
14.666067
13.933634
13.431384
13.364874
12.937168
13.269212
12.260761
12.020508
12.676716
12.079405
12.650417
12.131033
 9.606780
 9.221866
 8.922440
10.186692
 9.543245
 9.920650
 9.389632
 9.734264
10.415526
 8.948082
 9.396213
 9.595178
 9.047326
 9.427693
 9.227461
10.949462
10.458530
10.439482
11.037351
11.532793
11.822765
11.732330
11.424162
11.667432
13.083920
11.230674
10.276447
10.648331
10.858358
10.491833
 9.642540
10.863974
11.172032
10.182922
12.192083
12.133848
11.519841
12.649897
12.381844
 9.571611
 9.684190
11.488566
10.831253
10.450025
 9.879367
10.041350
10.347248
10.203580
11.004753
10.077354
10.025314
10.036110
10.043014
10.327444
10.465170
10.811364
10.365473
 9.867771
 9.419959
11.058482
11.845276
12.424562
10.919600
11.979572
12.074430
11.283016
11.307162
11.352958
10.880561
10.111900
 9.730407
 9.914921
10.233336
 7.612536
 8.119834
 8.384839
 8.265312
 7.964765
 8.968737
 8.533839
 8.476320
 8.753246
 7.315733
 7.801519
 7.095025
 7.358269
 6.567172
 6.270890
 6.513357
 7.422051
 6.691686
 7.078643
 7.065713
 7.244598
 6.497783
 6.464079
 6.429927
 6.610377
 7.145905
 6.768794
 6.766295
 6.886073
 6.885353
 6.891869
 7.319296
 6.896444
 7.064424
 6.248229
 6.556125
 7.086856
 6.514572
 6.857887
 6.564966
 7.015898
 6.922329
 7.330956
 7.519532
 7.581872
 8.118037
 7.516603
 7.811828
 6.535729
 7.280280
 6.761335
 7.249199
 7.195019
 6.912764
 7.790667
 7.489081
 7.186022
 6.995359
 6.970875
 6.830759
 7.339096
 7.080468
 7.716319
 6.878309
 6.134593
 7.870373
 7.510065
 8.090675
 7.434120
 7.007465
 6.463598
 6.903336
 7.051528
 6.219333
 6.521267
 7.217059
 6.720068
 6.107954
 7.341699
 6.883053
 6.789032
 6.667788
 7.020217
 6.721764
 8.068940
 7.836974
 8.529917
 7.760170
 7.824764
 7.785242
 7.109896
 8.053717
 8.001646
 8.202417
 8.746881
 9.048586
 9.291967
 8.705334
 8.682244
 9.153593
 9.341644
 8.520408
 7.958652
 7.501300
 7.765132
 7.697072
 7.452764
 7.724367
 7.291755
 7.539942
 7.645006
 7.709360
 8.034242
 8.058591
 8.305717
 8.047145
 8.414989
 7.740369
 8.654354
 8.334199
 8.061947
 8.285303
 8.235954
 7.910913
 8.376832
 7.690539
 9.643117
 9.457091
10.222540
 9.790814
 9.416673
 9.046655
 8.754752
 5.054151
 6.331543
 6.404716
 6.599745
 6.316088
 6.109485
 6.499604
 4.702540
 5.515716
 5.545508
 4.903483
 5.578788
 5.812270
 6.164523
 5.533775
 5.561061
 5.183660
 4.725965
 4.894659
 4.793567
 4.648066
 3.919700
 3.687940
 3.627976
 3.722555
 3.603089
 3.462690
 3.373942
 4.225322
 4.221693
 4.335346
 3.905813
 3.507305
 3.595403
 3.832975
 4.109267
 3.779007
 3.957837
 4.509091
 4.354653
 4.382133
 4.607311
 4.713998
 4.735223
 4.573495
 4.288110
 4.481381
 4.253614
 4.565465
 4.574430
 4.532516
 4.021715
 3.900805
 3.701383
 4.678890
 5.067225
 4.735634
 5.109926
 4.976975
 4.657881
 5.097328
 6.546237
 6.148278
 6.169819
 7.272531
 6.622918
 6.163533
 6.414455
 5.539336
 5.532905
 5.388806
 4.667401
 4.307214
 4.407681
 4.307761
 6.113553
 6.049278
 5.819634
 6.570621
 6.988869
 6.724899
 7.092965
 7.101316
 6.908422
 7.013999
 7.371846
 6.534015
 6.809923
 6.327524
 7.282150
 7.132834
 7.616669
 7.347382
 7.340006
 7.615436
 7.260979
 6.706639
 6.778932
 6.768012
 6.734672
 6.252063
 6.522080
 6.530987
 6.829329
 7.479553
 6.832338
 7.663661
 7.477060
 7.734867
 6.756920
 6.957800
 7.440985
 7.034009
 6.793876
 6.795823
 5.582358
 5.302395
 5.622948
 6.335343
 5.423723
 4.814670
 6.674897
 6.920863
 6.667796
 6.904415
 6.593967
 6.889960
 6.536149
 6.532536
 8.430697
 8.451287
 8.645627
 8.739740
 8.038802
 7.129623
 6.664437
 6.056638
 6.609783
 6.175486
 6.456398
 5.471025
 6.076471
 6.355658
 5.861118
 5.382918
 5.357089
 5.870746
 6.252634
 6.624116
 6.690807
 6.168246
 6.408641
 5.498069
 5.327700
 5.519857
 5.432303
 5.495172
 5.675781
 5.537470
 5.874230
 5.875547
 5.562644
 5.706051
 5.482601
 5.927290
 5.444981
 5.529427
 5.744203
 6.121498
 5.687840
 5.506101
 6.202235
 5.645416
 6.207959
 5.664962
 5.756683
 6.066359
 5.709439
 5.407298
 8.684725
 7.969812
 8.035634
 8.191203
 8.665496
 8.129634
 7.952226
 8.916494
 8.524609
 8.040773
 8.284073
 8.550369
 8.630930
 8.456136
 8.018168
 8.101390
 8.167766
 8.757497
 8.552225
 8.587563
 8.243395
 8.022345
 7.592703
 7.295851
 8.009748
 7.721145
 7.640830
 7.479116
 7.559509
 8.078286
 7.176689
 7.973966
 9.006818
 8.899459
 8.307966
 6.779878
 6.593475
 6.995353
 7.083141
 6.861748
 7.450979
 7.076361
14.178487
13.974207
14.104498
13.279666
12.242768
11.697634
10.535862
10.980633
13.219046
11.994699
12.520034
11.610578
12.799691
11.372653
11.894293
13.823636
12.080844
11.444889
11.692676
11.276748
12.709622
13.637220
13.481759
12.490003
12.327416
11.895802
12.931036
13.732086
13.946131
13.757242
15.081741
13.733141
13.388266
13.856195
13.284797
11.893216
12.535220
14.110235
12.635394
12.360556
12.672587
11.699121
11.718771
11.803875
12.235974
14.741653
15.536537
14.899976
14.135418
14.434994
14.535842
14.280954
15.122493
13.153290
14.436484
15.299236
14.063430
14.330532
15.397684
14.340394
13.805216
14.506124
14.358026
14.707313
15.390641
16.967037
15.973969
16.658715
12.888496
12.215264
13.391252
12.338297
13.211471
14.143505
15.030512
14.928641
14.127926
14.742054
14.322581
13.502337
12.123061
12.248852
11.342587
11.894521
10.702914
11.932551
11.254044
11.604648
11.357395
12.861026
11.410563
11.710540
11.748205
12.189216
11.423215
12.043042
11.408753
11.695341
11.181577
11.724296
11.914910
12.363279
12.242978
12.046570
12.221898
11.537099
11.009959
11.643080
11.469521
13.355462
13.668871
13.348820
11.544506
11.458994
11.152317
11.160455
13.160053
12.729236
12.273812
11.658872
11.777233
12.374529
11.437464
11.812426
11.609775
13.597117
13.736514
13.791421
13.749289
14.202912
14.214116
13.318333
12.497635
12.464372
11.774693
13.532522
13.300959
13.398696
13.125640
14.231338
12.992898
14.119594
12.302568
11.689566
12.620496
12.771333
12.301594
12.104290
11.396039
12.096216
 6.965583
 7.067174
 6.725362
 6.685793
 6.732988
 6.676871
 7.083432
 7.023880
 7.042393
 7.642710
 7.395214
 8.836544
 8.767800
 8.714495
 8.374246
 8.902768
 8.768575
 9.101206
 8.216908
 8.342485
 8.352191
 8.966422
 9.126672
 8.672531
 8.411298
 9.058908
 9.160780
 9.122607
 9.010881
 8.578699
 9.677730
 8.830608
 9.157419
 6.789464
 6.866152
 7.657067
 7.614881
 7.657027
 7.583977
 7.770688
 7.522579
 9.202725
 9.470173
 9.407603
 9.471034
 9.394678
 9.134322
 9.142365
 8.828633
 9.404140
 8.141711
 8.633468
 9.013674
 9.456432
10.240720
 9.462147
 7.130422
 7.742778
 7.250146
 7.821634
 7.579049
 7.285416
 7.503193
 7.623467
 8.011464
 7.778556
 7.313336
 8.300268
 8.570291
 8.085944
 8.865141
 8.914207
 8.492209
 8.459845
 7.766787
 8.959800
 8.950318
 8.583624
 9.434436
 6.421852
 6.134879
 6.278110
 6.642027
 6.661559
 5.904110
 6.569359
 6.547600
 9.094068
 9.846128
10.162334
10.518007
10.490374
 8.278209
 8.100533
 7.974385
 8.081138
 9.112185
 8.444941
 7.490852
 7.584975
 8.211253
 7.330562
 6.948786
 7.339225
 8.110968
 8.114389
 8.004987
 7.994682
 7.326990
 8.351716
 7.997673
 7.725302
 8.099909
 7.933304
 9.772734
 9.224650
 8.468110
 9.405922
 9.118720
 8.174326
 8.820833
 7.669963
 7.250796
 7.999156
 8.446449
 8.870811
 7.597457
 7.304980
 7.129333
 7.196502
 7.140105
 7.574200
 8.445821
 8.331435
 8.256809
 7.505365
 7.356576
 7.402429
10.294093
 9.910306
10.178114
 8.517359
 7.586978
 8.580444
 8.341776
 7.799477
 8.192141
 8.796053
 8.731268
 8.830419
 6.985385
 8.036101
 7.759601
 8.370395
 8.152806
 7.869954
 7.888338
 8.754520
 8.247138
 7.528069
 8.053348
 8.259577
 6.985499
 7.777112
 7.003981
 7.240567
 7.989282
 7.961431
 7.809012
 7.708457
11.193205
11.441455
10.528457
10.574913
12.276693
11.103116
11.356694
 9.247114
 9.881728
 9.402645
 9.956436
10.981332
 9.890540
10.623541
11.438911
11.292482
 4.934723
 4.884033
 4.951667
 5.072414
 5.503198
 5.512844
 6.324712
 6.336685
 5.857345
 6.022455
 5.888541
 6.402755
 6.666658
 6.310818
 6.540695
 6.265692
 6.079915
 6.751138
 6.477653
 9.149638
 8.968852
 8.951898
 7.299055
 7.465330
 7.163375
 7.005746
 7.409188
 6.644139
 7.423395
 7.192515
 7.071177
 8.257682
 8.552618
 8.235265
 7.343096
 7.558004
 7.789571
 8.161223
 7.754682
 8.253291
 8.907120
 9.172275
 8.437108
 9.069210
 8.178616
 8.324235
 9.175300
 8.251520
 8.515930
 8.224086
 8.634896
 8.428319
 8.907391
 8.401622
 8.690019
 6.189818
 6.690413
 6.823094
 6.811625
 7.174871
 7.692344
 7.626378
 7.086762
 7.491515
 7.333381
 7.645841
 7.638296
 7.391888
 8.611906
 8.129137
 8.327867
 8.862432
 9.487213
 9.743246
 9.020315
 8.710621
 9.110399
 8.656739
 8.563532
 9.049738
 8.190164
 8.172030
 8.342357
 7.980148
 8.078583
 8.247831
 8.158203
 8.699414
 9.464245
 9.948400
 9.772531
 9.110493
10.122414
 8.325736
 9.145235
 9.396960
 9.036581
 8.457253
 8.936698
 8.494640
 8.640224
 8.966877
 9.311775
 8.787043
 9.189376
 8.771407
 7.982463
 8.075929
 7.805132
 8.438030
 7.577138
10.860707
 8.803616
 8.824542
 8.494628
 8.414476
 9.150070
 8.987118
 7.554121
 7.340723
 6.792388
 7.657339
 7.380904
 7.822596
 8.473286
 8.307286
 8.005974
 8.320352
 6.805892
 6.455002
 5.958320
 6.283051
 5.922139
 6.404688
 6.178018
 5.779505
 5.812502
 6.138249
 5.519730
 6.122743
 6.721464
 5.180869
 6.069983
 6.859678
 6.278860
 5.823550
 6.716900
 6.469529
 6.561500
 6.664957
 6.474873
 5.317518
 5.239583
 5.325184
 5.431528
 5.347915
 5.652909
 5.136375
 5.394186
 5.299733
 4.898216
 4.640931
 5.549278
 5.288525
 5.300963
 5.022689
 4.703411
 4.695247
 5.341452
 5.075328
 5.275278
 5.831232
 5.939468
 5.260016
 6.475893
 5.978054
 6.178251
 6.021094
 6.443982
 6.175968
 5.780352
 6.241011
 5.993355
 6.431279
 5.766645
 5.610993
 5.316204
 5.746583
 7.772393
 7.369005
 7.574340
 7.988549
 7.491331
 7.693319
 7.826351
 7.144094
 8.141268
 7.676698
 8.269192
 7.503716
 8.336894
 9.051251
 8.352033
 9.114091
 9.198497
 8.814914
 7.744436
 8.233150
 7.959968
 9.437627
 8.886614
 8.901142
 6.741413
 6.881157
 6.893903
 7.226301
 7.341692
 5.585164
 5.352025
 5.985375
 6.050828
 5.861442
 6.177719
 6.807974
 6.816013
 6.573344
 6.485757
 6.963407
 7.225900
 6.957757
 7.724839
 6.855266
 6.581762
 7.170093
 4.895322
 4.470743
 4.359751
 4.377431
 4.567306
 4.460819
 4.037806
 4.558073
 4.015984
 4.774752
 4.912354
 4.727675
 4.679965
 4.749915
 4.307426
 4.377546
 4.467967
 4.448016
 4.662509
 4.481836
 4.755236
 4.868984
 4.594942
 4.831240
 4.959509
 4.850662
 4.317990
 4.359102
 4.283404
 4.197592
 4.309907
 4.112061
 4.006627
 4.042816
 7.414114
 7.790534
 7.494642
10.067643
 9.800693
 8.955842
 9.293549
 9.764320
 9.156505
10.098514
10.788926
 9.781919
 9.459138
10.359242
 9.757722
10.022734
10.158865
10.479316
10.556352
11.631023
10.999934
10.872422
11.286925
10.820966
11.834473
 9.577851
 9.511991
 8.861729
 8.915101
 7.674258
 7.497774
 7.644491
 7.814728
 7.910460
 8.523275
 8.396450
 7.881142
 8.547035
 8.738871
 8.026607
 8.125407
 8.094232
 7.978079
 7.517478
 8.299200
 7.568430
 7.557043
 8.012776
 7.969422
 8.470444
 8.407524
 8.960171
 7.897524
 7.965618
 8.343330
 8.321252
 8.463465
 8.785119
 8.885331
 8.756615
 9.052966
 8.962400
 8.853775
 8.704981
 9.567775
 9.465816
 9.235415
 9.595557
10.300872
10.099274
 9.787148
10.424042
 7.961748
 8.774638
 8.428469
 8.105893
 8.033501
 8.313803
 8.020259
 7.956487
 6.988705
 6.541623
 6.908028
 6.932628
 7.161270
 7.380524
 5.498803
 6.024467
 5.437711
 5.339896
 5.665325
 5.440472
 5.679382
 5.283773
 5.700286
 5.641449
 5.925406
 5.615027
 5.605617
 5.095453
 5.595246
 5.277589
 5.735046
 5.405628
 5.606016
 5.465174
 7.553555
 6.991172
 7.808828
 7.468427
 7.612618
 7.325234
 7.819675
 7.799921
 7.572300
 7.516225
 7.701442
 6.963847
 7.019392
 7.131004
 7.038254
 7.596080
 7.252705
 7.520516
 8.523552
 8.151855
 7.673586
 8.137624
 9.066029
 8.354425
 9.422312
 8.492804
 8.480394
 7.149041
 7.560514
 7.756482
 6.744879
 7.613004
 7.469418
 7.552824
 7.299260
 7.061577
 8.244476
 7.416550
 7.318930
 6.851610
 6.757401
 7.279647
 6.438217
 6.265642
 6.321223
 6.697407
 6.724118
 7.958453
 7.422336
 7.972499
 8.365533
 8.100998
 8.333989
 7.907161
 7.441851
 7.420334
 7.618608
 7.561951
 6.950867
11.063530
10.930627
10.929779
11.086888
 9.914409
 9.879616
 9.551848
10.273539
 9.770084
10.179681
10.091033
 9.945522
 6.567143
 6.382956
 5.768283
 6.292249
 6.073593
 9.241824
 9.692922
 8.987467
 9.082507
 8.469090
 8.513236
 7.678275
 7.680270
 7.719652
 7.045738
 8.016704
 7.245387
 7.979057
 7.580272
 6.984602
 6.603120
 6.826802
 7.066590
 7.309840
 6.947848
 7.559960
 6.994000
 6.869108
 7.013182
 7.282710
 6.540974
 6.189889
 6.136692
 6.496694
 6.356125
 5.729833
 5.729049
 6.282086
 5.775430
 5.757403
 5.955878
 6.522062
 6.129946
 6.337151
 5.897428
 6.268761
 6.113479
 8.392107
 7.945829
 6.981055
 7.585014
 7.393786
 7.191826
 7.464133
 7.122177
 7.761810
 7.831890
 7.761248
 7.573701
 8.073641
 8.675708
 7.922918
 8.993282
 9.037025
 5.801565
 6.281959
 6.352453
 6.798576
 6.465405
 6.311788
 6.004143
 6.131486
 6.461493
 6.298254
 6.244450
 6.193591
 6.828429
 7.249067
 7.926087
 8.252833
 8.666176
 8.318651
 8.357255
 8.741574
 7.678186
 8.122401
 7.283932
 7.955747
 8.343394
 7.333778
 7.422230
 7.642643
 7.647506
 7.652210
 7.767646
 7.361146
 7.753583
 6.726763
 6.903998
 6.907951
 6.556930
 6.284474
 6.078010
 6.053996
 6.020873
 6.215063
 7.075047
 6.665188
 5.937928
 6.289091
 6.634428
 7.032981
 6.366147
 6.650421
 6.528186
 6.484668
 6.578429
 6.382990
 6.752931
 6.818854
 6.714588
 5.299510
 5.593399
 5.122417
 5.659399
 5.110152
 5.669769
 5.858226
 6.310715
 5.624025
 6.411904
 6.192538
 6.549077
 6.825038
 6.574919
 6.329850
 6.311131
 6.445923
 6.802240
 5.335495
 5.841442
 5.655803
 5.970333
 6.514926
 6.204318
 6.251056
 6.069530
 6.250381
 6.037930
 6.102318
 5.995240
 6.188689
 6.403306
 5.055363
 5.135851
 4.765067
 5.357666
 5.368655
 4.819131
 4.580477
 5.038471
 4.832893
 5.309553
 5.465203
 5.220081
 5.248196
 5.027193
 5.414055
 4.814419
 4.853134
 5.086061
 4.904878
 4.933695
 4.733540
 5.975338
 6.368751
 5.748032
 6.533198
 6.098856
 6.947786
 7.396470
 7.290179
 6.795970
 5.948242
 6.405564
 5.859590
 6.502330
 6.098952
 5.872091
 6.004491
 5.478230
 5.443490
 5.754259
 5.754995
 5.532253
 5.454307
 5.716660
 5.640331
 6.049781
 5.718508
 5.832361
 4.136683
 4.319676
 4.622521
 4.474887
 4.162856
 4.079377
 4.098561
 4.426393
 3.778347
 3.427235
 3.504845
 3.381069
 3.509688
 3.602375
 4.129213
 4.297708
 4.131735
 4.226821
 3.816576
 4.766601
 4.439308
 4.733651
 4.721893
 5.027773
 5.092330
 3.877502
 3.632193
 3.679970
 4.707552
 5.510132
 5.227117
 4.891739
 6.986402
 6.661570
 6.204456
 7.041385
 7.633980
 7.657111
 5.908186
 6.544682
 6.686791
 6.991968
 6.724753
 6.714452
 7.172947
 6.767308
 6.930707
 6.782781
14.187594
14.608424
15.279710
13.255562
14.681695
15.951363
15.920765
14.708376
14.826979
15.596268
14.999709
15.862447
14.975874
16.186596
15.646745
16.338599
15.789876
14.612872
14.486078
15.100899
15.188770
14.513011
14.756044
14.325583
14.694767
15.051928
15.075263
16.777874
16.006917
16.667984
15.056069
14.972160
15.958521
11.278038
12.274451
12.717518
12.365536
11.934330
12.528987
12.016196
12.152943
12.291254
13.925119
13.913570
14.234974
14.121962
13.681297
14.314900
14.421769
12.787258
13.673967
13.732188
12.168382
12.192567
13.283203
 7.755457
 7.985042
 7.453424
 7.755223
 7.734350
 7.260277
 9.547150
 8.896974
 8.576037
 8.338165
 8.812452
 8.179594
 8.816735
 7.823302
 7.815237
 7.849250
 7.839171
 7.483196
 8.067645
 8.294700
 7.691019
 8.107344
 9.755775
 9.044203
 8.795043
 7.311311
 6.976121
 7.322863
 7.379631
 6.982035
 7.410189
 6.947711
 7.515694
 8.051150
 7.996921
 8.366251
 8.002163
 8.723395
 8.934395
 8.589253
 8.265307
 9.319926
 9.533704
 9.419443
 9.137830
 8.928651
 8.669367
 8.598376
 8.909305
 8.802255
 8.487825
 8.606639
 9.026340
 9.390731
 9.722578
 8.695304
 8.997298
 8.195849
 9.111162
 9.670856
 9.753190
 9.050954
 9.444347
 9.341387
 9.105574
14.567955
15.762053
15.360660
17.204739
16.289641
14.273932
15.051606
15.252050
12.702648
12.883976
12.030454
13.769855
12.975056
13.880135
13.103578
13.838019
13.348101
12.646825
12.438594
12.547875
14.901536
15.452162
15.712835
15.256468
15.357971
13.204373
13.094500
12.746081
13.915708
13.781528
14.726013
14.192878
14.585372
14.173692
14.858247
14.025368
 8.569669
 8.269951
 9.492535
 9.108508
 9.095916
 9.938590
10.085533
 9.441588
 9.416736
 9.434705
 8.736760
 8.888729
 8.917935
 9.340389
 9.237327
 8.831449
 9.373724
 9.212310
 9.235380
 9.463565
 8.473784
 8.032030
 8.446396
 7.493376
 7.804322
 7.792546
 7.436083
 8.462315
 8.558042
 8.517659
 7.485376
 7.981150
 7.664115
 7.309429
 7.584535
 6.607138
 6.723641
 8.675112
 8.776249
 8.799487
 7.584194
 7.480295
 7.706696
 7.469204
 7.380424
 7.944997
 7.316961
 7.820189
 6.811979
 7.478217
 7.007598
 7.665008
 7.446921
 7.812288
 6.885061
 7.873593
 7.905585
 7.512741
 6.532635
 7.220296
 6.883591
 6.676529
 7.049404
 7.074714
 7.057830
 6.940030
 7.143966
 7.104925
 6.833714
 7.197090
 7.296981
 7.278145
 7.659142
 7.737636
11.607060
11.889642
10.654062
11.152173
11.247332
11.396806
12.499340
11.192054
11.286090
10.522007
10.706152
10.440894
11.002538
11.218869
12.067146
12.051759
11.490671
10.552220
10.534992
 9.903550
 9.492182
 9.512116
 9.992173
 9.783950
10.104125
 8.319286
 8.129183
 7.820164
 8.648461
 9.259114
 9.157906
 7.416301
 8.063215
 7.576324
 7.335818
 8.725649
 9.119110
 8.833028
 8.435534
 9.273147
 8.677625
 7.380461
 7.026070
 8.455695
 8.244810
 8.215139
 7.613745
 7.934466
 7.755962
 7.595747
 7.935962
 7.970630
 7.526904
 8.244003
 7.629444
 7.799137
 7.348835
 8.539979
 9.151748
 7.004242
 6.560139
 6.762559
 7.335665
 7.483239
 7.380631
 7.405650
 7.950923
 8.037112
 8.400092
 6.799778
 7.102368
 6.801946
 7.007010
 7.195306
 6.956735
 7.078808
 6.838595
13.646050
14.469027
14.411743
11.874874
12.363687
12.967314
11.965187
12.465691
12.381572
12.909668
13.733494
14.142563
13.246592
14.201217
14.480655
15.054901
14.475314
15.071400
15.537280
15.053133
15.806952
14.146092
13.115913
13.414709
13.399810
12.911541
13.042003
13.242463
13.085027
12.368811
 8.226791
 7.700771
 8.969876
 8.564346
 9.050514
 9.414431
10.001857
 9.462435
 8.501135
 8.433561
 8.890675
 8.298906
 7.962868
 8.686082
 9.030008
 7.917775
 7.604578
 7.752808
 8.344420
 8.289726
 7.799350
 7.792143
 8.570947
 8.561596
 8.708167
 9.008399
 8.486525
 8.840758
 8.023513
 6.404871
 6.933618
 6.436854
 6.482987
 6.529969
 6.848101
 8.948478
 8.744046
 9.237103
 8.538166
 8.239715
 8.711232
 7.677085
 7.286549
 7.092270
 7.143894
 7.429657
 7.496890
 7.959361
 7.473811
 8.661641
 8.571305
 8.112944
 8.386627
 9.721644
 9.413031
 8.965718
 9.169935
 9.747443
 7.662693
 8.382993
 8.569024
 8.687260
 8.022323
 9.481278
 9.635135
 9.130377
 9.269771
 8.996204
 9.128221
 8.925419
 8.389814
 8.091653
 7.889960
 9.423387
 9.523364
 9.278999
 9.505104
 9.171337
 9.058834
 9.228071
 9.129212
 9.271408
 8.925419
 5.202180
 5.142982
 5.761745
 6.267650
 5.924087
 5.674052
 5.624937
 5.320898
 4.880760
 4.963163
 5.195008
 6.082287
 6.045595
 5.898049
 6.146590
 6.801342
 5.985456
 6.176403
 5.797959
 6.050019
 5.895299
 6.091423
 7.002918
 6.094484
 6.244869
 6.002218
 6.203401
 6.318471
 7.110322
 7.044571
 6.992401
 7.522075
 6.767337
 7.095197
 6.974560
 7.131495
 7.709094
 7.921752
 7.825363
 7.397485
 8.197917
 7.791598
 8.249261
 8.629909
 8.001545
 8.717415
 8.160351
 7.891938
 8.431584
 8.238950
 8.847797
 8.559776
 8.497906
 8.310242
 9.173307
 9.145648
 9.222621
 9.960072
 9.238765
 9.583800
10.190224
10.410668
 9.342671
 8.963381
 9.794179
 8.975037
 9.508965
10.024232
 9.916215
 9.133745
 8.382622
 9.538324
 8.456236
 8.843579
 8.856528
 8.850803
 9.090415
 8.600212
 8.657734
 8.856975
 9.662047
 9.587595
 9.649577
 8.947544
 9.173095
 8.565495
 9.412285
 9.447029
 8.923016
 9.709983
 9.310897
 8.790804
 9.261064
 9.523932
 9.530373
 9.161747
11.346170
11.320695
 9.606055
 9.667790
 9.995142
10.077926
 9.864045
 9.269457
 9.121803
12.071095
11.191315
 8.915780
 8.700440
 8.245526
 9.625399
 9.325086
 9.413538
 9.058903
 9.203789
 8.430800
 9.265012
 9.489661
10.081777
10.783305
10.270397
10.311939
10.747188
10.715940
 5.226795
 5.184502
 5.382218
 7.646447
 7.637124
 7.974841
 7.669110
 7.184842
 7.893025
 7.663894
 7.249996
 7.182666
 7.319113
 7.440567
 7.423504
 6.833799
 6.548377
 6.277377
 7.191042
 7.416411
 7.043211
 6.975239
 7.454284
 7.204781
 7.972021
 7.792815
 7.242305
 7.591002
 7.066740
 7.214808
 7.503120
 7.761095
 7.518788
 6.270826
 6.686367
 6.506367
 6.056762
 6.440777
 5.907488
 6.255396
 6.366262
 6.202680
 6.303711
 6.566769
 5.856179
 7.391156
 7.112441
 6.649846
 6.993582
 6.736559
 6.544027
 6.890726
 6.322688
 6.275902
 5.859664
 6.356766
 6.567495
 6.726367
 6.424389
 5.765468
 7.091188
 7.307274
 6.821263
 7.677819
 7.709187
 7.449266
12.604788
12.752229
12.828317
12.302192
11.333232
11.827094
11.533865
12.026109
13.121161
12.074336
11.817935
12.483839
10.718130
11.911956
11.076682
11.183770
11.706507
11.717824
11.791888
11.178410
12.389322
13.331407
14.404395
13.191053
11.997333
13.683323
13.939130
13.930032
13.649661
14.464733
14.910810
13.425826
15.965980
15.439959
13.820845
14.414471
14.098132
14.744248
15.010475
14.589229
14.437667
13.280322
15.121149
13.393694
13.667145
13.696717
15.214752
13.921426
13.364326
13.335997
15.387778
15.017507
15.005100
14.873538
14.565719
15.222521
13.844089
14.049323
14.621391
14.863992
 8.619324
 9.274147
 8.817088
 9.720506
10.691421
 9.667415
10.373441
10.062882
 8.920656
 8.601474
 8.522523
 7.169639
 7.349182
 6.531636
 6.366711
 6.897158
 6.423647
 6.255455
 6.834471
 6.012201
 7.324316
 7.338054
 8.287185
 7.680201
 7.913846
 7.326329
 8.036564
 6.936903
 6.959190
 7.456145
 7.559262
 7.387738
 7.504635
 7.229371
 6.818966
 6.724860
 7.539539
 8.132201
 7.573359
 6.245233
 6.529554
 6.081477
 6.436808
 6.119325
 6.227728
 5.856213
 5.964386
 6.575057
 6.007804
 5.883590
 6.305105
 5.899733
 6.007475
 6.572815
 6.193544
 6.828794
 6.502629
 6.825545
 6.459608
 6.814268
 6.913386
 6.775696
 6.538673
 5.561423
 5.004995
 5.628811
 5.444241
 5.146080
 5.422259
 5.525946
 5.620307
 5.490165
10.711949
10.977562
10.230857
11.291066
10.674669
 7.093706
 7.261752
 7.253834
 7.861564
 7.879483
 7.603639
 7.820838
 7.594751
 7.960236
 8.096095
 8.255407
 7.726653
 8.024140
 8.296397
 7.823516
 7.654240
 8.013758
 8.493967
 9.527054
 9.120370
 9.073545
 8.639846
 8.614421
 9.017920
 8.757521
 9.128058
 8.565794
 9.358515
 8.499729
 8.384582
 9.616746
 8.950608
 9.152940
 9.140082
 8.784758
 9.663643
 9.354828
 9.500854
 8.622011
 8.652188
 8.401301
 7.563749
 7.807665
 7.724607
 6.887852
 7.108054
 7.376040
 9.015329
 9.494971
 8.962961
 9.147562
 8.990742
 9.023719
 9.194729
 8.571492
 8.847956
 8.754954
 8.623152
 9.076561
 9.271219
 8.875614
10.041786
 9.506612
 9.030765
 9.093535
 9.205626
 8.134080
 7.797284
 7.620426
 8.369610
 8.381600
 8.245053
13.465206
12.655753
13.316916
13.786817
13.040501
14.054278
14.176558
14.267587
13.866853
14.725497
10.341533
10.084032
10.753116
 9.906589
10.181634
10.737576
10.199997
10.174821
10.477395
10.814563
11.044226
 9.948900
10.459881
10.917081
10.015577
10.938148
11.865671
11.422736
10.470411
11.029115
10.054696
 9.633174
 9.470447
 9.691912
10.054529
 9.590012
 9.751623
 9.118195
10.488497
 9.226905
10.440690
 9.948843
 9.357712
 9.527686
 9.774665
 9.219523
 9.434165
 8.703799
 7.879951
 9.696625
 9.149566
 9.185496
 8.789462
 9.567893
11.307158
10.617179
10.764963
10.642146
11.065759
10.279297
10.154927
10.993411
10.011740
10.891240
 9.770291
10.569014
10.183337
 9.400599
 9.736299
 6.360777
 8.156610
 7.242335
 8.417470
 7.957493
 7.694131
 8.121870
 6.962203
 7.297639
 6.556501
 7.243043
 9.040035
 9.402118
 9.249643
 9.395259
 9.054378
 8.950350
 8.425944
 8.520269
 9.125896
 8.891190
 8.659302
 9.432310
 9.030769
 8.770742
 9.275262
 9.059383
 8.847773
 8.570775
 8.768468
 8.774577
 9.252668
 8.953002
 8.891175
 8.840961
 8.759989
 7.614502
 8.940157
 9.280884
 8.803119
 8.106853
 8.590735
 9.059915
 8.903148
 8.607601
 8.832566
 8.776029
 8.785787
 8.720977
 9.161478
 9.633245
 9.652670
 9.569474
 8.926234
 8.866733
 8.590227
 9.162440
 9.037637
 9.046102
 9.372846
 8.799314
 8.027543
 7.744191
 7.992910
 9.500243
 9.285681
 8.154472
 8.938587
 9.086131
 8.533890
 9.393437
 8.858627
 8.436380
 8.466938
 4.200525
 4.258491
 4.052313
 4.138686
 4.387014
 4.252083
 4.581075
 4.749919
 4.818317
 5.944714
 6.183292
 5.674419
 6.249283
 5.690928
 5.387222
 5.106266
 5.759271
 5.678274
 6.400933
 5.818548
 6.382209
 6.593863
 6.659652
 6.088271
 6.158612
 5.537165
 6.069145
 5.798465
 5.938212
 5.302271
 6.017517
 5.731885
 5.962027
 6.206334
 5.500889
 6.060487
 6.281504
 5.901785
 6.817891
 6.387111
 6.808765
 4.833772
 4.970918
 4.626375
 4.659581
 4.297238
 4.692377
 4.454178
 4.281861
 4.270983
 4.683868
 4.697588
 5.240769
 4.551412
 4.596957
 3.975691
 4.190448
 3.980783
 4.068562
 4.157345
 4.311973
 4.640055
 4.003095
 4.068488
 4.161651
 4.736965
 4.978918
 4.484195
 4.469784
 4.545995
 4.301792
 5.003906
 4.486657
 5.030616
 5.136003
 5.113325
 3.389542
 3.178736
 3.410364
 3.488452
 3.716519
 3.747778
 3.530860
 5.766669
 5.545542
 4.719959
 4.701256
 4.838589
 4.565133
 4.865633
 4.989334
 4.906884
 3.860314
 4.176397
 4.357203
 4.352961
 4.640141
 4.544805
 4.383221
 4.504342
 4.540695
 4.047298
 4.367522
 4.329887
 4.412481
 4.619206
 4.505048
 4.207490
 4.269987
 4.501768
 4.605365
 4.611384
 4.414962
 7.494238
 8.126998
 7.484774
 5.937843
 9.567875
 9.306900
 9.261424
 9.470038
 9.011740
 7.198378
 7.841205
 7.653151
 7.474738
 7.443869
 6.760831
 8.393408
 7.595195
 7.870847
 8.340094
 8.346549
 9.110704
 9.196996
 7.975498
 8.634315
 8.226567
 8.150978
 8.706088
 8.856664
 9.007323
 9.281885
 8.413116
 8.731634
 8.569873
 9.740415
 9.246890
 8.980972
 8.885375
 9.761891
 9.474351
 8.597631
 9.596483
 8.179434
 8.714287
 8.861047
 9.310926
 9.671940
 9.098362
 7.890878
 7.663869
 7.707502
 7.907615
 7.965917
 7.753023
 7.987402
 9.998718
 9.967355
 9.593805
 8.611733
 8.869559
 9.439101
 9.390950
 9.364327
 9.219073
 9.888626
 9.311260
 9.835157
10.112770
 9.597949
 9.400930
 8.790088
10.370060
10.406391
 9.933118
 8.472896
 8.890569
 9.410338
10.460390
10.626915
10.840272
14.010377
13.551936
15.138293
14.688931
16.394877
16.202141
13.691786
15.259061
14.334366
13.975338
13.873205
15.176422
12.054120
12.288090
12.498837
13.480889
12.559176
13.821822
15.782136
11.859929
12.576251
12.588598
12.871582
12.903205
13.332520
13.066810
13.381713
12.593500
12.622321
12.537776
12.861911
12.232805
13.640383
12.366867
16.046254
15.292558
14.821189
12.696340
12.429227
12.985774
12.517811
12.181563
13.650041
12.743240
12.778152
12.350061
13.443408
12.224974
12.650428
11.418803
11.811981
12.177298
12.038283
12.210872
12.680928
 9.697563
 9.980976
10.931637
10.413657
10.711686
10.675151
10.960334
11.243969
11.017827
 7.200549
 7.211472
 7.088132
 6.810528
 5.922218
 5.964371
 6.259783
 6.799727
 7.384022
 6.965350
 7.239971
 7.624253
 7.532467
 6.773095
 7.159469
 9.162697
 8.822631
 9.249669
 8.740735
 8.172835
 8.549124
 9.920357
 8.824603
 9.317642
 8.023404
 9.140408
 9.450721
 9.201602
 9.416752
 8.670453
 8.139784
 8.716844
 7.409350
 6.871189
 7.083130
 7.286497
 7.902264
 7.865342
 8.026950
 8.387994
 8.115177
 7.739093
 8.116747
 8.010965
 8.609620
 8.151676
 8.245563
 8.456859
 8.201934
 8.086487
 8.756331
 7.914612
 8.199336
 8.161299
 8.469242
 8.130222
 8.838913
 8.953114
 7.774710
 8.121844
 7.877486
 8.936696
 8.700759
 8.752450
 8.872304
 8.269905
 9.108088
 8.607770
 8.919331
 9.432951
 8.778260
 9.287961
 9.024937
 8.172215
 8.483700
 8.521163
 8.013937
10.451742
10.407662
10.920077
 9.515037
 9.191593
 9.937084
13.388822
13.651746
13.329989
12.263450
11.675413
12.457550
12.182961
11.447260
12.035914
14.668482
14.200757
14.329835
12.277559
12.458796
11.120042
11.874536
11.092340
10.692278
10.926185
11.484809
11.157742
10.750640
11.753381
12.192214
 6.251542
 6.586716
 5.928492
 6.256302
 6.406111
 6.238049
 6.098514
 6.628978
 6.370251
 6.615696
 6.191103
 6.566594
 6.361597
 7.075659
 6.961295
 6.198912
 6.967885
 6.971200
 6.308558
 6.579040
 6.382999
 6.879246
 6.554827
 6.691677
 6.587733
 7.163049
 5.732909
 6.861950
 6.720861
 6.655413
 6.503744
 5.621789
 5.727348
 5.350213
 5.930308
 5.846817
 5.781910
 5.832201
 5.312308
 6.427381
 6.942954
 6.741015
 7.008561
 7.025693
 6.878631
 6.260518
 6.213749
 5.671301
 5.547743
 5.764943
 5.585188
 5.904597
 5.121249
 4.912385
 5.148892
 5.700445
 5.046325
 4.989024
 5.123894
 5.213711
 4.928145
 4.742866
 5.038705
 5.702706
 5.779511
 5.172230
 5.894619
 5.743551
 5.580098
 5.559610
 5.420942
 4.898345
 5.139105
 8.374318
 8.461443
 8.484889
 8.201760
 8.117120
 8.043910
 7.597255
 8.286677
 7.562186
 8.419553
 7.589229
 8.350371
 8.275927
 8.452176
 8.145192
 8.800784
 8.139580
 8.437666
 8.341606
 8.599129
 9.262318
 7.969523
 7.923611
 8.797452
 8.114194
 8.893987
 8.690692
 8.839532
 8.525735
 8.629290
 8.411698
 8.631509
 8.309288
 8.683986
 7.724802
 7.308815
 7.264927
 7.955418
 7.560620
 7.365743
 7.430383
 7.352871
 8.058341
 7.698782
 8.210447
 8.439477
 8.035859
 7.882986
 6.701449
 6.193283
 6.744240
 6.193670
 6.309074
 6.053912
 6.152959
 6.424063
 6.157811
 7.427833
 7.749208
 7.634069
 7.599618
 7.275927
 7.348980
 8.415374
 8.538742
 7.963226
 7.783525
 7.705313
 8.224170
10.218550
 9.777332
 9.951369
 9.883712
 8.542420
 7.302441
 7.775744
 8.472255
 7.772320
 7.849210
 7.014412
 7.290742
 7.895893
 7.231594
 6.898874
 6.017753
 6.362564
 6.318393
 7.231920
 6.808369
 6.850296
 6.360992
 6.475405
 7.072207
 6.664405
 5.426853
 6.010012
 5.959360
 4.122793
 3.606849
 3.859127
 3.799587
 3.819842
 3.667968
 5.873098
 5.531564
 5.261647
 5.336402
 5.380997
 6.050421
 5.852526
 6.227689
 6.475896
 6.253257
 5.816218
 5.894252
 5.629705
 5.863653
 5.974523
 6.258706
 5.425311
 5.411021
 5.756906
 5.088917
 4.851128
 5.298080
 4.700007
 4.725853
 4.537902
 4.357528
 4.524788
 4.548721
 5.233793
 4.980843
 5.269956
 4.735060
 4.644932
 5.078844
 5.417608
 4.867379
 5.028609
 6.166505
 6.146632
 6.515272
 5.782553
 6.600475
 6.586940
 6.697799
 6.434360
 6.404122
 6.310847
 7.776837
 8.706224
 8.344558
 8.282729
 7.882824
 8.325143
 7.878190
 7.838244
 7.503458
 7.714860
 7.798077
 8.277790
 8.022777
 7.983596
 7.645091
 7.676188
 8.689779
 8.943318
 8.451474
 8.323981
 8.804661
 7.823425
 8.226002
 9.991685
 9.474661
 9.324582
 9.153127
 8.417878
 8.309432
 8.732302
 8.066486
 9.306463
 8.441271
 8.441758
 9.096814
 9.517157
 9.304206
 9.340198
 9.093651
 8.585718
 7.213609
 8.276313
 8.113339
 8.518375
 8.045479
 5.979441
 5.852288
 6.201330
 5.595245
 5.897615
 5.247797
 5.476569
 5.396893
 5.647357
 5.509175
 5.891911
 5.363956
 5.856844
 6.012902
 5.742493
 5.244691
 5.833259
 5.696765
 5.947428
 5.391026
 5.785282
 5.244038
 5.904675
 6.012103
 6.250980
 6.215755
 6.159345
 5.682343
 5.744916
 5.768134
11.774712
11.517202
14.091593
14.822645
13.358128
13.805964
14.297662
13.621797
13.043697
13.840171
13.209856
13.137957
12.623487
10.936398
10.552028
11.163929
11.462621
10.168185
10.815017
11.258813
10.009550
10.490092
10.938491
 9.931998
10.190721
14.717998
14.758890
12.755707
13.362635
13.029696
 8.905915
10.625309
10.456492
 9.465707
 8.823841
 9.751860
 9.569867
10.172562
11.146608
11.416113
11.572762
12.053993
11.477862
10.757382
11.256683
11.518538
10.234093
10.139868
11.126371
 9.874410
10.622265
10.903984
10.848662
10.877396
10.625135
10.883036
10.232246
11.186799
10.396238
12.234178
12.706783
13.457094
11.785728
11.770472
12.330416
12.213954
15.000933
13.883495
14.058497
14.050727
11.014388
11.199006
10.788977
11.611937
10.604292
10.207319
10.923533
10.473269
10.297872
11.563535
12.214881
10.868339
11.551732
10.589479
10.122950
10.565308
10.658209
11.879658
 8.969553
 9.077567
 9.087178
 9.590664
 8.860253
 9.788199
 9.492025
 7.032329
 7.252686
 7.576500
 7.894634
 7.475012
 7.403604
 6.861314
 7.645465
 6.756784
 6.664399
 7.108931
 8.037396
 7.628316
 7.625832
 7.526317
 7.031879
 7.757829
 7.797940
 7.636335
 6.928904
 7.097734
 7.254887
 6.973431
 8.024076
 7.463951
 5.592283
 6.086539
 6.236302
10.340414
11.500663
11.575827
11.470087
12.228344
11.915316
11.830966
11.875046
11.664445
11.338123
10.331410
10.834687
11.584119
11.696147
12.351874
11.398449
11.230966
12.716209
13.212340
11.726032
11.178223
11.297784
12.344209
11.988106
11.524178
12.030193
12.174781
12.368987
11.469716
12.628944
11.779699
11.614018
12.806888
11.586482
12.138857
11.803737
12.583195
12.126549
12.052523
11.365704
10.725279
12.078321
11.892996
10.758546
11.144209
10.786175
13.535772
12.989151
12.726181
13.258834
13.311774
11.278280
10.317639
11.739216
10.819661
11.973394
11.286661
11.568376
10.494809
11.616417
11.564132
11.553230
13.519818
13.693364
14.055274
13.069341
13.787125
12.791428
12.677316
12.488014
12.692060
13.585413
13.977355
13.819140
14.779707
11.289606
11.309556
11.303376
11.013683
11.316595
11.672296
11.486406
11.137813
12.332302
11.635096
10.763541
10.640911
11.586627
11.924943
11.579179
11.107722
11.357449
 9.549476
 9.780015
11.051857
 9.163593
 8.916398
 9.201077
 8.677283
 9.218897
 8.757527
 9.270022
 8.647906
11.240159
11.052170
10.706536
11.056550
11.167257
 9.285237
 9.615052
 9.905094
10.607305
10.253571
 9.338149
 9.194350
 9.249687
11.260084
11.503076
11.852035
12.450518
11.764291
11.399219
10.421217
10.421212
10.918168
11.016599
 9.701222
10.109257
11.482929
10.644208
10.248499
 9.196977
11.864236
12.174881
12.071720
12.183159
11.524559
11.808855
12.383168
12.140600
13.241342
12.098143
10.375276
11.803325
10.694851
11.652938
10.961059
11.249174
10.939644
11.018415
11.191272
11.013802
10.397859
11.732864
11.558630
11.144845
12.450930
13.035790
12.734332
 7.951738
 8.223015
 8.160942
10.831253
 9.596868
10.392993
11.276018
10.683147
10.532809
10.336473
10.567941
 8.077332
 7.835230
 8.352958
 8.652838
 8.464113
 8.528109
 8.308221
 9.094481
 8.696948
 9.169341
 8.921964
10.461780
10.150042
10.803813
 9.833303
 9.906077
10.680516
10.532920
10.780114
11.567190
10.373240
 9.844738
 9.625109
10.797649
 4.846498
 4.812200
 4.948778
 4.627163
 5.764822
 6.037416
 6.042898
 5.762844
 5.171647
 5.751287
 5.273300
 5.453554
 5.363532
 5.456266
 5.315264
 5.504804
 5.254136
 5.966713
 5.166004
 4.966460
 4.893878
 6.343618
 6.522422
 6.432561
 6.642445
 6.245630
 7.027116
 6.048274
 4.226449
 4.042336
 4.090019
 4.106419
 4.181318
 8.801581
 8.338034
 8.111703
 9.093415
 8.370169
 7.830947
 8.531424
 7.095898
 7.158791
 7.652843
 7.801027
10.887680
10.863523
10.171095
 9.520694
 9.030634
10.035939
 8.454147
 8.123188
 8.227745
 8.697302
 8.034526
 7.537566
 8.352353
 8.125699
 8.218381
 7.776618
 8.868334
 8.483269
 8.240463
 8.961646
 8.867725
 9.476848
 7.946775
 7.411527
 8.847259
 7.945035
 7.244621
 8.519751
 7.787410
 7.550055
 7.583857
 8.144921
 7.573323
 7.742708
10.312088
 9.902894
 9.693513
 8.663532
 9.081800
 9.984920
10.477358
 9.433547
 5.577681
 5.722635
 5.984104
 6.112511
 5.486912
 5.595916
 5.604327
 5.538165
 5.604713
 4.511505
 4.828268
 4.539009
 4.784204
 4.791968
 5.389277
 5.605767
 5.995468
 5.267245
 5.617505
 5.375423
 5.371360
 6.045298
 5.735715
 5.452353
 5.225228
 5.243608
 5.386262
 5.870420
 5.751890
 5.293109
 5.531151
 5.227172
 5.286949
 5.750395
 5.859201
 6.574279
 6.527114
 5.997774
 6.394604
 6.530982
 6.521626
 6.431434
 6.266972
 6.487003
 5.717684
 5.501436
 5.508420
 6.018905
 6.314345
 6.221262
 6.765783
 5.928117
 6.134237
 6.226960
 6.112145
 6.293410
 6.186785
 6.053930
 5.724193
 6.378858
 6.598924
 6.144595
 6.006336
 6.174103
 6.049688
 5.623104
 6.010243
 5.434190
 5.170124
 5.380112
 5.625037
 5.384983
 5.355347
 5.604097
 5.288170
 5.627908
 6.245306
 6.406737
 6.623103
 6.557322
 6.164120
13.695743
14.024944
14.095955
12.774544
 9.940771
10.223250
10.842105
13.695141
13.878061
13.601320
13.724584
14.000574
12.321193
12.358040
12.282224
12.987647
11.619347
 8.962229
 8.247593
 8.545178
 7.885300
 8.382793
 8.965903
 8.762979
 8.511714
 8.628062
 9.130993
 9.210868
 8.438453
 8.006522
 8.428260
 8.279279
 7.666112
 8.758501
 8.779276
 8.765205
 8.298910
 8.242610
 8.315734
 8.003730
 8.165893
 7.075009
 7.557464
 7.359446
 7.780539
 7.084512
 7.491122
 7.447787
 6.826898
 7.083318
 6.843525
 8.405483
 8.308357
 7.494214
 8.205020
 7.319519
 7.392663
 7.717228
 7.964336
 7.525723
 7.481319
 6.833289
 6.790278
 6.592924
 8.067646
 7.238111
 7.725926
 7.509602
 8.384992
 8.102544
 7.732963
 8.265155
 7.920437
10.375167
10.608706
10.831927
 9.670653
10.322638
 9.714052
10.175036
10.113699
 9.534329
 9.729886
10.261733
 9.750595
 9.897280
10.383821
11.440813
10.803930
11.168858
10.460597
10.528660
 9.733469
10.344265
10.425629
 7.524762
 9.167111
 8.673890
 8.608213
 9.075028
 8.837639
 8.749567
 8.603575
 8.442751
 8.167858
 9.226794
 9.078898
 9.179724
 7.515875
 8.000156
 7.821830
 7.766596
 7.839723
 7.609012
 7.989986
 7.949786
 7.597715
 9.100058
 8.918232
 8.187593
 8.884554
11.239301
11.438580
11.422646
10.842576
10.802683
10.911602
11.040500
 8.890735
 8.304735
 9.295472
 9.730121
 9.580552
 9.124755
 9.675895
 9.104817
 9.560710
 9.615751
 9.773556
10.031268
10.466237
10.172854
 9.165850
 8.593827
 7.998904
 8.379135
 9.649155
 9.352756
 8.922159
 8.956432
 9.650688
 9.166578
 8.769128
 8.589500
 9.376535
 8.456421
 5.063020
 5.535728
 5.309623
 5.630153
 5.826015
 5.405347
 5.275997
 5.734028
 5.683042
 5.061381
 5.868458
 5.613031
 6.462701
 6.476671
 5.783283
 6.017291
 8.852610
 8.464328
 8.555031
 8.134954
 8.369078
 9.048664
 9.013239
 8.810584
 8.802742
 8.638648
 8.855898
 8.943244
 8.920534
 8.423503
 9.167879
 8.326923
 8.670149
 9.119077
 8.918863
 8.338901
 8.479460
 8.841775
 9.169544
 8.555874
 9.478061
 8.757506
 8.403875
 8.846767
 9.406800
 9.019228
 9.329050
 9.902199
 7.335293
 8.074598
 7.738559
 8.264039
 8.026088
 8.352948
 8.593426
 8.419729
10.134306
10.128015
 9.133639
 9.472544
 9.630242
10.786180
10.391378
10.257133
 9.491329
10.519147
 9.202343
 9.385239
10.170480
 8.969916
 9.804545
 9.701156
 8.318060
 8.978314
 5.967363
 7.613820
 7.143570
 7.446251
 7.890560
 8.134891
 8.319995
 8.516831
 8.418464
 9.466769
 8.342253
 8.420695
 8.664935
 8.000263
 7.821443
 8.568133
 8.385680
 8.466177
 7.716783
 7.971821
 8.591591
 8.366857
 8.887282
 7.898177
 8.751174
 8.619132
 8.239965
 8.423833
 9.213834
 8.462425
 8.524374
 8.703129
 8.925106
 9.335686
 8.435148
14.222578
13.382699
13.930887
13.373713
14.077376
13.702019
15.637159
14.735925
15.348209
15.010922
13.470273
14.220120
14.605080
14.474015
12.214402
11.723654
11.725909
11.442497
10.594709
11.860882
11.410045
12.115846
12.231088
10.953025
10.909817
10.856640
14.086410
14.426107
14.521434
13.014302
13.754135
12.570856
13.020591
12.646425
11.898762
10.810421
10.962060
10.506811
11.525023
11.134413
10.200139
10.622232
10.618098
10.494954
 9.506363
 9.971022
10.928985
11.900694
10.662484
12.083291
12.024325
11.881599
11.951104
10.579599
11.279535
11.497170
11.465020
11.117988
11.905956
11.588489
11.450101
11.723464
12.110035
12.251357
12.149957
 8.738154
 9.203996
 8.739257
 9.076165
 9.097299
 8.382228
 8.409095
 7.890137
 7.632208
 7.823874
 7.980667
 7.717996
 7.720945
 7.469048
 7.318944
 8.043000
 6.905525
 6.781725
 7.139551
 6.945681
 7.343773
 7.768242
 7.910509
10.012025
 9.403771
 9.483280
 9.806321
10.359237
10.345428
10.301757
10.855076
10.183598
10.676420
10.140200
11.155902
10.595263
10.238134
 9.567580
10.489777
10.410735
10.256274
10.215930
10.529106
 9.908285
 9.128664
 9.992993
 9.514241
10.641966
 9.806498
 7.093939
 8.925505
 8.521111
 9.259699
 6.762495
 7.150608
 6.966337
 6.561447
 6.182809
 5.137346
 5.542676
 5.507360
 5.878197
 5.746892
 5.528665
 5.857519
 5.952989
 5.907308
 5.949086
 5.858178
 6.318760
 5.485350
 5.871873
 7.849509
 8.548447
 8.115572
 7.733510
 8.097451
 8.701104
 8.014725
 9.061983
 8.770214
 9.340184
 7.918619
 7.769121
 7.197854
 7.718371
 7.215809
 7.076938
 7.315242
 7.399691
 7.372793
 6.859227
 7.770452
 8.308422
 8.136169
 7.814691
 7.788975
 8.460606
 7.061340
 7.491223
 8.187117
 8.078987
 8.220385
 8.279056
 8.505432
 7.952829
 8.310607
 8.213574
 8.303755
 8.306474
 8.100417
 8.773404
 8.344485
 9.123643
 8.656929
 8.262496
 8.978017
 8.539805
 8.706626
 8.080071
 7.596591
 8.787105
 9.279326
 8.999536
 8.987832
 6.140949
 6.339739
 6.021821
 7.388701
 6.950148
 8.164143
 8.178451
 8.527829
 8.137490
 8.154715
 8.041065
 8.382754
 6.982260
 7.171434
 6.867199
 6.674578
 7.298302
 7.174873
 6.903706
 7.576816
 5.529684
 5.862241
 6.148663
 5.941329
 6.113791
 6.028952
 6.613968
 6.290859
 6.610361
 5.910316
 6.341333
 6.670176
 5.928269
 5.848721
 5.625508
 6.014445
 5.569928
 5.636944
 5.967272
 5.663939
 6.258208
 6.374776
 6.441761
 6.759612
 6.297472
 6.732618
 6.532802
 6.535176
 6.912430
 6.447142
 6.403500
 6.221203
 6.948502
 7.012834
 7.429828
 7.490175
 6.414164
 6.652720
 7.181184
 6.756698
 6.953953
 6.742224
 8.257987
 8.240266
 7.647991
 8.312142
 8.198789
 7.532988
 7.660221
 7.499371
