0.8666369
0.9784056
1.0017841
0.9683361
0.9631475
0.8928408
0.9733224
1.0098615
1.0198266
0.9832677
0.9307473
0.9037986
1.0049964
0.9741284
0.9160721
0.9263981
0.9772597
0.9915918
0.9391320
1.0151900
0.9384422
0.9824002
0.9813865
0.9029214
0.9296555
0.9850650
0.9583965
0.9875490
0.9589557
0.9826157
0.9598668
1.0019940
0.9296201
0.8804818
0.9569201
0.9170125
0.9999415
1.0088680
0.9458817
1.0249732
0.8666369
0.9784056
1.0017841
0.9683361
0.9631475
0.8928408
0.9733224
1.0098615
1.0198266
0.9832677
0.9307473
0.9037986
1.0049964
0.9741284
0.9160721
0.9263981
0.9772597
0.9915918
0.9391320
1.0151900
0.9384422
0.9824002
0.9813865
0.9029214
0.9296555
0.9850650
0.9583965
0.9875490
0.9589557
0.9826157
0.9598668
1.0019940
0.9296201
0.8804818
0.9569201
0.9170125
0.9999415
1.0088680
0.9458817
1.0249732
0.8666369
0.9784056
1.0017841
0.9683361
0.9631475
0.8928408
0.9733224
1.0098615
1.0198266
0.9832677
0.9307473
0.9037986
1.0049964
0.9741284
0.9160721
0.9263981
0.9772597
0.9915918
0.9391320
1.0151900
0.9384422
0.9824002
0.9813865
0.9029214
0.9296555
0.9850650
0.9583965
0.9875490
0.9589557
0.9826157
0.9598668
1.0019940
0.9296201
0.8804818
0.9569201
0.9170125
0.9999415
1.0088680
0.9458817
1.0249732
0.8666369
0.9784056
1.0017841
0.9683361
0.9631475
0.8928408
0.9733224
1.0098615
1.0198266
0.9832677
0.9307473
0.9037986
1.0049964
0.9741284
0.9160721
0.9263981
0.9772597
0.9915918
0.9391320
1.0151900
0.9384422
0.9824002
0.9813865
0.9029214
0.9296555
0.9850650
0.9583965
0.9875490
0.9589557
0.9826157
0.9598668
1.0019940
0.9296201
0.8804818
0.9569201
0.9170125
0.9999415
1.0088680
0.9458817
1.0249732
0.8666369
0.9784056
1.0017841
0.9683361
0.9631475
0.8928408
0.9733224
1.0098615
1.0198266
0.9832677
0.9307473
0.9037986
1.0049964
0.9741284
0.9160721
0.9263981
0.9772597
0.9915918
0.9391320
1.0151900
0.9384422
0.9824002
0.9813865
0.9029214
0.9296555
0.9850650
0.9583965
0.9875490
0.9589557
0.9826157
0.9598668
1.0019940
0.9296201
0.8804818
0.9569201
0.9170125
0.9999415
1.0088680
0.9458817
1.0249732
0.8666369
0.9784056
1.0017841
0.9683361
0.9631475
0.8928408
0.9733224
1.0098615
1.0198266
0.9832677
0.9307473
0.9037986
1.0049964
0.9741284
0.9160721
0.9263981
0.9772597
0.9915918
0.9391320
1.0151900
0.9384422
0.9824002
0.9813865
0.9029214
0.9296555
0.9850650
0.9583965
0.9875490
0.9589557
0.9826157
0.9598668
1.0019940
0.9296201
0.8804818
0.9569201
0.9170125
0.9999415
1.0088680
0.9458817
1.0249732
0.8666369
0.9784056
1.0017841
0.9683361
0.9631475
0.8928408
0.9733224
1.0098615
1.0198266
0.9832677
0.9307473
0.9037986
1.0049964
0.9741284
0.9160721
0.9263981
0.9772597
0.9915918
0.9391320
1.0151900
0.9384422
0.9824002
0.9813865
0.9029214
0.9296555
0.9850650
0.9583965
0.9875490
0.9589557
0.9826157
0.9598668
1.0019940
0.9296201
0.8804818
0.9569201
0.9170125
0.9999415
1.0088680
0.9458817
1.0249732
0.8666369
0.9784056
1.0017841
0.9683361
0.9631475
0.8928408
0.9733224
1.0098615
1.0198266
0.9832677
0.9307473
0.9037986
1.0049964
0.9741284
0.9160721
0.9263981
0.9772597
0.9915918
0.9391320
1.0151900
0.9384422
0.9824002
0.9813865
0.9029214
0.9296555
0.9850650
0.9583965
0.9875490
0.9589557
0.9826157
0.9598668
1.0019940
0.9296201
0.8804818
0.9569201
0.9170125
0.9999415
1.0088680
0.9458817
1.0249732
0.8666369
0.9784056
1.0017841
0.9683361
0.9631475
0.8928408
0.9733224
1.0098615
1.0198266
0.9832677
0.9307473
0.9037986
1.0049964
0.9741284
0.9160721
0.9263981
0.9772597
0.9915918
0.9391320
1.0151900
0.9384422
0.9824002
0.9813865
0.9029214
0.9296555
0.9850650
0.9583965
0.9875490
0.9589557
0.9826157
0.9598668
1.0019940
0.9296201
0.8804818
0.9569201
0.9170125
0.9999415
1.0088680
0.9458817
1.0249732
0.8666369
0.9784056
1.0017841
0.9683361
0.9631475
0.8928408
0.9733224
1.0098615
1.0198266
0.9832677
0.9307473
0.9037986
1.0049964
0.9741284
0.9160721
0.9263981
0.9772597
0.9915918
0.9391320
1.0151900
0.9384422
0.9824002
0.9813865
0.9029214
0.9296555
0.9850650
0.9583965
0.9875490
0.9589557
0.9826157
0.9598668
1.0019940
0.9296201
0.8804818
0.9569201
0.9170125
0.9999415
1.0088680
0.9458817
1.0249732
0.8666369
0.9784056
1.0017841
0.9683361
0.9631475
0.8928408
0.9733224
1.0098615
1.0198266
0.9832677
0.9307473
0.9037986
1.0049964
0.9741284
0.9160721
0.9263981
0.9772597
0.9915918
0.9391320
1.0151900
0.9384422
0.9824002
0.9813865
0.9029214
0.9296555
0.9850650
0.9583965
0.9875490
0.9589557
0.9826157
0.9598668
1.0019940
0.9296201
0.8804818
0.9569201
0.9170125
0.9999415
1.0088680
0.9458817
1.0249732
0.8666369
0.9784056
1.0017841
0.9683361
0.9631475
0.8928408
0.9733224
1.0098615
1.0198266
0.9832677
0.9307473
0.9037986
1.0049964
0.9741284
0.9160721
0.9263981
0.9772597
0.9915918
0.9391320
1.0151900
0.9384422
0.9824002
0.9813865
0.9029214
0.9296555
0.9850650
0.9583965
0.9875490
0.9589557
0.9826157
0.9598668
1.0019940
0.9296201
0.8804818
0.9569201
0.9170125
0.9999415
1.0088680
0.9458817
1.0249732
0.8666369
0.9784056
1.0017841
0.9683361
0.9631475
0.8928408
0.9733224
1.0098615
1.0198266
0.9832677
0.9307473
0.9037986
1.0049964
0.9741284
0.9160721
0.9263981
0.9772597
0.9915918
0.9391320
1.0151900
0.9384422
0.9824002
0.9813865
0.9029214
0.9296555
0.9850650
0.9583965
0.9875490
0.9589557
0.9826157
0.9598668
1.0019940
0.9296201
0.8804818
0.9569201
0.9170125
0.9999415
1.0088680
0.9458817
1.0249732
0.8666369
0.9784056
1.0017841
0.9683361
0.9631475
0.8928408
0.9733224
1.0098615
1.0198266
0.9832677
0.9307473
0.9037986
1.0049964
0.9741284
0.9160721
0.9263981
0.9772597
0.9915918
0.9391320
1.0151900
0.9384422
0.9824002
0.9813865
0.9029214
0.9296555
0.9850650
0.9583965
0.9875490
0.9589557
0.9826157
0.9598668
1.0019940
0.9296201
0.8804818
0.9569201
0.9170125
0.9999415
1.0088680
0.9458817
1.0249732
0.8666369
0.9784056
1.0017841
0.9683361
0.9631475
0.8928408
0.9733224
1.0098615
1.0198266
0.9832677
0.9307473
0.9037986
1.0049964
0.9741284
0.9160721
0.9263981
0.9772597
0.9915918
0.9391320
1.0151900
0.9384422
0.9824002
0.9813865
0.9029214
0.9296555
0.9850650
0.9583965
0.9875490
0.9589557
0.9826157
0.9598668
1.0019940
0.9296201
0.8804818
0.9569201
0.9170125
0.9999415
1.0088680
0.9458817
1.0249732
0.8666369
0.9784056
1.0017841
0.9683361
0.9631475
0.8928408
0.9733224
1.0098615
1.0198266
0.9832677
0.9307473
0.9037986
1.0049964
0.9741284
0.9160721
0.9263981
0.9772597
0.9915918
0.9391320
1.0151900
0.9384422
0.9824002
0.9813865
0.9029214
0.9296555
0.9850650
0.9583965
0.9875490
0.9589557
0.9826157
0.9598668
1.0019940
0.9296201
0.8804818
0.9569201
0.9170125
0.9999415
1.0088680
0.9458817
1.0249732
0.8666369
0.9784056
1.0017841
0.9683361
0.9631475
0.8928408
0.9733224
1.0098615
1.0198266
0.9832677
0.9307473
0.9037986
1.0049964
0.9741284
0.9160721
0.9263981
0.9772597
0.9915918
0.9391320
1.0151900
0.9384422
0.9824002
0.9813865
0.9029214
0.9296555
0.9850650
0.9583965
0.9875490
0.9589557
0.9826157
0.9598668
1.0019940
0.9296201
0.8804818
0.9569201
0.9170125
0.9999415
1.0088680
0.9458817
1.0249732
0.8666369
0.9784056
1.0017841
0.9683361
0.9631475
0.8928408
0.9733224
1.0098615
1.0198266
0.9832677
0.9307473
0.9037986
1.0049964
0.9741284
0.9160721
0.9263981
0.9772597
0.9915918
0.9391320
1.0151900
0.9384422
0.9824002
0.9813865
0.9029214
0.9296555
0.9850650
0.9583965
0.9875490
0.9589557
0.9826157
0.9598668
1.0019940
0.9296201
0.8804818
0.9569201
0.9170125
0.9999415
1.0088680
0.9458817
1.0249732
0.8666369
0.9784056
1.0017841
0.9683361
0.9631475
0.8928408
0.9733224
1.0098615
1.0198266
0.9832677
0.9307473
0.9037986
1.0049964
0.9741284
0.9160721
0.9263981
0.9772597
0.9915918
0.9391320
1.0151900
0.9384422
0.9824002
0.9813865
0.9029214
0.9296555
0.9850650
0.9583965
0.9875490
0.9589557
0.9826157
0.9598668
1.0019940
0.9296201
0.8804818
0.9569201
0.9170125
0.9999415
1.0088680
0.9458817
1.0249732
0.8666369
0.9784056
1.0017841
0.9683361
0.9631475
0.8928408
0.9733224
1.0098615
1.0198266
0.9832677
0.9307473
0.9037986
1.0049964
0.9741284
0.9160721
0.9263981
0.9772597
0.9915918
0.9391320
1.0151900
0.9384422
0.9824002
0.9813865
0.9029214
0.9296555
0.9850650
0.9583965
0.9875490
0.9589557
0.9826157
0.9598668
1.0019940
0.9296201
0.8804818
0.9569201
0.9170125
0.9999415
1.0088680
0.9458817
1.0249732
0.8666369
0.9784056
1.0017841
0.9683361
0.9631475
0.8928408
0.9733224
1.0098615
1.0198266
0.9832677
0.9307473
0.9037986
1.0049964
0.9741284
0.9160721
0.9263981
0.9772597
0.9915918
0.9391320
1.0151900
0.9384422
0.9824002
0.9813865
0.9029214
0.9296555
0.9850650
0.9583965
0.9875490
0.9589557
0.9826157
0.9598668
1.0019940
0.9296201
0.8804818
0.9569201
0.9170125
0.9999415
1.0088680
0.9458817
1.0249732
0.8666369
0.9784056
1.0017841
0.9683361
0.9631475
0.8928408
0.9733224
1.0098615
1.0198266
0.9832677
0.9307473
0.9037986
1.0049964
0.9741284
0.9160721
0.9263981
0.9772597
0.9915918
0.9391320
1.0151900
0.9384422
0.9824002
0.9813865
0.9029214
0.9296555
0.9850650
0.9583965
0.9875490
0.9589557
0.9826157
0.9598668
1.0019940
0.9296201
0.8804818
0.9569201
0.9170125
0.9999415
1.0088680
0.9458817
1.0249732
0.8666369
0.9784056
1.0017841
0.9683361
0.9631475
0.8928408
0.9733224
1.0098615
1.0198266
0.9832677
0.9307473
0.9037986
1.0049964
0.9741284
0.9160721
0.9263981
0.9772597
0.9915918
0.9391320
1.0151900
0.9384422
0.9824002
0.9813865
0.9029214
0.9296555
0.9850650
0.9583965
0.9875490
0.9589557
0.9826157
0.9598668
1.0019940
0.9296201
0.8804818
0.9569201
0.9170125
0.9999415
1.0088680
0.9458817
1.0249732
0.8666369
0.9784056
1.0017841
0.9683361
0.9631475
0.8928408
0.9733224
1.0098615
1.0198266
0.9832677
0.9307473
0.9037986
1.0049964
0.9741284
0.9160721
0.9263981
0.9772597
0.9915918
0.9391320
1.0151900
0.9384422
0.9824002
0.9813865
0.9029214
0.9296555
0.9850650
0.9583965
0.9875490
0.9589557
0.9826157
0.9598668
1.0019940
0.9296201
0.8804818
0.9569201
0.9170125
0.9999415
1.0088680
0.9458817
1.0249732
0.8666369
0.9784056
1.0017841
0.9683361
0.9631475
0.8928408
0.9733224
1.0098615
1.0198266
0.9832677
0.9307473
0.9037986
1.0049964
0.9741284
0.9160721
0.9263981
0.9772597
0.9915918
0.9391320
1.0151900
0.9384422
0.9824002
0.9813865
0.9029214
0.9296555
0.9850650
0.9583965
0.9875490
0.9589557
0.9826157
0.9598668
1.0019940
0.9296201
0.8804818
0.9569201
0.9170125
0.9999415
1.0088680
0.9458817
1.0249732
0.8666369
0.9784056
1.0017841
0.9683361
0.9631475
0.8928408
0.9733224
1.0098615
1.0198266
0.9832677
0.9307473
0.9037986
1.0049964
0.9741284
0.9160721
0.9263981
0.9772597
0.9915918
0.9391320
1.0151900
0.9384422
0.9824002
0.9813865
0.9029214
0.9296555
0.9850650
0.9583965
0.9875490
0.9589557
0.9826157
0.9598668
1.0019940
0.9296201
0.8804818
0.9569201
0.9170125
0.9999415
1.0088680
0.9458817
1.0249732
0.8666369
0.9784056
1.0017841
0.9683361
0.9631475
0.8928408
0.9733224
1.0098615
1.0198266
0.9832677
0.9307473
0.9037986
1.0049964
0.9741284
0.9160721
0.9263981
0.9772597
0.9915918
0.9391320
1.0151900
0.9384422
0.9824002
0.9813865
0.9029214
0.9296555
0.9850650
0.9583965
0.9875490
0.9589557
0.9826157
0.9598668
1.0019940
0.9296201
0.8804818
0.9569201
0.9170125
0.9999415
1.0088680
0.9458817
1.0249732
0.8666369
0.9784056
1.0017841
0.9683361
0.9631475
0.8928408
0.9733224
1.0098615
1.0198266
0.9832677
0.9307473
0.9037986
1.0049964
0.9741284
0.9160721
0.9263981
0.9772597
0.9915918
0.9391320
1.0151900
0.9384422
0.9824002
0.9813865
0.9029214
0.9296555
0.9850650
0.9583965
0.9875490
0.9589557
0.9826157
0.9598668
1.0019940
0.9296201
0.8804818
0.9569201
0.9170125
0.9999415
1.0088680
0.9458817
1.0249732
0.8666369
0.9784056
1.0017841
0.9683361
0.9631475
0.8928408
0.9733224
1.0098615
1.0198266
0.9832677
0.9307473
0.9037986
1.0049964
0.9741284
0.9160721
0.9263981
0.9772597
0.9915918
0.9391320
1.0151900
0.9384422
0.9824002
0.9813865
0.9029214
0.9296555
0.9850650
0.9583965
0.9875490
0.9589557
0.9826157
0.9598668
1.0019940
0.9296201
0.8804818
0.9569201
0.9170125
0.9999415
1.0088680
0.9458817
1.0249732
0.8666369
0.9784056
1.0017841
0.9683361
0.9631475
0.8928408
0.9733224
1.0098615
1.0198266
0.9832677
0.9307473
0.9037986
1.0049964
0.9741284
0.9160721
0.9263981
0.9772597
0.9915918
0.9391320
1.0151900
0.9384422
0.9824002
0.9813865
0.9029214
0.9296555
0.9850650
0.9583965
0.9875490
0.9589557
0.9826157
0.9598668
1.0019940
0.9296201
0.8804818
0.9569201
0.9170125
0.9999415
1.0088680
0.9458817
1.0249732
0.8666369
0.9784056
1.0017841
0.9683361
0.9631475
0.8928408
0.9733224
1.0098615
1.0198266
0.9832677
0.9307473
0.9037986
1.0049964
0.9741284
0.9160721
0.9263981
0.9772597
0.9915918
0.9391320
1.0151900
0.9384422
0.9824002
0.9813865
0.9029214
0.9296555
0.9850650
0.9583965
0.9875490
0.9589557
0.9826157
0.9598668
1.0019940
0.9296201
0.8804818
0.9569201
0.9170125
0.9999415
1.0088680
0.9458817
1.0249732
0.8666369
0.9784056
1.0017841
0.9683361
0.9631475
0.8928408
0.9733224
1.0098615
1.0198266
0.9832677
0.9307473
0.9037986
1.0049964
0.9741284
0.9160721
0.9263981
0.9772597
0.9915918
0.9391320
1.0151900
0.9384422
0.9824002
0.9813865
0.9029214
0.9296555
0.9850650
0.9583965
0.9875490
0.9589557
0.9826157
0.9598668
1.0019940
0.9296201
0.8804818
0.9569201
0.9170125
0.9999415
1.0088680
0.9458817
1.0249732
0.8666369
0.9784056
1.0017841
0.9683361
0.9631475
0.8928408
0.9733224
1.0098615
1.0198266
0.9832677
0.9307473
0.9037986
1.0049964
0.9741284
0.9160721
0.9263981
0.9772597
0.9915918
0.9391320
1.0151900
0.9384422
0.9824002
0.9813865
0.9029214
0.9296555
0.9850650
0.9583965
0.9875490
0.9589557
0.9826157
0.9598668
1.0019940
0.9296201
0.8804818
0.9569201
0.9170125
0.9999415
1.0088680
0.9458817
1.0249732
0.8666369
0.9784056
1.0017841
0.9683361
0.9631475
0.8928408
0.9733224
1.0098615
1.0198266
0.9832677
0.9307473
0.9037986
1.0049964
0.9741284
0.9160721
0.9263981
0.9772597
0.9915918
0.9391320
1.0151900
0.9384422
0.9824002
0.9813865
0.9029214
0.9296555
0.9850650
0.9583965
0.9875490
0.9589557
0.9826157
0.9598668
1.0019940
0.9296201
0.8804818
0.9569201
0.9170125
0.9999415
1.0088680
0.9458817
1.0249732
0.8666369
0.9784056
1.0017841
0.9683361
0.9631475
0.8928408
0.9733224
1.0098615
1.0198266
0.9832677
0.9307473
0.9037986
1.0049964
0.9741284
0.9160721
0.9263981
0.9772597
0.9915918
0.9391320
1.0151900
0.9384422
0.9824002
0.9813865
0.9029214
0.9296555
0.9850650
0.9583965
0.9875490
0.9589557
0.9826157
0.9598668
1.0019940
0.9296201
0.8804818
0.9569201
0.9170125
0.9999415
1.0088680
0.9458817
1.0249732
0.8666369
0.9784056
1.0017841
0.9683361
0.9631475
0.8928408
0.9733224
1.0098615
1.0198266
0.9832677
0.9307473
0.9037986
1.0049964
0.9741284
0.9160721
0.9263981
0.9772597
0.9915918
0.9391320
1.0151900
0.9384422
0.9824002
0.9813865
0.9029214
0.9296555
0.9850650
0.9583965
0.9875490
0.9589557
0.9826157
0.9598668
1.0019940
0.9296201
0.8804818
0.9569201
0.9170125
0.9999415
1.0088680
0.9458817
1.0249732
0.8666369
0.9784056
1.0017841
0.9683361
0.9631475
0.8928408
0.9733224
1.0098615
1.0198266
0.9832677
0.9307473
0.9037986
1.0049964
0.9741284
0.9160721
0.9263981
0.9772597
0.9915918
0.9391320
1.0151900
0.9384422
0.9824002
0.9813865
0.9029214
0.9296555
0.9850650
0.9583965
0.9875490
0.9589557
0.9826157
0.9598668
1.0019940
0.9296201
0.8804818
0.9569201
0.9170125
0.9999415
1.0088680
0.9458817
1.0249732
0.8666369
0.9784056
1.0017841
0.9683361
0.9631475
0.8928408
0.9733224
1.0098615
1.0198266
0.9832677
0.9307473
0.9037986
1.0049964
0.9741284
0.9160721
0.9263981
0.9772597
0.9915918
0.9391320
1.0151900
0.9384422
0.9824002
0.9813865
0.9029214
0.9296555
0.9850650
0.9583965
0.9875490
0.9589557
0.9826157
0.9598668
1.0019940
0.9296201
0.8804818
0.9569201
0.9170125
0.9999415
1.0088680
0.9458817
1.0249732
0.8666369
0.9784056
1.0017841
0.9683361
0.9631475
0.8928408
0.9733224
1.0098615
1.0198266
0.9832677
0.9307473
0.9037986
1.0049964
0.9741284
0.9160721
0.9263981
0.9772597
0.9915918
0.9391320
1.0151900
0.9384422
0.9824002
0.9813865
0.9029214
0.9296555
0.9850650
0.9583965
0.9875490
0.9589557
0.9826157
0.9598668
1.0019940
0.9296201
0.8804818
0.9569201
0.9170125
0.9999415
1.0088680
0.9458817
1.0249732
0.8666369
0.9784056
1.0017841
0.9683361
0.9631475
0.8928408
0.9733224
1.0098615
1.0198266
0.9832677
0.9307473
0.9037986
1.0049964
0.9741284
0.9160721
0.9263981
0.9772597
0.9915918
0.9391320
1.0151900
0.9384422
0.9824002
0.9813865
0.9029214
0.9296555
0.9850650
0.9583965
0.9875490
0.9589557
0.9826157
0.9598668
1.0019940
0.9296201
0.8804818
0.9569201
0.9170125
0.9999415
1.0088680
0.9458817
1.0249732
0.8666369
0.9784056
1.0017841
0.9683361
0.9631475
0.8928408
0.9733224
1.0098615
1.0198266
0.9832677
0.9307473
0.9037986
1.0049964
0.9741284
0.9160721
0.9263981
0.9772597
0.9915918
0.9391320
1.0151900
0.9384422
0.9824002
0.9813865
0.9029214
0.9296555
0.9850650
0.9583965
0.9875490
0.9589557
0.9826157
0.9598668
1.0019940
0.9296201
0.8804818
0.9569201
0.9170125
0.9999415
1.0088680
0.9458817
1.0249732
0.8666369
0.9784056
1.0017841
0.9683361
0.9631475
0.8928408
0.9733224
1.0098615
1.0198266
0.9832677
0.9307473
0.9037986
1.0049964
0.9741284
0.9160721
0.9263981
0.9772597
0.9915918
0.9391320
1.0151900
0.9384422
0.9824002
0.9813865
0.9029214
0.9296555
0.9850650
0.9583965
0.9875490
0.9589557
0.9826157
0.9598668
1.0019940
0.9296201
0.8804818
0.9569201
0.9170125
0.9999415
1.0088680
0.9458817
1.0249732
0.8666369
0.9784056
1.0017841
0.9683361
0.9631475
0.8928408
0.9733224
1.0098615
1.0198266
0.9832677
0.9307473
0.9037986
1.0049964
0.9741284
0.9160721
0.9263981
0.9772597
0.9915918
0.9391320
1.0151900
0.9384422
0.9824002
0.9813865
0.9029214
0.9296555
0.9850650
0.9583965
0.9875490
0.9589557
0.9826157
0.9598668
1.0019940
0.9296201
0.8804818
0.9569201
0.9170125
0.9999415
1.0088680
0.9458817
1.0249732
0.8666369
0.9784056
1.0017841
0.9683361
0.9631475
0.8928408
0.9733224
1.0098615
1.0198266
0.9832677
0.9307473
0.9037986
1.0049964
0.9741284
0.9160721
0.9263981
0.9772597
0.9915918
0.9391320
1.0151900
0.9384422
0.9824002
0.9813865
0.9029214
0.9296555
0.9850650
0.9583965
0.9875490
0.9589557
0.9826157
0.9598668
1.0019940
0.9296201
0.8804818
0.9569201
0.9170125
0.9999415
1.0088680
0.9458817
1.0249732
0.8666369
0.9784056
1.0017841
0.9683361
0.9631475
0.8928408
0.9733224
1.0098615
1.0198266
0.9832677
0.9307473
0.9037986
1.0049964
0.9741284
0.9160721
0.9263981
0.9772597
0.9915918
0.9391320
1.0151900
0.9384422
0.9824002
0.9813865
0.9029214
0.9296555
0.9850650
0.9583965
0.9875490
0.9589557
0.9826157
0.9598668
1.0019940
0.9296201
0.8804818
0.9569201
0.9170125
0.9999415
1.0088680
0.9458817
1.0249732
0.8666369
0.9784056
1.0017841
0.9683361
0.9631475
0.8928408
0.9733224
1.0098615
1.0198266
0.9832677
0.9307473
0.9037986
1.0049964
0.9741284
0.9160721
0.9263981
0.9772597
0.9915918
0.9391320
1.0151900
0.9384422
0.9824002
0.9813865
0.9029214
0.9296555
0.9850650
0.9583965
0.9875490
0.9589557
0.9826157
0.9598668
1.0019940
0.9296201
0.8804818
0.9569201
0.9170125
0.9999415
1.0088680
0.9458817
1.0249732
0.8666369
0.9784056
1.0017841
0.9683361
0.9631475
0.8928408
0.9733224
1.0098615
1.0198266
0.9832677
0.9307473
0.9037986
1.0049964
0.9741284
0.9160721
0.9263981
0.9772597
0.9915918
0.9391320
1.0151900
0.9384422
0.9824002
0.9813865
0.9029214
0.9296555
0.9850650
0.9583965
0.9875490
0.9589557
0.9826157
0.9598668
1.0019940
0.9296201
0.8804818
0.9569201
0.9170125
0.9999415
1.0088680
0.9458817
1.0249732
0.8666369
0.9784056
1.0017841
0.9683361
0.9631475
0.8928408
0.9733224
1.0098615
1.0198266
0.9832677
0.9307473
0.9037986
1.0049964
0.9741284
0.9160721
0.9263981
0.9772597
0.9915918
0.9391320
1.0151900
0.9384422
0.9824002
0.9813865
0.9029214
0.9296555
0.9850650
0.9583965
0.9875490
0.9589557
0.9826157
0.9598668
1.0019940
0.9296201
0.8804818
0.9569201
0.9170125
0.9999415
1.0088680
0.9458817
1.0249732
0.8666369
0.9784056
1.0017841
0.9683361
0.9631475
0.8928408
0.9733224
1.0098615
1.0198266
0.9832677
0.9307473
0.9037986
1.0049964
0.9741284
0.9160721
0.9263981
0.9772597
0.9915918
0.9391320
1.0151900
0.9384422
0.9824002
0.9813865
0.9029214
0.9296555
0.9850650
0.9583965
0.9875490
0.9589557
0.9826157
0.9598668
1.0019940
0.9296201
0.8804818
0.9569201
0.9170125
0.9999415
1.0088680
0.9458817
1.0249732
0.8666369
0.9784056
1.0017841
0.9683361
0.9631475
0.8928408
0.9733224
1.0098615
1.0198266
0.9832677
0.9307473
0.9037986
1.0049964
0.9741284
0.9160721
0.9263981
0.9772597
0.9915918
0.9391320
1.0151900
0.9384422
0.9824002
0.9813865
0.9029214
0.9296555
0.9850650
0.9583965
0.9875490
0.9589557
0.9826157
0.9598668
1.0019940
0.9296201
0.8804818
0.9569201
0.9170125
0.9999415
1.0088680
0.9458817
1.0249732
