17.466015
19.097633
16.459390
16.203823
17.680506
17.770815
18.147472
18.926539
18.430275
18.736425
19.310438
18.260196
18.366261
19.185328
15.120803
16.004036
15.750376
16.200636
16.193315
16.686840
18.205575
17.684702
16.351756
18.043120
16.765149
18.630070
17.064398
17.151677
17.587422
17.497624
16.462293
17.041951
17.182480
17.412778
17.199464
16.449933
17.704580
18.917295
19.055734
19.365962
19.375185
18.741359
18.509131
20.401963
18.560590
19.589260
18.834252
20.532766
20.130531
21.112121
21.575596
19.764419
19.623487
20.343335
20.137768
20.947287
21.719618
20.483489
20.951905
20.119700
19.753253
17.401345
17.390859
16.614571
17.647103
19.355076
17.532544
18.278174
19.124576
17.384248
17.855675
19.581343
16.807311
18.034252
18.074914
19.030461
20.011879
18.786817
21.265247
18.369023
21.270826
18.572863
19.121852
19.597050
22.037175
21.220213
19.409547
18.716918
19.308878
20.238692
19.671663
21.031275
20.674954
20.745511
20.528147
21.255066
21.517363
21.997645
20.360176
21.291005
22.347611
19.729775
20.730924
20.921721
19.892179
20.963314
19.186325
19.600964
19.247041
17.613978
19.272932
18.720413
17.704843
18.004700
21.143423
21.849849
22.364022
22.286626
22.240201
22.762678
20.877132
20.163670
20.353410
20.414407
20.644836
20.755129
21.246484
21.698216
20.545381
20.102226
19.226223
21.426745
22.214274
19.316733
23.586785
21.835532
22.266017
23.860429
21.761340
21.446066
22.051120
20.984252
21.480713
20.688909
23.836936
24.026784
22.955561
23.710378
23.082485
23.195736
23.694942
24.926409
24.179872
24.083323
25.835349
25.849539
23.171328
24.763498
25.762132
23.635619
25.176916
23.001009
13.133632
14.588442
13.791755
13.457184
13.012802
14.335384
13.197133
14.029615
21.609528
21.442688
21.362405
22.085620
22.577636
20.897577
21.751649
20.852167
19.882735
19.520931
21.653121
21.396251
21.457183
19.383536
20.580391
23.027959
21.544650
20.499898
22.804650
22.022634
23.044341
22.384404
22.603525
22.969010
23.577789
19.563686
18.677019
18.097721
18.959257
17.958204
17.413946
19.496593
18.548812
19.249704
18.233053
18.805082
19.436366
18.299461
18.692698
18.330385
18.103456
18.108521
19.256948
18.911375
20.284085
18.865256
18.398316
20.084500
19.226223
20.343150
19.018205
19.243486
21.438641
18.956426
18.715687
19.265254
20.722669
19.784157
19.779970
19.690978
19.454609
18.058625
18.369703
17.211984
17.387100
16.474417
16.860136
17.572710
16.739810
17.441682
17.974697
17.818006
17.354770
18.219303
18.495625
17.420946
16.652004
16.561627
17.505282
15.334208
17.478058
16.857725
16.675982
17.346179
16.386958
18.075312
17.519371
16.919919
16.862981
17.809396
16.914306
16.482955
18.587782
18.128599
17.681393
17.892816
19.925844
20.904045
20.072248
20.347847
21.356248
21.538234
20.418414
20.533324
21.097396
20.102055
20.452156
19.279697
20.824553
21.052921
20.561894
18.849476
18.703056
17.490013
19.016269
19.186239
18.897867
19.269167
21.029191
20.201027
21.524952
20.646885
21.025209
20.568992
20.121409
20.359123
19.480573
20.235471
19.370057
19.740654
21.894830
20.884298
21.484130
21.258611
21.428985
21.539805
21.002267
20.514131
21.531707
21.336965
19.355983
22.318196
19.889231
20.597276
19.953426
21.882279
20.045312
20.750659
19.990103
21.001359
21.044354
20.510437
19.967188
19.443036
20.109675
18.962056
19.602344
22.549676
21.571843
21.051741
21.080072
21.889425
20.747182
21.225446
22.366042
17.746175
18.634349
17.393772
17.709700
17.879960
17.488029
16.682578
16.999638
16.567097
16.718628
16.096340
17.559200
16.053267
16.366986
15.623964
16.351445
16.904132
16.035239
20.763733
21.299925
20.232501
20.307285
21.432497
20.389775
20.723054
20.455327
20.772227
21.143570
22.165073
21.824598
19.992257
19.976363
19.546460
19.906768
18.912920
18.516993
20.290062
19.346164
21.160547
19.056733
18.473727
17.906256
19.160644
18.422325
20.312418
20.609753
20.804989
19.243045
20.077990
21.064329
19.453427
19.587052
20.809670
18.523854
16.959380
17.388200
17.163344
18.092830
17.519507
18.148262
18.911428
18.569657
18.094375
20.150125
18.290789
20.648580
18.509549
20.399813
20.502248
18.814545
20.225852
23.426983
23.305246
21.094647
23.661329
19.610364
20.051826
19.945485
20.343807
21.148694
19.067390
20.982717
20.975854
20.329418
20.654957
20.834478
22.347688
19.778762
21.326068
20.385430
22.548679
22.205765
17.154492
17.951924
18.238996
17.997457
19.287515
18.189822
19.015679
17.044694
19.370292
17.088974
17.936409
17.807808
18.348825
17.960871
18.497431
18.149493
17.361098
18.755706
20.025723
19.059038
19.160906
19.911685
20.077230
20.223925
21.193264
17.604853
15.703539
17.000589
18.051907
16.635187
16.320349
15.405076
16.017233
16.497952
15.778811
17.013222
16.634856
16.185635
15.293591
16.414797
16.694886
15.009279
13.717332
14.100884
14.369800
14.077569
15.125124
13.988069
15.075191
16.483474
15.602278
16.017377
15.991320
15.874592
16.892064
14.994428
15.667751
15.653611
15.961560
16.881689
15.740209
20.299391
19.929221
20.804829
20.472064
19.055366
19.245973
18.679658
19.596564
18.606214
18.177339
20.046229
18.742185
18.265931
20.037966
19.366584
19.125594
19.851614
17.683315
21.942339
21.607749
24.018938
21.499564
21.658686
21.814722
21.120388
22.339782
20.602246
21.309877
21.003506
21.150350
22.235009
15.699166
19.017313
18.179894
18.795241
19.402907
18.598145
21.146928
18.538700
19.321798
18.282653
17.950942
17.634482
18.871978
18.894970
19.077237
18.967796
19.608139
17.577816
18.399168
20.107570
18.542093
19.517710
19.136943
18.322277
17.491939
19.275633
20.359281
18.354983
19.054955
20.453087
19.485642
19.488956
21.086883
22.547325
23.215586
19.891353
20.019549
20.300777
19.954345
19.754268
12.724248
13.394778
13.376359
13.337235
12.774796
12.975774
12.457450
12.413334
12.173376
11.575834
18.008045
17.853084
15.171755
17.657416
17.936512
18.516864
16.908796
18.858384
17.676307
18.250319
18.426210
19.987321
18.591396
18.786400
19.235303
19.802377
19.261407
19.035036
18.678598
19.301675
19.497407
19.881054
20.701260
19.967142
20.591007
21.278187
20.268051
20.382051
20.046932
20.873831
19.632001
19.703200
20.458332
20.298877
19.300452
20.477040
19.737529
19.606629
20.319164
18.847521
19.725526
20.181367
17.767334
17.796047
17.280478
16.600563
20.508735
20.027492
20.260013
19.846225
19.258231
18.894086
16.966209
19.216268
19.979290
18.227158
18.379401
18.687137
18.988438
18.528713
19.813490
19.117307
17.700404
18.495796
18.699083
19.481911
18.634729
21.028746
18.510280
20.399662
19.667289
19.870782
19.728600
19.931055
19.066006
18.681926
19.793950
18.993445
19.906157
20.391397
19.018047
19.018556
21.180777
19.133437
19.000594
18.177366
17.714203
19.145141
18.178362
17.814834
18.130784
18.895398
21.492514
21.533462
21.868517
22.165371
20.788482
20.576865
18.701411
18.011753
18.879083
19.514721
18.537540
18.790502
18.157195
19.616434
18.756343
18.768187
19.602104
19.529744
18.756600
18.971810
20.063232
18.450702
19.495378
19.165965
21.333064
20.918769
16.643669
14.919291
15.390173
13.982574
14.602883
14.501385
14.841877
16.011238
13.529185
13.732910
14.499167
13.873801
13.772176
14.231901
14.356590
13.953456
13.879159
13.015044
13.162350
12.329105
12.812554
12.738382
13.728536
12.664224
21.138478
21.698637
21.339448
21.162510
21.305421
20.857556
20.846933
22.060449
23.271613
22.092597
23.866309
24.011832
21.879567
24.517813
23.320590
22.481967
21.498243
22.576672
22.731417
23.804707
24.590820
23.665998
24.216813
24.352249
23.710395
25.466264
25.117099
25.475139
24.379420
24.038018
23.553276
19.682623
20.757425
21.219823
20.017239
20.533488
19.893808
16.956651
15.920690
16.935443
17.425636
17.685703
16.836935
18.062020
17.121530
13.825216
13.587320
13.862029
13.822801
13.270884
13.106150
13.190495
12.885983
13.875301
14.038447
15.318479
15.234455
14.804800
14.659301
15.120321
19.170294
19.161542
18.538950
17.944163
19.057349
15.026820
16.047073
15.834106
15.261098
15.522333
15.608589
16.406490
15.170490
15.630329
15.854063
17.491336
17.140089
17.800975
16.668006
17.590261
18.250382
17.635343
18.735622
18.032002
17.002427
17.191846
16.932528
18.218262
17.460712
17.329918
17.623660
16.667854
18.895834
18.960035
19.829435
18.590875
19.876571
20.058832
19.713709
20.957542
20.935939
18.629561
18.299573
20.256213
20.301151
21.916093
22.980003
21.787404
19.408198
22.799271
23.461471
22.178226
22.399830
23.407097
21.836885
23.854043
20.314081
24.526960
25.436431
24.072869
26.346222
24.577291
25.648497
24.865169
24.946911
24.271302
19.038736
19.470719
19.049907
19.350460
18.843069
18.593125
21.800174
21.963192
20.641675
21.764901
22.013407
21.932321
15.351496
17.024308
16.612542
16.615991
16.009931
17.551678
17.092738
15.760267
16.439777
15.898106
16.298391
16.370229
15.732103
19.550144
18.980451
19.239652
18.989891
19.755049
16.828868
17.000464
20.618878
19.497485
18.364124
19.955498
21.050108
20.654448
19.370757
20.158162
19.930663
20.241225
19.768139
20.035342
19.296928
19.364026
20.197017
17.846772
18.327260
18.507580
18.518761
19.020570
19.493178
18.264223
18.528712
18.471089
18.950006
19.201750
19.304194
22.230559
21.292833
20.053003
21.742216
20.998519
21.474129
21.657797
20.648901
19.509283
20.377545
20.255441
20.648072
19.241371
19.761714
21.582038
20.501912
21.139783
19.640830
20.171167
18.843631
20.820964
20.006218
21.021873
19.740133
21.085574
21.759705
20.444166
14.310002
14.623582
14.883557
15.004228
15.440114
14.924705
14.578592
14.591475
14.542199
14.689833
14.313735
15.130958
15.788537
15.458815
15.067050
14.763570
16.658107
15.954489
15.967787
17.331548
16.894134
16.586593
16.902031
15.491114
14.202228
15.094571
14.378991
14.825189
14.443622
13.893628
14.432395
15.112806
14.148543
14.364626
15.099127
14.824651
13.182830
13.770932
15.295665
14.713716
14.467322
14.341513
13.942684
21.145721
21.226156
20.882870
21.589352
20.339498
19.701603
20.737780
21.099405
21.075444
19.504697
21.367947
19.324456
20.345945
20.524302
21.152508
20.507947
19.661201
20.450956
19.257992
21.461403
19.436439
20.441557
19.558575
19.764788
21.047086
20.746324
19.441299
19.971919
19.618360
18.536789
18.488076
17.924685
19.054652
20.152038
19.395295
18.551988
19.998981
20.319124
19.762827
19.062384
19.790268
19.889482
20.721756
19.529968
18.699644
20.193231
19.921296
18.988795
18.525617
19.266025
18.866447
20.123120
19.428797
19.695935
19.447812
19.670418
19.650170
19.922788
20.058904
18.955474
19.605777
18.277346
17.153127
17.142879
16.911530
17.792640
16.144290
16.949419
16.874826
16.810433
17.217703
17.871844
18.119038
17.658807
18.150855
16.730774
17.590948
18.190177
17.196101
16.780716
15.170086
17.391545
15.715334
16.971696
17.696389
17.503009
18.436937
16.434525
16.636945
17.208753
18.485685
18.286291
16.134154
17.440001
17.047949
17.546440
16.471667
17.135360
16.319836
16.299033
16.164530
17.529157
18.689594
17.760544
18.405307
16.583097
16.249029
16.231173
16.006434
16.368170
16.716595
16.192105
17.257082
18.055136
18.425780
16.737357
19.036359
17.396690
18.922714
18.192515
16.399768
14.932522
15.813591
15.631668
16.706138
17.815901
18.916607
17.809865
18.323448
16.628932
18.159184
18.853090
17.107157
17.945105
16.877997
16.601848
15.632119
17.854311
17.584623
15.812898
17.304467
16.488038
16.889669
17.406594
17.196567
17.669810
16.723146
16.377151
16.864699
17.801511
17.674854
17.425660
13.938674
16.203042
14.593791
17.936057
15.735778
15.547537
16.615811
16.192853
17.060922
17.172551
15.985518
15.090796
15.660318
14.046131
15.655862
16.846367
15.366367
15.096534
13.409062
14.767600
14.855253
14.131352
14.043745
14.864361
14.301019
14.891466
13.468013
14.752492
15.617061
14.570873
14.823492
14.838284
14.330987
16.358262
15.594447
14.198837
15.111101
15.717351
14.750830
15.192073
15.305387
15.388512
15.713907
14.965886
13.816772
14.394930
14.962893
15.882569
15.628473
15.862754
15.295464
15.052702
17.289130
20.849811
19.140362
19.857058
19.627002
21.179711
18.844366
19.270279
16.168078
17.357233
16.187348
14.765169
16.052059
15.127392
16.515678
17.630003
15.186596
15.210184
16.558300
16.526077
15.086197
15.508683
16.171600
16.654007
18.983396
17.353563
18.365055
19.034597
18.249229
17.973770
19.306691
19.245421
19.461115
19.586456
17.967424
18.227365
18.800239
18.942302
19.184165
18.591497
19.058993
18.596248
18.475344
18.320063
17.283028
22.759231
23.576866
21.949226
21.399728
22.931467
21.017637
22.539075
23.194733
22.325820
23.063998
23.207519
22.599604
22.979678
20.344917
18.984320
20.659758
21.479839
18.953158
20.711583
21.377392
19.466066
20.412994
22.221664
19.738372
20.954720
23.499039
23.239469
23.115553
23.732530
22.720761
23.692186
23.195095
22.528575
20.459261
20.955131
21.395682
23.668289
23.108905
24.109587
26.389042
24.675380
23.626275
24.764906
23.749496
25.234639
23.789286
26.324987
26.362310
24.744226
22.756076
22.897165
22.929400
22.602153
24.925234
24.909785
26.010354
26.161858
25.712155
24.503309
23.636844
24.352671
24.521869
26.013329
26.691666
24.859445
25.656068
25.562491
24.698462
15.423325
14.713778
14.906000
15.541865
16.067699
16.388540
15.222548
14.411251
14.806518
14.540055
21.102795
19.662062
21.798905
21.476410
21.751944
20.651956
20.590760
19.996017
20.469183
20.355088
20.576191
20.755498
20.941191
19.898859
20.713955
20.658711
21.777999
20.877634
21.821766
19.853302
19.065653
19.408299
20.092069
19.382475
20.018461
20.553204
21.021483
21.036672
20.756023
21.379303
20.834160
20.133495
16.257301
17.398071
17.612871
17.123221
16.742591
19.177008
18.093163
20.501685
19.919631
20.708196
19.971263
19.333718
19.629041
19.891259
20.075990
18.886396
20.169380
20.365345
20.817285
20.789153
20.523100
21.603273
19.967673
20.909487
20.835040
18.722829
20.477882
18.854832
20.486744
19.639218
19.047528
19.205610
18.257582
15.420067
15.549100
15.317412
15.025997
14.386585
16.393444
15.212359
14.740366
15.246681
15.837732
15.201581
14.896336
16.280007
21.267633
19.173230
18.871006
19.511693
20.022300
19.555858
20.668076
19.662610
20.225416
20.311249
22.071094
22.017193
21.421342
21.152330
19.894896
20.033214
20.091074
20.339737
21.288022
18.688941
22.676631
22.157729
18.750934
22.144789
20.818862
19.484450
19.105066
19.988714
16.446596
16.993522
15.469146
17.183785
16.468140
16.709532
16.375095
16.771072
15.402331
15.083416
14.574201
14.880823
15.284290
16.295081
16.206607
17.367024
17.130294
17.411589
14.005797
13.917906
12.974525
14.029129
14.946882
13.980248
12.918414
12.797438
13.076832
13.674488
13.937226
12.778867
12.848185
12.400749
13.113529
14.372375
13.379189
12.570003
13.320928
13.648781
15.866445
15.193241
14.186998
16.368694
15.013101
15.670986
15.946493
16.007814
17.634298
16.464045
15.992467
13.184662
14.857046
13.790829
11.207121
13.482582
14.171075
14.756248
14.392435
14.316059
14.109105
14.736145
14.272490
15.510382
14.220722
14.188575
14.705868
13.285818
13.665546
14.227177
13.436441
13.952979
15.592822
15.780350
20.072264
20.917297
20.005334
20.221620
21.190690
19.909777
20.633151
18.668622
18.103414
17.907285
18.039114
18.896751
17.909622
18.246776
17.307328
16.166376
15.847812
16.670838
17.541889
16.346183
16.953221
22.264737
22.219582
20.817381
22.206640
21.430183
23.145815
22.343667
21.599039
22.330589
20.869487
20.812126
19.436733
22.764614
20.014390
20.825092
20.945190
23.116788
22.319859
22.751465
21.725004
22.419731
20.094539
23.968911
22.599913
21.030259
22.466053
22.297805
22.166900
20.429574
21.472903
22.775159
21.932025
19.951584
21.385199
21.901507
21.558485
20.886472
20.359267
21.137124
20.906319
20.403532
20.403604
20.573032
20.492035
21.602432
19.995644
21.219027
21.610477
21.456482
22.542687
25.742986
25.348515
26.356778
23.876010
25.418065
25.244363
26.143309
24.771640
23.015616
24.376116
22.857482
22.522284
21.593341
22.593832
21.538369
22.307868
21.913543
22.299597
21.846470
22.338311
21.284517
23.125911
21.642092
24.008611
23.625715
21.880394
23.844623
20.113747
22.076767
21.506887
23.383195
20.925321
20.347962
20.456683
21.688819
21.652464
22.341558
20.684688
21.008090
20.323255
21.440112
21.187430
20.855628
20.589772
22.324816
21.258193
20.580335
22.051895
21.253860
20.455030
22.738425
20.301681
21.691979
20.576548
21.396563
19.800501
19.653633
18.617930
18.974821
20.274099
19.191927
21.889322
19.703674
20.489551
18.828932
18.365972
19.768430
19.576428
19.603524
20.272757
19.003519
21.191236
19.101323
15.853460
15.608168
16.025832
17.644952
16.397615
16.335889
17.815432
13.659384
13.050741
14.517197
13.203425
13.405645
13.404856
12.900752
12.999433
13.728795
13.817810
13.014952
13.493805
13.433276
13.623332
13.908992
13.242065
13.385775
14.732514
12.208522
13.708239
14.002380
14.070366
15.742176
15.557297
16.608180
16.589037
16.879485
16.032205
17.067524
16.005957
17.191848
16.470562
17.160178
17.351320
16.570667
14.470927
14.231490
14.400096
14.860316
14.392706
14.961829
12.919088
13.749761
17.935759
18.129687
17.273910
17.888242
17.514958
16.873099
16.466530
17.021329
15.666285
17.380498
16.718112
16.846961
16.253738
14.881902
15.649486
16.365602
15.809145
14.722272
16.067207
15.393194
15.253310
15.246864
16.325627
15.999825
14.961613
16.385026
14.659966
12.971585
12.998604
13.293431
12.643897
12.407406
12.869943
12.763918
13.071896
12.858472
13.688751
13.230466
12.645161
13.493998
12.624450
13.709829
14.188283
14.031602
13.711367
13.516708
14.906865
13.954665
14.066780
13.649135
13.802049
14.991772
13.466862
14.013426
14.212676
13.777472
12.455213
13.761160
11.713861
12.682132
12.188527
13.130305
13.481364
12.989177
13.345686
14.608742
14.014741
13.119439
14.083371
12.334793
13.257448
13.218708
14.399285
13.676654
14.638081
14.849541
14.434769
15.034431
14.607764
15.352622
15.474224
15.189791
15.170535
15.063891
16.173316
15.927022
16.355153
16.367962
15.362182
15.633798
16.051688
15.104078
15.145248
14.959201
15.107936
14.875712
15.226521
14.999200
14.546299
14.427949
13.872094
13.836342
14.017615
13.898275
13.143872
15.709087
15.999814
15.888271
15.395041
16.079077
16.004540
15.760319
15.809613
15.348249
16.326652
15.546832
15.053783
16.617512
15.858730
19.432398
19.075546
20.466036
18.197650
19.184031
18.881012
18.267937
18.465036
19.955530
18.540695
18.021770
18.676341
17.684608
18.060591
17.877204
17.576309
18.228682
17.018450
17.492505
16.829232
17.238012
17.097845
17.700255
20.553451
18.600267
18.793952
18.064911
19.297357
19.284894
19.663940
20.216651
18.249385
18.555655
19.026746
17.440943
16.648049
17.101353
16.716135
15.318269
16.973877
16.607699
16.672955
18.137796
18.028239
17.679210
17.694914
17.548399
16.293194
17.163308
16.618886
15.941596
17.721628
22.353462
21.558674
20.708552
21.892951
21.094712
22.219098
22.551313
20.941598
20.162939
18.864045
19.711091
18.577077
19.440702
18.437016
16.772045
18.549666
18.386931
17.794369
19.316049
19.176502
21.279830
20.201843
22.340631
20.472084
19.727947
20.224196
20.039960
20.638643
20.567676
21.013953
24.636252
25.097470
24.063045
25.621569
23.647682
24.400401
24.077511
23.698020
24.350776
22.326699
21.342069
22.766682
21.992599
21.974811
22.348079
22.226424
23.219924
22.002442
21.062577
20.685827
21.203226
20.099737
21.029694
19.497379
19.729106
19.425262
21.248931
15.776435
16.059098
16.158363
14.566482
16.994881
16.595814
15.683989
15.196502
16.726124
18.645862
18.946416
18.131232
18.586673
17.282739
17.587439
19.353667
18.236189
17.928709
18.294000
19.580404
18.739607
19.054487
18.700550
17.627560
19.358696
19.441545
17.937627
18.712137
17.686933
18.401317
17.820466
17.931490
18.700144
17.272426
21.912763
18.204544
19.725516
20.374589
20.757685
20.211402
19.830084
19.854195
19.471320
19.732529
20.208826
20.897365
22.027582
18.451606
16.126498
18.429428
15.921648
16.310208
16.112369
16.455316
16.496324
16.147465
16.002683
16.597857
17.694652
17.589290
14.809642
16.947479
20.282261
20.596136
19.914967
20.189560
21.946843
20.114874
19.454569
20.044976
20.411133
18.935237
21.729852
21.698170
20.562889
20.279390
20.460867
19.906451
20.827407
19.106760
19.706758
19.206191
20.924595
22.260326
19.583099
19.863357
22.494884
20.960038
21.164718
20.957991
22.111776
26.627281
27.892892
30.133960
28.044020
27.362892
27.672206
26.157875
29.443986
26.832865
24.015321
24.925592
25.690811
25.282228
18.001679
19.118619
17.605288
18.200589
18.237678
19.544582
19.938958
18.471915
17.121330
17.954467
18.930607
19.503554
21.719142
17.495141
18.968691
19.842386
18.721793
18.947776
20.102585
18.825530
19.803101
18.571715
17.796342
18.187290
19.482376
17.257217
17.852436
17.869401
19.895095
20.039968
20.189942
19.428062
21.457736
20.571222
19.490140
21.304422
19.543425
20.277151
19.655142
19.676874
18.924108
19.096699
18.981124
18.959290
17.757369
18.099281
18.566147
18.162893
20.697957
17.569901
18.404060
18.911610
17.174234
19.250894
16.908459
16.525407
16.664132
17.915063
19.164680
18.656230
17.096691
18.850671
22.811033
23.075902
22.462792
23.360247
20.617120
21.413780
22.172846
21.910002
21.366790
23.353585
22.893197
22.168923
21.131666
24.160687
24.484704
20.991754
23.248602
21.962819
24.605188
23.653327
22.368445
22.910829
22.936343
24.473103
23.164943
23.149591
22.223772
23.759472
22.970317
21.208685
22.153961
21.042413
21.176026
21.745738
20.808512
21.234868
20.497977
21.261738
20.542616
21.923589
20.447931
21.408039
20.285318
21.504422
22.347780
16.743351
15.697548
15.278607
15.629311
15.776735
15.143475
16.117536
15.919445
16.043611
14.556484
15.713510
15.580455
15.529947
16.747761
16.680420
15.420960
15.004849
16.415166
16.775722
20.753532
20.998400
20.767698
20.696022
20.116764
22.156700
20.583855
21.632252
20.183349
20.253565
19.807952
19.993075
18.690865
20.853600
21.492794
21.266078
19.745551
20.785058
20.923134
21.154956
19.725567
21.133857
19.939978
17.589645
18.461186
19.027282
18.599125
18.325076
18.357033
19.516094
18.368246
20.435389
20.418677
20.876174
20.602966
19.799744
20.163299
18.799366
20.019326
19.679985
21.252405
21.989177
21.396703
20.436883
19.808218
19.555282
19.759654
20.325868
19.678400
19.588285
20.821233
19.846653
21.163799
20.788003
20.092581
20.913353
18.787153
21.968723
22.481034
24.630997
21.425286
23.243956
22.642733
22.819984
21.133382
22.410182
23.233226
22.011237
15.835664
16.912464
17.217782
17.880754
17.096212
17.423937
16.286766
16.226552
17.348037
16.393986
16.341031
15.855677
16.679012
15.192236
16.826600
15.435765
16.219976
15.528105
16.380814
17.752402
15.936589
20.502499
20.585594
21.576282
19.699668
18.918061
20.695309
19.389792
19.017462
14.656564
13.110233
14.263686
13.588580
14.170885
13.581897
14.455871
12.618246
13.886251
13.353982
12.793967
13.389463
14.344669
13.263552
14.222716
14.483880
13.055556
15.666718
14.979221
14.978898
15.066039
15.829288
15.069248
15.320105
17.398099
17.607292
15.747693
16.908688
15.861440
15.780100
17.966577
16.740610
15.896022
16.639147
15.263177
15.939615
15.180274
15.441762
14.306925
13.495990
13.766693
13.607394
14.637218
14.285234
15.610377
14.350565
14.770042
15.271464
15.318550
11.697005
12.282449
12.459123
11.573323
12.828753
14.133193
13.674711
13.182825
13.612250
13.993672
13.404002
14.000402
14.348928
13.303121
13.664335
13.329902
13.206220
13.252800
13.551555
13.297161
13.983342
14.644580
13.670135
13.932377
13.172750
13.723503
14.452848
14.243231
13.601719
13.865546
13.412568
13.739225
13.123322
13.582207
13.808611
20.259720
20.701176
21.685789
26.982642
25.970333
27.964808
25.311124
28.502907
25.510714
26.491616
24.457093
26.506850
24.516472
26.056768
26.197847
27.300136
25.287724
24.496729
25.556185
25.517380
24.550806
24.747982
27.275809
24.918019
24.563459
24.735469
25.866686
24.824229
24.854985
25.471198
24.153795
25.080736
26.222054
24.916771
25.303211
25.249020
24.845921
24.185193
25.286979
26.042439
28.703893
26.556149
27.736735
28.125946
27.330163
26.638383
26.122554
29.362573
26.297401
21.667743
22.068553
19.795139
21.536866
20.034757
21.503976
19.988303
18.475840
19.208054
18.714006
18.848574
18.616090
17.608156
14.623990
15.462872
15.473201
15.856361
15.979804
16.359276
15.105863
13.984844
14.669582
14.225344
14.668116
14.737373
13.538413
12.871018
13.872271
13.027263
14.188769
14.661238
16.363058
17.229467
15.900948
16.970953
16.071337
17.863432
16.110426
17.329008
15.954024
16.485671
16.312312
16.944244
17.452504
18.899681
17.344627
17.573027
16.815199
17.215981
18.676701
17.859304
17.640766
19.109873
17.771726
17.659848
17.547010
17.152639
16.772765
16.895849
15.333511
16.543188
15.734264
18.776233
18.956371
20.008047
19.291706
22.046391
19.911374
19.261657
17.880901
19.640553
20.131243
19.859091
21.165457
20.060318
19.980407
21.406111
19.670708
19.592372
20.412472
20.426325
20.906570
21.091257
18.321064
17.981408
19.333195
19.707689
17.924664
18.607353
18.435208
22.079615
20.528315
18.510091
19.554141
19.475609
19.053790
19.838318
19.440114
20.532672
19.995862
20.079191
19.347954
19.727711
20.668958
19.697772
19.189411
19.683979
19.360687
19.811264
19.975707
19.563591
17.836453
19.046422
19.850754
20.655055
19.631303
21.983459
20.167710
20.040756
19.839597
21.232759
18.878297
18.477295
19.683831
19.463573
16.949224
20.297630
21.038174
21.287492
21.265900
19.047326
21.235677
21.407399
20.036745
20.660742
20.042266
21.166581
21.740975
21.378157
20.945511
19.796909
21.045909
18.575191
21.752284
20.428702
19.822900
20.863900
18.949501
17.272886
16.810226
17.961547
17.060517
17.244559
16.701869
19.109528
18.485031
18.633040
18.152191
16.895209
17.856747
23.846530
23.789796
22.191466
23.875522
22.933553
23.337589
23.996457
23.287524
21.805820
23.968603
22.523167
23.157450
22.975172
24.916435
24.337684
23.111833
25.899111
24.996410
24.466299
25.014204
25.716084
25.075854
27.113180
25.462277
22.018267
19.869737
20.668521
20.106176
21.143274
20.992006
21.760229
21.338622
21.269001
21.862921
27.296806
25.969501
25.001960
26.112660
25.215405
26.315105
22.329988
21.958210
22.432745
22.273852
21.360535
21.366801
21.334918
20.522968
21.602202
23.187032
22.517904
21.993384
22.450630
23.340684
24.602670
21.879775
23.607832
22.534779
19.760735
21.604521
20.459550
21.173372
19.200544
19.112481
19.529495
20.745740
19.046691
21.005781
21.539986
21.041100
21.899563
20.612510
22.423279
21.330796
21.561043
21.318320
20.384405
23.155644
22.356145
18.959842
18.731040
18.716446
17.779019
18.752907
18.543490
20.566398
18.597498
20.629459
19.620672
21.657102
20.499267
19.124707
18.405281
17.809154
16.931759
17.425687
17.271273
17.643972
15.703281
15.669673
15.754785
16.482246
15.819767
16.654060
17.054555
16.279785
17.490190
18.402855
18.259055
19.231576
18.014112
17.153331
17.614023
17.504656
17.076609
18.645790
17.621952
17.510770
17.979188
24.338166
24.551900
25.406975
22.605808
24.318092
25.402379
24.535951
24.668671
24.872075
23.892276
25.149887
26.282209
25.688364
24.178691
23.769871
26.109833
26.136802
21.770220
21.296602
23.143664
21.927132
22.697386
22.953663
18.071237
18.401695
18.873112
17.453558
18.119162
18.753949
18.388662
19.699371
20.409059
19.491838
18.014685
18.570832
20.728691
19.874781
20.351304
20.757339
19.840491
18.310713
17.978763
18.163876
17.849537
13.939468
13.967224
13.804561
14.435219
15.660857
14.610415
16.370789
15.126033
15.949558
14.194988
14.746898
13.017038
12.974018
14.628742
14.116788
13.443190
15.034574
15.357701
15.621214
16.746602
14.188977
14.983279
14.666861
14.135960
14.760995
14.662833
14.812860
14.359454
13.978340
15.098301
13.469838
12.974071
12.868965
13.490787
13.613833
13.758665
17.206389
16.885180
16.447898
17.245684
17.410076
17.570904
17.796426
16.823642
15.748178
15.468623
16.284355
16.451598
15.223143
13.577747
13.632671
13.820460
14.408990
13.968020
15.322916
14.669343
14.826911
13.988096
14.813698
14.754105
15.061389
15.018039
14.636654
14.693126
14.428626
14.174964
14.784035
14.467737
14.152520
19.645356
22.621006
19.238749
19.905138
18.556594
17.494719
19.822759
19.492253
19.318785
18.354917
18.978760
21.342649
19.939745
20.159813
20.208654
18.970892
19.327486
17.050754
17.998460
17.212757
17.414133
16.328902
20.354404
20.877819
21.263563
20.773077
20.885118
19.930761
18.599971
20.128036
19.015435
20.015979
18.412958
19.541379
19.447695
19.695800
18.498224
17.622330
18.814580
18.449656
17.988451
17.762505
18.114417
18.798422
19.012330
19.002119
18.978286
16.870144
16.612073
17.133457
19.871838
18.462324
20.167474
20.295100
19.524785
20.249718
19.812992
20.846195
19.502577
20.359346
19.065780
18.090173
18.405498
18.637509
18.564314
17.525126
18.905514
19.215390
14.440642
14.191971
14.944080
15.275230
15.825662
14.473070
15.716481
14.781435
15.687095
14.994850
14.911852
15.657992
21.179895
21.393074
23.405142
21.799523
21.268190
22.179835
21.056997
21.595260
21.117235
21.816507
21.121475
23.241527
22.075630
22.789719
20.587876
21.345422
21.638763
21.775544
21.867286
23.352318
20.379029
24.363949
24.150153
23.352577
19.971473
20.118530
19.278968
19.056785
18.648370
18.470928
18.984288
18.795484
20.183430
20.765569
19.286926
19.605364
18.960492
18.076672
18.213645
19.502686
20.223888
19.491003
19.956538
21.786201
20.764061
20.948641
20.974085
19.338963
20.889700
21.931398
19.823057
20.581395
21.985442
13.542344
13.101927
14.086735
11.644665
12.369519
13.142459
12.175632
13.347538
13.635224
13.621966
14.150314
12.935369
12.869092
13.421778
13.373417
15.124128
14.218093
13.392379
13.638869
13.330717
14.618341
14.336507
11.829821
12.073271
12.147138
11.917204
13.133021
18.999834
18.484072
19.343675
18.410305
20.379339
18.016999
19.352264
18.724632
19.685420
18.734514
18.446920
17.801942
17.601498
17.737572
18.334821
17.689070
18.041819
18.149462
19.777577
19.595362
18.507324
23.844815
23.807822
25.256356
23.804723
22.370606
16.948535
17.075500
17.166588
15.896149
16.361265
17.200640
16.941379
16.256493
17.341954
18.554108
18.102797
17.258104
18.584535
18.189853
18.278913
18.582836
19.444293
17.420621
17.891271
18.987508
18.014308
18.374596
19.409906
16.578440
19.429512
17.847382
19.020987
15.148518
15.774644
15.519526
16.711482
15.837197
14.992297
17.446998
15.170106
15.294465
16.673286
15.832309
16.676232
15.866003
16.623966
18.032845
17.659853
18.592226
17.509186
18.185856
18.329419
19.216234
18.673646
19.781118
20.911095
20.087261
20.774169
17.719187
16.652357
17.312843
18.358839
16.044280
19.215005
18.701900
19.720408
19.883961
18.725539
18.692201
20.900055
18.547638
20.757968
20.023362
19.186259
19.925621
19.340774
20.184891
19.955239
18.916690
20.995235
20.566430
22.231088
22.436580
23.027818
21.932703
22.728680
23.151772
22.899866
23.321691
22.719330
22.641216
20.809461
24.107625
17.335984
18.348363
17.963346
18.826314
19.147955
18.937395
17.965941
19.341690
19.197831
17.562883
18.221387
17.474692
18.462872
19.058643
17.053996
19.713124
18.708883
22.454302
22.912302
22.068188
20.920334
20.311342
22.112366
21.354957
20.777867
21.378073
20.751869
20.196799
20.478277
20.414132
20.179864
20.362040
21.283668
21.617181
21.981476
24.615212
22.688902
20.748784
23.023236
22.615518
20.886402
22.948360
21.055439
22.612943
20.612644
21.285913
20.462993
21.207462
24.549440
22.822494
22.222162
22.954391
21.837874
21.396981
23.354632
22.289532
23.743399
24.025064
24.138776
23.582567
24.043624
24.135521
24.358332
25.379120
24.580349
21.194966
20.741752
21.009725
20.618252
19.952606
21.926872
20.791905
21.443515
19.880886
21.337124
20.576728
20.046896
18.671411
17.554293
18.021733
19.004148
18.894143
18.886991
18.903718
19.558962
18.243430
20.048481
20.485256
21.025944
20.540223
19.746368
21.856360
20.362122
19.876874
18.260656
19.095648
19.505430
18.094005
17.288355
17.450807
16.101923
16.764671
16.349872
16.777803
20.181772
19.863385
20.867711
19.100558
19.361335
21.025811
18.458602
19.997809
20.883961
19.749125
19.347090
19.998254
20.295787
21.497743
21.539094
21.698064
20.108412
19.912415
20.967348
21.451008
19.878516
19.443314
20.834738
20.193441
19.510785
19.988542
20.827366
21.382616
21.090033
21.748656
19.896545
23.072914
22.136063
20.037764
19.642155
20.352182
21.313588
19.656895
20.692905
17.074339
15.760547
16.320108
16.445333
16.498193
16.559882
15.844888
20.319150
19.360580
19.807935
20.792704
20.842168
19.765317
19.936956
19.424469
19.789960
19.093069
18.958442
18.378945
19.478230
19.733251
18.734747
19.973033
19.194005
18.627440
19.885474
20.716985
18.371498
19.950601
18.112396
17.582062
17.245522
18.078995
18.683938
17.764051
17.169269
17.912329
18.997551
19.226716
17.396115
17.856336
17.807934
17.634607
17.694553
16.805598
17.243625
16.675725
17.774888
17.042816
15.958287
16.606255
13.020766
12.929365
13.678144
13.758204
13.324096
12.449794
15.182323
13.687438
15.481671
16.082425
14.398349
14.210182
14.752388
11.851920
11.779798
12.385981
12.615441
12.202624
12.170898
16.054300
17.286980
17.528874
17.853032
16.570650
16.731494
17.164148
16.879009
17.091371
17.070040
17.432135
17.800685
17.248739
19.339006
17.065384
17.083157
17.105417
16.832426
16.410429
17.498000
17.160775
17.838642
18.289646
18.507685
19.662724
13.925189
13.029107
13.527131
13.143368
13.649038
13.540052
14.094163
14.115109
19.786592
19.010936
19.725977
16.922071
17.061061
17.661223
19.198675
19.287207
18.559428
19.155936
18.582433
18.195202
19.067240
19.451933
18.371322
14.209713
13.636683
14.275990
13.697327
13.247941
13.814604
13.919912
14.774733
16.312973
15.779987
16.033251
16.820354
16.523637
15.793953
15.871470
15.755759
15.320836
16.670197
13.755281
13.672578
13.686977
13.610990
13.551856
13.165663
13.837085
14.303534
14.158237
13.589988
13.113905
13.453146
17.373242
20.104271
19.286662
17.619674
18.100487
18.806328
18.694927
23.693209
23.869263
24.175650
24.041114
23.081886
23.552997
23.386557
18.475442
18.783143
20.203892
19.885780
18.454985
13.919321
15.255220
14.309144
16.099634
16.624947
16.194059
16.010841
16.499963
16.012789
15.528884
16.354205
16.953473
17.211205
17.103058
17.964949
16.652717
15.191854
14.930044
15.645519
15.901076
14.212294
15.864198
16.183671
14.425664
14.959476
14.801877
13.345693
15.664644
14.559785
13.581576
14.995809
14.354373
14.094895
14.082986
13.828947
14.301399
13.536448
13.857673
14.738413
14.182715
14.538659
13.387974
14.147489
13.626334
13.871932
13.509635
15.271439
16.280958
15.507557
15.451111
15.508069
15.099938
16.895978
14.989434
17.269748
14.972067
16.738845
16.092621
15.876805
16.344157
16.170208
15.116423
16.466538
16.904818
17.318175
17.201581
18.218841
16.328256
17.449159
16.748132
16.037359
15.150777
16.925944
15.362413
14.931181
15.409485
15.383394
14.258407
13.485076
14.445589
15.462564
14.314096
13.733362
14.984998
15.520533
14.781486
15.702256
14.471292
14.630105
15.422526
15.074971
16.338545
15.346612
15.266611
15.972650
14.991139
16.317181
15.856637
14.381214
16.100178
14.467943
15.346412
14.379754
13.790684
21.475371
21.850011
21.832925
22.732488
23.565270
24.158563
22.560036
22.920246
23.565653
23.030233
24.747097
15.733888
15.926088
15.725621
15.498489
15.318215
14.822159
15.961126
14.531771
14.985647
15.972738
15.219120
15.792766
16.339676
14.883416
16.110483
15.538132
15.787663
16.311789
15.409608
17.140867
16.305900
15.052889
13.719133
14.292003
14.802313
14.422330
14.273051
15.700040
15.845627
15.627044
14.183760
15.450876
15.926781
16.071417
13.938535
14.673712
15.908789
15.275466
15.884751
15.329897
16.536378
16.311801
16.165291
16.684313
15.708530
16.631835
15.782355
15.631954
16.718756
16.069187
16.084408
15.693150
16.187524
15.180620
14.807524
15.984759
15.245695
16.320782
14.892630
18.431515
17.610992
15.857973
16.484909
17.353951
15.592163
16.768190
15.311707
15.734872
16.126555
17.406882
16.723590
17.325053
16.700925
16.693522
17.777534
16.532870
17.721015
17.368390
16.570548
16.116609
17.462196
16.750839
18.041160
17.867463
16.716965
18.275809
18.406646
16.829506
16.861626
24.521001
26.733692
25.552841
25.959941
24.972995
24.100652
24.002941
25.454076
28.398127
23.460696
24.871845
22.783858
26.156448
26.008928
25.585249
24.663063
26.468796
25.836743
29.589684
28.733844
30.313239
31.160027
29.574795
30.660347
23.505268
24.563359
25.803160
23.282069
22.425101
24.744065
23.650484
25.933752
24.888162
26.030593
25.023666
25.522163
24.735569
24.956256
26.372842
24.970149
25.254172
25.183450
24.714257
25.150434
24.118106
23.727970
24.993197
24.393878
22.757921
22.140842
21.795953
20.961852
21.867948
21.174882
21.497628
21.372895
20.693890
23.274931
21.316334
27.787888
26.455629
27.386882
27.638185
19.299992
19.991166
18.569387
20.843442
18.791234
19.712908
19.200610
21.220379
21.783890
20.768338
22.700797
21.206276
21.435606
19.264296
19.899538
22.106833
19.461322
23.477541
24.751583
22.208553
21.584293
24.138501
23.281081
23.676819
20.172435
20.828799
22.445296
19.268333
17.648200
20.735188
18.840903
20.358291
21.604756
19.164814
19.309553
19.189517
24.334080
23.185452
24.794400
25.541715
25.167942
23.621576
22.811308
25.845367
25.780057
24.531162
26.431256
27.262096
27.297129
28.956398
11.027260
10.592223
10.705421
10.671826
10.462141
12.220008
12.726018
11.880049
12.659358
12.406114
11.468982
12.839554
12.001657
12.349568
12.030298
11.620255
11.963827
11.809607
12.048435
11.729102
13.640248
12.854697
14.303981
13.406080
14.233785
13.675313
15.118432
15.035737
15.288346
15.883381
14.723383
14.778661
16.338554
22.052063
22.871816
23.101286
21.613468
21.949604
21.691302
21.285996
22.863324
20.676314
20.633293
22.216927
21.534262
22.125235
23.349586
23.152541
22.270280
24.175870
23.295299
23.572393
26.836028
24.546305
26.406188
24.825380
26.000482
25.416236
24.970534
28.336652
20.031796
19.038980
19.684622
19.885280
19.283029
18.624847
18.682579
21.973744
21.275420
21.222772
22.054681
22.392334
21.709723
19.228076
20.098918
20.725131
21.619561
20.096725
20.670550
21.140981
20.645120
20.461305
21.445705
19.756133
21.064284
20.387701
19.257532
18.085637
19.530845
20.357688
18.542789
18.944676
22.222269
22.867023
21.963797
21.761350
20.968908
21.230345
21.468290
21.369232
21.083384
22.117622
20.991373
20.710922
23.314888
16.630679
15.871480
16.359589
15.419205
15.744875
15.774401
16.287491
15.604698
15.815430
16.039753
14.533702
15.588979
15.516619
17.636393
17.242584
16.800229
18.660473
20.441241
18.515319
18.222690
17.581926
17.232164
17.519419
18.003299
18.642325
17.282489
19.133959
18.554747
15.337361
15.597323
16.453637
15.225177
15.684958
15.447392
14.465571
13.109954
12.306806
13.348586
12.545618
12.791635
12.293443
12.140556
21.560757
20.543109
22.201110
23.012553
23.434821
21.377256
23.543331
23.106832
22.091285
21.506081
21.622981
20.020808
21.023536
21.234892
21.954515
20.302462
20.790623
23.400658
23.844000
21.893509
21.799407
21.800846
22.792258
21.813950
22.093177
23.928258
23.142698
23.629594
21.927372
24.616327
24.862382
24.497022
22.354601
23.876066
23.616444
23.765701
25.698363
25.893590
26.382208
24.096756
24.476690
24.256894
15.694940
17.033741
17.506000
16.442593
14.908275
15.033019
14.885361
15.209178
15.454043
15.681968
16.630367
16.088574
17.018983
17.846162
16.451641
16.137126
16.448049
16.107472
15.826507
15.286688
17.753876
16.790091
15.474331
14.498959
14.365032
15.313613
13.876262
12.673185
14.027407
13.504605
13.766461
13.292160
13.193819
14.347791
13.758724
13.097034
14.014024
15.541337
14.207217
11.254530
10.080289
10.312131
10.988461
10.953967
15.194995
15.247885
14.481484
13.170063
14.018405
13.992119
14.457381
14.943724
13.768790
14.367876
12.893328
13.963261
13.769414
13.418080
13.364555
13.695968
13.417482
13.364818
13.967930
13.827733
14.199802
12.760893
14.195809
14.119340
13.469280
13.999085
12.974751
14.120055
14.957790
13.576701
14.026304
12.785588
12.272573
11.955802
12.001510
12.274059
11.889965
17.430158
14.851624
15.753929
16.330597
15.487505
16.513666
15.839091
15.276246
16.125578
21.732639
22.224504
21.630424
20.613880
22.875998
21.234344
22.641518
22.563375
22.639178
21.297083
22.747501
18.646562
19.179052
18.675683
19.767827
19.732054
19.256483
20.749297
20.661519
20.279392
21.528367
24.536792
23.460846
23.225342
22.664827
21.716923
23.328444
22.228821
23.055266
22.716703
24.141850
23.563271
14.741504
15.962232
15.647451
15.009533
16.334168
14.670373
16.332276
13.734525
13.338112
14.403625
13.371678
14.094881
12.979667
13.217267
13.544418
14.928479
13.041927
13.190444
13.240765
14.341259
14.307994
14.780539
15.161355
14.963883
15.272880
15.020324
14.284489
15.229512
14.327651
14.718800
15.245729
14.396640
15.160526
15.713167
15.863205
15.924441
15.854602
15.013869
15.122287
15.646622
15.443949
14.300155
15.613178
15.874120
15.647219
15.876712
15.190270
15.273215
15.212758
15.596020
15.180446
15.137574
15.465448
15.512720
15.692436
15.030749
16.630573
15.174290
15.078440
14.749412
14.930884
16.131994
15.360849
15.401827
14.300323
14.690457
17.748494
16.666780
16.883410
18.580297
16.124285
14.297486
15.498306
14.131381
13.847928
14.920201
14.717783
14.708322
15.086053
13.585526
13.954853
12.928013
14.169822
15.561971
15.033197
14.107686
14.601715
13.960672
13.842640
14.780267
14.833502
14.890811
18.641985
19.545598
19.965928
19.909200
19.598871
18.236237
19.021075
18.643740
19.226464
18.048648
18.449864
18.583248
18.446104
25.218258
26.567656
26.713576
25.609671
24.671759
27.109146
25.802222
25.832748
26.438066
24.688411
27.605642
26.629175
26.152452
27.181945
26.171438
23.228115
22.199149
23.105358
23.895851
24.769180
23.593989
21.714269
23.453619
20.700494
21.484045
21.136380
22.205982
20.370784
20.391911
20.841871
21.833504
22.104647
21.511765
20.444862
21.694682
20.669591
20.592812
19.466987
21.061471
22.630857
21.003659
22.019344
22.058997
20.897692
19.465812
20.267530
19.114588
18.776755
19.680521
19.138927
18.222606
20.140174
19.348140
19.754972
15.955716
15.961067
16.184260
15.915509
16.068428
17.992883
17.448596
18.537049
18.570269
15.968654
18.160958
18.153516
18.615960
16.856761
18.468431
14.686458
15.252785
14.527761
16.783546
15.883458
16.142772
16.242914
15.734117
16.246967
16.519666
15.528206
13.486936
14.293691
15.327646
13.962576
14.380374
14.073933
14.361864
13.828811
14.775043
15.917265
15.357356
16.762001
16.140105
15.769499
18.505546
18.320059
17.595126
18.751252
18.022896
17.673381
17.569695
17.936551
18.326491
17.958856
18.014669
16.545299
16.893868
17.050443
16.803413
17.708394
18.087718
18.906179
18.190223
18.055244
17.942802
17.665578
17.964497
17.783275
18.062488
18.694955
18.456123
18.578628
17.762561
17.863009
17.821134
17.671781
18.551993
17.451677
19.230070
18.752766
18.949584
18.253756
17.354683
17.988406
18.450507
19.105966
17.710156
18.123026
17.463400
18.737690
17.676947
17.888856
17.037831
18.206689
17.150337
20.932269
18.378033
18.549771
19.033803
20.275270
20.163150
20.973297
20.070991
20.538511
20.021339
19.730703
19.391285
20.274885
21.813928
20.815164
20.947307
22.101882
21.171352
22.931475
20.950717
19.822853
20.196969
17.430370
15.727957
17.238293
17.361859
16.748447
17.203434
16.292700
16.732331
16.350744
15.718581
16.300429
17.088798
16.184703
15.501577
17.742931
20.113791
18.518766
18.671582
19.151306
18.899739
18.550166
16.891623
17.256476
17.867305
16.668349
15.848236
15.806603
16.039939
15.979985
17.123011
16.175581
18.946765
17.127050
17.200600
18.520264
18.841928
17.333225
17.671722
18.168230
16.556809
16.253004
16.011738
16.543269
16.952642
16.134927
15.221125
15.498036
16.169186
16.683444
17.438180
17.854745
16.519090
15.949650
16.555447
14.744167
15.445059
13.389664
14.911794
15.067639
15.942745
15.762107
14.983172
13.181101
13.544777
12.872036
13.430586
13.931490
13.548597
12.781620
13.663576
12.879733
13.582023
15.925220
15.936976
16.439126
15.458038
14.872744
15.461175
14.476321
15.245893
15.374324
14.381149
15.782761
14.086522
15.766405
16.715545
15.024662
15.417158
13.601775
13.601466
13.075027
14.276584
13.414397
13.110090
12.288450
12.711518
12.661206
12.340423
12.153846
15.724614
16.484461
16.790773
24.077965
24.287679
24.569749
24.668363
21.831900
24.589878
25.254850
23.548970
23.776064
23.630611
25.457296
24.386519
23.429597
25.782222
28.315351
26.514057
24.546448
25.981291
25.061578
24.345865
29.234674
24.850175
28.702515
25.921862
27.770266
25.045613
25.558982
26.327560
27.418055
19.554140
20.336585
19.023949
19.319190
20.670458
20.492056
18.959150
22.320330
22.249702
22.775519
22.684558
23.290406
22.097606
22.740122
20.961819
25.288522
23.259477
21.682541
22.729066
24.902868
23.866904
24.573209
22.719403
22.543373
22.596214
21.950037
22.946407
20.717493
21.900960
22.002035
21.984785
21.809857
22.090905
22.514163
21.669511
21.584774
20.510285
21.424853
22.578421
21.802679
23.780510
23.063432
15.586398
13.880330
14.967642
14.864411
15.284961
14.456908
16.518430
15.758698
18.277773
18.016031
17.325226
18.781429
18.852637
18.012828
17.809530
18.146855
17.139381
18.889168
17.936249
17.879316
18.013126
17.750144
17.949396
18.156761
17.913754
17.063872
17.320379
17.471339
14.578642
14.804022
14.203878
14.531105
14.573323
15.071164
14.207235
15.639777
16.239138
16.458647
17.765891
16.426943
16.615673
15.907092
17.640796
17.384269
19.036423
16.726468
16.669301
16.754742
16.237264
18.187498
17.107838
17.054538
17.676798
14.955282
14.690600
14.386656
14.680290
13.819470
13.484496
16.200833
14.372130
14.737876
15.379503
15.491661
14.492383
16.472229
15.789963
15.381708
16.520229
15.888052
15.263513
17.212491
18.316073
17.454691
18.464326
14.925466
17.124332
16.349474
21.047722
20.864813
18.704762
19.550785
21.561198
21.055872
19.781900
21.486099
19.592010
19.049644
19.178773
18.291947
17.942779
17.254465
19.883508
16.525530
18.313349
18.637665
19.116107
19.217943
20.367223
17.820470
18.521728
19.357288
18.970990
19.260884
18.267081
18.831511
18.837668
18.478810
18.651050
19.104749
17.868996
17.467563
16.979457
17.523632
17.707032
18.287953
16.354317
16.988796
17.183884
17.113727
17.196542
17.124035
17.525752
17.788960
16.833992
17.258917
16.685059
17.060874
15.827019
16.056177
15.999376
15.367146
15.750632
15.692403
16.180772
17.777833
18.253549
17.327967
17.494396
16.487588
17.376528
17.051419
18.468307
17.199733
18.005308
17.620838
18.957095
18.394613
18.772760
18.220170
19.313302
17.430491
20.028711
18.563194
20.329643
18.238765
25.607917
24.163984
23.993683
24.651333
24.874742
24.103777
23.668687
23.459409
22.788472
22.954945
23.652480
22.904249
22.481837
21.338850
20.328339
20.078293
20.265121
21.389686
19.895760
21.051712
21.729524
23.009823
22.285431
22.399433
23.349826
21.995041
23.216978
15.966269
16.451038
16.103121
16.626425
15.071303
15.767900
14.059853
14.585432
14.884059
14.876061
15.262249
15.441720
16.630541
15.998150
15.803811
15.293956
16.185493
16.428581
16.691870
16.284380
15.661544
16.804335
16.616746
15.552614
14.526573
15.217810
15.051543
14.757222
15.641078
14.720411
14.298621
15.266984
14.460019
14.624509
14.709238
14.686607
15.043867
15.390768
15.174576
14.087358
13.303105
12.891823
14.181741
13.403604
13.162684
13.551657
14.146121
13.129973
13.406467
12.721241
15.296149
13.592878
15.525005
14.753333
14.613125
15.330884
14.136695
14.359697
13.989266
14.971510
16.369480
14.984891
15.452041
15.418548
15.201827
15.887084
16.278772
16.400930
15.718419
16.713375
16.661166
16.247416
16.949910
14.614244
14.745716
14.983164
15.407059
15.035710
15.085553
14.060408
13.739875
14.603139
15.667750
15.413599
15.963482
16.297813
14.247282
15.357925
16.051897
16.201274
16.727272
17.280958
16.979463
14.915517
15.924781
15.844046
15.241577
14.619514
15.578056
16.184336
15.498157
14.101873
13.882691
14.579734
14.466580
14.402644
14.317078
13.554809
15.231128
14.292741
16.220691
15.104525
15.398629
14.664473
15.098073
17.547947
15.944480
15.576094
14.785297
16.434333
15.612438
15.814235
15.348657
15.089297
14.983630
15.986118
14.938132
12.843020
14.981032
15.413799
16.591979
16.821958
15.791980
15.278967
15.271646
16.320490
15.719826
21.234289
21.477144
23.195499
20.596891
22.292185
21.587679
22.053197
22.408670
20.354818
21.785856
22.049994
22.971949
21.795854
20.054395
20.309088
20.233074
20.289020
19.465004
20.262397
19.133078
20.695624
20.957639
19.914194
19.052117
17.339448
16.741853
17.256807
18.330236
16.159293
17.433158
18.007857
16.661005
17.466973
17.214388
16.407734
16.900461
16.994976
16.062927
17.216340
17.629794
17.958632
18.553862
17.436459
17.076336
18.629023
17.615613
18.403285
16.709268
19.112888
15.921848
17.581118
17.318249
16.060108
16.964879
16.183780
17.020125
16.804620
17.122738
17.883164
16.060600
16.750465
16.324947
16.362475
16.626812
16.720365
16.767977
15.450249
15.503535
15.754271
15.408301
15.652247
15.111609
18.664299
18.472946
18.485161
17.536526
18.091276
19.041156
18.428758
22.092050
19.067268
19.910988
19.705226
20.316161
20.646484
20.110562
19.447559
18.259906
19.414196
18.319408
17.968693
18.257881
19.080448
18.801737
19.480351
20.361568
19.669823
18.444211
17.968127
17.718474
18.482500
19.282946
19.346864
19.103939
20.383194
20.445804
17.963149
20.215546
17.661743
19.320687
18.593692
18.294406
17.289127
17.948035
16.797486
18.188026
15.486269
15.789217
16.191585
16.372205
16.595982
16.435454
15.764446
17.119275
17.558094
16.077484
16.454541
16.110161
17.210871
17.347033
17.173368
17.599659
16.649816
16.905672
15.963812
18.215972
18.145928
17.686827
17.953041
19.268843
18.606347
18.687947
17.584443
17.639137
18.100929
14.527617
15.580501
15.528765
16.473227
17.521116
16.554554
16.276646
17.734590
17.323435
18.118686
15.693201
16.129174
16.892742
18.042424
17.168498
16.498969
15.779914
18.026281
17.072909
17.343377
16.360448
18.997415
18.306651
18.783271
17.975878
17.681490
19.347369
19.235406
17.978991
18.904579
18.428538
18.702817
18.851114
18.288646
19.569731
18.475413
18.737231
20.573694
19.654630
18.805009
18.459816
19.026200
19.539692
20.394356
19.202049
18.859305
19.509480
17.917503
17.866136
17.178036
19.883760
19.650823
19.949249
19.492822
18.549324
18.869633
19.235921
17.456031
18.464641
19.332144
20.053139
19.339726
19.447052
19.313242
18.586591
19.274078
18.722694
16.673620
17.534194
17.786401
17.855108
19.046381
18.981796
18.442078
23.669335
23.641283
22.900863
23.794619
23.794295
23.946535
21.291600
22.759058
21.010431
21.369044
20.485913
21.756129
21.970377
21.799486
21.279185
21.436952
22.596479
20.937363
20.455014
20.740658
21.052099
22.485470
21.151137
21.237542
21.464082
20.340330
21.852698
20.575218
21.513011
19.713683
20.652590
22.060323
22.502586
22.393645
21.583498
21.014856
21.507281
19.138830
21.518875
19.918601
20.498728
21.224027
19.054528
21.908635
21.598912
20.544965
16.845869
18.976131
18.322037
18.589327
18.608943
18.224871
19.352257
19.574435
20.021151
18.872362
20.297855
20.810602
19.630935
20.611726
21.487355
21.783804
18.781419
19.884167
19.895931
19.838939
19.334039
19.887675
19.641509
19.026741
20.744692
18.583402
16.407927
16.990784
15.659918
17.308952
16.598239
16.162875
15.151659
14.993214
16.433750
16.757290
16.216505
16.961894
16.073629
16.051390
15.481487
15.212895
15.874578
16.738236
14.910347
16.151450
16.029721
18.462089
19.337984
18.345247
18.475292
18.212642
21.168170
20.114328
18.413609
19.235537
19.160405
18.626096
19.188357
18.262028
17.866869
21.747013
21.791410
18.679645
19.276601
18.972109
18.178659
18.940398
18.773663
19.330689
19.001163
18.397059
18.718467
17.971901
18.655561
20.247235
18.262152
18.285128
18.115025
17.879672
19.632743
19.853646
19.275865
18.365335
18.741289
18.459535
18.717971
19.784863
18.905658
19.506107
18.590249
18.057333
17.641877
18.628379
17.550655
18.888225
18.181707
18.151749
18.183612
17.871874
17.170601
17.433082
19.515381
18.480521
17.543686
18.492244
18.820363
17.984362
19.064830
16.724577
17.552600
19.001363
19.220665
19.613440
17.888217
17.901955
17.394225
18.175874
18.685232
18.433063
18.557703
17.764579
18.314305
17.820805
18.214820
19.919780
16.685324
16.981159
17.104283
16.855324
17.360296
16.838256
18.510396
18.703294
18.716402
18.807413
21.404064
19.804226
21.550020
20.944224
20.149898
19.379038
19.873672
20.455947
19.539299
20.101886
21.842544
18.330526
19.832894
20.847449
17.956272
19.345991
19.957615
19.795063
20.290155
18.871400
20.052230
19.173903
20.032829
20.794151
22.199158
22.811136
21.267896
20.435156
20.062465
21.088413
21.636357
20.646905
21.396208
18.928555
21.177889
20.768508
19.456246
20.053927
19.884213
20.387455
19.807871
20.163489
19.150985
20.610040
19.858348
18.890646
20.601047
20.189602
18.441650
20.114387
20.556801
23.064466
23.561719
23.428306
22.771627
21.296015
21.732295
21.691341
20.480036
20.846707
23.123800
23.659343
22.423317
22.984114
21.897710
19.960751
19.168114
19.840997
19.897743
19.069332
19.260902
19.639860
19.196705
18.403937
20.129330
19.378602
19.340837
19.371835
19.730301
18.249239
18.601777
18.726384
18.658684
19.734943
19.065370
17.853852
17.581373
17.250398
17.016727
16.942542
17.889197
18.561803
17.099988
17.193876
18.793160
19.665613
20.221729
18.234843
19.287907
19.841752
19.046387
22.479029
21.385213
21.977734
21.664085
21.620171
23.690216
22.458564
20.792464
21.359335
21.053062
20.205441
21.952605
22.242246
21.218998
19.171844
16.741408
18.204338
18.340785
19.115601
18.894782
19.366937
24.262888
21.546261
24.003703
24.403518
24.052869
24.686148
22.344178
24.393001
21.809942
23.893875
22.993949
22.427342
23.429662
22.051046
20.670913
21.377067
23.381015
20.660049
18.731464
21.071172
21.242113
21.094809
22.146183
19.937948
19.179738
17.940185
19.941369
18.682302
20.307745
20.231433
20.666897
18.262215
19.822057
19.596267
21.347577
20.133425
18.206732
19.072649
18.605461
18.282140
20.029977
20.740628
19.952547
19.311111
18.036558
17.493209
18.810608
17.756465
17.406954
20.177792
18.189849
16.747924
18.590118
18.787840
17.627299
18.038573
18.342253
18.378245
16.075168
20.186485
21.685585
19.275555
20.263390
19.824657
19.804701
18.897226
19.530865
19.258799
19.456701
20.016340
18.972773
19.884094
19.379613
18.850813
18.900703
18.993020
18.093999
17.752939
19.704187
19.809048
19.642907
17.206114
19.057421
18.333981
20.323193
20.610445
20.452302
21.924868
19.189428
22.982496
24.449720
23.568787
24.631404
22.966972
23.757050
23.900551
23.244201
22.512182
24.519067
22.280970
21.879102
21.753055
23.059143
23.416715
24.479994
22.653102
20.770075
23.177301
21.738094
21.755206
21.987855
21.876668
14.682624
16.241766
16.380548
15.688926
16.795012
15.265233
16.191082
16.367705
17.082129
16.571402
15.847425
14.938502
15.731781
15.873991
15.218829
15.438611
15.421591
16.488501
15.396925
16.506838
17.824587
18.022186
16.541241
18.042002
18.328514
17.493243
18.349976
17.156850
18.963765
19.910879
18.661786
19.729055
17.241987
19.146239
19.024523
15.913020
16.863317
15.617493
15.956942
17.055047
16.243609
16.989047
16.743131
16.137109
16.575951
15.967696
15.956584
16.246949
16.180596
16.046339
16.307525
16.655691
16.597771
17.826199
15.631867
17.187618
18.222823
19.199095
17.975649
17.711468
16.599625
16.850732
17.226119
17.371122
17.370975
17.615807
17.265174
16.916465
18.239747
17.570267
17.136229
19.804955
21.607871
20.153904
21.542411
21.515622
22.842170
22.879209
21.586370
22.164846
21.502664
21.091709
21.224255
20.881572
20.841235
19.936126
24.275037
23.019485
23.491406
22.224761
22.932285
22.724421
23.332659
24.330407
22.778143
24.358337
22.449631
20.229346
21.100872
20.569706
21.540031
20.579059
22.212775
21.095546
21.567914
22.483979
22.444670
22.578270
22.217644
23.996367
22.861207
24.015819
22.291530
24.194286
23.115716
23.395992
23.259115
22.377200
24.630838
21.248597
22.701853
24.156852
25.954545
23.849966
23.676468
20.043673
21.138826
19.733937
20.989776
21.636837
21.326022
19.303827
20.723248
21.167235
20.212534
21.435781
21.396487
22.682300
21.784114
23.283919
22.337581
23.310269
23.561653
23.263524
22.982768
22.187604
24.096624
22.708262
19.975718
20.567901
20.809696
18.567242
18.921977
19.701636
19.231757
19.893507
19.159599
19.430134
17.163051
17.536437
18.614857
17.186022
14.744496
16.986341
16.806801
15.645108
15.639243
16.658074
16.361205
14.911105
15.898973
15.999098
16.984033
15.597013
15.801982
14.915332
16.346808
15.818772
16.415237
16.446806
16.876241
16.706759
16.209694
15.766512
17.456278
17.812846
16.292775
16.903063
17.173004
16.745059
17.884063
20.265870
18.126187
19.702562
21.484996
20.347428
20.533751
20.626083
18.057858
19.413999
20.797823
18.081832
19.682612
19.500315
22.621040
22.583964
22.009704
22.385365
23.171996
20.604150
21.709729
21.533391
21.826040
23.873500
23.064034
23.808220
18.335216
17.809434
18.382711
18.677046
19.092301
18.758598
17.023974
16.816361
16.515423
16.674068
15.113650
15.884686
15.688736
16.749960
17.440744
19.357386
21.303678
18.294296
20.742224
18.052459
17.570098
18.867893
17.638667
18.018561
18.135736
17.202097
19.214456
18.810334
19.429470
20.792677
20.371724
19.436772
20.246449
19.424765
20.090486
16.427275
17.498912
17.707584
15.774296
17.107582
17.374041
17.684285
17.395181
18.194751
18.532247
17.501905
19.446653
17.881832
17.121462
15.329299
15.383958
15.552672
14.739401
14.640924
15.312463
15.516275
15.694557
14.115365
15.578846
15.215196
15.911998
15.291920
15.341125
15.063815
14.713799
14.008577
15.382515
14.492681
15.171505
14.990483
16.587093
15.528398
15.700585
15.615786
16.048081
15.577817
14.894729
15.161847
16.000401
16.125612
14.691788
15.204211
18.709792
19.728406
18.912522
18.387654
20.014673
19.097877
22.391183
21.001116
22.891372
23.123929
21.911679
22.704881
22.287581
22.552298
24.260717
25.397409
23.506248
24.947445
26.175527
25.742606
23.976787
25.131344
24.540608
23.409490
24.201673
23.476851
21.239765
22.656697
19.843809
18.024299
19.528163
18.806405
19.439680
19.390496
18.231634
19.330913
19.319037
18.974146
19.726972
19.862377
20.576348
20.452452
20.779475
19.366811
21.570613
20.181694
20.657013
21.177824
21.290006
18.192924
19.921345
19.138169
18.365414
18.943996
18.614515
18.170939
20.553688
21.535208
21.190633
22.344779
19.971712
20.143787
19.741052
20.740034
21.160445
20.423791
22.131636
22.541483
21.547091
22.837211
21.965076
21.086877
21.909145
23.371067
23.515435
21.918839
22.455134
21.085329
23.162044
20.319078
22.536783
21.685683
23.079517
22.896081
21.995889
22.467649
23.895388
23.440860
23.389046
23.110782
22.184011
22.874012
22.424286
21.132525
22.438586
22.039488
22.239990
22.528440
23.476631
21.369105
21.731687
22.816165
20.869423
22.240069
20.837096
19.973885
21.734707
19.490348
19.364106
20.049540
19.104464
18.848322
20.288432
21.256186
19.026616
19.491683
22.081366
19.946171
20.739705
21.961715
20.337630
21.260129
18.933382
18.925048
17.182002
18.916840
19.088551
17.446384
21.579836
22.422869
22.792079
23.100709
21.114549
21.611000
20.982751
23.017834
14.328397
14.180538
15.042302
13.914779
14.347868
14.135652
13.864331
15.855697
16.611645
16.115657
16.856888
16.536049
16.195474
15.972564
16.502428
15.350540
16.554135
16.010522
17.307041
16.303858
16.517408
15.823068
16.793398
16.234295
14.800450
16.046724
16.470145
15.444337
15.795962
16.005513
15.529395
14.629670
14.810792
15.597914
14.825689
14.740750
15.897514
15.441995
15.982200
16.069817
15.773485
15.064199
15.790480
15.553842
15.495039
16.569241
14.858997
14.685730
15.152206
14.979623
13.972834
14.279742
14.590102
13.698133
13.788683
13.591160
19.192152
20.533434
20.204809
21.169702
20.832527
20.681424
21.336923
19.309012
19.482257
18.544072
19.331559
19.067666
20.821968
18.769892
20.580088
20.031934
19.507442
20.737620
20.268345
20.519774
18.783866
21.012771
21.506682
21.282958
19.962842
21.080705
19.407904
21.415257
20.916082
19.848051
19.500765
20.273485
21.008261
19.513254
21.279170
20.125630
20.039007
21.718794
21.792861
20.927366
19.729021
21.176198
19.844302
21.593910
20.700059
21.855860
21.654350
20.120858
21.388883
17.691856
17.588684
16.897408
18.027818
17.367547
19.303588
17.022733
17.805869
17.885692
18.539454
15.429444
15.471249
15.624878
14.372601
13.930846
14.961075
14.486396
14.981939
13.565623
14.459875
18.310774
18.762798
18.895635
17.880506
18.369079
17.443882
17.228040
19.249698
16.566525
16.837267
17.478383
18.250726
18.790875
18.180967
17.183974
17.673499
18.565652
18.186729
19.082629
18.907272
19.300545
17.324680
18.208642
17.917525
19.400970
20.299167
19.008257
19.980250
19.566833
20.219087
19.858399
20.967703
18.783083
20.545741
19.752415
19.703712
20.600310
21.318342
20.171325
21.158118
21.262055
20.718540
22.504507
22.099402
21.631430
21.407298
19.297556
20.172915
20.883725
20.777957
20.859118
19.649333
18.713994
17.727205
20.265141
18.637499
18.562082
17.779186
18.601375
17.713355
18.860995
16.797000
20.389480
19.284570
19.210904
19.170159
19.022606
19.671803
18.631181
19.005812
18.993152
18.721799
19.173570
20.548822
18.018475
18.498539
18.159123
20.666658
20.390122
18.458756
19.592251
18.593784
19.966548
19.570599
19.394076
18.800706
19.464789
15.429690
17.082302
16.936378
15.197152
15.427672
15.784535
16.206728
16.451109
17.457615
17.027392
16.874746
17.527274
16.892592
18.022631
16.987752
18.116162
16.408812
16.894377
16.531582
16.157445
17.338179
17.115394
15.784782
15.973470
17.573162
17.372917
17.258845
16.213291
16.300938
16.038058
18.246195
18.294734
15.627279
17.894601
16.511208
17.034627
16.531472
15.530328
16.487217
16.126039
17.166761
16.871580
17.046430
17.794359
16.381058
17.134416
17.372105
16.890880
17.200073
16.455208
16.572169
16.584248
16.443392
17.179884
16.438838
16.812451
16.822751
15.818485
17.924063
18.474186
16.629835
18.084465
19.304252
17.816157
17.905041
17.862944
15.700304
16.491242
15.951804
15.702238
16.273906
17.006540
15.754003
16.607945
15.542264
16.682731
16.725863
17.087703
16.628850
19.175485
17.865915
17.045352
16.737832
16.910271
17.692752
19.099180
18.107711
17.578738
16.193880
22.487709
20.134188
22.932705
20.871603
22.393727
23.129227
21.820402
22.607017
22.647473
19.046731
19.794462
19.054553
20.312077
18.416991
19.212138
18.822539
19.172569
18.982086
20.070555
20.360257
21.194046
20.059436
20.146604
19.883568
19.467261
20.995514
18.332425
17.932069
18.600669
17.246226
17.593870
18.157991
18.740313
18.327132
18.322002
18.579412
17.781426
19.529472
19.170687
17.826323
17.826237
19.049987
17.493834
18.616360
19.785104
18.741239
18.549678
19.006046
19.558272
18.101386
19.941572
18.760044
18.440599
17.233939
17.284789
17.508523
18.544003
19.695409
18.626806
18.464008
18.320652
19.059339
17.237184
17.894843
17.958664
17.945414
18.517411
18.066072
23.154719
20.420444
21.747857
22.187604
22.471225
23.143025
21.212954
22.096564
24.165446
23.864417
23.799851
24.148763
23.881997
24.560288
23.472378
19.108242
19.141797
18.578195
20.731323
20.490405
18.316673
19.178513
17.442573
18.601949
18.352374
18.282359
17.083555
17.854983
19.784725
19.720451
19.543334
19.462878
19.233800
18.952528
20.235585
19.886765
21.047300
20.751260
21.438747
20.092740
19.396674
20.008985
20.944494
20.290126
20.921121
18.109519
18.770908
18.543388
18.239049
18.079254
15.996446
18.061858
17.568250
18.907013
18.499612
19.186223
19.724836
16.670328
18.520304
19.111692
18.336988
20.360266
17.516251
17.990672
17.848118
19.034812
17.232335
19.321987
18.414640
18.728282
18.372362
18.360615
17.703878
18.432608
18.212445
17.824697
17.801878
18.624479
18.376976
17.100462
18.161142
18.004783
18.875164
18.071927
17.577508
17.557152
17.476247
21.347344
19.423815
18.914295
19.229001
21.651399
18.831391
20.674656
18.845548
17.941535
19.468935
17.697723
18.110005
18.571310
19.167774
19.347569
20.652063
20.467277
19.455900
20.386758
20.649205
19.202569
19.225816
18.754259
18.134606
19.346740
17.240042
18.262354
18.227447
19.114286
19.594900
18.429059
17.167320
18.348385
17.957993
18.130258
18.080710
17.448684
17.767228
18.730167
18.285583
11.601545
12.235682
12.994951
12.072253
12.622881
11.565100
12.697521
12.512532
12.881717
11.058365
10.772003
12.221937
12.079977
11.170555
11.869742
12.134586
12.106968
12.161742
11.948073
12.152017
12.901164
13.883320
12.921820
12.570216
10.647450
 9.932875
10.630757
11.097516
11.209160
10.904995
10.855134
11.421377
13.335966
13.737044
15.441884
13.429414
14.710725
13.276561
15.299180
13.806964
14.777360
15.435986
14.996893
15.165118
14.361077
14.550524
15.763031
14.835784
14.566238
14.772211
14.814890
15.254430
15.781958
15.007341
15.384904
15.288215
14.776245
16.212527
16.324631
17.155885
16.486460
15.086158
16.545452
17.236734
17.699321
16.636824
15.657259
12.602214
12.657855
12.712113
12.602820
14.561360
15.320645
15.684661
14.785252
15.567248
13.989255
14.875799
13.594365
13.778612
13.261911
12.879504
12.128126
15.213811
14.737941
15.952523
19.808489
21.006413
20.537388
20.195499
19.911617
20.849364
20.675683
21.072593
21.265564
22.030783
20.555527
20.792992
18.302973
17.535623
17.782649
18.175022
15.485058
17.376179
18.182286
17.165378
18.233359
18.658275
18.427209
17.645828
17.900555
18.426531
19.083203
17.968624
18.994983
19.974976
18.146077
19.451298
19.528605
20.064094
21.689477
22.582439
20.947721
22.658511
19.412381
20.794496
19.909758
21.164098
22.199891
21.809439
22.335684
22.375071
21.574948
20.640180
17.826638
18.218747
17.383014
18.079346
18.065990
18.549191
18.162113
19.170769
18.456465
21.867546
21.929983
20.516884
20.490500
21.916146
20.927054
20.602277
20.311074
21.028078
22.210635
19.549755
21.431038
17.415711
16.677352
18.654294
17.383220
17.102375
17.287996
18.410685
17.881076
17.599000
17.738441
18.078018
17.518136
17.223873
18.772005
16.530284
16.943440
13.830221
14.453458
14.046211
14.674434
14.893757
14.069602
16.365363
17.574793
16.111838
15.542156
17.395273
16.545220
18.596570
17.849231
19.073732
19.088541
17.842453
17.533116
17.647278
18.363666
18.408100
17.612218
17.331080
16.356552
16.751176
17.898303
16.423209
17.428349
16.007617
17.464409
17.124008
15.535743
16.910470
16.072944
15.968769
17.255748
15.717887
15.801507
16.160525
14.851663
15.725659
15.460605
16.612509
17.746645
17.282896
17.606149
17.367748
16.987003
15.627214
16.664619
18.269955
19.920128
20.537028
18.974953
19.324516
20.662289
19.303188
19.085439
20.574342
20.576050
19.469575
19.374241
18.977987
19.177143
20.034655
19.154008
18.222791
18.379649
17.335597
18.603618
18.242141
18.221402
19.092606
18.206280
19.164664
18.685409
18.852490
17.101667
16.593698
15.682674
17.001755
17.924424
16.713931
16.600208
17.066185
17.378192
15.466885
15.850714
15.665351
15.516756
15.633625
15.309890
15.395015
15.684675
16.144436
15.194968
15.929705
13.858851
13.799551
14.033563
15.916125
14.731619
14.617159
13.737254
26.502539
25.909404
26.636718
26.413589
24.720863
26.254266
24.691943
24.750451
19.245269
18.403265
19.729325
18.762035
18.166286
20.141830
17.717456
18.084866
18.887878
19.778904
19.105254
19.567584
18.591744
19.716654
18.588236
18.589088
17.908111
17.975042
17.486840
17.683582
16.827517
17.611762
19.641090
17.352867
18.711976
17.768377
19.346020
16.766866
18.721079
17.571418
17.808468
18.818734
20.161508
20.695436
18.915281
20.257281
20.318690
20.652839
18.580348
20.138529
20.194673
18.636879
21.121278
20.979866
18.875712
18.187462
17.842202
18.421619
18.827917
19.134134
17.811050
18.997866
17.906966
18.993733
14.961580
14.907869
15.380484
15.467115
15.881556
14.784442
15.974119
15.510681
15.864487
15.317261
15.862546
15.757999
14.257951
16.536730
16.461425
15.589280
15.607965
15.995212
15.580861
15.424830
15.501504
14.344058
16.722652
22.902626
23.096288
20.549440
24.441273
22.113462
23.588000
23.087165
21.768257
20.694013
21.792583
21.294035
23.003770
19.283130
17.650750
17.344528
17.111612
19.064165
17.954533
17.976649
19.051423
24.923151
24.098191
24.989453
23.723779
24.536344
24.233589
24.893293
24.228134
24.877478
24.342887
26.175881
24.103908
22.457122
23.903941
26.268878
27.850275
27.475978
26.540813
26.990033
26.864265
26.260713
26.334622
23.519320
23.787948
25.132230
25.290484
25.210718
26.269919
25.223659
25.438258
22.458849
21.232340
21.169895
20.498003
21.956696
21.877579
22.951437
21.901515
20.720063
22.048830
20.970994
19.315177
21.466637
20.264204
21.564384
19.953969
21.540385
21.250103
17.690367
19.099147
18.431839
17.829194
18.945558
18.327991
17.014712
18.153759
17.508031
17.172468
16.498791
16.286531
15.424346
17.386737
17.655739
18.375563
17.569915
17.115477
18.934548
18.879215
17.721049
17.405829
18.450073
17.045912
16.135316
15.992380
16.325286
17.487381
17.452340
16.016530
16.614062
16.896773
16.465187
15.819377
16.761926
20.676022
19.750915
20.776891
20.324951
17.668472
19.082136
19.007587
18.053394
16.311659
16.840172
18.300220
17.475497
17.573771
17.895698
17.118523
17.138207
18.482108
18.321293
15.992942
18.117230
17.741075
16.892452
16.768672
17.669603
17.197477
17.833151
17.836525
16.751346
16.578697
17.283975
18.332099
19.356828
17.785727
17.827910
19.585393
19.955347
20.792833
18.731469
19.095558
19.557578
19.688366
18.309388
18.715939
18.148009
18.314012
19.317848
18.373544
18.101116
18.176046
18.754459
19.858649
18.615009
19.772985
19.823816
17.335561
18.558244
18.068648
18.119639
18.161220
18.036397
16.840577
18.653443
17.861100
17.652959
18.413779
18.840871
18.057129
18.326999
17.590095
18.965484
17.759906
16.078074
16.288311
18.318975
15.924328
17.190450
17.449280
17.560656
16.556612
16.269320
17.371308
17.220136
17.702293
17.144683
19.017468
19.526521
17.952518
18.807897
19.158854
17.728881
18.525528
19.500249
18.931389
24.704703
24.469841
23.504532
23.037197
24.410214
21.762161
22.080429
21.219726
22.755753
21.031612
19.484828
20.918109
18.634080
19.820319
19.268820
14.478959
14.637251
15.563465
14.755382
15.304050
16.496103
15.454644
15.803995
13.671749
15.663891
16.118375
14.369919
15.236573
15.486298
12.563402
14.967255
13.979649
14.023995
15.801507
14.970105
16.319393
15.224973
14.799831
15.000862
19.861316
18.017488
18.582709
19.435917
18.650060
18.065290
18.307922
18.782848
17.596179
17.534342
18.576090
18.026202
19.448572
19.398469
18.986978
17.544147
19.824360
19.466855
19.133622
19.761985
25.057846
23.889784
26.203903
24.386949
24.060892
24.163955
22.687948
24.397117
24.947659
23.482029
24.016869
23.044939
24.645537
23.344772
24.019798
23.492535
23.198170
22.876610
25.308200
23.872298
21.833734
24.096455
22.767952
24.192229
24.385380
23.433423
24.023756
23.832451
22.503768
18.800350
18.785089
20.610467
20.208479
19.342479
18.288592
19.100128
18.231010
18.337869
19.170855
18.706678
19.300027
20.154723
19.471766
19.659498
19.610203
20.796748
20.314246
18.614978
17.575615
18.293690
17.671310
18.061925
17.481064
19.566079
19.758797
18.231908
19.960723
17.700157
20.060729
20.418132
20.820408
19.571072
18.231188
18.179923
17.970253
18.936719
18.679293
19.492966
18.591676
18.152423
17.864523
17.561868
18.112463
17.167143
18.797709
17.652300
18.810455
17.923062
18.225819
17.273744
18.311435
18.114647
18.882904
18.199114
20.276040
19.739756
17.373740
17.312006
16.437847
16.738997
17.109124
17.563267
17.177278
18.552890
17.871432
18.971728
20.352912
17.841491
19.900071
19.525346
19.065522
18.547277
19.725401
19.561251
18.026936
17.114281
16.846720
18.925330
17.991827
17.792074
17.589338
18.217984
21.739512
21.470560
22.071073
21.527574
21.309378
20.230780
21.764502
21.721345
22.163037
22.071357
22.660460
20.771519
21.530810
21.672251
21.852359
21.059682
22.588538
22.088708
21.630072
17.280047
16.776806
17.544708
17.484226
17.474969
17.478890
11.524019
11.951425
11.025955
11.545822
11.822593
12.845672
13.762304
11.340250
11.480678
11.624831
11.670974
11.032302
11.697322
12.934616
11.845976
13.995578
13.052960
12.763386
14.009392
13.244984
13.144428
12.550876
11.931530
12.650729
11.841456
11.806211
12.204599
11.698891
12.819053
12.465065
13.226394
12.336584
11.821692
12.300346
11.962308
13.970187
14.403784
13.435956
14.038348
14.614991
13.891786
13.532086
12.535303
13.943036
14.686088
20.300712
20.880443
19.888199
19.245022
19.320701
22.116848
20.760065
16.058103
16.987957
16.189264
16.588815
13.982892
16.250778
16.313629
17.047283
18.518835
17.783817
18.417460
19.861037
19.423140
20.480257
20.607276
20.004491
19.613304
19.758938
20.282923
20.026045
21.119391
20.075116
20.690993
19.665671
20.535181
20.816263
20.289693
18.408851
21.342424
18.303562
15.633872
17.300531
17.451788
17.887280
16.703076
17.001643
17.359544
17.880739
16.853241
16.733427
17.271265
17.633017
18.175041
17.611456
16.994809
18.854865
15.802160
15.567284
15.674615
15.456353
16.013174
17.298829
16.973618
15.670054
16.056091
17.414061
16.945690
16.615301
16.430285
16.234888
16.560812
15.640679
16.195209
16.278561
16.151199
15.705780
16.969598
15.676754
19.840761
20.444233
20.385605
19.539644
20.546614
19.911370
20.319576
21.578300
20.360616
20.353165
19.294202
21.032153
20.372637
20.679102
19.809960
19.955416
18.586420
20.096815
19.826282
20.299399
18.784010
19.206717
19.187767
17.833464
17.488131
18.198943
18.907705
18.896657
18.561911
18.006986
18.075214
19.042656
18.325042
18.772697
18.464506
19.336132
18.410632
19.219969
18.810347
17.857917
20.517405
18.351428
20.412025
21.112793
21.689585
21.198930
21.784168
22.664762
21.216783
20.633760
20.229516
20.324560
22.057296
22.078228
20.275929
23.586151
22.233110
20.865036
21.224354
21.667564
19.501281
20.883908
19.754080
19.647460
21.875910
20.107913
21.339664
20.810884
21.681536
20.928175
20.093491
20.600163
20.044835
22.110691
21.375653
22.754367
21.143241
20.524851
21.991163
21.799956
21.205955
19.770164
19.736490
20.319279
19.904358
19.582123
19.300493
20.420101
18.667255
20.506769
19.744058
20.098501
21.627254
20.076836
20.072980
19.979714
19.612715
17.571442
18.792421
20.663927
20.333552
18.448250
17.701307
18.800455
18.537471
19.481667
18.902501
19.257321
18.475890
18.069704
18.824682
19.585365
19.367983
17.978984
19.727633
19.704282
19.521868
20.296998
21.280901
19.632063
20.969313
22.872644
21.836227
21.571965
22.006936
22.131244
20.133939
20.760099
21.299975
23.398210
18.237242
18.331369
18.845923
18.587646
19.646379
17.485811
19.875760
18.203296
19.753761
19.058697
18.405468
17.664750
18.660496
18.980442
17.356232
18.174524
19.644590
18.757774
18.343724
18.811198
18.829948
18.417541
17.481824
18.887250
18.139507
18.409608
17.873367
19.082503
17.597436
18.038507
18.191499
18.383565
16.978562
19.535788
17.381348
18.109562
17.882328
18.096086
17.594164
17.898742
18.994468
18.201678
18.432600
19.016325
19.171275
18.412115
19.077335
18.925042
16.947389
16.293382
17.862840
16.237714
17.357591
17.575842
14.822505
17.068726
18.183207
16.660174
17.992772
16.433691
17.894941
18.149993
18.314586
18.293926
18.946596
18.167519
17.559693
16.651204
14.261744
15.007492
14.819466
15.071546
14.755436
14.734045
15.150010
14.362314
15.189067
16.109893
16.754654
16.970505
15.799963
16.173628
16.132442
16.634319
16.652396
16.373200
15.605092
17.238305
17.260632
18.299506
16.449353
17.667822
16.879562
16.555558
13.373984
14.704956
13.612512
14.579734
13.998543
14.014044
14.336712
14.224356
17.400274
17.229244
17.285081
17.479735
16.423396
19.001565
17.026119
16.035292
16.103914
16.312661
17.726325
16.891032
16.206208
16.150478
17.155504
17.119357
15.645865
17.455874
16.896224
17.009452
16.832982
14.664324
14.577127
13.282311
14.207741
13.603543
15.064209
14.438412
13.563329
14.954554
15.106815
15.334050
14.908964
15.321997
15.347022
14.841032
15.107793
15.244614
16.253625
16.116535
16.927104
16.530299
16.841470
17.337987
16.767825
17.028755
16.311927
16.152822
15.238581
16.813920
16.484035
16.195049
14.304320
14.265393
16.274652
14.949329
16.444615
15.111128
19.809403
20.522341
19.352939
19.593286
20.318703
19.271877
18.305422
17.742972
18.242609
18.671051
19.281804
18.041597
17.716385
19.420179
20.006457
19.197663
18.836344
19.060274
19.134728
19.967711
19.455157
19.229067
18.233562
19.414003
18.152153
19.732852
19.886313
17.871174
18.720500
18.539553
19.644416
19.559053
20.970447
20.430478
20.851628
20.189019
22.514889
20.897719
21.374286
22.275118
21.427532
19.843008
20.848842
21.079769
21.349659
20.295102
20.859764
21.081231
20.628618
20.590886
20.631368
18.778752
19.432035
20.308384
18.360179
19.029175
20.263336
19.753011
20.306689
18.956733
19.143626
18.149557
19.286811
18.784033
20.290978
20.770216
19.871142
19.578046
19.283840
18.005301
18.229227
18.448778
17.708985
17.185393
17.510914
20.606107
21.055112
19.427900
18.969553
20.132357
19.485998
19.868369
19.080283
20.035237
19.311187
20.610478
18.952921
19.864478
20.598817
19.901123
19.950904
22.393886
20.496689
20.099131
20.883145
17.557276
18.182834
17.357508
18.035829
18.268699
17.128666
17.893308
18.185419
19.445924
20.661170
19.329895
18.628699
18.606234
21.377589
19.327307
21.296789
19.862600
19.917259
19.414669
21.337776
20.110068
18.413070
20.343652
21.718695
20.497614
20.116673
19.902558
18.979867
19.412184
18.685988
20.556919
19.812199
18.974969
20.906367
21.475011
21.437933
22.123466
21.600050
22.682963
22.169775
20.431391
26.814451
28.711550
28.173406
26.120406
27.045921
28.082433
27.114560
26.857814
21.088079
21.405476
21.724295
20.539642
19.980986
22.120122
20.950064
21.676066
20.988582
21.024581
19.561621
20.804227
21.218477
21.502412
20.648647
22.716515
21.701438
19.292230
19.934419
19.197996
20.348208
21.067673
20.331249
14.366555
14.765454
12.980493
14.990002
13.386593
14.791621
14.898023
16.136485
16.416989
15.119264
15.911158
14.341473
14.938823
15.286278
14.987469
15.791142
15.836473
14.642213
16.659385
16.496240
14.817257
14.701035
15.966921
16.672428
16.446969
16.500335
16.950466
15.279204
14.482728
14.441203
13.996060
14.392980
18.291777
17.316959
18.431195
17.484170
16.370987
16.850156
16.802498
16.282383
16.979126
16.065429
17.400744
20.227504
20.396025
21.044406
21.331966
21.018258
18.337243
18.131424
18.215097
20.729290
20.380991
18.937288
18.987996
19.144775
18.970479
18.585687
18.717553
18.921941
18.591112
19.213333
19.496412
18.153680
19.951278
18.014458
19.500450
18.272698
18.822258
18.758919
20.038840
18.483905
19.079910
22.480117
21.959839
23.101027
22.265463
21.710175
22.285111
20.576906
18.376992
18.223534
18.757433
21.234154
18.098060
19.715988
20.553195
19.296816
19.525660
19.871625
18.774243
19.951443
19.059113
15.859200
15.524457
16.164953
16.397386
15.733273
15.178826
14.630642
15.342189
11.793297
11.254425
11.819529
11.268050
10.956949
10.832774
11.038681
11.073098
11.075537
11.979731
11.631673
11.667912
12.077606
12.063404
12.484148
11.617280
12.320361
16.440762
16.860401
16.220200
17.551253
16.938051
17.814602
16.469700
17.893762
16.610190
17.534335
17.645443
17.312404
17.882001
17.673566
19.168559
16.537279
18.468428
15.780836
16.443074
16.710877
15.726779
15.996903
17.025546
17.270737
17.055937
17.860698
17.039817
19.466476
18.756358
19.878638
19.043086
21.223125
19.360651
18.660313
19.095807
19.127015
17.458228
18.954639
20.218840
21.084181
20.428381
20.794256
20.287335
20.162332
20.893847
20.826291
20.304493
19.699136
17.732533
17.246865
17.316905
17.567661
18.533315
16.794357
18.297164
16.410639
16.853581
16.158236
15.264748
15.694365
15.763064
16.618698
15.847607
18.116685
15.314216
15.374754
17.066247
16.757038
16.730413
16.142118
15.817538
14.568927
14.672489
14.283960
15.002931
15.318917
16.087217
14.222710
16.513465
15.717107
16.228856
15.693906
15.018547
14.978951
16.383895
15.372795
15.921177
16.144460
16.991643
15.794009
14.403587
14.320688
15.794377
15.903683
15.386737
13.826431
15.199062
15.504628
15.749972
17.250759
16.100555
16.168481
16.142508
15.480369
12.683512
14.488977
14.585946
14.384385
13.952099
14.393919
15.024267
13.809430
13.863273
14.789841
15.235313
14.265461
13.938222
14.143540
14.591585
14.953570
14.533277
15.287007
14.271198
14.938677
14.659694
14.074834
14.875938
14.677657
13.664446
14.812835
16.140783
14.632758
15.224041
15.021796
15.647203
15.198460
15.141839
14.413608
14.846907
14.292941
14.632558
14.142967
21.566971
20.997479
20.388177
19.959460
22.514687
19.781299
21.672519
13.489785
13.824723
13.638233
13.530137
12.361881
13.703178
22.737302
22.005768
22.201760
23.383218
21.444542
22.345787
21.326121
22.284095
20.359161
19.003188
19.674951
20.882655
21.237532
21.246993
19.463795
19.876771
19.688342
19.700490
17.158887
18.344450
17.227971
16.950476
17.758760
17.201078
19.383995
20.702917
18.374918
21.103826
19.215619
19.654371
18.705502
17.848185
19.991478
18.712926
19.578369
18.900439
20.377362
17.891350
17.972589
17.836460
19.190024
18.823466
18.450397
18.772759
18.593667
18.368114
18.423416
19.659541
18.338154
18.868215
16.473769
17.480060
16.980824
18.090446
17.157618
15.938486
15.890464
13.660420
17.093322
18.879889
18.475311
18.323285
18.145240
18.255813
18.208057
18.566121
21.143034
21.351868
20.174522
20.888076
19.832565
20.152483
21.484420
19.519790
22.210374
22.095945
20.428960
21.103676
20.778070
21.433442
21.336033
20.613742
21.395693
20.678420
20.011937
20.284964
20.160605
19.338688
20.438911
19.143084
20.965430
20.445962
20.480380
19.874154
19.964866
20.329107
20.970974
21.498274
21.594467
20.631286
21.781043
20.271106
20.175294
20.970435
16.587780
16.481765
17.401018
17.360514
17.534736
17.144821
16.793092
17.762367
15.357103
16.578441
16.904977
16.340322
16.760679
17.915894
17.456762
18.535650
17.894019
15.624868
17.197347
17.450946
17.437290
17.350605
18.654500
18.231442
17.802749
17.089954
17.374854
17.746354
18.426214
16.516168
16.207570
16.439351
16.567337
17.278704
23.753893
22.148305
23.809052
22.444779
23.913122
22.853624
23.382279
24.450185
25.127075
20.929600
22.178962
21.075166
20.971513
22.498114
21.542342
21.726658
21.849392
21.380462
21.923096
23.040852
24.418889
25.172860
24.726278
25.172020
25.057807
24.764806
26.173512
24.783739
23.680873
24.672952
20.269995
20.715185
20.784600
20.139197
19.484095
21.981062
20.917523
21.775929
20.093352
20.753049
20.607793
19.991614
21.558946
21.362830
21.727757
20.893945
20.520373
20.759669
21.052465
22.161939
20.734797
21.596548
20.158794
17.838748
20.172235
19.511703
19.920911
20.048352
18.819125
20.359360
18.793881
21.054990
22.522351
21.195694
20.291535
21.254382
20.680967
20.423611
19.601402
18.497043
19.984518
20.025185
20.057078
21.832960
19.835666
19.878592
20.641693
24.295273
25.335900
24.441200
22.497652
24.452883
22.830590
22.554281
23.437634
27.776830
23.434653
24.229692
23.924818
24.868628
24.804440
24.626393
24.296746
26.194605
24.321503
27.218696
24.517146
24.525385
24.675335
25.378983
24.035660
22.318723
25.460256
23.229088
24.391770
23.576572
22.589484
22.837342
22.346300
22.680839
23.020392
22.167497
22.801568
24.401616
22.285256
23.097488
22.415084
24.159474
24.249548
24.454414
24.779412
24.545578
22.868942
23.638562
23.032474
23.945943
26.050899
23.862573
22.916962
22.498647
23.789759
23.830701
24.401448
25.250176
24.704948
24.481557
23.096875
24.740349
23.367069
25.379396
25.696978
23.826791
24.251971
23.686307
24.900012
12.342832
11.258255
11.488405
12.890180
12.415436
12.224613
14.554689
14.469903
13.902464
15.202344
12.932759
15.166732
15.004608
13.155526
14.225361
13.853086
13.486765
12.305903
13.304524
14.469814
13.225426
13.602075
13.861020
13.398684
14.061458
14.647186
14.738238
14.004810
14.694734
15.528309
13.730966
15.379332
14.711430
15.246475
14.522972
19.952165
21.934433
22.178858
20.251698
20.983163
22.045895
23.168146
20.951529
20.488996
17.169324
18.442986
16.736209
17.968141
18.626153
17.397589
18.800757
17.252620
17.645912
18.525265
16.898844
16.828799
18.405912
18.074054
17.662923
18.557251
16.326347
17.646585
17.527857
15.955744
15.104792
16.918019
15.886096
16.315380
16.207885
17.104441
17.469267
16.616272
14.200142
15.515314
15.551210
15.272556
15.361743
14.367777
14.204606
15.121483
15.228336
14.694054
15.419521
15.728849
15.241428
15.284930
15.663581
15.763511
14.663310
16.016512
14.586152
13.607373
14.581112
13.857417
13.892815
14.999605
15.232909
13.843662
14.382536
13.823955
13.192196
14.099075
14.705416
13.886207
14.464062
13.595012
12.561241
11.778595
12.690615
18.563142
20.052232
20.132191
20.232190
19.628542
19.597062
20.645924
21.448526
20.551882
18.839966
19.371821
18.154009
18.480430
17.447142
18.328376
17.781623
17.995967
19.121394
18.244920
19.013832
18.869029
18.709751
17.873296
19.195030
19.977817
18.432661
20.176741
20.896107
18.827533
20.000370
19.651469
20.374301
19.804891
19.801947
19.332473
19.460990
21.429899
20.416091
19.296728
21.029037
19.758301
19.760254
20.065826
17.968125
18.795693
18.385461
18.015241
20.478426
19.280971
20.563428
18.744905
20.202077
18.585196
19.570991
18.452714
19.602227
19.114190
18.268150
18.501830
17.677923
19.750291
18.387509
20.538870
18.597051
19.445316
20.667716
20.466048
21.668012
20.179222
21.280454
15.812516
15.491273
14.812618
14.415392
15.319638
16.482485
14.688707
15.233488
14.584147
15.878501
15.723089
15.292317
14.219834
15.092585
15.087817
15.079844
23.409384
23.208833
22.063957
22.746412
24.336573
23.177715
23.367583
22.031527
21.083789
21.312631
21.827780
20.438369
20.858910
20.606157
22.642113
20.423672
21.456948
21.886124
20.722048
20.427929
19.771697
18.508291
18.650026
21.548858
19.850964
19.163155
20.043081
19.028857
19.549105
20.507339
20.140042
23.561485
22.565531
24.345471
24.315870
23.195670
16.937318
17.124730
15.974764
16.966942
17.179517
17.150088
16.860361
17.336680
16.337332
17.753483
17.088687
18.893393
17.197734
17.990871
17.380320
15.862481
17.927210
17.132105
17.039168
17.418518
18.186984
17.155010
17.065691
18.390997
17.384307
17.083957
16.436385
17.132166
16.399202
16.783149
16.849390
16.169765
18.129514
16.885052
16.353006
16.329396
16.139455
17.794347
16.912708
16.136694
17.056545
17.097022
16.790735
17.312302
17.297136
16.281438
16.555324
19.724514
21.101807
20.354577
19.645663
20.208655
20.408878
20.275077
21.194427
20.294902
14.545009
14.016242
14.337441
14.832744
14.777250
15.079250
15.064219
14.585605
15.122142
14.300849
14.760440
15.168026
15.142099
15.053002
12.507063
12.156918
11.837916
12.293210
12.269019
13.653291
14.200447
13.207793
14.055952
13.634281
14.002041
13.862577
14.219657
14.010744
12.838417
14.755830
14.684482
14.000863
17.092678
16.180245
16.661313
22.738292
21.888517
22.351566
22.985581
21.209495
21.558183
20.896648
22.313738
21.344631
25.033250
23.442755
25.599347
25.482590
23.958103
24.063713
21.235536
20.280769
19.994072
22.261863
21.150645
21.000948
22.757473
20.712921
21.023664
21.321034
19.247841
21.076690
20.394462
18.832286
18.717940
18.709741
18.308052
19.062318
19.229918
19.640457
20.155404
18.573707
20.405142
17.849707
19.498330
19.737547
20.789036
19.925557
19.866578
19.741698
19.350287
19.031481
21.184641
18.016345
16.935453
18.029342
18.426351
17.089151
18.103192
15.458169
17.369635
16.996412
15.980327
16.638209
16.885181
17.010814
16.411567
15.611486
15.838257
17.414039
16.077230
14.637977
15.901711
16.724605
17.067621
16.012006
16.588615
15.546351
16.009194
16.297693
19.684210
18.797402
20.140555
19.550417
19.647516
17.109059
16.601348
17.356687
16.174174
15.996775
15.436462
16.471668
16.507285
15.474344
16.449116
17.940487
17.743125
16.775657
17.117312
18.060297
16.594788
15.706021
16.171677
16.985141
16.696446
17.195151
17.230923
15.521816
15.387346
15.284539
14.657100
14.989354
15.015014
14.504051
14.257759
15.315768
16.633287
16.179474
15.341540
15.624676
14.664450
13.285266
14.771545
13.943486
14.744160
15.040056
14.407263
13.574313
18.411458
19.621334
17.326085
18.628161
18.547572
18.636938
17.064145
17.399709
17.994737
16.181468
14.933100
15.927398
16.127377
16.271666
15.571622
17.229385
16.505990
17.085327
16.342142
16.899262
16.187434
16.073133
17.239262
16.513985
15.459866
17.707374
18.011017
16.777360
24.953457
25.926818
24.078860
24.016939
24.831665
25.477636
22.502041
25.614745
25.138123
24.176766
25.817036
24.491196
24.516848
24.904332
24.917214
25.409683
24.850574
26.330082
23.219774
24.865963
23.389033
23.628284
22.846557
24.705706
21.008971
22.467007
22.559950
23.060660
22.166829
21.079365
21.293667
22.786803
22.857464
23.494973
21.439213
23.608126
17.599544
18.358223
17.655607
18.040642
17.911800
16.695131
16.999022
17.018106
16.522224
16.690057
18.761658
16.702766
18.603665
19.228088
16.932183
17.661482
17.143311
17.557652
17.126820
19.343191
18.464545
17.456827
19.560816
18.255783
18.103999
18.016174
17.409019
17.516146
19.268971
18.505993
18.843709
17.662604
18.384520
18.043284
18.860748
18.900376
16.545206
16.430518
17.842289
18.579581
15.556102
14.910436
14.972694
14.035133
14.470538
15.784935
15.023509
16.105909
15.320898
16.099032
14.747231
15.916169
15.974702
15.869008
20.649561
19.118176
19.958393
18.915994
19.757583
18.674165
19.786529
19.688246
20.203051
19.079320
17.234117
19.126179
18.143464
18.509267
17.118229
18.434041
16.731264
23.341135
23.104747
23.520369
24.981694
22.934326
22.448458
25.286637
24.388469
24.604216
22.798359
22.351276
21.616852
22.565586
22.694785
21.908746
23.842620
21.832670
18.349861
17.725658
17.654389
21.583832
23.109634
21.222279
22.213560
21.252035
22.442884
21.764812
21.319216
23.466529
23.261124
22.164258
19.682407
22.942512
22.261908
21.216761
22.746620
21.322239
22.786228
23.196777
21.309396
22.552755
21.463148
20.075209
22.958806
21.688080
21.984012
21.197860
22.260644
28.318151
27.801799
27.379938
26.065486
27.065719
25.838610
27.322011
28.885535
25.326891
28.095820
27.188707
26.327256
18.081991
17.440230
16.806352
17.103160
16.798510
16.471318
14.885847
15.162045
17.393271
16.223665
17.146290
15.743131
15.693099
16.209180
15.075809
15.308691
16.274032
14.418809
15.827334
16.262394
16.149821
15.086654
16.253318
15.205101
15.091613
15.908420
16.419385
15.558604
15.827510
16.735738
15.773630
15.480541
15.263470
16.615831
15.761948
15.982688
12.826750
13.342313
13.117496
12.656392
13.234234
13.473129
14.045552
12.456733
14.703466
14.253007
12.996804
14.596950
14.337924
17.777103
19.456384
17.956729
19.140131
18.278476
19.099510
17.166728
16.229576
17.237545
16.591311
17.820229
16.506836
17.543798
17.586251
16.488394
16.878728
16.399431
18.031646
17.101633
16.297319
17.172387
16.419324
16.550722
18.123308
16.526468
17.053705
18.112405
18.104584
17.721916
17.646544
16.127131
16.509436
17.660789
15.976076
16.404419
17.126519
17.645320
15.395260
16.359707
17.939151
17.312092
17.674940
17.645113
16.758924
17.314762
17.492484
17.162993
14.808668
15.672009
16.550693
17.997601
16.709407
16.107991
20.493798
22.927685
22.916891
22.160140
21.053210
22.554022
23.693556
22.347169
20.148519
17.851690
16.220570
17.889695
16.849318
17.157722
17.006319
16.193676
16.550012
17.512014
15.924007
15.459245
15.343020
19.707936
21.495082
21.405914
19.337120
18.929077
20.172196
19.679359
20.426793
21.551318
19.891482
20.186839
16.482938
15.855538
17.063330
16.993932
16.514820
15.858465
17.116513
15.318253
19.439352
18.581695
18.994863
17.696284
17.262690
15.878285
16.712558
15.898091
15.503158
16.053386
15.896410
16.560644
16.732795
15.872818
21.779454
23.588422
20.025517
22.496151
21.977816
21.585219
21.735287
22.956980
22.458840
22.812873
22.391792
22.643373
21.872227
22.626719
22.598073
22.960827
23.126134
21.825210
20.979989
20.377379
19.679052
20.333465
21.259570
20.765836
19.554649
20.690969
21.042234
21.479065
20.801584
21.995672
22.082517
20.833579
21.623913
21.817493
22.072240
21.851252
23.776258
21.934503
24.386910
22.427570
22.081134
22.248742
23.877685
26.260972
24.208167
24.402018
25.328630
25.121429
25.584871
23.802960
24.555585
25.269986
24.745309
26.683968
28.322671
27.133429
25.572184
26.353927
25.531273
24.803992
26.889725
27.651087
26.664485
25.622176
22.261110
24.573867
23.159351
22.928674
23.541917
10.922892
11.998053
11.741710
11.337738
11.344457
13.045739
12.469647
13.083694
13.163824
13.531831
13.461374
13.290065
12.585635
13.774567
12.914106
12.791804
13.056738
15.790889
14.877135
15.817832
14.115327
15.983615
14.784383
15.291706
15.313979
14.364186
16.608164
14.357546
14.633480
15.178209
13.782189
15.702092
15.437891
15.345702
14.229375
15.203179
15.597564
16.318785
15.845193
15.967567
14.918034
14.858015
15.587514
20.662496
19.698948
21.168291
18.377418
17.742559
19.508402
17.989455
19.443808
18.780306
19.145397
20.039543
17.514040
18.548352
18.525897
18.894553
17.915616
19.831280
18.983928
19.424560
18.445674
18.578633
18.445474
17.974018
18.677327
19.618698
17.969217
18.596013
16.547292
15.120229
16.174824
16.049642
17.047479
15.599856
15.751542
15.512955
17.803223
16.085158
19.953712
17.978341
18.243539
19.573884
19.171919
18.141253
18.052490
18.851058
16.672190
18.424659
19.183001
16.131086
16.358624
17.198647
16.320066
16.517371
17.304527
18.506833
18.577366
18.188700
17.757725
17.020215
18.073407
15.934443
16.242809
15.605319
15.798674
15.253853
16.394034
15.551286
15.941902
16.749342
16.728469
15.765919
16.952777
15.232917
17.053152
15.885819
18.582955
17.419107
17.436824
17.428924
17.772905
16.189579
17.236341
16.433526
20.473217
19.898290
20.143441
18.773238
19.436302
18.627754
19.351724
19.524827
20.924869
19.234461
18.817799
19.798794
20.009935
18.533866
19.860506
19.433280
19.032151
18.534710
19.058064
19.971270
19.003292
20.725896
20.217813
20.879161
16.214295
17.273422
17.841206
18.050400
16.909744
17.568455
18.985253
18.511975
19.773820
19.337150
19.142257
19.275865
20.165423
18.857521
20.323080
19.949108
20.157420
19.501615
19.012898
19.414870
21.807535
18.764153
