0.5029350
0.5128952
0.4862611
0.5357199
0.4672515
0.4659433
0.5135552
0.4780775
0.4884840
0.4906027
0.5030227
0.4773860
0.4846979
0.4868117
0.5012872
0.5034061
0.5041253
0.4742358
0.4985749
0.4912703
0.4861015
0.4600377
0.5261724
0.4824629
0.5058091
0.5071949
0.4902402
0.4678631
0.5210702
0.4940401
0.5276596
0.4771078
0.4669401
0.5297675
0.4891948
0.5242672
0.5553652
0.4856636
0.5014239
0.5092239
0.5029350
0.5128952
0.4862611
0.5357199
0.4672515
0.4659433
0.5135552
0.4780775
0.4884840
0.4906027
0.5030227
0.4773860
0.4846979
0.4868117
0.5012872
0.5034061
0.5041253
0.4742358
0.4985749
0.4912703
0.4861015
0.4600377
0.5261724
0.4824629
0.5058091
0.5071949
0.4902402
0.4678631
0.5210702
0.4940401
0.5276596
0.4771078
0.4669401
0.5297675
0.4891948
0.5242672
0.5553652
0.4856636
0.5014239
0.5092239
0.5029350
0.5128952
0.4862611
0.5357199
0.4672515
0.4659433
0.5135552
0.4780775
0.4884840
0.4906027
0.5030227
0.4773860
0.4846979
0.4868117
0.5012872
0.5034061
0.5041253
0.4742358
0.4985749
0.4912703
0.4861015
0.4600377
0.5261724
0.4824629
0.5058091
0.5071949
0.4902402
0.4678631
0.5210702
0.4940401
0.5276596
0.4771078
0.4669401
0.5297675
0.4891948
0.5242672
0.5553652
0.4856636
0.5014239
0.5092239
0.5029350
0.5128952
0.4862611
0.5357199
0.4672515
0.4659433
0.5135552
0.4780775
0.4884840
0.4906027
0.5030227
0.4773860
0.4846979
0.4868117
0.5012872
0.5034061
0.5041253
0.4742358
0.4985749
0.4912703
0.4861015
0.4600377
0.5261724
0.4824629
0.5058091
0.5071949
0.4902402
0.4678631
0.5210702
0.4940401
0.5276596
0.4771078
0.4669401
0.5297675
0.4891948
0.5242672
0.5553652
0.4856636
0.5014239
0.5092239
0.5029350
0.5128952
0.4862611
0.5357199
0.4672515
0.4659433
0.5135552
0.4780775
0.4884840
0.4906027
0.5030227
0.4773860
0.4846979
0.4868117
0.5012872
0.5034061
0.5041253
0.4742358
0.4985749
0.4912703
0.4861015
0.4600377
0.5261724
0.4824629
0.5058091
0.5071949
0.4902402
0.4678631
0.5210702
0.4940401
0.5276596
0.4771078
0.4669401
0.5297675
0.4891948
0.5242672
0.5553652
0.4856636
0.5014239
0.5092239
0.5029350
0.5128952
0.4862611
0.5357199
0.4672515
0.4659433
0.5135552
0.4780775
0.4884840
0.4906027
0.5030227
0.4773860
0.4846979
0.4868117
0.5012872
0.5034061
0.5041253
0.4742358
0.4985749
0.4912703
0.4861015
0.4600377
0.5261724
0.4824629
0.5058091
0.5071949
0.4902402
0.4678631
0.5210702
0.4940401
0.5276596
0.4771078
0.4669401
0.5297675
0.4891948
0.5242672
0.5553652
0.4856636
0.5014239
0.5092239
0.5029350
0.5128952
0.4862611
0.5357199
0.4672515
0.4659433
0.5135552
0.4780775
0.4884840
0.4906027
0.5030227
0.4773860
0.4846979
0.4868117
0.5012872
0.5034061
0.5041253
0.4742358
0.4985749
0.4912703
0.4861015
0.4600377
0.5261724
0.4824629
0.5058091
0.5071949
0.4902402
0.4678631
0.5210702
0.4940401
0.5276596
0.4771078
0.4669401
0.5297675
0.4891948
0.5242672
0.5553652
0.4856636
0.5014239
0.5092239
0.5029350
0.5128952
0.4862611
0.5357199
0.4672515
0.4659433
0.5135552
0.4780775
0.4884840
0.4906027
0.5030227
0.4773860
0.4846979
0.4868117
0.5012872
0.5034061
0.5041253
0.4742358
0.4985749
0.4912703
0.4861015
0.4600377
0.5261724
0.4824629
0.5058091
0.5071949
0.4902402
0.4678631
0.5210702
0.4940401
0.5276596
0.4771078
0.4669401
0.5297675
0.4891948
0.5242672
0.5553652
0.4856636
0.5014239
0.5092239
0.5029350
0.5128952
0.4862611
0.5357199
0.4672515
0.4659433
0.5135552
0.4780775
0.4884840
0.4906027
0.5030227
0.4773860
0.4846979
0.4868117
0.5012872
0.5034061
0.5041253
0.4742358
0.4985749
0.4912703
0.4861015
0.4600377
0.5261724
0.4824629
0.5058091
0.5071949
0.4902402
0.4678631
0.5210702
0.4940401
0.5276596
0.4771078
0.4669401
0.5297675
0.4891948
0.5242672
0.5553652
0.4856636
0.5014239
0.5092239
0.5029350
0.5128952
0.4862611
0.5357199
0.4672515
0.4659433
0.5135552
0.4780775
0.4884840
0.4906027
0.5030227
0.4773860
0.4846979
0.4868117
0.5012872
0.5034061
0.5041253
0.4742358
0.4985749
0.4912703
0.4861015
0.4600377
0.5261724
0.4824629
0.5058091
0.5071949
0.4902402
0.4678631
0.5210702
0.4940401
0.5276596
0.4771078
0.4669401
0.5297675
0.4891948
0.5242672
0.5553652
0.4856636
0.5014239
0.5092239
0.5029350
0.5128952
0.4862611
0.5357199
0.4672515
0.4659433
0.5135552
0.4780775
0.4884840
0.4906027
0.5030227
0.4773860
0.4846979
0.4868117
0.5012872
0.5034061
0.5041253
0.4742358
0.4985749
0.4912703
0.4861015
0.4600377
0.5261724
0.4824629
0.5058091
0.5071949
0.4902402
0.4678631
0.5210702
0.4940401
0.5276596
0.4771078
0.4669401
0.5297675
0.4891948
0.5242672
0.5553652
0.4856636
0.5014239
0.5092239
0.5029350
0.5128952
0.4862611
0.5357199
0.4672515
0.4659433
0.5135552
0.4780775
0.4884840
0.4906027
0.5030227
0.4773860
0.4846979
0.4868117
0.5012872
0.5034061
0.5041253
0.4742358
0.4985749
0.4912703
0.4861015
0.4600377
0.5261724
0.4824629
0.5058091
0.5071949
0.4902402
0.4678631
0.5210702
0.4940401
0.5276596
0.4771078
0.4669401
0.5297675
0.4891948
0.5242672
0.5553652
0.4856636
0.5014239
0.5092239
0.5029350
0.5128952
0.4862611
0.5357199
0.4672515
0.4659433
0.5135552
0.4780775
0.4884840
0.4906027
0.5030227
0.4773860
0.4846979
0.4868117
0.5012872
0.5034061
0.5041253
0.4742358
0.4985749
0.4912703
0.4861015
0.4600377
0.5261724
0.4824629
0.5058091
0.5071949
0.4902402
0.4678631
0.5210702
0.4940401
0.5276596
0.4771078
0.4669401
0.5297675
0.4891948
0.5242672
0.5553652
0.4856636
0.5014239
0.5092239
0.5029350
0.5128952
0.4862611
0.5357199
0.4672515
0.4659433
0.5135552
0.4780775
0.4884840
0.4906027
0.5030227
0.4773860
0.4846979
0.4868117
0.5012872
0.5034061
0.5041253
0.4742358
0.4985749
0.4912703
0.4861015
0.4600377
0.5261724
0.4824629
0.5058091
0.5071949
0.4902402
0.4678631
0.5210702
0.4940401
0.5276596
0.4771078
0.4669401
0.5297675
0.4891948
0.5242672
0.5553652
0.4856636
0.5014239
0.5092239
0.5029350
0.5128952
0.4862611
0.5357199
0.4672515
0.4659433
0.5135552
0.4780775
0.4884840
0.4906027
0.5030227
0.4773860
0.4846979
0.4868117
0.5012872
0.5034061
0.5041253
0.4742358
0.4985749
0.4912703
0.4861015
0.4600377
0.5261724
0.4824629
0.5058091
0.5071949
0.4902402
0.4678631
0.5210702
0.4940401
0.5276596
0.4771078
0.4669401
0.5297675
0.4891948
0.5242672
0.5553652
0.4856636
0.5014239
0.5092239
0.5029350
0.5128952
0.4862611
0.5357199
0.4672515
0.4659433
0.5135552
0.4780775
0.4884840
0.4906027
0.5030227
0.4773860
0.4846979
0.4868117
0.5012872
0.5034061
0.5041253
0.4742358
0.4985749
0.4912703
0.4861015
0.4600377
0.5261724
0.4824629
0.5058091
0.5071949
0.4902402
0.4678631
0.5210702
0.4940401
0.5276596
0.4771078
0.4669401
0.5297675
0.4891948
0.5242672
0.5553652
0.4856636
0.5014239
0.5092239
0.5029350
0.5128952
0.4862611
0.5357199
0.4672515
0.4659433
0.5135552
0.4780775
0.4884840
0.4906027
0.5030227
0.4773860
0.4846979
0.4868117
0.5012872
0.5034061
0.5041253
0.4742358
0.4985749
0.4912703
0.4861015
0.4600377
0.5261724
0.4824629
0.5058091
0.5071949
0.4902402
0.4678631
0.5210702
0.4940401
0.5276596
0.4771078
0.4669401
0.5297675
0.4891948
0.5242672
0.5553652
0.4856636
0.5014239
0.5092239
0.5029350
0.5128952
0.4862611
0.5357199
0.4672515
0.4659433
0.5135552
0.4780775
0.4884840
0.4906027
0.5030227
0.4773860
0.4846979
0.4868117
0.5012872
0.5034061
0.5041253
0.4742358
0.4985749
0.4912703
0.4861015
0.4600377
0.5261724
0.4824629
0.5058091
0.5071949
0.4902402
0.4678631
0.5210702
0.4940401
0.5276596
0.4771078
0.4669401
0.5297675
0.4891948
0.5242672
0.5553652
0.4856636
0.5014239
0.5092239
0.5029350
0.5128952
0.4862611
0.5357199
0.4672515
0.4659433
0.5135552
0.4780775
0.4884840
0.4906027
0.5030227
0.4773860
0.4846979
0.4868117
0.5012872
0.5034061
0.5041253
0.4742358
0.4985749
0.4912703
0.4861015
0.4600377
0.5261724
0.4824629
0.5058091
0.5071949
0.4902402
0.4678631
0.5210702
0.4940401
0.5276596
0.4771078
0.4669401
0.5297675
0.4891948
0.5242672
0.5553652
0.4856636
0.5014239
0.5092239
0.5029350
0.5128952
0.4862611
0.5357199
0.4672515
0.4659433
0.5135552
0.4780775
0.4884840
0.4906027
0.5030227
0.4773860
0.4846979
0.4868117
0.5012872
0.5034061
0.5041253
0.4742358
0.4985749
0.4912703
0.4861015
0.4600377
0.5261724
0.4824629
0.5058091
0.5071949
0.4902402
0.4678631
0.5210702
0.4940401
0.5276596
0.4771078
0.4669401
0.5297675
0.4891948
0.5242672
0.5553652
0.4856636
0.5014239
0.5092239
0.5029350
0.5128952
0.4862611
0.5357199
0.4672515
0.4659433
0.5135552
0.4780775
0.4884840
0.4906027
0.5030227
0.4773860
0.4846979
0.4868117
0.5012872
0.5034061
0.5041253
0.4742358
0.4985749
0.4912703
0.4861015
0.4600377
0.5261724
0.4824629
0.5058091
0.5071949
0.4902402
0.4678631
0.5210702
0.4940401
0.5276596
0.4771078
0.4669401
0.5297675
0.4891948
0.5242672
0.5553652
0.4856636
0.5014239
0.5092239
0.5029350
0.5128952
0.4862611
0.5357199
0.4672515
0.4659433
0.5135552
0.4780775
0.4884840
0.4906027
0.5030227
0.4773860
0.4846979
0.4868117
0.5012872
0.5034061
0.5041253
0.4742358
0.4985749
0.4912703
0.4861015
0.4600377
0.5261724
0.4824629
0.5058091
0.5071949
0.4902402
0.4678631
0.5210702
0.4940401
0.5276596
0.4771078
0.4669401
0.5297675
0.4891948
0.5242672
0.5553652
0.4856636
0.5014239
0.5092239
0.5029350
0.5128952
0.4862611
0.5357199
0.4672515
0.4659433
0.5135552
0.4780775
0.4884840
0.4906027
0.5030227
0.4773860
0.4846979
0.4868117
0.5012872
0.5034061
0.5041253
0.4742358
0.4985749
0.4912703
0.4861015
0.4600377
0.5261724
0.4824629
0.5058091
0.5071949
0.4902402
0.4678631
0.5210702
0.4940401
0.5276596
0.4771078
0.4669401
0.5297675
0.4891948
0.5242672
0.5553652
0.4856636
0.5014239
0.5092239
0.5029350
0.5128952
0.4862611
0.5357199
0.4672515
0.4659433
0.5135552
0.4780775
0.4884840
0.4906027
0.5030227
0.4773860
0.4846979
0.4868117
0.5012872
0.5034061
0.5041253
0.4742358
0.4985749
0.4912703
0.4861015
0.4600377
0.5261724
0.4824629
0.5058091
0.5071949
0.4902402
0.4678631
0.5210702
0.4940401
0.5276596
0.4771078
0.4669401
0.5297675
0.4891948
0.5242672
0.5553652
0.4856636
0.5014239
0.5092239
0.5029350
0.5128952
0.4862611
0.5357199
0.4672515
0.4659433
0.5135552
0.4780775
0.4884840
0.4906027
0.5030227
0.4773860
0.4846979
0.4868117
0.5012872
0.5034061
0.5041253
0.4742358
0.4985749
0.4912703
0.4861015
0.4600377
0.5261724
0.4824629
0.5058091
0.5071949
0.4902402
0.4678631
0.5210702
0.4940401
0.5276596
0.4771078
0.4669401
0.5297675
0.4891948
0.5242672
0.5553652
0.4856636
0.5014239
0.5092239
0.5029350
0.5128952
0.4862611
0.5357199
0.4672515
0.4659433
0.5135552
0.4780775
0.4884840
0.4906027
0.5030227
0.4773860
0.4846979
0.4868117
0.5012872
0.5034061
0.5041253
0.4742358
0.4985749
0.4912703
0.4861015
0.4600377
0.5261724
0.4824629
0.5058091
0.5071949
0.4902402
0.4678631
0.5210702
0.4940401
0.5276596
0.4771078
0.4669401
0.5297675
0.4891948
0.5242672
0.5553652
0.4856636
0.5014239
0.5092239
0.5029350
0.5128952
0.4862611
0.5357199
0.4672515
0.4659433
0.5135552
0.4780775
0.4884840
0.4906027
0.5030227
0.4773860
0.4846979
0.4868117
0.5012872
0.5034061
0.5041253
0.4742358
0.4985749
0.4912703
0.4861015
0.4600377
0.5261724
0.4824629
0.5058091
0.5071949
0.4902402
0.4678631
0.5210702
0.4940401
0.5276596
0.4771078
0.4669401
0.5297675
0.4891948
0.5242672
0.5553652
0.4856636
0.5014239
0.5092239
0.5029350
0.5128952
0.4862611
0.5357199
0.4672515
0.4659433
0.5135552
0.4780775
0.4884840
0.4906027
0.5030227
0.4773860
0.4846979
0.4868117
0.5012872
0.5034061
0.5041253
0.4742358
0.4985749
0.4912703
0.4861015
0.4600377
0.5261724
0.4824629
0.5058091
0.5071949
0.4902402
0.4678631
0.5210702
0.4940401
0.5276596
0.4771078
0.4669401
0.5297675
0.4891948
0.5242672
0.5553652
0.4856636
0.5014239
0.5092239
0.5029350
0.5128952
0.4862611
0.5357199
0.4672515
0.4659433
0.5135552
0.4780775
0.4884840
0.4906027
0.5030227
0.4773860
0.4846979
0.4868117
0.5012872
0.5034061
0.5041253
0.4742358
0.4985749
0.4912703
0.4861015
0.4600377
0.5261724
0.4824629
0.5058091
0.5071949
0.4902402
0.4678631
0.5210702
0.4940401
0.5276596
0.4771078
0.4669401
0.5297675
0.4891948
0.5242672
0.5553652
0.4856636
0.5014239
0.5092239
0.5029350
0.5128952
0.4862611
0.5357199
0.4672515
0.4659433
0.5135552
0.4780775
0.4884840
0.4906027
0.5030227
0.4773860
0.4846979
0.4868117
0.5012872
0.5034061
0.5041253
0.4742358
0.4985749
0.4912703
0.4861015
0.4600377
0.5261724
0.4824629
0.5058091
0.5071949
0.4902402
0.4678631
0.5210702
0.4940401
0.5276596
0.4771078
0.4669401
0.5297675
0.4891948
0.5242672
0.5553652
0.4856636
0.5014239
0.5092239
0.5029350
0.5128952
0.4862611
0.5357199
0.4672515
0.4659433
0.5135552
0.4780775
0.4884840
0.4906027
0.5030227
0.4773860
0.4846979
0.4868117
0.5012872
0.5034061
0.5041253
0.4742358
0.4985749
0.4912703
0.4861015
0.4600377
0.5261724
0.4824629
0.5058091
0.5071949
0.4902402
0.4678631
0.5210702
0.4940401
0.5276596
0.4771078
0.4669401
0.5297675
0.4891948
0.5242672
0.5553652
0.4856636
0.5014239
0.5092239
0.5029350
0.5128952
0.4862611
0.5357199
0.4672515
0.4659433
0.5135552
0.4780775
0.4884840
0.4906027
0.5030227
0.4773860
0.4846979
0.4868117
0.5012872
0.5034061
0.5041253
0.4742358
0.4985749
0.4912703
0.4861015
0.4600377
0.5261724
0.4824629
0.5058091
0.5071949
0.4902402
0.4678631
0.5210702
0.4940401
0.5276596
0.4771078
0.4669401
0.5297675
0.4891948
0.5242672
0.5553652
0.4856636
0.5014239
0.5092239
0.5029350
0.5128952
0.4862611
0.5357199
0.4672515
0.4659433
0.5135552
0.4780775
0.4884840
0.4906027
0.5030227
0.4773860
0.4846979
0.4868117
0.5012872
0.5034061
0.5041253
0.4742358
0.4985749
0.4912703
0.4861015
0.4600377
0.5261724
0.4824629
0.5058091
0.5071949
0.4902402
0.4678631
0.5210702
0.4940401
0.5276596
0.4771078
0.4669401
0.5297675
0.4891948
0.5242672
0.5553652
0.4856636
0.5014239
0.5092239
0.5029350
0.5128952
0.4862611
0.5357199
0.4672515
0.4659433
0.5135552
0.4780775
0.4884840
0.4906027
0.5030227
0.4773860
0.4846979
0.4868117
0.5012872
0.5034061
0.5041253
0.4742358
0.4985749
0.4912703
0.4861015
0.4600377
0.5261724
0.4824629
0.5058091
0.5071949
0.4902402
0.4678631
0.5210702
0.4940401
0.5276596
0.4771078
0.4669401
0.5297675
0.4891948
0.5242672
0.5553652
0.4856636
0.5014239
0.5092239
0.5029350
0.5128952
0.4862611
0.5357199
0.4672515
0.4659433
0.5135552
0.4780775
0.4884840
0.4906027
0.5030227
0.4773860
0.4846979
0.4868117
0.5012872
0.5034061
0.5041253
0.4742358
0.4985749
0.4912703
0.4861015
0.4600377
0.5261724
0.4824629
0.5058091
0.5071949
0.4902402
0.4678631
0.5210702
0.4940401
0.5276596
0.4771078
0.4669401
0.5297675
0.4891948
0.5242672
0.5553652
0.4856636
0.5014239
0.5092239
0.5029350
0.5128952
0.4862611
0.5357199
0.4672515
0.4659433
0.5135552
0.4780775
0.4884840
0.4906027
0.5030227
0.4773860
0.4846979
0.4868117
0.5012872
0.5034061
0.5041253
0.4742358
0.4985749
0.4912703
0.4861015
0.4600377
0.5261724
0.4824629
0.5058091
0.5071949
0.4902402
0.4678631
0.5210702
0.4940401
0.5276596
0.4771078
0.4669401
0.5297675
0.4891948
0.5242672
0.5553652
0.4856636
0.5014239
0.5092239
0.5029350
0.5128952
0.4862611
0.5357199
0.4672515
0.4659433
0.5135552
0.4780775
0.4884840
0.4906027
0.5030227
0.4773860
0.4846979
0.4868117
0.5012872
0.5034061
0.5041253
0.4742358
0.4985749
0.4912703
0.4861015
0.4600377
0.5261724
0.4824629
0.5058091
0.5071949
0.4902402
0.4678631
0.5210702
0.4940401
0.5276596
0.4771078
0.4669401
0.5297675
0.4891948
0.5242672
0.5553652
0.4856636
0.5014239
0.5092239
0.5029350
0.5128952
0.4862611
0.5357199
0.4672515
0.4659433
0.5135552
0.4780775
0.4884840
0.4906027
0.5030227
0.4773860
0.4846979
0.4868117
0.5012872
0.5034061
0.5041253
0.4742358
0.4985749
0.4912703
0.4861015
0.4600377
0.5261724
0.4824629
0.5058091
0.5071949
0.4902402
0.4678631
0.5210702
0.4940401
0.5276596
0.4771078
0.4669401
0.5297675
0.4891948
0.5242672
0.5553652
0.4856636
0.5014239
0.5092239
0.5029350
0.5128952
0.4862611
0.5357199
0.4672515
0.4659433
0.5135552
0.4780775
0.4884840
0.4906027
0.5030227
0.4773860
0.4846979
0.4868117
0.5012872
0.5034061
0.5041253
0.4742358
0.4985749
0.4912703
0.4861015
0.4600377
0.5261724
0.4824629
0.5058091
0.5071949
0.4902402
0.4678631
0.5210702
0.4940401
0.5276596
0.4771078
0.4669401
0.5297675
0.4891948
0.5242672
0.5553652
0.4856636
0.5014239
0.5092239
0.5029350
0.5128952
0.4862611
0.5357199
0.4672515
0.4659433
0.5135552
0.4780775
0.4884840
0.4906027
0.5030227
0.4773860
0.4846979
0.4868117
0.5012872
0.5034061
0.5041253
0.4742358
0.4985749
0.4912703
0.4861015
0.4600377
0.5261724
0.4824629
0.5058091
0.5071949
0.4902402
0.4678631
0.5210702
0.4940401
0.5276596
0.4771078
0.4669401
0.5297675
0.4891948
0.5242672
0.5553652
0.4856636
0.5014239
0.5092239
0.5029350
0.5128952
0.4862611
0.5357199
0.4672515
0.4659433
0.5135552
0.4780775
0.4884840
0.4906027
0.5030227
0.4773860
0.4846979
0.4868117
0.5012872
0.5034061
0.5041253
0.4742358
0.4985749
0.4912703
0.4861015
0.4600377
0.5261724
0.4824629
0.5058091
0.5071949
0.4902402
0.4678631
0.5210702
0.4940401
0.5276596
0.4771078
0.4669401
0.5297675
0.4891948
0.5242672
0.5553652
0.4856636
0.5014239
0.5092239
0.5029350
0.5128952
0.4862611
0.5357199
0.4672515
0.4659433
0.5135552
0.4780775
0.4884840
0.4906027
0.5030227
0.4773860
0.4846979
0.4868117
0.5012872
0.5034061
0.5041253
0.4742358
0.4985749
0.4912703
0.4861015
0.4600377
0.5261724
0.4824629
0.5058091
0.5071949
0.4902402
0.4678631
0.5210702
0.4940401
0.5276596
0.4771078
0.4669401
0.5297675
0.4891948
0.5242672
0.5553652
0.4856636
0.5014239
0.5092239
0.5029350
0.5128952
0.4862611
0.5357199
0.4672515
0.4659433
0.5135552
0.4780775
0.4884840
0.4906027
0.5030227
0.4773860
0.4846979
0.4868117
0.5012872
0.5034061
0.5041253
0.4742358
0.4985749
0.4912703
0.4861015
0.4600377
0.5261724
0.4824629
0.5058091
0.5071949
0.4902402
0.4678631
0.5210702
0.4940401
0.5276596
0.4771078
0.4669401
0.5297675
0.4891948
0.5242672
0.5553652
0.4856636
0.5014239
0.5092239
0.5029350
0.5128952
0.4862611
0.5357199
0.4672515
0.4659433
0.5135552
0.4780775
0.4884840
0.4906027
0.5030227
0.4773860
0.4846979
0.4868117
0.5012872
0.5034061
0.5041253
0.4742358
0.4985749
0.4912703
0.4861015
0.4600377
0.5261724
0.4824629
0.5058091
0.5071949
0.4902402
0.4678631
0.5210702
0.4940401
0.5276596
0.4771078
0.4669401
0.5297675
0.4891948
0.5242672
0.5553652
0.4856636
0.5014239
0.5092239
0.5029350
0.5128952
0.4862611
0.5357199
0.4672515
0.4659433
0.5135552
0.4780775
0.4884840
0.4906027
0.5030227
0.4773860
0.4846979
0.4868117
0.5012872
0.5034061
0.5041253
0.4742358
0.4985749
0.4912703
0.4861015
0.4600377
0.5261724
0.4824629
0.5058091
0.5071949
0.4902402
0.4678631
0.5210702
0.4940401
0.5276596
0.4771078
0.4669401
0.5297675
0.4891948
0.5242672
0.5553652
0.4856636
0.5014239
0.5092239
0.5029350
0.5128952
0.4862611
0.5357199
0.4672515
0.4659433
0.5135552
0.4780775
0.4884840
0.4906027
0.5030227
0.4773860
0.4846979
0.4868117
0.5012872
0.5034061
0.5041253
0.4742358
0.4985749
0.4912703
0.4861015
0.4600377
0.5261724
0.4824629
0.5058091
0.5071949
0.4902402
0.4678631
0.5210702
0.4940401
0.5276596
0.4771078
0.4669401
0.5297675
0.4891948
0.5242672
0.5553652
0.4856636
0.5014239
0.5092239
0.5029350
0.5128952
0.4862611
0.5357199
0.4672515
0.4659433
0.5135552
0.4780775
0.4884840
0.4906027
0.5030227
0.4773860
0.4846979
0.4868117
0.5012872
0.5034061
0.5041253
0.4742358
0.4985749
0.4912703
0.4861015
0.4600377
0.5261724
0.4824629
0.5058091
0.5071949
0.4902402
0.4678631
0.5210702
0.4940401
0.5276596
0.4771078
0.4669401
0.5297675
0.4891948
0.5242672
0.5553652
0.4856636
0.5014239
0.5092239
0.5029350
0.5128952
0.4862611
0.5357199
0.4672515
0.4659433
0.5135552
0.4780775
0.4884840
0.4906027
0.5030227
0.4773860
0.4846979
0.4868117
0.5012872
0.5034061
0.5041253
0.4742358
0.4985749
0.4912703
0.4861015
0.4600377
0.5261724
0.4824629
0.5058091
0.5071949
0.4902402
0.4678631
0.5210702
0.4940401
0.5276596
0.4771078
0.4669401
0.5297675
0.4891948
0.5242672
0.5553652
0.4856636
0.5014239
0.5092239
0.5029350
0.5128952
0.4862611
0.5357199
0.4672515
0.4659433
0.5135552
0.4780775
0.4884840
0.4906027
0.5030227
0.4773860
0.4846979
0.4868117
0.5012872
0.5034061
0.5041253
0.4742358
0.4985749
0.4912703
0.4861015
0.4600377
0.5261724
0.4824629
0.5058091
0.5071949
0.4902402
0.4678631
0.5210702
0.4940401
0.5276596
0.4771078
0.4669401
0.5297675
0.4891948
0.5242672
0.5553652
0.4856636
0.5014239
0.5092239
0.5029350
0.5128952
0.4862611
0.5357199
0.4672515
0.4659433
0.5135552
0.4780775
0.4884840
0.4906027
0.5030227
0.4773860
0.4846979
0.4868117
0.5012872
0.5034061
0.5041253
0.4742358
0.4985749
0.4912703
0.4861015
0.4600377
0.5261724
0.4824629
0.5058091
0.5071949
0.4902402
0.4678631
0.5210702
0.4940401
0.5276596
0.4771078
0.4669401
0.5297675
0.4891948
0.5242672
0.5553652
0.4856636
0.5014239
0.5092239
