0.5146882
0.5048306
0.4784748
0.5084316
0.4925813
0.5381945
0.5146961
0.4812697
0.5141899
0.5243750
0.4808879
0.5002181
0.5139127
0.5000625
0.5111453
0.4840929
0.4996348
0.4994533
0.4936321
0.5095765
0.4742221
0.4615411
0.4569246
0.4943986
0.4794908
0.4793112
0.5034196
0.5103343
0.4718649
0.4958997
0.4858381
0.5110491
0.4902508
0.5137017
0.4941742
0.4573931
0.5182086
0.5133141
0.5176758
0.5032368
0.5146882
0.5048306
0.4784748
0.5084316
0.4925813
0.5381945
0.5146961
0.4812697
0.5141899
0.5243750
0.4808879
0.5002181
0.5139127
0.5000625
0.5111453
0.4840929
0.4996348
0.4994533
0.4936321
0.5095765
0.4742221
0.4615411
0.4569246
0.4943986
0.4794908
0.4793112
0.5034196
0.5103343
0.4718649
0.4958997
0.4858381
0.5110491
0.4902508
0.5137017
0.4941742
0.4573931
0.5182086
0.5133141
0.5176758
0.5032368
0.5146882
0.5048306
0.4784748
0.5084316
0.4925813
0.5381945
0.5146961
0.4812697
0.5141899
0.5243750
0.4808879
0.5002181
0.5139127
0.5000625
0.5111453
0.4840929
0.4996348
0.4994533
0.4936321
0.5095765
0.4742221
0.4615411
0.4569246
0.4943986
0.4794908
0.4793112
0.5034196
0.5103343
0.4718649
0.4958997
0.4858381
0.5110491
0.4902508
0.5137017
0.4941742
0.4573931
0.5182086
0.5133141
0.5176758
0.5032368
0.5146882
0.5048306
0.4784748
0.5084316
0.4925813
0.5381945
0.5146961
0.4812697
0.5141899
0.5243750
0.4808879
0.5002181
0.5139127
0.5000625
0.5111453
0.4840929
0.4996348
0.4994533
0.4936321
0.5095765
0.4742221
0.4615411
0.4569246
0.4943986
0.4794908
0.4793112
0.5034196
0.5103343
0.4718649
0.4958997
0.4858381
0.5110491
0.4902508
0.5137017
0.4941742
0.4573931
0.5182086
0.5133141
0.5176758
0.5032368
0.5146882
0.5048306
0.4784748
0.5084316
0.4925813
0.5381945
0.5146961
0.4812697
0.5141899
0.5243750
0.4808879
0.5002181
0.5139127
0.5000625
0.5111453
0.4840929
0.4996348
0.4994533
0.4936321
0.5095765
0.4742221
0.4615411
0.4569246
0.4943986
0.4794908
0.4793112
0.5034196
0.5103343
0.4718649
0.4958997
0.4858381
0.5110491
0.4902508
0.5137017
0.4941742
0.4573931
0.5182086
0.5133141
0.5176758
0.5032368
0.5146882
0.5048306
0.4784748
0.5084316
0.4925813
0.5381945
0.5146961
0.4812697
0.5141899
0.5243750
0.4808879
0.5002181
0.5139127
0.5000625
0.5111453
0.4840929
0.4996348
0.4994533
0.4936321
0.5095765
0.4742221
0.4615411
0.4569246
0.4943986
0.4794908
0.4793112
0.5034196
0.5103343
0.4718649
0.4958997
0.4858381
0.5110491
0.4902508
0.5137017
0.4941742
0.4573931
0.5182086
0.5133141
0.5176758
0.5032368
0.5146882
0.5048306
0.4784748
0.5084316
0.4925813
0.5381945
0.5146961
0.4812697
0.5141899
0.5243750
0.4808879
0.5002181
0.5139127
0.5000625
0.5111453
0.4840929
0.4996348
0.4994533
0.4936321
0.5095765
0.4742221
0.4615411
0.4569246
0.4943986
0.4794908
0.4793112
0.5034196
0.5103343
0.4718649
0.4958997
0.4858381
0.5110491
0.4902508
0.5137017
0.4941742
0.4573931
0.5182086
0.5133141
0.5176758
0.5032368
0.5146882
0.5048306
0.4784748
0.5084316
0.4925813
0.5381945
0.5146961
0.4812697
0.5141899
0.5243750
0.4808879
0.5002181
0.5139127
0.5000625
0.5111453
0.4840929
0.4996348
0.4994533
0.4936321
0.5095765
0.4742221
0.4615411
0.4569246
0.4943986
0.4794908
0.4793112
0.5034196
0.5103343
0.4718649
0.4958997
0.4858381
0.5110491
0.4902508
0.5137017
0.4941742
0.4573931
0.5182086
0.5133141
0.5176758
0.5032368
0.5146882
0.5048306
0.4784748
0.5084316
0.4925813
0.5381945
0.5146961
0.4812697
0.5141899
0.5243750
0.4808879
0.5002181
0.5139127
0.5000625
0.5111453
0.4840929
0.4996348
0.4994533
0.4936321
0.5095765
0.4742221
0.4615411
0.4569246
0.4943986
0.4794908
0.4793112
0.5034196
0.5103343
0.4718649
0.4958997
0.4858381
0.5110491
0.4902508
0.5137017
0.4941742
0.4573931
0.5182086
0.5133141
0.5176758
0.5032368
0.5146882
0.5048306
0.4784748
0.5084316
0.4925813
0.5381945
0.5146961
0.4812697
0.5141899
0.5243750
0.4808879
0.5002181
0.5139127
0.5000625
0.5111453
0.4840929
0.4996348
0.4994533
0.4936321
0.5095765
0.4742221
0.4615411
0.4569246
0.4943986
0.4794908
0.4793112
0.5034196
0.5103343
0.4718649
0.4958997
0.4858381
0.5110491
0.4902508
0.5137017
0.4941742
0.4573931
0.5182086
0.5133141
0.5176758
0.5032368
0.5146882
0.5048306
0.4784748
0.5084316
0.4925813
0.5381945
0.5146961
0.4812697
0.5141899
0.5243750
0.4808879
0.5002181
0.5139127
0.5000625
0.5111453
0.4840929
0.4996348
0.4994533
0.4936321
0.5095765
0.4742221
0.4615411
0.4569246
0.4943986
0.4794908
0.4793112
0.5034196
0.5103343
0.4718649
0.4958997
0.4858381
0.5110491
0.4902508
0.5137017
0.4941742
0.4573931
0.5182086
0.5133141
0.5176758
0.5032368
0.5146882
0.5048306
0.4784748
0.5084316
0.4925813
0.5381945
0.5146961
0.4812697
0.5141899
0.5243750
0.4808879
0.5002181
0.5139127
0.5000625
0.5111453
0.4840929
0.4996348
0.4994533
0.4936321
0.5095765
0.4742221
0.4615411
0.4569246
0.4943986
0.4794908
0.4793112
0.5034196
0.5103343
0.4718649
0.4958997
0.4858381
0.5110491
0.4902508
0.5137017
0.4941742
0.4573931
0.5182086
0.5133141
0.5176758
0.5032368
0.5146882
0.5048306
0.4784748
0.5084316
0.4925813
0.5381945
0.5146961
0.4812697
0.5141899
0.5243750
0.4808879
0.5002181
0.5139127
0.5000625
0.5111453
0.4840929
0.4996348
0.4994533
0.4936321
0.5095765
0.4742221
0.4615411
0.4569246
0.4943986
0.4794908
0.4793112
0.5034196
0.5103343
0.4718649
0.4958997
0.4858381
0.5110491
0.4902508
0.5137017
0.4941742
0.4573931
0.5182086
0.5133141
0.5176758
0.5032368
0.5146882
0.5048306
0.4784748
0.5084316
0.4925813
0.5381945
0.5146961
0.4812697
0.5141899
0.5243750
0.4808879
0.5002181
0.5139127
0.5000625
0.5111453
0.4840929
0.4996348
0.4994533
0.4936321
0.5095765
0.4742221
0.4615411
0.4569246
0.4943986
0.4794908
0.4793112
0.5034196
0.5103343
0.4718649
0.4958997
0.4858381
0.5110491
0.4902508
0.5137017
0.4941742
0.4573931
0.5182086
0.5133141
0.5176758
0.5032368
0.5146882
0.5048306
0.4784748
0.5084316
0.4925813
0.5381945
0.5146961
0.4812697
0.5141899
0.5243750
0.4808879
0.5002181
0.5139127
0.5000625
0.5111453
0.4840929
0.4996348
0.4994533
0.4936321
0.5095765
0.4742221
0.4615411
0.4569246
0.4943986
0.4794908
0.4793112
0.5034196
0.5103343
0.4718649
0.4958997
0.4858381
0.5110491
0.4902508
0.5137017
0.4941742
0.4573931
0.5182086
0.5133141
0.5176758
0.5032368
0.5146882
0.5048306
0.4784748
0.5084316
0.4925813
0.5381945
0.5146961
0.4812697
0.5141899
0.5243750
0.4808879
0.5002181
0.5139127
0.5000625
0.5111453
0.4840929
0.4996348
0.4994533
0.4936321
0.5095765
0.4742221
0.4615411
0.4569246
0.4943986
0.4794908
0.4793112
0.5034196
0.5103343
0.4718649
0.4958997
0.4858381
0.5110491
0.4902508
0.5137017
0.4941742
0.4573931
0.5182086
0.5133141
0.5176758
0.5032368
0.5146882
0.5048306
0.4784748
0.5084316
0.4925813
0.5381945
0.5146961
0.4812697
0.5141899
0.5243750
0.4808879
0.5002181
0.5139127
0.5000625
0.5111453
0.4840929
0.4996348
0.4994533
0.4936321
0.5095765
0.4742221
0.4615411
0.4569246
0.4943986
0.4794908
0.4793112
0.5034196
0.5103343
0.4718649
0.4958997
0.4858381
0.5110491
0.4902508
0.5137017
0.4941742
0.4573931
0.5182086
0.5133141
0.5176758
0.5032368
0.5146882
0.5048306
0.4784748
0.5084316
0.4925813
0.5381945
0.5146961
0.4812697
0.5141899
0.5243750
0.4808879
0.5002181
0.5139127
0.5000625
0.5111453
0.4840929
0.4996348
0.4994533
0.4936321
0.5095765
0.4742221
0.4615411
0.4569246
0.4943986
0.4794908
0.4793112
0.5034196
0.5103343
0.4718649
0.4958997
0.4858381
0.5110491
0.4902508
0.5137017
0.4941742
0.4573931
0.5182086
0.5133141
0.5176758
0.5032368
0.5146882
0.5048306
0.4784748
0.5084316
0.4925813
0.5381945
0.5146961
0.4812697
0.5141899
0.5243750
0.4808879
0.5002181
0.5139127
0.5000625
0.5111453
0.4840929
0.4996348
0.4994533
0.4936321
0.5095765
0.4742221
0.4615411
0.4569246
0.4943986
0.4794908
0.4793112
0.5034196
0.5103343
0.4718649
0.4958997
0.4858381
0.5110491
0.4902508
0.5137017
0.4941742
0.4573931
0.5182086
0.5133141
0.5176758
0.5032368
0.5146882
0.5048306
0.4784748
0.5084316
0.4925813
0.5381945
0.5146961
0.4812697
0.5141899
0.5243750
0.4808879
0.5002181
0.5139127
0.5000625
0.5111453
0.4840929
0.4996348
0.4994533
0.4936321
0.5095765
0.4742221
0.4615411
0.4569246
0.4943986
0.4794908
0.4793112
0.5034196
0.5103343
0.4718649
0.4958997
0.4858381
0.5110491
0.4902508
0.5137017
0.4941742
0.4573931
0.5182086
0.5133141
0.5176758
0.5032368
0.5146882
0.5048306
0.4784748
0.5084316
0.4925813
0.5381945
0.5146961
0.4812697
0.5141899
0.5243750
0.4808879
0.5002181
0.5139127
0.5000625
0.5111453
0.4840929
0.4996348
0.4994533
0.4936321
0.5095765
0.4742221
0.4615411
0.4569246
0.4943986
0.4794908
0.4793112
0.5034196
0.5103343
0.4718649
0.4958997
0.4858381
0.5110491
0.4902508
0.5137017
0.4941742
0.4573931
0.5182086
0.5133141
0.5176758
0.5032368
0.5146882
0.5048306
0.4784748
0.5084316
0.4925813
0.5381945
0.5146961
0.4812697
0.5141899
0.5243750
0.4808879
0.5002181
0.5139127
0.5000625
0.5111453
0.4840929
0.4996348
0.4994533
0.4936321
0.5095765
0.4742221
0.4615411
0.4569246
0.4943986
0.4794908
0.4793112
0.5034196
0.5103343
0.4718649
0.4958997
0.4858381
0.5110491
0.4902508
0.5137017
0.4941742
0.4573931
0.5182086
0.5133141
0.5176758
0.5032368
0.5146882
0.5048306
0.4784748
0.5084316
0.4925813
0.5381945
0.5146961
0.4812697
0.5141899
0.5243750
0.4808879
0.5002181
0.5139127
0.5000625
0.5111453
0.4840929
0.4996348
0.4994533
0.4936321
0.5095765
0.4742221
0.4615411
0.4569246
0.4943986
0.4794908
0.4793112
0.5034196
0.5103343
0.4718649
0.4958997
0.4858381
0.5110491
0.4902508
0.5137017
0.4941742
0.4573931
0.5182086
0.5133141
0.5176758
0.5032368
0.5146882
0.5048306
0.4784748
0.5084316
0.4925813
0.5381945
0.5146961
0.4812697
0.5141899
0.5243750
0.4808879
0.5002181
0.5139127
0.5000625
0.5111453
0.4840929
0.4996348
0.4994533
0.4936321
0.5095765
0.4742221
0.4615411
0.4569246
0.4943986
0.4794908
0.4793112
0.5034196
0.5103343
0.4718649
0.4958997
0.4858381
0.5110491
0.4902508
0.5137017
0.4941742
0.4573931
0.5182086
0.5133141
0.5176758
0.5032368
0.5146882
0.5048306
0.4784748
0.5084316
0.4925813
0.5381945
0.5146961
0.4812697
0.5141899
0.5243750
0.4808879
0.5002181
0.5139127
0.5000625
0.5111453
0.4840929
0.4996348
0.4994533
0.4936321
0.5095765
0.4742221
0.4615411
0.4569246
0.4943986
0.4794908
0.4793112
0.5034196
0.5103343
0.4718649
0.4958997
0.4858381
0.5110491
0.4902508
0.5137017
0.4941742
0.4573931
0.5182086
0.5133141
0.5176758
0.5032368
0.5146882
0.5048306
0.4784748
0.5084316
0.4925813
0.5381945
0.5146961
0.4812697
0.5141899
0.5243750
0.4808879
0.5002181
0.5139127
0.5000625
0.5111453
0.4840929
0.4996348
0.4994533
0.4936321
0.5095765
0.4742221
0.4615411
0.4569246
0.4943986
0.4794908
0.4793112
0.5034196
0.5103343
0.4718649
0.4958997
0.4858381
0.5110491
0.4902508
0.5137017
0.4941742
0.4573931
0.5182086
0.5133141
0.5176758
0.5032368
0.5146882
0.5048306
0.4784748
0.5084316
0.4925813
0.5381945
0.5146961
0.4812697
0.5141899
0.5243750
0.4808879
0.5002181
0.5139127
0.5000625
0.5111453
0.4840929
0.4996348
0.4994533
0.4936321
0.5095765
0.4742221
0.4615411
0.4569246
0.4943986
0.4794908
0.4793112
0.5034196
0.5103343
0.4718649
0.4958997
0.4858381
0.5110491
0.4902508
0.5137017
0.4941742
0.4573931
0.5182086
0.5133141
0.5176758
0.5032368
0.5146882
0.5048306
0.4784748
0.5084316
0.4925813
0.5381945
0.5146961
0.4812697
0.5141899
0.5243750
0.4808879
0.5002181
0.5139127
0.5000625
0.5111453
0.4840929
0.4996348
0.4994533
0.4936321
0.5095765
0.4742221
0.4615411
0.4569246
0.4943986
0.4794908
0.4793112
0.5034196
0.5103343
0.4718649
0.4958997
0.4858381
0.5110491
0.4902508
0.5137017
0.4941742
0.4573931
0.5182086
0.5133141
0.5176758
0.5032368
0.5146882
0.5048306
0.4784748
0.5084316
0.4925813
0.5381945
0.5146961
0.4812697
0.5141899
0.5243750
0.4808879
0.5002181
0.5139127
0.5000625
0.5111453
0.4840929
0.4996348
0.4994533
0.4936321
0.5095765
0.4742221
0.4615411
0.4569246
0.4943986
0.4794908
0.4793112
0.5034196
0.5103343
0.4718649
0.4958997
0.4858381
0.5110491
0.4902508
0.5137017
0.4941742
0.4573931
0.5182086
0.5133141
0.5176758
0.5032368
0.5146882
0.5048306
0.4784748
0.5084316
0.4925813
0.5381945
0.5146961
0.4812697
0.5141899
0.5243750
0.4808879
0.5002181
0.5139127
0.5000625
0.5111453
0.4840929
0.4996348
0.4994533
0.4936321
0.5095765
0.4742221
0.4615411
0.4569246
0.4943986
0.4794908
0.4793112
0.5034196
0.5103343
0.4718649
0.4958997
0.4858381
0.5110491
0.4902508
0.5137017
0.4941742
0.4573931
0.5182086
0.5133141
0.5176758
0.5032368
0.5146882
0.5048306
0.4784748
0.5084316
0.4925813
0.5381945
0.5146961
0.4812697
0.5141899
0.5243750
0.4808879
0.5002181
0.5139127
0.5000625
0.5111453
0.4840929
0.4996348
0.4994533
0.4936321
0.5095765
0.4742221
0.4615411
0.4569246
0.4943986
0.4794908
0.4793112
0.5034196
0.5103343
0.4718649
0.4958997
0.4858381
0.5110491
0.4902508
0.5137017
0.4941742
0.4573931
0.5182086
0.5133141
0.5176758
0.5032368
0.5146882
0.5048306
0.4784748
0.5084316
0.4925813
0.5381945
0.5146961
0.4812697
0.5141899
0.5243750
0.4808879
0.5002181
0.5139127
0.5000625
0.5111453
0.4840929
0.4996348
0.4994533
0.4936321
0.5095765
0.4742221
0.4615411
0.4569246
0.4943986
0.4794908
0.4793112
0.5034196
0.5103343
0.4718649
0.4958997
0.4858381
0.5110491
0.4902508
0.5137017
0.4941742
0.4573931
0.5182086
0.5133141
0.5176758
0.5032368
0.5146882
0.5048306
0.4784748
0.5084316
0.4925813
0.5381945
0.5146961
0.4812697
0.5141899
0.5243750
0.4808879
0.5002181
0.5139127
0.5000625
0.5111453
0.4840929
0.4996348
0.4994533
0.4936321
0.5095765
0.4742221
0.4615411
0.4569246
0.4943986
0.4794908
0.4793112
0.5034196
0.5103343
0.4718649
0.4958997
0.4858381
0.5110491
0.4902508
0.5137017
0.4941742
0.4573931
0.5182086
0.5133141
0.5176758
0.5032368
0.5146882
0.5048306
0.4784748
0.5084316
0.4925813
0.5381945
0.5146961
0.4812697
0.5141899
0.5243750
0.4808879
0.5002181
0.5139127
0.5000625
0.5111453
0.4840929
0.4996348
0.4994533
0.4936321
0.5095765
0.4742221
0.4615411
0.4569246
0.4943986
0.4794908
0.4793112
0.5034196
0.5103343
0.4718649
0.4958997
0.4858381
0.5110491
0.4902508
0.5137017
0.4941742
0.4573931
0.5182086
0.5133141
0.5176758
0.5032368
0.5146882
0.5048306
0.4784748
0.5084316
0.4925813
0.5381945
0.5146961
0.4812697
0.5141899
0.5243750
0.4808879
0.5002181
0.5139127
0.5000625
0.5111453
0.4840929
0.4996348
0.4994533
0.4936321
0.5095765
0.4742221
0.4615411
0.4569246
0.4943986
0.4794908
0.4793112
0.5034196
0.5103343
0.4718649
0.4958997
0.4858381
0.5110491
0.4902508
0.5137017
0.4941742
0.4573931
0.5182086
0.5133141
0.5176758
0.5032368
0.5146882
0.5048306
0.4784748
0.5084316
0.4925813
0.5381945
0.5146961
0.4812697
0.5141899
0.5243750
0.4808879
0.5002181
0.5139127
0.5000625
0.5111453
0.4840929
0.4996348
0.4994533
0.4936321
0.5095765
0.4742221
0.4615411
0.4569246
0.4943986
0.4794908
0.4793112
0.5034196
0.5103343
0.4718649
0.4958997
0.4858381
0.5110491
0.4902508
0.5137017
0.4941742
0.4573931
0.5182086
0.5133141
0.5176758
0.5032368
0.5146882
0.5048306
0.4784748
0.5084316
0.4925813
0.5381945
0.5146961
0.4812697
0.5141899
0.5243750
0.4808879
0.5002181
0.5139127
0.5000625
0.5111453
0.4840929
0.4996348
0.4994533
0.4936321
0.5095765
0.4742221
0.4615411
0.4569246
0.4943986
0.4794908
0.4793112
0.5034196
0.5103343
0.4718649
0.4958997
0.4858381
0.5110491
0.4902508
0.5137017
0.4941742
0.4573931
0.5182086
0.5133141
0.5176758
0.5032368
0.5146882
0.5048306
0.4784748
0.5084316
0.4925813
0.5381945
0.5146961
0.4812697
0.5141899
0.5243750
0.4808879
0.5002181
0.5139127
0.5000625
0.5111453
0.4840929
0.4996348
0.4994533
0.4936321
0.5095765
0.4742221
0.4615411
0.4569246
0.4943986
0.4794908
0.4793112
0.5034196
0.5103343
0.4718649
0.4958997
0.4858381
0.5110491
0.4902508
0.5137017
0.4941742
0.4573931
0.5182086
0.5133141
0.5176758
0.5032368
0.5146882
0.5048306
0.4784748
0.5084316
0.4925813
0.5381945
0.5146961
0.4812697
0.5141899
0.5243750
0.4808879
0.5002181
0.5139127
0.5000625
0.5111453
0.4840929
0.4996348
0.4994533
0.4936321
0.5095765
0.4742221
0.4615411
0.4569246
0.4943986
0.4794908
0.4793112
0.5034196
0.5103343
0.4718649
0.4958997
0.4858381
0.5110491
0.4902508
0.5137017
0.4941742
0.4573931
0.5182086
0.5133141
0.5176758
0.5032368
0.5146882
0.5048306
0.4784748
0.5084316
0.4925813
0.5381945
0.5146961
0.4812697
0.5141899
0.5243750
0.4808879
0.5002181
0.5139127
0.5000625
0.5111453
0.4840929
0.4996348
0.4994533
0.4936321
0.5095765
0.4742221
0.4615411
0.4569246
0.4943986
0.4794908
0.4793112
0.5034196
0.5103343
0.4718649
0.4958997
0.4858381
0.5110491
0.4902508
0.5137017
0.4941742
0.4573931
0.5182086
0.5133141
0.5176758
0.5032368
0.5146882
0.5048306
0.4784748
0.5084316
0.4925813
0.5381945
0.5146961
0.4812697
0.5141899
0.5243750
0.4808879
0.5002181
0.5139127
0.5000625
0.5111453
0.4840929
0.4996348
0.4994533
0.4936321
0.5095765
0.4742221
0.4615411
0.4569246
0.4943986
0.4794908
0.4793112
0.5034196
0.5103343
0.4718649
0.4958997
0.4858381
0.5110491
0.4902508
0.5137017
0.4941742
0.4573931
0.5182086
0.5133141
0.5176758
0.5032368
0.5146882
0.5048306
0.4784748
0.5084316
0.4925813
0.5381945
0.5146961
0.4812697
0.5141899
0.5243750
0.4808879
0.5002181
0.5139127
0.5000625
0.5111453
0.4840929
0.4996348
0.4994533
0.4936321
0.5095765
0.4742221
0.4615411
0.4569246
0.4943986
0.4794908
0.4793112
0.5034196
0.5103343
0.4718649
0.4958997
0.4858381
0.5110491
0.4902508
0.5137017
0.4941742
0.4573931
0.5182086
0.5133141
0.5176758
0.5032368
0.5146882
0.5048306
0.4784748
0.5084316
0.4925813
0.5381945
0.5146961
0.4812697
0.5141899
0.5243750
0.4808879
0.5002181
0.5139127
0.5000625
0.5111453
0.4840929
0.4996348
0.4994533
0.4936321
0.5095765
0.4742221
0.4615411
0.4569246
0.4943986
0.4794908
0.4793112
0.5034196
0.5103343
0.4718649
0.4958997
0.4858381
0.5110491
0.4902508
0.5137017
0.4941742
0.4573931
0.5182086
0.5133141
0.5176758
0.5032368
0.5146882
0.5048306
0.4784748
0.5084316
0.4925813
0.5381945
0.5146961
0.4812697
0.5141899
0.5243750
0.4808879
0.5002181
0.5139127
0.5000625
0.5111453
0.4840929
0.4996348
0.4994533
0.4936321
0.5095765
0.4742221
0.4615411
0.4569246
0.4943986
0.4794908
0.4793112
0.5034196
0.5103343
0.4718649
0.4958997
0.4858381
0.5110491
0.4902508
0.5137017
0.4941742
0.4573931
0.5182086
0.5133141
0.5176758
0.5032368
0.5146882
0.5048306
0.4784748
0.5084316
0.4925813
0.5381945
0.5146961
0.4812697
0.5141899
0.5243750
0.4808879
0.5002181
0.5139127
0.5000625
0.5111453
0.4840929
0.4996348
0.4994533
0.4936321
0.5095765
0.4742221
0.4615411
0.4569246
0.4943986
0.4794908
0.4793112
0.5034196
0.5103343
0.4718649
0.4958997
0.4858381
0.5110491
0.4902508
0.5137017
0.4941742
0.4573931
0.5182086
0.5133141
0.5176758
0.5032368
0.5146882
0.5048306
0.4784748
0.5084316
0.4925813
0.5381945
0.5146961
0.4812697
0.5141899
0.5243750
0.4808879
0.5002181
0.5139127
0.5000625
0.5111453
0.4840929
0.4996348
0.4994533
0.4936321
0.5095765
0.4742221
0.4615411
0.4569246
0.4943986
0.4794908
0.4793112
0.5034196
0.5103343
0.4718649
0.4958997
0.4858381
0.5110491
0.4902508
0.5137017
0.4941742
0.4573931
0.5182086
0.5133141
0.5176758
0.5032368
0.5146882
0.5048306
0.4784748
0.5084316
0.4925813
0.5381945
0.5146961
0.4812697
0.5141899
0.5243750
0.4808879
0.5002181
0.5139127
0.5000625
0.5111453
0.4840929
0.4996348
0.4994533
0.4936321
0.5095765
0.4742221
0.4615411
0.4569246
0.4943986
0.4794908
0.4793112
0.5034196
0.5103343
0.4718649
0.4958997
0.4858381
0.5110491
0.4902508
0.5137017
0.4941742
0.4573931
0.5182086
0.5133141
0.5176758
0.5032368
0.5146882
0.5048306
0.4784748
0.5084316
0.4925813
0.5381945
0.5146961
0.4812697
0.5141899
0.5243750
0.4808879
0.5002181
0.5139127
0.5000625
0.5111453
0.4840929
0.4996348
0.4994533
0.4936321
0.5095765
0.4742221
0.4615411
0.4569246
0.4943986
0.4794908
0.4793112
0.5034196
0.5103343
0.4718649
0.4958997
0.4858381
0.5110491
0.4902508
0.5137017
0.4941742
0.4573931
0.5182086
0.5133141
0.5176758
0.5032368
0.5146882
0.5048306
0.4784748
0.5084316
0.4925813
0.5381945
0.5146961
0.4812697
0.5141899
0.5243750
0.4808879
0.5002181
0.5139127
0.5000625
0.5111453
0.4840929
0.4996348
0.4994533
0.4936321
0.5095765
0.4742221
0.4615411
0.4569246
0.4943986
0.4794908
0.4793112
0.5034196
0.5103343
0.4718649
0.4958997
0.4858381
0.5110491
0.4902508
0.5137017
0.4941742
0.4573931
0.5182086
0.5133141
0.5176758
0.5032368
0.5146882
0.5048306
0.4784748
0.5084316
0.4925813
0.5381945
0.5146961
0.4812697
0.5141899
0.5243750
0.4808879
0.5002181
0.5139127
0.5000625
0.5111453
0.4840929
0.4996348
0.4994533
0.4936321
0.5095765
0.4742221
0.4615411
0.4569246
0.4943986
0.4794908
0.4793112
0.5034196
0.5103343
0.4718649
0.4958997
0.4858381
0.5110491
0.4902508
0.5137017
0.4941742
0.4573931
0.5182086
0.5133141
0.5176758
0.5032368
