0.4978799
0.5278531
0.5115835
0.5029224
0.5122160
0.5258204
0.4898964
0.4895251
0.5193477
0.4478044
0.5077562
0.4813338
0.5324727
0.5033265
0.4708633
0.5155982
0.4873427
0.5151004
0.5177449
0.5021255
0.5247935
0.5165513
0.5085630
0.5023045
0.4986009
0.4739164
0.5300603
0.4884227
0.4503306
0.4784159
0.4995594
0.5412802
0.4970277
0.4964947
0.4963583
0.5170339
0.5139102
0.5009287
0.4707761
0.5052906
0.4978799
0.5278531
0.5115835
0.5029224
0.5122160
0.5258204
0.4898964
0.4895251
0.5193477
0.4478044
0.5077562
0.4813338
0.5324727
0.5033265
0.4708633
0.5155982
0.4873427
0.5151004
0.5177449
0.5021255
0.5247935
0.5165513
0.5085630
0.5023045
0.4986009
0.4739164
0.5300603
0.4884227
0.4503306
0.4784159
0.4995594
0.5412802
0.4970277
0.4964947
0.4963583
0.5170339
0.5139102
0.5009287
0.4707761
0.5052906
0.4978799
0.5278531
0.5115835
0.5029224
0.5122160
0.5258204
0.4898964
0.4895251
0.5193477
0.4478044
0.5077562
0.4813338
0.5324727
0.5033265
0.4708633
0.5155982
0.4873427
0.5151004
0.5177449
0.5021255
0.5247935
0.5165513
0.5085630
0.5023045
0.4986009
0.4739164
0.5300603
0.4884227
0.4503306
0.4784159
0.4995594
0.5412802
0.4970277
0.4964947
0.4963583
0.5170339
0.5139102
0.5009287
0.4707761
0.5052906
0.4978799
0.5278531
0.5115835
0.5029224
0.5122160
0.5258204
0.4898964
0.4895251
0.5193477
0.4478044
0.5077562
0.4813338
0.5324727
0.5033265
0.4708633
0.5155982
0.4873427
0.5151004
0.5177449
0.5021255
0.5247935
0.5165513
0.5085630
0.5023045
0.4986009
0.4739164
0.5300603
0.4884227
0.4503306
0.4784159
0.4995594
0.5412802
0.4970277
0.4964947
0.4963583
0.5170339
0.5139102
0.5009287
0.4707761
0.5052906
0.4978799
0.5278531
0.5115835
0.5029224
0.5122160
0.5258204
0.4898964
0.4895251
0.5193477
0.4478044
0.5077562
0.4813338
0.5324727
0.5033265
0.4708633
0.5155982
0.4873427
0.5151004
0.5177449
0.5021255
0.5247935
0.5165513
0.5085630
0.5023045
0.4986009
0.4739164
0.5300603
0.4884227
0.4503306
0.4784159
0.4995594
0.5412802
0.4970277
0.4964947
0.4963583
0.5170339
0.5139102
0.5009287
0.4707761
0.5052906
0.4978799
0.5278531
0.5115835
0.5029224
0.5122160
0.5258204
0.4898964
0.4895251
0.5193477
0.4478044
0.5077562
0.4813338
0.5324727
0.5033265
0.4708633
0.5155982
0.4873427
0.5151004
0.5177449
0.5021255
0.5247935
0.5165513
0.5085630
0.5023045
0.4986009
0.4739164
0.5300603
0.4884227
0.4503306
0.4784159
0.4995594
0.5412802
0.4970277
0.4964947
0.4963583
0.5170339
0.5139102
0.5009287
0.4707761
0.5052906
0.4978799
0.5278531
0.5115835
0.5029224
0.5122160
0.5258204
0.4898964
0.4895251
0.5193477
0.4478044
0.5077562
0.4813338
0.5324727
0.5033265
0.4708633
0.5155982
0.4873427
0.5151004
0.5177449
0.5021255
0.5247935
0.5165513
0.5085630
0.5023045
0.4986009
0.4739164
0.5300603
0.4884227
0.4503306
0.4784159
0.4995594
0.5412802
0.4970277
0.4964947
0.4963583
0.5170339
0.5139102
0.5009287
0.4707761
0.5052906
0.4978799
0.5278531
0.5115835
0.5029224
0.5122160
0.5258204
0.4898964
0.4895251
0.5193477
0.4478044
0.5077562
0.4813338
0.5324727
0.5033265
0.4708633
0.5155982
0.4873427
0.5151004
0.5177449
0.5021255
0.5247935
0.5165513
0.5085630
0.5023045
0.4986009
0.4739164
0.5300603
0.4884227
0.4503306
0.4784159
0.4995594
0.5412802
0.4970277
0.4964947
0.4963583
0.5170339
0.5139102
0.5009287
0.4707761
0.5052906
0.4978799
0.5278531
0.5115835
0.5029224
0.5122160
0.5258204
0.4898964
0.4895251
0.5193477
0.4478044
0.5077562
0.4813338
0.5324727
0.5033265
0.4708633
0.5155982
0.4873427
0.5151004
0.5177449
0.5021255
0.5247935
0.5165513
0.5085630
0.5023045
0.4986009
0.4739164
0.5300603
0.4884227
0.4503306
0.4784159
0.4995594
0.5412802
0.4970277
0.4964947
0.4963583
0.5170339
0.5139102
0.5009287
0.4707761
0.5052906
0.4978799
0.5278531
0.5115835
0.5029224
0.5122160
0.5258204
0.4898964
0.4895251
0.5193477
0.4478044
0.5077562
0.4813338
0.5324727
0.5033265
0.4708633
0.5155982
0.4873427
0.5151004
0.5177449
0.5021255
0.5247935
0.5165513
0.5085630
0.5023045
0.4986009
0.4739164
0.5300603
0.4884227
0.4503306
0.4784159
0.4995594
0.5412802
0.4970277
0.4964947
0.4963583
0.5170339
0.5139102
0.5009287
0.4707761
0.5052906
0.4978799
0.5278531
0.5115835
0.5029224
0.5122160
0.5258204
0.4898964
0.4895251
0.5193477
0.4478044
0.5077562
0.4813338
0.5324727
0.5033265
0.4708633
0.5155982
0.4873427
0.5151004
0.5177449
0.5021255
0.5247935
0.5165513
0.5085630
0.5023045
0.4986009
0.4739164
0.5300603
0.4884227
0.4503306
0.4784159
0.4995594
0.5412802
0.4970277
0.4964947
0.4963583
0.5170339
0.5139102
0.5009287
0.4707761
0.5052906
0.4978799
0.5278531
0.5115835
0.5029224
0.5122160
0.5258204
0.4898964
0.4895251
0.5193477
0.4478044
0.5077562
0.4813338
0.5324727
0.5033265
0.4708633
0.5155982
0.4873427
0.5151004
0.5177449
0.5021255
0.5247935
0.5165513
0.5085630
0.5023045
0.4986009
0.4739164
0.5300603
0.4884227
0.4503306
0.4784159
0.4995594
0.5412802
0.4970277
0.4964947
0.4963583
0.5170339
0.5139102
0.5009287
0.4707761
0.5052906
0.4978799
0.5278531
0.5115835
0.5029224
0.5122160
0.5258204
0.4898964
0.4895251
0.5193477
0.4478044
0.5077562
0.4813338
0.5324727
0.5033265
0.4708633
0.5155982
0.4873427
0.5151004
0.5177449
0.5021255
0.5247935
0.5165513
0.5085630
0.5023045
0.4986009
0.4739164
0.5300603
0.4884227
0.4503306
0.4784159
0.4995594
0.5412802
0.4970277
0.4964947
0.4963583
0.5170339
0.5139102
0.5009287
0.4707761
0.5052906
0.4978799
0.5278531
0.5115835
0.5029224
0.5122160
0.5258204
0.4898964
0.4895251
0.5193477
0.4478044
0.5077562
0.4813338
0.5324727
0.5033265
0.4708633
0.5155982
0.4873427
0.5151004
0.5177449
0.5021255
0.5247935
0.5165513
0.5085630
0.5023045
0.4986009
0.4739164
0.5300603
0.4884227
0.4503306
0.4784159
0.4995594
0.5412802
0.4970277
0.4964947
0.4963583
0.5170339
0.5139102
0.5009287
0.4707761
0.5052906
0.4978799
0.5278531
0.5115835
0.5029224
0.5122160
0.5258204
0.4898964
0.4895251
0.5193477
0.4478044
0.5077562
0.4813338
0.5324727
0.5033265
0.4708633
0.5155982
0.4873427
0.5151004
0.5177449
0.5021255
0.5247935
0.5165513
0.5085630
0.5023045
0.4986009
0.4739164
0.5300603
0.4884227
0.4503306
0.4784159
0.4995594
0.5412802
0.4970277
0.4964947
0.4963583
0.5170339
0.5139102
0.5009287
0.4707761
0.5052906
0.4978799
0.5278531
0.5115835
0.5029224
0.5122160
0.5258204
0.4898964
0.4895251
0.5193477
0.4478044
0.5077562
0.4813338
0.5324727
0.5033265
0.4708633
0.5155982
0.4873427
0.5151004
0.5177449
0.5021255
0.5247935
0.5165513
0.5085630
0.5023045
0.4986009
0.4739164
0.5300603
0.4884227
0.4503306
0.4784159
0.4995594
0.5412802
0.4970277
0.4964947
0.4963583
0.5170339
0.5139102
0.5009287
0.4707761
0.5052906
0.4978799
0.5278531
0.5115835
0.5029224
0.5122160
0.5258204
0.4898964
0.4895251
0.5193477
0.4478044
0.5077562
0.4813338
0.5324727
0.5033265
0.4708633
0.5155982
0.4873427
0.5151004
0.5177449
0.5021255
0.5247935
0.5165513
0.5085630
0.5023045
0.4986009
0.4739164
0.5300603
0.4884227
0.4503306
0.4784159
0.4995594
0.5412802
0.4970277
0.4964947
0.4963583
0.5170339
0.5139102
0.5009287
0.4707761
0.5052906
0.4978799
0.5278531
0.5115835
0.5029224
0.5122160
0.5258204
0.4898964
0.4895251
0.5193477
0.4478044
0.5077562
0.4813338
0.5324727
0.5033265
0.4708633
0.5155982
0.4873427
0.5151004
0.5177449
0.5021255
0.5247935
0.5165513
0.5085630
0.5023045
0.4986009
0.4739164
0.5300603
0.4884227
0.4503306
0.4784159
0.4995594
0.5412802
0.4970277
0.4964947
0.4963583
0.5170339
0.5139102
0.5009287
0.4707761
0.5052906
0.4978799
0.5278531
0.5115835
0.5029224
0.5122160
0.5258204
0.4898964
0.4895251
0.5193477
0.4478044
0.5077562
0.4813338
0.5324727
0.5033265
0.4708633
0.5155982
0.4873427
0.5151004
0.5177449
0.5021255
0.5247935
0.5165513
0.5085630
0.5023045
0.4986009
0.4739164
0.5300603
0.4884227
0.4503306
0.4784159
0.4995594
0.5412802
0.4970277
0.4964947
0.4963583
0.5170339
0.5139102
0.5009287
0.4707761
0.5052906
0.4978799
0.5278531
0.5115835
0.5029224
0.5122160
0.5258204
0.4898964
0.4895251
0.5193477
0.4478044
0.5077562
0.4813338
0.5324727
0.5033265
0.4708633
0.5155982
0.4873427
0.5151004
0.5177449
0.5021255
0.5247935
0.5165513
0.5085630
0.5023045
0.4986009
0.4739164
0.5300603
0.4884227
0.4503306
0.4784159
0.4995594
0.5412802
0.4970277
0.4964947
0.4963583
0.5170339
0.5139102
0.5009287
0.4707761
0.5052906
0.4978799
0.5278531
0.5115835
0.5029224
0.5122160
0.5258204
0.4898964
0.4895251
0.5193477
0.4478044
0.5077562
0.4813338
0.5324727
0.5033265
0.4708633
0.5155982
0.4873427
0.5151004
0.5177449
0.5021255
0.5247935
0.5165513
0.5085630
0.5023045
0.4986009
0.4739164
0.5300603
0.4884227
0.4503306
0.4784159
0.4995594
0.5412802
0.4970277
0.4964947
0.4963583
0.5170339
0.5139102
0.5009287
0.4707761
0.5052906
0.4978799
0.5278531
0.5115835
0.5029224
0.5122160
0.5258204
0.4898964
0.4895251
0.5193477
0.4478044
0.5077562
0.4813338
0.5324727
0.5033265
0.4708633
0.5155982
0.4873427
0.5151004
0.5177449
0.5021255
0.5247935
0.5165513
0.5085630
0.5023045
0.4986009
0.4739164
0.5300603
0.4884227
0.4503306
0.4784159
0.4995594
0.5412802
0.4970277
0.4964947
0.4963583
0.5170339
0.5139102
0.5009287
0.4707761
0.5052906
0.4978799
0.5278531
0.5115835
0.5029224
0.5122160
0.5258204
0.4898964
0.4895251
0.5193477
0.4478044
0.5077562
0.4813338
0.5324727
0.5033265
0.4708633
0.5155982
0.4873427
0.5151004
0.5177449
0.5021255
0.5247935
0.5165513
0.5085630
0.5023045
0.4986009
0.4739164
0.5300603
0.4884227
0.4503306
0.4784159
0.4995594
0.5412802
0.4970277
0.4964947
0.4963583
0.5170339
0.5139102
0.5009287
0.4707761
0.5052906
0.4978799
0.5278531
0.5115835
0.5029224
0.5122160
0.5258204
0.4898964
0.4895251
0.5193477
0.4478044
0.5077562
0.4813338
0.5324727
0.5033265
0.4708633
0.5155982
0.4873427
0.5151004
0.5177449
0.5021255
0.5247935
0.5165513
0.5085630
0.5023045
0.4986009
0.4739164
0.5300603
0.4884227
0.4503306
0.4784159
0.4995594
0.5412802
0.4970277
0.4964947
0.4963583
0.5170339
0.5139102
0.5009287
0.4707761
0.5052906
0.4978799
0.5278531
0.5115835
0.5029224
0.5122160
0.5258204
0.4898964
0.4895251
0.5193477
0.4478044
0.5077562
0.4813338
0.5324727
0.5033265
0.4708633
0.5155982
0.4873427
0.5151004
0.5177449
0.5021255
0.5247935
0.5165513
0.5085630
0.5023045
0.4986009
0.4739164
0.5300603
0.4884227
0.4503306
0.4784159
0.4995594
0.5412802
0.4970277
0.4964947
0.4963583
0.5170339
0.5139102
0.5009287
0.4707761
0.5052906
0.4978799
0.5278531
0.5115835
0.5029224
0.5122160
0.5258204
0.4898964
0.4895251
0.5193477
0.4478044
0.5077562
0.4813338
0.5324727
0.5033265
0.4708633
0.5155982
0.4873427
0.5151004
0.5177449
0.5021255
0.5247935
0.5165513
0.5085630
0.5023045
0.4986009
0.4739164
0.5300603
0.4884227
0.4503306
0.4784159
0.4995594
0.5412802
0.4970277
0.4964947
0.4963583
0.5170339
0.5139102
0.5009287
0.4707761
0.5052906
0.4978799
0.5278531
0.5115835
0.5029224
0.5122160
0.5258204
0.4898964
0.4895251
0.5193477
0.4478044
0.5077562
0.4813338
0.5324727
0.5033265
0.4708633
0.5155982
0.4873427
0.5151004
0.5177449
0.5021255
0.5247935
0.5165513
0.5085630
0.5023045
0.4986009
0.4739164
0.5300603
0.4884227
0.4503306
0.4784159
0.4995594
0.5412802
0.4970277
0.4964947
0.4963583
0.5170339
0.5139102
0.5009287
0.4707761
0.5052906
0.4978799
0.5278531
0.5115835
0.5029224
0.5122160
0.5258204
0.4898964
0.4895251
0.5193477
0.4478044
0.5077562
0.4813338
0.5324727
0.5033265
0.4708633
0.5155982
0.4873427
0.5151004
0.5177449
0.5021255
0.5247935
0.5165513
0.5085630
0.5023045
0.4986009
0.4739164
0.5300603
0.4884227
0.4503306
0.4784159
0.4995594
0.5412802
0.4970277
0.4964947
0.4963583
0.5170339
0.5139102
0.5009287
0.4707761
0.5052906
0.4978799
0.5278531
0.5115835
0.5029224
0.5122160
0.5258204
0.4898964
0.4895251
0.5193477
0.4478044
0.5077562
0.4813338
0.5324727
0.5033265
0.4708633
0.5155982
0.4873427
0.5151004
0.5177449
0.5021255
0.5247935
0.5165513
0.5085630
0.5023045
0.4986009
0.4739164
0.5300603
0.4884227
0.4503306
0.4784159
0.4995594
0.5412802
0.4970277
0.4964947
0.4963583
0.5170339
0.5139102
0.5009287
0.4707761
0.5052906
0.4978799
0.5278531
0.5115835
0.5029224
0.5122160
0.5258204
0.4898964
0.4895251
0.5193477
0.4478044
0.5077562
0.4813338
0.5324727
0.5033265
0.4708633
0.5155982
0.4873427
0.5151004
0.5177449
0.5021255
0.5247935
0.5165513
0.5085630
0.5023045
0.4986009
0.4739164
0.5300603
0.4884227
0.4503306
0.4784159
0.4995594
0.5412802
0.4970277
0.4964947
0.4963583
0.5170339
0.5139102
0.5009287
0.4707761
0.5052906
0.4978799
0.5278531
0.5115835
0.5029224
0.5122160
0.5258204
0.4898964
0.4895251
0.5193477
0.4478044
0.5077562
0.4813338
0.5324727
0.5033265
0.4708633
0.5155982
0.4873427
0.5151004
0.5177449
0.5021255
0.5247935
0.5165513
0.5085630
0.5023045
0.4986009
0.4739164
0.5300603
0.4884227
0.4503306
0.4784159
0.4995594
0.5412802
0.4970277
0.4964947
0.4963583
0.5170339
0.5139102
0.5009287
0.4707761
0.5052906
0.4978799
0.5278531
0.5115835
0.5029224
0.5122160
0.5258204
0.4898964
0.4895251
0.5193477
0.4478044
0.5077562
0.4813338
0.5324727
0.5033265
0.4708633
0.5155982
0.4873427
0.5151004
0.5177449
0.5021255
0.5247935
0.5165513
0.5085630
0.5023045
0.4986009
0.4739164
0.5300603
0.4884227
0.4503306
0.4784159
0.4995594
0.5412802
0.4970277
0.4964947
0.4963583
0.5170339
0.5139102
0.5009287
0.4707761
0.5052906
0.4978799
0.5278531
0.5115835
0.5029224
0.5122160
0.5258204
0.4898964
0.4895251
0.5193477
0.4478044
0.5077562
0.4813338
0.5324727
0.5033265
0.4708633
0.5155982
0.4873427
0.5151004
0.5177449
0.5021255
0.5247935
0.5165513
0.5085630
0.5023045
0.4986009
0.4739164
0.5300603
0.4884227
0.4503306
0.4784159
0.4995594
0.5412802
0.4970277
0.4964947
0.4963583
0.5170339
0.5139102
0.5009287
0.4707761
0.5052906
0.4978799
0.5278531
0.5115835
0.5029224
0.5122160
0.5258204
0.4898964
0.4895251
0.5193477
0.4478044
0.5077562
0.4813338
0.5324727
0.5033265
0.4708633
0.5155982
0.4873427
0.5151004
0.5177449
0.5021255
0.5247935
0.5165513
0.5085630
0.5023045
0.4986009
0.4739164
0.5300603
0.4884227
0.4503306
0.4784159
0.4995594
0.5412802
0.4970277
0.4964947
0.4963583
0.5170339
0.5139102
0.5009287
0.4707761
0.5052906
0.4978799
0.5278531
0.5115835
0.5029224
0.5122160
0.5258204
0.4898964
0.4895251
0.5193477
0.4478044
0.5077562
0.4813338
0.5324727
0.5033265
0.4708633
0.5155982
0.4873427
0.5151004
0.5177449
0.5021255
0.5247935
0.5165513
0.5085630
0.5023045
0.4986009
0.4739164
0.5300603
0.4884227
0.4503306
0.4784159
0.4995594
0.5412802
0.4970277
0.4964947
0.4963583
0.5170339
0.5139102
0.5009287
0.4707761
0.5052906
0.4978799
0.5278531
0.5115835
0.5029224
0.5122160
0.5258204
0.4898964
0.4895251
0.5193477
0.4478044
0.5077562
0.4813338
0.5324727
0.5033265
0.4708633
0.5155982
0.4873427
0.5151004
0.5177449
0.5021255
0.5247935
0.5165513
0.5085630
0.5023045
0.4986009
0.4739164
0.5300603
0.4884227
0.4503306
0.4784159
0.4995594
0.5412802
0.4970277
0.4964947
0.4963583
0.5170339
0.5139102
0.5009287
0.4707761
0.5052906
0.4978799
0.5278531
0.5115835
0.5029224
0.5122160
0.5258204
0.4898964
0.4895251
0.5193477
0.4478044
0.5077562
0.4813338
0.5324727
0.5033265
0.4708633
0.5155982
0.4873427
0.5151004
0.5177449
0.5021255
0.5247935
0.5165513
0.5085630
0.5023045
0.4986009
0.4739164
0.5300603
0.4884227
0.4503306
0.4784159
0.4995594
0.5412802
0.4970277
0.4964947
0.4963583
0.5170339
0.5139102
0.5009287
0.4707761
0.5052906
0.4978799
0.5278531
0.5115835
0.5029224
0.5122160
0.5258204
0.4898964
0.4895251
0.5193477
0.4478044
0.5077562
0.4813338
0.5324727
0.5033265
0.4708633
0.5155982
0.4873427
0.5151004
0.5177449
0.5021255
0.5247935
0.5165513
0.5085630
0.5023045
0.4986009
0.4739164
0.5300603
0.4884227
0.4503306
0.4784159
0.4995594
0.5412802
0.4970277
0.4964947
0.4963583
0.5170339
0.5139102
0.5009287
0.4707761
0.5052906
0.4978799
0.5278531
0.5115835
0.5029224
0.5122160
0.5258204
0.4898964
0.4895251
0.5193477
0.4478044
0.5077562
0.4813338
0.5324727
0.5033265
0.4708633
0.5155982
0.4873427
0.5151004
0.5177449
0.5021255
0.5247935
0.5165513
0.5085630
0.5023045
0.4986009
0.4739164
0.5300603
0.4884227
0.4503306
0.4784159
0.4995594
0.5412802
0.4970277
0.4964947
0.4963583
0.5170339
0.5139102
0.5009287
0.4707761
0.5052906
0.4978799
0.5278531
0.5115835
0.5029224
0.5122160
0.5258204
0.4898964
0.4895251
0.5193477
0.4478044
0.5077562
0.4813338
0.5324727
0.5033265
0.4708633
0.5155982
0.4873427
0.5151004
0.5177449
0.5021255
0.5247935
0.5165513
0.5085630
0.5023045
0.4986009
0.4739164
0.5300603
0.4884227
0.4503306
0.4784159
0.4995594
0.5412802
0.4970277
0.4964947
0.4963583
0.5170339
0.5139102
0.5009287
0.4707761
0.5052906
0.4978799
0.5278531
0.5115835
0.5029224
0.5122160
0.5258204
0.4898964
0.4895251
0.5193477
0.4478044
0.5077562
0.4813338
0.5324727
0.5033265
0.4708633
0.5155982
0.4873427
0.5151004
0.5177449
0.5021255
0.5247935
0.5165513
0.5085630
0.5023045
0.4986009
0.4739164
0.5300603
0.4884227
0.4503306
0.4784159
0.4995594
0.5412802
0.4970277
0.4964947
0.4963583
0.5170339
0.5139102
0.5009287
0.4707761
0.5052906
0.4978799
0.5278531
0.5115835
0.5029224
0.5122160
0.5258204
0.4898964
0.4895251
0.5193477
0.4478044
0.5077562
0.4813338
0.5324727
0.5033265
0.4708633
0.5155982
0.4873427
0.5151004
0.5177449
0.5021255
0.5247935
0.5165513
0.5085630
0.5023045
0.4986009
0.4739164
0.5300603
0.4884227
0.4503306
0.4784159
0.4995594
0.5412802
0.4970277
0.4964947
0.4963583
0.5170339
0.5139102
0.5009287
0.4707761
0.5052906
0.4978799
0.5278531
0.5115835
0.5029224
0.5122160
0.5258204
0.4898964
0.4895251
0.5193477
0.4478044
0.5077562
0.4813338
0.5324727
0.5033265
0.4708633
0.5155982
0.4873427
0.5151004
0.5177449
0.5021255
0.5247935
0.5165513
0.5085630
0.5023045
0.4986009
0.4739164
0.5300603
0.4884227
0.4503306
0.4784159
0.4995594
0.5412802
0.4970277
0.4964947
0.4963583
0.5170339
0.5139102
0.5009287
0.4707761
0.5052906
0.4978799
0.5278531
0.5115835
0.5029224
0.5122160
0.5258204
0.4898964
0.4895251
0.5193477
0.4478044
0.5077562
0.4813338
0.5324727
0.5033265
0.4708633
0.5155982
0.4873427
0.5151004
0.5177449
0.5021255
0.5247935
0.5165513
0.5085630
0.5023045
0.4986009
0.4739164
0.5300603
0.4884227
0.4503306
0.4784159
0.4995594
0.5412802
0.4970277
0.4964947
0.4963583
0.5170339
0.5139102
0.5009287
0.4707761
0.5052906
0.4978799
0.5278531
0.5115835
0.5029224
0.5122160
0.5258204
0.4898964
0.4895251
0.5193477
0.4478044
0.5077562
0.4813338
0.5324727
0.5033265
0.4708633
0.5155982
0.4873427
0.5151004
0.5177449
0.5021255
0.5247935
0.5165513
0.5085630
0.5023045
0.4986009
0.4739164
0.5300603
0.4884227
0.4503306
0.4784159
0.4995594
0.5412802
0.4970277
0.4964947
0.4963583
0.5170339
0.5139102
0.5009287
0.4707761
0.5052906
0.4978799
0.5278531
0.5115835
0.5029224
0.5122160
0.5258204
0.4898964
0.4895251
0.5193477
0.4478044
0.5077562
0.4813338
0.5324727
0.5033265
0.4708633
0.5155982
0.4873427
0.5151004
0.5177449
0.5021255
0.5247935
0.5165513
0.5085630
0.5023045
0.4986009
0.4739164
0.5300603
0.4884227
0.4503306
0.4784159
0.4995594
0.5412802
0.4970277
0.4964947
0.4963583
0.5170339
0.5139102
0.5009287
0.4707761
0.5052906
0.4978799
0.5278531
0.5115835
0.5029224
0.5122160
0.5258204
0.4898964
0.4895251
0.5193477
0.4478044
0.5077562
0.4813338
0.5324727
0.5033265
0.4708633
0.5155982
0.4873427
0.5151004
0.5177449
0.5021255
0.5247935
0.5165513
0.5085630
0.5023045
0.4986009
0.4739164
0.5300603
0.4884227
0.4503306
0.4784159
0.4995594
0.5412802
0.4970277
0.4964947
0.4963583
0.5170339
0.5139102
0.5009287
0.4707761
0.5052906
0.4978799
0.5278531
0.5115835
0.5029224
0.5122160
0.5258204
0.4898964
0.4895251
0.5193477
0.4478044
0.5077562
0.4813338
0.5324727
0.5033265
0.4708633
0.5155982
0.4873427
0.5151004
0.5177449
0.5021255
0.5247935
0.5165513
0.5085630
0.5023045
0.4986009
0.4739164
0.5300603
0.4884227
0.4503306
0.4784159
0.4995594
0.5412802
0.4970277
0.4964947
0.4963583
0.5170339
0.5139102
0.5009287
0.4707761
0.5052906
0.4978799
0.5278531
0.5115835
0.5029224
0.5122160
0.5258204
0.4898964
0.4895251
0.5193477
0.4478044
0.5077562
0.4813338
0.5324727
0.5033265
0.4708633
0.5155982
0.4873427
0.5151004
0.5177449
0.5021255
0.5247935
0.5165513
0.5085630
0.5023045
0.4986009
0.4739164
0.5300603
0.4884227
0.4503306
0.4784159
0.4995594
0.5412802
0.4970277
0.4964947
0.4963583
0.5170339
0.5139102
0.5009287
0.4707761
0.5052906
0.4978799
0.5278531
0.5115835
0.5029224
0.5122160
0.5258204
0.4898964
0.4895251
0.5193477
0.4478044
0.5077562
0.4813338
0.5324727
0.5033265
0.4708633
0.5155982
0.4873427
0.5151004
0.5177449
0.5021255
0.5247935
0.5165513
0.5085630
0.5023045
0.4986009
0.4739164
0.5300603
0.4884227
0.4503306
0.4784159
0.4995594
0.5412802
0.4970277
0.4964947
0.4963583
0.5170339
0.5139102
0.5009287
0.4707761
0.5052906
