11.135500
10.788225
10.914259
10.681666
10.939179
10.720541
12.140167
12.241337
10.788287
11.283392
11.743489
11.507440
11.267071
11.341359
11.425978
11.861609
12.093162
12.004655
12.988061
11.681750
11.624390
11.089776
11.783211
11.060922
12.669775
10.216537
10.170287
 9.995713
10.460492
11.134330
11.290942
10.289791
10.037956
10.369637
10.086176
10.526383
 7.264379
 7.605220
 7.316155
 7.272657
 9.232149
 9.046424
 8.051099
 8.258023
 7.817056
 7.781978
 8.086641
 8.121811
 8.431380
 8.707390
 8.239470
 8.732588
 9.195801
 8.687987
 8.842164
 8.349327
 8.476129
 7.830592
 8.730939
13.219497
12.838619
12.419534
10.484524
10.455112
10.349804
 9.272233
11.623921
10.943951
11.656189
10.896369
11.526890
11.331996
10.988293
 9.851826
10.135680
 9.834684
 9.834734
10.035890
 9.935614
 9.377229
 9.558896
 9.465042
10.077276
 9.018932
10.748837
12.173995
 9.949975
 9.392566
 9.924122
 9.428486
12.054742
11.013558
 9.907264
 9.844312
 9.313275
10.371849
 9.872416
 8.904546
10.761838
10.492167
10.651910
11.008479
 9.732570
10.217139
 9.541972
 9.553344
10.007968
10.601295
10.816625
10.961199
10.930105
10.925327
11.441482
11.743528
10.570489
10.664721
10.283747
 9.054498
 8.763524
 9.149802
 8.796026
 8.317628
 9.301517
 7.048799
 6.904663
 6.979849
 7.098250
 7.593964
 6.698179
 6.828354
 6.882400
 6.908562
 6.648521
 8.393458
 8.014886
 7.899248
 8.353194
 8.405843
10.764380
10.632772
10.698675
10.996849
12.952322
13.215807
12.363235
13.029676
12.791627
11.968848
11.555691
11.327517
11.635415
11.903483
11.923882
10.846812
11.026237
11.322091
13.999017
13.399279
12.911969
 6.437297
 6.407781
 6.153030
 7.118633
 6.645194
 6.263656
 6.555414
 6.695566
 5.706205
 6.286460
 7.053380
 6.747597
 7.027693
 7.003044
 7.119197
 5.777581
 5.883745
 6.092316
 5.165073
 5.031243
 5.040854
 4.740637
 4.856283
 4.724693
 4.823076
 4.814040
 5.092153
 6.297719
 6.156684
 6.099455
 5.550320
 5.651164
 5.304414
 8.325230
 8.127332
 7.398000
 7.495256
 7.594686
 7.248347
 6.725647
 6.649083
 6.740116
 6.571837
 6.729184
 6.541662
 6.148672
 6.624169
 6.624864
 7.045284
 6.482477
 7.312442
 7.245194
 7.629733
 7.820376
 7.007858
 7.686387
 6.932109
 7.366166
 7.580360
 7.426517
 7.024407
 6.849134
 6.661123
 7.797740
 8.154928
 7.156082
 7.906459
 7.604551
 7.645139
 6.668539
 6.875545
 6.463907
 6.952444
 6.939510
 7.784525
 8.472199
 8.927088
 7.898098
 8.060870
 7.592486
 8.042126
 8.287296
 9.112649
 8.942975
 8.866477
 8.746223
 8.474499
 9.050373
 8.812826
 8.497551
 9.075980
 8.514624
 8.784556
 7.178574
 7.481118
 8.131912
 7.278115
 7.360518
 7.714418
 7.615556
 7.324183
 8.596663
 8.055795
 7.386135
 7.198030
 7.743626
 8.160486
 8.588003
 8.299307
 8.348371
11.756970
11.729115
10.584448
11.376547
10.800865
10.791102
12.153163
12.630447
11.650778
10.674752
12.415963
12.518041
11.439548
 9.626777
 9.919853
10.434839
10.201407
10.743148
10.210732
 8.718132
 8.599974
11.915716
10.983500
11.646232
11.615239
11.999587
11.355922
11.288152
11.175047
11.685284
11.804834
11.157019
11.666015
10.245679
11.532275
10.588129
11.522480
11.232600
10.444187
 9.907064
10.665425
10.007876
10.445739
10.053342
 9.610872
10.637739
10.711249
11.385852
12.415142
12.174562
13.446234
11.390992
13.714798
 8.061046
 7.958450
 8.480706
 8.350496
 8.407433
 8.978164
 8.573047
 8.693271
 8.755581
 8.148950
 8.846222
 9.385787
 8.744610
 9.040710
 9.066892
 8.497604
 9.019650
 9.120211
 9.648366
 9.639520
10.199977
 9.455393
 9.925622
 7.383909
 7.033818
 7.473817
 7.531522
 7.524992
 7.978495
 7.649580
 8.185993
 7.913769
 7.942442
 6.931432
 7.453099
 7.181991
 6.522298
 6.695517
 6.480460
 6.176598
 6.250284
 8.285534
 8.870002
 8.614495
 8.290622
 9.422901
 8.054093
 8.291301
 7.489915
 7.977146
 8.205305
 7.338908
 7.862866
 7.744187
 7.036451
 7.058982
 8.747021
 8.700449
 8.427586
 8.473297
 8.768441
 8.355158
 8.170472
 8.689805
 8.253789
 8.481130
 8.696976
 8.498168
 8.469697
 7.602612
 7.785492
 8.076759
 7.742021
 7.656069
 7.990274
 7.979090
 7.884542
 8.412640
 9.036387
 8.302851
 9.950517
 8.075563
 8.388160
 8.648069
 7.831337
 8.698631
 9.155659
 8.957518
 8.928876
 9.208953
 9.457725
 8.846641
 8.254892
 8.923563
11.582442
10.892571
11.961079
10.966731
11.251751
12.192237
11.795841
10.341290
10.563121
11.103660
10.358063
10.573761
10.200836
11.544815
10.396016
10.364544
10.418324
 7.478505
 9.428043
 9.158543
10.100095
 9.567746
10.136243
 9.634238
 9.995303
 9.313085
 8.886686
 8.898628
 8.486258
 8.411242
 8.668289
 8.858755
 8.050420
 8.815282
 8.788488
 7.111985
 7.095114
 6.219524
 7.069794
 6.990872
 7.209479
 7.583976
 6.205747
 6.418082
 6.471688
 6.240267
 6.617168
 6.323487
 8.411428
 8.217315
 7.994370
 8.016371
 7.592242
 8.281449
 8.879003
 8.930785
 8.910697
 9.292406
 9.322791
 8.509309
 8.671790
 9.572230
 9.355837
 9.845753
 9.836806
 9.791276
 8.745225
10.204967
 9.546775
 9.809714
 9.365646
 8.556519
 7.982165
 8.493622
 8.965254
 8.193839
 9.028211
 9.079746
 8.764944
 9.480563
10.301241
10.276343
10.014291
10.782045
10.689325
10.340399
10.688694
11.057058
10.437529
15.952412
16.157766
16.077607
15.967558
20.775526
19.668070
20.415942
19.859048
18.989905
19.175474
17.676019
18.151524
17.958891
18.695295
18.305130
16.917312
18.874979
16.989782
21.402289
20.423453
21.416157
20.375812
20.340369
21.414359
15.576715
17.744484
16.405729
16.275084
18.184865
18.762120
18.409088
17.295098
18.110773
17.138243
16.709219
16.672527
17.352392
17.467250
16.907545
17.922155
17.456664
17.228326
16.855998
18.913753
16.706092
16.647533
16.720389
16.462048
17.638859
17.808944
17.445110
19.287851
20.341084
18.776086
17.809699
18.155973
15.044690
13.642757
13.895195
15.459396
16.305920
15.749404
16.826219
17.154860
18.067190
14.115779
12.949342
14.322371
13.621317
12.595086
12.608489
11.807249
11.364703
12.788279
11.657995
11.558257
11.599644
11.462937
11.701029
13.752692
13.552748
13.221920
13.285564
14.420634
12.721460
13.330561
13.145523
12.605699
13.802044
13.013898
12.972469
13.600941
12.854773
12.382395
12.773975
12.531291
11.891544
12.140112
12.856981
13.133117
10.106044
10.712405
10.797834
10.522607
 9.897232
10.253490
11.213905
11.270813
11.038476
18.002945
18.743480
17.523165
17.531847
14.372514
15.781022
16.875563
15.368698
13.617852
13.722944
13.122780
13.922180
13.686808
13.648513
14.294786
14.521036
15.186296
15.416393
14.060962
14.815715
14.824167
14.817868
14.427163
14.793720
15.467919
15.365709
14.375865
13.984152
14.695691
14.388778
13.790675
14.529738
15.100140
14.395249
11.677308
11.182179
10.763322
11.552141
10.836724
11.305652
10.104513
10.365315
 8.730788
 9.546522
 9.377768
 9.373984
 9.266436
10.171891
 9.486307
12.747725
12.734563
11.791602
11.533155
10.426729
 9.604546
 9.938132
 9.832775
10.139517
10.583091
10.160119
10.388900
10.743028
 8.858591
 8.990609
 9.371352
 8.519381
 8.950491
 9.164256
 9.238722
13.323025
15.029112
14.599072
14.350523
13.807830
13.705349
15.392396
13.121681
12.186370
13.202407
14.051070
13.722475
14.446507
13.188987
14.562132
15.069925
13.475437
14.488216
13.555738
13.746392
13.789379
12.676513
13.040425
13.549490
13.474389
12.746975
13.498678
12.755166
12.213682
12.703867
13.015319
13.779293
12.717924
12.882239
12.264645
11.727414
11.349727
11.645450
12.091026
 9.973161
 9.495844
10.137392
10.014944
10.835649
10.459936
18.577361
17.835703
19.262028
19.718890
18.381130
18.822609
20.276589
19.882919
20.400805
18.882159
21.057685
20.232823
19.050600
20.502257
19.772882
20.708310
19.705531
19.878172
19.593904
15.430927
16.118167
16.039922
15.190131
16.293810
15.121630
16.447649
16.253428
16.696417
16.983157
15.287414
15.550019
17.122934
17.700334
16.430835
16.524155
16.024182
16.826496
14.308161
14.247591
14.692339
14.767321
14.379915
12.910028
12.769079
12.665987
12.822442
14.082526
13.275825
12.794140
14.127696
14.198712
14.444407
14.309026
13.532727
13.294427
13.309807
15.223229
14.028016
14.889298
14.694963
11.970517
12.646342
12.230533
12.652628
12.894324
12.770024
11.851107
12.439030
14.432641
14.782294
14.915210
14.422249
15.099192
14.994464
17.233477
18.944533
19.066641
19.304387
18.834011
19.967010
20.314947
19.070961
21.059150
20.076213
20.282278
15.231546
15.819810
15.947665
12.683373
12.935650
12.122496
11.898325
11.634869
13.628760
14.152936
13.605050
14.367127
13.755167
13.896751
13.625809
13.549017
14.769338
14.184930
14.430606
15.235356
13.561774
13.858504
13.251392
13.678665
12.971966
13.093675
14.340746
14.084035
13.857734
14.244102
14.283255
13.682583
15.284657
13.816876
13.482545
15.935850
14.676967
16.157785
14.953692
14.474995
11.033005
11.799401
12.090389
12.743521
17.860982
16.600282
16.551454
16.286496
12.419722
12.097693
12.584798
12.476138
12.765289
11.565068
12.972922
12.847979
13.309325
13.011120
12.120533
12.630828
15.594817
15.493056
16.881588
15.480435
14.863907
15.147544
19.986109
21.252520
 8.336930
 8.062012
 8.096305
 7.991523
 7.692246
 8.501766
 8.836284
 8.482448
 8.809306
 8.861893
 9.369911
 9.043046
 9.457343
 9.606182
 7.918404
 7.983955
 8.077123
 8.103829
 8.729971
 8.408533
 8.037377
 7.713926
 7.958528
 7.890734
 9.729899
 9.514476
 9.466600
 9.135787
 9.694133
 9.684626
10.044976
 9.670009
 8.689651
 8.105916
 8.997312
 8.655543
 8.976538
 8.097740
 8.203813
 8.641777
 9.106338
 7.878886
 7.406839
 8.400746
 7.807024
 7.834855
 9.009890
 7.898486
 9.484022
 9.799415
 9.011545
 9.257923
10.738705
10.504830
 8.725230
 7.666601
 8.085759
 8.138955
 8.277169
10.166007
 9.919682
 9.931315
 9.104460
10.396606
10.265294
 9.712181
10.465825
 9.485943
 9.509762
 9.033622
 8.260830
 8.736810
 8.212049
 8.090807
 8.194785
 8.459037
 9.036458
 8.469870
 8.513604
 9.462840
 8.857628
 9.009410
 8.995948
 8.634981
 8.779093
 8.534682
 8.926652
 9.173179
 8.435417
 8.776313
 8.233596
10.412821
 9.269185
 9.160917
10.043332
 9.494255
10.463453
 9.562608
 9.829380
 9.913194
 9.671124
10.519448
10.737283
 9.553277
10.071746
 9.431096
 9.707788
 9.840440
 8.926047
 9.519232
 9.007779
 8.647608
 9.418960
 9.432550
 9.691160
 9.861846
11.227783
10.946713
10.780315
10.176228
11.283677
10.315260
10.779130
 9.053381
 9.500060
 9.217115
 8.919544
 9.056013
 8.527184
 9.396151
 9.095725
 9.433539
 9.400242
 9.293625
 9.158905
 9.264521
 9.653644
 9.488607
 7.981527
 9.624593
 8.943865
 9.262920
 8.171663
 8.630183
 8.801941
 8.383436
 8.880567
 8.447421
 7.748158
 9.326194
 8.593457
 8.485489
 8.833675
 8.591097
 9.183193
 8.860258
 8.778809
 8.910228
 8.455202
 9.641393
10.530421
 9.725968
 8.515981
 9.277112
 9.024401
 9.722855
10.750199
10.980060
 9.755036
15.970804
16.575416
17.675870
19.545371
18.471942
10.909267
11.477423
11.816565
11.776403
11.453609
11.796695
11.806812
12.260109
12.044952
11.761457
12.036050
12.756002
13.114100
12.802561
13.425141
12.622856
13.561437
12.747187
14.230627
13.271670
12.791799
12.948236
11.056518
11.911127
12.737225
12.637706
13.123905
12.462680
12.513551
12.620525
13.096749
11.745710
11.591250
11.378899
13.401150
12.510907
12.132329
13.152923
11.997964
13.029856
12.766776
12.080216
12.807413
11.243158
12.225535
11.165723
11.293261
14.092244
13.034780
13.371787
14.005147
14.204847
12.962660
13.996282
13.156005
12.811085
12.950538
13.029715
12.287733
13.631932
12.877824
12.994931
14.140086
13.527393
12.841007
13.426570
13.770524
14.343525
14.296044
13.832677
15.194143
13.929684
14.934305
15.170564
12.075240
12.183626
12.551679
12.113443
12.405740
10.811136
10.719296
10.852401
11.438942
10.880590
10.709209
11.152512
11.002971
10.747229
12.519507
11.945097
11.535128
11.917983
10.030400
11.305989
11.448508
11.582051
12.130779
10.643545
11.355975
11.015668
11.191560
12.176899
11.539032
11.581750
11.953107
10.693755
10.724559
11.748239
10.417407
10.401467
10.861641
10.878519
 7.308293
 7.773350
12.221668
12.754162
11.438573
11.397939
12.107413
11.756412
11.893365
11.407352
10.904311
11.682324
13.635925
12.958082
13.142285
13.271596
13.555356
11.680221
13.558215
12.891352
13.358820
14.313875
14.177621
14.067847
11.884178
11.519916
 8.967377
 8.346902
 8.609008
 8.411341
 8.198009
 8.423691
 8.349477
11.781895
13.621274
12.116641
12.983930
11.811943
12.219978
11.854329
12.556715
12.042494
12.766528
11.787591
12.883553
 8.969849
 8.688326
 8.789933
 8.859682
 9.067944
 9.502220
 9.555429
 9.918658
 9.163522
 7.548653
 7.367042
 7.585397
 8.271170
 8.673098
 8.250627
 8.156656
 8.090355
 8.215233
 8.015025
 8.050874
 8.631581
 7.604815
 8.239813
 8.256673
 7.971524
 8.557587
 8.035435
 8.549775
 9.052802
 8.347406
 8.300679
10.346797
10.649442
10.631036
10.069904
10.450519
11.016862
 9.619614
 9.092824
 8.542489
 8.214875
 7.850210
 8.152393
 8.260234
 9.293226
 9.410004
 9.043356
 8.812658
 9.072000
 9.107522
 7.570442
 7.772929
 8.951749
 8.650544
 9.893995
 9.282979
13.861410
12.554696
12.812033
14.765821
15.099749
13.238206
16.541322
16.214384
18.677308
17.080767
17.192415
18.762598
18.249357
17.329275
17.477244
17.848147
17.316170
17.565285
17.655746
17.212388
17.373702
17.287260
17.227733
18.457264
15.277036
15.921874
15.911935
15.119246
12.671598
13.403673
13.481557
13.257600
13.307267
12.159111
13.220959
12.853960
12.573693
13.700676
13.942275
10.454224
10.693263
 9.912548
10.828382
10.794986
11.213902
10.888600
11.754373
12.458941
12.227667
12.786926
11.791750
12.136094
11.617832
12.460432
12.933913
13.679248
11.366595
10.750682
11.892889
10.932376
11.333724
10.867336
11.749586
 9.427634
 9.376238
 8.922860
 9.458902
 8.597157
10.016926
10.081897
 7.501011
 7.771936
 7.318037
 7.778207
 7.524357
10.675238
11.305422
11.802129
 9.002688
 9.833455
 9.315449
 9.689968
10.280539
 9.856563
10.281677
10.561362
10.706942
10.264792
11.396604
10.530649
10.510045
11.287324
10.065305
10.355359
10.535819
 9.926593
20.485129
18.548967
19.462165
20.582728
18.601390
19.267487
19.611653
18.286784
19.085743
20.103975
19.018883
20.867317
21.151292
19.958861
15.341372
14.023299
15.505941
15.103921
15.332743
15.803622
15.112174
15.660070
14.975147
14.546932
17.901995
18.216531
17.340627
17.758458
18.692063
17.043650
15.414545
15.470339
16.722248
15.495388
16.815996
16.225240
16.848020
16.483926
18.038448
19.150301
17.534415
19.312809
18.921006
18.271760
15.941020
17.832082
18.335011
17.390398
17.358677
17.586689
17.546852
18.566473
18.507090
16.577696
16.301365
16.571396
15.354887
18.043728
15.862776
14.955460
15.941980
15.874266
15.191644
14.476879
15.146318
16.193595
15.969223
15.735947
16.198457
15.879640
15.641750
15.335433
15.652133
13.346809
12.356348
13.527506
13.258419
14.115110
15.054846
17.187630
15.638794
16.263370
15.102247
14.469874
15.292180
14.773192
14.652115
15.602930
15.599152
14.739669
14.268131
14.483421
14.030692
14.700368
13.427409
15.177845
16.208586
17.370113
17.151322
15.586806
15.590256
14.104755
12.956801
13.915937
11.826474
11.619693
11.348566
12.030160
11.957503
14.341783
14.232708
16.373990
14.881541
15.946051
15.198438
16.463630
16.209188
17.248781
15.253195
15.425430
17.030258
16.544534
17.404588
15.372513
15.725738
15.527914
19.818945
18.715951
19.250234
18.338833
19.473567
18.529307
18.306110
13.855605
14.858608
14.376120
14.614559
15.059148
14.726855
16.899459
15.108980
16.482577
17.042295
15.044652
15.410686
13.932147
16.554469
15.320341
14.410345
13.993344
13.571290
13.116921
16.786027
17.115043
16.218280
16.927192
14.329483
15.240674
14.096461
13.563015
12.883662
14.811537
13.956745
14.581351
15.084113
14.491730
12.857274
13.644551
13.930402
13.005585
10.424326
10.325044
11.375096
 9.857228
11.076682
10.656594
10.137996
10.969524
10.134225
10.452707
11.551031
10.566382
10.900246
11.150644
10.968516
10.542650
11.506180
12.930418
12.707922
12.375454
12.435627
13.089654
12.127420
 9.796039
10.091064
10.323828
10.530527
 9.961236
 9.711733
 9.639057
11.066304
11.341953
10.306122
10.456382
10.844970
10.984038
12.669654
12.456741
13.209465
11.661128
12.086709
12.515951
12.630174
11.595504
12.086507
13.530877
13.119271
13.259919
13.094540
11.601085
12.457874
11.738493
12.172961
11.976866
11.924540
12.917527
12.296251
13.861137
12.708985
13.096110
15.658135
15.552728
12.269926
10.718499
11.697838
10.350712
11.352787
11.517287
10.943702
11.124913
11.179536
11.520237
12.102519
11.120833
10.841577
11.818479
11.609294
14.138964
13.860071
12.939986
12.958235
13.986637
13.813842
13.847043
13.071749
13.867570
13.418918
14.766313
13.367980
13.467683
14.243605
12.348436
12.193775
12.197523
13.628620
11.721916
12.037540
11.452953
11.846124
11.533069
11.993800
11.363648
12.040563
15.561918
16.214979
15.950401
16.010527
15.759485
15.285118
16.176278
16.335090
15.121593
16.778577
16.287706
16.635949
15.005207
15.604191
15.360056
16.038065
15.174416
14.838491
15.147097
15.809898
15.476383
15.984218
14.574377
15.616232
14.997999
14.673771
15.730862
15.925258
15.679955
15.324323
16.242829
16.015841
15.679109
15.460668
15.873910
15.451701
16.223705
13.858136
17.491389
19.146337
17.098880
16.054805
17.162126
14.621937
13.361785
14.655493
14.653164
14.504670
14.895324
16.524143
15.539262
15.889880
16.729993
16.927546
15.596553
15.868820
15.812581
14.766336
14.686768
14.983029
14.908011
13.386588
14.388173
15.366153
13.632779
16.868977
16.912272
17.160526
17.162948
15.151358
15.510195
16.708044
17.192737
19.866671
20.896121
16.672401
17.154883
17.842179
17.979954
18.285224
18.394647
17.824049
17.201728
16.686599
16.827260
16.531302
16.352380
15.345642
19.424363
18.878706
19.708652
19.228548
 8.716615
 7.874115
 8.868246
 9.210241
 9.410083
 8.895598
 9.843895
 9.291535
 8.763577
 9.725797
 8.950564
 8.764315
 9.568984
 8.577432
 9.589227
 9.369034
 9.396646
 9.361926
 9.340585
10.136125
10.037160
10.030680
10.399781
 9.433610
10.447894
10.543583
10.344388
10.264167
11.311101
11.452184
10.885739
11.553934
11.022119
12.282033
10.739666
11.544934
11.098049
10.695947
11.419111
11.473225
10.057609
10.349658
11.123826
 9.037868
 9.364346
 9.561117
 9.766958
 9.982382
 9.576716
 9.633761
 9.433491
10.195078
10.115736
12.046163
10.423765
11.824746
12.190992
10.912863
10.577078
11.158689
11.572277
10.518173
10.419383
 9.849122
10.697866
10.582054
11.007426
10.844046
11.218353
10.759971
10.849374
10.265517
10.464451
10.066449
10.641313
10.704693
10.867252
 9.688571
 9.318886
10.034956
 9.876498
 9.833915
 9.091974
 9.934121
10.403466
10.520846
 9.676545
10.306525
12.496354
10.244026
10.688627
11.207056
10.219489
10.301593
10.973658
 8.929056
 8.012188
 8.779989
 8.209729
 8.890222
 8.912103
 9.659260
 9.929879
 9.579484
10.271976
10.588389
10.400949
11.288658
11.363959
 4.881762
 5.346424
 5.368077
 5.534559
 5.344704
 5.578386
 5.252683
 5.290957
 4.833376
 5.210275
 5.581935
 5.074536
 4.671743
 5.386837
 4.887130
 5.097115
 5.188330
 6.382279
 8.982231
 9.256399
 9.505255
 8.564129
 8.612693
 9.614581
 9.844943
 9.730997
 8.652248
 9.578978
 9.488713
 9.559820
 9.458860
 7.217972
 9.303722
 9.462068
 9.344396
 9.291260
10.307590
 9.093216
10.251582
11.392375
10.445925
10.375939
10.641904
10.088513
10.386679
11.054108
11.314336
 8.590836
 8.261987
23.877753
22.854422
21.768028
21.442116
22.294888
22.627518
21.670018
21.821626
21.821953
22.328641
22.615497
22.949338
22.805671
24.597564
21.873328
23.116519
18.233725
20.268684
18.324231
18.061299
17.255991
16.496715
17.631967
17.192375
16.447204
16.556216
16.919947
17.445867
17.529100
17.184984
16.008938
12.138904
12.522040
13.311396
15.610488
17.608925
17.866911
18.356760
17.837735
16.597541
17.516691
17.003651
17.029036
17.500364
17.008428
18.812701
18.216115
14.144413
15.821486
15.696218
15.131043
15.686904
14.940336
13.900551
14.122405
14.370375
14.082765
14.450953
14.204261
14.120124
16.179023
17.419059
15.226519
15.533234
16.433258
15.671507
16.194528
16.817919
20.505058
20.248184
14.415712
14.690670
15.409748
15.558067
17.025436
15.744331
14.621403
15.189253
13.382755
13.436033
12.779734
12.492865
14.296004
14.184928
12.781255
12.880544
11.724484
12.105657
11.635017
11.662059
12.053640
11.550568
14.310279
13.563024
13.615303
15.096484
14.050230
13.201940
13.098031
12.503585
12.060608
11.944329
12.538822
10.995773
12.066269
14.415499
14.236541
13.604680
14.313153
13.379313
13.849729
15.455717
14.928891
15.393375
15.213533
13.153249
14.933667
15.295480
14.485306
16.096345
15.370137
15.604743
13.084842
13.107017
13.479474
12.840552
13.769167
13.352817
 9.629741
10.033837
10.425626
 8.944570
10.265777
10.117385
13.212135
12.479212
13.011642
12.340283
12.152204
 8.622557
 8.950275
 8.566528
 8.498852
 9.143151
 8.198308
 7.941549
 8.188395
 8.274800
 8.447464
 8.140773
12.587195
12.358097
13.389551
14.142563
13.773181
14.947386
12.924046
12.833734
13.262911
14.567297
11.878202
10.499128
 9.331304
 8.814806
11.115120
11.703721
 9.918284
 9.779642
10.441618
 9.454493
 9.309213
 8.746433
 9.736553
 9.563635
 9.632603
10.401186
 9.546772
 8.226939
 8.506580
 8.006953
 9.011213
10.446243
 9.395355
 9.527659
 9.202707
10.348230
 9.574037
 9.441943
 9.350567
10.417011
 9.867382
 9.567976
 9.704929
 9.771980
 9.082228
 9.010216
 8.939700
 9.357199
 9.911512
 9.968022
10.636661
 9.790491
 9.470356
10.177525
10.679643
10.050626
11.116463
10.737689
10.920889
10.882517
10.361018
10.853049
10.232772
10.690780
10.812908
11.294455
11.162417
11.429540
12.276028
10.945200
 9.905028
11.523876
10.778862
10.266673
10.427201
10.393468
 9.877710
10.724419
10.122182
10.005736
10.064637
10.511131
13.922426
14.408135
15.445734
15.020251
16.954285
17.529185
16.690869
17.621236
15.608603
16.184329
 8.851950
 9.412088
 9.799972
 9.503887
 8.837709
 9.521862
 9.342061
 8.634158
 9.220412
 8.811019
 8.924204
17.868315
17.600683
18.329357
17.607552
18.219872
18.619625
17.228191
18.095778
17.443652
16.894164
17.683874
17.700274
18.011623
17.030249
16.833754
17.939192
17.009569
17.529039
17.168191
17.194959
17.757099
18.528890
18.034765
19.306887
18.563456
18.682570
18.857536
17.659274
17.916741
20.082995
19.379643
19.432260
19.736178
21.208385
20.498664
20.376929
15.363339
15.089886
15.968566
16.487643
16.066361
16.789714
17.577514
16.622887
17.589198
17.296960
17.639913
16.674002
16.731930
17.519294
16.686163
17.462173
18.321340
18.055188
18.143725
15.479622
16.120864
15.964159
15.814956
14.793599
13.255084
14.191458
15.456911
13.897493
14.461659
15.778615
16.248752
15.396693
16.992721
15.829439
16.836013
15.319173
15.991797
16.904888
17.137957
15.707147
16.748269
11.638992
11.376646
11.780937
11.223178
11.381776
11.266883
11.822361
11.105276
10.714104
11.905481
12.077607
13.170769
12.316883
12.237714
11.377055
11.485364
11.639201
11.504671
11.067499
11.625188
11.039971
11.807042
13.314124
12.962743
12.564587
12.071034
12.847194
11.999887
11.737676
11.181520
12.453647
11.381902
14.977823
13.716095
14.216847
14.702639
16.122735
15.696335
14.428346
14.783792
14.365921
15.029014
15.596857
13.499984
13.156775
14.882948
14.073720
15.143095
14.776634
15.689569
16.020687
17.047397
16.356607
14.491024
14.210339
14.225456
14.952969
13.801773
13.412328
14.092108
13.860201
15.644510
16.758871
15.611814
16.017719
19.793817
18.664102
19.076140
18.463813
20.135230
21.891540
18.672516
19.518376
21.628170
21.227196
16.374086
16.867722
16.375841
16.465333
13.254488
13.301473
14.530721
13.757212
14.481971
17.056510
18.660112
18.429955
16.408657
18.022614
16.138064
20.511127
18.114628
19.965125
19.371089
20.328995
20.309094
18.245375
19.680525
20.181214
13.373771
12.794227
13.165412
14.004174
13.156775
12.503887
13.764988
13.104422
14.980067
14.055489
15.165917
14.217074
15.031060
15.920297
13.551132
13.139093
10.447963
10.082137
10.387762
 9.818876
 9.962786
 8.622713
 9.734888
 9.108402
 9.912361
 9.861736
 9.839822
 9.849134
10.029771
10.293232
 9.502469
10.050015
 9.911372
 9.592963
 9.726715
 9.517237
 9.146927
 9.917798
 9.144809
 9.546462
10.145938
 9.530336
 9.880418
10.086529
 9.584355
 8.981615
 8.518296
10.011244
10.634296
10.748232
 9.882077
10.005888
10.155392
10.300080
10.845892
10.647501
 7.581267
 7.908738
 7.933178
 8.388553
 8.881221
 8.338602
 8.851489
 9.197559
 9.058492
 8.389281
 8.452800
 8.713501
 8.554933
 8.328586
 7.927362
 7.676671
 8.681236
 8.035731
 8.926125
 8.768966
 8.821184
 8.349629
 9.794495
 9.490724
 8.192899
 7.664684
 8.064965
 7.744968
 7.866549
 7.760412
 6.652362
 7.067378
 6.826761
 7.444555
10.526869
10.419169
 9.648015
 8.977985
 9.137719
 8.327899
 8.876385
 9.455663
 9.108317
 8.819223
 9.531950
 9.279485
 9.117716
 9.314974
 9.173791
 9.132208
 9.291444
11.598616
11.755406
11.434624
11.761966
11.370917
10.961302
12.105903
11.377333
11.464354
10.753050
10.727709
11.508746
11.846495
12.128213
11.409488
10.978815
11.784487
16.445776
15.860595
15.948116
16.203451
16.192890
17.307168
16.847261
16.742241
16.635197
17.108619
16.383558
17.135077
15.315701
18.653347
18.063128
16.237054
13.264765
14.402660
20.082403
19.129354
18.626458
20.749443
19.889560
20.232676
20.832099
19.331729
20.006037
13.581946
14.757049
14.083550
14.385096
14.400243
14.352965
15.957213
15.132522
16.513207
17.738390
15.641287
14.675405
15.428684
14.447183
16.263507
15.852925
16.138174
16.323391
16.619188
13.525956
13.796147
13.203628
13.349433
14.478400
14.170110
19.697114
21.391476
19.269917
20.081318
20.049875
17.041300
17.585788
16.516467
17.730126
17.297929
17.955555
19.883454
18.493362
19.318072
19.351554
18.606075
20.023283
18.644190
18.283531
18.882632
18.428142
19.044621
20.078530
18.365882
20.482201
20.871400
20.510022
14.548308
15.812972
15.790859
15.920226
13.705430
14.190081
14.017060
13.165619
14.080331
14.087769
13.452902
14.146510
14.174286
14.256362
14.256830
14.605836
14.300890
14.322863
13.559322
13.289925
13.663131
13.564039
13.987253
18.904627
19.380341
20.450381
17.654096
19.453181
20.472356
18.063771
20.086100
19.738578
20.734311
19.632254
22.371247
18.000992
19.009909
19.878273
17.590512
14.797320
14.417259
14.539871
15.567858
15.268306
14.654774
15.316239
14.828828
15.472262
14.552337
15.908255
14.230516
14.586952
15.598624
13.960700
15.726509
16.063649
15.519384
15.281112
16.042430
14.406239
15.979656
16.043693
15.598319
16.602180
16.612343
17.852024
17.297323
15.636333
15.782593
16.054546
15.012384
16.021653
15.991662
14.316523
 7.757833
 7.464015
 7.849367
 7.307192
 7.481979
 7.621320
 7.853979
 7.526434
 6.488157
 6.002229
 6.421586
 6.255964
 6.973718
 9.249366
 9.826752
10.064656
 9.068067
 9.178153
 8.972380
10.120113
10.125674
 9.340368
10.530306
12.032265
12.437939
12.280636
12.025712
12.589691
12.271794
23.433761
22.396409
21.013219
17.648806
18.133426
17.530736
19.037142
19.112264
19.536153
19.206800
19.838645
19.530347
18.696276
17.099058
18.407045
17.019068
17.727611
16.339362
17.162538
17.295825
17.282789
16.116595
19.426677
20.559990
19.113930
19.254558
18.485308
18.630000
20.643414
19.924522
20.566305
20.147229
20.275422
19.765329
19.766566
21.055993
21.140223
20.170207
19.404575
18.202272
20.043841
19.826226
21.138509
14.487935
14.455395
14.779448
15.585648
15.427247
15.420125
15.350635
15.043214
16.169621
15.213340
15.288302
15.971868
16.082134
15.770850
16.057368
15.966472
15.423144
15.052427
16.373405
14.257005
14.468642
15.823970
14.957501
16.011253
15.398216
17.462048
16.802513
16.296588
17.247506
17.303623
17.742168
17.030731
17.105578
18.126988
15.691052
17.898488
16.261446
18.101905
17.270078
18.768416
17.788344
21.010368
19.064419
20.540641
22.379475
19.398650
19.028275
20.548752
20.031915
12.777507
13.708609
13.794746
13.131853
12.901853
14.104215
12.788441
13.220842
13.418112
13.841934
12.106594
12.973926
11.574287
12.834654
13.527135
13.348534
12.668159
13.278620
13.058138
13.831043
13.342298
14.661634
14.425550
12.899400
13.293028
11.556217
12.889541
13.152296
14.826421
13.453474
15.068862
14.639944
15.273154
14.386975
12.909726
13.527339
12.882131
12.729929
12.334923
10.360847
10.294627
10.601167
13.143838
12.231409
11.799191
12.735556
11.915429
11.521996
11.699835
11.934318
11.577405
10.859269
11.045566
11.299623
11.594224
11.421153
11.204646
11.566575
11.310620
10.658976
13.053579
13.088219
12.349210
 9.991152
10.696484
10.414246
10.398141
10.599813
10.780615
10.504101
10.484712
10.631555
10.640691
10.843509
10.898862
10.390734
10.708147
10.419531
10.324201
11.117933
11.311435
10.813871
10.225166
11.976717
10.706011
11.474939
 6.485033
 6.790985
 6.881480
 7.227140
 6.853078
 7.061817
 7.268451
 6.721824
 7.092610
 8.330373
 9.124749
 8.054980
 7.102216
 7.431536
 7.033067
 7.970221
 8.120887
 8.067623
 8.796396
10.741442
10.166546
 8.999852
10.041928
 9.454732
 9.645600
10.339110
10.348779
10.383979
10.498325
11.485027
11.557746
11.174648
10.852867
11.704720
11.323614
11.157611
10.502482
10.832689
11.025651
10.384585
10.486814
10.041547
10.671357
10.784492
10.391151
10.336156
10.379804
10.194689
11.202086
10.431251
10.987336
11.393975
10.362070
11.428251
10.790562
10.969963
11.383244
11.246243
15.219155
16.372388
15.009995
11.453164
13.247462
13.360356
17.429628
17.644741
17.566348
18.499837
18.722136
18.451958
18.075181
18.220035
19.700446
18.495726
19.914370
18.673213
17.400321
18.367911
 8.580460
 9.731708
 8.997514
 8.946041
 9.524482
 9.670514
 8.630609
 8.788924
 7.964547
 8.245301
 8.537650
 8.601124
 8.999215
 8.903159
 9.129688
 9.596276
10.286451
10.470357
 9.720687
 8.844204
 9.243913
 9.733821
10.098924
10.234672
 9.996579
 9.392732
 9.004071
11.549746
10.663854
10.507076
10.167743
10.173785
 9.658537
10.059633
10.440500
10.178410
10.369487
10.255395
 8.633811
10.095424
 9.584871
11.630652
11.573683
11.724363
12.659541
11.116992
11.771657
11.854909
11.840739
12.094450
11.382609
11.410777
10.534462
11.513344
11.360617
11.184468
11.077008
10.792115
10.873717
12.181436
12.563939
12.504607
10.724459
10.644699
10.293896
11.063317
10.662878
10.697380
11.314601
10.296419
10.824390
11.489447
10.132364
10.939023
11.302539
10.429169
11.303539
10.223038
10.849869
10.517261
11.647196
10.911425
11.108925
 8.278700
 8.035902
 8.631258
 7.376984
 8.169168
 8.160586
 8.326337
 8.626415
 8.349915
 8.201152
11.272958
12.341421
11.899833
12.650170
 9.957279
11.272106
11.182606
10.964519
11.778731
10.765372
10.638272
10.805045
11.629251
10.949894
10.373157
 9.383447
10.143267
10.102793
 9.956414
 9.964211
10.366363
 9.800570
 9.830079
10.055798
10.079908
 9.853190
10.487427
10.244037
10.806979
10.470778
11.269803
11.123841
11.055829
10.264782
10.310999
10.234845
 9.285119
 9.487014
10.734260
10.325480
10.609841
 9.491085
10.012498
 7.350545
 7.447939
 7.172074
 7.826471
 7.892432
 7.485648
 7.273312
 7.251724
 7.578183
 7.213673
 7.808199
 8.549289
 8.448051
 8.519972
 8.908371
 8.677017
 8.735853
 8.255777
 8.449571
 9.094247
 8.947368
 8.632182
 8.797308
 9.988983
 9.189202
 8.639306
 7.688381
 7.566716
 7.381272
 7.532295
12.771312
12.652522
13.318890
12.672515
12.897261
13.166637
12.345185
12.350811
12.486335
11.930822
12.411408
12.420907
11.755741
11.768621
12.489074
10.601249
 9.880980
10.103642
 9.793867
10.409323
10.211777
10.723531
10.301265
 9.775684
12.734953
12.891287
12.689472
12.117283
12.523104
14.199029
13.657022
14.424771
14.190582
10.648828
10.887373
10.851887
11.760189
11.437780
11.302641
10.540636
11.485001
10.978125
12.450513
11.996632
10.832640
10.603906
 9.717939
 9.423592
 9.661651
 9.589904
 9.238089
 9.414707
10.887421
10.902349
 9.867079
10.883325
10.361125
10.843851
11.154956
10.827458
11.397217
11.189762
11.166977
14.991270
14.805197
14.310509
15.919915
14.792201
15.295008
13.015733
13.259676
12.932795
13.255168
13.250713
13.358463
11.288962
11.291114
10.724707
10.403198
11.400338
10.855740
11.740436
11.621472
11.491839
11.935941
11.435206
11.199490
11.394622
14.528941
14.856594
 8.750761
 8.413254
 8.700574
 9.109974
 9.715625
 9.197828
 8.701311
 8.648209
 8.080490
 8.640984
 8.029895
 8.117428
 8.516558
15.077356
15.690669
15.137432
15.278521
13.766092
13.695549
14.266300
13.851336
14.482308
13.150824
13.018821
13.818995
13.014685
13.265487
12.529254
13.817558
13.858373
12.732698
12.678922
14.469127
14.311474
13.542607
13.438303
12.476385
13.776219
14.621371
14.617657
13.900119
14.275984
12.700945
13.487062
13.895609
13.506935
12.974877
13.652736
13.198121
14.199738
13.563365
14.212333
15.105137
13.939817
13.710542
14.478707
13.993922
14.582024
13.471803
14.331172
13.649305
13.977637
14.277765
13.263942
12.855710
13.765603
12.556667
12.899937
12.524332
13.450358
11.907807
12.005588
12.733317
12.013314
12.583400
13.502346
12.941057
12.586736
11.917577
11.520441
11.829455
12.791386
12.361452
11.454943
12.058639
11.175591
11.393130
11.572574
11.645119
11.749500
11.011749
11.761414
12.047794
11.960905
11.661931
14.167484
13.160626
12.919834
13.067522
12.557476
13.718324
13.958101
13.274117
12.761748
13.696454
12.790092
13.535470
13.689148
13.379261
11.742549
13.167400
11.721048
11.831661
11.686766
12.502192
12.509581
11.607788
12.026234
11.943537
11.847589
12.605005
11.728382
11.113700
12.807260
13.455488
14.389377
12.192751
13.024683
13.241595
12.956335
14.010946
14.130422
14.020722
13.924199
 8.768851
 9.181037
 8.846941
 8.359456
 9.163431
 8.436761
 9.247063
 9.478122
 8.761062
 9.302958
 9.142935
 8.964319
 9.216883
 9.465620
 8.014053
 8.540721
 8.094921
 8.066258
 8.995966
 9.756030
 9.708417
 9.125254
 8.988710
 8.878139
 9.305326
 8.914473
 8.747123
 7.863348
 8.153127
 9.556024
 8.955905
 9.204098
 8.994863
 7.425253
 7.920284
 7.782263
 7.477196
 6.767212
 6.929783
 6.552759
 7.157358
 7.820273
 6.893794
 6.644930
 7.077387
 6.630927
 6.826451
 7.175907
 7.390854
 6.794134
 6.911187
 7.370978
 7.013858
 7.218277
14.745894
13.775009
14.819216
13.109532
12.616108
14.957609
15.679404
17.510738
15.408071
15.509302
17.005643
16.296697
16.978126
17.095719
17.296981
17.567979
18.758606
15.124131
14.707123
15.286378
15.948492
15.983172
16.800394
14.354987
15.245945
15.082704
14.683180
15.991542
16.685540
17.549523
17.161287
16.726652
17.920935
16.447976
16.280024
16.449588
17.624585
17.214062
17.681318
17.637113
17.529383
16.178095
16.706290
17.168749
15.713341
18.395959
17.454269
18.595086
18.136127
19.507644
14.108620
14.847797
14.878321
14.203218
15.136293
15.562723
14.737592
13.328332
12.302218
12.089863
12.633257
14.394096
14.221128
14.200051
15.017790
14.442618
13.714580
15.472514
 7.862843
 8.065389
 8.122952
 8.501380
 8.027357
 8.267579
 8.106984
 8.323216
 8.095797
 9.095443
 8.036260
 8.844216
 8.703600
 8.457057
 8.668375
 9.096128
 8.728455
 8.851879
 9.689268
 7.841884
 8.555732
 8.451887
 8.122775
 7.983582
 8.085409
 8.358186
12.586537
12.251437
13.288442
13.375575
12.537940
11.170813
11.039267
12.470627
11.981437
11.716386
12.615839
12.519758
13.504396
14.974001
12.486700
12.244707
12.218225
12.923634
12.577497
13.281745
13.761209
13.326133
13.605357
16.638580
15.905130
17.071495
16.632191
16.223356
16.481532
16.175196
15.645425
13.656822
12.230877
13.584339
17.680193
17.341461
17.429296
16.389973
17.212202
16.721535
16.701171
15.619095
16.414645
15.074879
15.473427
16.237280
15.639371
16.702987
17.095231
17.698397
17.285846
16.510899
15.776214
17.084655
16.728477
17.362529
16.952520
17.649854
14.673918
13.976293
13.282881
16.289482
16.099432
15.301635
14.738870
15.507485
15.906938
16.169372
13.587955
14.110912
13.569858
13.237086
14.133623
13.507661
14.812219
14.754438
14.252266
11.314413
10.891925
11.360083
11.363113
10.927014
 8.522918
10.042240
10.742214
10.162404
 9.482115
10.124237
10.610167
 9.396765
 9.509788
 8.573374
 9.542955
 9.519668
 9.502265
 9.068456
10.136606
 9.429970
10.623885
10.775576
10.717391
11.363102
11.221915
10.587116
11.095443
11.892285
12.847604
11.289076
12.806056
10.339476
10.247071
12.142350
12.080388
11.852711
12.241029
10.992777
11.903488
11.346509
11.449468
12.027910
12.462924
11.757683
 9.537555
10.275317
 9.148213
 9.872415
10.054331
 9.298213
10.373170
 9.578325
 9.912256
10.671258
 9.688992
 9.834395
10.668194
 9.443472
 9.801613
10.094494
10.042585
 9.446828
 8.300064
 7.436858
 7.611558
15.254506
14.662337
15.360848
14.566930
13.816765
14.943414
14.028914
13.500529
14.205756
15.144786
15.242836
15.290310
15.188195
14.737948
15.029442
14.735411
14.565390
14.384435
13.085606
13.978080
13.896492
 8.886552
 8.695216
 9.151911
 9.022744
 8.558459
 8.237392
 7.984633
 7.584449
 8.694086
 8.633289
 8.067580
 8.030744
 8.272050
 8.127472
 8.337515
 8.739272
 8.124502
 8.194162
 8.130410
 8.125638
 8.345376
 8.251518
 8.244921
 8.067938
 9.282141
 9.319322
 8.302088
 8.149112
 8.281295
 8.259430
 8.055358
 9.890141
 9.729255
10.527142
 9.934733
 9.866022
10.014352
10.495912
10.346369
10.753806
 9.287647
10.307424
10.845866
10.063753
10.339272
11.060892
10.130830
10.489184
10.219094
10.213412
 9.437344
 8.962034
 9.051292
11.118279
 9.078744
 9.369843
 9.701003
10.022330
10.236039
10.379404
10.131420
10.412328
 9.667062
 9.735188
10.304260
 9.800971
10.821183
 9.503062
 6.176467
 6.130543
 6.852746
 6.455385
 7.199944
 6.157987
 8.898602
 9.425898
 9.251435
 9.023469
 8.956455
 9.121091
 8.689202
 8.025899
10.032374
 9.548846
11.363840
10.306385
10.268401
 9.158522
 8.408003
 9.368830
 8.978653
10.068257
 9.209370
 9.621812
 9.529434
 9.152956
 8.565508
 7.705354
 8.388223
 7.967232
 8.453014
 8.012038
 7.308671
 8.657248
 7.625799
 7.915508
 7.237689
 8.402026
 8.212112
 8.057899
 7.914798
 8.199490
 7.747722
 7.025061
 7.388799
 7.919718
 7.760163
 7.394205
 7.315668
 7.740528
 7.277234
 7.618148
15.552650
15.797744
16.213889
15.949190
15.552928
15.934216
15.923624
13.232311
12.708733
12.092180
20.345447
15.112791
16.284402
14.093124
14.197637
15.172376
16.503817
16.126238
14.537826
17.663471
18.233904
19.051344
18.270469
16.636891
16.242922
16.469499
16.485068
16.480969
15.914230
17.300374
16.170714
18.161993
16.395363
18.754842
16.803396
15.462292
16.623504
16.171581
16.046493
15.082143
14.514680
14.684393
13.080528
13.638416
13.806321
12.735960
13.297779
14.006403
13.390437
14.426391
13.640471
14.195306
13.185645
12.387430
13.082691
13.868006
12.687085
12.534303
13.318946
13.160659
15.577201
14.550511
14.004619
14.866003
15.442839
 6.020470
 6.267762
 5.831342
 5.981798
 5.436195
 5.815193
 7.195142
 7.560770
 7.658930
 7.799464
 7.713957
 8.402709
 8.129341
 8.373534
 7.058388
 7.481114
 7.968311
 7.647371
 8.032831
 8.520986
 7.722327
 8.692868
 8.853656
 9.181371
 9.628541
 8.924690
 9.670978
 9.443352
 9.450122
 8.989083
 8.900912
 8.992785
 9.148388
 9.852389
 9.103437
 9.337092
 9.967274
 8.886461
 8.592859
 8.978097
 9.327197
 8.671938
 8.996603
 8.676893
 7.530502
 6.943989
 7.350288
 6.851372
 7.743356
 7.225173
 6.813240
 6.722796
 7.334886
 7.334700
10.037010
11.063477
11.241867
 7.975587
 8.735104
 8.354616
 9.105093
 9.928187
 7.081935
 6.791779
 6.866739
 7.405389
 7.215313
 6.774899
 7.185757
 7.308688
 7.092188
 7.820945
 7.244039
 6.717188
 7.028619
 6.909606
11.128539
10.909773
11.196912
11.543129
10.544592
13.592359
12.949266
15.256935
14.304346
15.755460
14.923128
14.190331
14.796753
14.996699
14.832852
14.840573
14.656841
14.735436
14.359388
12.899060
13.027049
12.178182
13.123043
 7.859095
 7.258511
 6.258196
 6.582022
 6.284481
 5.879814
 5.901298
 5.791756
 6.995032
 7.047815
 6.685616
 6.634329
 6.387935
 6.439124
 6.598611
 6.387919
 5.973500
 5.801905
 6.034839
 6.451661
 6.718638
 6.401549
 6.902269
 6.213300
 6.670536
 6.876237
 6.551833
 7.285025
 6.431898
 6.747949
 7.250346
 8.283320
 8.486885
 8.482897
 8.609932
 8.959124
 8.263377
 8.676685
 9.264965
 9.522486
 8.651192
 8.829702
 8.342624
 9.432092
 8.566701
 8.784538
 9.341339
 9.066405
 8.550219
 8.363373
 8.496610
 8.553462
 9.124273
10.030589
 8.672766
 9.297744
 8.769681
 8.047927
 9.213390
 8.733478
 9.170813
 8.955441
 9.334799
 9.061810
 9.437387
 8.603271
 8.735027
 9.672302
 9.835348
 9.235302
 9.058771
 9.190986
 9.032024
 9.380468
 8.796571
10.067670
10.605566
10.833487
10.451261
10.388279
10.503818
10.821724
10.618533
10.505610
10.621538
 7.921597
 8.256590
 7.263463
 8.672947
 9.052891
 8.375852
 8.636735
 8.013066
 8.865822
 8.840318
 8.078482
 9.085457
 8.256316
 8.645751
 8.958732
 8.060241
 9.541649
 7.926060
 9.035687
 8.771929
 8.876289
 8.742500
 9.018547
 8.867303
 9.729811
 9.500037
 9.453594
 9.219272
 8.622540
 8.974609
 9.560561
 9.671706
 8.906736
 9.637430
 8.844499
13.932494
12.384066
13.526777
12.873077
12.765726
12.770111
11.998605
13.423918
12.851123
19.142508
19.868043
15.421941
15.773062
14.633806
14.591293
16.918162
16.585567
16.724245
12.307018
11.517871
12.252612
12.515979
12.527733
12.013258
10.652496
10.731472
11.742100
11.022000
12.233549
 9.508942
10.005466
 9.806374
10.755142
11.301689
11.760349
13.642312
13.916933
13.657852
13.560896
12.973643
13.671037
13.939801
11.687774
12.425239
11.526751
12.818554
11.393239
12.084767
13.123337
 9.482419
 9.819300
10.387103
10.159663
10.117186
 8.896499
 9.458230
10.165490
10.034109
10.156969
10.468371
10.248339
10.712398
12.390828
11.959648
11.749578
11.698758
12.306787
11.774977
10.517734
 9.475553
 9.744473
10.147204
 9.824837
 9.926214
 9.893850
10.212647
10.532216
 9.967640
 9.869165
10.180339
10.713006
 9.889033
10.695355
 9.720528
10.108750
10.090185
10.111890
11.578472
10.894754
11.500485
10.781554
10.779575
 9.742131
11.303082
10.116074
10.019599
 9.870341
10.129916
 9.828760
10.315562
10.021844
10.184167
10.863457
10.766639
10.777228
10.739910
11.219795
10.247920
 9.045069
 9.109451
 9.438904
10.043611
 9.696887
 9.470012
 9.525491
10.176367
 9.551827
 9.599524
11.919410
12.829231
11.840673
12.050979
11.626086
11.535637
11.785778
10.467378
10.931099
11.910758
10.460801
11.039244
11.575395
11.082998
12.542908
12.025746
11.248886
11.884402
11.225989
12.477805
15.243418
14.792817
15.314913
14.868481
14.493760
16.966467
17.516081
17.213366
17.867278
17.761912
16.029727
15.836031
17.192677
17.439320
16.782134
17.057932
16.257255
16.146991
16.097710
15.605544
14.961968
14.857662
16.151191
16.857560
11.327981
11.484725
12.723381
12.853116
10.581633
10.563977
11.012011
10.392898
13.308852
13.071146
13.633440
12.683508
10.739130
10.089218
10.056729
10.719340
10.197620
11.158731
10.428733
10.096397
12.823773
12.015348
12.339852
13.670763
10.257482
10.492828
10.951540
10.513251
11.399031
10.372208
10.340713
10.816627
11.214128
10.938396
10.967964
11.174032
11.062730
11.654075
10.653951
12.603308
12.524986
13.289897
12.217170
13.163224
13.084021
13.438599
12.340198
13.571522
14.008200
14.133767
13.563841
13.185373
15.592200
13.869642
13.349963
13.518472
12.999385
13.431508
10.555064
10.624189
11.580654
11.758344
10.875508
11.127198
11.647013
10.384589
11.057778
12.044167
10.540734
11.326413
10.840651
11.571017
10.061633
11.936623
10.974589
11.588332
11.291090
 9.761840
10.337169
 9.209652
10.174329
 9.864788
10.393212
 9.671858
 9.125432
 9.208825
 9.857399
10.033971
 9.876482
 9.615853
10.399575
10.506768
 9.883736
 9.431872
 9.738915
 9.157276
 9.274993
 9.800050
 9.568860
 9.410993
 9.559968
10.052622
11.140845
10.110477
 9.425428
10.683963
10.117723
 9.265108
 9.542218
 9.968268
10.351071
10.601754
10.442208
11.036186
12.521978
12.182556
12.243360
12.929773
12.623263
12.938997
12.568045
12.382260
12.629091
11.873743
12.262777
11.237911
11.198593
10.656243
11.650375
10.422908
11.364748
10.921899
10.663824
10.772110
10.737675
10.489370
10.544541
10.627116
11.677983
11.107918
10.854813
11.219516
11.264753
11.285063
11.178195
11.685691
11.488203
11.429828
11.101054
11.661357
11.172814
12.433358
12.412685
13.382662
13.391130
13.904713
14.198311
13.785296
13.139273
12.541360
14.251358
12.506809
14.427896
13.661182
12.756555
13.767344
13.468738
12.729003
12.294652
11.644968
13.374039
12.790077
12.377503
12.718291
12.302665
12.148466
11.858968
12.514967
12.878923
13.051665
12.385746
12.889608
10.551100
11.033747
10.840916
11.133798
11.891838
10.750002
11.314797
 9.870667
10.182885
 9.665024
11.045197
 9.793971
10.158942
10.012175
10.597527
 9.879893
10.531616
10.295540
10.492678
10.161459
12.135968
11.987233
13.365901
13.287335
13.685825
12.798124
12.626285
12.486514
12.484390
12.555212
12.289239
13.354836
13.198431
12.942244
11.563125
12.619312
12.006969
12.261545
12.602830
12.626659
12.665426
17.391412
15.431457
17.463305
15.462640
17.868153
16.472573
17.946905
17.079406
16.459586
11.651434
10.907155
13.080667
13.662763
12.737437
12.649742
14.352000
13.610671
13.811781
13.352299
13.507007
13.867856
12.675411
13.856287
14.421990
13.718360
14.028392
13.657208
14.383369
14.318771
13.561673
 9.557579
10.172871
16.526633
16.769200
16.192226
16.293478
15.683813
17.872258
18.901218
19.703156
17.753930
17.022575
17.720797
15.988080
21.519946
21.166130
21.717221
20.745948
17.772312
16.712367
18.080589
18.108569
18.601033
18.530972
18.200346
16.585362
15.613873
16.665075
16.666272
15.552233
15.955812
16.067845
16.967875
16.689160
16.500699
13.098238
13.126975
13.893581
13.716016
12.853205
14.088485
11.095732
10.740957
11.550753
11.156503
11.061784
10.789625
11.224220
11.159345
11.475219
17.671379
17.708937
18.773688
17.357447
18.337443
17.857943
17.529708
17.572625
17.242406
16.349504
16.368377
15.335285
15.137014
15.391823
14.397187
14.372205
15.438027
15.623991
15.547100
19.317459
17.594448
19.270515
19.071488
17.832305
19.864384
17.899108
16.962786
17.079582
17.630842
17.322706
17.432004
15.957973
17.699294
15.850549
16.408822
17.540574
18.183414
19.232321
17.966046
18.555301
18.145181
17.509550
17.254034
17.168635
17.902470
16.503856
15.954916
17.171423
17.338294
16.453912
16.960040
16.922304
15.719059
14.705254
16.218316
14.420838
13.897801
16.003764
15.015099
15.944844
14.754482
15.091721
16.080174
15.418371
14.587056
14.859756
14.861976
15.107260
14.996243
14.102296
14.045053
14.233604
13.524879
15.563267
14.818075
15.874941
15.708129
14.615519
15.702631
16.494762
16.018279
16.554696
18.038002
13.196380
13.673476
14.363864
13.049887
11.924842
11.570888
11.425729
12.216871
12.527679
12.436059
12.072409
12.184068
12.630036
12.342830
12.176111
11.643865
13.469870
11.663550
14.371535
15.019051
14.079615
14.185675
12.822636
13.584979
12.723645
13.244493
13.781265
13.973331
13.733995
13.979530
13.765114
16.707379
16.907092
17.200053
17.602672
16.107788
16.608871
16.841111
17.068594
15.713464
16.516091
15.722295
16.572526
17.378599
16.695719
16.580297
16.255740
17.637885
18.123566
17.917066
17.293655
17.186255
16.105984
16.818748
16.781637
16.024835
15.612521
16.185691
15.900873
16.251484
16.365410
16.391040
16.284640
16.486402
17.372490
17.382564
19.193331
19.363414
16.735815
19.314963
19.545156
15.826934
18.410774
17.929744
17.339519
18.064971
17.692451
 8.208106
 7.855028
 8.075222
 7.802046
 6.962573
 7.301019
 7.852464
15.172244
13.650033
15.664576
15.993121
14.413393
13.477218
12.513232
13.906699
14.265357
15.224469
13.311383
14.521737
13.933846
14.611349
13.302517
14.088495
13.231101
13.182970
12.895672
14.132191
16.258717
15.253908
16.462285
14.619863
15.730128
14.877838
16.158580
14.779165
15.115803
15.374262
14.050970
15.408809
18.839400
17.679139
18.947493
18.604718
19.144000
17.197493
18.987363
18.852210
20.012639
19.516612
20.422552
17.156688
19.771164
19.136827
19.510752
18.311903
18.080822
17.546727
18.127226
18.341136
16.801815
16.173818
16.346972
17.585683
17.498188
16.283635
16.576769
17.099643
17.651551
18.166573
17.598715
17.227568
18.098034
17.402730
18.734563
18.843451
18.527239
19.251666
20.141442
19.937245
18.871298
14.510903
14.871815
12.493143
12.506552
15.909154
16.357463
15.281861
15.107177
16.105759
14.231658
15.535329
14.656803
15.621977
16.509389
16.359050
16.368150
15.099281
16.072861
15.251592
14.267412
14.032663
13.956152
15.307959
14.995842
16.819033
17.179009
16.563473
16.298504
16.884117
16.972949
16.630306
22.496780
22.111323
21.508165
20.670613
12.978159
14.065245
14.382519
13.532631
13.864365
12.448636
13.820495
12.419563
13.603010
14.702659
13.498446
16.223122
17.142585
17.849946
17.672831
16.908422
16.903281
16.314481
14.599206
14.776934
15.308009
14.866616
14.810461
14.615708
14.706535
16.016020
15.394703
12.151076
12.186938
13.392788
12.855919
12.073466
13.209844
13.244745
13.467009
12.017697
12.417414
12.037458
11.717166
12.095311
13.855490
14.431238
11.988168
11.715069
12.218849
12.548400
12.510374
12.141547
12.299428
11.744600
14.211035
14.402814
15.047088
16.778403
14.786118
15.733667
16.647913
15.653338
15.724782
16.788438
15.422037
15.834701
15.349962
16.156005
16.572840
15.052844
16.028971
15.498497
16.385444
17.260150
15.974488
16.770336
17.402318
17.622875
17.325604
14.231209
15.647868
16.420131
15.826713
14.898789
16.639477
16.456418
16.411467
16.793805
10.825271
10.289298
10.406153
15.406741
15.354802
14.950334
14.114492
18.004674
18.160684
18.923960
20.015301
20.172623
20.015348
19.645927
21.285215
16.932651
17.815156
17.986784
17.852673
17.991180
17.880073
18.263135
18.025303
10.551129
10.938771
10.899220
10.746724
10.837934
10.312743
10.800964
10.396132
11.752382
11.429211
11.474663
12.077687
11.359881
10.774245
11.619387
10.536720
10.766231
10.941345
10.598614
10.026159
10.406092
10.016015
10.445775
10.581751
10.056988
 9.651035
 9.688559
10.238244
10.176800
 9.785659
 9.543623
 9.720714
 9.515659
10.167730
 9.715402
 9.357937
 9.561879
 9.465622
 9.375626
 9.428740
 9.893147
 9.102140
 9.594551
10.365594
 9.120188
10.950269
11.343414
 9.540717
 8.640611
 8.366655
 8.146553
 7.933031
 8.179116
13.579350
12.678284
12.545847
10.701155
11.247601
11.618636
11.972354
12.491009
12.239201
11.598596
11.391479
12.439723
11.213469
11.637288
11.970568
 8.580304
 8.521703
 8.508520
 8.423125
 8.580515
 8.714308
 8.961663
 8.229117
 9.016807
 9.347681
 8.712999
 9.106932
 8.565066
 8.521303
 9.036526
 8.211795
 8.355469
 9.352015
 8.704417
 9.484146
 8.740525
 8.433831
13.553738
13.565133
14.384928
13.833388
14.223343
12.851702
13.724057
12.449899
13.812644
13.491996
13.826402
12.716801
12.320506
11.743063
11.301249
12.211847
12.534768
13.502297
13.056607
14.201599
13.053297
14.137355
13.687158
13.982122
13.953176
15.225915
15.855278
15.063493
15.505122
15.991433
15.738662
16.298049
15.640684
14.967675
14.609349
14.742761
15.386834
16.396755
15.340106
16.194610
16.718146
15.763367
15.375248
15.081842
14.579604
15.844860
14.955634
11.711268
10.953213
12.413949
11.132641
10.455792
12.088599
12.905712
13.298823
11.665869
12.203650
12.789624
13.045477
12.592677
12.077284
11.142629
10.122291
10.472848
 9.525819
 8.880807
11.015394
11.601946
11.179384
 9.875728
10.175600
 9.869962
 9.756633
 9.550449
 9.972259
 9.220362
 9.666212
 9.760170
 9.474194
 9.816986
10.306869
10.439570
10.123475
11.413261
10.883947
11.374389
12.231212
11.928540
 8.217844
 8.283822
 8.408946
 9.805684
 9.442407
 8.552852
 9.173880
 9.022280
 8.001845
 7.920479
 8.303211
 8.983655
 7.592423
 8.500826
 9.017110
 8.559648
 8.372354
 8.547358
 8.968179
10.403922
10.906098
10.842071
10.836695
10.624628
10.943855
 9.396913
 9.997058
 9.988517
 8.786973
 9.469292
 9.158565
 9.371689
 9.751477
11.218116
10.486358
10.945551
10.755758
10.419075
11.012258
10.630287
10.194069
11.176146
11.125663
 9.517618
11.094819
10.335613
11.071791
10.663574
10.270799
 9.926268
10.753592
10.557008
10.425974
10.076125
10.616966
10.174191
 9.807219
 9.573335
10.644342
11.659950
13.013248
11.988453
 8.843267
10.451116
 9.690235
10.291222
 9.971338
10.117535
10.653792
10.214743
 9.432107
 9.707105
10.502500
 9.511539
 8.865295
 8.600439
 9.326524
 9.216151
 9.255415
 9.225911
10.101541
 9.691724
 9.095661
 9.654553
10.299777
 9.796148
 8.116993
 7.725352
 8.138865
 8.681528
 8.607546
 8.867230
 8.568832
 7.335292
 7.249362
 7.809535
 7.536068
 8.340921
 8.074210
 7.951150
 7.392932
 7.330667
 7.757948
 7.212097
 8.519989
 7.541469
 7.839114
 7.923875
 7.833411
 9.336343
 9.567544
 9.085018
 8.994348
 8.698782
 9.301961
 8.529764
 9.857966
 9.007732
10.060333
10.506649
10.517524
10.896148
 9.592233
 9.981637
 9.574390
 9.842945
10.039827
10.268612
10.567455
10.566778
10.582525
10.080591
10.800043
10.436031
10.074870
10.274120
10.305539
 8.784941
 8.837698
 9.670135
 9.542226
 9.838146
10.930032
10.224787
10.667870
10.366880
 9.944379
 9.735299
10.082412
 9.994629
10.491079
12.480447
11.774225
10.355887
10.261858
11.237823
10.547810
10.319422
11.270431
11.786149
11.428975
11.889572
12.361816
 9.693460
 9.077819
 8.852160
 9.027325
 9.841909
10.031169
 9.717555
 9.651549
10.681595
11.850051
11.187149
10.922193
10.339107
12.337314
12.198051
11.931639
12.815216
13.685805
12.296869
12.990678
14.093997
13.114780
12.603265
16.238211
15.958112
15.931834
15.609364
15.696191
15.333642
15.821287
15.925777
16.059719
15.090337
12.161796
12.369534
12.492717
12.073490
11.343079
10.795164
13.528390
14.259107
13.750377
14.868305
15.247142
13.957090
14.904321
15.020939
10.283595
10.370129
10.110844
11.000979
 9.735058
10.037855
 9.904470
10.974298
10.682489
14.136322
13.322838
13.700142
14.245188
14.907422
10.345540
11.090127
10.330430
 9.436830
 9.093561
 9.526639
 9.558648
 9.580918
10.118728
10.297063
 9.388557
10.493637
 9.899843
11.730993
12.042422
12.415829
12.052448
12.203897
12.146963
12.304907
11.643075
12.584819
10.213138
11.053087
12.525153
13.718658
12.215418
15.532641
15.787854
15.384509
16.146036
15.420621
16.176131
13.738847
14.506362
13.860378
14.292660
13.996815
14.668982
14.558983
15.320347
15.991933
16.133397
16.069577
16.664799
17.330708
15.445117
16.198157
15.446299
16.004429
16.800971
10.284327
10.577940
10.567897
11.114374
10.755406
10.772019
11.399495
10.640257
11.203153
10.357538
12.181224
11.605221
11.431917
12.584753
11.740527
11.803036
11.190301
12.338743
11.490558
12.507543
11.190717
10.713066
11.389100
11.929476
11.373653
10.596954
11.231252
11.279682
13.142070
13.235962
13.640761
12.914208
10.027390
10.567233
10.571545
11.319168
11.242203
11.669251
11.566329
10.955472
11.552125
10.828867
11.303070
11.313206
12.667119
12.851084
12.570038
12.400669
10.348660
10.626723
10.313310
10.105097
10.876140
10.420461
11.926387
11.769973
12.479066
11.188347
11.059845
11.424526
10.557872
11.055920
10.856676
13.058020
11.928925
12.516359
13.066095
11.429503
11.342490
11.290692
11.628223
12.613801
11.213462
11.300790
11.297722
11.548623
15.854992
17.653587
16.036574
15.676886
15.897417
16.377812
15.958014
17.027273
16.185297
16.536381
15.871263
16.006098
16.614953
17.296419
16.192019
16.817730
15.887776
15.436396
14.634455
14.908676
16.505961
15.931972
17.755532
16.158132
14.898983
16.180691
14.793842
11.320098
10.624282
10.422561
10.898257
10.460122
10.684597
10.566426
10.290664
12.842242
12.838993
13.247996
12.372749
13.513813
11.972739
13.168845
13.198502
12.449773
11.196543
12.255016
11.262746
11.053905
12.410134
11.652416
11.653472
12.959892
10.921439
10.645059
11.149936
10.601597
11.159366
11.217235
12.492355
12.530271
12.766769
18.782047
18.892105
19.405829
18.395603
20.208427
19.342269
20.446993
18.936479
19.354789
18.161092
19.998792
18.967978
18.685036
20.312543
20.470394
19.109865
17.271078
18.657935
18.733283
19.022011
21.378728
20.712350
21.448971
20.480180
21.899030
21.855919
21.746473
13.301749
13.831295
13.743503
14.064284
15.011001
14.148056
13.683415
13.519791
15.534512
16.976214
17.651292
17.103858
16.882741
16.153342
17.417042
17.659521
18.279307
15.530896
16.090944
17.036216
16.223212
16.006238
16.193810
16.138905
17.108571
16.701243
16.337589
15.753086
15.832648
17.168121
15.501614
15.500085
16.360681
15.104709
14.693392
14.050646
13.920681
16.145745
14.287839
13.338986
14.185873
13.476040
14.410870
15.292808
15.691395
15.669517
15.644128
14.846123
13.633667
13.628411
14.063757
13.304069
13.081388
13.952147
14.034617
14.302544
13.057436
13.560619
 8.295289
 9.185228
 9.002216
 9.054457
 9.370958
 9.078902
 9.173427
 8.848569
 8.554449
 9.645703
10.589167
 9.488689
10.056277
 9.572128
 9.369807
 8.547086
 8.857803
 8.741387
 9.017844
 8.992138
 8.273688
 9.316918
12.287869
11.825311
11.422218
11.170991
11.809016
12.111029
11.899363
11.593207
11.903783
10.885941
 9.014390
 9.783839
 8.819741
 9.003194
 9.161904
 8.411404
 8.997648
12.831700
13.582282
13.788701
12.244056
12.837608
13.314572
13.295385
14.967382
14.834807
16.597091
16.290457
16.127419
15.200207
16.517696
16.530260
15.861455
15.960487
15.306437
18.025667
17.651200
18.087669
17.315462
16.099803
18.312510
17.648056
17.821714
18.020575
13.856453
14.405167
14.240265
15.818107
17.128313
16.792345
16.254348
15.618502
17.081935
14.465307
14.374923
14.241888
13.945244
14.527709
14.373879
13.431248
14.624633
14.429606
14.187939
14.998856
13.859139
14.206601
13.775350
13.722262
14.345361
14.310439
14.072124
14.878343
14.532223
14.849834
14.390950
14.472629
16.322838
16.423935
16.618522
13.983961
14.969849
15.868506
17.859024
16.196692
16.207902
15.047561
16.600124
14.731897
10.691312
11.068411
10.328482
10.174079
 9.688015
10.192269
14.536226
14.208743
15.613506
14.180759
14.753695
13.557589
13.427587
14.961286
14.175615
13.854962
13.188427
11.965365
12.186285
11.369340
11.344484
10.761296
11.067681
11.039080
10.337806
10.892612
10.780969
10.408303
10.968462
10.582600
10.375153
 9.607048
11.772434
11.263772
10.111411
10.239512
 9.751864
 9.888585
10.532135
10.563556
 8.939230
10.216927
 9.869372
 9.880585
10.109233
 9.692089
 9.611905
 9.071148
 8.133024
 9.411276
 8.357790
 8.470285
 9.810989
 9.491991
 9.369633
 8.781884
 8.929237
 8.641711
 8.510309
 8.838225
10.819070
10.461236
10.129574
10.492472
10.521705
11.694085
10.317516
 9.809037
10.092140
10.754252
10.220580
10.844108
 9.333973
 9.442894
 8.573150
 9.191736
 9.824330
17.750472
16.968882
16.284423
17.522275
17.389257
16.951031
17.620750
15.983718
16.455391
16.295191
15.924160
15.178740
17.351831
15.216954
16.729392
15.822785
15.740743
14.483585
13.733061
12.972919
14.412053
14.875057
14.624050
14.660834
14.814784
14.577095
14.273683
14.822877
14.985573
17.079025
18.412574
18.214981
19.287056
19.109693
19.123703
16.588941
16.684167
16.892527
17.477930
17.438950
16.288166
16.415520
16.854603
15.860821
16.591820
16.300281
17.225429
16.118418
14.819205
15.547074
14.054576
15.232505
14.536443
16.108853
14.463415
16.927958
15.254395
17.209207
16.602365
16.717412
17.049868
15.138155
15.735637
15.856353
15.831876
15.297610
15.761212
15.804187
14.497572
15.361561
15.932056
15.968564
16.149872
18.007219
17.496629
16.510179
15.742560
15.774295
16.137018
14.964301
16.664554
17.405558
17.484648
17.544466
17.747901
17.170911
16.039683
17.164017
17.256208
15.766668
16.266604
15.981551
16.161072
15.126339
15.128895
13.338981
13.211593
13.073579
11.365177
11.357342
11.539790
12.598264
12.062706
12.237556
12.210948
12.787623
12.184197
12.576272
12.555328
12.889460
12.898959
13.021889
13.382677
12.807038
12.762021
12.562754
13.238005
13.128590
13.730198
12.469963
13.968664
14.422378
14.856665
 8.226430
 7.474234
 7.595131
 7.804957
 7.755310
 7.497972
 7.670345
 7.609719
 7.312260
 7.130294
 7.787325
 7.563828
 8.430033
 8.103032
13.579361
14.774706
13.546097
14.390688
18.613698
19.092587
19.975514
20.312221
18.567516
19.375131
19.979750
19.357984
17.777605
18.535995
19.714509
20.362248
18.584543
18.941330
18.527211
19.281227
19.088397
19.420511
19.283556
20.850998
19.871307
19.795746
18.539513
19.797069
20.767491
20.790232
18.977720
19.234248
20.550573
17.168059
19.137364
19.725644
18.370468
18.513080
 8.995676
 8.131451
 8.955423
 8.432091
 8.776208
 8.129673
 8.450228
 8.805193
 8.987011
 8.672872
 8.852673
 7.476374
 7.676680
 7.928586
 8.277399
 7.921769
 8.273316
 7.838151
 7.620912
 8.066032
 7.751348
 8.083431
 8.293418
 8.196444
 8.789786
 8.247295
 8.472322
 8.094033
 8.697483
 8.651095
 8.473541
 9.122597
 8.625357
11.733729
11.500651
11.122181
10.596700
11.248108
11.012674
10.634152
 9.550849
10.270275
10.148426
10.053125
10.870194
 9.542958
10.657103
11.192781
11.843234
11.971442
11.855585
10.954241
11.956067
10.694147
11.185418
11.880574
11.374762
10.863165
11.860731
11.728791
12.144141
12.292569
11.962486
12.829137
12.510805
12.817617
11.218302
11.941950
13.130437
13.925369
12.438795
13.601303
13.162262
12.382669
12.187902
12.380136
12.820955
15.993395
14.699167
14.346230
14.748753
15.899328
14.842624
15.623524
15.577547
13.462695
11.884000
12.594035
11.709089
11.636823
11.219712
10.814907
17.211849
17.292406
19.194864
18.207816
18.958723
17.187513
19.758025
18.995142
20.183204
19.246345
19.192507
19.017468
20.537255
20.208403
20.945285
20.115932
19.472676
18.821515
19.652998
19.200889
19.870357
19.648908
20.550454
20.127676
21.035183
19.909907
20.928892
21.081166
19.266596
21.853213
21.135631
21.569398
20.533469
20.451788
18.745382
18.078251
20.128701
19.294409
20.291430
20.635747
19.752568
20.845779
19.417408
15.995485
15.369596
15.982404
15.036373
16.609508
16.638437
16.638147
16.169188
17.897367
17.308557
17.179827
18.055372
18.825121
17.898367
16.211088
19.303710
18.205831
17.473864
17.915354
16.127791
17.288766
16.278014
17.976981
17.620000
17.314078
19.067192
21.298860
20.120324
20.261695
21.234839
22.185951
19.709253
19.992918
18.839123
20.051780
19.338902
19.498539
19.298060
20.551628
18.716361
20.259295
18.067415
18.584845
18.555443
18.521191
20.567697
19.456342
19.238302
19.447419
20.136393
19.764075
20.454504
20.606198
20.508034
 9.586814
10.410204
 9.456842
10.501097
 8.655744
 8.770472
 8.876636
 8.695078
 8.723941
 8.319124
 8.827928
 9.120436
10.024927
10.756610
 9.602202
10.060215
10.484601
10.490230
10.220792
10.587146
10.885729
10.820659
10.926007
11.181357
10.925690
10.618431
11.549708
11.187229
10.768136
10.916957
11.110048
10.913612
11.379513
10.008475
11.642432
 8.263560
 7.977141
 8.303412
 8.897986
 8.365059
 7.953971
 8.051279
 8.078234
 7.964718
 8.467016
 8.924032
 8.745291
 8.302185
 8.296637
 8.935392
 8.537936
 9.044678
 8.898637
 8.767956
 8.405262
 8.277194
 8.369047
 9.445171
10.403007
 9.787343
10.546722
10.394991
10.127844
10.503578
10.255042
 8.601335
 8.820657
 9.051757
 8.206687
 8.267186
 8.237954
 8.255403
 8.971953
 8.821054
 8.119672
 9.031653
 9.106218
 9.313134
 8.955699
 9.894996
 8.653089
 8.858741
 9.172263
 6.882632
 6.656824
 7.123894
 7.300277
 7.115231
 6.723071
 7.450584
 7.088908
 7.122221
 7.626283
 6.990288
 7.602269
 7.427249
 7.362299
 6.997114
 7.181250
 7.481628
 7.345225
 6.427855
 6.028587
 6.038834
 6.057925
 6.717048
 8.219641
 8.797487
 8.886243
 8.546438
 8.625233
 8.138555
 7.498295
 7.579128
 7.397292
 8.136004
 7.854593
 8.109174
 7.254374
 7.227190
 7.209673
 6.905404
 9.332705
 9.616433
 9.649554
 9.291614
 9.459536
 8.964634
 9.956352
 9.715654
 9.835343
 9.390967
 9.894428
 9.645086
 9.610980
 9.383761
10.050304
 9.639579
10.092435
10.496823
10.067628
10.679312
10.892249
10.806931
10.676290
11.086562
 9.808268
10.642467
 9.411384
 9.583547
 9.263864
 9.909546
10.550879
10.171659
10.215766
10.567427
10.883026
10.582720
11.801358
11.478047
10.558203
12.028350
12.090979
11.687406
11.928342
15.515869
15.559341
13.870581
17.600248
16.509416
16.139164
17.530739
16.400842
20.250935
20.324273
19.576646
11.038720
12.266496
12.022683
13.657530
14.141449
14.393091
14.114032
15.048335
14.509174
10.013535
17.618504
19.314854
18.766336
18.677162
20.290772
12.213906
14.727176
13.469915
14.508586
13.677181
13.806000
13.535397
13.000836
14.141763
14.364043
13.182541
12.650379
13.176524
12.979618
13.144936
14.639907
14.268983
14.373360
13.733620
13.724336
13.475225
14.550127
13.524520
13.610461
15.588935
14.976918
14.525326
15.542943
14.969237
16.113197
16.876348
15.425283
18.220647
16.983842
16.986294
17.684238
16.557494
13.734971
13.282071
15.805282
16.191553
16.328763
15.761322
15.332104
16.314021
15.836501
15.875028
14.678544
15.563589
16.394262
17.904536
18.906666
19.089336
19.480965
18.716868
20.217089
20.901805
18.518137
16.966485
18.031444
17.950758
17.330837
17.037687
18.236402
18.131065
17.032929
18.180979
18.607394
19.029453
17.353310
17.278098
17.165252
18.172585
17.259336
11.313404
11.862823
11.233151
12.901988
12.737748
13.001626
11.527582
12.298431
11.094701
12.643206
12.980848
13.502037
13.405087
12.172784
13.057061
13.217306
12.691802
11.840690
11.939766
11.833919
13.223502
12.433292
12.859537
12.339577
12.520212
13.089240
13.032246
13.985186
13.658626
13.743401
19.381010
18.524295
19.902566
19.210598
18.667584
19.969008
19.519863
17.988869
18.877087
21.195482
20.992252
20.498591
20.845833
20.438861
20.145460
21.362155
20.399793
21.804488
21.727512
21.386822
20.497611
21.943954
16.370285
17.111302
15.515433
17.387728
16.048420
16.662748
16.663368
18.269055
17.552547
17.152191
15.333503
16.662375
15.038571
16.591695
20.148158
19.463234
19.519191
20.120681
21.243980
19.986518
19.684998
19.677574
17.407812
19.629791
18.914004
19.322294
20.147538
19.335263
18.440648
19.234708
19.084578
17.639782
18.537611
17.275674
16.830763
17.940114
17.594269
18.644368
19.250943
19.084177
18.119957
17.160847
18.714772
18.300353
18.587018
17.304022
16.218721
17.323463
17.503079
18.102188
18.537109
17.753013
17.399446
18.985705
16.907754
18.251235
17.131854
17.019053
15.684250
15.699673
12.734873
13.978640
12.964668
13.942700
12.423084
16.737823
15.811493
14.986595
15.762363
16.474945
16.836277
17.917835
17.875933
17.410840
19.705656
18.832935
19.138257
18.303199
18.996721
12.919617
13.824572
13.022041
13.392125
 9.383843
 9.615128
 9.289862
 9.695925
10.151828
10.461682
10.188657
 9.004936
13.840594
14.897044
17.520657
17.038243
16.704904
16.776164
13.612091
13.541031
14.016071
14.019565
16.472950
15.682045
14.613124
14.665141
13.589648
14.352163
13.772401
14.293441
14.487601
14.716142
14.066663
12.983525
13.112605
13.278913
13.245879
13.145940
12.996482
12.565747
14.770792
13.652723
13.246993
14.496779
14.974335
14.131853
14.549066
15.187215
14.854378
14.888734
11.789147
11.593529
11.771515
12.452298
11.321714
11.592329
14.144168
14.829055
12.648053
12.009736
11.345968
11.669670
12.120898
12.078110
11.982055
11.256445
12.773351
11.779018
13.100533
14.962881
13.436477
14.324844
14.993300
15.018473
13.983522
12.445496
13.182879
15.887888
15.791745
16.945275
16.686748
15.769390
17.822123
16.332748
15.006589
15.211745
14.717401
14.792944
14.476743
14.774856
15.182413
13.744725
15.620223
14.928697
15.668845
14.432446
14.119942
13.674161
15.397139
14.235844
15.227199
15.274374
15.246107
15.252523
15.313863
15.909818
15.199826
14.631436
15.985746
16.369964
15.602898
15.745789
13.662519
14.133970
16.061349
15.678759
14.137144
14.578012
15.948213
14.272293
14.064077
14.779348
14.499321
14.446884
14.070984
14.626496
13.251000
15.512589
15.116658
13.687324
15.318950
15.153164
15.360835
14.443739
14.401871
16.267566
15.742238
15.298642
15.680266
14.240598
15.466645
15.437024
16.032927
14.826934
14.896672
15.224903
14.943946
15.989653
14.866180
14.951592
15.746627
15.540458
14.850103
14.117435
15.069057
15.405206
13.902591
13.932411
19.648220
20.020099
18.741652
19.175457
19.807886
19.293154
18.112241
18.312427
18.298941
19.348748
18.882343
19.514207
17.688324
16.511846
18.334077
16.693032
17.678035
12.669172
13.658775
13.297033
14.183906
15.159604
15.092218
13.921650
12.825235
12.362766
12.549358
12.487104
12.564666
12.400179
 9.699402
12.731626
13.267683
10.440934
10.006075
10.054112
11.558423
11.313314
12.667211
12.941293
12.680313
12.611826
 8.925090
 8.713282
 8.551177
 9.086230
 8.595328
10.333602
