0.4884259
0.4807267
0.4670809
0.5298115
0.4636013
0.4839068
0.4926523
0.4695875
0.5187017
0.4983511
0.5063005
0.5328850
0.5015532
0.5262216
0.4948400
0.4705213
0.5384662
0.4874208
0.5313235
0.5411545
0.5013356
0.5297979
0.4941567
0.5302570
0.5068363
0.5039601
0.4833181
0.4828780
0.5095928
0.5190721
0.4689850
0.5250952
0.4646502
0.4781014
0.5297297
0.4874614
0.5085726
0.4930218
0.5019595
0.4822410
0.4884259
0.4807267
0.4670809
0.5298115
0.4636013
0.4839068
0.4926523
0.4695875
0.5187017
0.4983511
0.5063005
0.5328850
0.5015532
0.5262216
0.4948400
0.4705213
0.5384662
0.4874208
0.5313235
0.5411545
0.5013356
0.5297979
0.4941567
0.5302570
0.5068363
0.5039601
0.4833181
0.4828780
0.5095928
0.5190721
0.4689850
0.5250952
0.4646502
0.4781014
0.5297297
0.4874614
0.5085726
0.4930218
0.5019595
0.4822410
0.4884259
0.4807267
0.4670809
0.5298115
0.4636013
0.4839068
0.4926523
0.4695875
0.5187017
0.4983511
0.5063005
0.5328850
0.5015532
0.5262216
0.4948400
0.4705213
0.5384662
0.4874208
0.5313235
0.5411545
0.5013356
0.5297979
0.4941567
0.5302570
0.5068363
0.5039601
0.4833181
0.4828780
0.5095928
0.5190721
0.4689850
0.5250952
0.4646502
0.4781014
0.5297297
0.4874614
0.5085726
0.4930218
0.5019595
0.4822410
0.4884259
0.4807267
0.4670809
0.5298115
0.4636013
0.4839068
0.4926523
0.4695875
0.5187017
0.4983511
0.5063005
0.5328850
0.5015532
0.5262216
0.4948400
0.4705213
0.5384662
0.4874208
0.5313235
0.5411545
0.5013356
0.5297979
0.4941567
0.5302570
0.5068363
0.5039601
0.4833181
0.4828780
0.5095928
0.5190721
0.4689850
0.5250952
0.4646502
0.4781014
0.5297297
0.4874614
0.5085726
0.4930218
0.5019595
0.4822410
0.4884259
0.4807267
0.4670809
0.5298115
0.4636013
0.4839068
0.4926523
0.4695875
0.5187017
0.4983511
0.5063005
0.5328850
0.5015532
0.5262216
0.4948400
0.4705213
0.5384662
0.4874208
0.5313235
0.5411545
0.5013356
0.5297979
0.4941567
0.5302570
0.5068363
0.5039601
0.4833181
0.4828780
0.5095928
0.5190721
0.4689850
0.5250952
0.4646502
0.4781014
0.5297297
0.4874614
0.5085726
0.4930218
0.5019595
0.4822410
0.4884259
0.4807267
0.4670809
0.5298115
0.4636013
0.4839068
0.4926523
0.4695875
0.5187017
0.4983511
0.5063005
0.5328850
0.5015532
0.5262216
0.4948400
0.4705213
0.5384662
0.4874208
0.5313235
0.5411545
0.5013356
0.5297979
0.4941567
0.5302570
0.5068363
0.5039601
0.4833181
0.4828780
0.5095928
0.5190721
0.4689850
0.5250952
0.4646502
0.4781014
0.5297297
0.4874614
0.5085726
0.4930218
0.5019595
0.4822410
0.4884259
0.4807267
0.4670809
0.5298115
0.4636013
0.4839068
0.4926523
0.4695875
0.5187017
0.4983511
0.5063005
0.5328850
0.5015532
0.5262216
0.4948400
0.4705213
0.5384662
0.4874208
0.5313235
0.5411545
0.5013356
0.5297979
0.4941567
0.5302570
0.5068363
0.5039601
0.4833181
0.4828780
0.5095928
0.5190721
0.4689850
0.5250952
0.4646502
0.4781014
0.5297297
0.4874614
0.5085726
0.4930218
0.5019595
0.4822410
0.4884259
0.4807267
0.4670809
0.5298115
0.4636013
0.4839068
0.4926523
0.4695875
0.5187017
0.4983511
0.5063005
0.5328850
0.5015532
0.5262216
0.4948400
0.4705213
0.5384662
0.4874208
0.5313235
0.5411545
0.5013356
0.5297979
0.4941567
0.5302570
0.5068363
0.5039601
0.4833181
0.4828780
0.5095928
0.5190721
0.4689850
0.5250952
0.4646502
0.4781014
0.5297297
0.4874614
0.5085726
0.4930218
0.5019595
0.4822410
0.4884259
0.4807267
0.4670809
0.5298115
0.4636013
0.4839068
0.4926523
0.4695875
0.5187017
0.4983511
0.5063005
0.5328850
0.5015532
0.5262216
0.4948400
0.4705213
0.5384662
0.4874208
0.5313235
0.5411545
0.5013356
0.5297979
0.4941567
0.5302570
0.5068363
0.5039601
0.4833181
0.4828780
0.5095928
0.5190721
0.4689850
0.5250952
0.4646502
0.4781014
0.5297297
0.4874614
0.5085726
0.4930218
0.5019595
0.4822410
0.4884259
0.4807267
0.4670809
0.5298115
0.4636013
0.4839068
0.4926523
0.4695875
0.5187017
0.4983511
0.5063005
0.5328850
0.5015532
0.5262216
0.4948400
0.4705213
0.5384662
0.4874208
0.5313235
0.5411545
0.5013356
0.5297979
0.4941567
0.5302570
0.5068363
0.5039601
0.4833181
0.4828780
0.5095928
0.5190721
0.4689850
0.5250952
0.4646502
0.4781014
0.5297297
0.4874614
0.5085726
0.4930218
0.5019595
0.4822410
0.4884259
0.4807267
0.4670809
0.5298115
0.4636013
0.4839068
0.4926523
0.4695875
0.5187017
0.4983511
0.5063005
0.5328850
0.5015532
0.5262216
0.4948400
0.4705213
0.5384662
0.4874208
0.5313235
0.5411545
0.5013356
0.5297979
0.4941567
0.5302570
0.5068363
0.5039601
0.4833181
0.4828780
0.5095928
0.5190721
0.4689850
0.5250952
0.4646502
0.4781014
0.5297297
0.4874614
0.5085726
0.4930218
0.5019595
0.4822410
0.4884259
0.4807267
0.4670809
0.5298115
0.4636013
0.4839068
0.4926523
0.4695875
0.5187017
0.4983511
0.5063005
0.5328850
0.5015532
0.5262216
0.4948400
0.4705213
0.5384662
0.4874208
0.5313235
0.5411545
0.5013356
0.5297979
0.4941567
0.5302570
0.5068363
0.5039601
0.4833181
0.4828780
0.5095928
0.5190721
0.4689850
0.5250952
0.4646502
0.4781014
0.5297297
0.4874614
0.5085726
0.4930218
0.5019595
0.4822410
0.4884259
0.4807267
0.4670809
0.5298115
0.4636013
0.4839068
0.4926523
0.4695875
0.5187017
0.4983511
0.5063005
0.5328850
0.5015532
0.5262216
0.4948400
0.4705213
0.5384662
0.4874208
0.5313235
0.5411545
0.5013356
0.5297979
0.4941567
0.5302570
0.5068363
0.5039601
0.4833181
0.4828780
0.5095928
0.5190721
0.4689850
0.5250952
0.4646502
0.4781014
0.5297297
0.4874614
0.5085726
0.4930218
0.5019595
0.4822410
0.4884259
0.4807267
0.4670809
0.5298115
0.4636013
0.4839068
0.4926523
0.4695875
0.5187017
0.4983511
0.5063005
0.5328850
0.5015532
0.5262216
0.4948400
0.4705213
0.5384662
0.4874208
0.5313235
0.5411545
0.5013356
0.5297979
0.4941567
0.5302570
0.5068363
0.5039601
0.4833181
0.4828780
0.5095928
0.5190721
0.4689850
0.5250952
0.4646502
0.4781014
0.5297297
0.4874614
0.5085726
0.4930218
0.5019595
0.4822410
0.4884259
0.4807267
0.4670809
0.5298115
0.4636013
0.4839068
0.4926523
0.4695875
0.5187017
0.4983511
0.5063005
0.5328850
0.5015532
0.5262216
0.4948400
0.4705213
0.5384662
0.4874208
0.5313235
0.5411545
0.5013356
0.5297979
0.4941567
0.5302570
0.5068363
0.5039601
0.4833181
0.4828780
0.5095928
0.5190721
0.4689850
0.5250952
0.4646502
0.4781014
0.5297297
0.4874614
0.5085726
0.4930218
0.5019595
0.4822410
0.4884259
0.4807267
0.4670809
0.5298115
0.4636013
0.4839068
0.4926523
0.4695875
0.5187017
0.4983511
0.5063005
0.5328850
0.5015532
0.5262216
0.4948400
0.4705213
0.5384662
0.4874208
0.5313235
0.5411545
0.5013356
0.5297979
0.4941567
0.5302570
0.5068363
0.5039601
0.4833181
0.4828780
0.5095928
0.5190721
0.4689850
0.5250952
0.4646502
0.4781014
0.5297297
0.4874614
0.5085726
0.4930218
0.5019595
0.4822410
0.4884259
0.4807267
0.4670809
0.5298115
0.4636013
0.4839068
0.4926523
0.4695875
0.5187017
0.4983511
0.5063005
0.5328850
0.5015532
0.5262216
0.4948400
0.4705213
0.5384662
0.4874208
0.5313235
0.5411545
0.5013356
0.5297979
0.4941567
0.5302570
0.5068363
0.5039601
0.4833181
0.4828780
0.5095928
0.5190721
0.4689850
0.5250952
0.4646502
0.4781014
0.5297297
0.4874614
0.5085726
0.4930218
0.5019595
0.4822410
0.4884259
0.4807267
0.4670809
0.5298115
0.4636013
0.4839068
0.4926523
0.4695875
0.5187017
0.4983511
0.5063005
0.5328850
0.5015532
0.5262216
0.4948400
0.4705213
0.5384662
0.4874208
0.5313235
0.5411545
0.5013356
0.5297979
0.4941567
0.5302570
0.5068363
0.5039601
0.4833181
0.4828780
0.5095928
0.5190721
0.4689850
0.5250952
0.4646502
0.4781014
0.5297297
0.4874614
0.5085726
0.4930218
0.5019595
0.4822410
0.4884259
0.4807267
0.4670809
0.5298115
0.4636013
0.4839068
0.4926523
0.4695875
0.5187017
0.4983511
0.5063005
0.5328850
0.5015532
0.5262216
0.4948400
0.4705213
0.5384662
0.4874208
0.5313235
0.5411545
0.5013356
0.5297979
0.4941567
0.5302570
0.5068363
0.5039601
0.4833181
0.4828780
0.5095928
0.5190721
0.4689850
0.5250952
0.4646502
0.4781014
0.5297297
0.4874614
0.5085726
0.4930218
0.5019595
0.4822410
0.4884259
0.4807267
0.4670809
0.5298115
0.4636013
0.4839068
0.4926523
0.4695875
0.5187017
0.4983511
0.5063005
0.5328850
0.5015532
0.5262216
0.4948400
0.4705213
0.5384662
0.4874208
0.5313235
0.5411545
0.5013356
0.5297979
0.4941567
0.5302570
0.5068363
0.5039601
0.4833181
0.4828780
0.5095928
0.5190721
0.4689850
0.5250952
0.4646502
0.4781014
0.5297297
0.4874614
0.5085726
0.4930218
0.5019595
0.4822410
0.4884259
0.4807267
0.4670809
0.5298115
0.4636013
0.4839068
0.4926523
0.4695875
0.5187017
0.4983511
0.5063005
0.5328850
0.5015532
0.5262216
0.4948400
0.4705213
0.5384662
0.4874208
0.5313235
0.5411545
0.5013356
0.5297979
0.4941567
0.5302570
0.5068363
0.5039601
0.4833181
0.4828780
0.5095928
0.5190721
0.4689850
0.5250952
0.4646502
0.4781014
0.5297297
0.4874614
0.5085726
0.4930218
0.5019595
0.4822410
0.4884259
0.4807267
0.4670809
0.5298115
0.4636013
0.4839068
0.4926523
0.4695875
0.5187017
0.4983511
0.5063005
0.5328850
0.5015532
0.5262216
0.4948400
0.4705213
0.5384662
0.4874208
0.5313235
0.5411545
0.5013356
0.5297979
0.4941567
0.5302570
0.5068363
0.5039601
0.4833181
0.4828780
0.5095928
0.5190721
0.4689850
0.5250952
0.4646502
0.4781014
0.5297297
0.4874614
0.5085726
0.4930218
0.5019595
0.4822410
0.4884259
0.4807267
0.4670809
0.5298115
0.4636013
0.4839068
0.4926523
0.4695875
0.5187017
0.4983511
0.5063005
0.5328850
0.5015532
0.5262216
0.4948400
0.4705213
0.5384662
0.4874208
0.5313235
0.5411545
0.5013356
0.5297979
0.4941567
0.5302570
0.5068363
0.5039601
0.4833181
0.4828780
0.5095928
0.5190721
0.4689850
0.5250952
0.4646502
0.4781014
0.5297297
0.4874614
0.5085726
0.4930218
0.5019595
0.4822410
0.4884259
0.4807267
0.4670809
0.5298115
0.4636013
0.4839068
0.4926523
0.4695875
0.5187017
0.4983511
0.5063005
0.5328850
0.5015532
0.5262216
0.4948400
0.4705213
0.5384662
0.4874208
0.5313235
0.5411545
0.5013356
0.5297979
0.4941567
0.5302570
0.5068363
0.5039601
0.4833181
0.4828780
0.5095928
0.5190721
0.4689850
0.5250952
0.4646502
0.4781014
0.5297297
0.4874614
0.5085726
0.4930218
0.5019595
0.4822410
0.4884259
0.4807267
0.4670809
0.5298115
0.4636013
0.4839068
0.4926523
0.4695875
0.5187017
0.4983511
0.5063005
0.5328850
0.5015532
0.5262216
0.4948400
0.4705213
0.5384662
0.4874208
0.5313235
0.5411545
0.5013356
0.5297979
0.4941567
0.5302570
0.5068363
0.5039601
0.4833181
0.4828780
0.5095928
0.5190721
0.4689850
0.5250952
0.4646502
0.4781014
0.5297297
0.4874614
0.5085726
0.4930218
0.5019595
0.4822410
0.4884259
0.4807267
0.4670809
0.5298115
0.4636013
0.4839068
0.4926523
0.4695875
0.5187017
0.4983511
0.5063005
0.5328850
0.5015532
0.5262216
0.4948400
0.4705213
0.5384662
0.4874208
0.5313235
0.5411545
0.5013356
0.5297979
0.4941567
0.5302570
0.5068363
0.5039601
0.4833181
0.4828780
0.5095928
0.5190721
0.4689850
0.5250952
0.4646502
0.4781014
0.5297297
0.4874614
0.5085726
0.4930218
0.5019595
0.4822410
0.4884259
0.4807267
0.4670809
0.5298115
0.4636013
0.4839068
0.4926523
0.4695875
0.5187017
0.4983511
0.5063005
0.5328850
0.5015532
0.5262216
0.4948400
0.4705213
0.5384662
0.4874208
0.5313235
0.5411545
0.5013356
0.5297979
0.4941567
0.5302570
0.5068363
0.5039601
0.4833181
0.4828780
0.5095928
0.5190721
0.4689850
0.5250952
0.4646502
0.4781014
0.5297297
0.4874614
0.5085726
0.4930218
0.5019595
0.4822410
0.4884259
0.4807267
0.4670809
0.5298115
0.4636013
0.4839068
0.4926523
0.4695875
0.5187017
0.4983511
0.5063005
0.5328850
0.5015532
0.5262216
0.4948400
0.4705213
0.5384662
0.4874208
0.5313235
0.5411545
0.5013356
0.5297979
0.4941567
0.5302570
0.5068363
0.5039601
0.4833181
0.4828780
0.5095928
0.5190721
0.4689850
0.5250952
0.4646502
0.4781014
0.5297297
0.4874614
0.5085726
0.4930218
0.5019595
0.4822410
0.4884259
0.4807267
0.4670809
0.5298115
0.4636013
0.4839068
0.4926523
0.4695875
0.5187017
0.4983511
0.5063005
0.5328850
0.5015532
0.5262216
0.4948400
0.4705213
0.5384662
0.4874208
0.5313235
0.5411545
0.5013356
0.5297979
0.4941567
0.5302570
0.5068363
0.5039601
0.4833181
0.4828780
0.5095928
0.5190721
0.4689850
0.5250952
0.4646502
0.4781014
0.5297297
0.4874614
0.5085726
0.4930218
0.5019595
0.4822410
0.4884259
0.4807267
0.4670809
0.5298115
0.4636013
0.4839068
0.4926523
0.4695875
0.5187017
0.4983511
0.5063005
0.5328850
0.5015532
0.5262216
0.4948400
0.4705213
0.5384662
0.4874208
0.5313235
0.5411545
0.5013356
0.5297979
0.4941567
0.5302570
0.5068363
0.5039601
0.4833181
0.4828780
0.5095928
0.5190721
0.4689850
0.5250952
0.4646502
0.4781014
0.5297297
0.4874614
0.5085726
0.4930218
0.5019595
0.4822410
0.4884259
0.4807267
0.4670809
0.5298115
0.4636013
0.4839068
0.4926523
0.4695875
0.5187017
0.4983511
0.5063005
0.5328850
0.5015532
0.5262216
0.4948400
0.4705213
0.5384662
0.4874208
0.5313235
0.5411545
0.5013356
0.5297979
0.4941567
0.5302570
0.5068363
0.5039601
0.4833181
0.4828780
0.5095928
0.5190721
0.4689850
0.5250952
0.4646502
0.4781014
0.5297297
0.4874614
0.5085726
0.4930218
0.5019595
0.4822410
0.4884259
0.4807267
0.4670809
0.5298115
0.4636013
0.4839068
0.4926523
0.4695875
0.5187017
0.4983511
0.5063005
0.5328850
0.5015532
0.5262216
0.4948400
0.4705213
0.5384662
0.4874208
0.5313235
0.5411545
0.5013356
0.5297979
0.4941567
0.5302570
0.5068363
0.5039601
0.4833181
0.4828780
0.5095928
0.5190721
0.4689850
0.5250952
0.4646502
0.4781014
0.5297297
0.4874614
0.5085726
0.4930218
0.5019595
0.4822410
0.4884259
0.4807267
0.4670809
0.5298115
0.4636013
0.4839068
0.4926523
0.4695875
0.5187017
0.4983511
0.5063005
0.5328850
0.5015532
0.5262216
0.4948400
0.4705213
0.5384662
0.4874208
0.5313235
0.5411545
0.5013356
0.5297979
0.4941567
0.5302570
0.5068363
0.5039601
0.4833181
0.4828780
0.5095928
0.5190721
0.4689850
0.5250952
0.4646502
0.4781014
0.5297297
0.4874614
0.5085726
0.4930218
0.5019595
0.4822410
0.4884259
0.4807267
0.4670809
0.5298115
0.4636013
0.4839068
0.4926523
0.4695875
0.5187017
0.4983511
0.5063005
0.5328850
0.5015532
0.5262216
0.4948400
0.4705213
0.5384662
0.4874208
0.5313235
0.5411545
0.5013356
0.5297979
0.4941567
0.5302570
0.5068363
0.5039601
0.4833181
0.4828780
0.5095928
0.5190721
0.4689850
0.5250952
0.4646502
0.4781014
0.5297297
0.4874614
0.5085726
0.4930218
0.5019595
0.4822410
0.4884259
0.4807267
0.4670809
0.5298115
0.4636013
0.4839068
0.4926523
0.4695875
0.5187017
0.4983511
0.5063005
0.5328850
0.5015532
0.5262216
0.4948400
0.4705213
0.5384662
0.4874208
0.5313235
0.5411545
0.5013356
0.5297979
0.4941567
0.5302570
0.5068363
0.5039601
0.4833181
0.4828780
0.5095928
0.5190721
0.4689850
0.5250952
0.4646502
0.4781014
0.5297297
0.4874614
0.5085726
0.4930218
0.5019595
0.4822410
0.4884259
0.4807267
0.4670809
0.5298115
0.4636013
0.4839068
0.4926523
0.4695875
0.5187017
0.4983511
0.5063005
0.5328850
0.5015532
0.5262216
0.4948400
0.4705213
0.5384662
0.4874208
0.5313235
0.5411545
0.5013356
0.5297979
0.4941567
0.5302570
0.5068363
0.5039601
0.4833181
0.4828780
0.5095928
0.5190721
0.4689850
0.5250952
0.4646502
0.4781014
0.5297297
0.4874614
0.5085726
0.4930218
0.5019595
0.4822410
0.4884259
0.4807267
0.4670809
0.5298115
0.4636013
0.4839068
0.4926523
0.4695875
0.5187017
0.4983511
0.5063005
0.5328850
0.5015532
0.5262216
0.4948400
0.4705213
0.5384662
0.4874208
0.5313235
0.5411545
0.5013356
0.5297979
0.4941567
0.5302570
0.5068363
0.5039601
0.4833181
0.4828780
0.5095928
0.5190721
0.4689850
0.5250952
0.4646502
0.4781014
0.5297297
0.4874614
0.5085726
0.4930218
0.5019595
0.4822410
0.4884259
0.4807267
0.4670809
0.5298115
0.4636013
0.4839068
0.4926523
0.4695875
0.5187017
0.4983511
0.5063005
0.5328850
0.5015532
0.5262216
0.4948400
0.4705213
0.5384662
0.4874208
0.5313235
0.5411545
0.5013356
0.5297979
0.4941567
0.5302570
0.5068363
0.5039601
0.4833181
0.4828780
0.5095928
0.5190721
0.4689850
0.5250952
0.4646502
0.4781014
0.5297297
0.4874614
0.5085726
0.4930218
0.5019595
0.4822410
0.4884259
0.4807267
0.4670809
0.5298115
0.4636013
0.4839068
0.4926523
0.4695875
0.5187017
0.4983511
0.5063005
0.5328850
0.5015532
0.5262216
0.4948400
0.4705213
0.5384662
0.4874208
0.5313235
0.5411545
0.5013356
0.5297979
0.4941567
0.5302570
0.5068363
0.5039601
0.4833181
0.4828780
0.5095928
0.5190721
0.4689850
0.5250952
0.4646502
0.4781014
0.5297297
0.4874614
0.5085726
0.4930218
0.5019595
0.4822410
0.4884259
0.4807267
0.4670809
0.5298115
0.4636013
0.4839068
0.4926523
0.4695875
0.5187017
0.4983511
0.5063005
0.5328850
0.5015532
0.5262216
0.4948400
0.4705213
0.5384662
0.4874208
0.5313235
0.5411545
0.5013356
0.5297979
0.4941567
0.5302570
0.5068363
0.5039601
0.4833181
0.4828780
0.5095928
0.5190721
0.4689850
0.5250952
0.4646502
0.4781014
0.5297297
0.4874614
0.5085726
0.4930218
0.5019595
0.4822410
0.4884259
0.4807267
0.4670809
0.5298115
0.4636013
0.4839068
0.4926523
0.4695875
0.5187017
0.4983511
0.5063005
0.5328850
0.5015532
0.5262216
0.4948400
0.4705213
0.5384662
0.4874208
0.5313235
0.5411545
0.5013356
0.5297979
0.4941567
0.5302570
0.5068363
0.5039601
0.4833181
0.4828780
0.5095928
0.5190721
0.4689850
0.5250952
0.4646502
0.4781014
0.5297297
0.4874614
0.5085726
0.4930218
0.5019595
0.4822410
0.4884259
0.4807267
0.4670809
0.5298115
0.4636013
0.4839068
0.4926523
0.4695875
0.5187017
0.4983511
0.5063005
0.5328850
0.5015532
0.5262216
0.4948400
0.4705213
0.5384662
0.4874208
0.5313235
0.5411545
0.5013356
0.5297979
0.4941567
0.5302570
0.5068363
0.5039601
0.4833181
0.4828780
0.5095928
0.5190721
0.4689850
0.5250952
0.4646502
0.4781014
0.5297297
0.4874614
0.5085726
0.4930218
0.5019595
0.4822410
0.4884259
0.4807267
0.4670809
0.5298115
0.4636013
0.4839068
0.4926523
0.4695875
0.5187017
0.4983511
0.5063005
0.5328850
0.5015532
0.5262216
0.4948400
0.4705213
0.5384662
0.4874208
0.5313235
0.5411545
0.5013356
0.5297979
0.4941567
0.5302570
0.5068363
0.5039601
0.4833181
0.4828780
0.5095928
0.5190721
0.4689850
0.5250952
0.4646502
0.4781014
0.5297297
0.4874614
0.5085726
0.4930218
0.5019595
0.4822410
0.4884259
0.4807267
0.4670809
0.5298115
0.4636013
0.4839068
0.4926523
0.4695875
0.5187017
0.4983511
0.5063005
0.5328850
0.5015532
0.5262216
0.4948400
0.4705213
0.5384662
0.4874208
0.5313235
0.5411545
0.5013356
0.5297979
0.4941567
0.5302570
0.5068363
0.5039601
0.4833181
0.4828780
0.5095928
0.5190721
0.4689850
0.5250952
0.4646502
0.4781014
0.5297297
0.4874614
0.5085726
0.4930218
0.5019595
0.4822410
0.4884259
0.4807267
0.4670809
0.5298115
0.4636013
0.4839068
0.4926523
0.4695875
0.5187017
0.4983511
0.5063005
0.5328850
0.5015532
0.5262216
0.4948400
0.4705213
0.5384662
0.4874208
0.5313235
0.5411545
0.5013356
0.5297979
0.4941567
0.5302570
0.5068363
0.5039601
0.4833181
0.4828780
0.5095928
0.5190721
0.4689850
0.5250952
0.4646502
0.4781014
0.5297297
0.4874614
0.5085726
0.4930218
0.5019595
0.4822410
0.4884259
0.4807267
0.4670809
0.5298115
0.4636013
0.4839068
0.4926523
0.4695875
0.5187017
0.4983511
0.5063005
0.5328850
0.5015532
0.5262216
0.4948400
0.4705213
0.5384662
0.4874208
0.5313235
0.5411545
0.5013356
0.5297979
0.4941567
0.5302570
0.5068363
0.5039601
0.4833181
0.4828780
0.5095928
0.5190721
0.4689850
0.5250952
0.4646502
0.4781014
0.5297297
0.4874614
0.5085726
0.4930218
0.5019595
0.4822410
0.4884259
0.4807267
0.4670809
0.5298115
0.4636013
0.4839068
0.4926523
0.4695875
0.5187017
0.4983511
0.5063005
0.5328850
0.5015532
0.5262216
0.4948400
0.4705213
0.5384662
0.4874208
0.5313235
0.5411545
0.5013356
0.5297979
0.4941567
0.5302570
0.5068363
0.5039601
0.4833181
0.4828780
0.5095928
0.5190721
0.4689850
0.5250952
0.4646502
0.4781014
0.5297297
0.4874614
0.5085726
0.4930218
0.5019595
0.4822410
0.4884259
0.4807267
0.4670809
0.5298115
0.4636013
0.4839068
0.4926523
0.4695875
0.5187017
0.4983511
0.5063005
0.5328850
0.5015532
0.5262216
0.4948400
0.4705213
0.5384662
0.4874208
0.5313235
0.5411545
0.5013356
0.5297979
0.4941567
0.5302570
0.5068363
0.5039601
0.4833181
0.4828780
0.5095928
0.5190721
0.4689850
0.5250952
0.4646502
0.4781014
0.5297297
0.4874614
0.5085726
0.4930218
0.5019595
0.4822410
0.4884259
0.4807267
0.4670809
0.5298115
0.4636013
0.4839068
0.4926523
0.4695875
0.5187017
0.4983511
0.5063005
0.5328850
0.5015532
0.5262216
0.4948400
0.4705213
0.5384662
0.4874208
0.5313235
0.5411545
0.5013356
0.5297979
0.4941567
0.5302570
0.5068363
0.5039601
0.4833181
0.4828780
0.5095928
0.5190721
0.4689850
0.5250952
0.4646502
0.4781014
0.5297297
0.4874614
0.5085726
0.4930218
0.5019595
0.4822410
0.4884259
0.4807267
0.4670809
0.5298115
0.4636013
0.4839068
0.4926523
0.4695875
0.5187017
0.4983511
0.5063005
0.5328850
0.5015532
0.5262216
0.4948400
0.4705213
0.5384662
0.4874208
0.5313235
0.5411545
0.5013356
0.5297979
0.4941567
0.5302570
0.5068363
0.5039601
0.4833181
0.4828780
0.5095928
0.5190721
0.4689850
0.5250952
0.4646502
0.4781014
0.5297297
0.4874614
0.5085726
0.4930218
0.5019595
0.4822410
