0.9279230
0.9495274
1.0557040
1.0329456
0.9505165
1.0003368
0.9975909
1.0096036
0.9976275
0.9755308
1.0166347
1.0091805
0.9816449
1.0456034
1.0315276
1.0152027
1.0174444
0.9628295
1.0005392
0.9782014
0.9692156
0.9906916
1.0126174
1.0378858
0.9944178
1.0453932
1.0307410
1.0325536
0.9562049
0.9480857
1.0380915
0.9769004
0.9592329
0.9589223
1.0174881
1.0939961
0.9363388
1.0291803
0.9775389
0.9678267
0.9279230
0.9495274
1.0557040
1.0329456
0.9505165
1.0003368
0.9975909
1.0096036
0.9976275
0.9755308
1.0166347
1.0091805
0.9816449
1.0456034
1.0315276
1.0152027
1.0174444
0.9628295
1.0005392
0.9782014
0.9692156
0.9906916
1.0126174
1.0378858
0.9944178
1.0453932
1.0307410
1.0325536
0.9562049
0.9480857
1.0380915
0.9769004
0.9592329
0.9589223
1.0174881
1.0939961
0.9363388
1.0291803
0.9775389
0.9678267
0.9279230
0.9495274
1.0557040
1.0329456
0.9505165
1.0003368
0.9975909
1.0096036
0.9976275
0.9755308
1.0166347
1.0091805
0.9816449
1.0456034
1.0315276
1.0152027
1.0174444
0.9628295
1.0005392
0.9782014
0.9692156
0.9906916
1.0126174
1.0378858
0.9944178
1.0453932
1.0307410
1.0325536
0.9562049
0.9480857
1.0380915
0.9769004
0.9592329
0.9589223
1.0174881
1.0939961
0.9363388
1.0291803
0.9775389
0.9678267
0.9279230
0.9495274
1.0557040
1.0329456
0.9505165
1.0003368
0.9975909
1.0096036
0.9976275
0.9755308
1.0166347
1.0091805
0.9816449
1.0456034
1.0315276
1.0152027
1.0174444
0.9628295
1.0005392
0.9782014
0.9692156
0.9906916
1.0126174
1.0378858
0.9944178
1.0453932
1.0307410
1.0325536
0.9562049
0.9480857
1.0380915
0.9769004
0.9592329
0.9589223
1.0174881
1.0939961
0.9363388
1.0291803
0.9775389
0.9678267
0.9279230
0.9495274
1.0557040
1.0329456
0.9505165
1.0003368
0.9975909
1.0096036
0.9976275
0.9755308
1.0166347
1.0091805
0.9816449
1.0456034
1.0315276
1.0152027
1.0174444
0.9628295
1.0005392
0.9782014
0.9692156
0.9906916
1.0126174
1.0378858
0.9944178
1.0453932
1.0307410
1.0325536
0.9562049
0.9480857
1.0380915
0.9769004
0.9592329
0.9589223
1.0174881
1.0939961
0.9363388
1.0291803
0.9775389
0.9678267
0.9279230
0.9495274
1.0557040
1.0329456
0.9505165
1.0003368
0.9975909
1.0096036
0.9976275
0.9755308
1.0166347
1.0091805
0.9816449
1.0456034
1.0315276
1.0152027
1.0174444
0.9628295
1.0005392
0.9782014
0.9692156
0.9906916
1.0126174
1.0378858
0.9944178
1.0453932
1.0307410
1.0325536
0.9562049
0.9480857
1.0380915
0.9769004
0.9592329
0.9589223
1.0174881
1.0939961
0.9363388
1.0291803
0.9775389
0.9678267
0.9279230
0.9495274
1.0557040
1.0329456
0.9505165
1.0003368
0.9975909
1.0096036
0.9976275
0.9755308
1.0166347
1.0091805
0.9816449
1.0456034
1.0315276
1.0152027
1.0174444
0.9628295
1.0005392
0.9782014
0.9692156
0.9906916
1.0126174
1.0378858
0.9944178
1.0453932
1.0307410
1.0325536
0.9562049
0.9480857
1.0380915
0.9769004
0.9592329
0.9589223
1.0174881
1.0939961
0.9363388
1.0291803
0.9775389
0.9678267
0.9279230
0.9495274
1.0557040
1.0329456
0.9505165
1.0003368
0.9975909
1.0096036
0.9976275
0.9755308
1.0166347
1.0091805
0.9816449
1.0456034
1.0315276
1.0152027
1.0174444
0.9628295
1.0005392
0.9782014
0.9692156
0.9906916
1.0126174
1.0378858
0.9944178
1.0453932
1.0307410
1.0325536
0.9562049
0.9480857
1.0380915
0.9769004
0.9592329
0.9589223
1.0174881
1.0939961
0.9363388
1.0291803
0.9775389
0.9678267
0.9279230
0.9495274
1.0557040
1.0329456
0.9505165
1.0003368
0.9975909
1.0096036
0.9976275
0.9755308
1.0166347
1.0091805
0.9816449
1.0456034
1.0315276
1.0152027
1.0174444
0.9628295
1.0005392
0.9782014
0.9692156
0.9906916
1.0126174
1.0378858
0.9944178
1.0453932
1.0307410
1.0325536
0.9562049
0.9480857
1.0380915
0.9769004
0.9592329
0.9589223
1.0174881
1.0939961
0.9363388
1.0291803
0.9775389
0.9678267
0.9279230
0.9495274
1.0557040
1.0329456
0.9505165
1.0003368
0.9975909
1.0096036
0.9976275
0.9755308
1.0166347
1.0091805
0.9816449
1.0456034
1.0315276
1.0152027
1.0174444
0.9628295
1.0005392
0.9782014
0.9692156
0.9906916
1.0126174
1.0378858
0.9944178
1.0453932
1.0307410
1.0325536
0.9562049
0.9480857
1.0380915
0.9769004
0.9592329
0.9589223
1.0174881
1.0939961
0.9363388
1.0291803
0.9775389
0.9678267
0.9279230
0.9495274
1.0557040
1.0329456
0.9505165
1.0003368
0.9975909
1.0096036
0.9976275
0.9755308
1.0166347
1.0091805
0.9816449
1.0456034
1.0315276
1.0152027
1.0174444
0.9628295
1.0005392
0.9782014
0.9692156
0.9906916
1.0126174
1.0378858
0.9944178
1.0453932
1.0307410
1.0325536
0.9562049
0.9480857
1.0380915
0.9769004
0.9592329
0.9589223
1.0174881
1.0939961
0.9363388
1.0291803
0.9775389
0.9678267
0.9279230
0.9495274
1.0557040
1.0329456
0.9505165
1.0003368
0.9975909
1.0096036
0.9976275
0.9755308
1.0166347
1.0091805
0.9816449
1.0456034
1.0315276
1.0152027
1.0174444
0.9628295
1.0005392
0.9782014
0.9692156
0.9906916
1.0126174
1.0378858
0.9944178
1.0453932
1.0307410
1.0325536
0.9562049
0.9480857
1.0380915
0.9769004
0.9592329
0.9589223
1.0174881
1.0939961
0.9363388
1.0291803
0.9775389
0.9678267
0.9279230
0.9495274
1.0557040
1.0329456
0.9505165
1.0003368
0.9975909
1.0096036
0.9976275
0.9755308
1.0166347
1.0091805
0.9816449
1.0456034
1.0315276
1.0152027
1.0174444
0.9628295
1.0005392
0.9782014
0.9692156
0.9906916
1.0126174
1.0378858
0.9944178
1.0453932
1.0307410
1.0325536
0.9562049
0.9480857
1.0380915
0.9769004
0.9592329
0.9589223
1.0174881
1.0939961
0.9363388
1.0291803
0.9775389
0.9678267
0.9279230
0.9495274
1.0557040
1.0329456
0.9505165
1.0003368
0.9975909
1.0096036
0.9976275
0.9755308
1.0166347
1.0091805
0.9816449
1.0456034
1.0315276
1.0152027
1.0174444
0.9628295
1.0005392
0.9782014
0.9692156
0.9906916
1.0126174
1.0378858
0.9944178
1.0453932
1.0307410
1.0325536
0.9562049
0.9480857
1.0380915
0.9769004
0.9592329
0.9589223
1.0174881
1.0939961
0.9363388
1.0291803
0.9775389
0.9678267
0.9279230
0.9495274
1.0557040
1.0329456
0.9505165
1.0003368
0.9975909
1.0096036
0.9976275
0.9755308
1.0166347
1.0091805
0.9816449
1.0456034
1.0315276
1.0152027
1.0174444
0.9628295
1.0005392
0.9782014
0.9692156
0.9906916
1.0126174
1.0378858
0.9944178
1.0453932
1.0307410
1.0325536
0.9562049
0.9480857
1.0380915
0.9769004
0.9592329
0.9589223
1.0174881
1.0939961
0.9363388
1.0291803
0.9775389
0.9678267
0.9279230
0.9495274
1.0557040
1.0329456
0.9505165
1.0003368
0.9975909
1.0096036
0.9976275
0.9755308
1.0166347
1.0091805
0.9816449
1.0456034
1.0315276
1.0152027
1.0174444
0.9628295
1.0005392
0.9782014
0.9692156
0.9906916
1.0126174
1.0378858
0.9944178
1.0453932
1.0307410
1.0325536
0.9562049
0.9480857
1.0380915
0.9769004
0.9592329
0.9589223
1.0174881
1.0939961
0.9363388
1.0291803
0.9775389
0.9678267
0.9279230
0.9495274
1.0557040
1.0329456
0.9505165
1.0003368
0.9975909
1.0096036
0.9976275
0.9755308
1.0166347
1.0091805
0.9816449
1.0456034
1.0315276
1.0152027
1.0174444
0.9628295
1.0005392
0.9782014
0.9692156
0.9906916
1.0126174
1.0378858
0.9944178
1.0453932
1.0307410
1.0325536
0.9562049
0.9480857
1.0380915
0.9769004
0.9592329
0.9589223
1.0174881
1.0939961
0.9363388
1.0291803
0.9775389
0.9678267
0.9279230
0.9495274
1.0557040
1.0329456
0.9505165
1.0003368
0.9975909
1.0096036
0.9976275
0.9755308
1.0166347
1.0091805
0.9816449
1.0456034
1.0315276
1.0152027
1.0174444
0.9628295
1.0005392
0.9782014
0.9692156
0.9906916
1.0126174
1.0378858
0.9944178
1.0453932
1.0307410
1.0325536
0.9562049
0.9480857
1.0380915
0.9769004
0.9592329
0.9589223
1.0174881
1.0939961
0.9363388
1.0291803
0.9775389
0.9678267
0.9279230
0.9495274
1.0557040
1.0329456
0.9505165
1.0003368
0.9975909
1.0096036
0.9976275
0.9755308
1.0166347
1.0091805
0.9816449
1.0456034
1.0315276
1.0152027
1.0174444
0.9628295
1.0005392
0.9782014
0.9692156
0.9906916
1.0126174
1.0378858
0.9944178
1.0453932
1.0307410
1.0325536
0.9562049
0.9480857
1.0380915
0.9769004
0.9592329
0.9589223
1.0174881
1.0939961
0.9363388
1.0291803
0.9775389
0.9678267
0.9279230
0.9495274
1.0557040
1.0329456
0.9505165
1.0003368
0.9975909
1.0096036
0.9976275
0.9755308
1.0166347
1.0091805
0.9816449
1.0456034
1.0315276
1.0152027
1.0174444
0.9628295
1.0005392
0.9782014
0.9692156
0.9906916
1.0126174
1.0378858
0.9944178
1.0453932
1.0307410
1.0325536
0.9562049
0.9480857
1.0380915
0.9769004
0.9592329
0.9589223
1.0174881
1.0939961
0.9363388
1.0291803
0.9775389
0.9678267
0.9279230
0.9495274
1.0557040
1.0329456
0.9505165
1.0003368
0.9975909
1.0096036
0.9976275
0.9755308
1.0166347
1.0091805
0.9816449
1.0456034
1.0315276
1.0152027
1.0174444
0.9628295
1.0005392
0.9782014
0.9692156
0.9906916
1.0126174
1.0378858
0.9944178
1.0453932
1.0307410
1.0325536
0.9562049
0.9480857
1.0380915
0.9769004
0.9592329
0.9589223
1.0174881
1.0939961
0.9363388
1.0291803
0.9775389
0.9678267
0.9279230
0.9495274
1.0557040
1.0329456
0.9505165
1.0003368
0.9975909
1.0096036
0.9976275
0.9755308
1.0166347
1.0091805
0.9816449
1.0456034
1.0315276
1.0152027
1.0174444
0.9628295
1.0005392
0.9782014
0.9692156
0.9906916
1.0126174
1.0378858
0.9944178
1.0453932
1.0307410
1.0325536
0.9562049
0.9480857
1.0380915
0.9769004
0.9592329
0.9589223
1.0174881
1.0939961
0.9363388
1.0291803
0.9775389
0.9678267
0.9279230
0.9495274
1.0557040
1.0329456
0.9505165
1.0003368
0.9975909
1.0096036
0.9976275
0.9755308
1.0166347
1.0091805
0.9816449
1.0456034
1.0315276
1.0152027
1.0174444
0.9628295
1.0005392
0.9782014
0.9692156
0.9906916
1.0126174
1.0378858
0.9944178
1.0453932
1.0307410
1.0325536
0.9562049
0.9480857
1.0380915
0.9769004
0.9592329
0.9589223
1.0174881
1.0939961
0.9363388
1.0291803
0.9775389
0.9678267
0.9279230
0.9495274
1.0557040
1.0329456
0.9505165
1.0003368
0.9975909
1.0096036
0.9976275
0.9755308
1.0166347
1.0091805
0.9816449
1.0456034
1.0315276
1.0152027
1.0174444
0.9628295
1.0005392
0.9782014
0.9692156
0.9906916
1.0126174
1.0378858
0.9944178
1.0453932
1.0307410
1.0325536
0.9562049
0.9480857
1.0380915
0.9769004
0.9592329
0.9589223
1.0174881
1.0939961
0.9363388
1.0291803
0.9775389
0.9678267
0.9279230
0.9495274
1.0557040
1.0329456
0.9505165
1.0003368
0.9975909
1.0096036
0.9976275
0.9755308
1.0166347
1.0091805
0.9816449
1.0456034
1.0315276
1.0152027
1.0174444
0.9628295
1.0005392
0.9782014
0.9692156
0.9906916
1.0126174
1.0378858
0.9944178
1.0453932
1.0307410
1.0325536
0.9562049
0.9480857
1.0380915
0.9769004
0.9592329
0.9589223
1.0174881
1.0939961
0.9363388
1.0291803
0.9775389
0.9678267
0.9279230
0.9495274
1.0557040
1.0329456
0.9505165
1.0003368
0.9975909
1.0096036
0.9976275
0.9755308
1.0166347
1.0091805
0.9816449
1.0456034
1.0315276
1.0152027
1.0174444
0.9628295
1.0005392
0.9782014
0.9692156
0.9906916
1.0126174
1.0378858
0.9944178
1.0453932
1.0307410
1.0325536
0.9562049
0.9480857
1.0380915
0.9769004
0.9592329
0.9589223
1.0174881
1.0939961
0.9363388
1.0291803
0.9775389
0.9678267
0.9279230
0.9495274
1.0557040
1.0329456
0.9505165
1.0003368
0.9975909
1.0096036
0.9976275
0.9755308
1.0166347
1.0091805
0.9816449
1.0456034
1.0315276
1.0152027
1.0174444
0.9628295
1.0005392
0.9782014
0.9692156
0.9906916
1.0126174
1.0378858
0.9944178
1.0453932
1.0307410
1.0325536
0.9562049
0.9480857
1.0380915
0.9769004
0.9592329
0.9589223
1.0174881
1.0939961
0.9363388
1.0291803
0.9775389
0.9678267
0.9279230
0.9495274
1.0557040
1.0329456
0.9505165
1.0003368
0.9975909
1.0096036
0.9976275
0.9755308
1.0166347
1.0091805
0.9816449
1.0456034
1.0315276
1.0152027
1.0174444
0.9628295
1.0005392
0.9782014
0.9692156
0.9906916
1.0126174
1.0378858
0.9944178
1.0453932
1.0307410
1.0325536
0.9562049
0.9480857
1.0380915
0.9769004
0.9592329
0.9589223
1.0174881
1.0939961
0.9363388
1.0291803
0.9775389
0.9678267
0.9279230
0.9495274
1.0557040
1.0329456
0.9505165
1.0003368
0.9975909
1.0096036
0.9976275
0.9755308
1.0166347
1.0091805
0.9816449
1.0456034
1.0315276
1.0152027
1.0174444
0.9628295
1.0005392
0.9782014
0.9692156
0.9906916
1.0126174
1.0378858
0.9944178
1.0453932
1.0307410
1.0325536
0.9562049
0.9480857
1.0380915
0.9769004
0.9592329
0.9589223
1.0174881
1.0939961
0.9363388
1.0291803
0.9775389
0.9678267
0.9279230
0.9495274
1.0557040
1.0329456
0.9505165
1.0003368
0.9975909
1.0096036
0.9976275
0.9755308
1.0166347
1.0091805
0.9816449
1.0456034
1.0315276
1.0152027
1.0174444
0.9628295
1.0005392
0.9782014
0.9692156
0.9906916
1.0126174
1.0378858
0.9944178
1.0453932
1.0307410
1.0325536
0.9562049
0.9480857
1.0380915
0.9769004
0.9592329
0.9589223
1.0174881
1.0939961
0.9363388
1.0291803
0.9775389
0.9678267
0.9279230
0.9495274
1.0557040
1.0329456
0.9505165
1.0003368
0.9975909
1.0096036
0.9976275
0.9755308
1.0166347
1.0091805
0.9816449
1.0456034
1.0315276
1.0152027
1.0174444
0.9628295
1.0005392
0.9782014
0.9692156
0.9906916
1.0126174
1.0378858
0.9944178
1.0453932
1.0307410
1.0325536
0.9562049
0.9480857
1.0380915
0.9769004
0.9592329
0.9589223
1.0174881
1.0939961
0.9363388
1.0291803
0.9775389
0.9678267
0.9279230
0.9495274
1.0557040
1.0329456
0.9505165
1.0003368
0.9975909
1.0096036
0.9976275
0.9755308
1.0166347
1.0091805
0.9816449
1.0456034
1.0315276
1.0152027
1.0174444
0.9628295
1.0005392
0.9782014
0.9692156
0.9906916
1.0126174
1.0378858
0.9944178
1.0453932
1.0307410
1.0325536
0.9562049
0.9480857
1.0380915
0.9769004
0.9592329
0.9589223
1.0174881
1.0939961
0.9363388
1.0291803
0.9775389
0.9678267
0.9279230
0.9495274
1.0557040
1.0329456
0.9505165
1.0003368
0.9975909
1.0096036
0.9976275
0.9755308
1.0166347
1.0091805
0.9816449
1.0456034
1.0315276
1.0152027
1.0174444
0.9628295
1.0005392
0.9782014
0.9692156
0.9906916
1.0126174
1.0378858
0.9944178
1.0453932
1.0307410
1.0325536
0.9562049
0.9480857
1.0380915
0.9769004
0.9592329
0.9589223
1.0174881
1.0939961
0.9363388
1.0291803
0.9775389
0.9678267
0.9279230
0.9495274
1.0557040
1.0329456
0.9505165
1.0003368
0.9975909
1.0096036
0.9976275
0.9755308
1.0166347
1.0091805
0.9816449
1.0456034
1.0315276
1.0152027
1.0174444
0.9628295
1.0005392
0.9782014
0.9692156
0.9906916
1.0126174
1.0378858
0.9944178
1.0453932
1.0307410
1.0325536
0.9562049
0.9480857
1.0380915
0.9769004
0.9592329
0.9589223
1.0174881
1.0939961
0.9363388
1.0291803
0.9775389
0.9678267
0.9279230
0.9495274
1.0557040
1.0329456
0.9505165
1.0003368
0.9975909
1.0096036
0.9976275
0.9755308
1.0166347
1.0091805
0.9816449
1.0456034
1.0315276
1.0152027
1.0174444
0.9628295
1.0005392
0.9782014
0.9692156
0.9906916
1.0126174
1.0378858
0.9944178
1.0453932
1.0307410
1.0325536
0.9562049
0.9480857
1.0380915
0.9769004
0.9592329
0.9589223
1.0174881
1.0939961
0.9363388
1.0291803
0.9775389
0.9678267
0.9279230
0.9495274
1.0557040
1.0329456
0.9505165
1.0003368
0.9975909
1.0096036
0.9976275
0.9755308
1.0166347
1.0091805
0.9816449
1.0456034
1.0315276
1.0152027
1.0174444
0.9628295
1.0005392
0.9782014
0.9692156
0.9906916
1.0126174
1.0378858
0.9944178
1.0453932
1.0307410
1.0325536
0.9562049
0.9480857
1.0380915
0.9769004
0.9592329
0.9589223
1.0174881
1.0939961
0.9363388
1.0291803
0.9775389
0.9678267
0.9279230
0.9495274
1.0557040
1.0329456
0.9505165
1.0003368
0.9975909
1.0096036
0.9976275
0.9755308
1.0166347
1.0091805
0.9816449
1.0456034
1.0315276
1.0152027
1.0174444
0.9628295
1.0005392
0.9782014
0.9692156
0.9906916
1.0126174
1.0378858
0.9944178
1.0453932
1.0307410
1.0325536
0.9562049
0.9480857
1.0380915
0.9769004
0.9592329
0.9589223
1.0174881
1.0939961
0.9363388
1.0291803
0.9775389
0.9678267
0.9279230
0.9495274
1.0557040
1.0329456
0.9505165
1.0003368
0.9975909
1.0096036
0.9976275
0.9755308
1.0166347
1.0091805
0.9816449
1.0456034
1.0315276
1.0152027
1.0174444
0.9628295
1.0005392
0.9782014
0.9692156
0.9906916
1.0126174
1.0378858
0.9944178
1.0453932
1.0307410
1.0325536
0.9562049
0.9480857
1.0380915
0.9769004
0.9592329
0.9589223
1.0174881
1.0939961
0.9363388
1.0291803
0.9775389
0.9678267
0.9279230
0.9495274
1.0557040
1.0329456
0.9505165
1.0003368
0.9975909
1.0096036
0.9976275
0.9755308
1.0166347
1.0091805
0.9816449
1.0456034
1.0315276
1.0152027
1.0174444
0.9628295
1.0005392
0.9782014
0.9692156
0.9906916
1.0126174
1.0378858
0.9944178
1.0453932
1.0307410
1.0325536
0.9562049
0.9480857
1.0380915
0.9769004
0.9592329
0.9589223
1.0174881
1.0939961
0.9363388
1.0291803
0.9775389
0.9678267
0.9279230
0.9495274
1.0557040
1.0329456
0.9505165
1.0003368
0.9975909
1.0096036
0.9976275
0.9755308
1.0166347
1.0091805
0.9816449
1.0456034
1.0315276
1.0152027
1.0174444
0.9628295
1.0005392
0.9782014
0.9692156
0.9906916
1.0126174
1.0378858
0.9944178
1.0453932
1.0307410
1.0325536
0.9562049
0.9480857
1.0380915
0.9769004
0.9592329
0.9589223
1.0174881
1.0939961
0.9363388
1.0291803
0.9775389
0.9678267
0.9279230
0.9495274
1.0557040
1.0329456
0.9505165
1.0003368
0.9975909
1.0096036
0.9976275
0.9755308
1.0166347
1.0091805
0.9816449
1.0456034
1.0315276
1.0152027
1.0174444
0.9628295
1.0005392
0.9782014
0.9692156
0.9906916
1.0126174
1.0378858
0.9944178
1.0453932
1.0307410
1.0325536
0.9562049
0.9480857
1.0380915
0.9769004
0.9592329
0.9589223
1.0174881
1.0939961
0.9363388
1.0291803
0.9775389
0.9678267
0.9279230
0.9495274
1.0557040
1.0329456
0.9505165
1.0003368
0.9975909
1.0096036
0.9976275
0.9755308
1.0166347
1.0091805
0.9816449
1.0456034
1.0315276
1.0152027
1.0174444
0.9628295
1.0005392
0.9782014
0.9692156
0.9906916
1.0126174
1.0378858
0.9944178
1.0453932
1.0307410
1.0325536
0.9562049
0.9480857
1.0380915
0.9769004
0.9592329
0.9589223
1.0174881
1.0939961
0.9363388
1.0291803
0.9775389
0.9678267
0.9279230
0.9495274
1.0557040
1.0329456
0.9505165
1.0003368
0.9975909
1.0096036
0.9976275
0.9755308
1.0166347
1.0091805
0.9816449
1.0456034
1.0315276
1.0152027
1.0174444
0.9628295
1.0005392
0.9782014
0.9692156
0.9906916
1.0126174
1.0378858
0.9944178
1.0453932
1.0307410
1.0325536
0.9562049
0.9480857
1.0380915
0.9769004
0.9592329
0.9589223
1.0174881
1.0939961
0.9363388
1.0291803
0.9775389
0.9678267
0.9279230
0.9495274
1.0557040
1.0329456
0.9505165
1.0003368
0.9975909
1.0096036
0.9976275
0.9755308
1.0166347
1.0091805
0.9816449
1.0456034
1.0315276
1.0152027
1.0174444
0.9628295
1.0005392
0.9782014
0.9692156
0.9906916
1.0126174
1.0378858
0.9944178
1.0453932
1.0307410
1.0325536
0.9562049
0.9480857
1.0380915
0.9769004
0.9592329
0.9589223
1.0174881
1.0939961
0.9363388
1.0291803
0.9775389
0.9678267
0.9279230
0.9495274
1.0557040
1.0329456
0.9505165
1.0003368
0.9975909
1.0096036
0.9976275
0.9755308
1.0166347
1.0091805
0.9816449
1.0456034
1.0315276
1.0152027
1.0174444
0.9628295
1.0005392
0.9782014
0.9692156
0.9906916
1.0126174
1.0378858
0.9944178
1.0453932
1.0307410
1.0325536
0.9562049
0.9480857
1.0380915
0.9769004
0.9592329
0.9589223
1.0174881
1.0939961
0.9363388
1.0291803
0.9775389
0.9678267
0.9279230
0.9495274
1.0557040
1.0329456
0.9505165
1.0003368
0.9975909
1.0096036
0.9976275
0.9755308
1.0166347
1.0091805
0.9816449
1.0456034
1.0315276
1.0152027
1.0174444
0.9628295
1.0005392
0.9782014
0.9692156
0.9906916
1.0126174
1.0378858
0.9944178
1.0453932
1.0307410
1.0325536
0.9562049
0.9480857
1.0380915
0.9769004
0.9592329
0.9589223
1.0174881
1.0939961
0.9363388
1.0291803
0.9775389
0.9678267
0.9279230
0.9495274
1.0557040
1.0329456
0.9505165
1.0003368
0.9975909
1.0096036
0.9976275
0.9755308
1.0166347
1.0091805
0.9816449
1.0456034
1.0315276
1.0152027
1.0174444
0.9628295
1.0005392
0.9782014
0.9692156
0.9906916
1.0126174
1.0378858
0.9944178
1.0453932
1.0307410
1.0325536
0.9562049
0.9480857
1.0380915
0.9769004
0.9592329
0.9589223
1.0174881
1.0939961
0.9363388
1.0291803
0.9775389
0.9678267
0.9279230
0.9495274
1.0557040
1.0329456
0.9505165
1.0003368
0.9975909
1.0096036
0.9976275
0.9755308
1.0166347
1.0091805
0.9816449
1.0456034
1.0315276
1.0152027
1.0174444
0.9628295
1.0005392
0.9782014
0.9692156
0.9906916
1.0126174
1.0378858
0.9944178
1.0453932
1.0307410
1.0325536
0.9562049
0.9480857
1.0380915
0.9769004
0.9592329
0.9589223
1.0174881
1.0939961
0.9363388
1.0291803
0.9775389
0.9678267
0.9279230
0.9495274
1.0557040
1.0329456
0.9505165
1.0003368
0.9975909
1.0096036
0.9976275
0.9755308
1.0166347
1.0091805
0.9816449
1.0456034
1.0315276
1.0152027
1.0174444
0.9628295
1.0005392
0.9782014
0.9692156
0.9906916
1.0126174
1.0378858
0.9944178
1.0453932
1.0307410
1.0325536
0.9562049
0.9480857
1.0380915
0.9769004
0.9592329
0.9589223
1.0174881
1.0939961
0.9363388
1.0291803
0.9775389
0.9678267
0.9279230
0.9495274
1.0557040
1.0329456
0.9505165
1.0003368
0.9975909
1.0096036
0.9976275
0.9755308
1.0166347
1.0091805
0.9816449
1.0456034
1.0315276
1.0152027
1.0174444
0.9628295
1.0005392
0.9782014
0.9692156
0.9906916
1.0126174
1.0378858
0.9944178
1.0453932
1.0307410
1.0325536
0.9562049
0.9480857
1.0380915
0.9769004
0.9592329
0.9589223
1.0174881
1.0939961
0.9363388
1.0291803
0.9775389
0.9678267
