0.5232022
0.5358088
0.4836451
0.4888612
0.4928464
0.4764844
0.4603381
0.4969432
0.4738411
0.4416479
0.4834803
0.5167130
0.4985221
0.5050923
0.5015025
0.5259086
0.4901167
0.5255023
0.5030490
0.5507663
0.5104654
0.4859832
0.4835678
0.5136336
0.5448195
0.4945178
0.5088113
0.5070105
0.5075829
0.4876219
0.4858282
0.5119466
0.5164123
0.4977498
0.4652295
0.4761564
0.4981410
0.5068376
0.4861079
0.4965755
0.5232022
0.5358088
0.4836451
0.4888612
0.4928464
0.4764844
0.4603381
0.4969432
0.4738411
0.4416479
0.4834803
0.5167130
0.4985221
0.5050923
0.5015025
0.5259086
0.4901167
0.5255023
0.5030490
0.5507663
0.5104654
0.4859832
0.4835678
0.5136336
0.5448195
0.4945178
0.5088113
0.5070105
0.5075829
0.4876219
0.4858282
0.5119466
0.5164123
0.4977498
0.4652295
0.4761564
0.4981410
0.5068376
0.4861079
0.4965755
0.5232022
0.5358088
0.4836451
0.4888612
0.4928464
0.4764844
0.4603381
0.4969432
0.4738411
0.4416479
0.4834803
0.5167130
0.4985221
0.5050923
0.5015025
0.5259086
0.4901167
0.5255023
0.5030490
0.5507663
0.5104654
0.4859832
0.4835678
0.5136336
0.5448195
0.4945178
0.5088113
0.5070105
0.5075829
0.4876219
0.4858282
0.5119466
0.5164123
0.4977498
0.4652295
0.4761564
0.4981410
0.5068376
0.4861079
0.4965755
0.5232022
0.5358088
0.4836451
0.4888612
0.4928464
0.4764844
0.4603381
0.4969432
0.4738411
0.4416479
0.4834803
0.5167130
0.4985221
0.5050923
0.5015025
0.5259086
0.4901167
0.5255023
0.5030490
0.5507663
0.5104654
0.4859832
0.4835678
0.5136336
0.5448195
0.4945178
0.5088113
0.5070105
0.5075829
0.4876219
0.4858282
0.5119466
0.5164123
0.4977498
0.4652295
0.4761564
0.4981410
0.5068376
0.4861079
0.4965755
0.5232022
0.5358088
0.4836451
0.4888612
0.4928464
0.4764844
0.4603381
0.4969432
0.4738411
0.4416479
0.4834803
0.5167130
0.4985221
0.5050923
0.5015025
0.5259086
0.4901167
0.5255023
0.5030490
0.5507663
0.5104654
0.4859832
0.4835678
0.5136336
0.5448195
0.4945178
0.5088113
0.5070105
0.5075829
0.4876219
0.4858282
0.5119466
0.5164123
0.4977498
0.4652295
0.4761564
0.4981410
0.5068376
0.4861079
0.4965755
0.5232022
0.5358088
0.4836451
0.4888612
0.4928464
0.4764844
0.4603381
0.4969432
0.4738411
0.4416479
0.4834803
0.5167130
0.4985221
0.5050923
0.5015025
0.5259086
0.4901167
0.5255023
0.5030490
0.5507663
0.5104654
0.4859832
0.4835678
0.5136336
0.5448195
0.4945178
0.5088113
0.5070105
0.5075829
0.4876219
0.4858282
0.5119466
0.5164123
0.4977498
0.4652295
0.4761564
0.4981410
0.5068376
0.4861079
0.4965755
0.5232022
0.5358088
0.4836451
0.4888612
0.4928464
0.4764844
0.4603381
0.4969432
0.4738411
0.4416479
0.4834803
0.5167130
0.4985221
0.5050923
0.5015025
0.5259086
0.4901167
0.5255023
0.5030490
0.5507663
0.5104654
0.4859832
0.4835678
0.5136336
0.5448195
0.4945178
0.5088113
0.5070105
0.5075829
0.4876219
0.4858282
0.5119466
0.5164123
0.4977498
0.4652295
0.4761564
0.4981410
0.5068376
0.4861079
0.4965755
0.5232022
0.5358088
0.4836451
0.4888612
0.4928464
0.4764844
0.4603381
0.4969432
0.4738411
0.4416479
0.4834803
0.5167130
0.4985221
0.5050923
0.5015025
0.5259086
0.4901167
0.5255023
0.5030490
0.5507663
0.5104654
0.4859832
0.4835678
0.5136336
0.5448195
0.4945178
0.5088113
0.5070105
0.5075829
0.4876219
0.4858282
0.5119466
0.5164123
0.4977498
0.4652295
0.4761564
0.4981410
0.5068376
0.4861079
0.4965755
0.5232022
0.5358088
0.4836451
0.4888612
0.4928464
0.4764844
0.4603381
0.4969432
0.4738411
0.4416479
0.4834803
0.5167130
0.4985221
0.5050923
0.5015025
0.5259086
0.4901167
0.5255023
0.5030490
0.5507663
0.5104654
0.4859832
0.4835678
0.5136336
0.5448195
0.4945178
0.5088113
0.5070105
0.5075829
0.4876219
0.4858282
0.5119466
0.5164123
0.4977498
0.4652295
0.4761564
0.4981410
0.5068376
0.4861079
0.4965755
0.5232022
0.5358088
0.4836451
0.4888612
0.4928464
0.4764844
0.4603381
0.4969432
0.4738411
0.4416479
0.4834803
0.5167130
0.4985221
0.5050923
0.5015025
0.5259086
0.4901167
0.5255023
0.5030490
0.5507663
0.5104654
0.4859832
0.4835678
0.5136336
0.5448195
0.4945178
0.5088113
0.5070105
0.5075829
0.4876219
0.4858282
0.5119466
0.5164123
0.4977498
0.4652295
0.4761564
0.4981410
0.5068376
0.4861079
0.4965755
0.5232022
0.5358088
0.4836451
0.4888612
0.4928464
0.4764844
0.4603381
0.4969432
0.4738411
0.4416479
0.4834803
0.5167130
0.4985221
0.5050923
0.5015025
0.5259086
0.4901167
0.5255023
0.5030490
0.5507663
0.5104654
0.4859832
0.4835678
0.5136336
0.5448195
0.4945178
0.5088113
0.5070105
0.5075829
0.4876219
0.4858282
0.5119466
0.5164123
0.4977498
0.4652295
0.4761564
0.4981410
0.5068376
0.4861079
0.4965755
0.5232022
0.5358088
0.4836451
0.4888612
0.4928464
0.4764844
0.4603381
0.4969432
0.4738411
0.4416479
0.4834803
0.5167130
0.4985221
0.5050923
0.5015025
0.5259086
0.4901167
0.5255023
0.5030490
0.5507663
0.5104654
0.4859832
0.4835678
0.5136336
0.5448195
0.4945178
0.5088113
0.5070105
0.5075829
0.4876219
0.4858282
0.5119466
0.5164123
0.4977498
0.4652295
0.4761564
0.4981410
0.5068376
0.4861079
0.4965755
0.5232022
0.5358088
0.4836451
0.4888612
0.4928464
0.4764844
0.4603381
0.4969432
0.4738411
0.4416479
0.4834803
0.5167130
0.4985221
0.5050923
0.5015025
0.5259086
0.4901167
0.5255023
0.5030490
0.5507663
0.5104654
0.4859832
0.4835678
0.5136336
0.5448195
0.4945178
0.5088113
0.5070105
0.5075829
0.4876219
0.4858282
0.5119466
0.5164123
0.4977498
0.4652295
0.4761564
0.4981410
0.5068376
0.4861079
0.4965755
0.5232022
0.5358088
0.4836451
0.4888612
0.4928464
0.4764844
0.4603381
0.4969432
0.4738411
0.4416479
0.4834803
0.5167130
0.4985221
0.5050923
0.5015025
0.5259086
0.4901167
0.5255023
0.5030490
0.5507663
0.5104654
0.4859832
0.4835678
0.5136336
0.5448195
0.4945178
0.5088113
0.5070105
0.5075829
0.4876219
0.4858282
0.5119466
0.5164123
0.4977498
0.4652295
0.4761564
0.4981410
0.5068376
0.4861079
0.4965755
0.5232022
0.5358088
0.4836451
0.4888612
0.4928464
0.4764844
0.4603381
0.4969432
0.4738411
0.4416479
0.4834803
0.5167130
0.4985221
0.5050923
0.5015025
0.5259086
0.4901167
0.5255023
0.5030490
0.5507663
0.5104654
0.4859832
0.4835678
0.5136336
0.5448195
0.4945178
0.5088113
0.5070105
0.5075829
0.4876219
0.4858282
0.5119466
0.5164123
0.4977498
0.4652295
0.4761564
0.4981410
0.5068376
0.4861079
0.4965755
0.5232022
0.5358088
0.4836451
0.4888612
0.4928464
0.4764844
0.4603381
0.4969432
0.4738411
0.4416479
0.4834803
0.5167130
0.4985221
0.5050923
0.5015025
0.5259086
0.4901167
0.5255023
0.5030490
0.5507663
0.5104654
0.4859832
0.4835678
0.5136336
0.5448195
0.4945178
0.5088113
0.5070105
0.5075829
0.4876219
0.4858282
0.5119466
0.5164123
0.4977498
0.4652295
0.4761564
0.4981410
0.5068376
0.4861079
0.4965755
0.5232022
0.5358088
0.4836451
0.4888612
0.4928464
0.4764844
0.4603381
0.4969432
0.4738411
0.4416479
0.4834803
0.5167130
0.4985221
0.5050923
0.5015025
0.5259086
0.4901167
0.5255023
0.5030490
0.5507663
0.5104654
0.4859832
0.4835678
0.5136336
0.5448195
0.4945178
0.5088113
0.5070105
0.5075829
0.4876219
0.4858282
0.5119466
0.5164123
0.4977498
0.4652295
0.4761564
0.4981410
0.5068376
0.4861079
0.4965755
0.5232022
0.5358088
0.4836451
0.4888612
0.4928464
0.4764844
0.4603381
0.4969432
0.4738411
0.4416479
0.4834803
0.5167130
0.4985221
0.5050923
0.5015025
0.5259086
0.4901167
0.5255023
0.5030490
0.5507663
0.5104654
0.4859832
0.4835678
0.5136336
0.5448195
0.4945178
0.5088113
0.5070105
0.5075829
0.4876219
0.4858282
0.5119466
0.5164123
0.4977498
0.4652295
0.4761564
0.4981410
0.5068376
0.4861079
0.4965755
0.5232022
0.5358088
0.4836451
0.4888612
0.4928464
0.4764844
0.4603381
0.4969432
0.4738411
0.4416479
0.4834803
0.5167130
0.4985221
0.5050923
0.5015025
0.5259086
0.4901167
0.5255023
0.5030490
0.5507663
0.5104654
0.4859832
0.4835678
0.5136336
0.5448195
0.4945178
0.5088113
0.5070105
0.5075829
0.4876219
0.4858282
0.5119466
0.5164123
0.4977498
0.4652295
0.4761564
0.4981410
0.5068376
0.4861079
0.4965755
0.5232022
0.5358088
0.4836451
0.4888612
0.4928464
0.4764844
0.4603381
0.4969432
0.4738411
0.4416479
0.4834803
0.5167130
0.4985221
0.5050923
0.5015025
0.5259086
0.4901167
0.5255023
0.5030490
0.5507663
0.5104654
0.4859832
0.4835678
0.5136336
0.5448195
0.4945178
0.5088113
0.5070105
0.5075829
0.4876219
0.4858282
0.5119466
0.5164123
0.4977498
0.4652295
0.4761564
0.4981410
0.5068376
0.4861079
0.4965755
0.5232022
0.5358088
0.4836451
0.4888612
0.4928464
0.4764844
0.4603381
0.4969432
0.4738411
0.4416479
0.4834803
0.5167130
0.4985221
0.5050923
0.5015025
0.5259086
0.4901167
0.5255023
0.5030490
0.5507663
0.5104654
0.4859832
0.4835678
0.5136336
0.5448195
0.4945178
0.5088113
0.5070105
0.5075829
0.4876219
0.4858282
0.5119466
0.5164123
0.4977498
0.4652295
0.4761564
0.4981410
0.5068376
0.4861079
0.4965755
0.5232022
0.5358088
0.4836451
0.4888612
0.4928464
0.4764844
0.4603381
0.4969432
0.4738411
0.4416479
0.4834803
0.5167130
0.4985221
0.5050923
0.5015025
0.5259086
0.4901167
0.5255023
0.5030490
0.5507663
0.5104654
0.4859832
0.4835678
0.5136336
0.5448195
0.4945178
0.5088113
0.5070105
0.5075829
0.4876219
0.4858282
0.5119466
0.5164123
0.4977498
0.4652295
0.4761564
0.4981410
0.5068376
0.4861079
0.4965755
0.5232022
0.5358088
0.4836451
0.4888612
0.4928464
0.4764844
0.4603381
0.4969432
0.4738411
0.4416479
0.4834803
0.5167130
0.4985221
0.5050923
0.5015025
0.5259086
0.4901167
0.5255023
0.5030490
0.5507663
0.5104654
0.4859832
0.4835678
0.5136336
0.5448195
0.4945178
0.5088113
0.5070105
0.5075829
0.4876219
0.4858282
0.5119466
0.5164123
0.4977498
0.4652295
0.4761564
0.4981410
0.5068376
0.4861079
0.4965755
0.5232022
0.5358088
0.4836451
0.4888612
0.4928464
0.4764844
0.4603381
0.4969432
0.4738411
0.4416479
0.4834803
0.5167130
0.4985221
0.5050923
0.5015025
0.5259086
0.4901167
0.5255023
0.5030490
0.5507663
0.5104654
0.4859832
0.4835678
0.5136336
0.5448195
0.4945178
0.5088113
0.5070105
0.5075829
0.4876219
0.4858282
0.5119466
0.5164123
0.4977498
0.4652295
0.4761564
0.4981410
0.5068376
0.4861079
0.4965755
0.5232022
0.5358088
0.4836451
0.4888612
0.4928464
0.4764844
0.4603381
0.4969432
0.4738411
0.4416479
0.4834803
0.5167130
0.4985221
0.5050923
0.5015025
0.5259086
0.4901167
0.5255023
0.5030490
0.5507663
0.5104654
0.4859832
0.4835678
0.5136336
0.5448195
0.4945178
0.5088113
0.5070105
0.5075829
0.4876219
0.4858282
0.5119466
0.5164123
0.4977498
0.4652295
0.4761564
0.4981410
0.5068376
0.4861079
0.4965755
0.5232022
0.5358088
0.4836451
0.4888612
0.4928464
0.4764844
0.4603381
0.4969432
0.4738411
0.4416479
0.4834803
0.5167130
0.4985221
0.5050923
0.5015025
0.5259086
0.4901167
0.5255023
0.5030490
0.5507663
0.5104654
0.4859832
0.4835678
0.5136336
0.5448195
0.4945178
0.5088113
0.5070105
0.5075829
0.4876219
0.4858282
0.5119466
0.5164123
0.4977498
0.4652295
0.4761564
0.4981410
0.5068376
0.4861079
0.4965755
0.5232022
0.5358088
0.4836451
0.4888612
0.4928464
0.4764844
0.4603381
0.4969432
0.4738411
0.4416479
0.4834803
0.5167130
0.4985221
0.5050923
0.5015025
0.5259086
0.4901167
0.5255023
0.5030490
0.5507663
0.5104654
0.4859832
0.4835678
0.5136336
0.5448195
0.4945178
0.5088113
0.5070105
0.5075829
0.4876219
0.4858282
0.5119466
0.5164123
0.4977498
0.4652295
0.4761564
0.4981410
0.5068376
0.4861079
0.4965755
0.5232022
0.5358088
0.4836451
0.4888612
0.4928464
0.4764844
0.4603381
0.4969432
0.4738411
0.4416479
0.4834803
0.5167130
0.4985221
0.5050923
0.5015025
0.5259086
0.4901167
0.5255023
0.5030490
0.5507663
0.5104654
0.4859832
0.4835678
0.5136336
0.5448195
0.4945178
0.5088113
0.5070105
0.5075829
0.4876219
0.4858282
0.5119466
0.5164123
0.4977498
0.4652295
0.4761564
0.4981410
0.5068376
0.4861079
0.4965755
0.5232022
0.5358088
0.4836451
0.4888612
0.4928464
0.4764844
0.4603381
0.4969432
0.4738411
0.4416479
0.4834803
0.5167130
0.4985221
0.5050923
0.5015025
0.5259086
0.4901167
0.5255023
0.5030490
0.5507663
0.5104654
0.4859832
0.4835678
0.5136336
0.5448195
0.4945178
0.5088113
0.5070105
0.5075829
0.4876219
0.4858282
0.5119466
0.5164123
0.4977498
0.4652295
0.4761564
0.4981410
0.5068376
0.4861079
0.4965755
0.5232022
0.5358088
0.4836451
0.4888612
0.4928464
0.4764844
0.4603381
0.4969432
0.4738411
0.4416479
0.4834803
0.5167130
0.4985221
0.5050923
0.5015025
0.5259086
0.4901167
0.5255023
0.5030490
0.5507663
0.5104654
0.4859832
0.4835678
0.5136336
0.5448195
0.4945178
0.5088113
0.5070105
0.5075829
0.4876219
0.4858282
0.5119466
0.5164123
0.4977498
0.4652295
0.4761564
0.4981410
0.5068376
0.4861079
0.4965755
0.5232022
0.5358088
0.4836451
0.4888612
0.4928464
0.4764844
0.4603381
0.4969432
0.4738411
0.4416479
0.4834803
0.5167130
0.4985221
0.5050923
0.5015025
0.5259086
0.4901167
0.5255023
0.5030490
0.5507663
0.5104654
0.4859832
0.4835678
0.5136336
0.5448195
0.4945178
0.5088113
0.5070105
0.5075829
0.4876219
0.4858282
0.5119466
0.5164123
0.4977498
0.4652295
0.4761564
0.4981410
0.5068376
0.4861079
0.4965755
0.5232022
0.5358088
0.4836451
0.4888612
0.4928464
0.4764844
0.4603381
0.4969432
0.4738411
0.4416479
0.4834803
0.5167130
0.4985221
0.5050923
0.5015025
0.5259086
0.4901167
0.5255023
0.5030490
0.5507663
0.5104654
0.4859832
0.4835678
0.5136336
0.5448195
0.4945178
0.5088113
0.5070105
0.5075829
0.4876219
0.4858282
0.5119466
0.5164123
0.4977498
0.4652295
0.4761564
0.4981410
0.5068376
0.4861079
0.4965755
0.5232022
0.5358088
0.4836451
0.4888612
0.4928464
0.4764844
0.4603381
0.4969432
0.4738411
0.4416479
0.4834803
0.5167130
0.4985221
0.5050923
0.5015025
0.5259086
0.4901167
0.5255023
0.5030490
0.5507663
0.5104654
0.4859832
0.4835678
0.5136336
0.5448195
0.4945178
0.5088113
0.5070105
0.5075829
0.4876219
0.4858282
0.5119466
0.5164123
0.4977498
0.4652295
0.4761564
0.4981410
0.5068376
0.4861079
0.4965755
0.5232022
0.5358088
0.4836451
0.4888612
0.4928464
0.4764844
0.4603381
0.4969432
0.4738411
0.4416479
0.4834803
0.5167130
0.4985221
0.5050923
0.5015025
0.5259086
0.4901167
0.5255023
0.5030490
0.5507663
0.5104654
0.4859832
0.4835678
0.5136336
0.5448195
0.4945178
0.5088113
0.5070105
0.5075829
0.4876219
0.4858282
0.5119466
0.5164123
0.4977498
0.4652295
0.4761564
0.4981410
0.5068376
0.4861079
0.4965755
0.5232022
0.5358088
0.4836451
0.4888612
0.4928464
0.4764844
0.4603381
0.4969432
0.4738411
0.4416479
0.4834803
0.5167130
0.4985221
0.5050923
0.5015025
0.5259086
0.4901167
0.5255023
0.5030490
0.5507663
0.5104654
0.4859832
0.4835678
0.5136336
0.5448195
0.4945178
0.5088113
0.5070105
0.5075829
0.4876219
0.4858282
0.5119466
0.5164123
0.4977498
0.4652295
0.4761564
0.4981410
0.5068376
0.4861079
0.4965755
0.5232022
0.5358088
0.4836451
0.4888612
0.4928464
0.4764844
0.4603381
0.4969432
0.4738411
0.4416479
0.4834803
0.5167130
0.4985221
0.5050923
0.5015025
0.5259086
0.4901167
0.5255023
0.5030490
0.5507663
0.5104654
0.4859832
0.4835678
0.5136336
0.5448195
0.4945178
0.5088113
0.5070105
0.5075829
0.4876219
0.4858282
0.5119466
0.5164123
0.4977498
0.4652295
0.4761564
0.4981410
0.5068376
0.4861079
0.4965755
0.5232022
0.5358088
0.4836451
0.4888612
0.4928464
0.4764844
0.4603381
0.4969432
0.4738411
0.4416479
0.4834803
0.5167130
0.4985221
0.5050923
0.5015025
0.5259086
0.4901167
0.5255023
0.5030490
0.5507663
0.5104654
0.4859832
0.4835678
0.5136336
0.5448195
0.4945178
0.5088113
0.5070105
0.5075829
0.4876219
0.4858282
0.5119466
0.5164123
0.4977498
0.4652295
0.4761564
0.4981410
0.5068376
0.4861079
0.4965755
0.5232022
0.5358088
0.4836451
0.4888612
0.4928464
0.4764844
0.4603381
0.4969432
0.4738411
0.4416479
0.4834803
0.5167130
0.4985221
0.5050923
0.5015025
0.5259086
0.4901167
0.5255023
0.5030490
0.5507663
0.5104654
0.4859832
0.4835678
0.5136336
0.5448195
0.4945178
0.5088113
0.5070105
0.5075829
0.4876219
0.4858282
0.5119466
0.5164123
0.4977498
0.4652295
0.4761564
0.4981410
0.5068376
0.4861079
0.4965755
0.5232022
0.5358088
0.4836451
0.4888612
0.4928464
0.4764844
0.4603381
0.4969432
0.4738411
0.4416479
0.4834803
0.5167130
0.4985221
0.5050923
0.5015025
0.5259086
0.4901167
0.5255023
0.5030490
0.5507663
0.5104654
0.4859832
0.4835678
0.5136336
0.5448195
0.4945178
0.5088113
0.5070105
0.5075829
0.4876219
0.4858282
0.5119466
0.5164123
0.4977498
0.4652295
0.4761564
0.4981410
0.5068376
0.4861079
0.4965755
0.5232022
0.5358088
0.4836451
0.4888612
0.4928464
0.4764844
0.4603381
0.4969432
0.4738411
0.4416479
0.4834803
0.5167130
0.4985221
0.5050923
0.5015025
0.5259086
0.4901167
0.5255023
0.5030490
0.5507663
0.5104654
0.4859832
0.4835678
0.5136336
0.5448195
0.4945178
0.5088113
0.5070105
0.5075829
0.4876219
0.4858282
0.5119466
0.5164123
0.4977498
0.4652295
0.4761564
0.4981410
0.5068376
0.4861079
0.4965755
0.5232022
0.5358088
0.4836451
0.4888612
0.4928464
0.4764844
0.4603381
0.4969432
0.4738411
0.4416479
0.4834803
0.5167130
0.4985221
0.5050923
0.5015025
0.5259086
0.4901167
0.5255023
0.5030490
0.5507663
0.5104654
0.4859832
0.4835678
0.5136336
0.5448195
0.4945178
0.5088113
0.5070105
0.5075829
0.4876219
0.4858282
0.5119466
0.5164123
0.4977498
0.4652295
0.4761564
0.4981410
0.5068376
0.4861079
0.4965755
0.5232022
0.5358088
0.4836451
0.4888612
0.4928464
0.4764844
0.4603381
0.4969432
0.4738411
0.4416479
0.4834803
0.5167130
0.4985221
0.5050923
0.5015025
0.5259086
0.4901167
0.5255023
0.5030490
0.5507663
0.5104654
0.4859832
0.4835678
0.5136336
0.5448195
0.4945178
0.5088113
0.5070105
0.5075829
0.4876219
0.4858282
0.5119466
0.5164123
0.4977498
0.4652295
0.4761564
0.4981410
0.5068376
0.4861079
0.4965755
0.5232022
0.5358088
0.4836451
0.4888612
0.4928464
0.4764844
0.4603381
0.4969432
0.4738411
0.4416479
0.4834803
0.5167130
0.4985221
0.5050923
0.5015025
0.5259086
0.4901167
0.5255023
0.5030490
0.5507663
0.5104654
0.4859832
0.4835678
0.5136336
0.5448195
0.4945178
0.5088113
0.5070105
0.5075829
0.4876219
0.4858282
0.5119466
0.5164123
0.4977498
0.4652295
0.4761564
0.4981410
0.5068376
0.4861079
0.4965755
0.5232022
0.5358088
0.4836451
0.4888612
0.4928464
0.4764844
0.4603381
0.4969432
0.4738411
0.4416479
0.4834803
0.5167130
0.4985221
0.5050923
0.5015025
0.5259086
0.4901167
0.5255023
0.5030490
0.5507663
0.5104654
0.4859832
0.4835678
0.5136336
0.5448195
0.4945178
0.5088113
0.5070105
0.5075829
0.4876219
0.4858282
0.5119466
0.5164123
0.4977498
0.4652295
0.4761564
0.4981410
0.5068376
0.4861079
0.4965755
0.5232022
0.5358088
0.4836451
0.4888612
0.4928464
0.4764844
0.4603381
0.4969432
0.4738411
0.4416479
0.4834803
0.5167130
0.4985221
0.5050923
0.5015025
0.5259086
0.4901167
0.5255023
0.5030490
0.5507663
0.5104654
0.4859832
0.4835678
0.5136336
0.5448195
0.4945178
0.5088113
0.5070105
0.5075829
0.4876219
0.4858282
0.5119466
0.5164123
0.4977498
0.4652295
0.4761564
0.4981410
0.5068376
0.4861079
0.4965755
0.5232022
0.5358088
0.4836451
0.4888612
0.4928464
0.4764844
0.4603381
0.4969432
0.4738411
0.4416479
0.4834803
0.5167130
0.4985221
0.5050923
0.5015025
0.5259086
0.4901167
0.5255023
0.5030490
0.5507663
0.5104654
0.4859832
0.4835678
0.5136336
0.5448195
0.4945178
0.5088113
0.5070105
0.5075829
0.4876219
0.4858282
0.5119466
0.5164123
0.4977498
0.4652295
0.4761564
0.4981410
0.5068376
0.4861079
0.4965755
0.5232022
0.5358088
0.4836451
0.4888612
0.4928464
0.4764844
0.4603381
0.4969432
0.4738411
0.4416479
0.4834803
0.5167130
0.4985221
0.5050923
0.5015025
0.5259086
0.4901167
0.5255023
0.5030490
0.5507663
0.5104654
0.4859832
0.4835678
0.5136336
0.5448195
0.4945178
0.5088113
0.5070105
0.5075829
0.4876219
0.4858282
0.5119466
0.5164123
0.4977498
0.4652295
0.4761564
0.4981410
0.5068376
0.4861079
0.4965755
0.5232022
0.5358088
0.4836451
0.4888612
0.4928464
0.4764844
0.4603381
0.4969432
0.4738411
0.4416479
0.4834803
0.5167130
0.4985221
0.5050923
0.5015025
0.5259086
0.4901167
0.5255023
0.5030490
0.5507663
0.5104654
0.4859832
0.4835678
0.5136336
0.5448195
0.4945178
0.5088113
0.5070105
0.5075829
0.4876219
0.4858282
0.5119466
0.5164123
0.4977498
0.4652295
0.4761564
0.4981410
0.5068376
0.4861079
0.4965755
0.5232022
0.5358088
0.4836451
0.4888612
0.4928464
0.4764844
0.4603381
0.4969432
0.4738411
0.4416479
0.4834803
0.5167130
0.4985221
0.5050923
0.5015025
0.5259086
0.4901167
0.5255023
0.5030490
0.5507663
0.5104654
0.4859832
0.4835678
0.5136336
0.5448195
0.4945178
0.5088113
0.5070105
0.5075829
0.4876219
0.4858282
0.5119466
0.5164123
0.4977498
0.4652295
0.4761564
0.4981410
0.5068376
0.4861079
0.4965755
0.5232022
0.5358088
0.4836451
0.4888612
0.4928464
0.4764844
0.4603381
0.4969432
0.4738411
0.4416479
0.4834803
0.5167130
0.4985221
0.5050923
0.5015025
0.5259086
0.4901167
0.5255023
0.5030490
0.5507663
0.5104654
0.4859832
0.4835678
0.5136336
0.5448195
0.4945178
0.5088113
0.5070105
0.5075829
0.4876219
0.4858282
0.5119466
0.5164123
0.4977498
0.4652295
0.4761564
0.4981410
0.5068376
0.4861079
0.4965755
