0.5278739
0.4961845
0.4704395
0.4770948
0.5072106
0.5112901
0.5190603
0.4854736
0.5013828
0.4709227
0.5074547
0.4643873
0.5073708
0.4738268
0.5011781
0.5061235
0.4989846
0.4761561
0.5336463
0.5195361
0.4973276
0.4684365
0.5016752
0.5090346
0.4878488
0.5124111
0.4842028
0.4981856
0.5083156
0.4885129
0.4702520
0.5014535
0.4788335
0.4659736
0.5152679
0.5056049
0.5303287
0.5035439
0.5049462
0.5528947
0.5278739
0.4961845
0.4704395
0.4770948
0.5072106
0.5112901
0.5190603
0.4854736
0.5013828
0.4709227
0.5074547
0.4643873
0.5073708
0.4738268
0.5011781
0.5061235
0.4989846
0.4761561
0.5336463
0.5195361
0.4973276
0.4684365
0.5016752
0.5090346
0.4878488
0.5124111
0.4842028
0.4981856
0.5083156
0.4885129
0.4702520
0.5014535
0.4788335
0.4659736
0.5152679
0.5056049
0.5303287
0.5035439
0.5049462
0.5528947
0.5278739
0.4961845
0.4704395
0.4770948
0.5072106
0.5112901
0.5190603
0.4854736
0.5013828
0.4709227
0.5074547
0.4643873
0.5073708
0.4738268
0.5011781
0.5061235
0.4989846
0.4761561
0.5336463
0.5195361
0.4973276
0.4684365
0.5016752
0.5090346
0.4878488
0.5124111
0.4842028
0.4981856
0.5083156
0.4885129
0.4702520
0.5014535
0.4788335
0.4659736
0.5152679
0.5056049
0.5303287
0.5035439
0.5049462
0.5528947
0.5278739
0.4961845
0.4704395
0.4770948
0.5072106
0.5112901
0.5190603
0.4854736
0.5013828
0.4709227
0.5074547
0.4643873
0.5073708
0.4738268
0.5011781
0.5061235
0.4989846
0.4761561
0.5336463
0.5195361
0.4973276
0.4684365
0.5016752
0.5090346
0.4878488
0.5124111
0.4842028
0.4981856
0.5083156
0.4885129
0.4702520
0.5014535
0.4788335
0.4659736
0.5152679
0.5056049
0.5303287
0.5035439
0.5049462
0.5528947
0.5278739
0.4961845
0.4704395
0.4770948
0.5072106
0.5112901
0.5190603
0.4854736
0.5013828
0.4709227
0.5074547
0.4643873
0.5073708
0.4738268
0.5011781
0.5061235
0.4989846
0.4761561
0.5336463
0.5195361
0.4973276
0.4684365
0.5016752
0.5090346
0.4878488
0.5124111
0.4842028
0.4981856
0.5083156
0.4885129
0.4702520
0.5014535
0.4788335
0.4659736
0.5152679
0.5056049
0.5303287
0.5035439
0.5049462
0.5528947
0.5278739
0.4961845
0.4704395
0.4770948
0.5072106
0.5112901
0.5190603
0.4854736
0.5013828
0.4709227
0.5074547
0.4643873
0.5073708
0.4738268
0.5011781
0.5061235
0.4989846
0.4761561
0.5336463
0.5195361
0.4973276
0.4684365
0.5016752
0.5090346
0.4878488
0.5124111
0.4842028
0.4981856
0.5083156
0.4885129
0.4702520
0.5014535
0.4788335
0.4659736
0.5152679
0.5056049
0.5303287
0.5035439
0.5049462
0.5528947
0.5278739
0.4961845
0.4704395
0.4770948
0.5072106
0.5112901
0.5190603
0.4854736
0.5013828
0.4709227
0.5074547
0.4643873
0.5073708
0.4738268
0.5011781
0.5061235
0.4989846
0.4761561
0.5336463
0.5195361
0.4973276
0.4684365
0.5016752
0.5090346
0.4878488
0.5124111
0.4842028
0.4981856
0.5083156
0.4885129
0.4702520
0.5014535
0.4788335
0.4659736
0.5152679
0.5056049
0.5303287
0.5035439
0.5049462
0.5528947
0.5278739
0.4961845
0.4704395
0.4770948
0.5072106
0.5112901
0.5190603
0.4854736
0.5013828
0.4709227
0.5074547
0.4643873
0.5073708
0.4738268
0.5011781
0.5061235
0.4989846
0.4761561
0.5336463
0.5195361
0.4973276
0.4684365
0.5016752
0.5090346
0.4878488
0.5124111
0.4842028
0.4981856
0.5083156
0.4885129
0.4702520
0.5014535
0.4788335
0.4659736
0.5152679
0.5056049
0.5303287
0.5035439
0.5049462
0.5528947
0.5278739
0.4961845
0.4704395
0.4770948
0.5072106
0.5112901
0.5190603
0.4854736
0.5013828
0.4709227
0.5074547
0.4643873
0.5073708
0.4738268
0.5011781
0.5061235
0.4989846
0.4761561
0.5336463
0.5195361
0.4973276
0.4684365
0.5016752
0.5090346
0.4878488
0.5124111
0.4842028
0.4981856
0.5083156
0.4885129
0.4702520
0.5014535
0.4788335
0.4659736
0.5152679
0.5056049
0.5303287
0.5035439
0.5049462
0.5528947
0.5278739
0.4961845
0.4704395
0.4770948
0.5072106
0.5112901
0.5190603
0.4854736
0.5013828
0.4709227
0.5074547
0.4643873
0.5073708
0.4738268
0.5011781
0.5061235
0.4989846
0.4761561
0.5336463
0.5195361
0.4973276
0.4684365
0.5016752
0.5090346
0.4878488
0.5124111
0.4842028
0.4981856
0.5083156
0.4885129
0.4702520
0.5014535
0.4788335
0.4659736
0.5152679
0.5056049
0.5303287
0.5035439
0.5049462
0.5528947
0.5278739
0.4961845
0.4704395
0.4770948
0.5072106
0.5112901
0.5190603
0.4854736
0.5013828
0.4709227
0.5074547
0.4643873
0.5073708
0.4738268
0.5011781
0.5061235
0.4989846
0.4761561
0.5336463
0.5195361
0.4973276
0.4684365
0.5016752
0.5090346
0.4878488
0.5124111
0.4842028
0.4981856
0.5083156
0.4885129
0.4702520
0.5014535
0.4788335
0.4659736
0.5152679
0.5056049
0.5303287
0.5035439
0.5049462
0.5528947
0.5278739
0.4961845
0.4704395
0.4770948
0.5072106
0.5112901
0.5190603
0.4854736
0.5013828
0.4709227
0.5074547
0.4643873
0.5073708
0.4738268
0.5011781
0.5061235
0.4989846
0.4761561
0.5336463
0.5195361
0.4973276
0.4684365
0.5016752
0.5090346
0.4878488
0.5124111
0.4842028
0.4981856
0.5083156
0.4885129
0.4702520
0.5014535
0.4788335
0.4659736
0.5152679
0.5056049
0.5303287
0.5035439
0.5049462
0.5528947
0.5278739
0.4961845
0.4704395
0.4770948
0.5072106
0.5112901
0.5190603
0.4854736
0.5013828
0.4709227
0.5074547
0.4643873
0.5073708
0.4738268
0.5011781
0.5061235
0.4989846
0.4761561
0.5336463
0.5195361
0.4973276
0.4684365
0.5016752
0.5090346
0.4878488
0.5124111
0.4842028
0.4981856
0.5083156
0.4885129
0.4702520
0.5014535
0.4788335
0.4659736
0.5152679
0.5056049
0.5303287
0.5035439
0.5049462
0.5528947
0.5278739
0.4961845
0.4704395
0.4770948
0.5072106
0.5112901
0.5190603
0.4854736
0.5013828
0.4709227
0.5074547
0.4643873
0.5073708
0.4738268
0.5011781
0.5061235
0.4989846
0.4761561
0.5336463
0.5195361
0.4973276
0.4684365
0.5016752
0.5090346
0.4878488
0.5124111
0.4842028
0.4981856
0.5083156
0.4885129
0.4702520
0.5014535
0.4788335
0.4659736
0.5152679
0.5056049
0.5303287
0.5035439
0.5049462
0.5528947
0.5278739
0.4961845
0.4704395
0.4770948
0.5072106
0.5112901
0.5190603
0.4854736
0.5013828
0.4709227
0.5074547
0.4643873
0.5073708
0.4738268
0.5011781
0.5061235
0.4989846
0.4761561
0.5336463
0.5195361
0.4973276
0.4684365
0.5016752
0.5090346
0.4878488
0.5124111
0.4842028
0.4981856
0.5083156
0.4885129
0.4702520
0.5014535
0.4788335
0.4659736
0.5152679
0.5056049
0.5303287
0.5035439
0.5049462
0.5528947
0.5278739
0.4961845
0.4704395
0.4770948
0.5072106
0.5112901
0.5190603
0.4854736
0.5013828
0.4709227
0.5074547
0.4643873
0.5073708
0.4738268
0.5011781
0.5061235
0.4989846
0.4761561
0.5336463
0.5195361
0.4973276
0.4684365
0.5016752
0.5090346
0.4878488
0.5124111
0.4842028
0.4981856
0.5083156
0.4885129
0.4702520
0.5014535
0.4788335
0.4659736
0.5152679
0.5056049
0.5303287
0.5035439
0.5049462
0.5528947
0.5278739
0.4961845
0.4704395
0.4770948
0.5072106
0.5112901
0.5190603
0.4854736
0.5013828
0.4709227
0.5074547
0.4643873
0.5073708
0.4738268
0.5011781
0.5061235
0.4989846
0.4761561
0.5336463
0.5195361
0.4973276
0.4684365
0.5016752
0.5090346
0.4878488
0.5124111
0.4842028
0.4981856
0.5083156
0.4885129
0.4702520
0.5014535
0.4788335
0.4659736
0.5152679
0.5056049
0.5303287
0.5035439
0.5049462
0.5528947
0.5278739
0.4961845
0.4704395
0.4770948
0.5072106
0.5112901
0.5190603
0.4854736
0.5013828
0.4709227
0.5074547
0.4643873
0.5073708
0.4738268
0.5011781
0.5061235
0.4989846
0.4761561
0.5336463
0.5195361
0.4973276
0.4684365
0.5016752
0.5090346
0.4878488
0.5124111
0.4842028
0.4981856
0.5083156
0.4885129
0.4702520
0.5014535
0.4788335
0.4659736
0.5152679
0.5056049
0.5303287
0.5035439
0.5049462
0.5528947
0.5278739
0.4961845
0.4704395
0.4770948
0.5072106
0.5112901
0.5190603
0.4854736
0.5013828
0.4709227
0.5074547
0.4643873
0.5073708
0.4738268
0.5011781
0.5061235
0.4989846
0.4761561
0.5336463
0.5195361
0.4973276
0.4684365
0.5016752
0.5090346
0.4878488
0.5124111
0.4842028
0.4981856
0.5083156
0.4885129
0.4702520
0.5014535
0.4788335
0.4659736
0.5152679
0.5056049
0.5303287
0.5035439
0.5049462
0.5528947
0.5278739
0.4961845
0.4704395
0.4770948
0.5072106
0.5112901
0.5190603
0.4854736
0.5013828
0.4709227
0.5074547
0.4643873
0.5073708
0.4738268
0.5011781
0.5061235
0.4989846
0.4761561
0.5336463
0.5195361
0.4973276
0.4684365
0.5016752
0.5090346
0.4878488
0.5124111
0.4842028
0.4981856
0.5083156
0.4885129
0.4702520
0.5014535
0.4788335
0.4659736
0.5152679
0.5056049
0.5303287
0.5035439
0.5049462
0.5528947
0.5278739
0.4961845
0.4704395
0.4770948
0.5072106
0.5112901
0.5190603
0.4854736
0.5013828
0.4709227
0.5074547
0.4643873
0.5073708
0.4738268
0.5011781
0.5061235
0.4989846
0.4761561
0.5336463
0.5195361
0.4973276
0.4684365
0.5016752
0.5090346
0.4878488
0.5124111
0.4842028
0.4981856
0.5083156
0.4885129
0.4702520
0.5014535
0.4788335
0.4659736
0.5152679
0.5056049
0.5303287
0.5035439
0.5049462
0.5528947
0.5278739
0.4961845
0.4704395
0.4770948
0.5072106
0.5112901
0.5190603
0.4854736
0.5013828
0.4709227
0.5074547
0.4643873
0.5073708
0.4738268
0.5011781
0.5061235
0.4989846
0.4761561
0.5336463
0.5195361
0.4973276
0.4684365
0.5016752
0.5090346
0.4878488
0.5124111
0.4842028
0.4981856
0.5083156
0.4885129
0.4702520
0.5014535
0.4788335
0.4659736
0.5152679
0.5056049
0.5303287
0.5035439
0.5049462
0.5528947
0.5278739
0.4961845
0.4704395
0.4770948
0.5072106
0.5112901
0.5190603
0.4854736
0.5013828
0.4709227
0.5074547
0.4643873
0.5073708
0.4738268
0.5011781
0.5061235
0.4989846
0.4761561
0.5336463
0.5195361
0.4973276
0.4684365
0.5016752
0.5090346
0.4878488
0.5124111
0.4842028
0.4981856
0.5083156
0.4885129
0.4702520
0.5014535
0.4788335
0.4659736
0.5152679
0.5056049
0.5303287
0.5035439
0.5049462
0.5528947
0.5278739
0.4961845
0.4704395
0.4770948
0.5072106
0.5112901
0.5190603
0.4854736
0.5013828
0.4709227
0.5074547
0.4643873
0.5073708
0.4738268
0.5011781
0.5061235
0.4989846
0.4761561
0.5336463
0.5195361
0.4973276
0.4684365
0.5016752
0.5090346
0.4878488
0.5124111
0.4842028
0.4981856
0.5083156
0.4885129
0.4702520
0.5014535
0.4788335
0.4659736
0.5152679
0.5056049
0.5303287
0.5035439
0.5049462
0.5528947
0.5278739
0.4961845
0.4704395
0.4770948
0.5072106
0.5112901
0.5190603
0.4854736
0.5013828
0.4709227
0.5074547
0.4643873
0.5073708
0.4738268
0.5011781
0.5061235
0.4989846
0.4761561
0.5336463
0.5195361
0.4973276
0.4684365
0.5016752
0.5090346
0.4878488
0.5124111
0.4842028
0.4981856
0.5083156
0.4885129
0.4702520
0.5014535
0.4788335
0.4659736
0.5152679
0.5056049
0.5303287
0.5035439
0.5049462
0.5528947
0.5278739
0.4961845
0.4704395
0.4770948
0.5072106
0.5112901
0.5190603
0.4854736
0.5013828
0.4709227
0.5074547
0.4643873
0.5073708
0.4738268
0.5011781
0.5061235
0.4989846
0.4761561
0.5336463
0.5195361
0.4973276
0.4684365
0.5016752
0.5090346
0.4878488
0.5124111
0.4842028
0.4981856
0.5083156
0.4885129
0.4702520
0.5014535
0.4788335
0.4659736
0.5152679
0.5056049
0.5303287
0.5035439
0.5049462
0.5528947
0.5278739
0.4961845
0.4704395
0.4770948
0.5072106
0.5112901
0.5190603
0.4854736
0.5013828
0.4709227
0.5074547
0.4643873
0.5073708
0.4738268
0.5011781
0.5061235
0.4989846
0.4761561
0.5336463
0.5195361
0.4973276
0.4684365
0.5016752
0.5090346
0.4878488
0.5124111
0.4842028
0.4981856
0.5083156
0.4885129
0.4702520
0.5014535
0.4788335
0.4659736
0.5152679
0.5056049
0.5303287
0.5035439
0.5049462
0.5528947
0.5278739
0.4961845
0.4704395
0.4770948
0.5072106
0.5112901
0.5190603
0.4854736
0.5013828
0.4709227
0.5074547
0.4643873
0.5073708
0.4738268
0.5011781
0.5061235
0.4989846
0.4761561
0.5336463
0.5195361
0.4973276
0.4684365
0.5016752
0.5090346
0.4878488
0.5124111
0.4842028
0.4981856
0.5083156
0.4885129
0.4702520
0.5014535
0.4788335
0.4659736
0.5152679
0.5056049
0.5303287
0.5035439
0.5049462
0.5528947
0.5278739
0.4961845
0.4704395
0.4770948
0.5072106
0.5112901
0.5190603
0.4854736
0.5013828
0.4709227
0.5074547
0.4643873
0.5073708
0.4738268
0.5011781
0.5061235
0.4989846
0.4761561
0.5336463
0.5195361
0.4973276
0.4684365
0.5016752
0.5090346
0.4878488
0.5124111
0.4842028
0.4981856
0.5083156
0.4885129
0.4702520
0.5014535
0.4788335
0.4659736
0.5152679
0.5056049
0.5303287
0.5035439
0.5049462
0.5528947
0.5278739
0.4961845
0.4704395
0.4770948
0.5072106
0.5112901
0.5190603
0.4854736
0.5013828
0.4709227
0.5074547
0.4643873
0.5073708
0.4738268
0.5011781
0.5061235
0.4989846
0.4761561
0.5336463
0.5195361
0.4973276
0.4684365
0.5016752
0.5090346
0.4878488
0.5124111
0.4842028
0.4981856
0.5083156
0.4885129
0.4702520
0.5014535
0.4788335
0.4659736
0.5152679
0.5056049
0.5303287
0.5035439
0.5049462
0.5528947
0.5278739
0.4961845
0.4704395
0.4770948
0.5072106
0.5112901
0.5190603
0.4854736
0.5013828
0.4709227
0.5074547
0.4643873
0.5073708
0.4738268
0.5011781
0.5061235
0.4989846
0.4761561
0.5336463
0.5195361
0.4973276
0.4684365
0.5016752
0.5090346
0.4878488
0.5124111
0.4842028
0.4981856
0.5083156
0.4885129
0.4702520
0.5014535
0.4788335
0.4659736
0.5152679
0.5056049
0.5303287
0.5035439
0.5049462
0.5528947
0.5278739
0.4961845
0.4704395
0.4770948
0.5072106
0.5112901
0.5190603
0.4854736
0.5013828
0.4709227
0.5074547
0.4643873
0.5073708
0.4738268
0.5011781
0.5061235
0.4989846
0.4761561
0.5336463
0.5195361
0.4973276
0.4684365
0.5016752
0.5090346
0.4878488
0.5124111
0.4842028
0.4981856
0.5083156
0.4885129
0.4702520
0.5014535
0.4788335
0.4659736
0.5152679
0.5056049
0.5303287
0.5035439
0.5049462
0.5528947
0.5278739
0.4961845
0.4704395
0.4770948
0.5072106
0.5112901
0.5190603
0.4854736
0.5013828
0.4709227
0.5074547
0.4643873
0.5073708
0.4738268
0.5011781
0.5061235
0.4989846
0.4761561
0.5336463
0.5195361
0.4973276
0.4684365
0.5016752
0.5090346
0.4878488
0.5124111
0.4842028
0.4981856
0.5083156
0.4885129
0.4702520
0.5014535
0.4788335
0.4659736
0.5152679
0.5056049
0.5303287
0.5035439
0.5049462
0.5528947
0.5278739
0.4961845
0.4704395
0.4770948
0.5072106
0.5112901
0.5190603
0.4854736
0.5013828
0.4709227
0.5074547
0.4643873
0.5073708
0.4738268
0.5011781
0.5061235
0.4989846
0.4761561
0.5336463
0.5195361
0.4973276
0.4684365
0.5016752
0.5090346
0.4878488
0.5124111
0.4842028
0.4981856
0.5083156
0.4885129
0.4702520
0.5014535
0.4788335
0.4659736
0.5152679
0.5056049
0.5303287
0.5035439
0.5049462
0.5528947
0.5278739
0.4961845
0.4704395
0.4770948
0.5072106
0.5112901
0.5190603
0.4854736
0.5013828
0.4709227
0.5074547
0.4643873
0.5073708
0.4738268
0.5011781
0.5061235
0.4989846
0.4761561
0.5336463
0.5195361
0.4973276
0.4684365
0.5016752
0.5090346
0.4878488
0.5124111
0.4842028
0.4981856
0.5083156
0.4885129
0.4702520
0.5014535
0.4788335
0.4659736
0.5152679
0.5056049
0.5303287
0.5035439
0.5049462
0.5528947
0.5278739
0.4961845
0.4704395
0.4770948
0.5072106
0.5112901
0.5190603
0.4854736
0.5013828
0.4709227
0.5074547
0.4643873
0.5073708
0.4738268
0.5011781
0.5061235
0.4989846
0.4761561
0.5336463
0.5195361
0.4973276
0.4684365
0.5016752
0.5090346
0.4878488
0.5124111
0.4842028
0.4981856
0.5083156
0.4885129
0.4702520
0.5014535
0.4788335
0.4659736
0.5152679
0.5056049
0.5303287
0.5035439
0.5049462
0.5528947
0.5278739
0.4961845
0.4704395
0.4770948
0.5072106
0.5112901
0.5190603
0.4854736
0.5013828
0.4709227
0.5074547
0.4643873
0.5073708
0.4738268
0.5011781
0.5061235
0.4989846
0.4761561
0.5336463
0.5195361
0.4973276
0.4684365
0.5016752
0.5090346
0.4878488
0.5124111
0.4842028
0.4981856
0.5083156
0.4885129
0.4702520
0.5014535
0.4788335
0.4659736
0.5152679
0.5056049
0.5303287
0.5035439
0.5049462
0.5528947
0.5278739
0.4961845
0.4704395
0.4770948
0.5072106
0.5112901
0.5190603
0.4854736
0.5013828
0.4709227
0.5074547
0.4643873
0.5073708
0.4738268
0.5011781
0.5061235
0.4989846
0.4761561
0.5336463
0.5195361
0.4973276
0.4684365
0.5016752
0.5090346
0.4878488
0.5124111
0.4842028
0.4981856
0.5083156
0.4885129
0.4702520
0.5014535
0.4788335
0.4659736
0.5152679
0.5056049
0.5303287
0.5035439
0.5049462
0.5528947
0.5278739
0.4961845
0.4704395
0.4770948
0.5072106
0.5112901
0.5190603
0.4854736
0.5013828
0.4709227
0.5074547
0.4643873
0.5073708
0.4738268
0.5011781
0.5061235
0.4989846
0.4761561
0.5336463
0.5195361
0.4973276
0.4684365
0.5016752
0.5090346
0.4878488
0.5124111
0.4842028
0.4981856
0.5083156
0.4885129
0.4702520
0.5014535
0.4788335
0.4659736
0.5152679
0.5056049
0.5303287
0.5035439
0.5049462
0.5528947
0.5278739
0.4961845
0.4704395
0.4770948
0.5072106
0.5112901
0.5190603
0.4854736
0.5013828
0.4709227
0.5074547
0.4643873
0.5073708
0.4738268
0.5011781
0.5061235
0.4989846
0.4761561
0.5336463
0.5195361
0.4973276
0.4684365
0.5016752
0.5090346
0.4878488
0.5124111
0.4842028
0.4981856
0.5083156
0.4885129
0.4702520
0.5014535
0.4788335
0.4659736
0.5152679
0.5056049
0.5303287
0.5035439
0.5049462
0.5528947
0.5278739
0.4961845
0.4704395
0.4770948
0.5072106
0.5112901
0.5190603
0.4854736
0.5013828
0.4709227
0.5074547
0.4643873
0.5073708
0.4738268
0.5011781
0.5061235
0.4989846
0.4761561
0.5336463
0.5195361
0.4973276
0.4684365
0.5016752
0.5090346
0.4878488
0.5124111
0.4842028
0.4981856
0.5083156
0.4885129
0.4702520
0.5014535
0.4788335
0.4659736
0.5152679
0.5056049
0.5303287
0.5035439
0.5049462
0.5528947
0.5278739
0.4961845
0.4704395
0.4770948
0.5072106
0.5112901
0.5190603
0.4854736
0.5013828
0.4709227
0.5074547
0.4643873
0.5073708
0.4738268
0.5011781
0.5061235
0.4989846
0.4761561
0.5336463
0.5195361
0.4973276
0.4684365
0.5016752
0.5090346
0.4878488
0.5124111
0.4842028
0.4981856
0.5083156
0.4885129
0.4702520
0.5014535
0.4788335
0.4659736
0.5152679
0.5056049
0.5303287
0.5035439
0.5049462
0.5528947
0.5278739
0.4961845
0.4704395
0.4770948
0.5072106
0.5112901
0.5190603
0.4854736
0.5013828
0.4709227
0.5074547
0.4643873
0.5073708
0.4738268
0.5011781
0.5061235
0.4989846
0.4761561
0.5336463
0.5195361
0.4973276
0.4684365
0.5016752
0.5090346
0.4878488
0.5124111
0.4842028
0.4981856
0.5083156
0.4885129
0.4702520
0.5014535
0.4788335
0.4659736
0.5152679
0.5056049
0.5303287
0.5035439
0.5049462
0.5528947
0.5278739
0.4961845
0.4704395
0.4770948
0.5072106
0.5112901
0.5190603
0.4854736
0.5013828
0.4709227
0.5074547
0.4643873
0.5073708
0.4738268
0.5011781
0.5061235
0.4989846
0.4761561
0.5336463
0.5195361
0.4973276
0.4684365
0.5016752
0.5090346
0.4878488
0.5124111
0.4842028
0.4981856
0.5083156
0.4885129
0.4702520
0.5014535
0.4788335
0.4659736
0.5152679
0.5056049
0.5303287
0.5035439
0.5049462
0.5528947
0.5278739
0.4961845
0.4704395
0.4770948
0.5072106
0.5112901
0.5190603
0.4854736
0.5013828
0.4709227
0.5074547
0.4643873
0.5073708
0.4738268
0.5011781
0.5061235
0.4989846
0.4761561
0.5336463
0.5195361
0.4973276
0.4684365
0.5016752
0.5090346
0.4878488
0.5124111
0.4842028
0.4981856
0.5083156
0.4885129
0.4702520
0.5014535
0.4788335
0.4659736
0.5152679
0.5056049
0.5303287
0.5035439
0.5049462
0.5528947
0.5278739
0.4961845
0.4704395
0.4770948
0.5072106
0.5112901
0.5190603
0.4854736
0.5013828
0.4709227
0.5074547
0.4643873
0.5073708
0.4738268
0.5011781
0.5061235
0.4989846
0.4761561
0.5336463
0.5195361
0.4973276
0.4684365
0.5016752
0.5090346
0.4878488
0.5124111
0.4842028
0.4981856
0.5083156
0.4885129
0.4702520
0.5014535
0.4788335
0.4659736
0.5152679
0.5056049
0.5303287
0.5035439
0.5049462
0.5528947
0.5278739
0.4961845
0.4704395
0.4770948
0.5072106
0.5112901
0.5190603
0.4854736
0.5013828
0.4709227
0.5074547
0.4643873
0.5073708
0.4738268
0.5011781
0.5061235
0.4989846
0.4761561
0.5336463
0.5195361
0.4973276
0.4684365
0.5016752
0.5090346
0.4878488
0.5124111
0.4842028
0.4981856
0.5083156
0.4885129
0.4702520
0.5014535
0.4788335
0.4659736
0.5152679
0.5056049
0.5303287
0.5035439
0.5049462
0.5528947
0.5278739
0.4961845
0.4704395
0.4770948
0.5072106
0.5112901
0.5190603
0.4854736
0.5013828
0.4709227
0.5074547
0.4643873
0.5073708
0.4738268
0.5011781
0.5061235
0.4989846
0.4761561
0.5336463
0.5195361
0.4973276
0.4684365
0.5016752
0.5090346
0.4878488
0.5124111
0.4842028
0.4981856
0.5083156
0.4885129
0.4702520
0.5014535
0.4788335
0.4659736
0.5152679
0.5056049
0.5303287
0.5035439
0.5049462
0.5528947
0.5278739
0.4961845
0.4704395
0.4770948
0.5072106
0.5112901
0.5190603
0.4854736
0.5013828
0.4709227
0.5074547
0.4643873
0.5073708
0.4738268
0.5011781
0.5061235
0.4989846
0.4761561
0.5336463
0.5195361
0.4973276
0.4684365
0.5016752
0.5090346
0.4878488
0.5124111
0.4842028
0.4981856
0.5083156
0.4885129
0.4702520
0.5014535
0.4788335
0.4659736
0.5152679
0.5056049
0.5303287
0.5035439
0.5049462
0.5528947
0.5278739
0.4961845
0.4704395
0.4770948
0.5072106
0.5112901
0.5190603
0.4854736
0.5013828
0.4709227
0.5074547
0.4643873
0.5073708
0.4738268
0.5011781
0.5061235
0.4989846
0.4761561
0.5336463
0.5195361
0.4973276
0.4684365
0.5016752
0.5090346
0.4878488
0.5124111
0.4842028
0.4981856
0.5083156
0.4885129
0.4702520
0.5014535
0.4788335
0.4659736
0.5152679
0.5056049
0.5303287
0.5035439
0.5049462
0.5528947
