0.9902676
0.9616937
1.0212103
1.0088538
1.0754132
1.0886101
1.0363407
1.0232306
0.9753099
0.9726348
0.9399515
0.9349161
1.0021603
0.9989857
1.0211974
1.0689925
0.9398825
1.0179601
1.0273196
0.9583685
0.9745718
1.0824741
0.9772198
0.9680176
1.0092139
1.0522861
1.0142149
1.0056116
1.0712587
0.9947933
1.0475621
0.9860418
1.0202306
0.9831401
0.9882406
1.0007695
0.9799050
1.0120097
0.9806441
0.9709244
0.9902676
0.9616937
1.0212103
1.0088538
1.0754132
1.0886101
1.0363407
1.0232306
0.9753099
0.9726348
0.9399515
0.9349161
1.0021603
0.9989857
1.0211974
1.0689925
0.9398825
1.0179601
1.0273196
0.9583685
0.9745718
1.0824741
0.9772198
0.9680176
1.0092139
1.0522861
1.0142149
1.0056116
1.0712587
0.9947933
1.0475621
0.9860418
1.0202306
0.9831401
0.9882406
1.0007695
0.9799050
1.0120097
0.9806441
0.9709244
0.9902676
0.9616937
1.0212103
1.0088538
1.0754132
1.0886101
1.0363407
1.0232306
0.9753099
0.9726348
0.9399515
0.9349161
1.0021603
0.9989857
1.0211974
1.0689925
0.9398825
1.0179601
1.0273196
0.9583685
0.9745718
1.0824741
0.9772198
0.9680176
1.0092139
1.0522861
1.0142149
1.0056116
1.0712587
0.9947933
1.0475621
0.9860418
1.0202306
0.9831401
0.9882406
1.0007695
0.9799050
1.0120097
0.9806441
0.9709244
0.9902676
0.9616937
1.0212103
1.0088538
1.0754132
1.0886101
1.0363407
1.0232306
0.9753099
0.9726348
0.9399515
0.9349161
1.0021603
0.9989857
1.0211974
1.0689925
0.9398825
1.0179601
1.0273196
0.9583685
0.9745718
1.0824741
0.9772198
0.9680176
1.0092139
1.0522861
1.0142149
1.0056116
1.0712587
0.9947933
1.0475621
0.9860418
1.0202306
0.9831401
0.9882406
1.0007695
0.9799050
1.0120097
0.9806441
0.9709244
0.9902676
0.9616937
1.0212103
1.0088538
1.0754132
1.0886101
1.0363407
1.0232306
0.9753099
0.9726348
0.9399515
0.9349161
1.0021603
0.9989857
1.0211974
1.0689925
0.9398825
1.0179601
1.0273196
0.9583685
0.9745718
1.0824741
0.9772198
0.9680176
1.0092139
1.0522861
1.0142149
1.0056116
1.0712587
0.9947933
1.0475621
0.9860418
1.0202306
0.9831401
0.9882406
1.0007695
0.9799050
1.0120097
0.9806441
0.9709244
0.9902676
0.9616937
1.0212103
1.0088538
1.0754132
1.0886101
1.0363407
1.0232306
0.9753099
0.9726348
0.9399515
0.9349161
1.0021603
0.9989857
1.0211974
1.0689925
0.9398825
1.0179601
1.0273196
0.9583685
0.9745718
1.0824741
0.9772198
0.9680176
1.0092139
1.0522861
1.0142149
1.0056116
1.0712587
0.9947933
1.0475621
0.9860418
1.0202306
0.9831401
0.9882406
1.0007695
0.9799050
1.0120097
0.9806441
0.9709244
0.9902676
0.9616937
1.0212103
1.0088538
1.0754132
1.0886101
1.0363407
1.0232306
0.9753099
0.9726348
0.9399515
0.9349161
1.0021603
0.9989857
1.0211974
1.0689925
0.9398825
1.0179601
1.0273196
0.9583685
0.9745718
1.0824741
0.9772198
0.9680176
1.0092139
1.0522861
1.0142149
1.0056116
1.0712587
0.9947933
1.0475621
0.9860418
1.0202306
0.9831401
0.9882406
1.0007695
0.9799050
1.0120097
0.9806441
0.9709244
0.9902676
0.9616937
1.0212103
1.0088538
1.0754132
1.0886101
1.0363407
1.0232306
0.9753099
0.9726348
0.9399515
0.9349161
1.0021603
0.9989857
1.0211974
1.0689925
0.9398825
1.0179601
1.0273196
0.9583685
0.9745718
1.0824741
0.9772198
0.9680176
1.0092139
1.0522861
1.0142149
1.0056116
1.0712587
0.9947933
1.0475621
0.9860418
1.0202306
0.9831401
0.9882406
1.0007695
0.9799050
1.0120097
0.9806441
0.9709244
0.9902676
0.9616937
1.0212103
1.0088538
1.0754132
1.0886101
1.0363407
1.0232306
0.9753099
0.9726348
0.9399515
0.9349161
1.0021603
0.9989857
1.0211974
1.0689925
0.9398825
1.0179601
1.0273196
0.9583685
0.9745718
1.0824741
0.9772198
0.9680176
1.0092139
1.0522861
1.0142149
1.0056116
1.0712587
0.9947933
1.0475621
0.9860418
1.0202306
0.9831401
0.9882406
1.0007695
0.9799050
1.0120097
0.9806441
0.9709244
0.9902676
0.9616937
1.0212103
1.0088538
1.0754132
1.0886101
1.0363407
1.0232306
0.9753099
0.9726348
0.9399515
0.9349161
1.0021603
0.9989857
1.0211974
1.0689925
0.9398825
1.0179601
1.0273196
0.9583685
0.9745718
1.0824741
0.9772198
0.9680176
1.0092139
1.0522861
1.0142149
1.0056116
1.0712587
0.9947933
1.0475621
0.9860418
1.0202306
0.9831401
0.9882406
1.0007695
0.9799050
1.0120097
0.9806441
0.9709244
0.9902676
0.9616937
1.0212103
1.0088538
1.0754132
1.0886101
1.0363407
1.0232306
0.9753099
0.9726348
0.9399515
0.9349161
1.0021603
0.9989857
1.0211974
1.0689925
0.9398825
1.0179601
1.0273196
0.9583685
0.9745718
1.0824741
0.9772198
0.9680176
1.0092139
1.0522861
1.0142149
1.0056116
1.0712587
0.9947933
1.0475621
0.9860418
1.0202306
0.9831401
0.9882406
1.0007695
0.9799050
1.0120097
0.9806441
0.9709244
0.9902676
0.9616937
1.0212103
1.0088538
1.0754132
1.0886101
1.0363407
1.0232306
0.9753099
0.9726348
0.9399515
0.9349161
1.0021603
0.9989857
1.0211974
1.0689925
0.9398825
1.0179601
1.0273196
0.9583685
0.9745718
1.0824741
0.9772198
0.9680176
1.0092139
1.0522861
1.0142149
1.0056116
1.0712587
0.9947933
1.0475621
0.9860418
1.0202306
0.9831401
0.9882406
1.0007695
0.9799050
1.0120097
0.9806441
0.9709244
0.9902676
0.9616937
1.0212103
1.0088538
1.0754132
1.0886101
1.0363407
1.0232306
0.9753099
0.9726348
0.9399515
0.9349161
1.0021603
0.9989857
1.0211974
1.0689925
0.9398825
1.0179601
1.0273196
0.9583685
0.9745718
1.0824741
0.9772198
0.9680176
1.0092139
1.0522861
1.0142149
1.0056116
1.0712587
0.9947933
1.0475621
0.9860418
1.0202306
0.9831401
0.9882406
1.0007695
0.9799050
1.0120097
0.9806441
0.9709244
0.9902676
0.9616937
1.0212103
1.0088538
1.0754132
1.0886101
1.0363407
1.0232306
0.9753099
0.9726348
0.9399515
0.9349161
1.0021603
0.9989857
1.0211974
1.0689925
0.9398825
1.0179601
1.0273196
0.9583685
0.9745718
1.0824741
0.9772198
0.9680176
1.0092139
1.0522861
1.0142149
1.0056116
1.0712587
0.9947933
1.0475621
0.9860418
1.0202306
0.9831401
0.9882406
1.0007695
0.9799050
1.0120097
0.9806441
0.9709244
0.9902676
0.9616937
1.0212103
1.0088538
1.0754132
1.0886101
1.0363407
1.0232306
0.9753099
0.9726348
0.9399515
0.9349161
1.0021603
0.9989857
1.0211974
1.0689925
0.9398825
1.0179601
1.0273196
0.9583685
0.9745718
1.0824741
0.9772198
0.9680176
1.0092139
1.0522861
1.0142149
1.0056116
1.0712587
0.9947933
1.0475621
0.9860418
1.0202306
0.9831401
0.9882406
1.0007695
0.9799050
1.0120097
0.9806441
0.9709244
0.9902676
0.9616937
1.0212103
1.0088538
1.0754132
1.0886101
1.0363407
1.0232306
0.9753099
0.9726348
0.9399515
0.9349161
1.0021603
0.9989857
1.0211974
1.0689925
0.9398825
1.0179601
1.0273196
0.9583685
0.9745718
1.0824741
0.9772198
0.9680176
1.0092139
1.0522861
1.0142149
1.0056116
1.0712587
0.9947933
1.0475621
0.9860418
1.0202306
0.9831401
0.9882406
1.0007695
0.9799050
1.0120097
0.9806441
0.9709244
0.9902676
0.9616937
1.0212103
1.0088538
1.0754132
1.0886101
1.0363407
1.0232306
0.9753099
0.9726348
0.9399515
0.9349161
1.0021603
0.9989857
1.0211974
1.0689925
0.9398825
1.0179601
1.0273196
0.9583685
0.9745718
1.0824741
0.9772198
0.9680176
1.0092139
1.0522861
1.0142149
1.0056116
1.0712587
0.9947933
1.0475621
0.9860418
1.0202306
0.9831401
0.9882406
1.0007695
0.9799050
1.0120097
0.9806441
0.9709244
0.9902676
0.9616937
1.0212103
1.0088538
1.0754132
1.0886101
1.0363407
1.0232306
0.9753099
0.9726348
0.9399515
0.9349161
1.0021603
0.9989857
1.0211974
1.0689925
0.9398825
1.0179601
1.0273196
0.9583685
0.9745718
1.0824741
0.9772198
0.9680176
1.0092139
1.0522861
1.0142149
1.0056116
1.0712587
0.9947933
1.0475621
0.9860418
1.0202306
0.9831401
0.9882406
1.0007695
0.9799050
1.0120097
0.9806441
0.9709244
0.9902676
0.9616937
1.0212103
1.0088538
1.0754132
1.0886101
1.0363407
1.0232306
0.9753099
0.9726348
0.9399515
0.9349161
1.0021603
0.9989857
1.0211974
1.0689925
0.9398825
1.0179601
1.0273196
0.9583685
0.9745718
1.0824741
0.9772198
0.9680176
1.0092139
1.0522861
1.0142149
1.0056116
1.0712587
0.9947933
1.0475621
0.9860418
1.0202306
0.9831401
0.9882406
1.0007695
0.9799050
1.0120097
0.9806441
0.9709244
0.9902676
0.9616937
1.0212103
1.0088538
1.0754132
1.0886101
1.0363407
1.0232306
0.9753099
0.9726348
0.9399515
0.9349161
1.0021603
0.9989857
1.0211974
1.0689925
0.9398825
1.0179601
1.0273196
0.9583685
0.9745718
1.0824741
0.9772198
0.9680176
1.0092139
1.0522861
1.0142149
1.0056116
1.0712587
0.9947933
1.0475621
0.9860418
1.0202306
0.9831401
0.9882406
1.0007695
0.9799050
1.0120097
0.9806441
0.9709244
0.9902676
0.9616937
1.0212103
1.0088538
1.0754132
1.0886101
1.0363407
1.0232306
0.9753099
0.9726348
0.9399515
0.9349161
1.0021603
0.9989857
1.0211974
1.0689925
0.9398825
1.0179601
1.0273196
0.9583685
0.9745718
1.0824741
0.9772198
0.9680176
1.0092139
1.0522861
1.0142149
1.0056116
1.0712587
0.9947933
1.0475621
0.9860418
1.0202306
0.9831401
0.9882406
1.0007695
0.9799050
1.0120097
0.9806441
0.9709244
0.9902676
0.9616937
1.0212103
1.0088538
1.0754132
1.0886101
1.0363407
1.0232306
0.9753099
0.9726348
0.9399515
0.9349161
1.0021603
0.9989857
1.0211974
1.0689925
0.9398825
1.0179601
1.0273196
0.9583685
0.9745718
1.0824741
0.9772198
0.9680176
1.0092139
1.0522861
1.0142149
1.0056116
1.0712587
0.9947933
1.0475621
0.9860418
1.0202306
0.9831401
0.9882406
1.0007695
0.9799050
1.0120097
0.9806441
0.9709244
0.9902676
0.9616937
1.0212103
1.0088538
1.0754132
1.0886101
1.0363407
1.0232306
0.9753099
0.9726348
0.9399515
0.9349161
1.0021603
0.9989857
1.0211974
1.0689925
0.9398825
1.0179601
1.0273196
0.9583685
0.9745718
1.0824741
0.9772198
0.9680176
1.0092139
1.0522861
1.0142149
1.0056116
1.0712587
0.9947933
1.0475621
0.9860418
1.0202306
0.9831401
0.9882406
1.0007695
0.9799050
1.0120097
0.9806441
0.9709244
0.9902676
0.9616937
1.0212103
1.0088538
1.0754132
1.0886101
1.0363407
1.0232306
0.9753099
0.9726348
0.9399515
0.9349161
1.0021603
0.9989857
1.0211974
1.0689925
0.9398825
1.0179601
1.0273196
0.9583685
0.9745718
1.0824741
0.9772198
0.9680176
1.0092139
1.0522861
1.0142149
1.0056116
1.0712587
0.9947933
1.0475621
0.9860418
1.0202306
0.9831401
0.9882406
1.0007695
0.9799050
1.0120097
0.9806441
0.9709244
0.9902676
0.9616937
1.0212103
1.0088538
1.0754132
1.0886101
1.0363407
1.0232306
0.9753099
0.9726348
0.9399515
0.9349161
1.0021603
0.9989857
1.0211974
1.0689925
0.9398825
1.0179601
1.0273196
0.9583685
0.9745718
1.0824741
0.9772198
0.9680176
1.0092139
1.0522861
1.0142149
1.0056116
1.0712587
0.9947933
1.0475621
0.9860418
1.0202306
0.9831401
0.9882406
1.0007695
0.9799050
1.0120097
0.9806441
0.9709244
0.9902676
0.9616937
1.0212103
1.0088538
1.0754132
1.0886101
1.0363407
1.0232306
0.9753099
0.9726348
0.9399515
0.9349161
1.0021603
0.9989857
1.0211974
1.0689925
0.9398825
1.0179601
1.0273196
0.9583685
0.9745718
1.0824741
0.9772198
0.9680176
1.0092139
1.0522861
1.0142149
1.0056116
1.0712587
0.9947933
1.0475621
0.9860418
1.0202306
0.9831401
0.9882406
1.0007695
0.9799050
1.0120097
0.9806441
0.9709244
0.9902676
0.9616937
1.0212103
1.0088538
1.0754132
1.0886101
1.0363407
1.0232306
0.9753099
0.9726348
0.9399515
0.9349161
1.0021603
0.9989857
1.0211974
1.0689925
0.9398825
1.0179601
1.0273196
0.9583685
0.9745718
1.0824741
0.9772198
0.9680176
1.0092139
1.0522861
1.0142149
1.0056116
1.0712587
0.9947933
1.0475621
0.9860418
1.0202306
0.9831401
0.9882406
1.0007695
0.9799050
1.0120097
0.9806441
0.9709244
0.9902676
0.9616937
1.0212103
1.0088538
1.0754132
1.0886101
1.0363407
1.0232306
0.9753099
0.9726348
0.9399515
0.9349161
1.0021603
0.9989857
1.0211974
1.0689925
0.9398825
1.0179601
1.0273196
0.9583685
0.9745718
1.0824741
0.9772198
0.9680176
1.0092139
1.0522861
1.0142149
1.0056116
1.0712587
0.9947933
1.0475621
0.9860418
1.0202306
0.9831401
0.9882406
1.0007695
0.9799050
1.0120097
0.9806441
0.9709244
0.9902676
0.9616937
1.0212103
1.0088538
1.0754132
1.0886101
1.0363407
1.0232306
0.9753099
0.9726348
0.9399515
0.9349161
1.0021603
0.9989857
1.0211974
1.0689925
0.9398825
1.0179601
1.0273196
0.9583685
0.9745718
1.0824741
0.9772198
0.9680176
1.0092139
1.0522861
1.0142149
1.0056116
1.0712587
0.9947933
1.0475621
0.9860418
1.0202306
0.9831401
0.9882406
1.0007695
0.9799050
1.0120097
0.9806441
0.9709244
0.9902676
0.9616937
1.0212103
1.0088538
1.0754132
1.0886101
1.0363407
1.0232306
0.9753099
0.9726348
0.9399515
0.9349161
1.0021603
0.9989857
1.0211974
1.0689925
0.9398825
1.0179601
1.0273196
0.9583685
0.9745718
1.0824741
0.9772198
0.9680176
1.0092139
1.0522861
1.0142149
1.0056116
1.0712587
0.9947933
1.0475621
0.9860418
1.0202306
0.9831401
0.9882406
1.0007695
0.9799050
1.0120097
0.9806441
0.9709244
0.9902676
0.9616937
1.0212103
1.0088538
1.0754132
1.0886101
1.0363407
1.0232306
0.9753099
0.9726348
0.9399515
0.9349161
1.0021603
0.9989857
1.0211974
1.0689925
0.9398825
1.0179601
1.0273196
0.9583685
0.9745718
1.0824741
0.9772198
0.9680176
1.0092139
1.0522861
1.0142149
1.0056116
1.0712587
0.9947933
1.0475621
0.9860418
1.0202306
0.9831401
0.9882406
1.0007695
0.9799050
1.0120097
0.9806441
0.9709244
0.9902676
0.9616937
1.0212103
1.0088538
1.0754132
1.0886101
1.0363407
1.0232306
0.9753099
0.9726348
0.9399515
0.9349161
1.0021603
0.9989857
1.0211974
1.0689925
0.9398825
1.0179601
1.0273196
0.9583685
0.9745718
1.0824741
0.9772198
0.9680176
1.0092139
1.0522861
1.0142149
1.0056116
1.0712587
0.9947933
1.0475621
0.9860418
1.0202306
0.9831401
0.9882406
1.0007695
0.9799050
1.0120097
0.9806441
0.9709244
0.9902676
0.9616937
1.0212103
1.0088538
1.0754132
1.0886101
1.0363407
1.0232306
0.9753099
0.9726348
0.9399515
0.9349161
1.0021603
0.9989857
1.0211974
1.0689925
0.9398825
1.0179601
1.0273196
0.9583685
0.9745718
1.0824741
0.9772198
0.9680176
1.0092139
1.0522861
1.0142149
1.0056116
1.0712587
0.9947933
1.0475621
0.9860418
1.0202306
0.9831401
0.9882406
1.0007695
0.9799050
1.0120097
0.9806441
0.9709244
0.9902676
0.9616937
1.0212103
1.0088538
1.0754132
1.0886101
1.0363407
1.0232306
0.9753099
0.9726348
0.9399515
0.9349161
1.0021603
0.9989857
1.0211974
1.0689925
0.9398825
1.0179601
1.0273196
0.9583685
0.9745718
1.0824741
0.9772198
0.9680176
1.0092139
1.0522861
1.0142149
1.0056116
1.0712587
0.9947933
1.0475621
0.9860418
1.0202306
0.9831401
0.9882406
1.0007695
0.9799050
1.0120097
0.9806441
0.9709244
0.9902676
0.9616937
1.0212103
1.0088538
1.0754132
1.0886101
1.0363407
1.0232306
0.9753099
0.9726348
0.9399515
0.9349161
1.0021603
0.9989857
1.0211974
1.0689925
0.9398825
1.0179601
1.0273196
0.9583685
0.9745718
1.0824741
0.9772198
0.9680176
1.0092139
1.0522861
1.0142149
1.0056116
1.0712587
0.9947933
1.0475621
0.9860418
1.0202306
0.9831401
0.9882406
1.0007695
0.9799050
1.0120097
0.9806441
0.9709244
0.9902676
0.9616937
1.0212103
1.0088538
1.0754132
1.0886101
1.0363407
1.0232306
0.9753099
0.9726348
0.9399515
0.9349161
1.0021603
0.9989857
1.0211974
1.0689925
0.9398825
1.0179601
1.0273196
0.9583685
0.9745718
1.0824741
0.9772198
0.9680176
1.0092139
1.0522861
1.0142149
1.0056116
1.0712587
0.9947933
1.0475621
0.9860418
1.0202306
0.9831401
0.9882406
1.0007695
0.9799050
1.0120097
0.9806441
0.9709244
0.9902676
0.9616937
1.0212103
1.0088538
1.0754132
1.0886101
1.0363407
1.0232306
0.9753099
0.9726348
0.9399515
0.9349161
1.0021603
0.9989857
1.0211974
1.0689925
0.9398825
1.0179601
1.0273196
0.9583685
0.9745718
1.0824741
0.9772198
0.9680176
1.0092139
1.0522861
1.0142149
1.0056116
1.0712587
0.9947933
1.0475621
0.9860418
1.0202306
0.9831401
0.9882406
1.0007695
0.9799050
1.0120097
0.9806441
0.9709244
0.9902676
0.9616937
1.0212103
1.0088538
1.0754132
1.0886101
1.0363407
1.0232306
0.9753099
0.9726348
0.9399515
0.9349161
1.0021603
0.9989857
1.0211974
1.0689925
0.9398825
1.0179601
1.0273196
0.9583685
0.9745718
1.0824741
0.9772198
0.9680176
1.0092139
1.0522861
1.0142149
1.0056116
1.0712587
0.9947933
1.0475621
0.9860418
1.0202306
0.9831401
0.9882406
1.0007695
0.9799050
1.0120097
0.9806441
0.9709244
0.9902676
0.9616937
1.0212103
1.0088538
1.0754132
1.0886101
1.0363407
1.0232306
0.9753099
0.9726348
0.9399515
0.9349161
1.0021603
0.9989857
1.0211974
1.0689925
0.9398825
1.0179601
1.0273196
0.9583685
0.9745718
1.0824741
0.9772198
0.9680176
1.0092139
1.0522861
1.0142149
1.0056116
1.0712587
0.9947933
1.0475621
0.9860418
1.0202306
0.9831401
0.9882406
1.0007695
0.9799050
1.0120097
0.9806441
0.9709244
0.9902676
0.9616937
1.0212103
1.0088538
1.0754132
1.0886101
1.0363407
1.0232306
0.9753099
0.9726348
0.9399515
0.9349161
1.0021603
0.9989857
1.0211974
1.0689925
0.9398825
1.0179601
1.0273196
0.9583685
0.9745718
1.0824741
0.9772198
0.9680176
1.0092139
1.0522861
1.0142149
1.0056116
1.0712587
0.9947933
1.0475621
0.9860418
1.0202306
0.9831401
0.9882406
1.0007695
0.9799050
1.0120097
0.9806441
0.9709244
0.9902676
0.9616937
1.0212103
1.0088538
1.0754132
1.0886101
1.0363407
1.0232306
0.9753099
0.9726348
0.9399515
0.9349161
1.0021603
0.9989857
1.0211974
1.0689925
0.9398825
1.0179601
1.0273196
0.9583685
0.9745718
1.0824741
0.9772198
0.9680176
1.0092139
1.0522861
1.0142149
1.0056116
1.0712587
0.9947933
1.0475621
0.9860418
1.0202306
0.9831401
0.9882406
1.0007695
0.9799050
1.0120097
0.9806441
0.9709244
0.9902676
0.9616937
1.0212103
1.0088538
1.0754132
1.0886101
1.0363407
1.0232306
0.9753099
0.9726348
0.9399515
0.9349161
1.0021603
0.9989857
1.0211974
1.0689925
0.9398825
1.0179601
1.0273196
0.9583685
0.9745718
1.0824741
0.9772198
0.9680176
1.0092139
1.0522861
1.0142149
1.0056116
1.0712587
0.9947933
1.0475621
0.9860418
1.0202306
0.9831401
0.9882406
1.0007695
0.9799050
1.0120097
0.9806441
0.9709244
0.9902676
0.9616937
1.0212103
1.0088538
1.0754132
1.0886101
1.0363407
1.0232306
0.9753099
0.9726348
0.9399515
0.9349161
1.0021603
0.9989857
1.0211974
1.0689925
0.9398825
1.0179601
1.0273196
0.9583685
0.9745718
1.0824741
0.9772198
0.9680176
1.0092139
1.0522861
1.0142149
1.0056116
1.0712587
0.9947933
1.0475621
0.9860418
1.0202306
0.9831401
0.9882406
1.0007695
0.9799050
1.0120097
0.9806441
0.9709244
0.9902676
0.9616937
1.0212103
1.0088538
1.0754132
1.0886101
1.0363407
1.0232306
0.9753099
0.9726348
0.9399515
0.9349161
1.0021603
0.9989857
1.0211974
1.0689925
0.9398825
1.0179601
1.0273196
0.9583685
0.9745718
1.0824741
0.9772198
0.9680176
1.0092139
1.0522861
1.0142149
1.0056116
1.0712587
0.9947933
1.0475621
0.9860418
1.0202306
0.9831401
0.9882406
1.0007695
0.9799050
1.0120097
0.9806441
0.9709244
0.9902676
0.9616937
1.0212103
1.0088538
1.0754132
1.0886101
1.0363407
1.0232306
0.9753099
0.9726348
0.9399515
0.9349161
1.0021603
0.9989857
1.0211974
1.0689925
0.9398825
1.0179601
1.0273196
0.9583685
0.9745718
1.0824741
0.9772198
0.9680176
1.0092139
1.0522861
1.0142149
1.0056116
1.0712587
0.9947933
1.0475621
0.9860418
1.0202306
0.9831401
0.9882406
1.0007695
0.9799050
1.0120097
0.9806441
0.9709244
0.9902676
0.9616937
1.0212103
1.0088538
1.0754132
1.0886101
1.0363407
1.0232306
0.9753099
0.9726348
0.9399515
0.9349161
1.0021603
0.9989857
1.0211974
1.0689925
0.9398825
1.0179601
1.0273196
0.9583685
0.9745718
1.0824741
0.9772198
0.9680176
1.0092139
1.0522861
1.0142149
1.0056116
1.0712587
0.9947933
1.0475621
0.9860418
1.0202306
0.9831401
0.9882406
1.0007695
0.9799050
1.0120097
0.9806441
0.9709244
0.9902676
0.9616937
1.0212103
1.0088538
1.0754132
1.0886101
1.0363407
1.0232306
0.9753099
0.9726348
0.9399515
0.9349161
1.0021603
0.9989857
1.0211974
1.0689925
0.9398825
1.0179601
1.0273196
0.9583685
0.9745718
1.0824741
0.9772198
0.9680176
1.0092139
1.0522861
1.0142149
1.0056116
1.0712587
0.9947933
1.0475621
0.9860418
1.0202306
0.9831401
0.9882406
1.0007695
0.9799050
1.0120097
0.9806441
0.9709244
0.9902676
0.9616937
1.0212103
1.0088538
1.0754132
1.0886101
1.0363407
1.0232306
0.9753099
0.9726348
0.9399515
0.9349161
1.0021603
0.9989857
1.0211974
1.0689925
0.9398825
1.0179601
1.0273196
0.9583685
0.9745718
1.0824741
0.9772198
0.9680176
1.0092139
1.0522861
1.0142149
1.0056116
1.0712587
0.9947933
1.0475621
0.9860418
1.0202306
0.9831401
0.9882406
1.0007695
0.9799050
1.0120097
0.9806441
0.9709244
0.9902676
0.9616937
1.0212103
1.0088538
1.0754132
1.0886101
1.0363407
1.0232306
0.9753099
0.9726348
0.9399515
0.9349161
1.0021603
0.9989857
1.0211974
1.0689925
0.9398825
1.0179601
1.0273196
0.9583685
0.9745718
1.0824741
0.9772198
0.9680176
1.0092139
1.0522861
1.0142149
1.0056116
1.0712587
0.9947933
1.0475621
0.9860418
1.0202306
0.9831401
0.9882406
1.0007695
0.9799050
1.0120097
0.9806441
0.9709244
0.9902676
0.9616937
1.0212103
1.0088538
1.0754132
1.0886101
1.0363407
1.0232306
0.9753099
0.9726348
0.9399515
0.9349161
1.0021603
0.9989857
1.0211974
1.0689925
0.9398825
1.0179601
1.0273196
0.9583685
0.9745718
1.0824741
0.9772198
0.9680176
1.0092139
1.0522861
1.0142149
1.0056116
1.0712587
0.9947933
1.0475621
0.9860418
1.0202306
0.9831401
0.9882406
1.0007695
0.9799050
1.0120097
0.9806441
0.9709244
