0.5009308
0.5055463
0.4902963
0.5190217
0.5173105
0.4647043
0.4778032
0.5236052
0.4798722
0.5102829
0.5175303
0.4910613
0.5080232
0.4550782
0.4867765
0.5011221
0.4948673
0.4819584
0.5221204
0.5126058
0.5074299
0.5277406
0.4893136
0.4773481
0.5184345
0.4954438
0.4751927
0.4963430
0.4919685
0.4722780
0.5459998
0.5081517
0.4871497
0.5139883
0.4479642
0.5188650
0.4926297
0.5517067
0.4757802
0.5098454
0.5009308
0.5055463
0.4902963
0.5190217
0.5173105
0.4647043
0.4778032
0.5236052
0.4798722
0.5102829
0.5175303
0.4910613
0.5080232
0.4550782
0.4867765
0.5011221
0.4948673
0.4819584
0.5221204
0.5126058
0.5074299
0.5277406
0.4893136
0.4773481
0.5184345
0.4954438
0.4751927
0.4963430
0.4919685
0.4722780
0.5459998
0.5081517
0.4871497
0.5139883
0.4479642
0.5188650
0.4926297
0.5517067
0.4757802
0.5098454
0.5009308
0.5055463
0.4902963
0.5190217
0.5173105
0.4647043
0.4778032
0.5236052
0.4798722
0.5102829
0.5175303
0.4910613
0.5080232
0.4550782
0.4867765
0.5011221
0.4948673
0.4819584
0.5221204
0.5126058
0.5074299
0.5277406
0.4893136
0.4773481
0.5184345
0.4954438
0.4751927
0.4963430
0.4919685
0.4722780
0.5459998
0.5081517
0.4871497
0.5139883
0.4479642
0.5188650
0.4926297
0.5517067
0.4757802
0.5098454
0.5009308
0.5055463
0.4902963
0.5190217
0.5173105
0.4647043
0.4778032
0.5236052
0.4798722
0.5102829
0.5175303
0.4910613
0.5080232
0.4550782
0.4867765
0.5011221
0.4948673
0.4819584
0.5221204
0.5126058
0.5074299
0.5277406
0.4893136
0.4773481
0.5184345
0.4954438
0.4751927
0.4963430
0.4919685
0.4722780
0.5459998
0.5081517
0.4871497
0.5139883
0.4479642
0.5188650
0.4926297
0.5517067
0.4757802
0.5098454
0.5009308
0.5055463
0.4902963
0.5190217
0.5173105
0.4647043
0.4778032
0.5236052
0.4798722
0.5102829
0.5175303
0.4910613
0.5080232
0.4550782
0.4867765
0.5011221
0.4948673
0.4819584
0.5221204
0.5126058
0.5074299
0.5277406
0.4893136
0.4773481
0.5184345
0.4954438
0.4751927
0.4963430
0.4919685
0.4722780
0.5459998
0.5081517
0.4871497
0.5139883
0.4479642
0.5188650
0.4926297
0.5517067
0.4757802
0.5098454
0.5009308
0.5055463
0.4902963
0.5190217
0.5173105
0.4647043
0.4778032
0.5236052
0.4798722
0.5102829
0.5175303
0.4910613
0.5080232
0.4550782
0.4867765
0.5011221
0.4948673
0.4819584
0.5221204
0.5126058
0.5074299
0.5277406
0.4893136
0.4773481
0.5184345
0.4954438
0.4751927
0.4963430
0.4919685
0.4722780
0.5459998
0.5081517
0.4871497
0.5139883
0.4479642
0.5188650
0.4926297
0.5517067
0.4757802
0.5098454
0.5009308
0.5055463
0.4902963
0.5190217
0.5173105
0.4647043
0.4778032
0.5236052
0.4798722
0.5102829
0.5175303
0.4910613
0.5080232
0.4550782
0.4867765
0.5011221
0.4948673
0.4819584
0.5221204
0.5126058
0.5074299
0.5277406
0.4893136
0.4773481
0.5184345
0.4954438
0.4751927
0.4963430
0.4919685
0.4722780
0.5459998
0.5081517
0.4871497
0.5139883
0.4479642
0.5188650
0.4926297
0.5517067
0.4757802
0.5098454
0.5009308
0.5055463
0.4902963
0.5190217
0.5173105
0.4647043
0.4778032
0.5236052
0.4798722
0.5102829
0.5175303
0.4910613
0.5080232
0.4550782
0.4867765
0.5011221
0.4948673
0.4819584
0.5221204
0.5126058
0.5074299
0.5277406
0.4893136
0.4773481
0.5184345
0.4954438
0.4751927
0.4963430
0.4919685
0.4722780
0.5459998
0.5081517
0.4871497
0.5139883
0.4479642
0.5188650
0.4926297
0.5517067
0.4757802
0.5098454
0.5009308
0.5055463
0.4902963
0.5190217
0.5173105
0.4647043
0.4778032
0.5236052
0.4798722
0.5102829
0.5175303
0.4910613
0.5080232
0.4550782
0.4867765
0.5011221
0.4948673
0.4819584
0.5221204
0.5126058
0.5074299
0.5277406
0.4893136
0.4773481
0.5184345
0.4954438
0.4751927
0.4963430
0.4919685
0.4722780
0.5459998
0.5081517
0.4871497
0.5139883
0.4479642
0.5188650
0.4926297
0.5517067
0.4757802
0.5098454
0.5009308
0.5055463
0.4902963
0.5190217
0.5173105
0.4647043
0.4778032
0.5236052
0.4798722
0.5102829
0.5175303
0.4910613
0.5080232
0.4550782
0.4867765
0.5011221
0.4948673
0.4819584
0.5221204
0.5126058
0.5074299
0.5277406
0.4893136
0.4773481
0.5184345
0.4954438
0.4751927
0.4963430
0.4919685
0.4722780
0.5459998
0.5081517
0.4871497
0.5139883
0.4479642
0.5188650
0.4926297
0.5517067
0.4757802
0.5098454
0.5009308
0.5055463
0.4902963
0.5190217
0.5173105
0.4647043
0.4778032
0.5236052
0.4798722
0.5102829
0.5175303
0.4910613
0.5080232
0.4550782
0.4867765
0.5011221
0.4948673
0.4819584
0.5221204
0.5126058
0.5074299
0.5277406
0.4893136
0.4773481
0.5184345
0.4954438
0.4751927
0.4963430
0.4919685
0.4722780
0.5459998
0.5081517
0.4871497
0.5139883
0.4479642
0.5188650
0.4926297
0.5517067
0.4757802
0.5098454
0.5009308
0.5055463
0.4902963
0.5190217
0.5173105
0.4647043
0.4778032
0.5236052
0.4798722
0.5102829
0.5175303
0.4910613
0.5080232
0.4550782
0.4867765
0.5011221
0.4948673
0.4819584
0.5221204
0.5126058
0.5074299
0.5277406
0.4893136
0.4773481
0.5184345
0.4954438
0.4751927
0.4963430
0.4919685
0.4722780
0.5459998
0.5081517
0.4871497
0.5139883
0.4479642
0.5188650
0.4926297
0.5517067
0.4757802
0.5098454
0.5009308
0.5055463
0.4902963
0.5190217
0.5173105
0.4647043
0.4778032
0.5236052
0.4798722
0.5102829
0.5175303
0.4910613
0.5080232
0.4550782
0.4867765
0.5011221
0.4948673
0.4819584
0.5221204
0.5126058
0.5074299
0.5277406
0.4893136
0.4773481
0.5184345
0.4954438
0.4751927
0.4963430
0.4919685
0.4722780
0.5459998
0.5081517
0.4871497
0.5139883
0.4479642
0.5188650
0.4926297
0.5517067
0.4757802
0.5098454
0.5009308
0.5055463
0.4902963
0.5190217
0.5173105
0.4647043
0.4778032
0.5236052
0.4798722
0.5102829
0.5175303
0.4910613
0.5080232
0.4550782
0.4867765
0.5011221
0.4948673
0.4819584
0.5221204
0.5126058
0.5074299
0.5277406
0.4893136
0.4773481
0.5184345
0.4954438
0.4751927
0.4963430
0.4919685
0.4722780
0.5459998
0.5081517
0.4871497
0.5139883
0.4479642
0.5188650
0.4926297
0.5517067
0.4757802
0.5098454
0.5009308
0.5055463
0.4902963
0.5190217
0.5173105
0.4647043
0.4778032
0.5236052
0.4798722
0.5102829
0.5175303
0.4910613
0.5080232
0.4550782
0.4867765
0.5011221
0.4948673
0.4819584
0.5221204
0.5126058
0.5074299
0.5277406
0.4893136
0.4773481
0.5184345
0.4954438
0.4751927
0.4963430
0.4919685
0.4722780
0.5459998
0.5081517
0.4871497
0.5139883
0.4479642
0.5188650
0.4926297
0.5517067
0.4757802
0.5098454
0.5009308
0.5055463
0.4902963
0.5190217
0.5173105
0.4647043
0.4778032
0.5236052
0.4798722
0.5102829
0.5175303
0.4910613
0.5080232
0.4550782
0.4867765
0.5011221
0.4948673
0.4819584
0.5221204
0.5126058
0.5074299
0.5277406
0.4893136
0.4773481
0.5184345
0.4954438
0.4751927
0.4963430
0.4919685
0.4722780
0.5459998
0.5081517
0.4871497
0.5139883
0.4479642
0.5188650
0.4926297
0.5517067
0.4757802
0.5098454
0.5009308
0.5055463
0.4902963
0.5190217
0.5173105
0.4647043
0.4778032
0.5236052
0.4798722
0.5102829
0.5175303
0.4910613
0.5080232
0.4550782
0.4867765
0.5011221
0.4948673
0.4819584
0.5221204
0.5126058
0.5074299
0.5277406
0.4893136
0.4773481
0.5184345
0.4954438
0.4751927
0.4963430
0.4919685
0.4722780
0.5459998
0.5081517
0.4871497
0.5139883
0.4479642
0.5188650
0.4926297
0.5517067
0.4757802
0.5098454
0.5009308
0.5055463
0.4902963
0.5190217
0.5173105
0.4647043
0.4778032
0.5236052
0.4798722
0.5102829
0.5175303
0.4910613
0.5080232
0.4550782
0.4867765
0.5011221
0.4948673
0.4819584
0.5221204
0.5126058
0.5074299
0.5277406
0.4893136
0.4773481
0.5184345
0.4954438
0.4751927
0.4963430
0.4919685
0.4722780
0.5459998
0.5081517
0.4871497
0.5139883
0.4479642
0.5188650
0.4926297
0.5517067
0.4757802
0.5098454
0.5009308
0.5055463
0.4902963
0.5190217
0.5173105
0.4647043
0.4778032
0.5236052
0.4798722
0.5102829
0.5175303
0.4910613
0.5080232
0.4550782
0.4867765
0.5011221
0.4948673
0.4819584
0.5221204
0.5126058
0.5074299
0.5277406
0.4893136
0.4773481
0.5184345
0.4954438
0.4751927
0.4963430
0.4919685
0.4722780
0.5459998
0.5081517
0.4871497
0.5139883
0.4479642
0.5188650
0.4926297
0.5517067
0.4757802
0.5098454
0.5009308
0.5055463
0.4902963
0.5190217
0.5173105
0.4647043
0.4778032
0.5236052
0.4798722
0.5102829
0.5175303
0.4910613
0.5080232
0.4550782
0.4867765
0.5011221
0.4948673
0.4819584
0.5221204
0.5126058
0.5074299
0.5277406
0.4893136
0.4773481
0.5184345
0.4954438
0.4751927
0.4963430
0.4919685
0.4722780
0.5459998
0.5081517
0.4871497
0.5139883
0.4479642
0.5188650
0.4926297
0.5517067
0.4757802
0.5098454
0.5009308
0.5055463
0.4902963
0.5190217
0.5173105
0.4647043
0.4778032
0.5236052
0.4798722
0.5102829
0.5175303
0.4910613
0.5080232
0.4550782
0.4867765
0.5011221
0.4948673
0.4819584
0.5221204
0.5126058
0.5074299
0.5277406
0.4893136
0.4773481
0.5184345
0.4954438
0.4751927
0.4963430
0.4919685
0.4722780
0.5459998
0.5081517
0.4871497
0.5139883
0.4479642
0.5188650
0.4926297
0.5517067
0.4757802
0.5098454
0.5009308
0.5055463
0.4902963
0.5190217
0.5173105
0.4647043
0.4778032
0.5236052
0.4798722
0.5102829
0.5175303
0.4910613
0.5080232
0.4550782
0.4867765
0.5011221
0.4948673
0.4819584
0.5221204
0.5126058
0.5074299
0.5277406
0.4893136
0.4773481
0.5184345
0.4954438
0.4751927
0.4963430
0.4919685
0.4722780
0.5459998
0.5081517
0.4871497
0.5139883
0.4479642
0.5188650
0.4926297
0.5517067
0.4757802
0.5098454
0.5009308
0.5055463
0.4902963
0.5190217
0.5173105
0.4647043
0.4778032
0.5236052
0.4798722
0.5102829
0.5175303
0.4910613
0.5080232
0.4550782
0.4867765
0.5011221
0.4948673
0.4819584
0.5221204
0.5126058
0.5074299
0.5277406
0.4893136
0.4773481
0.5184345
0.4954438
0.4751927
0.4963430
0.4919685
0.4722780
0.5459998
0.5081517
0.4871497
0.5139883
0.4479642
0.5188650
0.4926297
0.5517067
0.4757802
0.5098454
0.5009308
0.5055463
0.4902963
0.5190217
0.5173105
0.4647043
0.4778032
0.5236052
0.4798722
0.5102829
0.5175303
0.4910613
0.5080232
0.4550782
0.4867765
0.5011221
0.4948673
0.4819584
0.5221204
0.5126058
0.5074299
0.5277406
0.4893136
0.4773481
0.5184345
0.4954438
0.4751927
0.4963430
0.4919685
0.4722780
0.5459998
0.5081517
0.4871497
0.5139883
0.4479642
0.5188650
0.4926297
0.5517067
0.4757802
0.5098454
0.5009308
0.5055463
0.4902963
0.5190217
0.5173105
0.4647043
0.4778032
0.5236052
0.4798722
0.5102829
0.5175303
0.4910613
0.5080232
0.4550782
0.4867765
0.5011221
0.4948673
0.4819584
0.5221204
0.5126058
0.5074299
0.5277406
0.4893136
0.4773481
0.5184345
0.4954438
0.4751927
0.4963430
0.4919685
0.4722780
0.5459998
0.5081517
0.4871497
0.5139883
0.4479642
0.5188650
0.4926297
0.5517067
0.4757802
0.5098454
0.5009308
0.5055463
0.4902963
0.5190217
0.5173105
0.4647043
0.4778032
0.5236052
0.4798722
0.5102829
0.5175303
0.4910613
0.5080232
0.4550782
0.4867765
0.5011221
0.4948673
0.4819584
0.5221204
0.5126058
0.5074299
0.5277406
0.4893136
0.4773481
0.5184345
0.4954438
0.4751927
0.4963430
0.4919685
0.4722780
0.5459998
0.5081517
0.4871497
0.5139883
0.4479642
0.5188650
0.4926297
0.5517067
0.4757802
0.5098454
0.5009308
0.5055463
0.4902963
0.5190217
0.5173105
0.4647043
0.4778032
0.5236052
0.4798722
0.5102829
0.5175303
0.4910613
0.5080232
0.4550782
0.4867765
0.5011221
0.4948673
0.4819584
0.5221204
0.5126058
0.5074299
0.5277406
0.4893136
0.4773481
0.5184345
0.4954438
0.4751927
0.4963430
0.4919685
0.4722780
0.5459998
0.5081517
0.4871497
0.5139883
0.4479642
0.5188650
0.4926297
0.5517067
0.4757802
0.5098454
0.5009308
0.5055463
0.4902963
0.5190217
0.5173105
0.4647043
0.4778032
0.5236052
0.4798722
0.5102829
0.5175303
0.4910613
0.5080232
0.4550782
0.4867765
0.5011221
0.4948673
0.4819584
0.5221204
0.5126058
0.5074299
0.5277406
0.4893136
0.4773481
0.5184345
0.4954438
0.4751927
0.4963430
0.4919685
0.4722780
0.5459998
0.5081517
0.4871497
0.5139883
0.4479642
0.5188650
0.4926297
0.5517067
0.4757802
0.5098454
0.5009308
0.5055463
0.4902963
0.5190217
0.5173105
0.4647043
0.4778032
0.5236052
0.4798722
0.5102829
0.5175303
0.4910613
0.5080232
0.4550782
0.4867765
0.5011221
0.4948673
0.4819584
0.5221204
0.5126058
0.5074299
0.5277406
0.4893136
0.4773481
0.5184345
0.4954438
0.4751927
0.4963430
0.4919685
0.4722780
0.5459998
0.5081517
0.4871497
0.5139883
0.4479642
0.5188650
0.4926297
0.5517067
0.4757802
0.5098454
0.5009308
0.5055463
0.4902963
0.5190217
0.5173105
0.4647043
0.4778032
0.5236052
0.4798722
0.5102829
0.5175303
0.4910613
0.5080232
0.4550782
0.4867765
0.5011221
0.4948673
0.4819584
0.5221204
0.5126058
0.5074299
0.5277406
0.4893136
0.4773481
0.5184345
0.4954438
0.4751927
0.4963430
0.4919685
0.4722780
0.5459998
0.5081517
0.4871497
0.5139883
0.4479642
0.5188650
0.4926297
0.5517067
0.4757802
0.5098454
0.5009308
0.5055463
0.4902963
0.5190217
0.5173105
0.4647043
0.4778032
0.5236052
0.4798722
0.5102829
0.5175303
0.4910613
0.5080232
0.4550782
0.4867765
0.5011221
0.4948673
0.4819584
0.5221204
0.5126058
0.5074299
0.5277406
0.4893136
0.4773481
0.5184345
0.4954438
0.4751927
0.4963430
0.4919685
0.4722780
0.5459998
0.5081517
0.4871497
0.5139883
0.4479642
0.5188650
0.4926297
0.5517067
0.4757802
0.5098454
0.5009308
0.5055463
0.4902963
0.5190217
0.5173105
0.4647043
0.4778032
0.5236052
0.4798722
0.5102829
0.5175303
0.4910613
0.5080232
0.4550782
0.4867765
0.5011221
0.4948673
0.4819584
0.5221204
0.5126058
0.5074299
0.5277406
0.4893136
0.4773481
0.5184345
0.4954438
0.4751927
0.4963430
0.4919685
0.4722780
0.5459998
0.5081517
0.4871497
0.5139883
0.4479642
0.5188650
0.4926297
0.5517067
0.4757802
0.5098454
0.5009308
0.5055463
0.4902963
0.5190217
0.5173105
0.4647043
0.4778032
0.5236052
0.4798722
0.5102829
0.5175303
0.4910613
0.5080232
0.4550782
0.4867765
0.5011221
0.4948673
0.4819584
0.5221204
0.5126058
0.5074299
0.5277406
0.4893136
0.4773481
0.5184345
0.4954438
0.4751927
0.4963430
0.4919685
0.4722780
0.5459998
0.5081517
0.4871497
0.5139883
0.4479642
0.5188650
0.4926297
0.5517067
0.4757802
0.5098454
0.5009308
0.5055463
0.4902963
0.5190217
0.5173105
0.4647043
0.4778032
0.5236052
0.4798722
0.5102829
0.5175303
0.4910613
0.5080232
0.4550782
0.4867765
0.5011221
0.4948673
0.4819584
0.5221204
0.5126058
0.5074299
0.5277406
0.4893136
0.4773481
0.5184345
0.4954438
0.4751927
0.4963430
0.4919685
0.4722780
0.5459998
0.5081517
0.4871497
0.5139883
0.4479642
0.5188650
0.4926297
0.5517067
0.4757802
0.5098454
0.5009308
0.5055463
0.4902963
0.5190217
0.5173105
0.4647043
0.4778032
0.5236052
0.4798722
0.5102829
0.5175303
0.4910613
0.5080232
0.4550782
0.4867765
0.5011221
0.4948673
0.4819584
0.5221204
0.5126058
0.5074299
0.5277406
0.4893136
0.4773481
0.5184345
0.4954438
0.4751927
0.4963430
0.4919685
0.4722780
0.5459998
0.5081517
0.4871497
0.5139883
0.4479642
0.5188650
0.4926297
0.5517067
0.4757802
0.5098454
0.5009308
0.5055463
0.4902963
0.5190217
0.5173105
0.4647043
0.4778032
0.5236052
0.4798722
0.5102829
0.5175303
0.4910613
0.5080232
0.4550782
0.4867765
0.5011221
0.4948673
0.4819584
0.5221204
0.5126058
0.5074299
0.5277406
0.4893136
0.4773481
0.5184345
0.4954438
0.4751927
0.4963430
0.4919685
0.4722780
0.5459998
0.5081517
0.4871497
0.5139883
0.4479642
0.5188650
0.4926297
0.5517067
0.4757802
0.5098454
0.5009308
0.5055463
0.4902963
0.5190217
0.5173105
0.4647043
0.4778032
0.5236052
0.4798722
0.5102829
0.5175303
0.4910613
0.5080232
0.4550782
0.4867765
0.5011221
0.4948673
0.4819584
0.5221204
0.5126058
0.5074299
0.5277406
0.4893136
0.4773481
0.5184345
0.4954438
0.4751927
0.4963430
0.4919685
0.4722780
0.5459998
0.5081517
0.4871497
0.5139883
0.4479642
0.5188650
0.4926297
0.5517067
0.4757802
0.5098454
0.5009308
0.5055463
0.4902963
0.5190217
0.5173105
0.4647043
0.4778032
0.5236052
0.4798722
0.5102829
0.5175303
0.4910613
0.5080232
0.4550782
0.4867765
0.5011221
0.4948673
0.4819584
0.5221204
0.5126058
0.5074299
0.5277406
0.4893136
0.4773481
0.5184345
0.4954438
0.4751927
0.4963430
0.4919685
0.4722780
0.5459998
0.5081517
0.4871497
0.5139883
0.4479642
0.5188650
0.4926297
0.5517067
0.4757802
0.5098454
0.5009308
0.5055463
0.4902963
0.5190217
0.5173105
0.4647043
0.4778032
0.5236052
0.4798722
0.5102829
0.5175303
0.4910613
0.5080232
0.4550782
0.4867765
0.5011221
0.4948673
0.4819584
0.5221204
0.5126058
0.5074299
0.5277406
0.4893136
0.4773481
0.5184345
0.4954438
0.4751927
0.4963430
0.4919685
0.4722780
0.5459998
0.5081517
0.4871497
0.5139883
0.4479642
0.5188650
0.4926297
0.5517067
0.4757802
0.5098454
0.5009308
0.5055463
0.4902963
0.5190217
0.5173105
0.4647043
0.4778032
0.5236052
0.4798722
0.5102829
0.5175303
0.4910613
0.5080232
0.4550782
0.4867765
0.5011221
0.4948673
0.4819584
0.5221204
0.5126058
0.5074299
0.5277406
0.4893136
0.4773481
0.5184345
0.4954438
0.4751927
0.4963430
0.4919685
0.4722780
0.5459998
0.5081517
0.4871497
0.5139883
0.4479642
0.5188650
0.4926297
0.5517067
0.4757802
0.5098454
0.5009308
0.5055463
0.4902963
0.5190217
0.5173105
0.4647043
0.4778032
0.5236052
0.4798722
0.5102829
0.5175303
0.4910613
0.5080232
0.4550782
0.4867765
0.5011221
0.4948673
0.4819584
0.5221204
0.5126058
0.5074299
0.5277406
0.4893136
0.4773481
0.5184345
0.4954438
0.4751927
0.4963430
0.4919685
0.4722780
0.5459998
0.5081517
0.4871497
0.5139883
0.4479642
0.5188650
0.4926297
0.5517067
0.4757802
0.5098454
0.5009308
0.5055463
0.4902963
0.5190217
0.5173105
0.4647043
0.4778032
0.5236052
0.4798722
0.5102829
0.5175303
0.4910613
0.5080232
0.4550782
0.4867765
0.5011221
0.4948673
0.4819584
0.5221204
0.5126058
0.5074299
0.5277406
0.4893136
0.4773481
0.5184345
0.4954438
0.4751927
0.4963430
0.4919685
0.4722780
0.5459998
0.5081517
0.4871497
0.5139883
0.4479642
0.5188650
0.4926297
0.5517067
0.4757802
0.5098454
0.5009308
0.5055463
0.4902963
0.5190217
0.5173105
0.4647043
0.4778032
0.5236052
0.4798722
0.5102829
0.5175303
0.4910613
0.5080232
0.4550782
0.4867765
0.5011221
0.4948673
0.4819584
0.5221204
0.5126058
0.5074299
0.5277406
0.4893136
0.4773481
0.5184345
0.4954438
0.4751927
0.4963430
0.4919685
0.4722780
0.5459998
0.5081517
0.4871497
0.5139883
0.4479642
0.5188650
0.4926297
0.5517067
0.4757802
0.5098454
0.5009308
0.5055463
0.4902963
0.5190217
0.5173105
0.4647043
0.4778032
0.5236052
0.4798722
0.5102829
0.5175303
0.4910613
0.5080232
0.4550782
0.4867765
0.5011221
0.4948673
0.4819584
0.5221204
0.5126058
0.5074299
0.5277406
0.4893136
0.4773481
0.5184345
0.4954438
0.4751927
0.4963430
0.4919685
0.4722780
0.5459998
0.5081517
0.4871497
0.5139883
0.4479642
0.5188650
0.4926297
0.5517067
0.4757802
0.5098454
0.5009308
0.5055463
0.4902963
0.5190217
0.5173105
0.4647043
0.4778032
0.5236052
0.4798722
0.5102829
0.5175303
0.4910613
0.5080232
0.4550782
0.4867765
0.5011221
0.4948673
0.4819584
0.5221204
0.5126058
0.5074299
0.5277406
0.4893136
0.4773481
0.5184345
0.4954438
0.4751927
0.4963430
0.4919685
0.4722780
0.5459998
0.5081517
0.4871497
0.5139883
0.4479642
0.5188650
0.4926297
0.5517067
0.4757802
0.5098454
0.5009308
0.5055463
0.4902963
0.5190217
0.5173105
0.4647043
0.4778032
0.5236052
0.4798722
0.5102829
0.5175303
0.4910613
0.5080232
0.4550782
0.4867765
0.5011221
0.4948673
0.4819584
0.5221204
0.5126058
0.5074299
0.5277406
0.4893136
0.4773481
0.5184345
0.4954438
0.4751927
0.4963430
0.4919685
0.4722780
0.5459998
0.5081517
0.4871497
0.5139883
0.4479642
0.5188650
0.4926297
0.5517067
0.4757802
0.5098454
0.5009308
0.5055463
0.4902963
0.5190217
0.5173105
0.4647043
0.4778032
0.5236052
0.4798722
0.5102829
0.5175303
0.4910613
0.5080232
0.4550782
0.4867765
0.5011221
0.4948673
0.4819584
0.5221204
0.5126058
0.5074299
0.5277406
0.4893136
0.4773481
0.5184345
0.4954438
0.4751927
0.4963430
0.4919685
0.4722780
0.5459998
0.5081517
0.4871497
0.5139883
0.4479642
0.5188650
0.4926297
0.5517067
0.4757802
0.5098454
0.5009308
0.5055463
0.4902963
0.5190217
0.5173105
0.4647043
0.4778032
0.5236052
0.4798722
0.5102829
0.5175303
0.4910613
0.5080232
0.4550782
0.4867765
0.5011221
0.4948673
0.4819584
0.5221204
0.5126058
0.5074299
0.5277406
0.4893136
0.4773481
0.5184345
0.4954438
0.4751927
0.4963430
0.4919685
0.4722780
0.5459998
0.5081517
0.4871497
0.5139883
0.4479642
0.5188650
0.4926297
0.5517067
0.4757802
0.5098454
0.5009308
0.5055463
0.4902963
0.5190217
0.5173105
0.4647043
0.4778032
0.5236052
0.4798722
0.5102829
0.5175303
0.4910613
0.5080232
0.4550782
0.4867765
0.5011221
0.4948673
0.4819584
0.5221204
0.5126058
0.5074299
0.5277406
0.4893136
0.4773481
0.5184345
0.4954438
0.4751927
0.4963430
0.4919685
0.4722780
0.5459998
0.5081517
0.4871497
0.5139883
0.4479642
0.5188650
0.4926297
0.5517067
0.4757802
0.5098454
0.5009308
0.5055463
0.4902963
0.5190217
0.5173105
0.4647043
0.4778032
0.5236052
0.4798722
0.5102829
0.5175303
0.4910613
0.5080232
0.4550782
0.4867765
0.5011221
0.4948673
0.4819584
0.5221204
0.5126058
0.5074299
0.5277406
0.4893136
0.4773481
0.5184345
0.4954438
0.4751927
0.4963430
0.4919685
0.4722780
0.5459998
0.5081517
0.4871497
0.5139883
0.4479642
0.5188650
0.4926297
0.5517067
0.4757802
0.5098454
