0.4879672
0.5223324
0.5248510
0.4844146
0.4643962
0.4965759
0.4952065
0.4758009
0.4948275
0.4855085
0.4730213
0.5440404
0.5183505
0.5247832
0.5095502
0.5217620
0.5195045
0.4408613
0.5157383
0.4990131
0.5012583
0.4959372
0.5133732
0.4983983
0.4498069
0.5080796
0.4929288
0.4820551
0.4707979
0.4816181
0.5121634
0.4516984
0.5079591
0.4672575
0.5187877
0.4740133
0.4597544
0.5150236
0.4991245
0.4804533
0.4879672
0.5223324
0.5248510
0.4844146
0.4643962
0.4965759
0.4952065
0.4758009
0.4948275
0.4855085
0.4730213
0.5440404
0.5183505
0.5247832
0.5095502
0.5217620
0.5195045
0.4408613
0.5157383
0.4990131
0.5012583
0.4959372
0.5133732
0.4983983
0.4498069
0.5080796
0.4929288
0.4820551
0.4707979
0.4816181
0.5121634
0.4516984
0.5079591
0.4672575
0.5187877
0.4740133
0.4597544
0.5150236
0.4991245
0.4804533
0.4879672
0.5223324
0.5248510
0.4844146
0.4643962
0.4965759
0.4952065
0.4758009
0.4948275
0.4855085
0.4730213
0.5440404
0.5183505
0.5247832
0.5095502
0.5217620
0.5195045
0.4408613
0.5157383
0.4990131
0.5012583
0.4959372
0.5133732
0.4983983
0.4498069
0.5080796
0.4929288
0.4820551
0.4707979
0.4816181
0.5121634
0.4516984
0.5079591
0.4672575
0.5187877
0.4740133
0.4597544
0.5150236
0.4991245
0.4804533
0.4879672
0.5223324
0.5248510
0.4844146
0.4643962
0.4965759
0.4952065
0.4758009
0.4948275
0.4855085
0.4730213
0.5440404
0.5183505
0.5247832
0.5095502
0.5217620
0.5195045
0.4408613
0.5157383
0.4990131
0.5012583
0.4959372
0.5133732
0.4983983
0.4498069
0.5080796
0.4929288
0.4820551
0.4707979
0.4816181
0.5121634
0.4516984
0.5079591
0.4672575
0.5187877
0.4740133
0.4597544
0.5150236
0.4991245
0.4804533
0.4879672
0.5223324
0.5248510
0.4844146
0.4643962
0.4965759
0.4952065
0.4758009
0.4948275
0.4855085
0.4730213
0.5440404
0.5183505
0.5247832
0.5095502
0.5217620
0.5195045
0.4408613
0.5157383
0.4990131
0.5012583
0.4959372
0.5133732
0.4983983
0.4498069
0.5080796
0.4929288
0.4820551
0.4707979
0.4816181
0.5121634
0.4516984
0.5079591
0.4672575
0.5187877
0.4740133
0.4597544
0.5150236
0.4991245
0.4804533
0.4879672
0.5223324
0.5248510
0.4844146
0.4643962
0.4965759
0.4952065
0.4758009
0.4948275
0.4855085
0.4730213
0.5440404
0.5183505
0.5247832
0.5095502
0.5217620
0.5195045
0.4408613
0.5157383
0.4990131
0.5012583
0.4959372
0.5133732
0.4983983
0.4498069
0.5080796
0.4929288
0.4820551
0.4707979
0.4816181
0.5121634
0.4516984
0.5079591
0.4672575
0.5187877
0.4740133
0.4597544
0.5150236
0.4991245
0.4804533
0.4879672
0.5223324
0.5248510
0.4844146
0.4643962
0.4965759
0.4952065
0.4758009
0.4948275
0.4855085
0.4730213
0.5440404
0.5183505
0.5247832
0.5095502
0.5217620
0.5195045
0.4408613
0.5157383
0.4990131
0.5012583
0.4959372
0.5133732
0.4983983
0.4498069
0.5080796
0.4929288
0.4820551
0.4707979
0.4816181
0.5121634
0.4516984
0.5079591
0.4672575
0.5187877
0.4740133
0.4597544
0.5150236
0.4991245
0.4804533
0.4879672
0.5223324
0.5248510
0.4844146
0.4643962
0.4965759
0.4952065
0.4758009
0.4948275
0.4855085
0.4730213
0.5440404
0.5183505
0.5247832
0.5095502
0.5217620
0.5195045
0.4408613
0.5157383
0.4990131
0.5012583
0.4959372
0.5133732
0.4983983
0.4498069
0.5080796
0.4929288
0.4820551
0.4707979
0.4816181
0.5121634
0.4516984
0.5079591
0.4672575
0.5187877
0.4740133
0.4597544
0.5150236
0.4991245
0.4804533
0.4879672
0.5223324
0.5248510
0.4844146
0.4643962
0.4965759
0.4952065
0.4758009
0.4948275
0.4855085
0.4730213
0.5440404
0.5183505
0.5247832
0.5095502
0.5217620
0.5195045
0.4408613
0.5157383
0.4990131
0.5012583
0.4959372
0.5133732
0.4983983
0.4498069
0.5080796
0.4929288
0.4820551
0.4707979
0.4816181
0.5121634
0.4516984
0.5079591
0.4672575
0.5187877
0.4740133
0.4597544
0.5150236
0.4991245
0.4804533
0.4879672
0.5223324
0.5248510
0.4844146
0.4643962
0.4965759
0.4952065
0.4758009
0.4948275
0.4855085
0.4730213
0.5440404
0.5183505
0.5247832
0.5095502
0.5217620
0.5195045
0.4408613
0.5157383
0.4990131
0.5012583
0.4959372
0.5133732
0.4983983
0.4498069
0.5080796
0.4929288
0.4820551
0.4707979
0.4816181
0.5121634
0.4516984
0.5079591
0.4672575
0.5187877
0.4740133
0.4597544
0.5150236
0.4991245
0.4804533
0.4879672
0.5223324
0.5248510
0.4844146
0.4643962
0.4965759
0.4952065
0.4758009
0.4948275
0.4855085
0.4730213
0.5440404
0.5183505
0.5247832
0.5095502
0.5217620
0.5195045
0.4408613
0.5157383
0.4990131
0.5012583
0.4959372
0.5133732
0.4983983
0.4498069
0.5080796
0.4929288
0.4820551
0.4707979
0.4816181
0.5121634
0.4516984
0.5079591
0.4672575
0.5187877
0.4740133
0.4597544
0.5150236
0.4991245
0.4804533
0.4879672
0.5223324
0.5248510
0.4844146
0.4643962
0.4965759
0.4952065
0.4758009
0.4948275
0.4855085
0.4730213
0.5440404
0.5183505
0.5247832
0.5095502
0.5217620
0.5195045
0.4408613
0.5157383
0.4990131
0.5012583
0.4959372
0.5133732
0.4983983
0.4498069
0.5080796
0.4929288
0.4820551
0.4707979
0.4816181
0.5121634
0.4516984
0.5079591
0.4672575
0.5187877
0.4740133
0.4597544
0.5150236
0.4991245
0.4804533
0.4879672
0.5223324
0.5248510
0.4844146
0.4643962
0.4965759
0.4952065
0.4758009
0.4948275
0.4855085
0.4730213
0.5440404
0.5183505
0.5247832
0.5095502
0.5217620
0.5195045
0.4408613
0.5157383
0.4990131
0.5012583
0.4959372
0.5133732
0.4983983
0.4498069
0.5080796
0.4929288
0.4820551
0.4707979
0.4816181
0.5121634
0.4516984
0.5079591
0.4672575
0.5187877
0.4740133
0.4597544
0.5150236
0.4991245
0.4804533
0.4879672
0.5223324
0.5248510
0.4844146
0.4643962
0.4965759
0.4952065
0.4758009
0.4948275
0.4855085
0.4730213
0.5440404
0.5183505
0.5247832
0.5095502
0.5217620
0.5195045
0.4408613
0.5157383
0.4990131
0.5012583
0.4959372
0.5133732
0.4983983
0.4498069
0.5080796
0.4929288
0.4820551
0.4707979
0.4816181
0.5121634
0.4516984
0.5079591
0.4672575
0.5187877
0.4740133
0.4597544
0.5150236
0.4991245
0.4804533
0.4879672
0.5223324
0.5248510
0.4844146
0.4643962
0.4965759
0.4952065
0.4758009
0.4948275
0.4855085
0.4730213
0.5440404
0.5183505
0.5247832
0.5095502
0.5217620
0.5195045
0.4408613
0.5157383
0.4990131
0.5012583
0.4959372
0.5133732
0.4983983
0.4498069
0.5080796
0.4929288
0.4820551
0.4707979
0.4816181
0.5121634
0.4516984
0.5079591
0.4672575
0.5187877
0.4740133
0.4597544
0.5150236
0.4991245
0.4804533
0.4879672
0.5223324
0.5248510
0.4844146
0.4643962
0.4965759
0.4952065
0.4758009
0.4948275
0.4855085
0.4730213
0.5440404
0.5183505
0.5247832
0.5095502
0.5217620
0.5195045
0.4408613
0.5157383
0.4990131
0.5012583
0.4959372
0.5133732
0.4983983
0.4498069
0.5080796
0.4929288
0.4820551
0.4707979
0.4816181
0.5121634
0.4516984
0.5079591
0.4672575
0.5187877
0.4740133
0.4597544
0.5150236
0.4991245
0.4804533
0.4879672
0.5223324
0.5248510
0.4844146
0.4643962
0.4965759
0.4952065
0.4758009
0.4948275
0.4855085
0.4730213
0.5440404
0.5183505
0.5247832
0.5095502
0.5217620
0.5195045
0.4408613
0.5157383
0.4990131
0.5012583
0.4959372
0.5133732
0.4983983
0.4498069
0.5080796
0.4929288
0.4820551
0.4707979
0.4816181
0.5121634
0.4516984
0.5079591
0.4672575
0.5187877
0.4740133
0.4597544
0.5150236
0.4991245
0.4804533
0.4879672
0.5223324
0.5248510
0.4844146
0.4643962
0.4965759
0.4952065
0.4758009
0.4948275
0.4855085
0.4730213
0.5440404
0.5183505
0.5247832
0.5095502
0.5217620
0.5195045
0.4408613
0.5157383
0.4990131
0.5012583
0.4959372
0.5133732
0.4983983
0.4498069
0.5080796
0.4929288
0.4820551
0.4707979
0.4816181
0.5121634
0.4516984
0.5079591
0.4672575
0.5187877
0.4740133
0.4597544
0.5150236
0.4991245
0.4804533
0.4879672
0.5223324
0.5248510
0.4844146
0.4643962
0.4965759
0.4952065
0.4758009
0.4948275
0.4855085
0.4730213
0.5440404
0.5183505
0.5247832
0.5095502
0.5217620
0.5195045
0.4408613
0.5157383
0.4990131
0.5012583
0.4959372
0.5133732
0.4983983
0.4498069
0.5080796
0.4929288
0.4820551
0.4707979
0.4816181
0.5121634
0.4516984
0.5079591
0.4672575
0.5187877
0.4740133
0.4597544
0.5150236
0.4991245
0.4804533
0.4879672
0.5223324
0.5248510
0.4844146
0.4643962
0.4965759
0.4952065
0.4758009
0.4948275
0.4855085
0.4730213
0.5440404
0.5183505
0.5247832
0.5095502
0.5217620
0.5195045
0.4408613
0.5157383
0.4990131
0.5012583
0.4959372
0.5133732
0.4983983
0.4498069
0.5080796
0.4929288
0.4820551
0.4707979
0.4816181
0.5121634
0.4516984
0.5079591
0.4672575
0.5187877
0.4740133
0.4597544
0.5150236
0.4991245
0.4804533
0.4879672
0.5223324
0.5248510
0.4844146
0.4643962
0.4965759
0.4952065
0.4758009
0.4948275
0.4855085
0.4730213
0.5440404
0.5183505
0.5247832
0.5095502
0.5217620
0.5195045
0.4408613
0.5157383
0.4990131
0.5012583
0.4959372
0.5133732
0.4983983
0.4498069
0.5080796
0.4929288
0.4820551
0.4707979
0.4816181
0.5121634
0.4516984
0.5079591
0.4672575
0.5187877
0.4740133
0.4597544
0.5150236
0.4991245
0.4804533
0.4879672
0.5223324
0.5248510
0.4844146
0.4643962
0.4965759
0.4952065
0.4758009
0.4948275
0.4855085
0.4730213
0.5440404
0.5183505
0.5247832
0.5095502
0.5217620
0.5195045
0.4408613
0.5157383
0.4990131
0.5012583
0.4959372
0.5133732
0.4983983
0.4498069
0.5080796
0.4929288
0.4820551
0.4707979
0.4816181
0.5121634
0.4516984
0.5079591
0.4672575
0.5187877
0.4740133
0.4597544
0.5150236
0.4991245
0.4804533
0.4879672
0.5223324
0.5248510
0.4844146
0.4643962
0.4965759
0.4952065
0.4758009
0.4948275
0.4855085
0.4730213
0.5440404
0.5183505
0.5247832
0.5095502
0.5217620
0.5195045
0.4408613
0.5157383
0.4990131
0.5012583
0.4959372
0.5133732
0.4983983
0.4498069
0.5080796
0.4929288
0.4820551
0.4707979
0.4816181
0.5121634
0.4516984
0.5079591
0.4672575
0.5187877
0.4740133
0.4597544
0.5150236
0.4991245
0.4804533
0.4879672
0.5223324
0.5248510
0.4844146
0.4643962
0.4965759
0.4952065
0.4758009
0.4948275
0.4855085
0.4730213
0.5440404
0.5183505
0.5247832
0.5095502
0.5217620
0.5195045
0.4408613
0.5157383
0.4990131
0.5012583
0.4959372
0.5133732
0.4983983
0.4498069
0.5080796
0.4929288
0.4820551
0.4707979
0.4816181
0.5121634
0.4516984
0.5079591
0.4672575
0.5187877
0.4740133
0.4597544
0.5150236
0.4991245
0.4804533
0.4879672
0.5223324
0.5248510
0.4844146
0.4643962
0.4965759
0.4952065
0.4758009
0.4948275
0.4855085
0.4730213
0.5440404
0.5183505
0.5247832
0.5095502
0.5217620
0.5195045
0.4408613
0.5157383
0.4990131
0.5012583
0.4959372
0.5133732
0.4983983
0.4498069
0.5080796
0.4929288
0.4820551
0.4707979
0.4816181
0.5121634
0.4516984
0.5079591
0.4672575
0.5187877
0.4740133
0.4597544
0.5150236
0.4991245
0.4804533
0.4879672
0.5223324
0.5248510
0.4844146
0.4643962
0.4965759
0.4952065
0.4758009
0.4948275
0.4855085
0.4730213
0.5440404
0.5183505
0.5247832
0.5095502
0.5217620
0.5195045
0.4408613
0.5157383
0.4990131
0.5012583
0.4959372
0.5133732
0.4983983
0.4498069
0.5080796
0.4929288
0.4820551
0.4707979
0.4816181
0.5121634
0.4516984
0.5079591
0.4672575
0.5187877
0.4740133
0.4597544
0.5150236
0.4991245
0.4804533
0.4879672
0.5223324
0.5248510
0.4844146
0.4643962
0.4965759
0.4952065
0.4758009
0.4948275
0.4855085
0.4730213
0.5440404
0.5183505
0.5247832
0.5095502
0.5217620
0.5195045
0.4408613
0.5157383
0.4990131
0.5012583
0.4959372
0.5133732
0.4983983
0.4498069
0.5080796
0.4929288
0.4820551
0.4707979
0.4816181
0.5121634
0.4516984
0.5079591
0.4672575
0.5187877
0.4740133
0.4597544
0.5150236
0.4991245
0.4804533
0.4879672
0.5223324
0.5248510
0.4844146
0.4643962
0.4965759
0.4952065
0.4758009
0.4948275
0.4855085
0.4730213
0.5440404
0.5183505
0.5247832
0.5095502
0.5217620
0.5195045
0.4408613
0.5157383
0.4990131
0.5012583
0.4959372
0.5133732
0.4983983
0.4498069
0.5080796
0.4929288
0.4820551
0.4707979
0.4816181
0.5121634
0.4516984
0.5079591
0.4672575
0.5187877
0.4740133
0.4597544
0.5150236
0.4991245
0.4804533
0.4879672
0.5223324
0.5248510
0.4844146
0.4643962
0.4965759
0.4952065
0.4758009
0.4948275
0.4855085
0.4730213
0.5440404
0.5183505
0.5247832
0.5095502
0.5217620
0.5195045
0.4408613
0.5157383
0.4990131
0.5012583
0.4959372
0.5133732
0.4983983
0.4498069
0.5080796
0.4929288
0.4820551
0.4707979
0.4816181
0.5121634
0.4516984
0.5079591
0.4672575
0.5187877
0.4740133
0.4597544
0.5150236
0.4991245
0.4804533
0.4879672
0.5223324
0.5248510
0.4844146
0.4643962
0.4965759
0.4952065
0.4758009
0.4948275
0.4855085
0.4730213
0.5440404
0.5183505
0.5247832
0.5095502
0.5217620
0.5195045
0.4408613
0.5157383
0.4990131
0.5012583
0.4959372
0.5133732
0.4983983
0.4498069
0.5080796
0.4929288
0.4820551
0.4707979
0.4816181
0.5121634
0.4516984
0.5079591
0.4672575
0.5187877
0.4740133
0.4597544
0.5150236
0.4991245
0.4804533
0.4879672
0.5223324
0.5248510
0.4844146
0.4643962
0.4965759
0.4952065
0.4758009
0.4948275
0.4855085
0.4730213
0.5440404
0.5183505
0.5247832
0.5095502
0.5217620
0.5195045
0.4408613
0.5157383
0.4990131
0.5012583
0.4959372
0.5133732
0.4983983
0.4498069
0.5080796
0.4929288
0.4820551
0.4707979
0.4816181
0.5121634
0.4516984
0.5079591
0.4672575
0.5187877
0.4740133
0.4597544
0.5150236
0.4991245
0.4804533
0.4879672
0.5223324
0.5248510
0.4844146
0.4643962
0.4965759
0.4952065
0.4758009
0.4948275
0.4855085
0.4730213
0.5440404
0.5183505
0.5247832
0.5095502
0.5217620
0.5195045
0.4408613
0.5157383
0.4990131
0.5012583
0.4959372
0.5133732
0.4983983
0.4498069
0.5080796
0.4929288
0.4820551
0.4707979
0.4816181
0.5121634
0.4516984
0.5079591
0.4672575
0.5187877
0.4740133
0.4597544
0.5150236
0.4991245
0.4804533
0.4879672
0.5223324
0.5248510
0.4844146
0.4643962
0.4965759
0.4952065
0.4758009
0.4948275
0.4855085
0.4730213
0.5440404
0.5183505
0.5247832
0.5095502
0.5217620
0.5195045
0.4408613
0.5157383
0.4990131
0.5012583
0.4959372
0.5133732
0.4983983
0.4498069
0.5080796
0.4929288
0.4820551
0.4707979
0.4816181
0.5121634
0.4516984
0.5079591
0.4672575
0.5187877
0.4740133
0.4597544
0.5150236
0.4991245
0.4804533
0.4879672
0.5223324
0.5248510
0.4844146
0.4643962
0.4965759
0.4952065
0.4758009
0.4948275
0.4855085
0.4730213
0.5440404
0.5183505
0.5247832
0.5095502
0.5217620
0.5195045
0.4408613
0.5157383
0.4990131
0.5012583
0.4959372
0.5133732
0.4983983
0.4498069
0.5080796
0.4929288
0.4820551
0.4707979
0.4816181
0.5121634
0.4516984
0.5079591
0.4672575
0.5187877
0.4740133
0.4597544
0.5150236
0.4991245
0.4804533
0.4879672
0.5223324
0.5248510
0.4844146
0.4643962
0.4965759
0.4952065
0.4758009
0.4948275
0.4855085
0.4730213
0.5440404
0.5183505
0.5247832
0.5095502
0.5217620
0.5195045
0.4408613
0.5157383
0.4990131
0.5012583
0.4959372
0.5133732
0.4983983
0.4498069
0.5080796
0.4929288
0.4820551
0.4707979
0.4816181
0.5121634
0.4516984
0.5079591
0.4672575
0.5187877
0.4740133
0.4597544
0.5150236
0.4991245
0.4804533
0.4879672
0.5223324
0.5248510
0.4844146
0.4643962
0.4965759
0.4952065
0.4758009
0.4948275
0.4855085
0.4730213
0.5440404
0.5183505
0.5247832
0.5095502
0.5217620
0.5195045
0.4408613
0.5157383
0.4990131
0.5012583
0.4959372
0.5133732
0.4983983
0.4498069
0.5080796
0.4929288
0.4820551
0.4707979
0.4816181
0.5121634
0.4516984
0.5079591
0.4672575
0.5187877
0.4740133
0.4597544
0.5150236
0.4991245
0.4804533
0.4879672
0.5223324
0.5248510
0.4844146
0.4643962
0.4965759
0.4952065
0.4758009
0.4948275
0.4855085
0.4730213
0.5440404
0.5183505
0.5247832
0.5095502
0.5217620
0.5195045
0.4408613
0.5157383
0.4990131
0.5012583
0.4959372
0.5133732
0.4983983
0.4498069
0.5080796
0.4929288
0.4820551
0.4707979
0.4816181
0.5121634
0.4516984
0.5079591
0.4672575
0.5187877
0.4740133
0.4597544
0.5150236
0.4991245
0.4804533
0.4879672
0.5223324
0.5248510
0.4844146
0.4643962
0.4965759
0.4952065
0.4758009
0.4948275
0.4855085
0.4730213
0.5440404
0.5183505
0.5247832
0.5095502
0.5217620
0.5195045
0.4408613
0.5157383
0.4990131
0.5012583
0.4959372
0.5133732
0.4983983
0.4498069
0.5080796
0.4929288
0.4820551
0.4707979
0.4816181
0.5121634
0.4516984
0.5079591
0.4672575
0.5187877
0.4740133
0.4597544
0.5150236
0.4991245
0.4804533
0.4879672
0.5223324
0.5248510
0.4844146
0.4643962
0.4965759
0.4952065
0.4758009
0.4948275
0.4855085
0.4730213
0.5440404
0.5183505
0.5247832
0.5095502
0.5217620
0.5195045
0.4408613
0.5157383
0.4990131
0.5012583
0.4959372
0.5133732
0.4983983
0.4498069
0.5080796
0.4929288
0.4820551
0.4707979
0.4816181
0.5121634
0.4516984
0.5079591
0.4672575
0.5187877
0.4740133
0.4597544
0.5150236
0.4991245
0.4804533
0.4879672
0.5223324
0.5248510
0.4844146
0.4643962
0.4965759
0.4952065
0.4758009
0.4948275
0.4855085
0.4730213
0.5440404
0.5183505
0.5247832
0.5095502
0.5217620
0.5195045
0.4408613
0.5157383
0.4990131
0.5012583
0.4959372
0.5133732
0.4983983
0.4498069
0.5080796
0.4929288
0.4820551
0.4707979
0.4816181
0.5121634
0.4516984
0.5079591
0.4672575
0.5187877
0.4740133
0.4597544
0.5150236
0.4991245
0.4804533
0.4879672
0.5223324
0.5248510
0.4844146
0.4643962
0.4965759
0.4952065
0.4758009
0.4948275
0.4855085
0.4730213
0.5440404
0.5183505
0.5247832
0.5095502
0.5217620
0.5195045
0.4408613
0.5157383
0.4990131
0.5012583
0.4959372
0.5133732
0.4983983
0.4498069
0.5080796
0.4929288
0.4820551
0.4707979
0.4816181
0.5121634
0.4516984
0.5079591
0.4672575
0.5187877
0.4740133
0.4597544
0.5150236
0.4991245
0.4804533
0.4879672
0.5223324
0.5248510
0.4844146
0.4643962
0.4965759
0.4952065
0.4758009
0.4948275
0.4855085
0.4730213
0.5440404
0.5183505
0.5247832
0.5095502
0.5217620
0.5195045
0.4408613
0.5157383
0.4990131
0.5012583
0.4959372
0.5133732
0.4983983
0.4498069
0.5080796
0.4929288
0.4820551
0.4707979
0.4816181
0.5121634
0.4516984
0.5079591
0.4672575
0.5187877
0.4740133
0.4597544
0.5150236
0.4991245
0.4804533
0.4879672
0.5223324
0.5248510
0.4844146
0.4643962
0.4965759
0.4952065
0.4758009
0.4948275
0.4855085
0.4730213
0.5440404
0.5183505
0.5247832
0.5095502
0.5217620
0.5195045
0.4408613
0.5157383
0.4990131
0.5012583
0.4959372
0.5133732
0.4983983
0.4498069
0.5080796
0.4929288
0.4820551
0.4707979
0.4816181
0.5121634
0.4516984
0.5079591
0.4672575
0.5187877
0.4740133
0.4597544
0.5150236
0.4991245
0.4804533
0.4879672
0.5223324
0.5248510
0.4844146
0.4643962
0.4965759
0.4952065
0.4758009
0.4948275
0.4855085
0.4730213
0.5440404
0.5183505
0.5247832
0.5095502
0.5217620
0.5195045
0.4408613
0.5157383
0.4990131
0.5012583
0.4959372
0.5133732
0.4983983
0.4498069
0.5080796
0.4929288
0.4820551
0.4707979
0.4816181
0.5121634
0.4516984
0.5079591
0.4672575
0.5187877
0.4740133
0.4597544
0.5150236
0.4991245
0.4804533
0.4879672
0.5223324
0.5248510
0.4844146
0.4643962
0.4965759
0.4952065
0.4758009
0.4948275
0.4855085
0.4730213
0.5440404
0.5183505
0.5247832
0.5095502
0.5217620
0.5195045
0.4408613
0.5157383
0.4990131
0.5012583
0.4959372
0.5133732
0.4983983
0.4498069
0.5080796
0.4929288
0.4820551
0.4707979
0.4816181
0.5121634
0.4516984
0.5079591
0.4672575
0.5187877
0.4740133
0.4597544
0.5150236
0.4991245
0.4804533
0.4879672
0.5223324
0.5248510
0.4844146
0.4643962
0.4965759
0.4952065
0.4758009
0.4948275
0.4855085
0.4730213
0.5440404
0.5183505
0.5247832
0.5095502
0.5217620
0.5195045
0.4408613
0.5157383
0.4990131
0.5012583
0.4959372
0.5133732
0.4983983
0.4498069
0.5080796
0.4929288
0.4820551
0.4707979
0.4816181
0.5121634
0.4516984
0.5079591
0.4672575
0.5187877
0.4740133
0.4597544
0.5150236
0.4991245
0.4804533
0.4879672
0.5223324
0.5248510
0.4844146
0.4643962
0.4965759
0.4952065
0.4758009
0.4948275
0.4855085
0.4730213
0.5440404
0.5183505
0.5247832
0.5095502
0.5217620
0.5195045
0.4408613
0.5157383
0.4990131
0.5012583
0.4959372
0.5133732
0.4983983
0.4498069
0.5080796
0.4929288
0.4820551
0.4707979
0.4816181
0.5121634
0.4516984
0.5079591
0.4672575
0.5187877
0.4740133
0.4597544
0.5150236
0.4991245
0.4804533
0.4879672
0.5223324
0.5248510
0.4844146
0.4643962
0.4965759
0.4952065
0.4758009
0.4948275
0.4855085
0.4730213
0.5440404
0.5183505
0.5247832
0.5095502
0.5217620
0.5195045
0.4408613
0.5157383
0.4990131
0.5012583
0.4959372
0.5133732
0.4983983
0.4498069
0.5080796
0.4929288
0.4820551
0.4707979
0.4816181
0.5121634
0.4516984
0.5079591
0.4672575
0.5187877
0.4740133
0.4597544
0.5150236
0.4991245
0.4804533
0.4879672
0.5223324
0.5248510
0.4844146
0.4643962
0.4965759
0.4952065
0.4758009
0.4948275
0.4855085
0.4730213
0.5440404
0.5183505
0.5247832
0.5095502
0.5217620
0.5195045
0.4408613
0.5157383
0.4990131
0.5012583
0.4959372
0.5133732
0.4983983
0.4498069
0.5080796
0.4929288
0.4820551
0.4707979
0.4816181
0.5121634
0.4516984
0.5079591
0.4672575
0.5187877
0.4740133
0.4597544
0.5150236
0.4991245
0.4804533
0.4879672
0.5223324
0.5248510
0.4844146
0.4643962
0.4965759
0.4952065
0.4758009
0.4948275
0.4855085
0.4730213
0.5440404
0.5183505
0.5247832
0.5095502
0.5217620
0.5195045
0.4408613
0.5157383
0.4990131
0.5012583
0.4959372
0.5133732
0.4983983
0.4498069
0.5080796
0.4929288
0.4820551
0.4707979
0.4816181
0.5121634
0.4516984
0.5079591
0.4672575
0.5187877
0.4740133
0.4597544
0.5150236
0.4991245
0.4804533
