0.5044600
0.5644881
0.4639348
0.5115682
0.5010365
0.5016074
0.4809886
0.4998564
0.4655092
0.4913630
0.4944140
0.4758110
0.4844807
0.5116357
0.5106694
0.5046696
0.5002594
0.5235284
0.5129033
0.4839755
0.4954665
0.4589038
0.4631370
0.4810225
0.4937886
0.4788611
0.4831824
0.4848844
0.5278035
0.5206842
0.5149556
0.4847021
0.4923477
0.4955671
0.5238441
0.5035772
0.5065630
0.5042576
0.5018145
0.4939892
0.5044600
0.5644881
0.4639348
0.5115682
0.5010365
0.5016074
0.4809886
0.4998564
0.4655092
0.4913630
0.4944140
0.4758110
0.4844807
0.5116357
0.5106694
0.5046696
0.5002594
0.5235284
0.5129033
0.4839755
0.4954665
0.4589038
0.4631370
0.4810225
0.4937886
0.4788611
0.4831824
0.4848844
0.5278035
0.5206842
0.5149556
0.4847021
0.4923477
0.4955671
0.5238441
0.5035772
0.5065630
0.5042576
0.5018145
0.4939892
0.5044600
0.5644881
0.4639348
0.5115682
0.5010365
0.5016074
0.4809886
0.4998564
0.4655092
0.4913630
0.4944140
0.4758110
0.4844807
0.5116357
0.5106694
0.5046696
0.5002594
0.5235284
0.5129033
0.4839755
0.4954665
0.4589038
0.4631370
0.4810225
0.4937886
0.4788611
0.4831824
0.4848844
0.5278035
0.5206842
0.5149556
0.4847021
0.4923477
0.4955671
0.5238441
0.5035772
0.5065630
0.5042576
0.5018145
0.4939892
0.5044600
0.5644881
0.4639348
0.5115682
0.5010365
0.5016074
0.4809886
0.4998564
0.4655092
0.4913630
0.4944140
0.4758110
0.4844807
0.5116357
0.5106694
0.5046696
0.5002594
0.5235284
0.5129033
0.4839755
0.4954665
0.4589038
0.4631370
0.4810225
0.4937886
0.4788611
0.4831824
0.4848844
0.5278035
0.5206842
0.5149556
0.4847021
0.4923477
0.4955671
0.5238441
0.5035772
0.5065630
0.5042576
0.5018145
0.4939892
0.5044600
0.5644881
0.4639348
0.5115682
0.5010365
0.5016074
0.4809886
0.4998564
0.4655092
0.4913630
0.4944140
0.4758110
0.4844807
0.5116357
0.5106694
0.5046696
0.5002594
0.5235284
0.5129033
0.4839755
0.4954665
0.4589038
0.4631370
0.4810225
0.4937886
0.4788611
0.4831824
0.4848844
0.5278035
0.5206842
0.5149556
0.4847021
0.4923477
0.4955671
0.5238441
0.5035772
0.5065630
0.5042576
0.5018145
0.4939892
0.5044600
0.5644881
0.4639348
0.5115682
0.5010365
0.5016074
0.4809886
0.4998564
0.4655092
0.4913630
0.4944140
0.4758110
0.4844807
0.5116357
0.5106694
0.5046696
0.5002594
0.5235284
0.5129033
0.4839755
0.4954665
0.4589038
0.4631370
0.4810225
0.4937886
0.4788611
0.4831824
0.4848844
0.5278035
0.5206842
0.5149556
0.4847021
0.4923477
0.4955671
0.5238441
0.5035772
0.5065630
0.5042576
0.5018145
0.4939892
0.5044600
0.5644881
0.4639348
0.5115682
0.5010365
0.5016074
0.4809886
0.4998564
0.4655092
0.4913630
0.4944140
0.4758110
0.4844807
0.5116357
0.5106694
0.5046696
0.5002594
0.5235284
0.5129033
0.4839755
0.4954665
0.4589038
0.4631370
0.4810225
0.4937886
0.4788611
0.4831824
0.4848844
0.5278035
0.5206842
0.5149556
0.4847021
0.4923477
0.4955671
0.5238441
0.5035772
0.5065630
0.5042576
0.5018145
0.4939892
0.5044600
0.5644881
0.4639348
0.5115682
0.5010365
0.5016074
0.4809886
0.4998564
0.4655092
0.4913630
0.4944140
0.4758110
0.4844807
0.5116357
0.5106694
0.5046696
0.5002594
0.5235284
0.5129033
0.4839755
0.4954665
0.4589038
0.4631370
0.4810225
0.4937886
0.4788611
0.4831824
0.4848844
0.5278035
0.5206842
0.5149556
0.4847021
0.4923477
0.4955671
0.5238441
0.5035772
0.5065630
0.5042576
0.5018145
0.4939892
0.5044600
0.5644881
0.4639348
0.5115682
0.5010365
0.5016074
0.4809886
0.4998564
0.4655092
0.4913630
0.4944140
0.4758110
0.4844807
0.5116357
0.5106694
0.5046696
0.5002594
0.5235284
0.5129033
0.4839755
0.4954665
0.4589038
0.4631370
0.4810225
0.4937886
0.4788611
0.4831824
0.4848844
0.5278035
0.5206842
0.5149556
0.4847021
0.4923477
0.4955671
0.5238441
0.5035772
0.5065630
0.5042576
0.5018145
0.4939892
0.5044600
0.5644881
0.4639348
0.5115682
0.5010365
0.5016074
0.4809886
0.4998564
0.4655092
0.4913630
0.4944140
0.4758110
0.4844807
0.5116357
0.5106694
0.5046696
0.5002594
0.5235284
0.5129033
0.4839755
0.4954665
0.4589038
0.4631370
0.4810225
0.4937886
0.4788611
0.4831824
0.4848844
0.5278035
0.5206842
0.5149556
0.4847021
0.4923477
0.4955671
0.5238441
0.5035772
0.5065630
0.5042576
0.5018145
0.4939892
0.5044600
0.5644881
0.4639348
0.5115682
0.5010365
0.5016074
0.4809886
0.4998564
0.4655092
0.4913630
0.4944140
0.4758110
0.4844807
0.5116357
0.5106694
0.5046696
0.5002594
0.5235284
0.5129033
0.4839755
0.4954665
0.4589038
0.4631370
0.4810225
0.4937886
0.4788611
0.4831824
0.4848844
0.5278035
0.5206842
0.5149556
0.4847021
0.4923477
0.4955671
0.5238441
0.5035772
0.5065630
0.5042576
0.5018145
0.4939892
0.5044600
0.5644881
0.4639348
0.5115682
0.5010365
0.5016074
0.4809886
0.4998564
0.4655092
0.4913630
0.4944140
0.4758110
0.4844807
0.5116357
0.5106694
0.5046696
0.5002594
0.5235284
0.5129033
0.4839755
0.4954665
0.4589038
0.4631370
0.4810225
0.4937886
0.4788611
0.4831824
0.4848844
0.5278035
0.5206842
0.5149556
0.4847021
0.4923477
0.4955671
0.5238441
0.5035772
0.5065630
0.5042576
0.5018145
0.4939892
0.5044600
0.5644881
0.4639348
0.5115682
0.5010365
0.5016074
0.4809886
0.4998564
0.4655092
0.4913630
0.4944140
0.4758110
0.4844807
0.5116357
0.5106694
0.5046696
0.5002594
0.5235284
0.5129033
0.4839755
0.4954665
0.4589038
0.4631370
0.4810225
0.4937886
0.4788611
0.4831824
0.4848844
0.5278035
0.5206842
0.5149556
0.4847021
0.4923477
0.4955671
0.5238441
0.5035772
0.5065630
0.5042576
0.5018145
0.4939892
0.5044600
0.5644881
0.4639348
0.5115682
0.5010365
0.5016074
0.4809886
0.4998564
0.4655092
0.4913630
0.4944140
0.4758110
0.4844807
0.5116357
0.5106694
0.5046696
0.5002594
0.5235284
0.5129033
0.4839755
0.4954665
0.4589038
0.4631370
0.4810225
0.4937886
0.4788611
0.4831824
0.4848844
0.5278035
0.5206842
0.5149556
0.4847021
0.4923477
0.4955671
0.5238441
0.5035772
0.5065630
0.5042576
0.5018145
0.4939892
0.5044600
0.5644881
0.4639348
0.5115682
0.5010365
0.5016074
0.4809886
0.4998564
0.4655092
0.4913630
0.4944140
0.4758110
0.4844807
0.5116357
0.5106694
0.5046696
0.5002594
0.5235284
0.5129033
0.4839755
0.4954665
0.4589038
0.4631370
0.4810225
0.4937886
0.4788611
0.4831824
0.4848844
0.5278035
0.5206842
0.5149556
0.4847021
0.4923477
0.4955671
0.5238441
0.5035772
0.5065630
0.5042576
0.5018145
0.4939892
0.5044600
0.5644881
0.4639348
0.5115682
0.5010365
0.5016074
0.4809886
0.4998564
0.4655092
0.4913630
0.4944140
0.4758110
0.4844807
0.5116357
0.5106694
0.5046696
0.5002594
0.5235284
0.5129033
0.4839755
0.4954665
0.4589038
0.4631370
0.4810225
0.4937886
0.4788611
0.4831824
0.4848844
0.5278035
0.5206842
0.5149556
0.4847021
0.4923477
0.4955671
0.5238441
0.5035772
0.5065630
0.5042576
0.5018145
0.4939892
0.5044600
0.5644881
0.4639348
0.5115682
0.5010365
0.5016074
0.4809886
0.4998564
0.4655092
0.4913630
0.4944140
0.4758110
0.4844807
0.5116357
0.5106694
0.5046696
0.5002594
0.5235284
0.5129033
0.4839755
0.4954665
0.4589038
0.4631370
0.4810225
0.4937886
0.4788611
0.4831824
0.4848844
0.5278035
0.5206842
0.5149556
0.4847021
0.4923477
0.4955671
0.5238441
0.5035772
0.5065630
0.5042576
0.5018145
0.4939892
0.5044600
0.5644881
0.4639348
0.5115682
0.5010365
0.5016074
0.4809886
0.4998564
0.4655092
0.4913630
0.4944140
0.4758110
0.4844807
0.5116357
0.5106694
0.5046696
0.5002594
0.5235284
0.5129033
0.4839755
0.4954665
0.4589038
0.4631370
0.4810225
0.4937886
0.4788611
0.4831824
0.4848844
0.5278035
0.5206842
0.5149556
0.4847021
0.4923477
0.4955671
0.5238441
0.5035772
0.5065630
0.5042576
0.5018145
0.4939892
0.5044600
0.5644881
0.4639348
0.5115682
0.5010365
0.5016074
0.4809886
0.4998564
0.4655092
0.4913630
0.4944140
0.4758110
0.4844807
0.5116357
0.5106694
0.5046696
0.5002594
0.5235284
0.5129033
0.4839755
0.4954665
0.4589038
0.4631370
0.4810225
0.4937886
0.4788611
0.4831824
0.4848844
0.5278035
0.5206842
0.5149556
0.4847021
0.4923477
0.4955671
0.5238441
0.5035772
0.5065630
0.5042576
0.5018145
0.4939892
0.5044600
0.5644881
0.4639348
0.5115682
0.5010365
0.5016074
0.4809886
0.4998564
0.4655092
0.4913630
0.4944140
0.4758110
0.4844807
0.5116357
0.5106694
0.5046696
0.5002594
0.5235284
0.5129033
0.4839755
0.4954665
0.4589038
0.4631370
0.4810225
0.4937886
0.4788611
0.4831824
0.4848844
0.5278035
0.5206842
0.5149556
0.4847021
0.4923477
0.4955671
0.5238441
0.5035772
0.5065630
0.5042576
0.5018145
0.4939892
0.5044600
0.5644881
0.4639348
0.5115682
0.5010365
0.5016074
0.4809886
0.4998564
0.4655092
0.4913630
0.4944140
0.4758110
0.4844807
0.5116357
0.5106694
0.5046696
0.5002594
0.5235284
0.5129033
0.4839755
0.4954665
0.4589038
0.4631370
0.4810225
0.4937886
0.4788611
0.4831824
0.4848844
0.5278035
0.5206842
0.5149556
0.4847021
0.4923477
0.4955671
0.5238441
0.5035772
0.5065630
0.5042576
0.5018145
0.4939892
0.5044600
0.5644881
0.4639348
0.5115682
0.5010365
0.5016074
0.4809886
0.4998564
0.4655092
0.4913630
0.4944140
0.4758110
0.4844807
0.5116357
0.5106694
0.5046696
0.5002594
0.5235284
0.5129033
0.4839755
0.4954665
0.4589038
0.4631370
0.4810225
0.4937886
0.4788611
0.4831824
0.4848844
0.5278035
0.5206842
0.5149556
0.4847021
0.4923477
0.4955671
0.5238441
0.5035772
0.5065630
0.5042576
0.5018145
0.4939892
0.5044600
0.5644881
0.4639348
0.5115682
0.5010365
0.5016074
0.4809886
0.4998564
0.4655092
0.4913630
0.4944140
0.4758110
0.4844807
0.5116357
0.5106694
0.5046696
0.5002594
0.5235284
0.5129033
0.4839755
0.4954665
0.4589038
0.4631370
0.4810225
0.4937886
0.4788611
0.4831824
0.4848844
0.5278035
0.5206842
0.5149556
0.4847021
0.4923477
0.4955671
0.5238441
0.5035772
0.5065630
0.5042576
0.5018145
0.4939892
0.5044600
0.5644881
0.4639348
0.5115682
0.5010365
0.5016074
0.4809886
0.4998564
0.4655092
0.4913630
0.4944140
0.4758110
0.4844807
0.5116357
0.5106694
0.5046696
0.5002594
0.5235284
0.5129033
0.4839755
0.4954665
0.4589038
0.4631370
0.4810225
0.4937886
0.4788611
0.4831824
0.4848844
0.5278035
0.5206842
0.5149556
0.4847021
0.4923477
0.4955671
0.5238441
0.5035772
0.5065630
0.5042576
0.5018145
0.4939892
0.5044600
0.5644881
0.4639348
0.5115682
0.5010365
0.5016074
0.4809886
0.4998564
0.4655092
0.4913630
0.4944140
0.4758110
0.4844807
0.5116357
0.5106694
0.5046696
0.5002594
0.5235284
0.5129033
0.4839755
0.4954665
0.4589038
0.4631370
0.4810225
0.4937886
0.4788611
0.4831824
0.4848844
0.5278035
0.5206842
0.5149556
0.4847021
0.4923477
0.4955671
0.5238441
0.5035772
0.5065630
0.5042576
0.5018145
0.4939892
0.5044600
0.5644881
0.4639348
0.5115682
0.5010365
0.5016074
0.4809886
0.4998564
0.4655092
0.4913630
0.4944140
0.4758110
0.4844807
0.5116357
0.5106694
0.5046696
0.5002594
0.5235284
0.5129033
0.4839755
0.4954665
0.4589038
0.4631370
0.4810225
0.4937886
0.4788611
0.4831824
0.4848844
0.5278035
0.5206842
0.5149556
0.4847021
0.4923477
0.4955671
0.5238441
0.5035772
0.5065630
0.5042576
0.5018145
0.4939892
0.5044600
0.5644881
0.4639348
0.5115682
0.5010365
0.5016074
0.4809886
0.4998564
0.4655092
0.4913630
0.4944140
0.4758110
0.4844807
0.5116357
0.5106694
0.5046696
0.5002594
0.5235284
0.5129033
0.4839755
0.4954665
0.4589038
0.4631370
0.4810225
0.4937886
0.4788611
0.4831824
0.4848844
0.5278035
0.5206842
0.5149556
0.4847021
0.4923477
0.4955671
0.5238441
0.5035772
0.5065630
0.5042576
0.5018145
0.4939892
0.5044600
0.5644881
0.4639348
0.5115682
0.5010365
0.5016074
0.4809886
0.4998564
0.4655092
0.4913630
0.4944140
0.4758110
0.4844807
0.5116357
0.5106694
0.5046696
0.5002594
0.5235284
0.5129033
0.4839755
0.4954665
0.4589038
0.4631370
0.4810225
0.4937886
0.4788611
0.4831824
0.4848844
0.5278035
0.5206842
0.5149556
0.4847021
0.4923477
0.4955671
0.5238441
0.5035772
0.5065630
0.5042576
0.5018145
0.4939892
0.5044600
0.5644881
0.4639348
0.5115682
0.5010365
0.5016074
0.4809886
0.4998564
0.4655092
0.4913630
0.4944140
0.4758110
0.4844807
0.5116357
0.5106694
0.5046696
0.5002594
0.5235284
0.5129033
0.4839755
0.4954665
0.4589038
0.4631370
0.4810225
0.4937886
0.4788611
0.4831824
0.4848844
0.5278035
0.5206842
0.5149556
0.4847021
0.4923477
0.4955671
0.5238441
0.5035772
0.5065630
0.5042576
0.5018145
0.4939892
0.5044600
0.5644881
0.4639348
0.5115682
0.5010365
0.5016074
0.4809886
0.4998564
0.4655092
0.4913630
0.4944140
0.4758110
0.4844807
0.5116357
0.5106694
0.5046696
0.5002594
0.5235284
0.5129033
0.4839755
0.4954665
0.4589038
0.4631370
0.4810225
0.4937886
0.4788611
0.4831824
0.4848844
0.5278035
0.5206842
0.5149556
0.4847021
0.4923477
0.4955671
0.5238441
0.5035772
0.5065630
0.5042576
0.5018145
0.4939892
0.5044600
0.5644881
0.4639348
0.5115682
0.5010365
0.5016074
0.4809886
0.4998564
0.4655092
0.4913630
0.4944140
0.4758110
0.4844807
0.5116357
0.5106694
0.5046696
0.5002594
0.5235284
0.5129033
0.4839755
0.4954665
0.4589038
0.4631370
0.4810225
0.4937886
0.4788611
0.4831824
0.4848844
0.5278035
0.5206842
0.5149556
0.4847021
0.4923477
0.4955671
0.5238441
0.5035772
0.5065630
0.5042576
0.5018145
0.4939892
0.5044600
0.5644881
0.4639348
0.5115682
0.5010365
0.5016074
0.4809886
0.4998564
0.4655092
0.4913630
0.4944140
0.4758110
0.4844807
0.5116357
0.5106694
0.5046696
0.5002594
0.5235284
0.5129033
0.4839755
0.4954665
0.4589038
0.4631370
0.4810225
0.4937886
0.4788611
0.4831824
0.4848844
0.5278035
0.5206842
0.5149556
0.4847021
0.4923477
0.4955671
0.5238441
0.5035772
0.5065630
0.5042576
0.5018145
0.4939892
0.5044600
0.5644881
0.4639348
0.5115682
0.5010365
0.5016074
0.4809886
0.4998564
0.4655092
0.4913630
0.4944140
0.4758110
0.4844807
0.5116357
0.5106694
0.5046696
0.5002594
0.5235284
0.5129033
0.4839755
0.4954665
0.4589038
0.4631370
0.4810225
0.4937886
0.4788611
0.4831824
0.4848844
0.5278035
0.5206842
0.5149556
0.4847021
0.4923477
0.4955671
0.5238441
0.5035772
0.5065630
0.5042576
0.5018145
0.4939892
0.5044600
0.5644881
0.4639348
0.5115682
0.5010365
0.5016074
0.4809886
0.4998564
0.4655092
0.4913630
0.4944140
0.4758110
0.4844807
0.5116357
0.5106694
0.5046696
0.5002594
0.5235284
0.5129033
0.4839755
0.4954665
0.4589038
0.4631370
0.4810225
0.4937886
0.4788611
0.4831824
0.4848844
0.5278035
0.5206842
0.5149556
0.4847021
0.4923477
0.4955671
0.5238441
0.5035772
0.5065630
0.5042576
0.5018145
0.4939892
0.5044600
0.5644881
0.4639348
0.5115682
0.5010365
0.5016074
0.4809886
0.4998564
0.4655092
0.4913630
0.4944140
0.4758110
0.4844807
0.5116357
0.5106694
0.5046696
0.5002594
0.5235284
0.5129033
0.4839755
0.4954665
0.4589038
0.4631370
0.4810225
0.4937886
0.4788611
0.4831824
0.4848844
0.5278035
0.5206842
0.5149556
0.4847021
0.4923477
0.4955671
0.5238441
0.5035772
0.5065630
0.5042576
0.5018145
0.4939892
0.5044600
0.5644881
0.4639348
0.5115682
0.5010365
0.5016074
0.4809886
0.4998564
0.4655092
0.4913630
0.4944140
0.4758110
0.4844807
0.5116357
0.5106694
0.5046696
0.5002594
0.5235284
0.5129033
0.4839755
0.4954665
0.4589038
0.4631370
0.4810225
0.4937886
0.4788611
0.4831824
0.4848844
0.5278035
0.5206842
0.5149556
0.4847021
0.4923477
0.4955671
0.5238441
0.5035772
0.5065630
0.5042576
0.5018145
0.4939892
0.5044600
0.5644881
0.4639348
0.5115682
0.5010365
0.5016074
0.4809886
0.4998564
0.4655092
0.4913630
0.4944140
0.4758110
0.4844807
0.5116357
0.5106694
0.5046696
0.5002594
0.5235284
0.5129033
0.4839755
0.4954665
0.4589038
0.4631370
0.4810225
0.4937886
0.4788611
0.4831824
0.4848844
0.5278035
0.5206842
0.5149556
0.4847021
0.4923477
0.4955671
0.5238441
0.5035772
0.5065630
0.5042576
0.5018145
0.4939892
0.5044600
0.5644881
0.4639348
0.5115682
0.5010365
0.5016074
0.4809886
0.4998564
0.4655092
0.4913630
0.4944140
0.4758110
0.4844807
0.5116357
0.5106694
0.5046696
0.5002594
0.5235284
0.5129033
0.4839755
0.4954665
0.4589038
0.4631370
0.4810225
0.4937886
0.4788611
0.4831824
0.4848844
0.5278035
0.5206842
0.5149556
0.4847021
0.4923477
0.4955671
0.5238441
0.5035772
0.5065630
0.5042576
0.5018145
0.4939892
0.5044600
0.5644881
0.4639348
0.5115682
0.5010365
0.5016074
0.4809886
0.4998564
0.4655092
0.4913630
0.4944140
0.4758110
0.4844807
0.5116357
0.5106694
0.5046696
0.5002594
0.5235284
0.5129033
0.4839755
0.4954665
0.4589038
0.4631370
0.4810225
0.4937886
0.4788611
0.4831824
0.4848844
0.5278035
0.5206842
0.5149556
0.4847021
0.4923477
0.4955671
0.5238441
0.5035772
0.5065630
0.5042576
0.5018145
0.4939892
0.5044600
0.5644881
0.4639348
0.5115682
0.5010365
0.5016074
0.4809886
0.4998564
0.4655092
0.4913630
0.4944140
0.4758110
0.4844807
0.5116357
0.5106694
0.5046696
0.5002594
0.5235284
0.5129033
0.4839755
0.4954665
0.4589038
0.4631370
0.4810225
0.4937886
0.4788611
0.4831824
0.4848844
0.5278035
0.5206842
0.5149556
0.4847021
0.4923477
0.4955671
0.5238441
0.5035772
0.5065630
0.5042576
0.5018145
0.4939892
0.5044600
0.5644881
0.4639348
0.5115682
0.5010365
0.5016074
0.4809886
0.4998564
0.4655092
0.4913630
0.4944140
0.4758110
0.4844807
0.5116357
0.5106694
0.5046696
0.5002594
0.5235284
0.5129033
0.4839755
0.4954665
0.4589038
0.4631370
0.4810225
0.4937886
0.4788611
0.4831824
0.4848844
0.5278035
0.5206842
0.5149556
0.4847021
0.4923477
0.4955671
0.5238441
0.5035772
0.5065630
0.5042576
0.5018145
0.4939892
0.5044600
0.5644881
0.4639348
0.5115682
0.5010365
0.5016074
0.4809886
0.4998564
0.4655092
0.4913630
0.4944140
0.4758110
0.4844807
0.5116357
0.5106694
0.5046696
0.5002594
0.5235284
0.5129033
0.4839755
0.4954665
0.4589038
0.4631370
0.4810225
0.4937886
0.4788611
0.4831824
0.4848844
0.5278035
0.5206842
0.5149556
0.4847021
0.4923477
0.4955671
0.5238441
0.5035772
0.5065630
0.5042576
0.5018145
0.4939892
0.5044600
0.5644881
0.4639348
0.5115682
0.5010365
0.5016074
0.4809886
0.4998564
0.4655092
0.4913630
0.4944140
0.4758110
0.4844807
0.5116357
0.5106694
0.5046696
0.5002594
0.5235284
0.5129033
0.4839755
0.4954665
0.4589038
0.4631370
0.4810225
0.4937886
0.4788611
0.4831824
0.4848844
0.5278035
0.5206842
0.5149556
0.4847021
0.4923477
0.4955671
0.5238441
0.5035772
0.5065630
0.5042576
0.5018145
0.4939892
0.5044600
0.5644881
0.4639348
0.5115682
0.5010365
0.5016074
0.4809886
0.4998564
0.4655092
0.4913630
0.4944140
0.4758110
0.4844807
0.5116357
0.5106694
0.5046696
0.5002594
0.5235284
0.5129033
0.4839755
0.4954665
0.4589038
0.4631370
0.4810225
0.4937886
0.4788611
0.4831824
0.4848844
0.5278035
0.5206842
0.5149556
0.4847021
0.4923477
0.4955671
0.5238441
0.5035772
0.5065630
0.5042576
0.5018145
0.4939892
0.5044600
0.5644881
0.4639348
0.5115682
0.5010365
0.5016074
0.4809886
0.4998564
0.4655092
0.4913630
0.4944140
0.4758110
0.4844807
0.5116357
0.5106694
0.5046696
0.5002594
0.5235284
0.5129033
0.4839755
0.4954665
0.4589038
0.4631370
0.4810225
0.4937886
0.4788611
0.4831824
0.4848844
0.5278035
0.5206842
0.5149556
0.4847021
0.4923477
0.4955671
0.5238441
0.5035772
0.5065630
0.5042576
0.5018145
0.4939892
0.5044600
0.5644881
0.4639348
0.5115682
0.5010365
0.5016074
0.4809886
0.4998564
0.4655092
0.4913630
0.4944140
0.4758110
0.4844807
0.5116357
0.5106694
0.5046696
0.5002594
0.5235284
0.5129033
0.4839755
0.4954665
0.4589038
0.4631370
0.4810225
0.4937886
0.4788611
0.4831824
0.4848844
0.5278035
0.5206842
0.5149556
0.4847021
0.4923477
0.4955671
0.5238441
0.5035772
0.5065630
0.5042576
0.5018145
0.4939892
0.5044600
0.5644881
0.4639348
0.5115682
0.5010365
0.5016074
0.4809886
0.4998564
0.4655092
0.4913630
0.4944140
0.4758110
0.4844807
0.5116357
0.5106694
0.5046696
0.5002594
0.5235284
0.5129033
0.4839755
0.4954665
0.4589038
0.4631370
0.4810225
0.4937886
0.4788611
0.4831824
0.4848844
0.5278035
0.5206842
0.5149556
0.4847021
0.4923477
0.4955671
0.5238441
0.5035772
0.5065630
0.5042576
0.5018145
0.4939892
0.5044600
0.5644881
0.4639348
0.5115682
0.5010365
0.5016074
0.4809886
0.4998564
0.4655092
0.4913630
0.4944140
0.4758110
0.4844807
0.5116357
0.5106694
0.5046696
0.5002594
0.5235284
0.5129033
0.4839755
0.4954665
0.4589038
0.4631370
0.4810225
0.4937886
0.4788611
0.4831824
0.4848844
0.5278035
0.5206842
0.5149556
0.4847021
0.4923477
0.4955671
0.5238441
0.5035772
0.5065630
0.5042576
0.5018145
0.4939892
0.5044600
0.5644881
0.4639348
0.5115682
0.5010365
0.5016074
0.4809886
0.4998564
0.4655092
0.4913630
0.4944140
0.4758110
0.4844807
0.5116357
0.5106694
0.5046696
0.5002594
0.5235284
0.5129033
0.4839755
0.4954665
0.4589038
0.4631370
0.4810225
0.4937886
0.4788611
0.4831824
0.4848844
0.5278035
0.5206842
0.5149556
0.4847021
0.4923477
0.4955671
0.5238441
0.5035772
0.5065630
0.5042576
0.5018145
0.4939892
0.5044600
0.5644881
0.4639348
0.5115682
0.5010365
0.5016074
0.4809886
0.4998564
0.4655092
0.4913630
0.4944140
0.4758110
0.4844807
0.5116357
0.5106694
0.5046696
0.5002594
0.5235284
0.5129033
0.4839755
0.4954665
0.4589038
0.4631370
0.4810225
0.4937886
0.4788611
0.4831824
0.4848844
0.5278035
0.5206842
0.5149556
0.4847021
0.4923477
0.4955671
0.5238441
0.5035772
0.5065630
0.5042576
0.5018145
0.4939892
