1.0605367
1.0124447
0.9109200
0.9791879
1.0012251
1.0296412
0.9580860
0.9879063
1.0141729
0.9947750
0.9525960
0.9902993
0.9967280
1.0794097
0.9781657
1.0058225
0.9833631
0.9631732
0.9400949
0.9967436
1.0319078
0.9854921
1.0208200
0.9607173
0.9807702
0.9420334
0.9379648
1.0119344
1.0242776
1.0378527
0.9864803
1.0425619
1.0584175
0.9702092
0.9961421
1.0313253
1.0016064
0.9111706
0.9829735
1.0350832
1.0605367
1.0124447
0.9109200
0.9791879
1.0012251
1.0296412
0.9580860
0.9879063
1.0141729
0.9947750
0.9525960
0.9902993
0.9967280
1.0794097
0.9781657
1.0058225
0.9833631
0.9631732
0.9400949
0.9967436
1.0319078
0.9854921
1.0208200
0.9607173
0.9807702
0.9420334
0.9379648
1.0119344
1.0242776
1.0378527
0.9864803
1.0425619
1.0584175
0.9702092
0.9961421
1.0313253
1.0016064
0.9111706
0.9829735
1.0350832
1.0605367
1.0124447
0.9109200
0.9791879
1.0012251
1.0296412
0.9580860
0.9879063
1.0141729
0.9947750
0.9525960
0.9902993
0.9967280
1.0794097
0.9781657
1.0058225
0.9833631
0.9631732
0.9400949
0.9967436
1.0319078
0.9854921
1.0208200
0.9607173
0.9807702
0.9420334
0.9379648
1.0119344
1.0242776
1.0378527
0.9864803
1.0425619
1.0584175
0.9702092
0.9961421
1.0313253
1.0016064
0.9111706
0.9829735
1.0350832
1.0605367
1.0124447
0.9109200
0.9791879
1.0012251
1.0296412
0.9580860
0.9879063
1.0141729
0.9947750
0.9525960
0.9902993
0.9967280
1.0794097
0.9781657
1.0058225
0.9833631
0.9631732
0.9400949
0.9967436
1.0319078
0.9854921
1.0208200
0.9607173
0.9807702
0.9420334
0.9379648
1.0119344
1.0242776
1.0378527
0.9864803
1.0425619
1.0584175
0.9702092
0.9961421
1.0313253
1.0016064
0.9111706
0.9829735
1.0350832
1.0605367
1.0124447
0.9109200
0.9791879
1.0012251
1.0296412
0.9580860
0.9879063
1.0141729
0.9947750
0.9525960
0.9902993
0.9967280
1.0794097
0.9781657
1.0058225
0.9833631
0.9631732
0.9400949
0.9967436
1.0319078
0.9854921
1.0208200
0.9607173
0.9807702
0.9420334
0.9379648
1.0119344
1.0242776
1.0378527
0.9864803
1.0425619
1.0584175
0.9702092
0.9961421
1.0313253
1.0016064
0.9111706
0.9829735
1.0350832
1.0605367
1.0124447
0.9109200
0.9791879
1.0012251
1.0296412
0.9580860
0.9879063
1.0141729
0.9947750
0.9525960
0.9902993
0.9967280
1.0794097
0.9781657
1.0058225
0.9833631
0.9631732
0.9400949
0.9967436
1.0319078
0.9854921
1.0208200
0.9607173
0.9807702
0.9420334
0.9379648
1.0119344
1.0242776
1.0378527
0.9864803
1.0425619
1.0584175
0.9702092
0.9961421
1.0313253
1.0016064
0.9111706
0.9829735
1.0350832
1.0605367
1.0124447
0.9109200
0.9791879
1.0012251
1.0296412
0.9580860
0.9879063
1.0141729
0.9947750
0.9525960
0.9902993
0.9967280
1.0794097
0.9781657
1.0058225
0.9833631
0.9631732
0.9400949
0.9967436
1.0319078
0.9854921
1.0208200
0.9607173
0.9807702
0.9420334
0.9379648
1.0119344
1.0242776
1.0378527
0.9864803
1.0425619
1.0584175
0.9702092
0.9961421
1.0313253
1.0016064
0.9111706
0.9829735
1.0350832
1.0605367
1.0124447
0.9109200
0.9791879
1.0012251
1.0296412
0.9580860
0.9879063
1.0141729
0.9947750
0.9525960
0.9902993
0.9967280
1.0794097
0.9781657
1.0058225
0.9833631
0.9631732
0.9400949
0.9967436
1.0319078
0.9854921
1.0208200
0.9607173
0.9807702
0.9420334
0.9379648
1.0119344
1.0242776
1.0378527
0.9864803
1.0425619
1.0584175
0.9702092
0.9961421
1.0313253
1.0016064
0.9111706
0.9829735
1.0350832
1.0605367
1.0124447
0.9109200
0.9791879
1.0012251
1.0296412
0.9580860
0.9879063
1.0141729
0.9947750
0.9525960
0.9902993
0.9967280
1.0794097
0.9781657
1.0058225
0.9833631
0.9631732
0.9400949
0.9967436
1.0319078
0.9854921
1.0208200
0.9607173
0.9807702
0.9420334
0.9379648
1.0119344
1.0242776
1.0378527
0.9864803
1.0425619
1.0584175
0.9702092
0.9961421
1.0313253
1.0016064
0.9111706
0.9829735
1.0350832
1.0605367
1.0124447
0.9109200
0.9791879
1.0012251
1.0296412
0.9580860
0.9879063
1.0141729
0.9947750
0.9525960
0.9902993
0.9967280
1.0794097
0.9781657
1.0058225
0.9833631
0.9631732
0.9400949
0.9967436
1.0319078
0.9854921
1.0208200
0.9607173
0.9807702
0.9420334
0.9379648
1.0119344
1.0242776
1.0378527
0.9864803
1.0425619
1.0584175
0.9702092
0.9961421
1.0313253
1.0016064
0.9111706
0.9829735
1.0350832
1.0605367
1.0124447
0.9109200
0.9791879
1.0012251
1.0296412
0.9580860
0.9879063
1.0141729
0.9947750
0.9525960
0.9902993
0.9967280
1.0794097
0.9781657
1.0058225
0.9833631
0.9631732
0.9400949
0.9967436
1.0319078
0.9854921
1.0208200
0.9607173
0.9807702
0.9420334
0.9379648
1.0119344
1.0242776
1.0378527
0.9864803
1.0425619
1.0584175
0.9702092
0.9961421
1.0313253
1.0016064
0.9111706
0.9829735
1.0350832
1.0605367
1.0124447
0.9109200
0.9791879
1.0012251
1.0296412
0.9580860
0.9879063
1.0141729
0.9947750
0.9525960
0.9902993
0.9967280
1.0794097
0.9781657
1.0058225
0.9833631
0.9631732
0.9400949
0.9967436
1.0319078
0.9854921
1.0208200
0.9607173
0.9807702
0.9420334
0.9379648
1.0119344
1.0242776
1.0378527
0.9864803
1.0425619
1.0584175
0.9702092
0.9961421
1.0313253
1.0016064
0.9111706
0.9829735
1.0350832
1.0605367
1.0124447
0.9109200
0.9791879
1.0012251
1.0296412
0.9580860
0.9879063
1.0141729
0.9947750
0.9525960
0.9902993
0.9967280
1.0794097
0.9781657
1.0058225
0.9833631
0.9631732
0.9400949
0.9967436
1.0319078
0.9854921
1.0208200
0.9607173
0.9807702
0.9420334
0.9379648
1.0119344
1.0242776
1.0378527
0.9864803
1.0425619
1.0584175
0.9702092
0.9961421
1.0313253
1.0016064
0.9111706
0.9829735
1.0350832
1.0605367
1.0124447
0.9109200
0.9791879
1.0012251
1.0296412
0.9580860
0.9879063
1.0141729
0.9947750
0.9525960
0.9902993
0.9967280
1.0794097
0.9781657
1.0058225
0.9833631
0.9631732
0.9400949
0.9967436
1.0319078
0.9854921
1.0208200
0.9607173
0.9807702
0.9420334
0.9379648
1.0119344
1.0242776
1.0378527
0.9864803
1.0425619
1.0584175
0.9702092
0.9961421
1.0313253
1.0016064
0.9111706
0.9829735
1.0350832
1.0605367
1.0124447
0.9109200
0.9791879
1.0012251
1.0296412
0.9580860
0.9879063
1.0141729
0.9947750
0.9525960
0.9902993
0.9967280
1.0794097
0.9781657
1.0058225
0.9833631
0.9631732
0.9400949
0.9967436
1.0319078
0.9854921
1.0208200
0.9607173
0.9807702
0.9420334
0.9379648
1.0119344
1.0242776
1.0378527
0.9864803
1.0425619
1.0584175
0.9702092
0.9961421
1.0313253
1.0016064
0.9111706
0.9829735
1.0350832
1.0605367
1.0124447
0.9109200
0.9791879
1.0012251
1.0296412
0.9580860
0.9879063
1.0141729
0.9947750
0.9525960
0.9902993
0.9967280
1.0794097
0.9781657
1.0058225
0.9833631
0.9631732
0.9400949
0.9967436
1.0319078
0.9854921
1.0208200
0.9607173
0.9807702
0.9420334
0.9379648
1.0119344
1.0242776
1.0378527
0.9864803
1.0425619
1.0584175
0.9702092
0.9961421
1.0313253
1.0016064
0.9111706
0.9829735
1.0350832
1.0605367
1.0124447
0.9109200
0.9791879
1.0012251
1.0296412
0.9580860
0.9879063
1.0141729
0.9947750
0.9525960
0.9902993
0.9967280
1.0794097
0.9781657
1.0058225
0.9833631
0.9631732
0.9400949
0.9967436
1.0319078
0.9854921
1.0208200
0.9607173
0.9807702
0.9420334
0.9379648
1.0119344
1.0242776
1.0378527
0.9864803
1.0425619
1.0584175
0.9702092
0.9961421
1.0313253
1.0016064
0.9111706
0.9829735
1.0350832
1.0605367
1.0124447
0.9109200
0.9791879
1.0012251
1.0296412
0.9580860
0.9879063
1.0141729
0.9947750
0.9525960
0.9902993
0.9967280
1.0794097
0.9781657
1.0058225
0.9833631
0.9631732
0.9400949
0.9967436
1.0319078
0.9854921
1.0208200
0.9607173
0.9807702
0.9420334
0.9379648
1.0119344
1.0242776
1.0378527
0.9864803
1.0425619
1.0584175
0.9702092
0.9961421
1.0313253
1.0016064
0.9111706
0.9829735
1.0350832
1.0605367
1.0124447
0.9109200
0.9791879
1.0012251
1.0296412
0.9580860
0.9879063
1.0141729
0.9947750
0.9525960
0.9902993
0.9967280
1.0794097
0.9781657
1.0058225
0.9833631
0.9631732
0.9400949
0.9967436
1.0319078
0.9854921
1.0208200
0.9607173
0.9807702
0.9420334
0.9379648
1.0119344
1.0242776
1.0378527
0.9864803
1.0425619
1.0584175
0.9702092
0.9961421
1.0313253
1.0016064
0.9111706
0.9829735
1.0350832
1.0605367
1.0124447
0.9109200
0.9791879
1.0012251
1.0296412
0.9580860
0.9879063
1.0141729
0.9947750
0.9525960
0.9902993
0.9967280
1.0794097
0.9781657
1.0058225
0.9833631
0.9631732
0.9400949
0.9967436
1.0319078
0.9854921
1.0208200
0.9607173
0.9807702
0.9420334
0.9379648
1.0119344
1.0242776
1.0378527
0.9864803
1.0425619
1.0584175
0.9702092
0.9961421
1.0313253
1.0016064
0.9111706
0.9829735
1.0350832
1.0605367
1.0124447
0.9109200
0.9791879
1.0012251
1.0296412
0.9580860
0.9879063
1.0141729
0.9947750
0.9525960
0.9902993
0.9967280
1.0794097
0.9781657
1.0058225
0.9833631
0.9631732
0.9400949
0.9967436
1.0319078
0.9854921
1.0208200
0.9607173
0.9807702
0.9420334
0.9379648
1.0119344
1.0242776
1.0378527
0.9864803
1.0425619
1.0584175
0.9702092
0.9961421
1.0313253
1.0016064
0.9111706
0.9829735
1.0350832
1.0605367
1.0124447
0.9109200
0.9791879
1.0012251
1.0296412
0.9580860
0.9879063
1.0141729
0.9947750
0.9525960
0.9902993
0.9967280
1.0794097
0.9781657
1.0058225
0.9833631
0.9631732
0.9400949
0.9967436
1.0319078
0.9854921
1.0208200
0.9607173
0.9807702
0.9420334
0.9379648
1.0119344
1.0242776
1.0378527
0.9864803
1.0425619
1.0584175
0.9702092
0.9961421
1.0313253
1.0016064
0.9111706
0.9829735
1.0350832
1.0605367
1.0124447
0.9109200
0.9791879
1.0012251
1.0296412
0.9580860
0.9879063
1.0141729
0.9947750
0.9525960
0.9902993
0.9967280
1.0794097
0.9781657
1.0058225
0.9833631
0.9631732
0.9400949
0.9967436
1.0319078
0.9854921
1.0208200
0.9607173
0.9807702
0.9420334
0.9379648
1.0119344
1.0242776
1.0378527
0.9864803
1.0425619
1.0584175
0.9702092
0.9961421
1.0313253
1.0016064
0.9111706
0.9829735
1.0350832
1.0605367
1.0124447
0.9109200
0.9791879
1.0012251
1.0296412
0.9580860
0.9879063
1.0141729
0.9947750
0.9525960
0.9902993
0.9967280
1.0794097
0.9781657
1.0058225
0.9833631
0.9631732
0.9400949
0.9967436
1.0319078
0.9854921
1.0208200
0.9607173
0.9807702
0.9420334
0.9379648
1.0119344
1.0242776
1.0378527
0.9864803
1.0425619
1.0584175
0.9702092
0.9961421
1.0313253
1.0016064
0.9111706
0.9829735
1.0350832
1.0605367
1.0124447
0.9109200
0.9791879
1.0012251
1.0296412
0.9580860
0.9879063
1.0141729
0.9947750
0.9525960
0.9902993
0.9967280
1.0794097
0.9781657
1.0058225
0.9833631
0.9631732
0.9400949
0.9967436
1.0319078
0.9854921
1.0208200
0.9607173
0.9807702
0.9420334
0.9379648
1.0119344
1.0242776
1.0378527
0.9864803
1.0425619
1.0584175
0.9702092
0.9961421
1.0313253
1.0016064
0.9111706
0.9829735
1.0350832
1.0605367
1.0124447
0.9109200
0.9791879
1.0012251
1.0296412
0.9580860
0.9879063
1.0141729
0.9947750
0.9525960
0.9902993
0.9967280
1.0794097
0.9781657
1.0058225
0.9833631
0.9631732
0.9400949
0.9967436
1.0319078
0.9854921
1.0208200
0.9607173
0.9807702
0.9420334
0.9379648
1.0119344
1.0242776
1.0378527
0.9864803
1.0425619
1.0584175
0.9702092
0.9961421
1.0313253
1.0016064
0.9111706
0.9829735
1.0350832
1.0605367
1.0124447
0.9109200
0.9791879
1.0012251
1.0296412
0.9580860
0.9879063
1.0141729
0.9947750
0.9525960
0.9902993
0.9967280
1.0794097
0.9781657
1.0058225
0.9833631
0.9631732
0.9400949
0.9967436
1.0319078
0.9854921
1.0208200
0.9607173
0.9807702
0.9420334
0.9379648
1.0119344
1.0242776
1.0378527
0.9864803
1.0425619
1.0584175
0.9702092
0.9961421
1.0313253
1.0016064
0.9111706
0.9829735
1.0350832
1.0605367
1.0124447
0.9109200
0.9791879
1.0012251
1.0296412
0.9580860
0.9879063
1.0141729
0.9947750
0.9525960
0.9902993
0.9967280
1.0794097
0.9781657
1.0058225
0.9833631
0.9631732
0.9400949
0.9967436
1.0319078
0.9854921
1.0208200
0.9607173
0.9807702
0.9420334
0.9379648
1.0119344
1.0242776
1.0378527
0.9864803
1.0425619
1.0584175
0.9702092
0.9961421
1.0313253
1.0016064
0.9111706
0.9829735
1.0350832
1.0605367
1.0124447
0.9109200
0.9791879
1.0012251
1.0296412
0.9580860
0.9879063
1.0141729
0.9947750
0.9525960
0.9902993
0.9967280
1.0794097
0.9781657
1.0058225
0.9833631
0.9631732
0.9400949
0.9967436
1.0319078
0.9854921
1.0208200
0.9607173
0.9807702
0.9420334
0.9379648
1.0119344
1.0242776
1.0378527
0.9864803
1.0425619
1.0584175
0.9702092
0.9961421
1.0313253
1.0016064
0.9111706
0.9829735
1.0350832
1.0605367
1.0124447
0.9109200
0.9791879
1.0012251
1.0296412
0.9580860
0.9879063
1.0141729
0.9947750
0.9525960
0.9902993
0.9967280
1.0794097
0.9781657
1.0058225
0.9833631
0.9631732
0.9400949
0.9967436
1.0319078
0.9854921
1.0208200
0.9607173
0.9807702
0.9420334
0.9379648
1.0119344
1.0242776
1.0378527
0.9864803
1.0425619
1.0584175
0.9702092
0.9961421
1.0313253
1.0016064
0.9111706
0.9829735
1.0350832
1.0605367
1.0124447
0.9109200
0.9791879
1.0012251
1.0296412
0.9580860
0.9879063
1.0141729
0.9947750
0.9525960
0.9902993
0.9967280
1.0794097
0.9781657
1.0058225
0.9833631
0.9631732
0.9400949
0.9967436
1.0319078
0.9854921
1.0208200
0.9607173
0.9807702
0.9420334
0.9379648
1.0119344
1.0242776
1.0378527
0.9864803
1.0425619
1.0584175
0.9702092
0.9961421
1.0313253
1.0016064
0.9111706
0.9829735
1.0350832
1.0605367
1.0124447
0.9109200
0.9791879
1.0012251
1.0296412
0.9580860
0.9879063
1.0141729
0.9947750
0.9525960
0.9902993
0.9967280
1.0794097
0.9781657
1.0058225
0.9833631
0.9631732
0.9400949
0.9967436
1.0319078
0.9854921
1.0208200
0.9607173
0.9807702
0.9420334
0.9379648
1.0119344
1.0242776
1.0378527
0.9864803
1.0425619
1.0584175
0.9702092
0.9961421
1.0313253
1.0016064
0.9111706
0.9829735
1.0350832
1.0605367
1.0124447
0.9109200
0.9791879
1.0012251
1.0296412
0.9580860
0.9879063
1.0141729
0.9947750
0.9525960
0.9902993
0.9967280
1.0794097
0.9781657
1.0058225
0.9833631
0.9631732
0.9400949
0.9967436
1.0319078
0.9854921
1.0208200
0.9607173
0.9807702
0.9420334
0.9379648
1.0119344
1.0242776
1.0378527
0.9864803
1.0425619
1.0584175
0.9702092
0.9961421
1.0313253
1.0016064
0.9111706
0.9829735
1.0350832
1.0605367
1.0124447
0.9109200
0.9791879
1.0012251
1.0296412
0.9580860
0.9879063
1.0141729
0.9947750
0.9525960
0.9902993
0.9967280
1.0794097
0.9781657
1.0058225
0.9833631
0.9631732
0.9400949
0.9967436
1.0319078
0.9854921
1.0208200
0.9607173
0.9807702
0.9420334
0.9379648
1.0119344
1.0242776
1.0378527
0.9864803
1.0425619
1.0584175
0.9702092
0.9961421
1.0313253
1.0016064
0.9111706
0.9829735
1.0350832
1.0605367
1.0124447
0.9109200
0.9791879
1.0012251
1.0296412
0.9580860
0.9879063
1.0141729
0.9947750
0.9525960
0.9902993
0.9967280
1.0794097
0.9781657
1.0058225
0.9833631
0.9631732
0.9400949
0.9967436
1.0319078
0.9854921
1.0208200
0.9607173
0.9807702
0.9420334
0.9379648
1.0119344
1.0242776
1.0378527
0.9864803
1.0425619
1.0584175
0.9702092
0.9961421
1.0313253
1.0016064
0.9111706
0.9829735
1.0350832
1.0605367
1.0124447
0.9109200
0.9791879
1.0012251
1.0296412
0.9580860
0.9879063
1.0141729
0.9947750
0.9525960
0.9902993
0.9967280
1.0794097
0.9781657
1.0058225
0.9833631
0.9631732
0.9400949
0.9967436
1.0319078
0.9854921
1.0208200
0.9607173
0.9807702
0.9420334
0.9379648
1.0119344
1.0242776
1.0378527
0.9864803
1.0425619
1.0584175
0.9702092
0.9961421
1.0313253
1.0016064
0.9111706
0.9829735
1.0350832
1.0605367
1.0124447
0.9109200
0.9791879
1.0012251
1.0296412
0.9580860
0.9879063
1.0141729
0.9947750
0.9525960
0.9902993
0.9967280
1.0794097
0.9781657
1.0058225
0.9833631
0.9631732
0.9400949
0.9967436
1.0319078
0.9854921
1.0208200
0.9607173
0.9807702
0.9420334
0.9379648
1.0119344
1.0242776
1.0378527
0.9864803
1.0425619
1.0584175
0.9702092
0.9961421
1.0313253
1.0016064
0.9111706
0.9829735
1.0350832
1.0605367
1.0124447
0.9109200
0.9791879
1.0012251
1.0296412
0.9580860
0.9879063
1.0141729
0.9947750
0.9525960
0.9902993
0.9967280
1.0794097
0.9781657
1.0058225
0.9833631
0.9631732
0.9400949
0.9967436
1.0319078
0.9854921
1.0208200
0.9607173
0.9807702
0.9420334
0.9379648
1.0119344
1.0242776
1.0378527
0.9864803
1.0425619
1.0584175
0.9702092
0.9961421
1.0313253
1.0016064
0.9111706
0.9829735
1.0350832
1.0605367
1.0124447
0.9109200
0.9791879
1.0012251
1.0296412
0.9580860
0.9879063
1.0141729
0.9947750
0.9525960
0.9902993
0.9967280
1.0794097
0.9781657
1.0058225
0.9833631
0.9631732
0.9400949
0.9967436
1.0319078
0.9854921
1.0208200
0.9607173
0.9807702
0.9420334
0.9379648
1.0119344
1.0242776
1.0378527
0.9864803
1.0425619
1.0584175
0.9702092
0.9961421
1.0313253
1.0016064
0.9111706
0.9829735
1.0350832
1.0605367
1.0124447
0.9109200
0.9791879
1.0012251
1.0296412
0.9580860
0.9879063
1.0141729
0.9947750
0.9525960
0.9902993
0.9967280
1.0794097
0.9781657
1.0058225
0.9833631
0.9631732
0.9400949
0.9967436
1.0319078
0.9854921
1.0208200
0.9607173
0.9807702
0.9420334
0.9379648
1.0119344
1.0242776
1.0378527
0.9864803
1.0425619
1.0584175
0.9702092
0.9961421
1.0313253
1.0016064
0.9111706
0.9829735
1.0350832
1.0605367
1.0124447
0.9109200
0.9791879
1.0012251
1.0296412
0.9580860
0.9879063
1.0141729
0.9947750
0.9525960
0.9902993
0.9967280
1.0794097
0.9781657
1.0058225
0.9833631
0.9631732
0.9400949
0.9967436
1.0319078
0.9854921
1.0208200
0.9607173
0.9807702
0.9420334
0.9379648
1.0119344
1.0242776
1.0378527
0.9864803
1.0425619
1.0584175
0.9702092
0.9961421
1.0313253
1.0016064
0.9111706
0.9829735
1.0350832
1.0605367
1.0124447
0.9109200
0.9791879
1.0012251
1.0296412
0.9580860
0.9879063
1.0141729
0.9947750
0.9525960
0.9902993
0.9967280
1.0794097
0.9781657
1.0058225
0.9833631
0.9631732
0.9400949
0.9967436
1.0319078
0.9854921
1.0208200
0.9607173
0.9807702
0.9420334
0.9379648
1.0119344
1.0242776
1.0378527
0.9864803
1.0425619
1.0584175
0.9702092
0.9961421
1.0313253
1.0016064
0.9111706
0.9829735
1.0350832
1.0605367
1.0124447
0.9109200
0.9791879
1.0012251
1.0296412
0.9580860
0.9879063
1.0141729
0.9947750
0.9525960
0.9902993
0.9967280
1.0794097
0.9781657
1.0058225
0.9833631
0.9631732
0.9400949
0.9967436
1.0319078
0.9854921
1.0208200
0.9607173
0.9807702
0.9420334
0.9379648
1.0119344
1.0242776
1.0378527
0.9864803
1.0425619
1.0584175
0.9702092
0.9961421
1.0313253
1.0016064
0.9111706
0.9829735
1.0350832
1.0605367
1.0124447
0.9109200
0.9791879
1.0012251
1.0296412
0.9580860
0.9879063
1.0141729
0.9947750
0.9525960
0.9902993
0.9967280
1.0794097
0.9781657
1.0058225
0.9833631
0.9631732
0.9400949
0.9967436
1.0319078
0.9854921
1.0208200
0.9607173
0.9807702
0.9420334
0.9379648
1.0119344
1.0242776
1.0378527
0.9864803
1.0425619
1.0584175
0.9702092
0.9961421
1.0313253
1.0016064
0.9111706
0.9829735
1.0350832
1.0605367
1.0124447
0.9109200
0.9791879
1.0012251
1.0296412
0.9580860
0.9879063
1.0141729
0.9947750
0.9525960
0.9902993
0.9967280
1.0794097
0.9781657
1.0058225
0.9833631
0.9631732
0.9400949
0.9967436
1.0319078
0.9854921
1.0208200
0.9607173
0.9807702
0.9420334
0.9379648
1.0119344
1.0242776
1.0378527
0.9864803
1.0425619
1.0584175
0.9702092
0.9961421
1.0313253
1.0016064
0.9111706
0.9829735
1.0350832
1.0605367
1.0124447
0.9109200
0.9791879
1.0012251
1.0296412
0.9580860
0.9879063
1.0141729
0.9947750
0.9525960
0.9902993
0.9967280
1.0794097
0.9781657
1.0058225
0.9833631
0.9631732
0.9400949
0.9967436
1.0319078
0.9854921
1.0208200
0.9607173
0.9807702
0.9420334
0.9379648
1.0119344
1.0242776
1.0378527
0.9864803
1.0425619
1.0584175
0.9702092
0.9961421
1.0313253
1.0016064
0.9111706
0.9829735
1.0350832
1.0605367
1.0124447
0.9109200
0.9791879
1.0012251
1.0296412
0.9580860
0.9879063
1.0141729
0.9947750
0.9525960
0.9902993
0.9967280
1.0794097
0.9781657
1.0058225
0.9833631
0.9631732
0.9400949
0.9967436
1.0319078
0.9854921
1.0208200
0.9607173
0.9807702
0.9420334
0.9379648
1.0119344
1.0242776
1.0378527
0.9864803
1.0425619
1.0584175
0.9702092
0.9961421
1.0313253
1.0016064
0.9111706
0.9829735
1.0350832
1.0605367
1.0124447
0.9109200
0.9791879
1.0012251
1.0296412
0.9580860
0.9879063
1.0141729
0.9947750
0.9525960
0.9902993
0.9967280
1.0794097
0.9781657
1.0058225
0.9833631
0.9631732
0.9400949
0.9967436
1.0319078
0.9854921
1.0208200
0.9607173
0.9807702
0.9420334
0.9379648
1.0119344
1.0242776
1.0378527
0.9864803
1.0425619
1.0584175
0.9702092
0.9961421
1.0313253
1.0016064
0.9111706
0.9829735
1.0350832
1.0605367
1.0124447
0.9109200
0.9791879
1.0012251
1.0296412
0.9580860
0.9879063
1.0141729
0.9947750
0.9525960
0.9902993
0.9967280
1.0794097
0.9781657
1.0058225
0.9833631
0.9631732
0.9400949
0.9967436
1.0319078
0.9854921
1.0208200
0.9607173
0.9807702
0.9420334
0.9379648
1.0119344
1.0242776
1.0378527
0.9864803
1.0425619
1.0584175
0.9702092
0.9961421
1.0313253
1.0016064
0.9111706
0.9829735
1.0350832
1.0605367
1.0124447
0.9109200
0.9791879
1.0012251
1.0296412
0.9580860
0.9879063
1.0141729
0.9947750
0.9525960
0.9902993
0.9967280
1.0794097
0.9781657
1.0058225
0.9833631
0.9631732
0.9400949
0.9967436
1.0319078
0.9854921
1.0208200
0.9607173
0.9807702
0.9420334
0.9379648
1.0119344
1.0242776
1.0378527
0.9864803
1.0425619
1.0584175
0.9702092
0.9961421
1.0313253
1.0016064
0.9111706
0.9829735
1.0350832
