1.0300520
0.9050606
1.0575278
1.0023945
0.9629293
0.9621547
1.0410564
0.9950617
0.9429122
1.0356173
0.9694510
0.9948020
0.9887751
1.0553559
1.0149479
1.0006245
0.9858095
0.9115962
0.9989045
0.9467702
1.0726587
1.0069786
0.9768871
0.9901001
1.0332779
0.9582920
1.0460660
1.0444544
1.0078853
1.0189161
0.9840497
1.0030772
1.0710086
0.9967202
0.9956609
1.0483134
1.0006939
0.9886694
0.9960379
1.0199895
1.0300520
0.9050606
1.0575278
1.0023945
0.9629293
0.9621547
1.0410564
0.9950617
0.9429122
1.0356173
0.9694510
0.9948020
0.9887751
1.0553559
1.0149479
1.0006245
0.9858095
0.9115962
0.9989045
0.9467702
1.0726587
1.0069786
0.9768871
0.9901001
1.0332779
0.9582920
1.0460660
1.0444544
1.0078853
1.0189161
0.9840497
1.0030772
1.0710086
0.9967202
0.9956609
1.0483134
1.0006939
0.9886694
0.9960379
1.0199895
1.0300520
0.9050606
1.0575278
1.0023945
0.9629293
0.9621547
1.0410564
0.9950617
0.9429122
1.0356173
0.9694510
0.9948020
0.9887751
1.0553559
1.0149479
1.0006245
0.9858095
0.9115962
0.9989045
0.9467702
1.0726587
1.0069786
0.9768871
0.9901001
1.0332779
0.9582920
1.0460660
1.0444544
1.0078853
1.0189161
0.9840497
1.0030772
1.0710086
0.9967202
0.9956609
1.0483134
1.0006939
0.9886694
0.9960379
1.0199895
1.0300520
0.9050606
1.0575278
1.0023945
0.9629293
0.9621547
1.0410564
0.9950617
0.9429122
1.0356173
0.9694510
0.9948020
0.9887751
1.0553559
1.0149479
1.0006245
0.9858095
0.9115962
0.9989045
0.9467702
1.0726587
1.0069786
0.9768871
0.9901001
1.0332779
0.9582920
1.0460660
1.0444544
1.0078853
1.0189161
0.9840497
1.0030772
1.0710086
0.9967202
0.9956609
1.0483134
1.0006939
0.9886694
0.9960379
1.0199895
1.0300520
0.9050606
1.0575278
1.0023945
0.9629293
0.9621547
1.0410564
0.9950617
0.9429122
1.0356173
0.9694510
0.9948020
0.9887751
1.0553559
1.0149479
1.0006245
0.9858095
0.9115962
0.9989045
0.9467702
1.0726587
1.0069786
0.9768871
0.9901001
1.0332779
0.9582920
1.0460660
1.0444544
1.0078853
1.0189161
0.9840497
1.0030772
1.0710086
0.9967202
0.9956609
1.0483134
1.0006939
0.9886694
0.9960379
1.0199895
1.0300520
0.9050606
1.0575278
1.0023945
0.9629293
0.9621547
1.0410564
0.9950617
0.9429122
1.0356173
0.9694510
0.9948020
0.9887751
1.0553559
1.0149479
1.0006245
0.9858095
0.9115962
0.9989045
0.9467702
1.0726587
1.0069786
0.9768871
0.9901001
1.0332779
0.9582920
1.0460660
1.0444544
1.0078853
1.0189161
0.9840497
1.0030772
1.0710086
0.9967202
0.9956609
1.0483134
1.0006939
0.9886694
0.9960379
1.0199895
1.0300520
0.9050606
1.0575278
1.0023945
0.9629293
0.9621547
1.0410564
0.9950617
0.9429122
1.0356173
0.9694510
0.9948020
0.9887751
1.0553559
1.0149479
1.0006245
0.9858095
0.9115962
0.9989045
0.9467702
1.0726587
1.0069786
0.9768871
0.9901001
1.0332779
0.9582920
1.0460660
1.0444544
1.0078853
1.0189161
0.9840497
1.0030772
1.0710086
0.9967202
0.9956609
1.0483134
1.0006939
0.9886694
0.9960379
1.0199895
1.0300520
0.9050606
1.0575278
1.0023945
0.9629293
0.9621547
1.0410564
0.9950617
0.9429122
1.0356173
0.9694510
0.9948020
0.9887751
1.0553559
1.0149479
1.0006245
0.9858095
0.9115962
0.9989045
0.9467702
1.0726587
1.0069786
0.9768871
0.9901001
1.0332779
0.9582920
1.0460660
1.0444544
1.0078853
1.0189161
0.9840497
1.0030772
1.0710086
0.9967202
0.9956609
1.0483134
1.0006939
0.9886694
0.9960379
1.0199895
1.0300520
0.9050606
1.0575278
1.0023945
0.9629293
0.9621547
1.0410564
0.9950617
0.9429122
1.0356173
0.9694510
0.9948020
0.9887751
1.0553559
1.0149479
1.0006245
0.9858095
0.9115962
0.9989045
0.9467702
1.0726587
1.0069786
0.9768871
0.9901001
1.0332779
0.9582920
1.0460660
1.0444544
1.0078853
1.0189161
0.9840497
1.0030772
1.0710086
0.9967202
0.9956609
1.0483134
1.0006939
0.9886694
0.9960379
1.0199895
1.0300520
0.9050606
1.0575278
1.0023945
0.9629293
0.9621547
1.0410564
0.9950617
0.9429122
1.0356173
0.9694510
0.9948020
0.9887751
1.0553559
1.0149479
1.0006245
0.9858095
0.9115962
0.9989045
0.9467702
1.0726587
1.0069786
0.9768871
0.9901001
1.0332779
0.9582920
1.0460660
1.0444544
1.0078853
1.0189161
0.9840497
1.0030772
1.0710086
0.9967202
0.9956609
1.0483134
1.0006939
0.9886694
0.9960379
1.0199895
1.0300520
0.9050606
1.0575278
1.0023945
0.9629293
0.9621547
1.0410564
0.9950617
0.9429122
1.0356173
0.9694510
0.9948020
0.9887751
1.0553559
1.0149479
1.0006245
0.9858095
0.9115962
0.9989045
0.9467702
1.0726587
1.0069786
0.9768871
0.9901001
1.0332779
0.9582920
1.0460660
1.0444544
1.0078853
1.0189161
0.9840497
1.0030772
1.0710086
0.9967202
0.9956609
1.0483134
1.0006939
0.9886694
0.9960379
1.0199895
1.0300520
0.9050606
1.0575278
1.0023945
0.9629293
0.9621547
1.0410564
0.9950617
0.9429122
1.0356173
0.9694510
0.9948020
0.9887751
1.0553559
1.0149479
1.0006245
0.9858095
0.9115962
0.9989045
0.9467702
1.0726587
1.0069786
0.9768871
0.9901001
1.0332779
0.9582920
1.0460660
1.0444544
1.0078853
1.0189161
0.9840497
1.0030772
1.0710086
0.9967202
0.9956609
1.0483134
1.0006939
0.9886694
0.9960379
1.0199895
1.0300520
0.9050606
1.0575278
1.0023945
0.9629293
0.9621547
1.0410564
0.9950617
0.9429122
1.0356173
0.9694510
0.9948020
0.9887751
1.0553559
1.0149479
1.0006245
0.9858095
0.9115962
0.9989045
0.9467702
1.0726587
1.0069786
0.9768871
0.9901001
1.0332779
0.9582920
1.0460660
1.0444544
1.0078853
1.0189161
0.9840497
1.0030772
1.0710086
0.9967202
0.9956609
1.0483134
1.0006939
0.9886694
0.9960379
1.0199895
1.0300520
0.9050606
1.0575278
1.0023945
0.9629293
0.9621547
1.0410564
0.9950617
0.9429122
1.0356173
0.9694510
0.9948020
0.9887751
1.0553559
1.0149479
1.0006245
0.9858095
0.9115962
0.9989045
0.9467702
1.0726587
1.0069786
0.9768871
0.9901001
1.0332779
0.9582920
1.0460660
1.0444544
1.0078853
1.0189161
0.9840497
1.0030772
1.0710086
0.9967202
0.9956609
1.0483134
1.0006939
0.9886694
0.9960379
1.0199895
1.0300520
0.9050606
1.0575278
1.0023945
0.9629293
0.9621547
1.0410564
0.9950617
0.9429122
1.0356173
0.9694510
0.9948020
0.9887751
1.0553559
1.0149479
1.0006245
0.9858095
0.9115962
0.9989045
0.9467702
1.0726587
1.0069786
0.9768871
0.9901001
1.0332779
0.9582920
1.0460660
1.0444544
1.0078853
1.0189161
0.9840497
1.0030772
1.0710086
0.9967202
0.9956609
1.0483134
1.0006939
0.9886694
0.9960379
1.0199895
1.0300520
0.9050606
1.0575278
1.0023945
0.9629293
0.9621547
1.0410564
0.9950617
0.9429122
1.0356173
0.9694510
0.9948020
0.9887751
1.0553559
1.0149479
1.0006245
0.9858095
0.9115962
0.9989045
0.9467702
1.0726587
1.0069786
0.9768871
0.9901001
1.0332779
0.9582920
1.0460660
1.0444544
1.0078853
1.0189161
0.9840497
1.0030772
1.0710086
0.9967202
0.9956609
1.0483134
1.0006939
0.9886694
0.9960379
1.0199895
1.0300520
0.9050606
1.0575278
1.0023945
0.9629293
0.9621547
1.0410564
0.9950617
0.9429122
1.0356173
0.9694510
0.9948020
0.9887751
1.0553559
1.0149479
1.0006245
0.9858095
0.9115962
0.9989045
0.9467702
1.0726587
1.0069786
0.9768871
0.9901001
1.0332779
0.9582920
1.0460660
1.0444544
1.0078853
1.0189161
0.9840497
1.0030772
1.0710086
0.9967202
0.9956609
1.0483134
1.0006939
0.9886694
0.9960379
1.0199895
1.0300520
0.9050606
1.0575278
1.0023945
0.9629293
0.9621547
1.0410564
0.9950617
0.9429122
1.0356173
0.9694510
0.9948020
0.9887751
1.0553559
1.0149479
1.0006245
0.9858095
0.9115962
0.9989045
0.9467702
1.0726587
1.0069786
0.9768871
0.9901001
1.0332779
0.9582920
1.0460660
1.0444544
1.0078853
1.0189161
0.9840497
1.0030772
1.0710086
0.9967202
0.9956609
1.0483134
1.0006939
0.9886694
0.9960379
1.0199895
1.0300520
0.9050606
1.0575278
1.0023945
0.9629293
0.9621547
1.0410564
0.9950617
0.9429122
1.0356173
0.9694510
0.9948020
0.9887751
1.0553559
1.0149479
1.0006245
0.9858095
0.9115962
0.9989045
0.9467702
1.0726587
1.0069786
0.9768871
0.9901001
1.0332779
0.9582920
1.0460660
1.0444544
1.0078853
1.0189161
0.9840497
1.0030772
1.0710086
0.9967202
0.9956609
1.0483134
1.0006939
0.9886694
0.9960379
1.0199895
1.0300520
0.9050606
1.0575278
1.0023945
0.9629293
0.9621547
1.0410564
0.9950617
0.9429122
1.0356173
0.9694510
0.9948020
0.9887751
1.0553559
1.0149479
1.0006245
0.9858095
0.9115962
0.9989045
0.9467702
1.0726587
1.0069786
0.9768871
0.9901001
1.0332779
0.9582920
1.0460660
1.0444544
1.0078853
1.0189161
0.9840497
1.0030772
1.0710086
0.9967202
0.9956609
1.0483134
1.0006939
0.9886694
0.9960379
1.0199895
1.0300520
0.9050606
1.0575278
1.0023945
0.9629293
0.9621547
1.0410564
0.9950617
0.9429122
1.0356173
0.9694510
0.9948020
0.9887751
1.0553559
1.0149479
1.0006245
0.9858095
0.9115962
0.9989045
0.9467702
1.0726587
1.0069786
0.9768871
0.9901001
1.0332779
0.9582920
1.0460660
1.0444544
1.0078853
1.0189161
0.9840497
1.0030772
1.0710086
0.9967202
0.9956609
1.0483134
1.0006939
0.9886694
0.9960379
1.0199895
1.0300520
0.9050606
1.0575278
1.0023945
0.9629293
0.9621547
1.0410564
0.9950617
0.9429122
1.0356173
0.9694510
0.9948020
0.9887751
1.0553559
1.0149479
1.0006245
0.9858095
0.9115962
0.9989045
0.9467702
1.0726587
1.0069786
0.9768871
0.9901001
1.0332779
0.9582920
1.0460660
1.0444544
1.0078853
1.0189161
0.9840497
1.0030772
1.0710086
0.9967202
0.9956609
1.0483134
1.0006939
0.9886694
0.9960379
1.0199895
1.0300520
0.9050606
1.0575278
1.0023945
0.9629293
0.9621547
1.0410564
0.9950617
0.9429122
1.0356173
0.9694510
0.9948020
0.9887751
1.0553559
1.0149479
1.0006245
0.9858095
0.9115962
0.9989045
0.9467702
1.0726587
1.0069786
0.9768871
0.9901001
1.0332779
0.9582920
1.0460660
1.0444544
1.0078853
1.0189161
0.9840497
1.0030772
1.0710086
0.9967202
0.9956609
1.0483134
1.0006939
0.9886694
0.9960379
1.0199895
1.0300520
0.9050606
1.0575278
1.0023945
0.9629293
0.9621547
1.0410564
0.9950617
0.9429122
1.0356173
0.9694510
0.9948020
0.9887751
1.0553559
1.0149479
1.0006245
0.9858095
0.9115962
0.9989045
0.9467702
1.0726587
1.0069786
0.9768871
0.9901001
1.0332779
0.9582920
1.0460660
1.0444544
1.0078853
1.0189161
0.9840497
1.0030772
1.0710086
0.9967202
0.9956609
1.0483134
1.0006939
0.9886694
0.9960379
1.0199895
1.0300520
0.9050606
1.0575278
1.0023945
0.9629293
0.9621547
1.0410564
0.9950617
0.9429122
1.0356173
0.9694510
0.9948020
0.9887751
1.0553559
1.0149479
1.0006245
0.9858095
0.9115962
0.9989045
0.9467702
1.0726587
1.0069786
0.9768871
0.9901001
1.0332779
0.9582920
1.0460660
1.0444544
1.0078853
1.0189161
0.9840497
1.0030772
1.0710086
0.9967202
0.9956609
1.0483134
1.0006939
0.9886694
0.9960379
1.0199895
1.0300520
0.9050606
1.0575278
1.0023945
0.9629293
0.9621547
1.0410564
0.9950617
0.9429122
1.0356173
0.9694510
0.9948020
0.9887751
1.0553559
1.0149479
1.0006245
0.9858095
0.9115962
0.9989045
0.9467702
1.0726587
1.0069786
0.9768871
0.9901001
1.0332779
0.9582920
1.0460660
1.0444544
1.0078853
1.0189161
0.9840497
1.0030772
1.0710086
0.9967202
0.9956609
1.0483134
1.0006939
0.9886694
0.9960379
1.0199895
1.0300520
0.9050606
1.0575278
1.0023945
0.9629293
0.9621547
1.0410564
0.9950617
0.9429122
1.0356173
0.9694510
0.9948020
0.9887751
1.0553559
1.0149479
1.0006245
0.9858095
0.9115962
0.9989045
0.9467702
1.0726587
1.0069786
0.9768871
0.9901001
1.0332779
0.9582920
1.0460660
1.0444544
1.0078853
1.0189161
0.9840497
1.0030772
1.0710086
0.9967202
0.9956609
1.0483134
1.0006939
0.9886694
0.9960379
1.0199895
1.0300520
0.9050606
1.0575278
1.0023945
0.9629293
0.9621547
1.0410564
0.9950617
0.9429122
1.0356173
0.9694510
0.9948020
0.9887751
1.0553559
1.0149479
1.0006245
0.9858095
0.9115962
0.9989045
0.9467702
1.0726587
1.0069786
0.9768871
0.9901001
1.0332779
0.9582920
1.0460660
1.0444544
1.0078853
1.0189161
0.9840497
1.0030772
1.0710086
0.9967202
0.9956609
1.0483134
1.0006939
0.9886694
0.9960379
1.0199895
1.0300520
0.9050606
1.0575278
1.0023945
0.9629293
0.9621547
1.0410564
0.9950617
0.9429122
1.0356173
0.9694510
0.9948020
0.9887751
1.0553559
1.0149479
1.0006245
0.9858095
0.9115962
0.9989045
0.9467702
1.0726587
1.0069786
0.9768871
0.9901001
1.0332779
0.9582920
1.0460660
1.0444544
1.0078853
1.0189161
0.9840497
1.0030772
1.0710086
0.9967202
0.9956609
1.0483134
1.0006939
0.9886694
0.9960379
1.0199895
1.0300520
0.9050606
1.0575278
1.0023945
0.9629293
0.9621547
1.0410564
0.9950617
0.9429122
1.0356173
0.9694510
0.9948020
0.9887751
1.0553559
1.0149479
1.0006245
0.9858095
0.9115962
0.9989045
0.9467702
1.0726587
1.0069786
0.9768871
0.9901001
1.0332779
0.9582920
1.0460660
1.0444544
1.0078853
1.0189161
0.9840497
1.0030772
1.0710086
0.9967202
0.9956609
1.0483134
1.0006939
0.9886694
0.9960379
1.0199895
1.0300520
0.9050606
1.0575278
1.0023945
0.9629293
0.9621547
1.0410564
0.9950617
0.9429122
1.0356173
0.9694510
0.9948020
0.9887751
1.0553559
1.0149479
1.0006245
0.9858095
0.9115962
0.9989045
0.9467702
1.0726587
1.0069786
0.9768871
0.9901001
1.0332779
0.9582920
1.0460660
1.0444544
1.0078853
1.0189161
0.9840497
1.0030772
1.0710086
0.9967202
0.9956609
1.0483134
1.0006939
0.9886694
0.9960379
1.0199895
1.0300520
0.9050606
1.0575278
1.0023945
0.9629293
0.9621547
1.0410564
0.9950617
0.9429122
1.0356173
0.9694510
0.9948020
0.9887751
1.0553559
1.0149479
1.0006245
0.9858095
0.9115962
0.9989045
0.9467702
1.0726587
1.0069786
0.9768871
0.9901001
1.0332779
0.9582920
1.0460660
1.0444544
1.0078853
1.0189161
0.9840497
1.0030772
1.0710086
0.9967202
0.9956609
1.0483134
1.0006939
0.9886694
0.9960379
1.0199895
1.0300520
0.9050606
1.0575278
1.0023945
0.9629293
0.9621547
1.0410564
0.9950617
0.9429122
1.0356173
0.9694510
0.9948020
0.9887751
1.0553559
1.0149479
1.0006245
0.9858095
0.9115962
0.9989045
0.9467702
1.0726587
1.0069786
0.9768871
0.9901001
1.0332779
0.9582920
1.0460660
1.0444544
1.0078853
1.0189161
0.9840497
1.0030772
1.0710086
0.9967202
0.9956609
1.0483134
1.0006939
0.9886694
0.9960379
1.0199895
1.0300520
0.9050606
1.0575278
1.0023945
0.9629293
0.9621547
1.0410564
0.9950617
0.9429122
1.0356173
0.9694510
0.9948020
0.9887751
1.0553559
1.0149479
1.0006245
0.9858095
0.9115962
0.9989045
0.9467702
1.0726587
1.0069786
0.9768871
0.9901001
1.0332779
0.9582920
1.0460660
1.0444544
1.0078853
1.0189161
0.9840497
1.0030772
1.0710086
0.9967202
0.9956609
1.0483134
1.0006939
0.9886694
0.9960379
1.0199895
1.0300520
0.9050606
1.0575278
1.0023945
0.9629293
0.9621547
1.0410564
0.9950617
0.9429122
1.0356173
0.9694510
0.9948020
0.9887751
1.0553559
1.0149479
1.0006245
0.9858095
0.9115962
0.9989045
0.9467702
1.0726587
1.0069786
0.9768871
0.9901001
1.0332779
0.9582920
1.0460660
1.0444544
1.0078853
1.0189161
0.9840497
1.0030772
1.0710086
0.9967202
0.9956609
1.0483134
1.0006939
0.9886694
0.9960379
1.0199895
1.0300520
0.9050606
1.0575278
1.0023945
0.9629293
0.9621547
1.0410564
0.9950617
0.9429122
1.0356173
0.9694510
0.9948020
0.9887751
1.0553559
1.0149479
1.0006245
0.9858095
0.9115962
0.9989045
0.9467702
1.0726587
1.0069786
0.9768871
0.9901001
1.0332779
0.9582920
1.0460660
1.0444544
1.0078853
1.0189161
0.9840497
1.0030772
1.0710086
0.9967202
0.9956609
1.0483134
1.0006939
0.9886694
0.9960379
1.0199895
1.0300520
0.9050606
1.0575278
1.0023945
0.9629293
0.9621547
1.0410564
0.9950617
0.9429122
1.0356173
0.9694510
0.9948020
0.9887751
1.0553559
1.0149479
1.0006245
0.9858095
0.9115962
0.9989045
0.9467702
1.0726587
1.0069786
0.9768871
0.9901001
1.0332779
0.9582920
1.0460660
1.0444544
1.0078853
1.0189161
0.9840497
1.0030772
1.0710086
0.9967202
0.9956609
1.0483134
1.0006939
0.9886694
0.9960379
1.0199895
1.0300520
0.9050606
1.0575278
1.0023945
0.9629293
0.9621547
1.0410564
0.9950617
0.9429122
1.0356173
0.9694510
0.9948020
0.9887751
1.0553559
1.0149479
1.0006245
0.9858095
0.9115962
0.9989045
0.9467702
1.0726587
1.0069786
0.9768871
0.9901001
1.0332779
0.9582920
1.0460660
1.0444544
1.0078853
1.0189161
0.9840497
1.0030772
1.0710086
0.9967202
0.9956609
1.0483134
1.0006939
0.9886694
0.9960379
1.0199895
1.0300520
0.9050606
1.0575278
1.0023945
0.9629293
0.9621547
1.0410564
0.9950617
0.9429122
1.0356173
0.9694510
0.9948020
0.9887751
1.0553559
1.0149479
1.0006245
0.9858095
0.9115962
0.9989045
0.9467702
1.0726587
1.0069786
0.9768871
0.9901001
1.0332779
0.9582920
1.0460660
1.0444544
1.0078853
1.0189161
0.9840497
1.0030772
1.0710086
0.9967202
0.9956609
1.0483134
1.0006939
0.9886694
0.9960379
1.0199895
1.0300520
0.9050606
1.0575278
1.0023945
0.9629293
0.9621547
1.0410564
0.9950617
0.9429122
1.0356173
0.9694510
0.9948020
0.9887751
1.0553559
1.0149479
1.0006245
0.9858095
0.9115962
0.9989045
0.9467702
1.0726587
1.0069786
0.9768871
0.9901001
1.0332779
0.9582920
1.0460660
1.0444544
1.0078853
1.0189161
0.9840497
1.0030772
1.0710086
0.9967202
0.9956609
1.0483134
1.0006939
0.9886694
0.9960379
1.0199895
1.0300520
0.9050606
1.0575278
1.0023945
0.9629293
0.9621547
1.0410564
0.9950617
0.9429122
1.0356173
0.9694510
0.9948020
0.9887751
1.0553559
1.0149479
1.0006245
0.9858095
0.9115962
0.9989045
0.9467702
1.0726587
1.0069786
0.9768871
0.9901001
1.0332779
0.9582920
1.0460660
1.0444544
1.0078853
1.0189161
0.9840497
1.0030772
1.0710086
0.9967202
0.9956609
1.0483134
1.0006939
0.9886694
0.9960379
1.0199895
1.0300520
0.9050606
1.0575278
1.0023945
0.9629293
0.9621547
1.0410564
0.9950617
0.9429122
1.0356173
0.9694510
0.9948020
0.9887751
1.0553559
1.0149479
1.0006245
0.9858095
0.9115962
0.9989045
0.9467702
1.0726587
1.0069786
0.9768871
0.9901001
1.0332779
0.9582920
1.0460660
1.0444544
1.0078853
1.0189161
0.9840497
1.0030772
1.0710086
0.9967202
0.9956609
1.0483134
1.0006939
0.9886694
0.9960379
1.0199895
1.0300520
0.9050606
1.0575278
1.0023945
0.9629293
0.9621547
1.0410564
0.9950617
0.9429122
1.0356173
0.9694510
0.9948020
0.9887751
1.0553559
1.0149479
1.0006245
0.9858095
0.9115962
0.9989045
0.9467702
1.0726587
1.0069786
0.9768871
0.9901001
1.0332779
0.9582920
1.0460660
1.0444544
1.0078853
1.0189161
0.9840497
1.0030772
1.0710086
0.9967202
0.9956609
1.0483134
1.0006939
0.9886694
0.9960379
1.0199895
1.0300520
0.9050606
1.0575278
1.0023945
0.9629293
0.9621547
1.0410564
0.9950617
0.9429122
1.0356173
0.9694510
0.9948020
0.9887751
1.0553559
1.0149479
1.0006245
0.9858095
0.9115962
0.9989045
0.9467702
1.0726587
1.0069786
0.9768871
0.9901001
1.0332779
0.9582920
1.0460660
1.0444544
1.0078853
1.0189161
0.9840497
1.0030772
1.0710086
0.9967202
0.9956609
1.0483134
1.0006939
0.9886694
0.9960379
1.0199895
1.0300520
0.9050606
1.0575278
1.0023945
0.9629293
0.9621547
1.0410564
0.9950617
0.9429122
1.0356173
0.9694510
0.9948020
0.9887751
1.0553559
1.0149479
1.0006245
0.9858095
0.9115962
0.9989045
0.9467702
1.0726587
1.0069786
0.9768871
0.9901001
1.0332779
0.9582920
1.0460660
1.0444544
1.0078853
1.0189161
0.9840497
1.0030772
1.0710086
0.9967202
0.9956609
1.0483134
1.0006939
0.9886694
0.9960379
1.0199895
1.0300520
0.9050606
1.0575278
1.0023945
0.9629293
0.9621547
1.0410564
0.9950617
0.9429122
1.0356173
0.9694510
0.9948020
0.9887751
1.0553559
1.0149479
1.0006245
0.9858095
0.9115962
0.9989045
0.9467702
1.0726587
1.0069786
0.9768871
0.9901001
1.0332779
0.9582920
1.0460660
1.0444544
1.0078853
1.0189161
0.9840497
1.0030772
1.0710086
0.9967202
0.9956609
1.0483134
1.0006939
0.9886694
0.9960379
1.0199895
1.0300520
0.9050606
1.0575278
1.0023945
0.9629293
0.9621547
1.0410564
0.9950617
0.9429122
1.0356173
0.9694510
0.9948020
0.9887751
1.0553559
1.0149479
1.0006245
0.9858095
0.9115962
0.9989045
0.9467702
1.0726587
1.0069786
0.9768871
0.9901001
1.0332779
0.9582920
1.0460660
1.0444544
1.0078853
1.0189161
0.9840497
1.0030772
1.0710086
0.9967202
0.9956609
1.0483134
1.0006939
0.9886694
0.9960379
1.0199895
1.0300520
0.9050606
1.0575278
1.0023945
0.9629293
0.9621547
1.0410564
0.9950617
0.9429122
1.0356173
0.9694510
0.9948020
0.9887751
1.0553559
1.0149479
1.0006245
0.9858095
0.9115962
0.9989045
0.9467702
1.0726587
1.0069786
0.9768871
0.9901001
1.0332779
0.9582920
1.0460660
1.0444544
1.0078853
1.0189161
0.9840497
1.0030772
1.0710086
0.9967202
0.9956609
1.0483134
1.0006939
0.9886694
0.9960379
1.0199895
1.0300520
0.9050606
1.0575278
1.0023945
0.9629293
0.9621547
1.0410564
0.9950617
0.9429122
1.0356173
0.9694510
0.9948020
0.9887751
1.0553559
1.0149479
1.0006245
0.9858095
0.9115962
0.9989045
0.9467702
1.0726587
1.0069786
0.9768871
0.9901001
1.0332779
0.9582920
1.0460660
1.0444544
1.0078853
1.0189161
0.9840497
1.0030772
1.0710086
0.9967202
0.9956609
1.0483134
1.0006939
0.9886694
0.9960379
1.0199895
1.0300520
0.9050606
1.0575278
1.0023945
0.9629293
0.9621547
1.0410564
0.9950617
0.9429122
1.0356173
0.9694510
0.9948020
0.9887751
1.0553559
1.0149479
1.0006245
0.9858095
0.9115962
0.9989045
0.9467702
1.0726587
1.0069786
0.9768871
0.9901001
1.0332779
0.9582920
1.0460660
1.0444544
1.0078853
1.0189161
0.9840497
1.0030772
1.0710086
0.9967202
0.9956609
1.0483134
1.0006939
0.9886694
0.9960379
1.0199895
