0.5459545
0.5075683
0.5274122
0.5293679
0.5059216
0.4804776
0.4796214
0.4749020
0.4681516
0.4701125
0.4794276
0.5136928
0.4786934
0.4841387
0.5050371
0.4690039
0.5012815
0.4942348
0.4804823
0.4513542
0.5109741
0.4949872
0.4856278
0.4926187
0.4720841
0.4966448
0.5252604
0.5053560
0.4974660
0.4796461
0.5323803
0.5077674
0.5019579
0.4996399
0.4839571
0.4840863
0.5149615
0.5192923
0.5017146
0.5062046
0.5459545
0.5075683
0.5274122
0.5293679
0.5059216
0.4804776
0.4796214
0.4749020
0.4681516
0.4701125
0.4794276
0.5136928
0.4786934
0.4841387
0.5050371
0.4690039
0.5012815
0.4942348
0.4804823
0.4513542
0.5109741
0.4949872
0.4856278
0.4926187
0.4720841
0.4966448
0.5252604
0.5053560
0.4974660
0.4796461
0.5323803
0.5077674
0.5019579
0.4996399
0.4839571
0.4840863
0.5149615
0.5192923
0.5017146
0.5062046
0.5459545
0.5075683
0.5274122
0.5293679
0.5059216
0.4804776
0.4796214
0.4749020
0.4681516
0.4701125
0.4794276
0.5136928
0.4786934
0.4841387
0.5050371
0.4690039
0.5012815
0.4942348
0.4804823
0.4513542
0.5109741
0.4949872
0.4856278
0.4926187
0.4720841
0.4966448
0.5252604
0.5053560
0.4974660
0.4796461
0.5323803
0.5077674
0.5019579
0.4996399
0.4839571
0.4840863
0.5149615
0.5192923
0.5017146
0.5062046
0.5459545
0.5075683
0.5274122
0.5293679
0.5059216
0.4804776
0.4796214
0.4749020
0.4681516
0.4701125
0.4794276
0.5136928
0.4786934
0.4841387
0.5050371
0.4690039
0.5012815
0.4942348
0.4804823
0.4513542
0.5109741
0.4949872
0.4856278
0.4926187
0.4720841
0.4966448
0.5252604
0.5053560
0.4974660
0.4796461
0.5323803
0.5077674
0.5019579
0.4996399
0.4839571
0.4840863
0.5149615
0.5192923
0.5017146
0.5062046
0.5459545
0.5075683
0.5274122
0.5293679
0.5059216
0.4804776
0.4796214
0.4749020
0.4681516
0.4701125
0.4794276
0.5136928
0.4786934
0.4841387
0.5050371
0.4690039
0.5012815
0.4942348
0.4804823
0.4513542
0.5109741
0.4949872
0.4856278
0.4926187
0.4720841
0.4966448
0.5252604
0.5053560
0.4974660
0.4796461
0.5323803
0.5077674
0.5019579
0.4996399
0.4839571
0.4840863
0.5149615
0.5192923
0.5017146
0.5062046
0.5459545
0.5075683
0.5274122
0.5293679
0.5059216
0.4804776
0.4796214
0.4749020
0.4681516
0.4701125
0.4794276
0.5136928
0.4786934
0.4841387
0.5050371
0.4690039
0.5012815
0.4942348
0.4804823
0.4513542
0.5109741
0.4949872
0.4856278
0.4926187
0.4720841
0.4966448
0.5252604
0.5053560
0.4974660
0.4796461
0.5323803
0.5077674
0.5019579
0.4996399
0.4839571
0.4840863
0.5149615
0.5192923
0.5017146
0.5062046
0.5459545
0.5075683
0.5274122
0.5293679
0.5059216
0.4804776
0.4796214
0.4749020
0.4681516
0.4701125
0.4794276
0.5136928
0.4786934
0.4841387
0.5050371
0.4690039
0.5012815
0.4942348
0.4804823
0.4513542
0.5109741
0.4949872
0.4856278
0.4926187
0.4720841
0.4966448
0.5252604
0.5053560
0.4974660
0.4796461
0.5323803
0.5077674
0.5019579
0.4996399
0.4839571
0.4840863
0.5149615
0.5192923
0.5017146
0.5062046
0.5459545
0.5075683
0.5274122
0.5293679
0.5059216
0.4804776
0.4796214
0.4749020
0.4681516
0.4701125
0.4794276
0.5136928
0.4786934
0.4841387
0.5050371
0.4690039
0.5012815
0.4942348
0.4804823
0.4513542
0.5109741
0.4949872
0.4856278
0.4926187
0.4720841
0.4966448
0.5252604
0.5053560
0.4974660
0.4796461
0.5323803
0.5077674
0.5019579
0.4996399
0.4839571
0.4840863
0.5149615
0.5192923
0.5017146
0.5062046
0.5459545
0.5075683
0.5274122
0.5293679
0.5059216
0.4804776
0.4796214
0.4749020
0.4681516
0.4701125
0.4794276
0.5136928
0.4786934
0.4841387
0.5050371
0.4690039
0.5012815
0.4942348
0.4804823
0.4513542
0.5109741
0.4949872
0.4856278
0.4926187
0.4720841
0.4966448
0.5252604
0.5053560
0.4974660
0.4796461
0.5323803
0.5077674
0.5019579
0.4996399
0.4839571
0.4840863
0.5149615
0.5192923
0.5017146
0.5062046
0.5459545
0.5075683
0.5274122
0.5293679
0.5059216
0.4804776
0.4796214
0.4749020
0.4681516
0.4701125
0.4794276
0.5136928
0.4786934
0.4841387
0.5050371
0.4690039
0.5012815
0.4942348
0.4804823
0.4513542
0.5109741
0.4949872
0.4856278
0.4926187
0.4720841
0.4966448
0.5252604
0.5053560
0.4974660
0.4796461
0.5323803
0.5077674
0.5019579
0.4996399
0.4839571
0.4840863
0.5149615
0.5192923
0.5017146
0.5062046
0.5459545
0.5075683
0.5274122
0.5293679
0.5059216
0.4804776
0.4796214
0.4749020
0.4681516
0.4701125
0.4794276
0.5136928
0.4786934
0.4841387
0.5050371
0.4690039
0.5012815
0.4942348
0.4804823
0.4513542
0.5109741
0.4949872
0.4856278
0.4926187
0.4720841
0.4966448
0.5252604
0.5053560
0.4974660
0.4796461
0.5323803
0.5077674
0.5019579
0.4996399
0.4839571
0.4840863
0.5149615
0.5192923
0.5017146
0.5062046
0.5459545
0.5075683
0.5274122
0.5293679
0.5059216
0.4804776
0.4796214
0.4749020
0.4681516
0.4701125
0.4794276
0.5136928
0.4786934
0.4841387
0.5050371
0.4690039
0.5012815
0.4942348
0.4804823
0.4513542
0.5109741
0.4949872
0.4856278
0.4926187
0.4720841
0.4966448
0.5252604
0.5053560
0.4974660
0.4796461
0.5323803
0.5077674
0.5019579
0.4996399
0.4839571
0.4840863
0.5149615
0.5192923
0.5017146
0.5062046
0.5459545
0.5075683
0.5274122
0.5293679
0.5059216
0.4804776
0.4796214
0.4749020
0.4681516
0.4701125
0.4794276
0.5136928
0.4786934
0.4841387
0.5050371
0.4690039
0.5012815
0.4942348
0.4804823
0.4513542
0.5109741
0.4949872
0.4856278
0.4926187
0.4720841
0.4966448
0.5252604
0.5053560
0.4974660
0.4796461
0.5323803
0.5077674
0.5019579
0.4996399
0.4839571
0.4840863
0.5149615
0.5192923
0.5017146
0.5062046
0.5459545
0.5075683
0.5274122
0.5293679
0.5059216
0.4804776
0.4796214
0.4749020
0.4681516
0.4701125
0.4794276
0.5136928
0.4786934
0.4841387
0.5050371
0.4690039
0.5012815
0.4942348
0.4804823
0.4513542
0.5109741
0.4949872
0.4856278
0.4926187
0.4720841
0.4966448
0.5252604
0.5053560
0.4974660
0.4796461
0.5323803
0.5077674
0.5019579
0.4996399
0.4839571
0.4840863
0.5149615
0.5192923
0.5017146
0.5062046
0.5459545
0.5075683
0.5274122
0.5293679
0.5059216
0.4804776
0.4796214
0.4749020
0.4681516
0.4701125
0.4794276
0.5136928
0.4786934
0.4841387
0.5050371
0.4690039
0.5012815
0.4942348
0.4804823
0.4513542
0.5109741
0.4949872
0.4856278
0.4926187
0.4720841
0.4966448
0.5252604
0.5053560
0.4974660
0.4796461
0.5323803
0.5077674
0.5019579
0.4996399
0.4839571
0.4840863
0.5149615
0.5192923
0.5017146
0.5062046
0.5459545
0.5075683
0.5274122
0.5293679
0.5059216
0.4804776
0.4796214
0.4749020
0.4681516
0.4701125
0.4794276
0.5136928
0.4786934
0.4841387
0.5050371
0.4690039
0.5012815
0.4942348
0.4804823
0.4513542
0.5109741
0.4949872
0.4856278
0.4926187
0.4720841
0.4966448
0.5252604
0.5053560
0.4974660
0.4796461
0.5323803
0.5077674
0.5019579
0.4996399
0.4839571
0.4840863
0.5149615
0.5192923
0.5017146
0.5062046
0.5459545
0.5075683
0.5274122
0.5293679
0.5059216
0.4804776
0.4796214
0.4749020
0.4681516
0.4701125
0.4794276
0.5136928
0.4786934
0.4841387
0.5050371
0.4690039
0.5012815
0.4942348
0.4804823
0.4513542
0.5109741
0.4949872
0.4856278
0.4926187
0.4720841
0.4966448
0.5252604
0.5053560
0.4974660
0.4796461
0.5323803
0.5077674
0.5019579
0.4996399
0.4839571
0.4840863
0.5149615
0.5192923
0.5017146
0.5062046
0.5459545
0.5075683
0.5274122
0.5293679
0.5059216
0.4804776
0.4796214
0.4749020
0.4681516
0.4701125
0.4794276
0.5136928
0.4786934
0.4841387
0.5050371
0.4690039
0.5012815
0.4942348
0.4804823
0.4513542
0.5109741
0.4949872
0.4856278
0.4926187
0.4720841
0.4966448
0.5252604
0.5053560
0.4974660
0.4796461
0.5323803
0.5077674
0.5019579
0.4996399
0.4839571
0.4840863
0.5149615
0.5192923
0.5017146
0.5062046
0.5459545
0.5075683
0.5274122
0.5293679
0.5059216
0.4804776
0.4796214
0.4749020
0.4681516
0.4701125
0.4794276
0.5136928
0.4786934
0.4841387
0.5050371
0.4690039
0.5012815
0.4942348
0.4804823
0.4513542
0.5109741
0.4949872
0.4856278
0.4926187
0.4720841
0.4966448
0.5252604
0.5053560
0.4974660
0.4796461
0.5323803
0.5077674
0.5019579
0.4996399
0.4839571
0.4840863
0.5149615
0.5192923
0.5017146
0.5062046
0.5459545
0.5075683
0.5274122
0.5293679
0.5059216
0.4804776
0.4796214
0.4749020
0.4681516
0.4701125
0.4794276
0.5136928
0.4786934
0.4841387
0.5050371
0.4690039
0.5012815
0.4942348
0.4804823
0.4513542
0.5109741
0.4949872
0.4856278
0.4926187
0.4720841
0.4966448
0.5252604
0.5053560
0.4974660
0.4796461
0.5323803
0.5077674
0.5019579
0.4996399
0.4839571
0.4840863
0.5149615
0.5192923
0.5017146
0.5062046
0.5459545
0.5075683
0.5274122
0.5293679
0.5059216
0.4804776
0.4796214
0.4749020
0.4681516
0.4701125
0.4794276
0.5136928
0.4786934
0.4841387
0.5050371
0.4690039
0.5012815
0.4942348
0.4804823
0.4513542
0.5109741
0.4949872
0.4856278
0.4926187
0.4720841
0.4966448
0.5252604
0.5053560
0.4974660
0.4796461
0.5323803
0.5077674
0.5019579
0.4996399
0.4839571
0.4840863
0.5149615
0.5192923
0.5017146
0.5062046
0.5459545
0.5075683
0.5274122
0.5293679
0.5059216
0.4804776
0.4796214
0.4749020
0.4681516
0.4701125
0.4794276
0.5136928
0.4786934
0.4841387
0.5050371
0.4690039
0.5012815
0.4942348
0.4804823
0.4513542
0.5109741
0.4949872
0.4856278
0.4926187
0.4720841
0.4966448
0.5252604
0.5053560
0.4974660
0.4796461
0.5323803
0.5077674
0.5019579
0.4996399
0.4839571
0.4840863
0.5149615
0.5192923
0.5017146
0.5062046
0.5459545
0.5075683
0.5274122
0.5293679
0.5059216
0.4804776
0.4796214
0.4749020
0.4681516
0.4701125
0.4794276
0.5136928
0.4786934
0.4841387
0.5050371
0.4690039
0.5012815
0.4942348
0.4804823
0.4513542
0.5109741
0.4949872
0.4856278
0.4926187
0.4720841
0.4966448
0.5252604
0.5053560
0.4974660
0.4796461
0.5323803
0.5077674
0.5019579
0.4996399
0.4839571
0.4840863
0.5149615
0.5192923
0.5017146
0.5062046
0.5459545
0.5075683
0.5274122
0.5293679
0.5059216
0.4804776
0.4796214
0.4749020
0.4681516
0.4701125
0.4794276
0.5136928
0.4786934
0.4841387
0.5050371
0.4690039
0.5012815
0.4942348
0.4804823
0.4513542
0.5109741
0.4949872
0.4856278
0.4926187
0.4720841
0.4966448
0.5252604
0.5053560
0.4974660
0.4796461
0.5323803
0.5077674
0.5019579
0.4996399
0.4839571
0.4840863
0.5149615
0.5192923
0.5017146
0.5062046
0.5459545
0.5075683
0.5274122
0.5293679
0.5059216
0.4804776
0.4796214
0.4749020
0.4681516
0.4701125
0.4794276
0.5136928
0.4786934
0.4841387
0.5050371
0.4690039
0.5012815
0.4942348
0.4804823
0.4513542
0.5109741
0.4949872
0.4856278
0.4926187
0.4720841
0.4966448
0.5252604
0.5053560
0.4974660
0.4796461
0.5323803
0.5077674
0.5019579
0.4996399
0.4839571
0.4840863
0.5149615
0.5192923
0.5017146
0.5062046
0.5459545
0.5075683
0.5274122
0.5293679
0.5059216
0.4804776
0.4796214
0.4749020
0.4681516
0.4701125
0.4794276
0.5136928
0.4786934
0.4841387
0.5050371
0.4690039
0.5012815
0.4942348
0.4804823
0.4513542
0.5109741
0.4949872
0.4856278
0.4926187
0.4720841
0.4966448
0.5252604
0.5053560
0.4974660
0.4796461
0.5323803
0.5077674
0.5019579
0.4996399
0.4839571
0.4840863
0.5149615
0.5192923
0.5017146
0.5062046
0.5459545
0.5075683
0.5274122
0.5293679
0.5059216
0.4804776
0.4796214
0.4749020
0.4681516
0.4701125
0.4794276
0.5136928
0.4786934
0.4841387
0.5050371
0.4690039
0.5012815
0.4942348
0.4804823
0.4513542
0.5109741
0.4949872
0.4856278
0.4926187
0.4720841
0.4966448
0.5252604
0.5053560
0.4974660
0.4796461
0.5323803
0.5077674
0.5019579
0.4996399
0.4839571
0.4840863
0.5149615
0.5192923
0.5017146
0.5062046
0.5459545
0.5075683
0.5274122
0.5293679
0.5059216
0.4804776
0.4796214
0.4749020
0.4681516
0.4701125
0.4794276
0.5136928
0.4786934
0.4841387
0.5050371
0.4690039
0.5012815
0.4942348
0.4804823
0.4513542
0.5109741
0.4949872
0.4856278
0.4926187
0.4720841
0.4966448
0.5252604
0.5053560
0.4974660
0.4796461
0.5323803
0.5077674
0.5019579
0.4996399
0.4839571
0.4840863
0.5149615
0.5192923
0.5017146
0.5062046
0.5459545
0.5075683
0.5274122
0.5293679
0.5059216
0.4804776
0.4796214
0.4749020
0.4681516
0.4701125
0.4794276
0.5136928
0.4786934
0.4841387
0.5050371
0.4690039
0.5012815
0.4942348
0.4804823
0.4513542
0.5109741
0.4949872
0.4856278
0.4926187
0.4720841
0.4966448
0.5252604
0.5053560
0.4974660
0.4796461
0.5323803
0.5077674
0.5019579
0.4996399
0.4839571
0.4840863
0.5149615
0.5192923
0.5017146
0.5062046
0.5459545
0.5075683
0.5274122
0.5293679
0.5059216
0.4804776
0.4796214
0.4749020
0.4681516
0.4701125
0.4794276
0.5136928
0.4786934
0.4841387
0.5050371
0.4690039
0.5012815
0.4942348
0.4804823
0.4513542
0.5109741
0.4949872
0.4856278
0.4926187
0.4720841
0.4966448
0.5252604
0.5053560
0.4974660
0.4796461
0.5323803
0.5077674
0.5019579
0.4996399
0.4839571
0.4840863
0.5149615
0.5192923
0.5017146
0.5062046
0.5459545
0.5075683
0.5274122
0.5293679
0.5059216
0.4804776
0.4796214
0.4749020
0.4681516
0.4701125
0.4794276
0.5136928
0.4786934
0.4841387
0.5050371
0.4690039
0.5012815
0.4942348
0.4804823
0.4513542
0.5109741
0.4949872
0.4856278
0.4926187
0.4720841
0.4966448
0.5252604
0.5053560
0.4974660
0.4796461
0.5323803
0.5077674
0.5019579
0.4996399
0.4839571
0.4840863
0.5149615
0.5192923
0.5017146
0.5062046
0.5459545
0.5075683
0.5274122
0.5293679
0.5059216
0.4804776
0.4796214
0.4749020
0.4681516
0.4701125
0.4794276
0.5136928
0.4786934
0.4841387
0.5050371
0.4690039
0.5012815
0.4942348
0.4804823
0.4513542
0.5109741
0.4949872
0.4856278
0.4926187
0.4720841
0.4966448
0.5252604
0.5053560
0.4974660
0.4796461
0.5323803
0.5077674
0.5019579
0.4996399
0.4839571
0.4840863
0.5149615
0.5192923
0.5017146
0.5062046
0.5459545
0.5075683
0.5274122
0.5293679
0.5059216
0.4804776
0.4796214
0.4749020
0.4681516
0.4701125
0.4794276
0.5136928
0.4786934
0.4841387
0.5050371
0.4690039
0.5012815
0.4942348
0.4804823
0.4513542
0.5109741
0.4949872
0.4856278
0.4926187
0.4720841
0.4966448
0.5252604
0.5053560
0.4974660
0.4796461
0.5323803
0.5077674
0.5019579
0.4996399
0.4839571
0.4840863
0.5149615
0.5192923
0.5017146
0.5062046
0.5459545
0.5075683
0.5274122
0.5293679
0.5059216
0.4804776
0.4796214
0.4749020
0.4681516
0.4701125
0.4794276
0.5136928
0.4786934
0.4841387
0.5050371
0.4690039
0.5012815
0.4942348
0.4804823
0.4513542
0.5109741
0.4949872
0.4856278
0.4926187
0.4720841
0.4966448
0.5252604
0.5053560
0.4974660
0.4796461
0.5323803
0.5077674
0.5019579
0.4996399
0.4839571
0.4840863
0.5149615
0.5192923
0.5017146
0.5062046
0.5459545
0.5075683
0.5274122
0.5293679
0.5059216
0.4804776
0.4796214
0.4749020
0.4681516
0.4701125
0.4794276
0.5136928
0.4786934
0.4841387
0.5050371
0.4690039
0.5012815
0.4942348
0.4804823
0.4513542
0.5109741
0.4949872
0.4856278
0.4926187
0.4720841
0.4966448
0.5252604
0.5053560
0.4974660
0.4796461
0.5323803
0.5077674
0.5019579
0.4996399
0.4839571
0.4840863
0.5149615
0.5192923
0.5017146
0.5062046
0.5459545
0.5075683
0.5274122
0.5293679
0.5059216
0.4804776
0.4796214
0.4749020
0.4681516
0.4701125
0.4794276
0.5136928
0.4786934
0.4841387
0.5050371
0.4690039
0.5012815
0.4942348
0.4804823
0.4513542
0.5109741
0.4949872
0.4856278
0.4926187
0.4720841
0.4966448
0.5252604
0.5053560
0.4974660
0.4796461
0.5323803
0.5077674
0.5019579
0.4996399
0.4839571
0.4840863
0.5149615
0.5192923
0.5017146
0.5062046
0.5459545
0.5075683
0.5274122
0.5293679
0.5059216
0.4804776
0.4796214
0.4749020
0.4681516
0.4701125
0.4794276
0.5136928
0.4786934
0.4841387
0.5050371
0.4690039
0.5012815
0.4942348
0.4804823
0.4513542
0.5109741
0.4949872
0.4856278
0.4926187
0.4720841
0.4966448
0.5252604
0.5053560
0.4974660
0.4796461
0.5323803
0.5077674
0.5019579
0.4996399
0.4839571
0.4840863
0.5149615
0.5192923
0.5017146
0.5062046
0.5459545
0.5075683
0.5274122
0.5293679
0.5059216
0.4804776
0.4796214
0.4749020
0.4681516
0.4701125
0.4794276
0.5136928
0.4786934
0.4841387
0.5050371
0.4690039
0.5012815
0.4942348
0.4804823
0.4513542
0.5109741
0.4949872
0.4856278
0.4926187
0.4720841
0.4966448
0.5252604
0.5053560
0.4974660
0.4796461
0.5323803
0.5077674
0.5019579
0.4996399
0.4839571
0.4840863
0.5149615
0.5192923
0.5017146
0.5062046
0.5459545
0.5075683
0.5274122
0.5293679
0.5059216
0.4804776
0.4796214
0.4749020
0.4681516
0.4701125
0.4794276
0.5136928
0.4786934
0.4841387
0.5050371
0.4690039
0.5012815
0.4942348
0.4804823
0.4513542
0.5109741
0.4949872
0.4856278
0.4926187
0.4720841
0.4966448
0.5252604
0.5053560
0.4974660
0.4796461
0.5323803
0.5077674
0.5019579
0.4996399
0.4839571
0.4840863
0.5149615
0.5192923
0.5017146
0.5062046
0.5459545
0.5075683
0.5274122
0.5293679
0.5059216
0.4804776
0.4796214
0.4749020
0.4681516
0.4701125
0.4794276
0.5136928
0.4786934
0.4841387
0.5050371
0.4690039
0.5012815
0.4942348
0.4804823
0.4513542
0.5109741
0.4949872
0.4856278
0.4926187
0.4720841
0.4966448
0.5252604
0.5053560
0.4974660
0.4796461
0.5323803
0.5077674
0.5019579
0.4996399
0.4839571
0.4840863
0.5149615
0.5192923
0.5017146
0.5062046
0.5459545
0.5075683
0.5274122
0.5293679
0.5059216
0.4804776
0.4796214
0.4749020
0.4681516
0.4701125
0.4794276
0.5136928
0.4786934
0.4841387
0.5050371
0.4690039
0.5012815
0.4942348
0.4804823
0.4513542
0.5109741
0.4949872
0.4856278
0.4926187
0.4720841
0.4966448
0.5252604
0.5053560
0.4974660
0.4796461
0.5323803
0.5077674
0.5019579
0.4996399
0.4839571
0.4840863
0.5149615
0.5192923
0.5017146
0.5062046
0.5459545
0.5075683
0.5274122
0.5293679
0.5059216
0.4804776
0.4796214
0.4749020
0.4681516
0.4701125
0.4794276
0.5136928
0.4786934
0.4841387
0.5050371
0.4690039
0.5012815
0.4942348
0.4804823
0.4513542
0.5109741
0.4949872
0.4856278
0.4926187
0.4720841
0.4966448
0.5252604
0.5053560
0.4974660
0.4796461
0.5323803
0.5077674
0.5019579
0.4996399
0.4839571
0.4840863
0.5149615
0.5192923
0.5017146
0.5062046
0.5459545
0.5075683
0.5274122
0.5293679
0.5059216
0.4804776
0.4796214
0.4749020
0.4681516
0.4701125
0.4794276
0.5136928
0.4786934
0.4841387
0.5050371
0.4690039
0.5012815
0.4942348
0.4804823
0.4513542
0.5109741
0.4949872
0.4856278
0.4926187
0.4720841
0.4966448
0.5252604
0.5053560
0.4974660
0.4796461
0.5323803
0.5077674
0.5019579
0.4996399
0.4839571
0.4840863
0.5149615
0.5192923
0.5017146
0.5062046
0.5459545
0.5075683
0.5274122
0.5293679
0.5059216
0.4804776
0.4796214
0.4749020
0.4681516
0.4701125
0.4794276
0.5136928
0.4786934
0.4841387
0.5050371
0.4690039
0.5012815
0.4942348
0.4804823
0.4513542
0.5109741
0.4949872
0.4856278
0.4926187
0.4720841
0.4966448
0.5252604
0.5053560
0.4974660
0.4796461
0.5323803
0.5077674
0.5019579
0.4996399
0.4839571
0.4840863
0.5149615
0.5192923
0.5017146
0.5062046
0.5459545
0.5075683
0.5274122
0.5293679
0.5059216
0.4804776
0.4796214
0.4749020
0.4681516
0.4701125
0.4794276
0.5136928
0.4786934
0.4841387
0.5050371
0.4690039
0.5012815
0.4942348
0.4804823
0.4513542
0.5109741
0.4949872
0.4856278
0.4926187
0.4720841
0.4966448
0.5252604
0.5053560
0.4974660
0.4796461
0.5323803
0.5077674
0.5019579
0.4996399
0.4839571
0.4840863
0.5149615
0.5192923
0.5017146
0.5062046
0.5459545
0.5075683
0.5274122
0.5293679
0.5059216
0.4804776
0.4796214
0.4749020
0.4681516
0.4701125
0.4794276
0.5136928
0.4786934
0.4841387
0.5050371
0.4690039
0.5012815
0.4942348
0.4804823
0.4513542
0.5109741
0.4949872
0.4856278
0.4926187
0.4720841
0.4966448
0.5252604
0.5053560
0.4974660
0.4796461
0.5323803
0.5077674
0.5019579
0.4996399
0.4839571
0.4840863
0.5149615
0.5192923
0.5017146
0.5062046
0.5459545
0.5075683
0.5274122
0.5293679
0.5059216
0.4804776
0.4796214
0.4749020
0.4681516
0.4701125
0.4794276
0.5136928
0.4786934
0.4841387
0.5050371
0.4690039
0.5012815
0.4942348
0.4804823
0.4513542
0.5109741
0.4949872
0.4856278
0.4926187
0.4720841
0.4966448
0.5252604
0.5053560
0.4974660
0.4796461
0.5323803
0.5077674
0.5019579
0.4996399
0.4839571
0.4840863
0.5149615
0.5192923
0.5017146
0.5062046
0.5459545
0.5075683
0.5274122
0.5293679
0.5059216
0.4804776
0.4796214
0.4749020
0.4681516
0.4701125
0.4794276
0.5136928
0.4786934
0.4841387
0.5050371
0.4690039
0.5012815
0.4942348
0.4804823
0.4513542
0.5109741
0.4949872
0.4856278
0.4926187
0.4720841
0.4966448
0.5252604
0.5053560
0.4974660
0.4796461
0.5323803
0.5077674
0.5019579
0.4996399
0.4839571
0.4840863
0.5149615
0.5192923
0.5017146
0.5062046
0.5459545
0.5075683
0.5274122
0.5293679
0.5059216
0.4804776
0.4796214
0.4749020
0.4681516
0.4701125
0.4794276
0.5136928
0.4786934
0.4841387
0.5050371
0.4690039
0.5012815
0.4942348
0.4804823
0.4513542
0.5109741
0.4949872
0.4856278
0.4926187
0.4720841
0.4966448
0.5252604
0.5053560
0.4974660
0.4796461
0.5323803
0.5077674
0.5019579
0.4996399
0.4839571
0.4840863
0.5149615
0.5192923
0.5017146
0.5062046
0.5459545
0.5075683
0.5274122
0.5293679
0.5059216
0.4804776
0.4796214
0.4749020
0.4681516
0.4701125
0.4794276
0.5136928
0.4786934
0.4841387
0.5050371
0.4690039
0.5012815
0.4942348
0.4804823
0.4513542
0.5109741
0.4949872
0.4856278
0.4926187
0.4720841
0.4966448
0.5252604
0.5053560
0.4974660
0.4796461
0.5323803
0.5077674
0.5019579
0.4996399
0.4839571
0.4840863
0.5149615
0.5192923
0.5017146
0.5062046
