0.5079812
0.5208212
0.4698994
0.4942061
0.5142913
0.4919638
0.5117366
0.5060544
0.4876381
0.5169486
0.4652304
0.4808656
0.5254524
0.4691765
0.5168869
0.4824274
0.4991814
0.5052226
0.4989304
0.5159111
0.4734668
0.4636204
0.5141692
0.5228462
0.4902455
0.4938067
0.4933479
0.5138486
0.5098774
0.4891601
0.4823141
0.4740780
0.4920330
0.4915045
0.5073228
0.4925597
0.4708915
0.4724787
0.5320521
0.5141130
0.5079812
0.5208212
0.4698994
0.4942061
0.5142913
0.4919638
0.5117366
0.5060544
0.4876381
0.5169486
0.4652304
0.4808656
0.5254524
0.4691765
0.5168869
0.4824274
0.4991814
0.5052226
0.4989304
0.5159111
0.4734668
0.4636204
0.5141692
0.5228462
0.4902455
0.4938067
0.4933479
0.5138486
0.5098774
0.4891601
0.4823141
0.4740780
0.4920330
0.4915045
0.5073228
0.4925597
0.4708915
0.4724787
0.5320521
0.5141130
0.5079812
0.5208212
0.4698994
0.4942061
0.5142913
0.4919638
0.5117366
0.5060544
0.4876381
0.5169486
0.4652304
0.4808656
0.5254524
0.4691765
0.5168869
0.4824274
0.4991814
0.5052226
0.4989304
0.5159111
0.4734668
0.4636204
0.5141692
0.5228462
0.4902455
0.4938067
0.4933479
0.5138486
0.5098774
0.4891601
0.4823141
0.4740780
0.4920330
0.4915045
0.5073228
0.4925597
0.4708915
0.4724787
0.5320521
0.5141130
0.5079812
0.5208212
0.4698994
0.4942061
0.5142913
0.4919638
0.5117366
0.5060544
0.4876381
0.5169486
0.4652304
0.4808656
0.5254524
0.4691765
0.5168869
0.4824274
0.4991814
0.5052226
0.4989304
0.5159111
0.4734668
0.4636204
0.5141692
0.5228462
0.4902455
0.4938067
0.4933479
0.5138486
0.5098774
0.4891601
0.4823141
0.4740780
0.4920330
0.4915045
0.5073228
0.4925597
0.4708915
0.4724787
0.5320521
0.5141130
0.5079812
0.5208212
0.4698994
0.4942061
0.5142913
0.4919638
0.5117366
0.5060544
0.4876381
0.5169486
0.4652304
0.4808656
0.5254524
0.4691765
0.5168869
0.4824274
0.4991814
0.5052226
0.4989304
0.5159111
0.4734668
0.4636204
0.5141692
0.5228462
0.4902455
0.4938067
0.4933479
0.5138486
0.5098774
0.4891601
0.4823141
0.4740780
0.4920330
0.4915045
0.5073228
0.4925597
0.4708915
0.4724787
0.5320521
0.5141130
0.5079812
0.5208212
0.4698994
0.4942061
0.5142913
0.4919638
0.5117366
0.5060544
0.4876381
0.5169486
0.4652304
0.4808656
0.5254524
0.4691765
0.5168869
0.4824274
0.4991814
0.5052226
0.4989304
0.5159111
0.4734668
0.4636204
0.5141692
0.5228462
0.4902455
0.4938067
0.4933479
0.5138486
0.5098774
0.4891601
0.4823141
0.4740780
0.4920330
0.4915045
0.5073228
0.4925597
0.4708915
0.4724787
0.5320521
0.5141130
0.5079812
0.5208212
0.4698994
0.4942061
0.5142913
0.4919638
0.5117366
0.5060544
0.4876381
0.5169486
0.4652304
0.4808656
0.5254524
0.4691765
0.5168869
0.4824274
0.4991814
0.5052226
0.4989304
0.5159111
0.4734668
0.4636204
0.5141692
0.5228462
0.4902455
0.4938067
0.4933479
0.5138486
0.5098774
0.4891601
0.4823141
0.4740780
0.4920330
0.4915045
0.5073228
0.4925597
0.4708915
0.4724787
0.5320521
0.5141130
0.5079812
0.5208212
0.4698994
0.4942061
0.5142913
0.4919638
0.5117366
0.5060544
0.4876381
0.5169486
0.4652304
0.4808656
0.5254524
0.4691765
0.5168869
0.4824274
0.4991814
0.5052226
0.4989304
0.5159111
0.4734668
0.4636204
0.5141692
0.5228462
0.4902455
0.4938067
0.4933479
0.5138486
0.5098774
0.4891601
0.4823141
0.4740780
0.4920330
0.4915045
0.5073228
0.4925597
0.4708915
0.4724787
0.5320521
0.5141130
0.5079812
0.5208212
0.4698994
0.4942061
0.5142913
0.4919638
0.5117366
0.5060544
0.4876381
0.5169486
0.4652304
0.4808656
0.5254524
0.4691765
0.5168869
0.4824274
0.4991814
0.5052226
0.4989304
0.5159111
0.4734668
0.4636204
0.5141692
0.5228462
0.4902455
0.4938067
0.4933479
0.5138486
0.5098774
0.4891601
0.4823141
0.4740780
0.4920330
0.4915045
0.5073228
0.4925597
0.4708915
0.4724787
0.5320521
0.5141130
0.5079812
0.5208212
0.4698994
0.4942061
0.5142913
0.4919638
0.5117366
0.5060544
0.4876381
0.5169486
0.4652304
0.4808656
0.5254524
0.4691765
0.5168869
0.4824274
0.4991814
0.5052226
0.4989304
0.5159111
0.4734668
0.4636204
0.5141692
0.5228462
0.4902455
0.4938067
0.4933479
0.5138486
0.5098774
0.4891601
0.4823141
0.4740780
0.4920330
0.4915045
0.5073228
0.4925597
0.4708915
0.4724787
0.5320521
0.5141130
0.5079812
0.5208212
0.4698994
0.4942061
0.5142913
0.4919638
0.5117366
0.5060544
0.4876381
0.5169486
0.4652304
0.4808656
0.5254524
0.4691765
0.5168869
0.4824274
0.4991814
0.5052226
0.4989304
0.5159111
0.4734668
0.4636204
0.5141692
0.5228462
0.4902455
0.4938067
0.4933479
0.5138486
0.5098774
0.4891601
0.4823141
0.4740780
0.4920330
0.4915045
0.5073228
0.4925597
0.4708915
0.4724787
0.5320521
0.5141130
0.5079812
0.5208212
0.4698994
0.4942061
0.5142913
0.4919638
0.5117366
0.5060544
0.4876381
0.5169486
0.4652304
0.4808656
0.5254524
0.4691765
0.5168869
0.4824274
0.4991814
0.5052226
0.4989304
0.5159111
0.4734668
0.4636204
0.5141692
0.5228462
0.4902455
0.4938067
0.4933479
0.5138486
0.5098774
0.4891601
0.4823141
0.4740780
0.4920330
0.4915045
0.5073228
0.4925597
0.4708915
0.4724787
0.5320521
0.5141130
0.5079812
0.5208212
0.4698994
0.4942061
0.5142913
0.4919638
0.5117366
0.5060544
0.4876381
0.5169486
0.4652304
0.4808656
0.5254524
0.4691765
0.5168869
0.4824274
0.4991814
0.5052226
0.4989304
0.5159111
0.4734668
0.4636204
0.5141692
0.5228462
0.4902455
0.4938067
0.4933479
0.5138486
0.5098774
0.4891601
0.4823141
0.4740780
0.4920330
0.4915045
0.5073228
0.4925597
0.4708915
0.4724787
0.5320521
0.5141130
0.5079812
0.5208212
0.4698994
0.4942061
0.5142913
0.4919638
0.5117366
0.5060544
0.4876381
0.5169486
0.4652304
0.4808656
0.5254524
0.4691765
0.5168869
0.4824274
0.4991814
0.5052226
0.4989304
0.5159111
0.4734668
0.4636204
0.5141692
0.5228462
0.4902455
0.4938067
0.4933479
0.5138486
0.5098774
0.4891601
0.4823141
0.4740780
0.4920330
0.4915045
0.5073228
0.4925597
0.4708915
0.4724787
0.5320521
0.5141130
0.5079812
0.5208212
0.4698994
0.4942061
0.5142913
0.4919638
0.5117366
0.5060544
0.4876381
0.5169486
0.4652304
0.4808656
0.5254524
0.4691765
0.5168869
0.4824274
0.4991814
0.5052226
0.4989304
0.5159111
0.4734668
0.4636204
0.5141692
0.5228462
0.4902455
0.4938067
0.4933479
0.5138486
0.5098774
0.4891601
0.4823141
0.4740780
0.4920330
0.4915045
0.5073228
0.4925597
0.4708915
0.4724787
0.5320521
0.5141130
0.5079812
0.5208212
0.4698994
0.4942061
0.5142913
0.4919638
0.5117366
0.5060544
0.4876381
0.5169486
0.4652304
0.4808656
0.5254524
0.4691765
0.5168869
0.4824274
0.4991814
0.5052226
0.4989304
0.5159111
0.4734668
0.4636204
0.5141692
0.5228462
0.4902455
0.4938067
0.4933479
0.5138486
0.5098774
0.4891601
0.4823141
0.4740780
0.4920330
0.4915045
0.5073228
0.4925597
0.4708915
0.4724787
0.5320521
0.5141130
0.5079812
0.5208212
0.4698994
0.4942061
0.5142913
0.4919638
0.5117366
0.5060544
0.4876381
0.5169486
0.4652304
0.4808656
0.5254524
0.4691765
0.5168869
0.4824274
0.4991814
0.5052226
0.4989304
0.5159111
0.4734668
0.4636204
0.5141692
0.5228462
0.4902455
0.4938067
0.4933479
0.5138486
0.5098774
0.4891601
0.4823141
0.4740780
0.4920330
0.4915045
0.5073228
0.4925597
0.4708915
0.4724787
0.5320521
0.5141130
0.5079812
0.5208212
0.4698994
0.4942061
0.5142913
0.4919638
0.5117366
0.5060544
0.4876381
0.5169486
0.4652304
0.4808656
0.5254524
0.4691765
0.5168869
0.4824274
0.4991814
0.5052226
0.4989304
0.5159111
0.4734668
0.4636204
0.5141692
0.5228462
0.4902455
0.4938067
0.4933479
0.5138486
0.5098774
0.4891601
0.4823141
0.4740780
0.4920330
0.4915045
0.5073228
0.4925597
0.4708915
0.4724787
0.5320521
0.5141130
0.5079812
0.5208212
0.4698994
0.4942061
0.5142913
0.4919638
0.5117366
0.5060544
0.4876381
0.5169486
0.4652304
0.4808656
0.5254524
0.4691765
0.5168869
0.4824274
0.4991814
0.5052226
0.4989304
0.5159111
0.4734668
0.4636204
0.5141692
0.5228462
0.4902455
0.4938067
0.4933479
0.5138486
0.5098774
0.4891601
0.4823141
0.4740780
0.4920330
0.4915045
0.5073228
0.4925597
0.4708915
0.4724787
0.5320521
0.5141130
0.5079812
0.5208212
0.4698994
0.4942061
0.5142913
0.4919638
0.5117366
0.5060544
0.4876381
0.5169486
0.4652304
0.4808656
0.5254524
0.4691765
0.5168869
0.4824274
0.4991814
0.5052226
0.4989304
0.5159111
0.4734668
0.4636204
0.5141692
0.5228462
0.4902455
0.4938067
0.4933479
0.5138486
0.5098774
0.4891601
0.4823141
0.4740780
0.4920330
0.4915045
0.5073228
0.4925597
0.4708915
0.4724787
0.5320521
0.5141130
0.5079812
0.5208212
0.4698994
0.4942061
0.5142913
0.4919638
0.5117366
0.5060544
0.4876381
0.5169486
0.4652304
0.4808656
0.5254524
0.4691765
0.5168869
0.4824274
0.4991814
0.5052226
0.4989304
0.5159111
0.4734668
0.4636204
0.5141692
0.5228462
0.4902455
0.4938067
0.4933479
0.5138486
0.5098774
0.4891601
0.4823141
0.4740780
0.4920330
0.4915045
0.5073228
0.4925597
0.4708915
0.4724787
0.5320521
0.5141130
0.5079812
0.5208212
0.4698994
0.4942061
0.5142913
0.4919638
0.5117366
0.5060544
0.4876381
0.5169486
0.4652304
0.4808656
0.5254524
0.4691765
0.5168869
0.4824274
0.4991814
0.5052226
0.4989304
0.5159111
0.4734668
0.4636204
0.5141692
0.5228462
0.4902455
0.4938067
0.4933479
0.5138486
0.5098774
0.4891601
0.4823141
0.4740780
0.4920330
0.4915045
0.5073228
0.4925597
0.4708915
0.4724787
0.5320521
0.5141130
0.5079812
0.5208212
0.4698994
0.4942061
0.5142913
0.4919638
0.5117366
0.5060544
0.4876381
0.5169486
0.4652304
0.4808656
0.5254524
0.4691765
0.5168869
0.4824274
0.4991814
0.5052226
0.4989304
0.5159111
0.4734668
0.4636204
0.5141692
0.5228462
0.4902455
0.4938067
0.4933479
0.5138486
0.5098774
0.4891601
0.4823141
0.4740780
0.4920330
0.4915045
0.5073228
0.4925597
0.4708915
0.4724787
0.5320521
0.5141130
0.5079812
0.5208212
0.4698994
0.4942061
0.5142913
0.4919638
0.5117366
0.5060544
0.4876381
0.5169486
0.4652304
0.4808656
0.5254524
0.4691765
0.5168869
0.4824274
0.4991814
0.5052226
0.4989304
0.5159111
0.4734668
0.4636204
0.5141692
0.5228462
0.4902455
0.4938067
0.4933479
0.5138486
0.5098774
0.4891601
0.4823141
0.4740780
0.4920330
0.4915045
0.5073228
0.4925597
0.4708915
0.4724787
0.5320521
0.5141130
0.5079812
0.5208212
0.4698994
0.4942061
0.5142913
0.4919638
0.5117366
0.5060544
0.4876381
0.5169486
0.4652304
0.4808656
0.5254524
0.4691765
0.5168869
0.4824274
0.4991814
0.5052226
0.4989304
0.5159111
0.4734668
0.4636204
0.5141692
0.5228462
0.4902455
0.4938067
0.4933479
0.5138486
0.5098774
0.4891601
0.4823141
0.4740780
0.4920330
0.4915045
0.5073228
0.4925597
0.4708915
0.4724787
0.5320521
0.5141130
0.5079812
0.5208212
0.4698994
0.4942061
0.5142913
0.4919638
0.5117366
0.5060544
0.4876381
0.5169486
0.4652304
0.4808656
0.5254524
0.4691765
0.5168869
0.4824274
0.4991814
0.5052226
0.4989304
0.5159111
0.4734668
0.4636204
0.5141692
0.5228462
0.4902455
0.4938067
0.4933479
0.5138486
0.5098774
0.4891601
0.4823141
0.4740780
0.4920330
0.4915045
0.5073228
0.4925597
0.4708915
0.4724787
0.5320521
0.5141130
0.5079812
0.5208212
0.4698994
0.4942061
0.5142913
0.4919638
0.5117366
0.5060544
0.4876381
0.5169486
0.4652304
0.4808656
0.5254524
0.4691765
0.5168869
0.4824274
0.4991814
0.5052226
0.4989304
0.5159111
0.4734668
0.4636204
0.5141692
0.5228462
0.4902455
0.4938067
0.4933479
0.5138486
0.5098774
0.4891601
0.4823141
0.4740780
0.4920330
0.4915045
0.5073228
0.4925597
0.4708915
0.4724787
0.5320521
0.5141130
0.5079812
0.5208212
0.4698994
0.4942061
0.5142913
0.4919638
0.5117366
0.5060544
0.4876381
0.5169486
0.4652304
0.4808656
0.5254524
0.4691765
0.5168869
0.4824274
0.4991814
0.5052226
0.4989304
0.5159111
0.4734668
0.4636204
0.5141692
0.5228462
0.4902455
0.4938067
0.4933479
0.5138486
0.5098774
0.4891601
0.4823141
0.4740780
0.4920330
0.4915045
0.5073228
0.4925597
0.4708915
0.4724787
0.5320521
0.5141130
0.5079812
0.5208212
0.4698994
0.4942061
0.5142913
0.4919638
0.5117366
0.5060544
0.4876381
0.5169486
0.4652304
0.4808656
0.5254524
0.4691765
0.5168869
0.4824274
0.4991814
0.5052226
0.4989304
0.5159111
0.4734668
0.4636204
0.5141692
0.5228462
0.4902455
0.4938067
0.4933479
0.5138486
0.5098774
0.4891601
0.4823141
0.4740780
0.4920330
0.4915045
0.5073228
0.4925597
0.4708915
0.4724787
0.5320521
0.5141130
0.5079812
0.5208212
0.4698994
0.4942061
0.5142913
0.4919638
0.5117366
0.5060544
0.4876381
0.5169486
0.4652304
0.4808656
0.5254524
0.4691765
0.5168869
0.4824274
0.4991814
0.5052226
0.4989304
0.5159111
0.4734668
0.4636204
0.5141692
0.5228462
0.4902455
0.4938067
0.4933479
0.5138486
0.5098774
0.4891601
0.4823141
0.4740780
0.4920330
0.4915045
0.5073228
0.4925597
0.4708915
0.4724787
0.5320521
0.5141130
0.5079812
0.5208212
0.4698994
0.4942061
0.5142913
0.4919638
0.5117366
0.5060544
0.4876381
0.5169486
0.4652304
0.4808656
0.5254524
0.4691765
0.5168869
0.4824274
0.4991814
0.5052226
0.4989304
0.5159111
0.4734668
0.4636204
0.5141692
0.5228462
0.4902455
0.4938067
0.4933479
0.5138486
0.5098774
0.4891601
0.4823141
0.4740780
0.4920330
0.4915045
0.5073228
0.4925597
0.4708915
0.4724787
0.5320521
0.5141130
0.5079812
0.5208212
0.4698994
0.4942061
0.5142913
0.4919638
0.5117366
0.5060544
0.4876381
0.5169486
0.4652304
0.4808656
0.5254524
0.4691765
0.5168869
0.4824274
0.4991814
0.5052226
0.4989304
0.5159111
0.4734668
0.4636204
0.5141692
0.5228462
0.4902455
0.4938067
0.4933479
0.5138486
0.5098774
0.4891601
0.4823141
0.4740780
0.4920330
0.4915045
0.5073228
0.4925597
0.4708915
0.4724787
0.5320521
0.5141130
0.5079812
0.5208212
0.4698994
0.4942061
0.5142913
0.4919638
0.5117366
0.5060544
0.4876381
0.5169486
0.4652304
0.4808656
0.5254524
0.4691765
0.5168869
0.4824274
0.4991814
0.5052226
0.4989304
0.5159111
0.4734668
0.4636204
0.5141692
0.5228462
0.4902455
0.4938067
0.4933479
0.5138486
0.5098774
0.4891601
0.4823141
0.4740780
0.4920330
0.4915045
0.5073228
0.4925597
0.4708915
0.4724787
0.5320521
0.5141130
0.5079812
0.5208212
0.4698994
0.4942061
0.5142913
0.4919638
0.5117366
0.5060544
0.4876381
0.5169486
0.4652304
0.4808656
0.5254524
0.4691765
0.5168869
0.4824274
0.4991814
0.5052226
0.4989304
0.5159111
0.4734668
0.4636204
0.5141692
0.5228462
0.4902455
0.4938067
0.4933479
0.5138486
0.5098774
0.4891601
0.4823141
0.4740780
0.4920330
0.4915045
0.5073228
0.4925597
0.4708915
0.4724787
0.5320521
0.5141130
0.5079812
0.5208212
0.4698994
0.4942061
0.5142913
0.4919638
0.5117366
0.5060544
0.4876381
0.5169486
0.4652304
0.4808656
0.5254524
0.4691765
0.5168869
0.4824274
0.4991814
0.5052226
0.4989304
0.5159111
0.4734668
0.4636204
0.5141692
0.5228462
0.4902455
0.4938067
0.4933479
0.5138486
0.5098774
0.4891601
0.4823141
0.4740780
0.4920330
0.4915045
0.5073228
0.4925597
0.4708915
0.4724787
0.5320521
0.5141130
0.5079812
0.5208212
0.4698994
0.4942061
0.5142913
0.4919638
0.5117366
0.5060544
0.4876381
0.5169486
0.4652304
0.4808656
0.5254524
0.4691765
0.5168869
0.4824274
0.4991814
0.5052226
0.4989304
0.5159111
0.4734668
0.4636204
0.5141692
0.5228462
0.4902455
0.4938067
0.4933479
0.5138486
0.5098774
0.4891601
0.4823141
0.4740780
0.4920330
0.4915045
0.5073228
0.4925597
0.4708915
0.4724787
0.5320521
0.5141130
0.5079812
0.5208212
0.4698994
0.4942061
0.5142913
0.4919638
0.5117366
0.5060544
0.4876381
0.5169486
0.4652304
0.4808656
0.5254524
0.4691765
0.5168869
0.4824274
0.4991814
0.5052226
0.4989304
0.5159111
0.4734668
0.4636204
0.5141692
0.5228462
0.4902455
0.4938067
0.4933479
0.5138486
0.5098774
0.4891601
0.4823141
0.4740780
0.4920330
0.4915045
0.5073228
0.4925597
0.4708915
0.4724787
0.5320521
0.5141130
0.5079812
0.5208212
0.4698994
0.4942061
0.5142913
0.4919638
0.5117366
0.5060544
0.4876381
0.5169486
0.4652304
0.4808656
0.5254524
0.4691765
0.5168869
0.4824274
0.4991814
0.5052226
0.4989304
0.5159111
0.4734668
0.4636204
0.5141692
0.5228462
0.4902455
0.4938067
0.4933479
0.5138486
0.5098774
0.4891601
0.4823141
0.4740780
0.4920330
0.4915045
0.5073228
0.4925597
0.4708915
0.4724787
0.5320521
0.5141130
0.5079812
0.5208212
0.4698994
0.4942061
0.5142913
0.4919638
0.5117366
0.5060544
0.4876381
0.5169486
0.4652304
0.4808656
0.5254524
0.4691765
0.5168869
0.4824274
0.4991814
0.5052226
0.4989304
0.5159111
0.4734668
0.4636204
0.5141692
0.5228462
0.4902455
0.4938067
0.4933479
0.5138486
0.5098774
0.4891601
0.4823141
0.4740780
0.4920330
0.4915045
0.5073228
0.4925597
0.4708915
0.4724787
0.5320521
0.5141130
0.5079812
0.5208212
0.4698994
0.4942061
0.5142913
0.4919638
0.5117366
0.5060544
0.4876381
0.5169486
0.4652304
0.4808656
0.5254524
0.4691765
0.5168869
0.4824274
0.4991814
0.5052226
0.4989304
0.5159111
0.4734668
0.4636204
0.5141692
0.5228462
0.4902455
0.4938067
0.4933479
0.5138486
0.5098774
0.4891601
0.4823141
0.4740780
0.4920330
0.4915045
0.5073228
0.4925597
0.4708915
0.4724787
0.5320521
0.5141130
0.5079812
0.5208212
0.4698994
0.4942061
0.5142913
0.4919638
0.5117366
0.5060544
0.4876381
0.5169486
0.4652304
0.4808656
0.5254524
0.4691765
0.5168869
0.4824274
0.4991814
0.5052226
0.4989304
0.5159111
0.4734668
0.4636204
0.5141692
0.5228462
0.4902455
0.4938067
0.4933479
0.5138486
0.5098774
0.4891601
0.4823141
0.4740780
0.4920330
0.4915045
0.5073228
0.4925597
0.4708915
0.4724787
0.5320521
0.5141130
0.5079812
0.5208212
0.4698994
0.4942061
0.5142913
0.4919638
0.5117366
0.5060544
0.4876381
0.5169486
0.4652304
0.4808656
0.5254524
0.4691765
0.5168869
0.4824274
0.4991814
0.5052226
0.4989304
0.5159111
0.4734668
0.4636204
0.5141692
0.5228462
0.4902455
0.4938067
0.4933479
0.5138486
0.5098774
0.4891601
0.4823141
0.4740780
0.4920330
0.4915045
0.5073228
0.4925597
0.4708915
0.4724787
0.5320521
0.5141130
0.5079812
0.5208212
0.4698994
0.4942061
0.5142913
0.4919638
0.5117366
0.5060544
0.4876381
0.5169486
0.4652304
0.4808656
0.5254524
0.4691765
0.5168869
0.4824274
0.4991814
0.5052226
0.4989304
0.5159111
0.4734668
0.4636204
0.5141692
0.5228462
0.4902455
0.4938067
0.4933479
0.5138486
0.5098774
0.4891601
0.4823141
0.4740780
0.4920330
0.4915045
0.5073228
0.4925597
0.4708915
0.4724787
0.5320521
0.5141130
0.5079812
0.5208212
0.4698994
0.4942061
0.5142913
0.4919638
0.5117366
0.5060544
0.4876381
0.5169486
0.4652304
0.4808656
0.5254524
0.4691765
0.5168869
0.4824274
0.4991814
0.5052226
0.4989304
0.5159111
0.4734668
0.4636204
0.5141692
0.5228462
0.4902455
0.4938067
0.4933479
0.5138486
0.5098774
0.4891601
0.4823141
0.4740780
0.4920330
0.4915045
0.5073228
0.4925597
0.4708915
0.4724787
0.5320521
0.5141130
0.5079812
0.5208212
0.4698994
0.4942061
0.5142913
0.4919638
0.5117366
0.5060544
0.4876381
0.5169486
0.4652304
0.4808656
0.5254524
0.4691765
0.5168869
0.4824274
0.4991814
0.5052226
0.4989304
0.5159111
0.4734668
0.4636204
0.5141692
0.5228462
0.4902455
0.4938067
0.4933479
0.5138486
0.5098774
0.4891601
0.4823141
0.4740780
0.4920330
0.4915045
0.5073228
0.4925597
0.4708915
0.4724787
0.5320521
0.5141130
0.5079812
0.5208212
0.4698994
0.4942061
0.5142913
0.4919638
0.5117366
0.5060544
0.4876381
0.5169486
0.4652304
0.4808656
0.5254524
0.4691765
0.5168869
0.4824274
0.4991814
0.5052226
0.4989304
0.5159111
0.4734668
0.4636204
0.5141692
0.5228462
0.4902455
0.4938067
0.4933479
0.5138486
0.5098774
0.4891601
0.4823141
0.4740780
0.4920330
0.4915045
0.5073228
0.4925597
0.4708915
0.4724787
0.5320521
0.5141130
0.5079812
0.5208212
0.4698994
0.4942061
0.5142913
0.4919638
0.5117366
0.5060544
0.4876381
0.5169486
0.4652304
0.4808656
0.5254524
0.4691765
0.5168869
0.4824274
0.4991814
0.5052226
0.4989304
0.5159111
0.4734668
0.4636204
0.5141692
0.5228462
0.4902455
0.4938067
0.4933479
0.5138486
0.5098774
0.4891601
0.4823141
0.4740780
0.4920330
0.4915045
0.5073228
0.4925597
0.4708915
0.4724787
0.5320521
0.5141130
0.5079812
0.5208212
0.4698994
0.4942061
0.5142913
0.4919638
0.5117366
0.5060544
0.4876381
0.5169486
0.4652304
0.4808656
0.5254524
0.4691765
0.5168869
0.4824274
0.4991814
0.5052226
0.4989304
0.5159111
0.4734668
0.4636204
0.5141692
0.5228462
0.4902455
0.4938067
0.4933479
0.5138486
0.5098774
0.4891601
0.4823141
0.4740780
0.4920330
0.4915045
0.5073228
0.4925597
0.4708915
0.4724787
0.5320521
0.5141130
0.5079812
0.5208212
0.4698994
0.4942061
0.5142913
0.4919638
0.5117366
0.5060544
0.4876381
0.5169486
0.4652304
0.4808656
0.5254524
0.4691765
0.5168869
0.4824274
0.4991814
0.5052226
0.4989304
0.5159111
0.4734668
0.4636204
0.5141692
0.5228462
0.4902455
0.4938067
0.4933479
0.5138486
0.5098774
0.4891601
0.4823141
0.4740780
0.4920330
0.4915045
0.5073228
0.4925597
0.4708915
0.4724787
0.5320521
0.5141130
0.5079812
0.5208212
0.4698994
0.4942061
0.5142913
0.4919638
0.5117366
0.5060544
0.4876381
0.5169486
0.4652304
0.4808656
0.5254524
0.4691765
0.5168869
0.4824274
0.4991814
0.5052226
0.4989304
0.5159111
0.4734668
0.4636204
0.5141692
0.5228462
0.4902455
0.4938067
0.4933479
0.5138486
0.5098774
0.4891601
0.4823141
0.4740780
0.4920330
0.4915045
0.5073228
0.4925597
0.4708915
0.4724787
0.5320521
0.5141130
