0.5124032
0.4854443
0.5104194
0.4957923
0.4918999
0.4957702
0.4912879
0.5126562
0.4685720
0.4786334
0.5151107
0.5058835
0.4816611
0.5086467
0.5071692
0.4911817
0.5053969
0.4890158
0.5131214
0.4623561
0.5071271
0.5012757
0.5094457
0.5286695
0.4825146
0.5014896
0.5163192
0.4810001
0.5173422
0.5079134
0.4768350
0.4931307
0.5007665
0.5048975
0.4976097
0.5020104
0.4998036
0.4840576
0.4770705
0.5230747
0.5124032
0.4854443
0.5104194
0.4957923
0.4918999
0.4957702
0.4912879
0.5126562
0.4685720
0.4786334
0.5151107
0.5058835
0.4816611
0.5086467
0.5071692
0.4911817
0.5053969
0.4890158
0.5131214
0.4623561
0.5071271
0.5012757
0.5094457
0.5286695
0.4825146
0.5014896
0.5163192
0.4810001
0.5173422
0.5079134
0.4768350
0.4931307
0.5007665
0.5048975
0.4976097
0.5020104
0.4998036
0.4840576
0.4770705
0.5230747
0.5124032
0.4854443
0.5104194
0.4957923
0.4918999
0.4957702
0.4912879
0.5126562
0.4685720
0.4786334
0.5151107
0.5058835
0.4816611
0.5086467
0.5071692
0.4911817
0.5053969
0.4890158
0.5131214
0.4623561
0.5071271
0.5012757
0.5094457
0.5286695
0.4825146
0.5014896
0.5163192
0.4810001
0.5173422
0.5079134
0.4768350
0.4931307
0.5007665
0.5048975
0.4976097
0.5020104
0.4998036
0.4840576
0.4770705
0.5230747
0.5124032
0.4854443
0.5104194
0.4957923
0.4918999
0.4957702
0.4912879
0.5126562
0.4685720
0.4786334
0.5151107
0.5058835
0.4816611
0.5086467
0.5071692
0.4911817
0.5053969
0.4890158
0.5131214
0.4623561
0.5071271
0.5012757
0.5094457
0.5286695
0.4825146
0.5014896
0.5163192
0.4810001
0.5173422
0.5079134
0.4768350
0.4931307
0.5007665
0.5048975
0.4976097
0.5020104
0.4998036
0.4840576
0.4770705
0.5230747
0.5124032
0.4854443
0.5104194
0.4957923
0.4918999
0.4957702
0.4912879
0.5126562
0.4685720
0.4786334
0.5151107
0.5058835
0.4816611
0.5086467
0.5071692
0.4911817
0.5053969
0.4890158
0.5131214
0.4623561
0.5071271
0.5012757
0.5094457
0.5286695
0.4825146
0.5014896
0.5163192
0.4810001
0.5173422
0.5079134
0.4768350
0.4931307
0.5007665
0.5048975
0.4976097
0.5020104
0.4998036
0.4840576
0.4770705
0.5230747
0.5124032
0.4854443
0.5104194
0.4957923
0.4918999
0.4957702
0.4912879
0.5126562
0.4685720
0.4786334
0.5151107
0.5058835
0.4816611
0.5086467
0.5071692
0.4911817
0.5053969
0.4890158
0.5131214
0.4623561
0.5071271
0.5012757
0.5094457
0.5286695
0.4825146
0.5014896
0.5163192
0.4810001
0.5173422
0.5079134
0.4768350
0.4931307
0.5007665
0.5048975
0.4976097
0.5020104
0.4998036
0.4840576
0.4770705
0.5230747
0.5124032
0.4854443
0.5104194
0.4957923
0.4918999
0.4957702
0.4912879
0.5126562
0.4685720
0.4786334
0.5151107
0.5058835
0.4816611
0.5086467
0.5071692
0.4911817
0.5053969
0.4890158
0.5131214
0.4623561
0.5071271
0.5012757
0.5094457
0.5286695
0.4825146
0.5014896
0.5163192
0.4810001
0.5173422
0.5079134
0.4768350
0.4931307
0.5007665
0.5048975
0.4976097
0.5020104
0.4998036
0.4840576
0.4770705
0.5230747
0.5124032
0.4854443
0.5104194
0.4957923
0.4918999
0.4957702
0.4912879
0.5126562
0.4685720
0.4786334
0.5151107
0.5058835
0.4816611
0.5086467
0.5071692
0.4911817
0.5053969
0.4890158
0.5131214
0.4623561
0.5071271
0.5012757
0.5094457
0.5286695
0.4825146
0.5014896
0.5163192
0.4810001
0.5173422
0.5079134
0.4768350
0.4931307
0.5007665
0.5048975
0.4976097
0.5020104
0.4998036
0.4840576
0.4770705
0.5230747
0.5124032
0.4854443
0.5104194
0.4957923
0.4918999
0.4957702
0.4912879
0.5126562
0.4685720
0.4786334
0.5151107
0.5058835
0.4816611
0.5086467
0.5071692
0.4911817
0.5053969
0.4890158
0.5131214
0.4623561
0.5071271
0.5012757
0.5094457
0.5286695
0.4825146
0.5014896
0.5163192
0.4810001
0.5173422
0.5079134
0.4768350
0.4931307
0.5007665
0.5048975
0.4976097
0.5020104
0.4998036
0.4840576
0.4770705
0.5230747
0.5124032
0.4854443
0.5104194
0.4957923
0.4918999
0.4957702
0.4912879
0.5126562
0.4685720
0.4786334
0.5151107
0.5058835
0.4816611
0.5086467
0.5071692
0.4911817
0.5053969
0.4890158
0.5131214
0.4623561
0.5071271
0.5012757
0.5094457
0.5286695
0.4825146
0.5014896
0.5163192
0.4810001
0.5173422
0.5079134
0.4768350
0.4931307
0.5007665
0.5048975
0.4976097
0.5020104
0.4998036
0.4840576
0.4770705
0.5230747
0.5124032
0.4854443
0.5104194
0.4957923
0.4918999
0.4957702
0.4912879
0.5126562
0.4685720
0.4786334
0.5151107
0.5058835
0.4816611
0.5086467
0.5071692
0.4911817
0.5053969
0.4890158
0.5131214
0.4623561
0.5071271
0.5012757
0.5094457
0.5286695
0.4825146
0.5014896
0.5163192
0.4810001
0.5173422
0.5079134
0.4768350
0.4931307
0.5007665
0.5048975
0.4976097
0.5020104
0.4998036
0.4840576
0.4770705
0.5230747
0.5124032
0.4854443
0.5104194
0.4957923
0.4918999
0.4957702
0.4912879
0.5126562
0.4685720
0.4786334
0.5151107
0.5058835
0.4816611
0.5086467
0.5071692
0.4911817
0.5053969
0.4890158
0.5131214
0.4623561
0.5071271
0.5012757
0.5094457
0.5286695
0.4825146
0.5014896
0.5163192
0.4810001
0.5173422
0.5079134
0.4768350
0.4931307
0.5007665
0.5048975
0.4976097
0.5020104
0.4998036
0.4840576
0.4770705
0.5230747
0.5124032
0.4854443
0.5104194
0.4957923
0.4918999
0.4957702
0.4912879
0.5126562
0.4685720
0.4786334
0.5151107
0.5058835
0.4816611
0.5086467
0.5071692
0.4911817
0.5053969
0.4890158
0.5131214
0.4623561
0.5071271
0.5012757
0.5094457
0.5286695
0.4825146
0.5014896
0.5163192
0.4810001
0.5173422
0.5079134
0.4768350
0.4931307
0.5007665
0.5048975
0.4976097
0.5020104
0.4998036
0.4840576
0.4770705
0.5230747
0.5124032
0.4854443
0.5104194
0.4957923
0.4918999
0.4957702
0.4912879
0.5126562
0.4685720
0.4786334
0.5151107
0.5058835
0.4816611
0.5086467
0.5071692
0.4911817
0.5053969
0.4890158
0.5131214
0.4623561
0.5071271
0.5012757
0.5094457
0.5286695
0.4825146
0.5014896
0.5163192
0.4810001
0.5173422
0.5079134
0.4768350
0.4931307
0.5007665
0.5048975
0.4976097
0.5020104
0.4998036
0.4840576
0.4770705
0.5230747
0.5124032
0.4854443
0.5104194
0.4957923
0.4918999
0.4957702
0.4912879
0.5126562
0.4685720
0.4786334
0.5151107
0.5058835
0.4816611
0.5086467
0.5071692
0.4911817
0.5053969
0.4890158
0.5131214
0.4623561
0.5071271
0.5012757
0.5094457
0.5286695
0.4825146
0.5014896
0.5163192
0.4810001
0.5173422
0.5079134
0.4768350
0.4931307
0.5007665
0.5048975
0.4976097
0.5020104
0.4998036
0.4840576
0.4770705
0.5230747
0.5124032
0.4854443
0.5104194
0.4957923
0.4918999
0.4957702
0.4912879
0.5126562
0.4685720
0.4786334
0.5151107
0.5058835
0.4816611
0.5086467
0.5071692
0.4911817
0.5053969
0.4890158
0.5131214
0.4623561
0.5071271
0.5012757
0.5094457
0.5286695
0.4825146
0.5014896
0.5163192
0.4810001
0.5173422
0.5079134
0.4768350
0.4931307
0.5007665
0.5048975
0.4976097
0.5020104
0.4998036
0.4840576
0.4770705
0.5230747
0.5124032
0.4854443
0.5104194
0.4957923
0.4918999
0.4957702
0.4912879
0.5126562
0.4685720
0.4786334
0.5151107
0.5058835
0.4816611
0.5086467
0.5071692
0.4911817
0.5053969
0.4890158
0.5131214
0.4623561
0.5071271
0.5012757
0.5094457
0.5286695
0.4825146
0.5014896
0.5163192
0.4810001
0.5173422
0.5079134
0.4768350
0.4931307
0.5007665
0.5048975
0.4976097
0.5020104
0.4998036
0.4840576
0.4770705
0.5230747
0.5124032
0.4854443
0.5104194
0.4957923
0.4918999
0.4957702
0.4912879
0.5126562
0.4685720
0.4786334
0.5151107
0.5058835
0.4816611
0.5086467
0.5071692
0.4911817
0.5053969
0.4890158
0.5131214
0.4623561
0.5071271
0.5012757
0.5094457
0.5286695
0.4825146
0.5014896
0.5163192
0.4810001
0.5173422
0.5079134
0.4768350
0.4931307
0.5007665
0.5048975
0.4976097
0.5020104
0.4998036
0.4840576
0.4770705
0.5230747
0.5124032
0.4854443
0.5104194
0.4957923
0.4918999
0.4957702
0.4912879
0.5126562
0.4685720
0.4786334
0.5151107
0.5058835
0.4816611
0.5086467
0.5071692
0.4911817
0.5053969
0.4890158
0.5131214
0.4623561
0.5071271
0.5012757
0.5094457
0.5286695
0.4825146
0.5014896
0.5163192
0.4810001
0.5173422
0.5079134
0.4768350
0.4931307
0.5007665
0.5048975
0.4976097
0.5020104
0.4998036
0.4840576
0.4770705
0.5230747
0.5124032
0.4854443
0.5104194
0.4957923
0.4918999
0.4957702
0.4912879
0.5126562
0.4685720
0.4786334
0.5151107
0.5058835
0.4816611
0.5086467
0.5071692
0.4911817
0.5053969
0.4890158
0.5131214
0.4623561
0.5071271
0.5012757
0.5094457
0.5286695
0.4825146
0.5014896
0.5163192
0.4810001
0.5173422
0.5079134
0.4768350
0.4931307
0.5007665
0.5048975
0.4976097
0.5020104
0.4998036
0.4840576
0.4770705
0.5230747
0.5124032
0.4854443
0.5104194
0.4957923
0.4918999
0.4957702
0.4912879
0.5126562
0.4685720
0.4786334
0.5151107
0.5058835
0.4816611
0.5086467
0.5071692
0.4911817
0.5053969
0.4890158
0.5131214
0.4623561
0.5071271
0.5012757
0.5094457
0.5286695
0.4825146
0.5014896
0.5163192
0.4810001
0.5173422
0.5079134
0.4768350
0.4931307
0.5007665
0.5048975
0.4976097
0.5020104
0.4998036
0.4840576
0.4770705
0.5230747
0.5124032
0.4854443
0.5104194
0.4957923
0.4918999
0.4957702
0.4912879
0.5126562
0.4685720
0.4786334
0.5151107
0.5058835
0.4816611
0.5086467
0.5071692
0.4911817
0.5053969
0.4890158
0.5131214
0.4623561
0.5071271
0.5012757
0.5094457
0.5286695
0.4825146
0.5014896
0.5163192
0.4810001
0.5173422
0.5079134
0.4768350
0.4931307
0.5007665
0.5048975
0.4976097
0.5020104
0.4998036
0.4840576
0.4770705
0.5230747
0.5124032
0.4854443
0.5104194
0.4957923
0.4918999
0.4957702
0.4912879
0.5126562
0.4685720
0.4786334
0.5151107
0.5058835
0.4816611
0.5086467
0.5071692
0.4911817
0.5053969
0.4890158
0.5131214
0.4623561
0.5071271
0.5012757
0.5094457
0.5286695
0.4825146
0.5014896
0.5163192
0.4810001
0.5173422
0.5079134
0.4768350
0.4931307
0.5007665
0.5048975
0.4976097
0.5020104
0.4998036
0.4840576
0.4770705
0.5230747
0.5124032
0.4854443
0.5104194
0.4957923
0.4918999
0.4957702
0.4912879
0.5126562
0.4685720
0.4786334
0.5151107
0.5058835
0.4816611
0.5086467
0.5071692
0.4911817
0.5053969
0.4890158
0.5131214
0.4623561
0.5071271
0.5012757
0.5094457
0.5286695
0.4825146
0.5014896
0.5163192
0.4810001
0.5173422
0.5079134
0.4768350
0.4931307
0.5007665
0.5048975
0.4976097
0.5020104
0.4998036
0.4840576
0.4770705
0.5230747
0.5124032
0.4854443
0.5104194
0.4957923
0.4918999
0.4957702
0.4912879
0.5126562
0.4685720
0.4786334
0.5151107
0.5058835
0.4816611
0.5086467
0.5071692
0.4911817
0.5053969
0.4890158
0.5131214
0.4623561
0.5071271
0.5012757
0.5094457
0.5286695
0.4825146
0.5014896
0.5163192
0.4810001
0.5173422
0.5079134
0.4768350
0.4931307
0.5007665
0.5048975
0.4976097
0.5020104
0.4998036
0.4840576
0.4770705
0.5230747
0.5124032
0.4854443
0.5104194
0.4957923
0.4918999
0.4957702
0.4912879
0.5126562
0.4685720
0.4786334
0.5151107
0.5058835
0.4816611
0.5086467
0.5071692
0.4911817
0.5053969
0.4890158
0.5131214
0.4623561
0.5071271
0.5012757
0.5094457
0.5286695
0.4825146
0.5014896
0.5163192
0.4810001
0.5173422
0.5079134
0.4768350
0.4931307
0.5007665
0.5048975
0.4976097
0.5020104
0.4998036
0.4840576
0.4770705
0.5230747
0.5124032
0.4854443
0.5104194
0.4957923
0.4918999
0.4957702
0.4912879
0.5126562
0.4685720
0.4786334
0.5151107
0.5058835
0.4816611
0.5086467
0.5071692
0.4911817
0.5053969
0.4890158
0.5131214
0.4623561
0.5071271
0.5012757
0.5094457
0.5286695
0.4825146
0.5014896
0.5163192
0.4810001
0.5173422
0.5079134
0.4768350
0.4931307
0.5007665
0.5048975
0.4976097
0.5020104
0.4998036
0.4840576
0.4770705
0.5230747
0.5124032
0.4854443
0.5104194
0.4957923
0.4918999
0.4957702
0.4912879
0.5126562
0.4685720
0.4786334
0.5151107
0.5058835
0.4816611
0.5086467
0.5071692
0.4911817
0.5053969
0.4890158
0.5131214
0.4623561
0.5071271
0.5012757
0.5094457
0.5286695
0.4825146
0.5014896
0.5163192
0.4810001
0.5173422
0.5079134
0.4768350
0.4931307
0.5007665
0.5048975
0.4976097
0.5020104
0.4998036
0.4840576
0.4770705
0.5230747
0.5124032
0.4854443
0.5104194
0.4957923
0.4918999
0.4957702
0.4912879
0.5126562
0.4685720
0.4786334
0.5151107
0.5058835
0.4816611
0.5086467
0.5071692
0.4911817
0.5053969
0.4890158
0.5131214
0.4623561
0.5071271
0.5012757
0.5094457
0.5286695
0.4825146
0.5014896
0.5163192
0.4810001
0.5173422
0.5079134
0.4768350
0.4931307
0.5007665
0.5048975
0.4976097
0.5020104
0.4998036
0.4840576
0.4770705
0.5230747
0.5124032
0.4854443
0.5104194
0.4957923
0.4918999
0.4957702
0.4912879
0.5126562
0.4685720
0.4786334
0.5151107
0.5058835
0.4816611
0.5086467
0.5071692
0.4911817
0.5053969
0.4890158
0.5131214
0.4623561
0.5071271
0.5012757
0.5094457
0.5286695
0.4825146
0.5014896
0.5163192
0.4810001
0.5173422
0.5079134
0.4768350
0.4931307
0.5007665
0.5048975
0.4976097
0.5020104
0.4998036
0.4840576
0.4770705
0.5230747
0.5124032
0.4854443
0.5104194
0.4957923
0.4918999
0.4957702
0.4912879
0.5126562
0.4685720
0.4786334
0.5151107
0.5058835
0.4816611
0.5086467
0.5071692
0.4911817
0.5053969
0.4890158
0.5131214
0.4623561
0.5071271
0.5012757
0.5094457
0.5286695
0.4825146
0.5014896
0.5163192
0.4810001
0.5173422
0.5079134
0.4768350
0.4931307
0.5007665
0.5048975
0.4976097
0.5020104
0.4998036
0.4840576
0.4770705
0.5230747
0.5124032
0.4854443
0.5104194
0.4957923
0.4918999
0.4957702
0.4912879
0.5126562
0.4685720
0.4786334
0.5151107
0.5058835
0.4816611
0.5086467
0.5071692
0.4911817
0.5053969
0.4890158
0.5131214
0.4623561
0.5071271
0.5012757
0.5094457
0.5286695
0.4825146
0.5014896
0.5163192
0.4810001
0.5173422
0.5079134
0.4768350
0.4931307
0.5007665
0.5048975
0.4976097
0.5020104
0.4998036
0.4840576
0.4770705
0.5230747
0.5124032
0.4854443
0.5104194
0.4957923
0.4918999
0.4957702
0.4912879
0.5126562
0.4685720
0.4786334
0.5151107
0.5058835
0.4816611
0.5086467
0.5071692
0.4911817
0.5053969
0.4890158
0.5131214
0.4623561
0.5071271
0.5012757
0.5094457
0.5286695
0.4825146
0.5014896
0.5163192
0.4810001
0.5173422
0.5079134
0.4768350
0.4931307
0.5007665
0.5048975
0.4976097
0.5020104
0.4998036
0.4840576
0.4770705
0.5230747
0.5124032
0.4854443
0.5104194
0.4957923
0.4918999
0.4957702
0.4912879
0.5126562
0.4685720
0.4786334
0.5151107
0.5058835
0.4816611
0.5086467
0.5071692
0.4911817
0.5053969
0.4890158
0.5131214
0.4623561
0.5071271
0.5012757
0.5094457
0.5286695
0.4825146
0.5014896
0.5163192
0.4810001
0.5173422
0.5079134
0.4768350
0.4931307
0.5007665
0.5048975
0.4976097
0.5020104
0.4998036
0.4840576
0.4770705
0.5230747
0.5124032
0.4854443
0.5104194
0.4957923
0.4918999
0.4957702
0.4912879
0.5126562
0.4685720
0.4786334
0.5151107
0.5058835
0.4816611
0.5086467
0.5071692
0.4911817
0.5053969
0.4890158
0.5131214
0.4623561
0.5071271
0.5012757
0.5094457
0.5286695
0.4825146
0.5014896
0.5163192
0.4810001
0.5173422
0.5079134
0.4768350
0.4931307
0.5007665
0.5048975
0.4976097
0.5020104
0.4998036
0.4840576
0.4770705
0.5230747
0.5124032
0.4854443
0.5104194
0.4957923
0.4918999
0.4957702
0.4912879
0.5126562
0.4685720
0.4786334
0.5151107
0.5058835
0.4816611
0.5086467
0.5071692
0.4911817
0.5053969
0.4890158
0.5131214
0.4623561
0.5071271
0.5012757
0.5094457
0.5286695
0.4825146
0.5014896
0.5163192
0.4810001
0.5173422
0.5079134
0.4768350
0.4931307
0.5007665
0.5048975
0.4976097
0.5020104
0.4998036
0.4840576
0.4770705
0.5230747
0.5124032
0.4854443
0.5104194
0.4957923
0.4918999
0.4957702
0.4912879
0.5126562
0.4685720
0.4786334
0.5151107
0.5058835
0.4816611
0.5086467
0.5071692
0.4911817
0.5053969
0.4890158
0.5131214
0.4623561
0.5071271
0.5012757
0.5094457
0.5286695
0.4825146
0.5014896
0.5163192
0.4810001
0.5173422
0.5079134
0.4768350
0.4931307
0.5007665
0.5048975
0.4976097
0.5020104
0.4998036
0.4840576
0.4770705
0.5230747
0.5124032
0.4854443
0.5104194
0.4957923
0.4918999
0.4957702
0.4912879
0.5126562
0.4685720
0.4786334
0.5151107
0.5058835
0.4816611
0.5086467
0.5071692
0.4911817
0.5053969
0.4890158
0.5131214
0.4623561
0.5071271
0.5012757
0.5094457
0.5286695
0.4825146
0.5014896
0.5163192
0.4810001
0.5173422
0.5079134
0.4768350
0.4931307
0.5007665
0.5048975
0.4976097
0.5020104
0.4998036
0.4840576
0.4770705
0.5230747
0.5124032
0.4854443
0.5104194
0.4957923
0.4918999
0.4957702
0.4912879
0.5126562
0.4685720
0.4786334
0.5151107
0.5058835
0.4816611
0.5086467
0.5071692
0.4911817
0.5053969
0.4890158
0.5131214
0.4623561
0.5071271
0.5012757
0.5094457
0.5286695
0.4825146
0.5014896
0.5163192
0.4810001
0.5173422
0.5079134
0.4768350
0.4931307
0.5007665
0.5048975
0.4976097
0.5020104
0.4998036
0.4840576
0.4770705
0.5230747
0.5124032
0.4854443
0.5104194
0.4957923
0.4918999
0.4957702
0.4912879
0.5126562
0.4685720
0.4786334
0.5151107
0.5058835
0.4816611
0.5086467
0.5071692
0.4911817
0.5053969
0.4890158
0.5131214
0.4623561
0.5071271
0.5012757
0.5094457
0.5286695
0.4825146
0.5014896
0.5163192
0.4810001
0.5173422
0.5079134
0.4768350
0.4931307
0.5007665
0.5048975
0.4976097
0.5020104
0.4998036
0.4840576
0.4770705
0.5230747
0.5124032
0.4854443
0.5104194
0.4957923
0.4918999
0.4957702
0.4912879
0.5126562
0.4685720
0.4786334
0.5151107
0.5058835
0.4816611
0.5086467
0.5071692
0.4911817
0.5053969
0.4890158
0.5131214
0.4623561
0.5071271
0.5012757
0.5094457
0.5286695
0.4825146
0.5014896
0.5163192
0.4810001
0.5173422
0.5079134
0.4768350
0.4931307
0.5007665
0.5048975
0.4976097
0.5020104
0.4998036
0.4840576
0.4770705
0.5230747
0.5124032
0.4854443
0.5104194
0.4957923
0.4918999
0.4957702
0.4912879
0.5126562
0.4685720
0.4786334
0.5151107
0.5058835
0.4816611
0.5086467
0.5071692
0.4911817
0.5053969
0.4890158
0.5131214
0.4623561
0.5071271
0.5012757
0.5094457
0.5286695
0.4825146
0.5014896
0.5163192
0.4810001
0.5173422
0.5079134
0.4768350
0.4931307
0.5007665
0.5048975
0.4976097
0.5020104
0.4998036
0.4840576
0.4770705
0.5230747
0.5124032
0.4854443
0.5104194
0.4957923
0.4918999
0.4957702
0.4912879
0.5126562
0.4685720
0.4786334
0.5151107
0.5058835
0.4816611
0.5086467
0.5071692
0.4911817
0.5053969
0.4890158
0.5131214
0.4623561
0.5071271
0.5012757
0.5094457
0.5286695
0.4825146
0.5014896
0.5163192
0.4810001
0.5173422
0.5079134
0.4768350
0.4931307
0.5007665
0.5048975
0.4976097
0.5020104
0.4998036
0.4840576
0.4770705
0.5230747
0.5124032
0.4854443
0.5104194
0.4957923
0.4918999
0.4957702
0.4912879
0.5126562
0.4685720
0.4786334
0.5151107
0.5058835
0.4816611
0.5086467
0.5071692
0.4911817
0.5053969
0.4890158
0.5131214
0.4623561
0.5071271
0.5012757
0.5094457
0.5286695
0.4825146
0.5014896
0.5163192
0.4810001
0.5173422
0.5079134
0.4768350
0.4931307
0.5007665
0.5048975
0.4976097
0.5020104
0.4998036
0.4840576
0.4770705
0.5230747
0.5124032
0.4854443
0.5104194
0.4957923
0.4918999
0.4957702
0.4912879
0.5126562
0.4685720
0.4786334
0.5151107
0.5058835
0.4816611
0.5086467
0.5071692
0.4911817
0.5053969
0.4890158
0.5131214
0.4623561
0.5071271
0.5012757
0.5094457
0.5286695
0.4825146
0.5014896
0.5163192
0.4810001
0.5173422
0.5079134
0.4768350
0.4931307
0.5007665
0.5048975
0.4976097
0.5020104
0.4998036
0.4840576
0.4770705
0.5230747
0.5124032
0.4854443
0.5104194
0.4957923
0.4918999
0.4957702
0.4912879
0.5126562
0.4685720
0.4786334
0.5151107
0.5058835
0.4816611
0.5086467
0.5071692
0.4911817
0.5053969
0.4890158
0.5131214
0.4623561
0.5071271
0.5012757
0.5094457
0.5286695
0.4825146
0.5014896
0.5163192
0.4810001
0.5173422
0.5079134
0.4768350
0.4931307
0.5007665
0.5048975
0.4976097
0.5020104
0.4998036
0.4840576
0.4770705
0.5230747
0.5124032
0.4854443
0.5104194
0.4957923
0.4918999
0.4957702
0.4912879
0.5126562
0.4685720
0.4786334
0.5151107
0.5058835
0.4816611
0.5086467
0.5071692
0.4911817
0.5053969
0.4890158
0.5131214
0.4623561
0.5071271
0.5012757
0.5094457
0.5286695
0.4825146
0.5014896
0.5163192
0.4810001
0.5173422
0.5079134
0.4768350
0.4931307
0.5007665
0.5048975
0.4976097
0.5020104
0.4998036
0.4840576
0.4770705
0.5230747
0.5124032
0.4854443
0.5104194
0.4957923
0.4918999
0.4957702
0.4912879
0.5126562
0.4685720
0.4786334
0.5151107
0.5058835
0.4816611
0.5086467
0.5071692
0.4911817
0.5053969
0.4890158
0.5131214
0.4623561
0.5071271
0.5012757
0.5094457
0.5286695
0.4825146
0.5014896
0.5163192
0.4810001
0.5173422
0.5079134
0.4768350
0.4931307
0.5007665
0.5048975
0.4976097
0.5020104
0.4998036
0.4840576
0.4770705
0.5230747
0.5124032
0.4854443
0.5104194
0.4957923
0.4918999
0.4957702
0.4912879
0.5126562
0.4685720
0.4786334
0.5151107
0.5058835
0.4816611
0.5086467
0.5071692
0.4911817
0.5053969
0.4890158
0.5131214
0.4623561
0.5071271
0.5012757
0.5094457
0.5286695
0.4825146
0.5014896
0.5163192
0.4810001
0.5173422
0.5079134
0.4768350
0.4931307
0.5007665
0.5048975
0.4976097
0.5020104
0.4998036
0.4840576
0.4770705
0.5230747
0.5124032
0.4854443
0.5104194
0.4957923
0.4918999
0.4957702
0.4912879
0.5126562
0.4685720
0.4786334
0.5151107
0.5058835
0.4816611
0.5086467
0.5071692
0.4911817
0.5053969
0.4890158
0.5131214
0.4623561
0.5071271
0.5012757
0.5094457
0.5286695
0.4825146
0.5014896
0.5163192
0.4810001
0.5173422
0.5079134
0.4768350
0.4931307
0.5007665
0.5048975
0.4976097
0.5020104
0.4998036
0.4840576
0.4770705
0.5230747
