0.5082177
0.5127648
0.4877499
0.5101453
0.5124201
0.5065592
0.4533859
0.5017297
0.5079417
0.5074828
0.5020727
0.5218967
0.4747918
0.4611148
0.4683264
0.4813762
0.5198903
0.4866315
0.5212638
0.4868918
0.5308743
0.5013561
0.4842665
0.5082912
0.5115512
0.5040808
0.5045567
0.4941016
0.5023229
0.4782801
0.5051989
0.4914434
0.4969067
0.5055462
0.4730377
0.4769143
0.4960930
0.4770491
0.4992789
0.5217738
0.5082177
0.5127648
0.4877499
0.5101453
0.5124201
0.5065592
0.4533859
0.5017297
0.5079417
0.5074828
0.5020727
0.5218967
0.4747918
0.4611148
0.4683264
0.4813762
0.5198903
0.4866315
0.5212638
0.4868918
0.5308743
0.5013561
0.4842665
0.5082912
0.5115512
0.5040808
0.5045567
0.4941016
0.5023229
0.4782801
0.5051989
0.4914434
0.4969067
0.5055462
0.4730377
0.4769143
0.4960930
0.4770491
0.4992789
0.5217738
0.5082177
0.5127648
0.4877499
0.5101453
0.5124201
0.5065592
0.4533859
0.5017297
0.5079417
0.5074828
0.5020727
0.5218967
0.4747918
0.4611148
0.4683264
0.4813762
0.5198903
0.4866315
0.5212638
0.4868918
0.5308743
0.5013561
0.4842665
0.5082912
0.5115512
0.5040808
0.5045567
0.4941016
0.5023229
0.4782801
0.5051989
0.4914434
0.4969067
0.5055462
0.4730377
0.4769143
0.4960930
0.4770491
0.4992789
0.5217738
0.5082177
0.5127648
0.4877499
0.5101453
0.5124201
0.5065592
0.4533859
0.5017297
0.5079417
0.5074828
0.5020727
0.5218967
0.4747918
0.4611148
0.4683264
0.4813762
0.5198903
0.4866315
0.5212638
0.4868918
0.5308743
0.5013561
0.4842665
0.5082912
0.5115512
0.5040808
0.5045567
0.4941016
0.5023229
0.4782801
0.5051989
0.4914434
0.4969067
0.5055462
0.4730377
0.4769143
0.4960930
0.4770491
0.4992789
0.5217738
0.5082177
0.5127648
0.4877499
0.5101453
0.5124201
0.5065592
0.4533859
0.5017297
0.5079417
0.5074828
0.5020727
0.5218967
0.4747918
0.4611148
0.4683264
0.4813762
0.5198903
0.4866315
0.5212638
0.4868918
0.5308743
0.5013561
0.4842665
0.5082912
0.5115512
0.5040808
0.5045567
0.4941016
0.5023229
0.4782801
0.5051989
0.4914434
0.4969067
0.5055462
0.4730377
0.4769143
0.4960930
0.4770491
0.4992789
0.5217738
0.5082177
0.5127648
0.4877499
0.5101453
0.5124201
0.5065592
0.4533859
0.5017297
0.5079417
0.5074828
0.5020727
0.5218967
0.4747918
0.4611148
0.4683264
0.4813762
0.5198903
0.4866315
0.5212638
0.4868918
0.5308743
0.5013561
0.4842665
0.5082912
0.5115512
0.5040808
0.5045567
0.4941016
0.5023229
0.4782801
0.5051989
0.4914434
0.4969067
0.5055462
0.4730377
0.4769143
0.4960930
0.4770491
0.4992789
0.5217738
0.5082177
0.5127648
0.4877499
0.5101453
0.5124201
0.5065592
0.4533859
0.5017297
0.5079417
0.5074828
0.5020727
0.5218967
0.4747918
0.4611148
0.4683264
0.4813762
0.5198903
0.4866315
0.5212638
0.4868918
0.5308743
0.5013561
0.4842665
0.5082912
0.5115512
0.5040808
0.5045567
0.4941016
0.5023229
0.4782801
0.5051989
0.4914434
0.4969067
0.5055462
0.4730377
0.4769143
0.4960930
0.4770491
0.4992789
0.5217738
0.5082177
0.5127648
0.4877499
0.5101453
0.5124201
0.5065592
0.4533859
0.5017297
0.5079417
0.5074828
0.5020727
0.5218967
0.4747918
0.4611148
0.4683264
0.4813762
0.5198903
0.4866315
0.5212638
0.4868918
0.5308743
0.5013561
0.4842665
0.5082912
0.5115512
0.5040808
0.5045567
0.4941016
0.5023229
0.4782801
0.5051989
0.4914434
0.4969067
0.5055462
0.4730377
0.4769143
0.4960930
0.4770491
0.4992789
0.5217738
0.5082177
0.5127648
0.4877499
0.5101453
0.5124201
0.5065592
0.4533859
0.5017297
0.5079417
0.5074828
0.5020727
0.5218967
0.4747918
0.4611148
0.4683264
0.4813762
0.5198903
0.4866315
0.5212638
0.4868918
0.5308743
0.5013561
0.4842665
0.5082912
0.5115512
0.5040808
0.5045567
0.4941016
0.5023229
0.4782801
0.5051989
0.4914434
0.4969067
0.5055462
0.4730377
0.4769143
0.4960930
0.4770491
0.4992789
0.5217738
0.5082177
0.5127648
0.4877499
0.5101453
0.5124201
0.5065592
0.4533859
0.5017297
0.5079417
0.5074828
0.5020727
0.5218967
0.4747918
0.4611148
0.4683264
0.4813762
0.5198903
0.4866315
0.5212638
0.4868918
0.5308743
0.5013561
0.4842665
0.5082912
0.5115512
0.5040808
0.5045567
0.4941016
0.5023229
0.4782801
0.5051989
0.4914434
0.4969067
0.5055462
0.4730377
0.4769143
0.4960930
0.4770491
0.4992789
0.5217738
0.5082177
0.5127648
0.4877499
0.5101453
0.5124201
0.5065592
0.4533859
0.5017297
0.5079417
0.5074828
0.5020727
0.5218967
0.4747918
0.4611148
0.4683264
0.4813762
0.5198903
0.4866315
0.5212638
0.4868918
0.5308743
0.5013561
0.4842665
0.5082912
0.5115512
0.5040808
0.5045567
0.4941016
0.5023229
0.4782801
0.5051989
0.4914434
0.4969067
0.5055462
0.4730377
0.4769143
0.4960930
0.4770491
0.4992789
0.5217738
0.5082177
0.5127648
0.4877499
0.5101453
0.5124201
0.5065592
0.4533859
0.5017297
0.5079417
0.5074828
0.5020727
0.5218967
0.4747918
0.4611148
0.4683264
0.4813762
0.5198903
0.4866315
0.5212638
0.4868918
0.5308743
0.5013561
0.4842665
0.5082912
0.5115512
0.5040808
0.5045567
0.4941016
0.5023229
0.4782801
0.5051989
0.4914434
0.4969067
0.5055462
0.4730377
0.4769143
0.4960930
0.4770491
0.4992789
0.5217738
0.5082177
0.5127648
0.4877499
0.5101453
0.5124201
0.5065592
0.4533859
0.5017297
0.5079417
0.5074828
0.5020727
0.5218967
0.4747918
0.4611148
0.4683264
0.4813762
0.5198903
0.4866315
0.5212638
0.4868918
0.5308743
0.5013561
0.4842665
0.5082912
0.5115512
0.5040808
0.5045567
0.4941016
0.5023229
0.4782801
0.5051989
0.4914434
0.4969067
0.5055462
0.4730377
0.4769143
0.4960930
0.4770491
0.4992789
0.5217738
0.5082177
0.5127648
0.4877499
0.5101453
0.5124201
0.5065592
0.4533859
0.5017297
0.5079417
0.5074828
0.5020727
0.5218967
0.4747918
0.4611148
0.4683264
0.4813762
0.5198903
0.4866315
0.5212638
0.4868918
0.5308743
0.5013561
0.4842665
0.5082912
0.5115512
0.5040808
0.5045567
0.4941016
0.5023229
0.4782801
0.5051989
0.4914434
0.4969067
0.5055462
0.4730377
0.4769143
0.4960930
0.4770491
0.4992789
0.5217738
0.5082177
0.5127648
0.4877499
0.5101453
0.5124201
0.5065592
0.4533859
0.5017297
0.5079417
0.5074828
0.5020727
0.5218967
0.4747918
0.4611148
0.4683264
0.4813762
0.5198903
0.4866315
0.5212638
0.4868918
0.5308743
0.5013561
0.4842665
0.5082912
0.5115512
0.5040808
0.5045567
0.4941016
0.5023229
0.4782801
0.5051989
0.4914434
0.4969067
0.5055462
0.4730377
0.4769143
0.4960930
0.4770491
0.4992789
0.5217738
0.5082177
0.5127648
0.4877499
0.5101453
0.5124201
0.5065592
0.4533859
0.5017297
0.5079417
0.5074828
0.5020727
0.5218967
0.4747918
0.4611148
0.4683264
0.4813762
0.5198903
0.4866315
0.5212638
0.4868918
0.5308743
0.5013561
0.4842665
0.5082912
0.5115512
0.5040808
0.5045567
0.4941016
0.5023229
0.4782801
0.5051989
0.4914434
0.4969067
0.5055462
0.4730377
0.4769143
0.4960930
0.4770491
0.4992789
0.5217738
0.5082177
0.5127648
0.4877499
0.5101453
0.5124201
0.5065592
0.4533859
0.5017297
0.5079417
0.5074828
0.5020727
0.5218967
0.4747918
0.4611148
0.4683264
0.4813762
0.5198903
0.4866315
0.5212638
0.4868918
0.5308743
0.5013561
0.4842665
0.5082912
0.5115512
0.5040808
0.5045567
0.4941016
0.5023229
0.4782801
0.5051989
0.4914434
0.4969067
0.5055462
0.4730377
0.4769143
0.4960930
0.4770491
0.4992789
0.5217738
0.5082177
0.5127648
0.4877499
0.5101453
0.5124201
0.5065592
0.4533859
0.5017297
0.5079417
0.5074828
0.5020727
0.5218967
0.4747918
0.4611148
0.4683264
0.4813762
0.5198903
0.4866315
0.5212638
0.4868918
0.5308743
0.5013561
0.4842665
0.5082912
0.5115512
0.5040808
0.5045567
0.4941016
0.5023229
0.4782801
0.5051989
0.4914434
0.4969067
0.5055462
0.4730377
0.4769143
0.4960930
0.4770491
0.4992789
0.5217738
0.5082177
0.5127648
0.4877499
0.5101453
0.5124201
0.5065592
0.4533859
0.5017297
0.5079417
0.5074828
0.5020727
0.5218967
0.4747918
0.4611148
0.4683264
0.4813762
0.5198903
0.4866315
0.5212638
0.4868918
0.5308743
0.5013561
0.4842665
0.5082912
0.5115512
0.5040808
0.5045567
0.4941016
0.5023229
0.4782801
0.5051989
0.4914434
0.4969067
0.5055462
0.4730377
0.4769143
0.4960930
0.4770491
0.4992789
0.5217738
0.5082177
0.5127648
0.4877499
0.5101453
0.5124201
0.5065592
0.4533859
0.5017297
0.5079417
0.5074828
0.5020727
0.5218967
0.4747918
0.4611148
0.4683264
0.4813762
0.5198903
0.4866315
0.5212638
0.4868918
0.5308743
0.5013561
0.4842665
0.5082912
0.5115512
0.5040808
0.5045567
0.4941016
0.5023229
0.4782801
0.5051989
0.4914434
0.4969067
0.5055462
0.4730377
0.4769143
0.4960930
0.4770491
0.4992789
0.5217738
0.5082177
0.5127648
0.4877499
0.5101453
0.5124201
0.5065592
0.4533859
0.5017297
0.5079417
0.5074828
0.5020727
0.5218967
0.4747918
0.4611148
0.4683264
0.4813762
0.5198903
0.4866315
0.5212638
0.4868918
0.5308743
0.5013561
0.4842665
0.5082912
0.5115512
0.5040808
0.5045567
0.4941016
0.5023229
0.4782801
0.5051989
0.4914434
0.4969067
0.5055462
0.4730377
0.4769143
0.4960930
0.4770491
0.4992789
0.5217738
0.5082177
0.5127648
0.4877499
0.5101453
0.5124201
0.5065592
0.4533859
0.5017297
0.5079417
0.5074828
0.5020727
0.5218967
0.4747918
0.4611148
0.4683264
0.4813762
0.5198903
0.4866315
0.5212638
0.4868918
0.5308743
0.5013561
0.4842665
0.5082912
0.5115512
0.5040808
0.5045567
0.4941016
0.5023229
0.4782801
0.5051989
0.4914434
0.4969067
0.5055462
0.4730377
0.4769143
0.4960930
0.4770491
0.4992789
0.5217738
0.5082177
0.5127648
0.4877499
0.5101453
0.5124201
0.5065592
0.4533859
0.5017297
0.5079417
0.5074828
0.5020727
0.5218967
0.4747918
0.4611148
0.4683264
0.4813762
0.5198903
0.4866315
0.5212638
0.4868918
0.5308743
0.5013561
0.4842665
0.5082912
0.5115512
0.5040808
0.5045567
0.4941016
0.5023229
0.4782801
0.5051989
0.4914434
0.4969067
0.5055462
0.4730377
0.4769143
0.4960930
0.4770491
0.4992789
0.5217738
0.5082177
0.5127648
0.4877499
0.5101453
0.5124201
0.5065592
0.4533859
0.5017297
0.5079417
0.5074828
0.5020727
0.5218967
0.4747918
0.4611148
0.4683264
0.4813762
0.5198903
0.4866315
0.5212638
0.4868918
0.5308743
0.5013561
0.4842665
0.5082912
0.5115512
0.5040808
0.5045567
0.4941016
0.5023229
0.4782801
0.5051989
0.4914434
0.4969067
0.5055462
0.4730377
0.4769143
0.4960930
0.4770491
0.4992789
0.5217738
0.5082177
0.5127648
0.4877499
0.5101453
0.5124201
0.5065592
0.4533859
0.5017297
0.5079417
0.5074828
0.5020727
0.5218967
0.4747918
0.4611148
0.4683264
0.4813762
0.5198903
0.4866315
0.5212638
0.4868918
0.5308743
0.5013561
0.4842665
0.5082912
0.5115512
0.5040808
0.5045567
0.4941016
0.5023229
0.4782801
0.5051989
0.4914434
0.4969067
0.5055462
0.4730377
0.4769143
0.4960930
0.4770491
0.4992789
0.5217738
0.5082177
0.5127648
0.4877499
0.5101453
0.5124201
0.5065592
0.4533859
0.5017297
0.5079417
0.5074828
0.5020727
0.5218967
0.4747918
0.4611148
0.4683264
0.4813762
0.5198903
0.4866315
0.5212638
0.4868918
0.5308743
0.5013561
0.4842665
0.5082912
0.5115512
0.5040808
0.5045567
0.4941016
0.5023229
0.4782801
0.5051989
0.4914434
0.4969067
0.5055462
0.4730377
0.4769143
0.4960930
0.4770491
0.4992789
0.5217738
0.5082177
0.5127648
0.4877499
0.5101453
0.5124201
0.5065592
0.4533859
0.5017297
0.5079417
0.5074828
0.5020727
0.5218967
0.4747918
0.4611148
0.4683264
0.4813762
0.5198903
0.4866315
0.5212638
0.4868918
0.5308743
0.5013561
0.4842665
0.5082912
0.5115512
0.5040808
0.5045567
0.4941016
0.5023229
0.4782801
0.5051989
0.4914434
0.4969067
0.5055462
0.4730377
0.4769143
0.4960930
0.4770491
0.4992789
0.5217738
0.5082177
0.5127648
0.4877499
0.5101453
0.5124201
0.5065592
0.4533859
0.5017297
0.5079417
0.5074828
0.5020727
0.5218967
0.4747918
0.4611148
0.4683264
0.4813762
0.5198903
0.4866315
0.5212638
0.4868918
0.5308743
0.5013561
0.4842665
0.5082912
0.5115512
0.5040808
0.5045567
0.4941016
0.5023229
0.4782801
0.5051989
0.4914434
0.4969067
0.5055462
0.4730377
0.4769143
0.4960930
0.4770491
0.4992789
0.5217738
0.5082177
0.5127648
0.4877499
0.5101453
0.5124201
0.5065592
0.4533859
0.5017297
0.5079417
0.5074828
0.5020727
0.5218967
0.4747918
0.4611148
0.4683264
0.4813762
0.5198903
0.4866315
0.5212638
0.4868918
0.5308743
0.5013561
0.4842665
0.5082912
0.5115512
0.5040808
0.5045567
0.4941016
0.5023229
0.4782801
0.5051989
0.4914434
0.4969067
0.5055462
0.4730377
0.4769143
0.4960930
0.4770491
0.4992789
0.5217738
0.5082177
0.5127648
0.4877499
0.5101453
0.5124201
0.5065592
0.4533859
0.5017297
0.5079417
0.5074828
0.5020727
0.5218967
0.4747918
0.4611148
0.4683264
0.4813762
0.5198903
0.4866315
0.5212638
0.4868918
0.5308743
0.5013561
0.4842665
0.5082912
0.5115512
0.5040808
0.5045567
0.4941016
0.5023229
0.4782801
0.5051989
0.4914434
0.4969067
0.5055462
0.4730377
0.4769143
0.4960930
0.4770491
0.4992789
0.5217738
0.5082177
0.5127648
0.4877499
0.5101453
0.5124201
0.5065592
0.4533859
0.5017297
0.5079417
0.5074828
0.5020727
0.5218967
0.4747918
0.4611148
0.4683264
0.4813762
0.5198903
0.4866315
0.5212638
0.4868918
0.5308743
0.5013561
0.4842665
0.5082912
0.5115512
0.5040808
0.5045567
0.4941016
0.5023229
0.4782801
0.5051989
0.4914434
0.4969067
0.5055462
0.4730377
0.4769143
0.4960930
0.4770491
0.4992789
0.5217738
0.5082177
0.5127648
0.4877499
0.5101453
0.5124201
0.5065592
0.4533859
0.5017297
0.5079417
0.5074828
0.5020727
0.5218967
0.4747918
0.4611148
0.4683264
0.4813762
0.5198903
0.4866315
0.5212638
0.4868918
0.5308743
0.5013561
0.4842665
0.5082912
0.5115512
0.5040808
0.5045567
0.4941016
0.5023229
0.4782801
0.5051989
0.4914434
0.4969067
0.5055462
0.4730377
0.4769143
0.4960930
0.4770491
0.4992789
0.5217738
0.5082177
0.5127648
0.4877499
0.5101453
0.5124201
0.5065592
0.4533859
0.5017297
0.5079417
0.5074828
0.5020727
0.5218967
0.4747918
0.4611148
0.4683264
0.4813762
0.5198903
0.4866315
0.5212638
0.4868918
0.5308743
0.5013561
0.4842665
0.5082912
0.5115512
0.5040808
0.5045567
0.4941016
0.5023229
0.4782801
0.5051989
0.4914434
0.4969067
0.5055462
0.4730377
0.4769143
0.4960930
0.4770491
0.4992789
0.5217738
0.5082177
0.5127648
0.4877499
0.5101453
0.5124201
0.5065592
0.4533859
0.5017297
0.5079417
0.5074828
0.5020727
0.5218967
0.4747918
0.4611148
0.4683264
0.4813762
0.5198903
0.4866315
0.5212638
0.4868918
0.5308743
0.5013561
0.4842665
0.5082912
0.5115512
0.5040808
0.5045567
0.4941016
0.5023229
0.4782801
0.5051989
0.4914434
0.4969067
0.5055462
0.4730377
0.4769143
0.4960930
0.4770491
0.4992789
0.5217738
0.5082177
0.5127648
0.4877499
0.5101453
0.5124201
0.5065592
0.4533859
0.5017297
0.5079417
0.5074828
0.5020727
0.5218967
0.4747918
0.4611148
0.4683264
0.4813762
0.5198903
0.4866315
0.5212638
0.4868918
0.5308743
0.5013561
0.4842665
0.5082912
0.5115512
0.5040808
0.5045567
0.4941016
0.5023229
0.4782801
0.5051989
0.4914434
0.4969067
0.5055462
0.4730377
0.4769143
0.4960930
0.4770491
0.4992789
0.5217738
0.5082177
0.5127648
0.4877499
0.5101453
0.5124201
0.5065592
0.4533859
0.5017297
0.5079417
0.5074828
0.5020727
0.5218967
0.4747918
0.4611148
0.4683264
0.4813762
0.5198903
0.4866315
0.5212638
0.4868918
0.5308743
0.5013561
0.4842665
0.5082912
0.5115512
0.5040808
0.5045567
0.4941016
0.5023229
0.4782801
0.5051989
0.4914434
0.4969067
0.5055462
0.4730377
0.4769143
0.4960930
0.4770491
0.4992789
0.5217738
0.5082177
0.5127648
0.4877499
0.5101453
0.5124201
0.5065592
0.4533859
0.5017297
0.5079417
0.5074828
0.5020727
0.5218967
0.4747918
0.4611148
0.4683264
0.4813762
0.5198903
0.4866315
0.5212638
0.4868918
0.5308743
0.5013561
0.4842665
0.5082912
0.5115512
0.5040808
0.5045567
0.4941016
0.5023229
0.4782801
0.5051989
0.4914434
0.4969067
0.5055462
0.4730377
0.4769143
0.4960930
0.4770491
0.4992789
0.5217738
0.5082177
0.5127648
0.4877499
0.5101453
0.5124201
0.5065592
0.4533859
0.5017297
0.5079417
0.5074828
0.5020727
0.5218967
0.4747918
0.4611148
0.4683264
0.4813762
0.5198903
0.4866315
0.5212638
0.4868918
0.5308743
0.5013561
0.4842665
0.5082912
0.5115512
0.5040808
0.5045567
0.4941016
0.5023229
0.4782801
0.5051989
0.4914434
0.4969067
0.5055462
0.4730377
0.4769143
0.4960930
0.4770491
0.4992789
0.5217738
0.5082177
0.5127648
0.4877499
0.5101453
0.5124201
0.5065592
0.4533859
0.5017297
0.5079417
0.5074828
0.5020727
0.5218967
0.4747918
0.4611148
0.4683264
0.4813762
0.5198903
0.4866315
0.5212638
0.4868918
0.5308743
0.5013561
0.4842665
0.5082912
0.5115512
0.5040808
0.5045567
0.4941016
0.5023229
0.4782801
0.5051989
0.4914434
0.4969067
0.5055462
0.4730377
0.4769143
0.4960930
0.4770491
0.4992789
0.5217738
0.5082177
0.5127648
0.4877499
0.5101453
0.5124201
0.5065592
0.4533859
0.5017297
0.5079417
0.5074828
0.5020727
0.5218967
0.4747918
0.4611148
0.4683264
0.4813762
0.5198903
0.4866315
0.5212638
0.4868918
0.5308743
0.5013561
0.4842665
0.5082912
0.5115512
0.5040808
0.5045567
0.4941016
0.5023229
0.4782801
0.5051989
0.4914434
0.4969067
0.5055462
0.4730377
0.4769143
0.4960930
0.4770491
0.4992789
0.5217738
0.5082177
0.5127648
0.4877499
0.5101453
0.5124201
0.5065592
0.4533859
0.5017297
0.5079417
0.5074828
0.5020727
0.5218967
0.4747918
0.4611148
0.4683264
0.4813762
0.5198903
0.4866315
0.5212638
0.4868918
0.5308743
0.5013561
0.4842665
0.5082912
0.5115512
0.5040808
0.5045567
0.4941016
0.5023229
0.4782801
0.5051989
0.4914434
0.4969067
0.5055462
0.4730377
0.4769143
0.4960930
0.4770491
0.4992789
0.5217738
0.5082177
0.5127648
0.4877499
0.5101453
0.5124201
0.5065592
0.4533859
0.5017297
0.5079417
0.5074828
0.5020727
0.5218967
0.4747918
0.4611148
0.4683264
0.4813762
0.5198903
0.4866315
0.5212638
0.4868918
0.5308743
0.5013561
0.4842665
0.5082912
0.5115512
0.5040808
0.5045567
0.4941016
0.5023229
0.4782801
0.5051989
0.4914434
0.4969067
0.5055462
0.4730377
0.4769143
0.4960930
0.4770491
0.4992789
0.5217738
0.5082177
0.5127648
0.4877499
0.5101453
0.5124201
0.5065592
0.4533859
0.5017297
0.5079417
0.5074828
0.5020727
0.5218967
0.4747918
0.4611148
0.4683264
0.4813762
0.5198903
0.4866315
0.5212638
0.4868918
0.5308743
0.5013561
0.4842665
0.5082912
0.5115512
0.5040808
0.5045567
0.4941016
0.5023229
0.4782801
0.5051989
0.4914434
0.4969067
0.5055462
0.4730377
0.4769143
0.4960930
0.4770491
0.4992789
0.5217738
0.5082177
0.5127648
0.4877499
0.5101453
0.5124201
0.5065592
0.4533859
0.5017297
0.5079417
0.5074828
0.5020727
0.5218967
0.4747918
0.4611148
0.4683264
0.4813762
0.5198903
0.4866315
0.5212638
0.4868918
0.5308743
0.5013561
0.4842665
0.5082912
0.5115512
0.5040808
0.5045567
0.4941016
0.5023229
0.4782801
0.5051989
0.4914434
0.4969067
0.5055462
0.4730377
0.4769143
0.4960930
0.4770491
0.4992789
0.5217738
0.5082177
0.5127648
0.4877499
0.5101453
0.5124201
0.5065592
0.4533859
0.5017297
0.5079417
0.5074828
0.5020727
0.5218967
0.4747918
0.4611148
0.4683264
0.4813762
0.5198903
0.4866315
0.5212638
0.4868918
0.5308743
0.5013561
0.4842665
0.5082912
0.5115512
0.5040808
0.5045567
0.4941016
0.5023229
0.4782801
0.5051989
0.4914434
0.4969067
0.5055462
0.4730377
0.4769143
0.4960930
0.4770491
0.4992789
0.5217738
0.5082177
0.5127648
0.4877499
0.5101453
0.5124201
0.5065592
0.4533859
0.5017297
0.5079417
0.5074828
0.5020727
0.5218967
0.4747918
0.4611148
0.4683264
0.4813762
0.5198903
0.4866315
0.5212638
0.4868918
0.5308743
0.5013561
0.4842665
0.5082912
0.5115512
0.5040808
0.5045567
0.4941016
0.5023229
0.4782801
0.5051989
0.4914434
0.4969067
0.5055462
0.4730377
0.4769143
0.4960930
0.4770491
0.4992789
0.5217738
0.5082177
0.5127648
0.4877499
0.5101453
0.5124201
0.5065592
0.4533859
0.5017297
0.5079417
0.5074828
0.5020727
0.5218967
0.4747918
0.4611148
0.4683264
0.4813762
0.5198903
0.4866315
0.5212638
0.4868918
0.5308743
0.5013561
0.4842665
0.5082912
0.5115512
0.5040808
0.5045567
0.4941016
0.5023229
0.4782801
0.5051989
0.4914434
0.4969067
0.5055462
0.4730377
0.4769143
0.4960930
0.4770491
0.4992789
0.5217738
0.5082177
0.5127648
0.4877499
0.5101453
0.5124201
0.5065592
0.4533859
0.5017297
0.5079417
0.5074828
0.5020727
0.5218967
0.4747918
0.4611148
0.4683264
0.4813762
0.5198903
0.4866315
0.5212638
0.4868918
0.5308743
0.5013561
0.4842665
0.5082912
0.5115512
0.5040808
0.5045567
0.4941016
0.5023229
0.4782801
0.5051989
0.4914434
0.4969067
0.5055462
0.4730377
0.4769143
0.4960930
0.4770491
0.4992789
0.5217738
0.5082177
0.5127648
0.4877499
0.5101453
0.5124201
0.5065592
0.4533859
0.5017297
0.5079417
0.5074828
0.5020727
0.5218967
0.4747918
0.4611148
0.4683264
0.4813762
0.5198903
0.4866315
0.5212638
0.4868918
0.5308743
0.5013561
0.4842665
0.5082912
0.5115512
0.5040808
0.5045567
0.4941016
0.5023229
0.4782801
0.5051989
0.4914434
0.4969067
0.5055462
0.4730377
0.4769143
0.4960930
0.4770491
0.4992789
0.5217738
0.5082177
0.5127648
0.4877499
0.5101453
0.5124201
0.5065592
0.4533859
0.5017297
0.5079417
0.5074828
0.5020727
0.5218967
0.4747918
0.4611148
0.4683264
0.4813762
0.5198903
0.4866315
0.5212638
0.4868918
0.5308743
0.5013561
0.4842665
0.5082912
0.5115512
0.5040808
0.5045567
0.4941016
0.5023229
0.4782801
0.5051989
0.4914434
0.4969067
0.5055462
0.4730377
0.4769143
0.4960930
0.4770491
0.4992789
0.5217738
