1.8311751
2.3867943
2.3050742
2.3939175
2.3801887
2.3202785
2.0531710
1.1236372
1.1084693
1.0994537
1.2770437
1.2954963
1.4650236
1.3981491
1.3521800
1.4188107
1.3746442
1.3298869
1.0699070
1.9047565
1.8555606
1.7861418
2.0616260
2.1299700
1.8824294
1.8679535
2.0472120
1.9818116
1.7042308
1.7926709
1.8635460
1.9074869
1.7482607
1.6587590
1.7782595
1.8958779
2.1235575
2.2192631
2.0598988
2.1012135
2.3720203
2.2927910
2.5237191
2.0708703
2.1200546
1.8374824
1.8375128
1.7467337
1.9781897
1.8871348
1.7897670
1.8136851
1.7929806
2.0459817
2.0421861
1.9116057
2.0787745
1.8327581
1.7879449
2.3156666
2.0564824
1.9303856
1.6034883
1.7023434
1.8613051
1.7076979
1.9414069
1.8090226
1.6382509
1.6390650
1.6307188
1.6341175
1.7573234
1.8695121
2.0016013
2.0143672
1.9990295
2.1231541
2.0965020
2.1319106
1.9641424
1.9931108
1.9761364
2.0366359
1.8716786
2.0232421
2.1101554
1.9220968
1.7526055
1.9758674
1.8716080
1.8991753
1.7610541
1.5767241
1.5334605
1.6315825
1.7499742
1.7793646
2.1715499
2.4461625
2.3706072
2.2989562
2.3080499
2.2050064
2.3337959
2.3288197
2.0100532
1.7287816
1.6785659
1.6884615
1.5942064
1.5772916
1.6207239
1.5093286
1.6523820
1.5192270
1.6112239
1.7080562
1.5537889
1.6536481
1.6319337
1.4526830
1.5315938
1.4686686
1.5234664
1.7494213
1.7365901
1.5927678
1.6134895
1.3663596
1.4827615
1.7557255
1.7499356
1.4438256
1.4071701
1.6339946
1.6687916
1.6506132
1.7672630
1.8237006
1.6781650
1.8160562
1.8182164
1.6811059
1.7932925
1.8994606
1.7834223
1.8284772
1.6036185
1.5317701
1.7346213
1.7424094
1.8930072
1.7958811
1.7268652
2.8363382
2.1296758
1.7716212
1.7370988
1.8494589
1.6696299
1.7494608
1.8652867
1.8239052
2.0511706
2.0547786
1.9279433
1.8587578
1.9740988
1.8489857
2.0120528
1.8560605
1.7072093
2.2561131
2.3535965
2.1539823
2.1257558
1.6800581
1.7774524
1.7829019
1.7658609
1.6419588
1.7775918
1.6228567
1.7219545
1.6190436
1.6453249
1.6713920
1.7583210
1.7405627
1.7783341
1.5407022
1.6028766
1.6310047
1.5870516
1.5888123
1.5918868
1.6292350
1.5910096
1.7303233
1.5639148
1.6537033
1.6072934
1.6813390
1.7145525
1.5589726
1.9500780
1.8078091
1.8976043
1.7265541
1.4759786
1.4881869
1.4487478
1.6236946
1.3073898
1.6168635
1.6361668
1.6197227
1.7973873
1.5412284
1.5810414
1.6965928
1.5673410
1.6268783
1.6040355
1.6431171
1.7884759
2.0021615
2.1382811
2.0772900
2.7276574
2.4723441
2.2785677
2.4074568
2.5306644
3.1936387
2.7271550
2.9642604
2.8886129
2.9302980
2.9284977
2.8254094
2.9193877
2.7973341
2.5207928
2.2794484
2.1269518
2.1094012
1.9307964
2.2793899
2.0422952
2.3854730
2.1611910
2.3535798
2.2910328
2.3902886
2.6506703
2.6075977
2.7847736
2.7214125
2.4525069
2.7479265
2.5176555
2.5317793
2.6141302
2.4332562
2.4428238
2.3751886
2.1428501
2.1902105
2.0358337
2.0506495
1.8618656
1.9641413
2.0631757
2.1428554
2.1625685
2.1461038
2.0930718
1.8368253
1.8880185
1.9122306
1.9304597
2.0463467
1.8782241
2.2232661
2.2248107
1.9808359
2.0470620
1.9965001
1.8648806
1.9433019
2.0235202
2.1964655
2.0036607
1.9888638
1.9496264
2.1173556
2.2517659
2.3194089
2.3197632
2.2520469
1.9737028
1.8575810
0.9724481
0.9741985
0.9399704
2.0524633
1.9303540
1.9723589
2.0474215
1.9003582
1.5258942
1.6044005
1.6147942
1.5248914
1.4702724
1.9308670
1.6685950
1.6710756
1.5445394
1.6341361
1.6150094
1.5102959
1.6009557
1.5724524
1.5224838
1.4971469
1.5240727
1.3619296
1.4171955
1.4384463
1.3276237
1.5061469
1.3623299
1.4920091
1.0994750
1.1095746
1.0935573
1.3586344
1.2816914
1.3921013
1.4581957
1.3509627
1.3091369
1.4229081
1.4493623
1.3757532
1.4516410
1.1329126
1.0730101
1.1147798
1.3797419
1.3405431
1.6016843
1.6562504
1.5507660
1.6254288
1.4726829
1.5764829
1.5600192
1.2857389
1.2349106
1.2729890
1.2555273
1.2754084
1.3130652
1.1386657
2.9816479
3.0066651
3.0574131
2.9514291
2.3066737
2.6287574
2.4703454
2.4280946
2.3686594
1.0381259
1.0054382
1.0295073
1.0646043
1.1257921
1.0866046
1.0170848
1.0170209
1.0324212
1.1040691
0.9129616
0.9459536
1.0961627
1.0040126
0.9969387
0.9347653
0.9234785
1.0832307
1.0426962
1.2231126
1.2013898
1.1808258
1.1599931
1.2165851
1.1417037
1.0867129
1.2002731
1.1441305
1.1107715
1.1139080
1.1580557
1.0722482
1.1734613
1.1784007
1.1124958
1.6321273
1.5305993
1.8402161
1.7782519
1.7332496
1.6176543
1.6436009
1.3520648
1.3074351
1.5302364
1.4593398
1.3712740
1.2694935
1.0817855
1.0362112
1.0114774
0.9975787
1.4034739
1.2795606
1.3412401
1.4337755
2.3996992
2.0990097
1.9495331
2.2496544
2.2918408
2.3053288
2.3148662
2.2641587
2.2675551
1.8719820
1.8256253
1.8739979
1.8128106
1.8652341
1.7473542
1.7712839
1.7646645
1.9726993
1.9143975
1.8622148
1.9798992
1.9977066
1.9241801
2.0419409
1.9840840
1.9717478
2.1461580
2.1332118
1.4442957
1.3926344
1.4076956
1.6534134
1.6242839
1.5122498
1.5832827
1.5305146
1.5226976
1.3585615
1.7138165
1.7830454
1.3299847
1.3868983
2.0259608
1.9437073
1.9151027
1.9361828
2.0220454
1.8724379
1.7899927
1.9998833
1.9052444
1.9912724
2.0121099
1.4128000
1.5106695
1.6527599
1.5973694
1.5137257
1.5559866
1.6954034
1.0848819
1.2312255
1.2556817
1.3419001
1.3779025
1.4381162
1.2896308
1.4066300
1.0987544
1.1439225
1.0615419
1.0703890
1.1526323
1.2001093
1.2393757
1.1982605
1.2279238
1.1902544
1.0814147
1.1919988
1.0963936
1.1179204
0.9152134
0.8856586
0.8528632
0.9066999
0.9607362
0.8424570
0.9589477
0.9266408
1.0015970
1.0273702
1.0636568
1.1130643
1.0521594
0.8702945
0.8689635
0.9893286
0.9511246
2.5008288
2.3423870
2.5062120
2.5701574
2.2612452
2.0898624
2.2750766
2.5352051
2.5880500
2.5019543
2.5276058
2.5320013
2.6116939
2.6468313
2.9629741
2.5965091
2.5133666
2.7177627
2.5739423
2.4823442
2.6928363
2.4597386
2.6100750
2.5524483
2.7147491
2.9180474
2.8025336
2.1567706
2.2030666
2.6884664
2.3784798
1.7999826
2.0686895
2.1564545
2.1512988
2.0733310
2.0576175
2.1211393
2.2741261
2.2054904
2.1468577
2.0598535
2.2178499
2.1627257
2.2320194
2.1104092
2.3895152
1.8688522
1.7488184
1.7798117
1.7115739
1.8862056
1.7717034
1.8812018
1.9508468
1.9923787
1.8394521
1.9905047
1.8316129
1.8314095
1.9366666
1.7983798
1.8662850
1.8358431
1.7894833
1.8688019
2.1360754
1.9863688
2.2277322
2.1007429
1.0863539
1.0864576
1.1209634
1.0814921
1.0976079
1.1133798
1.1170921
1.2056200
1.0476094
1.0414850
0.9817062
1.0171136
0.9858728
0.9897605
1.0747114
1.6058219
1.4476024
1.4105479
1.3561037
1.4585948
1.7174039
1.4600001
1.4879623
1.7180779
1.4922408
1.6164437
1.4318351
1.2888140
1.8856923
1.8175689
1.7367872
1.9021460
1.0920934
1.2397264
1.0308912
1.0293345
0.9887578
0.9457404
0.8985478
1.0242901
0.9849986
1.0273528
1.0872646
1.0708506
1.1448121
1.1922249
1.1063706
0.9518253
1.0847856
1.0274731
0.9756149
0.9787961
1.0011411
1.0609147
1.1008502
1.0086212
1.2048037
1.1602173
1.0824859
1.1199752
1.2125140
1.1455912
1.2187189
1.1906786
1.1323591
1.1138433
1.5512873
1.6257831
1.8802741
1.5905448
1.7474975
1.7137955
1.6378437
2.4324007
2.3551521
2.3747719
2.4857108
2.5105862
2.4981765
2.3357196
2.3764720
2.3891988
1.8344946
1.9300681
2.0964207
2.1100393
2.1895636
2.1921536
2.2378998
1.9385507
2.0714640
2.2647614
2.2359028
2.1072500
2.1081016
2.1623364
1.9174158
1.8494358
1.8526207
2.1470085
1.8059051
1.8706148
1.4579383
1.6389310
1.5664502
1.6171964
1.6410775
1.6929760
1.9450596
1.7903036
1.9752287
1.9271520
1.8098399
1.9335188
1.7880221
2.0245633
2.1769145
1.5097310
1.6376155
1.4423691
1.5916897
1.4678917
1.5938276
1.7615858
1.6758588
1.8916796
1.8585808
1.6967087
1.7844821
1.7507771
1.6540382
1.6294491
1.4001867
1.5385797
1.5725889
1.6362240
1.4088122
1.8900528
2.0046223
1.8955923
1.9559714
1.8609560
1.9093814
1.8488164
1.7343255
1.8584511
1.7617576
1.5789871
1.4429826
1.2204432
1.1836006
1.2268459
1.2366841
1.1315676
1.1513587
1.1640447
1.1154060
1.1405114
1.2585262
1.8778565
1.7651116
1.7903092
1.9230687
1.8658478
1.7882097
1.7066861
1.7582883
1.8628937
1.9384367
1.9277667
2.1942566
2.2489230
2.3623004
2.2671361
2.3665524
2.5633693
2.5512401
2.4698669
1.5872072
1.7639704
1.5894491
1.5429207
1.3851379
1.5348086
1.5551284
1.6329932
1.4950232
1.6275960
1.5433987
1.5424916
1.5353618
1.5650079
1.4184919
1.4847306
1.3974391
1.6143625
1.5035130
1.5968387
1.2511259
1.3366479
1.2901095
1.2542316
1.2147721
1.4207923
1.4080450
1.4690864
1.5427173
1.4704066
1.5234637
1.5711141
1.6211845
1.3896444
1.3985563
1.0971973
1.0687530
1.1541378
1.0965165
1.2019959
1.0765092
1.0208837
0.9542212
0.9569504
0.9076083
0.9836496
0.9576588
1.0673338
1.0098720
0.9918939
0.9870959
1.0484007
0.9496546
1.0213177
1.0915869
1.0679730
1.0930233
1.1110980
1.0526416
1.0099259
1.0824106
0.9892535
0.9805382
1.4355927
1.5274224
1.4528098
1.5863832
1.4389443
1.3519615
1.3839167
1.5500618
1.4850052
1.4216461
1.3469450
1.2085351
1.2647370
1.2204193
1.6615806
1.5775395
1.6809867
1.6989086
1.8349461
1.7983570
1.3120315
1.3808842
1.3305571
1.3202427
1.3060959
1.4137096
1.4101123
1.4552128
1.3474603
1.4444252
1.2297562
1.3607123
1.3555792
1.4587216
1.3562484
1.3666616
1.3945563
1.4829139
1.4563073
1.4560838
1.4929009
1.5078436
1.5218631
1.5954439
1.3775795
1.2508257
1.3204024
1.5305411
1.4381585
1.3865212
1.3938535
1.4920196
1.6263887
1.5333028
1.6040725
2.3731472
2.3676275
2.1484318
2.3780893
2.3266802
1.8988578
1.8889120
1.9667354
1.9099895
2.0623684
2.0884384
2.0373630
2.1131020
1.7822904
1.8097677
1.9057875
1.8245317
1.6753453
1.8465016
1.6036659
1.6288621
1.6380192
1.5490619
1.5827021
1.6219413
1.7324367
1.9507001
1.7974893
1.9525719
1.9103406
1.7979812
1.7590950
1.8281099
2.0084207
1.9060504
1.8596128
1.8792116
1.9552221
1.8857983
1.9516679
1.9557756
1.9121579
1.8911044
2.3391225
2.3737752
2.4299536
2.5222442
2.3543208
2.2484761
2.4481333
2.3463267
2.3144202
2.4026467
2.1309375
2.3556603
2.4004630
2.2442658
2.5745413
2.1039300
2.2233707
2.2122996
1.6214760
1.6070373
1.5428242
1.5159106
1.5229004
1.6088694
1.6334396
1.5871388
1.4323467
1.6124790
1.3775313
1.3665433
1.5061505
1.4923505
1.4475545
1.3210489
1.4163397
1.3519372
1.3973684
1.3454429
1.3562484
1.4720394
1.3772919
1.5212041
1.3907042
1.6290181
1.6688807
1.7164733
1.4599138
1.4722421
1.3685689
1.4236801
1.4026585
1.4323863
1.4517903
1.1991221
1.2723838
1.2379207
1.4045843
1.4067111
1.2996070
1.2340410
2.6540143
2.3352421
2.3246998
2.4200614
2.4408350
2.5508476
2.0076889
1.8388792
1.9204285
2.1933076
2.1411424
2.2055675
2.2088589
2.0423388
2.3595644
2.2342540
2.4575599
2.3989015
2.1191156
2.2247331
2.1009851
2.8140740
2.9609286
2.8787256
2.2034847
2.2392920
2.5125729
2.4274766
2.5074522
2.7024505
2.4893362
2.6579453
2.3641954
2.6521702
2.6331908
2.6995800
2.4950250
2.6245900
2.6499280
2.5816735
3.2526624
3.2558059
3.3860710
2.9777418
3.3111801
3.3050884
3.5179625
3.0187580
3.0093997
2.8139395
2.7423128
2.6664718
2.7870165
2.5428651
2.7889385
2.9315762
3.0895443
1.3877963
1.7519584
1.3988917
1.4744983
1.5303299
2.2442378
2.1581815
2.1865410
2.4797238
2.2640244
2.4021555
2.1775198
2.5783531
2.2125850
2.3984297
2.2624152
2.2087731
2.2933700
2.2704401
2.1267630
2.0337478
2.1726077
2.2877452
2.2099930
2.0703779
2.3978961
2.2405359
2.2319798
2.3324608
2.3739455
2.2423477
2.1533378
2.3331055
2.1505231
2.1697636
2.1811357
2.0015751
2.1894542
2.0146121
1.9446849
1.1975872
1.1541138
1.2012989
1.2349547
1.2280001
1.1435236
1.1863440
1.1289597
1.0909877
1.1208645
1.1029210
1.1097039
1.0927164
1.1259518
1.0997612
0.9928552
1.1245351
1.0568471
1.0650389
1.0215077
1.0797444
1.0268420
1.1486794
1.1386483
1.1907928
1.0755368
1.0687637
1.3413028
1.3496509
1.5225166
1.4819016
1.0584014
1.3518528
1.2528820
1.3239911
1.3116186
1.3389750
1.2675039
1.1924239
1.1709803
1.2126882
1.1410317
1.1887426
1.1559645
1.2059533
1.1989031
1.2346326
1.3170000
1.3163083
1.3400021
1.3438870
2.5274936
2.7031178
2.0313084
2.3972447
2.6507589
2.6326524
2.6119136
2.1877848
2.2746749
2.1278276
2.1405902
2.0010193
2.2993603
2.1062020
1.9473257
1.8821773
2.4431726
2.3677429
2.7102033
2.6514603
2.3575823
2.3532495
2.3773515
2.5543797
2.5970243
2.3519445
2.4051376
2.2810805
2.5547203
2.5482234
2.2175793
2.1531154
2.2609637
2.3613269
1.9631371
1.8550125
1.8862518
1.9423014
1.7755563
1.8368760
2.7122195
2.3431120
2.5085731
2.7617808
2.6396918
2.6876098
2.6450546
3.2116352
2.3677758
2.2974001
2.2946239
2.2807638
2.2747275
2.3702295
1.9980240
2.1996445
2.1664041
2.2216570
2.2927686
2.4168231
2.3650184
2.0515551
2.0612778
2.1569892
2.1443722
2.1631616
2.2204393
2.3562334
2.3426367
2.2180624
2.2171148
2.1748766
2.2628567
2.4119810
2.5022579
2.3513146
2.3647162
2.3452224
2.1665786
1.8696641
1.9442734
1.9068831
1.8851387
1.9360468
2.1592647
2.1459561
2.2650458
2.4656990
2.3112754
2.3272459
1.9809903
2.1924619
1.6305787
1.6084523
1.4300790
1.4377623
1.3029893
1.4591991
1.4173060
1.4387889
1.5620987
1.4170322
1.6142445
1.4509154
1.6023349
1.5347220
1.6052799
1.5966857
1.5979720
0.9406200
1.0443468
1.0644880
1.0204340
1.2897563
1.3200531
1.5867460
1.4752861
1.3959713
1.4178369
1.3411790
1.4313085
1.2860759
2.2555107
2.2709823
2.2522793
2.3509075
2.2975593
2.3161386
2.3236642
2.4536854
2.5270420
1.9921779
1.8341192
1.9430926
1.8593301
1.9163646
2.3432690
1.9861697
1.9522982
2.1114312
2.0670257
2.1616203
2.1255962
2.5292345
2.4278666
2.4996493
2.2983060
2.4032380
2.3767626
1.9745847
1.8422712
1.8709462
1.7552876
1.6046931
1.4396177
2.2358350
2.0060905
1.9528865
1.9683511
1.9709392
1.8917082
2.0010496
1.8898047
1.9354946
1.8318178
1.7134336
1.5920116
1.6961387
1.5994112
1.4715616
1.6436241
1.5447687
1.7460115
1.8206357
1.9751615
1.9766941
1.6646741
1.6710157
1.5699703
1.6628815
1.7339327
1.5541053
1.6002455
1.4500944
1.9708711
1.9437804
1.8456413
1.6938187
1.6949044
1.6551657
1.8018186
1.6200298
1.6454558
1.5814160
1.4519784
1.7271298
1.7505162
1.8006389
1.6537616
1.7638081
1.8995251
1.8389124
1.7666135
1.6146631
1.8490084
1.3928251
1.3039782
1.2858397
1.5103759
1.5665918
1.5505561
1.5154952
1.4769492
1.5448237
1.6439564
1.0184065
1.0065098
1.0522638
1.0435238
1.0518711
0.9832170
0.8712213
1.0351028
0.9948915
0.9272533
0.8768324
0.8747903
0.9220759
0.9258275
0.8693177
0.8625412
0.9046698
0.7851083
1.1561929
1.0866837
1.0836280
1.0853651
1.3486618
0.8463528
0.8929779
0.9565945
0.8348594
0.8217069
0.8815029
1.1362020
1.0669970
1.2519495
1.4585121
1.2560953
1.1491921
1.3496871
1.3784624
1.2885207
1.2093561
1.0261083
1.0123234
1.0359208
1.0726529
1.0879403
1.0557139
1.2623626
1.3063819
1.3004445
1.2701997
1.2005089
0.9497614
0.9766031
1.0231259
1.8016289
1.6184457
1.8713333
1.9007371
1.7053502
1.6156644
1.7440112
1.6124680
1.6084235
1.6230652
1.6547856
1.6739202
1.6825585
1.6805427
1.5917605
1.8002222
1.7370892
1.8003320
1.8748565
1.6797970
1.6933887
1.7634575
1.7730454
1.8605783
2.0433923
2.0921451
2.0861102
1.8498506
1.9296646
1.9105259
1.8868630
2.0060207
1.9082890
2.0313167
1.8409350
1.8110378
1.7626322
1.9657156
2.0256797
2.0342876
1.7842211
1.9513514
1.9608528
1.9959218
2.0874934
1.9466211
2.0358701
1.9211307
2.0332811
2.0618937
2.0876955
1.6828367
1.2857329
1.2417267
1.2592099
1.4644572
1.3486358
1.3928450
1.2580603
1.3562781
1.2759810
1.2586354
1.2990969
1.0652698
1.0626657
1.0701813
1.0460434
1.4053318
1.3920613
1.1251948
1.1368630
0.8763093
0.9565351
0.9860162
0.9258086
1.0654615
1.4032203
1.3293250
1.3895864
1.4088298
1.3729675
1.3848961
1.3957241
1.3216088
1.2720144
1.1936509
1.3340050
1.3284789
1.2672360
1.2602641
1.3410715
1.3858281
1.3868580
1.3049116
1.2769965
1.7264512
1.8512688
1.6415475
1.7027831
1.6916768
1.5669121
1.6293576
1.4879824
1.4971788
1.2577386
1.4595387
1.3201368
1.5194494
1.3502440
1.4622838
1.3180777
1.3148273
1.5395656
1.4067183
2.0096721
1.8752959
1.8682180
1.8982608
1.8070554
1.7161640
2.0731909
2.0204157
1.5668055
1.9664665
1.8458421
1.8728568
1.7027701
1.8480170
1.7611236
1.9237264
2.1463191
2.2476489
2.1240110
2.0388581
1.9984567
1.9596231
2.0479961
1.8740061
2.0411719
2.0296996
2.0319382
2.0577231
1.9303662
2.0138274
2.0105522
1.9360499
1.7429524
1.7943045
1.6784358
2.4272911
2.3729569
2.1041460
2.0982035
2.2421825
1.9635495
1.6197210
1.6872017
1.5972274
1.6486619
2.0693360
1.9438326
2.0451636
2.0873744
1.9487006
2.2443526
2.0339743
2.1290170
2.2503719
2.2127169
1.8268039
1.8233062
1.7992302
1.6682625
1.7141538
1.6930926
1.6139595
1.7049090
1.8359699
1.6255906
2.0067431
1.8429932
1.7290783
2.1289459
2.0778008
1.8436837
1.8856822
2.2667446
2.1126479
2.0585037
2.0960390
2.1716997
2.0633760
1.9989464
1.6802401
1.7074480
1.7989598
1.6772992
1.7607119
1.6362620
1.2585430
1.3074465
1.3470726
1.3958115
1.5321058
1.4961565
1.3550718
1.4310413
1.4079724
1.5145204
1.4815684
1.5007410
1.4988357
1.7342835
1.7802657
1.8508247
1.7903428
1.8107368
1.8060619
1.5004344
1.7835422
1.7005463
1.6917400
1.8289197
1.8209643
1.8481364
1.8079950
1.7959148
1.4918402
1.6042500
1.8891151
1.8570581
1.9736034
1.8431527
1.7206937
1.7791813
1.7812392
1.7008693
1.6578532
1.6929156
1.5329204
1.4509802
1.6748200
2.1132426
2.0888208
1.9187693
1.8089544
1.8204232
1.5426423
1.7387464
1.6594430
2.4173214
2.3255751
2.4901927
2.4664115
2.7377881
2.7701942
2.9432273
2.9283473
2.8066869
2.8873084
2.8129598
1.8390655
1.6521950
1.6519283
1.6996936
1.6870970
1.6407704
1.5862122
1.6709537
1.7103438
1.4713706
1.6356055
1.6490922
1.7376491
1.7398950
1.6922983
1.6864385
1.6744698
1.5966613
1.4897155
1.5349907
1.5763823
1.5937999
1.4635051
1.5244803
1.5360240
1.9604264
1.9615878
1.7108407
1.7151501
1.7240129
1.4681397
1.5220459
2.4873130
2.2798299
2.5489694
2.3465543
2.4130223
2.5162166
2.6279391
2.3544441
2.6719436
2.5577462
2.5549350
2.1014150
2.0403872
2.0888195
2.1193041
1.8432148
2.1008022
1.8437817
2.0131738
1.5740432
1.6677265
1.5265305
2.4206188
2.4693982
2.5296234
2.3130502
2.5343094
2.5261798
2.5186798
2.4504334
2.2982249
2.5087274
2.0390659
2.1984080
2.3210074
2.1797131
2.5275886
2.3612711
2.4828629
2.3695811
2.8193929
2.7057400
2.7644741
2.6231378
2.5781817
2.5721678
2.2171079
2.1096629
2.2984451
2.3508201
2.2186779
2.1522323
2.7189675
2.5665884
2.3599577
2.4152683
2.4683372
2.9477074
2.3137360
2.4980884
2.4631548
2.4526430
2.2742464
2.4479121
2.4564118
2.3703869
2.4846816
2.3736636
2.4096317
2.2030601
2.3323602
2.3226990
2.3046165
2.3462124
2.2134521
2.3135727
2.4751331
2.3007140
2.3375673
2.2564087
2.7195653
1.5102005
1.4469623
2.3677035
2.4750817
2.3071980
1.0395105
0.9553434
1.4167652
1.3249368
1.5157462
1.2387004
1.4581796
1.5626448
1.1451509
1.0243420
1.4443033
1.3482386
1.3400754
1.7376786
1.6633842
1.5408862
1.5827368
1.2996501
1.2612226
1.4172244
1.3370037
1.3813570
1.0442068
0.9902483
1.0296416
1.0015376
1.2502011
1.4136896
1.2968721
1.3203676
1.3350829
1.3082927
1.3554299
1.3516518
1.3119237
1.1428685
1.2453593
1.3359905
1.2960942
1.2665736
1.3276853
1.4275016
1.5736792
1.4772985
1.5491461
1.4124691
1.5535226
1.4300568
1.6660080
1.6500102
1.6100470
1.5864210
1.5082220
1.7064711
1.5831924
1.5684867
1.5164733
1.2925050
1.2622860
1.1495778
1.2266248
1.2564650
1.0447399
1.0626936
1.0658008
1.2850878
1.3367986
2.1727336
2.2145401
1.8554247
2.0668638
2.2536728
2.1098514
2.2038736
2.1013645
2.4127578
2.3786078
2.3182728
2.2618311
2.4348566
2.4310600
2.4955077
2.3817452
2.4920472
2.3057046
2.2931928
2.4082663
2.1621957
2.1352252
2.1020911
1.5807418
1.7836968
1.6116824
1.6756661
1.7635266
1.9032276
1.9475483
1.9984768
1.9369243
1.7470589
1.6391525
1.7359164
1.6639479
1.6599969
1.6822595
1.6433680
1.6372885
1.6495401
1.8117642
1.7515084
1.7102634
1.7809212
1.8335813
1.9008842
1.9204099
1.9742243
1.8317723
1.7778044
1.8685368
1.9274535
1.7980814
1.9438098
1.6094867
1.6663769
1.8087918
1.5522433
1.6026120
1.4274264
1.4773113
1.6846007
1.6624006
1.6495272
1.7502220
1.6446596
1.7666251
1.4980691
1.4650446
1.4256839
1.5603196
1.5303548
0.9594133
0.9373277
0.9355967
1.0480247
1.0330279
0.9987704
1.0104241
1.1099411
1.0300433
0.9603255
1.1576699
1.2216067
1.1825958
1.9735805
2.0348899
2.0491394
1.8671094
1.7678322
2.0562054
1.9623862
1.8631516
1.8613994
2.0689700
1.3398581
1.4886360
1.3307445
1.7013961
1.6260959
1.6429014
1.4876453
1.4722203
1.6022627
1.5952251
1.5782898
1.5753529
1.6252944
1.4997366
1.4809334
1.4507561
1.3816547
1.3952282
1.5513232
2.1184853
2.1047649
2.2394625
1.9355840
2.1575362
2.0436819
1.9573187
1.9479629
1.9049881
1.9056596
1.9253960
1.9933550
1.9307638
2.2859936
2.0705502
2.1375032
2.0536970
2.2908074
2.3867232
2.4038695
2.5984172
2.2893453
1.7383635
1.9134658
1.7734270
1.8701089
1.9874767
1.8849550
1.8795352
1.8917273
1.9150158
1.8979342
2.0397570
1.4157429
1.2797008
1.7095344
1.4610009
1.4957970
1.4342005
1.6344681
1.6036720
1.5030917
1.6105584
1.6583368
1.6045184
1.5759853
1.6782163
1.6198837
1.6508123
1.5013977
1.5866318
1.4606848
1.5218409
1.4361725
1.4075099
1.3477220
1.2542174
1.3376364
1.3445127
1.2416871
1.3067039
1.3336465
1.3824901
1.3434715
1.2475737
1.2461001
1.3813552
1.4294362
1.4320319
1.5278545
1.6760990
1.4885188
1.5167895
1.5771093
1.3902749
1.4893027
1.4123075
1.5100922
1.3731497
1.6647604
1.9751871
1.8540840
1.7384893
1.8089839
1.7491272
1.7893851
1.6167026
1.7820290
1.6951745
1.2250006
1.2679263
1.1446179
1.3293727
1.3020654
1.3784648
1.2873058
1.2686727
1.4792281
1.5214827
1.4011887
1.4180353
1.5726786
1.5834698
1.4789410
1.5089674
1.5157547
1.5906887
1.5842957
1.5168214
1.2390050
1.2618616
1.2362325
1.2842692
1.1946359
1.3464170
1.2820173
1.2747778
1.3171056
1.4133299
1.3243489
1.1951343
1.2978494
2.8211925
2.7459714
2.7097578
2.9496013
2.7005971
2.8560056
2.7145291
2.9738481
3.0381201
3.0713084
2.9221348
3.0430765
3.0886756
2.8279864
2.9189115
2.2476039
2.3760500
2.2734707
2.5589867
2.2578410
2.3576999
2.5387096
2.3501250
2.3561170
2.0587877
2.3175033
2.1125981
2.1858467
2.2647881
1.4609401
1.4470801
1.5221643
1.4826953
1.6851668
1.6797343
1.7642436
1.4162338
1.5324920
1.3815328
1.4368488
1.1868665
1.5824186
1.5416609
1.6631321
1.5238709
1.5537589
1.5537536
1.4956800
1.5847718
1.5587674
1.5669425
1.4178607
1.4301689
1.6490218
2.4940966
2.4294071
2.6994152
2.8344475
2.7487503
2.7984999
2.6151200
2.7430073
2.5876686
2.6146623
2.5206496
2.4089696
2.8768890
2.4971214
3.0300248
3.0547672
2.9373153
2.9176340
2.8585428
3.0075877
1.4690916
1.2508077
1.3380054
1.2197971
1.4483311
1.5242886
1.3245004
1.2839436
1.2634667
1.4780261
1.3845435
1.4120222
1.0740882
1.0066289
1.0348745
1.4899690
1.4256360
1.3988475
1.3498456
1.2921516
1.3131175
1.3851395
1.4262349
1.3489833
1.4763966
1.6272461
1.5536114
1.2661044
1.2522714
1.2308875
1.1700489
1.1694986
1.1307467
1.0629436
1.0853698
1.0032921
1.1984973
1.1191355
1.4587056
1.4502169
1.5186763
1.5656505
1.5275748
1.3631835
1.4540947
1.4335127
1.5000817
1.4497512
1.0461451
1.0378855
1.0064270
1.1260706
2.2554687
2.1667311
2.0449645
1.8224939
1.9472313
2.0367948
2.0209989
2.2622194
2.0285401
2.1157563
2.2736395
2.4064309
2.3081040
2.2892178
2.4969340
2.6835678
2.9325866
2.5855398
2.2345800
2.5045455
2.4822603
2.3983563
2.3125124
2.3857144
2.5616451
2.6291944
1.8329069
1.8845529
1.9841071
1.8348814
1.7541108
1.8460299
1.7754568
1.7643617
1.7714461
1.7339080
1.7399617
1.9988794
1.9779258
2.0409530
1.7302436
1.7336201
1.7914329
1.7314536
1.6614553
2.1405003
2.0676080
2.2715486
1.8384155
1.8157072
1.7676300
1.7959535
1.6924605
1.7373011
1.9839258
2.0215071
1.9284833
1.9891263
2.0972664
2.1767571
2.2377117
2.0510274
2.0620236
1.7445246
1.5494917
1.6627527
1.5761052
1.6815316
1.6901755
1.6955804
1.8074362
1.6852435
1.5845024
1.7317308
1.6919749
1.6898779
1.7569076
1.8001076
1.6023674
1.6910942
1.4981780
1.6394100
1.6361661
1.6353312
1.7543087
1.7488360
1.8601304
1.7900075
1.9348489
1.8276048
1.3462891
1.4123615
1.7015561
1.6832933
1.7198747
1.6230807
1.5873066
1.6519721
1.7200338
1.6954679
2.5800419
2.2170959
2.3794946
3.3020959
3.3166093
2.5798476
2.4720412
2.4857500
2.2997929
1.8777854
1.8414776
1.8938226
1.9900703
2.1253929
2.0808579
1.8044893
1.9157069
1.3055988
1.2993854
1.3969259
1.4383107
1.4846431
1.5557824
1.6216676
1.7034120
1.6189535
1.5313761
1.4792306
1.4443645
1.5534430
1.5518385
1.6661731
1.6043648
1.6743647
1.6888166
1.6525425
1.5967266
1.6194542
1.7484108
1.8718074
1.6548965
2.0529063
1.9374664
1.9532243
2.0982239
1.7548374
1.9051290
1.8522998
2.0240314
1.8684718
1.9102773
2.0147512
1.9218615
1.8285370
2.0203861
2.0431400
2.0066957
1.9549821
1.5793711
1.5893859
1.8604458
1.7668141
1.5864525
1.7423913
1.8999439
1.9556500
1.6938534
1.7562141
1.6891694
3.3193749
2.6945267
3.3106143
3.1333587
3.0471215
3.1027206
2.7222215
2.7523040
2.7575642
2.6823384
2.3745108
2.8865379
2.6188457
2.7907412
1.0111045
1.0913205
1.1697939
1.0948401
1.0760091
1.7615079
1.7949569
1.7259789
1.6953573
1.6648088
1.5217577
1.7184605
1.9051219
1.8622720
1.7428295
1.7815106
1.6879463
1.4062938
1.5327941
1.5132126
1.5157372
1.5628071
1.4126708
1.4926819
1.5271624
1.6411906
1.6245632
2.6235399
2.3481020
2.2731566
2.4943413
2.2054183
2.4549647
2.4085153
2.1377360
2.6290902
2.5572563
2.3847275
3.0805951
3.1319404
2.9465023
3.1425461
2.8373600
3.0329225
2.9911557
2.9404474
3.0364995
3.1537360
3.1789694
3.0107720
2.9315022
2.7233195
2.7851175
2.7527040
2.9103862
2.9146867
2.8182082
2.8825462
2.7575903
2.8619474
1.6299696
1.6269083
1.5404849
1.5438913
1.7697080
1.6599679
1.7917886
1.6698435
1.6697640
1.5188457
2.6538848
2.6091384
2.4592614
2.3607085
2.5921955
2.4449580
0.9288398
0.8921060
0.8848082
0.8185960
0.7628294
0.8511176
0.8122096
0.7487172
0.7782294
1.1588175
1.1422062
1.1132155
1.1127724
1.1304641
1.0617618
1.3002353
1.3588009
0.9232689
0.9470507
0.9150642
0.9086318
0.9012660
0.9230870
0.8361396
1.0186439
1.0370927
0.9244601
0.9943505
0.9991195
0.9543417
0.9646132
1.0236422
0.9648372
0.9280704
0.8833787
1.0589010
1.1442440
1.1126884
1.1007398
1.0679333
1.0178419
0.9356076
1.0295692
1.1916308
1.2652704
1.2531081
1.1966076
1.2024147
1.2885528
1.2310782
1.0796271
0.9980685
1.1085500
1.1602679
1.2233540
1.0248258
1.0743710
1.0995157
1.2822921
1.2480703
1.2872903
1.3334356
1.3189804
1.2673998
1.4649113
1.4668240
1.5094921
1.4448420
1.4418086
1.4291402
1.5229284
1.4695349
1.5093006
1.5685378
1.1131562
1.1849479
1.1659660
1.2132903
1.2169758
1.2421972
1.2646769
1.1453629
1.0789779
1.1217231
1.1207349
1.0415423
1.0268590
1.2252057
1.0228412
0.9731113
1.1318840
1.1639411
1.1897191
1.1520925
1.0665034
1.0762321
1.1932610
1.0675614
1.0090876
0.9912350
1.0779462
1.0642328
1.1336961
1.0885381
0.9656449
1.0988702
1.0943347
1.0746806
1.0893395
1.0499623
1.2328510
1.0762156
1.2147669
1.1831376
1.2267978
1.3515040
1.2332125
1.2695164
1.3649806
1.0797472
1.1603922
1.1647029
1.1210442
1.1577306
0.9642844
1.0908428
1.0001157
1.1867727
1.1254155
1.3419217
1.3222168
1.2849955
1.2729874
1.3039075
1.2620826
1.2131636
1.1961383
1.2552512
1.3368489
1.2575627
0.8940777
0.8278571
0.9974670
0.8594441
0.8786967
0.8997161
1.1065663
1.0312037
1.0668591
1.1038282
1.0513386
1.0593616
1.0656314
1.0275524
1.0890687
1.0586083
0.9412185
1.1698818
1.1733241
1.2106523
1.2975886
1.4807412
1.4825250
1.5265488
1.5565448
1.5630264
1.4630672
1.3095681
1.2625657
1.1804998
1.2745735
1.2895903
1.2413507
1.3265829
1.3032457
1.2601737
1.3784455
1.2889480
1.9123361
1.9154396
2.0111467
1.8545566
2.0058646
1.9094016
1.8932718
1.8282481
1.7232295
1.7013101
1.6430047
1.8705826
1.9730680
1.8986725
1.8090265
1.8633723
1.8383208
1.1340318
1.4038756
1.2919177
1.6130520
1.5821122
1.6136615
1.6766245
1.7538606
1.6890062
1.6291989
1.4788817
1.5574845
1.5407931
1.6992513
1.7912329
1.6419096
1.7055842
1.8326155
3.0074568
3.0795064
2.9473216
3.0332496
2.8818468
2.7668364
2.6028484
2.8971787
2.6935167
2.6338668
2.5400564
2.6667930
2.6557356
3.0721757
2.9600854
2.9532715
3.0305458
2.7248105
2.5635743
3.4067849
3.1091038
2.8841507
2.7957842
2.8464717
3.1522196
3.0324656
2.9069031
3.2375927
3.0739481
3.0166452
2.9443758
3.4405094
1.6332054
1.6908904
1.6144281
1.8054380
1.7667713
1.8350682
1.7701324
1.7673798
1.6160949
1.7498207
1.7495162
0.8696207
0.8424488
0.8453060
1.2866156
2.3090172
2.3590894
2.2077343
2.1344963
2.2381552
2.4298471
2.2900823
1.7450982
1.6338757
1.4970489
1.5402452
1.1851463
1.3143166
1.4264156
1.4025114
1.3836080
1.3360445
1.3311689
1.4888861
1.3482281
1.3381747
1.3210618
1.2267209
1.3160226
1.4438118
1.3397589
1.3755841
1.1538785
1.2093405
1.3023944
1.2406283
1.2349331
1.4052708
1.3502607
1.1778378
0.9209160
0.9913288
0.9503431
1.0048365
1.2215284
1.3659370
1.3441911
1.4321702
1.4126223
1.4180422
1.4030174
1.4810163
1.6179610
1.5435550
1.5400021
1.4528381
1.6099430
1.6236374
1.5481700
1.5754017
1.4558494
1.5078777
1.5720214
1.5444103
1.5421315
1.5774454
1.4726071
1.5648724
1.4685037
1.4521214
1.4830093
1.2760809
1.2797744
1.2655952
1.3011058
1.3245703
1.3649658
1.2287982
1.1133236
1.1882255
1.2390356
1.4233095
1.3561769
1.3570346
1.3729647
2.1224590
2.0907473
2.1854749
2.1216857
2.3185792
2.3351688
2.2737187
2.1785389
1.4836133
1.4529897
1.4671969
1.4894111
1.4875800
1.5856327
1.4979895
1.7011963
1.6973776
1.8915813
1.7296420
2.0666537
1.9655023
2.6999732
2.5603780
2.3600427
2.5453495
2.6415717
2.6886824
2.2323646
2.0488741
1.8835777
1.8019749
1.9212971
1.9987433
1.8598777
2.1093205
2.4865589
2.7856205
2.1361417
2.3350685
2.0325453
2.1616758
2.1751769
2.4898845
2.5746121
2.3805805
1.3556891
1.3378338
1.4561867
1.2618073
0.9309660
0.9989132
1.0517027
1.0069292
0.9402756
1.0220261
1.0332033
0.9227251
1.0250139
1.0404030
1.0575328
1.0103671
0.9782978
1.6091957
1.9549485
1.7721851
1.8904026
1.6002712
1.4934425
1.0978814
1.1409886
1.5187255
1.4088914
1.2976437
1.3299943
1.3711698
2.1814918
2.1887066
2.2912044
1.7007166
1.6350437
1.5885072
1.6164010
1.6069595
1.8073064
1.8129680
1.7385777
1.8967588
1.4882796
1.4593739
1.5497124
1.5250537
1.4356598
1.6508990
1.5695158
1.6770204
1.7308030
1.4834168
1.6249096
1.5930593
1.5174075
1.5622451
1.7180083
1.5739362
2.0214671
2.0978609
2.0547662
2.2626294
2.0863310
2.1973723
2.1861901
1.9451363
2.0950733
2.0420351
2.3365128
2.2766694
2.0926446
2.1405099
1.9722760
1.9905475
1.9841798
1.8993214
1.9458988
2.0630754
2.0232106
2.1652397
2.0528123
1.0831221
1.1567478
1.1499301
1.1502071
1.2053332
1.1312978
1.1710091
1.1950378
1.1421593
1.1945749
1.3628147
1.0915681
1.1930092
1.1130864
1.1756349
1.1698584
1.1658645
1.2733523
1.3383580
1.2227342
1.0725572
1.2290424
1.1469296
1.1785142
1.2304481
1.0802344
0.9202532
1.0702259
1.0007186
0.9384544
1.0114483
1.3643011
1.3430806
1.3890003
1.3873161
1.2934076
1.2990465
1.3096701
1.3271382
1.3996588
1.4459510
1.4732790
1.0915364
1.0330823
0.9901050
1.0883837
1.5972796
1.6589665
1.7686884
1.8381348
1.9451657
1.9171495
1.9074291
1.2863351
1.2671774
1.1812520
1.2217434
1.6192091
1.5542296
1.6008062
1.6667029
1.2969143
1.3518669
1.3841326
1.3092840
1.3902209
1.3799700
1.4110955
1.3710374
1.3630403
1.3661787
1.2682172
1.2725978
1.4566370
1.6629032
1.5565305
1.5394688
1.2886059
1.2668286
1.3128337
1.2275636
1.8685533
1.9791303
1.9943779
1.9940629
1.8489190
1.8477178
1.8004016
1.9118262
1.8772450
1.8978848
1.9994153
2.1045261
2.2236992
1.9600310
1.8868707
1.9656019
2.0417361
1.9088635
2.0489094
2.1220620
1.4874977
1.5484938
1.5428079
1.6371067
1.7431082
1.7477478
1.6541808
1.8954536
1.7704304
2.0477704
1.2495375
1.5647956
1.5094762
1.5702838
1.4498934
1.2590198
1.2916730
1.2836459
1.3037028
1.3849398
1.2644515
1.4029791
1.5335075
1.5507643
1.3713781
1.8615376
1.9351478
1.8617317
1.7429658
1.6879551
1.7709662
1.7893676
1.8578623
1.8967255
1.9349374
1.8931476
1.8415083
1.9927277
2.1723280
2.0091084
2.2015628
2.0343809
2.1096495
2.1421178
2.1063557
2.3478828
2.2293843
2.1472047
1.7566542
1.7068438
1.7117004
1.7500933
1.9210011
1.8482858
1.8445149
1.7808781
1.7966982
1.9605252
1.9216749
1.9190142
1.4861161
1.4062293
1.5087069
1.4831942
1.3847533
1.6002049
1.3680657
1.4271374
2.0181531
1.7954935
2.0052216
1.8444633
1.9692138
1.9952393
2.2106225
1.9473695
1.9022445
2.0435886
1.8681095
2.0859023
1.9971616
2.0426147
2.2147141
2.3958116
2.3682544
1.4590089
1.6326196
1.5900394
1.7010286
1.5617223
1.6061823
1.4986579
1.5290577
1.4183482
1.4863755
1.5381961
1.4529450
1.4347768
1.5618925
1.3362431
1.4743031
1.5051565
1.4210454
1.4264056
1.4186918
1.5074138
1.4761998
1.5291151
1.4276543
1.3693845
1.4124030
1.1634260
1.2227513
1.1844513
1.2213145
1.3821744
1.3806606
1.4287230
1.5472160
1.7413687
1.8236621
1.5560154
1.6236839
1.5236230
1.4688857
1.4897829
1.4997829
1.4652503
2.8840248
3.0348782
2.9007298
1.9123134
2.1428984
2.2051917
2.4088621
2.1960810
2.4190759
2.2789341
2.3517423
2.0091450
2.0795684
2.0278696
1.9806987
1.5357690
1.4652442
1.7554467
1.5979867
1.7662798
1.6688737
1.7682630
1.8421910
2.1738066
2.1583421
2.2939702
2.1231192
2.1542387
2.2811657
2.1458244
2.0682517
2.2190714
2.1045449
2.5983457
2.3897758
2.5081055
2.4327340
2.4620884
2.6640117
2.7831048
2.6829079
2.2933528
2.2978349
2.5295135
2.4203897
2.2760712
2.1129080
2.4293669
2.1537305
2.3219908
2.2671451
2.4241424
2.3952068
2.1355831
2.4244584
2.4510885
2.4041673
1.1619140
1.2153246
1.1229520
1.3083208
1.3285449
1.5437915
1.4128818
1.3403381
1.5133898
1.3151304
1.4554031
1.3805145
1.3699846
1.5488825
1.5743632
1.5129980
1.7051413
1.2115827
1.2865116
1.2392573
1.1801085
1.2094876
1.7922031
1.5223736
1.5944256
1.6130823
1.4862677
1.6128638
1.6164543
1.5081187
1.6306147
1.6777231
1.6264000
1.6229047
1.7876057
1.6746558
1.7189135
1.6958817
1.8368104
1.6442978
1.7484629
1.6624775
1.8633729
1.7695442
1.5737820
1.7490866
1.7985998
1.8077422
1.7027947
1.6634353
1.6367852
1.2307589
1.2380904
1.2465401
1.4291743
1.4870124
1.4196325
1.7839137
1.7944441
1.7083689
1.6466612
1.6286334
1.4251945
1.4939705
1.4615392
1.8007032
1.6862243
1.5669737
1.5122949
1.8524768
1.8874767
1.0854055
1.0843515
1.2202063
1.2311259
1.2247281
1.1806443
1.1843258
1.8802796
2.0149903
1.9430165
2.2955230
2.1339110
1.9370838
2.0611261
2.1243638
1.8993553
1.7232736
2.4230701
2.2452379
2.4309004
2.2320362
2.4654213
2.5246499
2.0021474
2.2918951
2.0794813
1.9090684
1.9543090
1.9783622
1.9158434
1.9056307
2.0577527
2.1562447
2.0674553
1.9524013
1.8873849
1.8491277
1.9015065
1.7207205
1.5319736
1.6457947
1.4520733
1.2259632
1.3314561
1.5389551
1.4167556
1.3979285
1.2503887
1.1991064
1.3130810
1.2450544
1.5414704
1.3989254
1.3057945
1.4015744
1.3497647
1.4265028
1.4561597
1.4634191
1.4667087
1.4661741
1.4367629
1.3736093
1.3749834
1.4431912
1.3850523
1.0475797
1.0261116
1.0582216
1.0413612
1.0926583
1.1002299
1.0631585
1.1261000
1.6921395
1.4275513
1.3866171
1.3216061
1.4203807
1.9773951
1.8084975
1.9487731
2.0629430
2.0765720
1.8528034
1.7970384
1.7946916
1.8078766
1.8762075
1.9346509
2.1411740
2.1108247
1.9385840
1.8682405
2.0271915
1.7890283
1.9064701
2.0454244
2.0525933
1.7649859
1.5557045
1.6550597
1.6423052
1.5997827
1.3483006
1.3008858
1.6539272
1.5979573
1.6687331
1.7437307
1.7304400
1.2318598
1.2303182
1.3456485
1.3734871
1.3493854
1.2078972
1.3521613
1.3605764
1.3321702
1.3438464
1.4120735
1.4341092
1.4162796
1.4512751
1.4664422
1.5567282
1.5958550
1.5705772
1.7042923
1.7562007
1.6846585
1.5619043
1.5927650
1.7130140
1.6944418
1.7941729
1.7819944
1.7383330
1.5540456
1.2631533
1.2474367
1.3347460
1.3643618
1.3819897
1.3020475
1.8001090
1.7388718
1.7503583
1.7338229
1.6578207
1.5528574
1.6770185
1.7608651
1.6808775
1.5654320
1.5774141
1.6544090
1.7313434
1.7964208
1.7166942
1.6581525
1.9759566
1.8959885
1.8261220
2.1959930
1.8820202
1.9210616
2.0003088
2.0998639
1.9563363
2.0737822
1.8121246
1.8336175
1.9389138
1.7986855
1.8708106
1.8045283
2.0590198
1.2881052
1.3199270
1.3521392
1.2669218
1.2186908
1.1602465
1.2563131
1.2780240
1.0619472
1.2115715
1.1872264
1.1587238
1.4446687
1.4045511
1.3349197
1.5095110
2.3027089
2.1450712
2.2514088
2.2992460
2.3440124
0.9839899
0.9928322
0.9920043
1.0646838
2.3237453
2.7042816
2.6050673
2.5175172
2.7000939
2.8266539
2.8533600
2.7661495
2.7628575
1.7145482
1.7482116
1.8846881
1.8783681
1.7518496
1.5097699
1.4739125
1.6930825
1.6533498
1.6170482
1.8951834
1.8688260
1.8199573
1.8465194
1.0724319
1.2672252
1.3251448
1.1481390
1.1588540
1.1507622
1.2133966
1.2428744
1.2902265
1.3044341
1.7914511
1.7131778
1.6485489
1.5567545
1.6435348
1.5030983
1.5301043
1.5760251
1.4109168
1.4055400
1.3687311
1.3312291
1.6099469
1.5680189
1.6362357
1.4146867
1.4891813
1.4229994
1.4225900
1.4597407
1.4778766
1.5077810
1.5504305
1.6423431
1.3243238
1.4658222
1.4281962
1.2669158
1.3152480
1.3289016
1.3199953
1.3040180
2.0516103
1.9728821
2.0835889
1.8874502
1.9237078
1.9841979
1.9703012
1.9092902
2.2570945
1.9677252
2.3138405
1.9028815
2.1139037
1.9815809
2.1122491
2.1049144
2.1922793
1.8149370
1.6970883
1.9297506
2.0213588
1.8606699
2.5451671
2.5246310
2.6953863
2.5448297
2.4617382
2.2886803
2.5699405
2.2891723
2.5003490
2.4830568
2.3342413
1.7441875
1.8303527
1.9078365
2.4348313
2.5202536
2.4125308
2.4766518
2.6521158
2.5220318
2.6896788
2.7590766
2.7292139
2.8379055
2.2491786
1.5946554
1.6726373
1.1562991
1.1893969
1.2605232
1.6558439
1.5478675
1.5592661
1.4517153
1.5850111
1.4553429
1.4926908
1.1839508
0.9154049
0.9502544
0.9205294
0.9716032
1.0080388
1.0201342
0.9813508
1.0811963
0.9345882
0.9754336
0.9770658
1.1807069
1.1458125
1.2402641
1.1821997
1.3673201
1.1627842
1.2553656
1.4758213
1.3478845
1.4386415
1.6352851
1.5252507
1.6058799
1.5662689
1.6065619
2.0875873
1.9003991
1.9990655
2.0329812
2.1279540
2.0290033
2.0568141
2.0585482
1.8011536
1.8812582
1.8020632
1.7590212
1.7596489
1.6716091
1.5985123
1.6089358
1.4644932
1.5686314
1.5143128
1.5069343
1.5482194
1.6706416
1.9097053
1.6610129
1.6822315
1.8183648
2.9087471
2.4327146
2.3523094
2.2434113
2.3325193
2.5554758
2.4864780
2.5479300
2.7517420
2.5615157
2.5527722
2.6022066
2.5643010
2.3548169
2.5441529
2.5361542
2.5772748
2.2673275
2.2736734
2.4165053
2.5170122
2.5384337
2.6356054
2.6926596
2.8762404
2.6565586
2.5389271
2.6086140
2.8309218
2.7889433
2.9037631
2.9399492
2.7419300
2.5489558
2.3866880
2.6653399
2.7514530
2.7333034
2.7019859
2.8225247
2.0573357
2.0703926
2.0012863
2.1093646
2.0819954
2.2145452
2.0732970
1.8500932
2.0824007
1.9813946
2.0201225
1.8833595
1.9732063
1.9840911
1.9034444
1.8103435
2.0630701
1.9991882
1.9538735
1.9159739
1.8997727
2.5050268
2.6144046
2.4590066
2.4321597
2.5102692
2.2958326
2.3900208
2.5543033
1.6975160
1.6409510
1.7313156
2.4104174
2.4203162
2.3748813
2.4190552
2.2607366
2.6171750
2.1260093
2.3017067
2.4256809
2.3783881
2.4072617
2.5308107
1.9143603
2.1046913
2.0656247
2.1371075
2.3563372
2.3098009
2.1649832
2.1135813
2.0346082
1.9394959
1.9396753
1.8533533
2.1068200
2.1875725
2.3770552
1.8722199
2.1800612
2.2584369
2.3921958
2.1790101
2.1507171
2.0538523
2.1191629
2.1288935
1.9550255
2.0137975
1.8673943
1.8623928
1.9728567
1.9691253
1.7612258
1.6744045
1.6102658
1.6176247
1.8141867
1.8469884
2.1384305
2.0084700
2.0202501
2.0356560
1.9307041
1.8155305
1.9168213
1.9542495
1.9509748
1.9084652
1.9245811
1.7677370
1.6941938
1.9201378
1.6920365
1.7876395
1.9063840
1.6952195
1.8498582
1.8238245
2.2226018
2.2702766
2.3690297
2.3262969
2.1616368
1.9930095
2.1013155
1.9595303
1.9734879
2.0868401
2.0264449
2.2161023
1.8662411
2.0262387
1.8061544
2.2140145
1.8748046
1.7446740
1.9545384
1.8936397
1.9082761
2.5660294
2.6256811
2.6804118
1.6143375
1.7142261
1.6764833
1.6170195
1.6155302
1.6466373
1.6402853
1.5605001
1.6426436
1.5214762
1.6525411
1.6246571
1.7971761
1.8110470
1.6766990
1.7888831
1.7385130
1.6299103
1.6467774
1.5616316
1.7920344
1.9152685
1.6257078
1.6941808
1.2751592
1.2501133
1.0779068
1.1811997
1.4835410
1.3980320
1.4441322
1.3860114
1.3787680
1.1162869
1.1274460
1.0502513
1.1651446
1.1974998
1.0721136
1.2297349
1.1777468
1.0909724
1.0456956
1.1130837
1.0087292
1.0496004
0.9069559
0.9285957
0.9916702
1.0243865
0.9128275
0.9453256
0.9866502
1.4208086
1.8218236
1.8551727
1.7444582
1.7825182
1.9433406
1.7366828
1.8984997
1.8631145
1.8188888
1.7950830
1.8255675
1.7845673
1.8104202
1.9700410
1.6221076
1.5714432
1.5421551
1.5321543
1.4306120
1.5651313
1.7954317
1.6472696
1.6538125
2.2004774
1.9810732
2.0158700
2.1117658
1.9996077
1.9653693
1.8562344
1.9305370
1.9093776
1.8899435
1.5949219
1.6318823
1.7009819
1.5636186
1.5172100
1.3800188
1.5248637
1.4382269
1.5248218
1.6451025
1.6807330
1.6711034
1.5914588
1.4903162
1.4663084
1.5457826
1.6751532
1.5477577
1.5090998
1.5080051
1.4273293
1.5200426
1.5925172
1.6113388
1.6124791
1.4692102
2.6749627
2.5146655
2.5242331
2.6046508
2.7535159
2.4084384
2.3406853
2.4359085
2.5604763
2.3792073
2.5361876
2.7355223
2.5311483
2.5080502
2.4852937
2.0934798
2.1878276
1.7700375
1.8085121
1.7099328
1.9307989
1.9429726
1.4781447
1.5920371
1.4651606
1.7865222
1.6916463
1.5402870
1.4829001
1.5183317
1.5886354
1.5486453
1.4885042
1.6457131
1.6019037
1.5076700
1.7240274
1.8763468
2.0762792
1.7203159
1.6689151
1.5542798
1.6064297
1.5401893
1.5046404
1.5225561
1.3831432
1.4171847
1.6567951
1.5659638
1.6770660
1.4627809
1.6048809
1.3075989
1.6931520
1.7330660
1.7419773
1.5927208
1.7429021
1.7938141
1.7653955
1.9352119
2.0092200
1.8602135
1.8355846
1.3463296
1.3571370
1.4931947
1.3393677
1.4604433
1.3717837
1.4502819
1.5661053
1.6709245
1.4530778
1.4628636
1.4778940
1.5270293
1.4576868
1.4762659
1.4540453
1.6695838
1.5392652
1.7372124
1.8837862
1.8401759
1.9937327
1.8684809
1.9259682
2.6094620
2.7195573
2.7916854
2.7274910
2.7606265
2.7018890
2.6792083
2.7967865
2.9275868
2.9493010
2.7820136
3.4935482
3.0762101
2.9101287
2.7056800
2.7501062
2.6087485
3.2350274
3.2551707
3.2995512
3.0546562
3.0576164
2.1946403
2.2618311
2.9634550
3.0016435
2.7928475
2.8699932
2.7327181
2.9325014
2.8836489
3.0696510
2.7299143
3.0264621
3.0165870
3.2275463
3.1428904
2.9256767
3.0334152
2.5254091
1.7780722
1.7526045
1.6128477
1.6776640
1.8414722
1.8518825
1.7650835
1.7175264
1.7239587
1.6598572
1.7115129
1.7999787
1.6670286
2.2727018
2.3672180
2.2148742
2.1962450
2.1948556
2.2699905
2.6401687
2.5498545
2.1229503
2.2105480
2.1633884
2.3279975
2.5307328
2.5013025
2.2919110
2.0802212
2.0584639
2.0109914
2.4388838
2.5017708
2.3355128
2.2444997
2.4118873
2.3113576
2.5504834
2.3491325
2.4387456
2.2589730
2.2780398
2.1517128
2.0929732
2.0556285
1.8878090
1.9178187
1.9291924
2.0224193
2.0728052
2.0432103
2.2297861
2.0249210
1.9557841
2.2085949
2.5579696
2.5906812
2.4316612
2.4002879
2.2867816
2.6236791
2.4311831
2.5097846
2.3347574
2.3991702
2.2055701
2.0367242
2.1296916
1.8685263
2.2776885
2.1789188
2.2796655
2.3713118
2.0913778
2.0805661
2.0459623
2.2307248
2.2213082
2.1812406
2.1129167
2.2056015
2.3181011
2.3431876
2.4090901
1.9818714
2.0858713
2.2166910
2.1302423
2.0084158
2.0404932
2.1055311
2.3992895
1.3025766
1.1702355
1.2365381
1.2330421
1.2551130
1.3265038
1.3467760
1.3321877
1.4725673
1.4264819
1.4715121
1.5372070
1.5081805
1.4034348
1.3334238
1.3693098
1.4218970
1.2420495
1.2573603
1.6129497
1.7003020
1.6071488
1.6673814
1.6000293
1.5919320
1.7188023
1.5186775
1.7336451
1.8072658
1.7633164
1.6892976
1.8026283
1.6977579
1.5809845
1.6479256
1.8791582
1.5235721
1.7986477
1.6360520
1.4889295
1.4800039
1.5396260
1.5387019
1.5639489
1.5639940
1.7148621
1.6500077
1.5962196
1.6594796
1.7922046
1.7998411
1.6898840
1.9151514
2.2447138
2.0338378
2.1180175
2.1325929
1.9084707
1.9580476
1.9881319
1.8684662
1.8598687
2.1154251
2.0784397
1.6227189
2.0423532
2.0993467
2.5277933
2.5241802
2.3102187
2.3158829
2.4455909
2.9905358
3.3324682
3.1412595
2.5833573
2.6900576
2.4263153
2.5754543
2.5431026
2.5880356
1.8230055
1.8795813
2.8990876
2.8003110
2.7591095
2.8180267
2.4677642
2.6981249
2.4724830
2.4133438
1.8085414
1.7658866
1.6127720
1.6589128
1.5569270
1.6298520
1.5861336
1.6087821
1.5741672
1.5300485
1.5291398
1.5861122
1.7475956
1.7566088
1.6802033
1.7459072
1.6939136
1.7381611
1.6782129
1.7154614
1.7021321
1.5287353
1.5055165
1.6802998
1.6487999
1.7507832
1.7011649
1.6866920
1.6720032
1.7263118
1.6522768
1.7481372
1.9053271
1.7812313
1.8282377
1.8129174
1.9170881
1.8143827
2.0099726
1.9564870
1.8721227
1.7985744
1.7228502
1.4653831
1.8956729
1.8729407
1.7543199
1.6541220
1.5781350
1.7671967
1.7645532
1.8824243
1.6991351
1.7160828
2.0796983
1.8913666
1.8241823
2.0516415
1.7978051
1.8837782
2.0571627
2.0971897
3.0185462
2.7104124
3.1650915
3.2598737
3.1572752
3.2202436
2.8271245
2.3656386
2.3502781
2.3308695
2.3540198
2.4760790
2.2889412
2.6239509
2.6159399
2.6097347
1.8975408
1.7300661
1.7347601
1.7488020
2.0268526
2.0847388
1.8446293
1.8004660
1.8170394
1.8669773
1.6909695
1.8486384
1.6938254
1.9111402
1.8958995
2.1226045
1.7382703
2.0147104
2.0621006
2.1195698
2.1913759
1.8573510
2.0542649
2.1419361
1.7196566
1.7047944
1.5729149
1.6285217
1.6908024
1.5191862
1.7652733
1.7141957
1.8360713
1.9597578
1.8051502
1.9469230
2.0639310
1.8556625
1.8412624
1.6470527
1.5395323
1.7580699
1.7782775
1.6943492
1.6981836
1.8008192
1.8281197
1.7272046
1.8493010
1.7381690
1.8455078
1.8975502
1.9293619
1.9654119
1.6029056
1.6629940
1.6166897
1.6342156
2.2632995
2.2989523
2.0698938
2.4587085
2.2441941
2.4223630
2.3567837
1.9238573
1.8303644
1.9012858
1.9601782
1.9139204
1.9264238
2.0042274
1.8751885
1.5504913
1.6685968
1.7616245
1.7823497
1.6444938
1.8875507
1.7573149
1.1426269
1.2595922
1.0878093
1.1199749
1.0987400
1.2336322
0.9546317
0.9757155
1.0098116
1.0073405
1.0195593
0.9032185
1.4109052
1.3633877
1.4130981
1.3357392
1.2662081
1.2881731
1.1169062
1.1903921
1.3937371
1.3583857
1.5933882
1.5782573
1.4965934
1.4898057
1.5491658
1.5150550
1.3029796
1.4304484
1.4409850
1.4588984
1.4356538
1.4502899
1.4162482
1.9437567
1.9225867
2.0362284
2.0946485
1.9426602
2.2034329
1.9975987
2.0982432
2.0835206
2.1863412
1.9236714
1.6302487
1.5108072
1.7506998
1.7186323
1.7404955
1.3048243
1.3317230
1.4346064
1.6795027
1.6118893
1.7511518
1.7572278
1.4425535
1.3756613
1.3907679
1.4239983
1.3782062
1.4158046
1.4124108
1.7918034
1.7378119
1.7780492
1.8321693
1.7647562
3.0687666
3.1937051
3.2715135
3.4702865
2.4262154
2.3253758
2.3109998
2.5529690
2.2948476
2.3163719
2.4906053
2.4331143
2.2451628
2.2548651
2.4202930
2.1247958
2.2591000
1.2042309
1.7300409
1.5479931
1.7474664
1.7643060
1.8243384
1.7232879
1.7399704
1.6415233
1.7330785
1.9143190
1.9423066
1.9009585
1.4606138
1.5952004
1.4053528
1.5630540
1.8546296
1.8629924
1.8207094
1.4915265
1.4992677
2.2162432
2.4911656
2.3879724
2.0264590
2.2061942
2.1474793
1.9930260
2.0389140
2.1392789
2.2296308
2.0513306
1.9388572
2.3328329
2.2409693
2.7298994
2.9460039
2.7963969
2.8277759
2.6892346
2.6914596
2.7167890
2.7683075
2.1992360
2.5173543
2.3820446
1.2071412
1.3976622
1.2807146
1.3340656
1.3892964
1.9734884
2.0306123
1.9186000
2.0348289
2.0773462
1.9162503
1.8686437
1.9195122
1.7363555
2.0243729
2.0987636
2.0625874
2.0926850
2.0800848
2.1415477
2.0358458
2.0382071
2.1309198
2.7073041
2.6572294
2.9532820
2.8487731
2.9668388
3.0549709
2.9694422
2.8237770
2.8062514
2.7359508
1.6508535
1.7496727
1.6616327
1.6323549
1.6855096
1.7039088
1.5761535
1.6840052
1.6952971
0.7633694
0.8333783
1.2013364
1.1188445
1.2128194
1.1793447
1.1663459
1.2209805
1.3437066
1.1664156
1.1216684
1.1252269
1.1019467
1.2473541
1.2048026
1.2032361
1.3283737
1.3539339
1.3057483
1.3346661
1.3175653
1.3254858
1.1835723
1.2891321
1.3284345
1.2116328
1.2097131
1.3105590
0.9433957
0.9574751
0.9538972
1.1326412
0.8445017
0.8594738
0.8982334
0.8979256
0.8507104
1.2775221
1.2694348
1.3940357
1.2075682
1.3396291
1.3076488
1.4090912
1.1951388
1.4967858
1.5404403
1.7206522
1.7654926
1.6617342
1.6633416
1.6940427
1.5981639
1.2768042
1.2598499
1.2497871
1.3503781
1.3895697
1.4140251
1.4385561
1.4678741
1.2659773
1.4180648
1.1018721
1.2584754
1.0719762
1.2173198
1.2408908
1.2081734
1.1235181
1.3541765
1.3108877
1.2947135
1.2778001
1.2780101
1.6854514
1.7183493
1.9118198
1.0527698
1.0923068
1.1987373
1.0778781
1.1497852
1.0624554
1.0462475
1.1259224
1.7586237
1.6604314
1.5569694
1.5864548
1.4547483
1.5078101
1.5210412
1.4020466
1.4433411
1.5293253
1.0706296
1.0538320
1.1682413
1.0905408
1.0950000
1.0907237
2.1874894
2.2687459
2.3072961
1.9526635
1.9900440
2.1005364
1.9888100
1.8207064
1.1121142
1.1054029
1.1397896
1.0622182
1.1404142
1.6290871
1.6582740
1.7026011
1.7765368
1.6603824
1.6026736
1.6768389
1.6324807
1.4310853
1.3815817
1.5744396
1.1873026
1.1886989
1.2187961
1.2059789
1.2498671
1.1526514
1.1369665
1.1324429
1.2215118
1.1980894
1.2084938
1.7572766
1.7590555
1.7510404
0.8416500
0.8047421
0.9165056
0.8096924
0.8283205
0.8673419
0.8965070
0.9281575
0.7802884
1.2977684
1.1441899
1.1622859
1.1050244
1.6546384
1.8811169
1.5170777
1.8663670
1.8709560
1.6209421
1.5838856
1.8326986
1.2913716
1.4502476
1.2893169
1.2546624
1.3673431
1.4855805
1.4585256
1.4175939
1.3770906
1.4014977
1.4313965
1.3059078
1.5804314
1.5664920
1.5557270
1.4776880
1.5579181
1.3841319
2.0327908
1.9073283
1.9129077
1.2578970
1.2920894
1.3280835
1.2440359
1.3450688
1.3034174
1.2812407
1.3659719
1.3660202
1.3174632
1.2526318
1.2192473
1.8106377
1.7919911
1.7612456
1.9116469
2.0480166
1.8645712
1.9184761
2.0466803
2.2106951
1.8809394
1.9117362
1.9999989
2.0566751
1.8609804
1.9046057
1.9657355
2.0265258
1.8144587
1.7442256
1.8052753
0.9269769
0.9631207
1.0258317
0.9666958
0.9834938
0.9933257
0.8488367
0.9004793
0.8990066
0.8921981
0.9039838
0.9426427
0.9946851
1.0436731
0.9969955
1.0969949
1.0934135
1.0712852
1.0335684
1.1456031
0.8928764
1.1503515
1.1871275
1.0605084
1.0980831
1.1002418
1.0334750
1.0996405
1.0433367
1.0369234
1.0184710
1.0705152
1.0916233
1.0308168
0.9704836
1.4915982
1.5197614
1.4817636
1.4043596
1.4586603
1.4350635
1.5026902
1.5059482
1.3655294
1.3577637
1.2808380
1.4390740
1.5024692
1.3861331
1.5327264
1.5023725
1.7581043
1.6996194
1.5764675
1.8282032
1.8221247
1.4696337
1.4574696
1.4272228
1.6831688
1.4834305
1.4651047
1.4275220
1.4319102
1.3409414
1.8590021
1.8038821
1.9005027
1.8283333
1.9114170
1.9455532
1.9649520
2.0114048
1.9567477
1.8778565
2.0515057
1.9856905
1.9296972
1.9519694
2.0570222
1.8556140
2.0392883
1.8216755
1.8667330
1.9225607
1.6656136
1.7827141
1.7496615
1.6354982
1.7440539
1.7870352
1.7756906
1.7259404
1.6595046
1.5746738
1.6588854
1.6613469
1.6743986
1.6738071
2.0406604
2.1077772
2.0255692
2.2021230
2.2279865
2.1350568
2.0305010
2.1010932
2.0675467
2.1447452
2.0178015
2.1204602
2.1013099
2.1399160
1.9995060
1.8923538
2.1225948
2.0574016
2.1809172
2.0867401
2.0771184
2.2139683
2.0897273
2.0018103
2.0223198
2.1677425
2.0257649
2.0449559
2.1992404
2.6384395
2.8632262
2.7268983
2.6835102
2.7533592
2.7659824
2.8813492
2.8144224
2.6771597
3.0648568
2.9032133
2.7797748
2.9815558
2.8876246
2.9196951
3.0267492
2.8047713
2.7467867
2.6799030
2.9606073
2.9412162
2.9894446
2.9575840
3.1814054
2.9654944
3.0050110
3.0691519
2.2764124
2.3131118
2.1371506
2.4451338
2.3147132
2.2778482
1.9548346
2.0221219
2.0692970
1.8836342
2.0077453
2.6469801
2.8750257
2.4937839
2.4935676
2.5072924
2.0402382
2.1012125
2.0312393
2.1688115
1.9801983
2.1851821
2.1507442
2.2812661
2.0823911
1.7720367
2.0857579
2.0211171
1.9679558
2.0449098
2.0686120
2.0306876
2.1738424
2.1508093
1.2709736
1.4422386
1.3254942
1.3070199
1.3108566
1.6226836
2.6482029
2.4386174
2.5176962
2.3981558
2.4795293
2.4793297
2.1552582
2.3516114
1.8736941
1.8856200
1.7822188
1.7821010
1.7775664
1.7727728
1.8315505
1.9080388
2.1422321
2.0766423
2.0573711
1.9649117
2.2205136
2.2179892
1.9930058
1.8392391
1.8171953
1.8816386
1.9181899
1.9887123
1.9989021
1.9407172
1.6793038
1.5687121
1.6008893
1.5826425
1.4990584
1.3759245
1.3562406
1.3734025
1.3768165
1.4589210
1.4997178
1.4723347
1.6414141
1.7779545
1.3895069
1.4306613
1.5211299
1.4721456
1.4634312
1.6483650
1.7085154
1.5486459
1.4599017
1.1122763
1.0044195
1.0274465
1.6671375
1.6501664
1.6950435
1.5460239
1.5828908
1.5360298
1.5407315
1.1753527
1.2042628
1.1685047
1.3501941
1.4727689
1.4605565
1.5208846
1.5054843
1.5254596
1.3729534
1.8064485
1.7312294
1.8467411
1.6329068
1.5929714
1.6861183
1.5111743
1.5502141
1.6562630
1.7420352
1.8541535
1.3748884
1.3390999
1.3485472
1.3496057
1.3972955
1.4103405
1.2052925
1.3823348
1.2987158
1.2070300
1.2514437
1.2502909
1.2276089
1.2439665
1.4158449
1.4208063
1.2133610
1.3041084
1.2718809
1.5092428
1.3753300
1.3696664
1.4041322
1.4746987
1.5068078
1.5838361
1.4452820
1.4564912
0.9738318
1.2385061
1.2884619
1.3961367
1.3067365
1.2195648
1.4014329
1.2135219
1.2801831
1.3267666
1.2648495
1.2195519
1.2658625
1.2150557
1.3207049
1.2516725
1.2573836
1.4022226
1.3673881
1.3958300
1.3790841
1.4053729
1.4434539
1.4836994
1.2760961
1.1351269
1.0585511
1.0594678
1.6156434
1.6011634
0.9892780
0.9707096
0.9514386
0.9444086
0.9339974
0.7674130
0.7834205
0.7582508
0.7702879
0.8056255
2.2360282
2.1591629
2.3221630
2.3699428
2.3163474
1.8904800
1.9432989
1.7221849
1.8194763
1.9238555
1.8435981
1.7722134
1.6075052
1.7252025
1.7545684
1.5804202
1.5961879
1.5458959
1.6193211
1.4957148
1.5189196
1.5578563
1.5068890
1.7138969
1.8866912
1.8046606
1.8093036
1.8089699
2.0320859
1.9183961
1.9438388
2.0322077
2.0441336
1.9132836
1.9536107
1.8991414
1.9506641
1.7745737
2.1501176
1.6555828
1.5482245
1.6515489
1.5874227
1.2964177
1.3197619
1.2670450
1.3127682
1.2350697
1.9183776
1.9504720
1.8141251
1.8184742
1.7900895
1.8193211
1.6383773
1.4165716
1.2122051
1.5054926
1.6949321
1.6881393
1.7015111
1.6407675
1.5389367
1.6801708
1.7029769
1.5259569
1.6535866
1.4325696
1.4322940
1.5412175
1.5518280
1.6833320
1.6469282
1.7466302
1.5869654
1.6344772
1.7340714
1.8103896
1.3487305
1.4137886
1.2697925
1.3113995
1.3008783
1.3794108
1.2667541
1.3136807
1.0971313
1.2892282
1.3744348
1.4073358
1.3675796
1.3960668
1.2026151
1.2552840
1.1808822
1.1173368
0.9329141
0.9306557
1.1394468
1.0718360
1.1276392
1.0100448
0.9895533
1.0496788
0.9985184
0.8921409
0.9331724
0.9283930
0.9154298
0.9715017
1.0431735
0.8978632
0.8441247
0.8976237
0.8949656
0.9726028
1.0144831
1.0106164
0.9542247
0.9201119
0.9695879
1.1130893
0.9593532
0.9573136
1.0330489
0.9815881
0.9381286
1.1206683
1.0184046
1.0990900
1.1648088
1.0078261
1.1284148
1.1694601
1.0599450
0.9442856
0.9282024
0.9556407
0.9262666
0.8973763
0.9555894
0.9093307
0.9516391
0.7925466
0.7930660
0.8591277
1.1147398
1.2239304
1.2114997
1.2342086
1.1867434
1.8039537
2.0841062
1.8551274
1.9545976
2.0362996
1.8767529
2.0716499
2.1290582
2.0879536
1.9356987
2.1014414
2.0814204
2.0259058
2.3622127
2.3336582
2.4275880
1.9980779
2.0999614
1.9042862
2.2968163
2.0570943
1.9852989
2.1034384
2.0558972
1.9891437
2.0423643
2.1795069
2.3805616
2.2157104
1.0093114
0.9864887
0.9580540
1.4934609
0.9769795
1.0767485
0.9605776
0.9168413
0.8552247
0.9356119
0.9628491
1.1073196
1.0537256
1.0767822
1.3046491
1.0431860
0.9800442
0.8925125
1.0034109
1.1092700
1.1402162
1.1297883
1.0986488
1.1019340
1.1063459
1.2194333
1.1056228
1.0825588
1.1395675
1.1156608
1.0737147
1.1507865
1.1189886
1.0705245
1.6119773
1.6809199
1.7577539
1.6944077
1.7857832
1.5132310
1.8649276
1.9492946
1.4867251
1.6980757
1.7821055
1.7752159
1.8349857
1.6701411
1.6725377
1.6316900
1.5997280
1.5215782
1.7757031
1.7267012
1.1917621
1.2315857
1.1526694
1.2128624
1.2525647
1.8216884
1.9184144
1.9079084
1.9557273
1.7432685
1.8297281
1.8071371
1.8062600
1.8972191
1.9437418
1.9486108
1.8452642
1.8566071
1.5788199
1.7382646
1.6488164
1.6758670
1.7712779
1.5712995
1.6385566
1.5421226
1.6408753
1.5270047
1.5730854
1.5339159
1.4488557
1.3594143
1.2636720
1.3040124
1.2966775
1.3080262
1.3684786
1.2135173
1.2878866
1.2050835
1.1982692
1.2340700
1.2101892
1.3101594
1.1441046
1.1842765
1.0632462
1.0637036
1.3289614
1.1362717
1.0580143
1.2940621
1.2594121
1.6187025
1.7312831
1.7203692
1.4702298
1.4404722
1.4184521
1.5667027
1.6045070
1.5668901
1.2765785
1.0042671
1.0284039
1.0275842
1.1959712
1.1286556
1.1517437
1.2878432
1.5022524
1.4310530
1.4177151
1.4586379
1.2800027
1.2789907
1.3862939
1.4910363
1.3843576
1.2449571
1.3093842
1.2942725
1.2966576
1.2386988
1.2859249
0.8203207
0.8677902
0.7606458
0.8302824
0.8064424
0.9080205
0.8920459
1.0467868
0.9975488
1.0352507
1.2951169
1.2143430
1.1802627
1.1372845
1.1822266
1.1896504
1.1213178
1.2030455
1.1900977
1.1730534
1.1064817
0.8313932
0.7977797
0.7360636
0.8387377
0.8065481
0.8590391
1.0577949
1.0170851
1.0220529
1.0406335
1.0881668
2.2675230
2.1907230
2.4438703
2.5555874
2.4537087
2.0933939
2.3294557
2.0600882
2.0358453
2.0305744
1.9716316
2.0281360
2.2009941
2.0588508
2.1388773
2.0652067
2.0583772
2.1039745
2.3883204
2.3337725
2.3586729
2.3679858
1.3058851
1.1899053
1.0107631
1.1238108
0.9393398
1.1712058
1.0769840
1.0949891
1.0693352
0.9822977
1.0633691
1.0143688
1.2508647
1.0799807
1.0357964
1.2153214
1.3669654
1.2040262
1.1846766
1.1490231
1.0879467
1.2351505
1.0930081
1.1015871
1.1981598
1.1163682
1.2099639
1.1655736
1.2125507
1.5189743
1.3925472
1.3782430
1.4574307
1.4074335
1.1968822
1.3106795
1.2803622
1.3633863
1.3244110
1.4811855
1.2278068
1.3040266
1.2644623
1.2992721
1.3839367
1.3417689
1.2214300
1.3876098
1.4704926
1.9671685
1.9850819
1.8490670
1.7620246
1.6983488
1.8158474
1.5750873
1.6541496
1.6320288
1.5674632
1.5993979
1.6351531
1.6897511
1.5464196
1.5465464
1.6080158
1.5441828
1.6188750
1.6393754
1.6539883
1.5129873
1.6560660
1.5160414
1.4450464
1.5474230
1.4011894
1.3906511
1.5304911
1.4037120
1.4987905
1.3234771
1.1965717
1.3128591
1.5673776
1.5287720
1.5261251
1.7994420
1.2558087
1.1721671
1.2026834
1.2134309
1.2934580
1.3244460
1.0976177
1.1488720
1.0923526
1.0580602
1.1200936
1.1312253
2.0671391
2.0405662
1.9756652
2.0706087
2.0913656
1.9080146
1.9515668
1.9152129
2.1907429
2.1115659
1.9975976
1.2206799
1.2263787
1.4701406
1.4776301
1.4719820
1.7571604
1.7327306
1.8840469
1.8867573
1.7260775
1.8695467
1.8965902
1.6168494
1.7982091
1.7905779
1.6009617
1.7780196
1.6561197
1.5884873
1.3783750
1.2990291
1.3516244
1.4174865
1.4338707
1.2848428
1.3763051
1.4715039
1.7259759
1.6056589
1.8178033
1.7605723
1.7407259
1.8848976
1.7713211
1.8103776
1.8918013
1.7259756
1.7167606
1.7120719
1.7008659
1.8003699
1.6671014
1.7783632
1.5445140
1.7857091
1.8544653
1.7214254
1.6298814
1.4688380
1.5422100
1.5488586
2.0148793
1.8982450
1.8565948
1.8897412
1.8141882
1.9168661
1.8321108
1.9514229
1.9255019
1.8918151
1.9518222
1.8111029
2.2908932
2.4388795
2.3738374
2.3782248
2.3785900
2.4767327
2.3900035
2.6182273
2.6272553
2.4791731
2.3710622
2.1907073
1.8245135
1.8275454
2.0379731
2.0392717
2.0214131
2.0305268
2.0025706
1.8763259
3.2477620
3.1188361
3.2195364
3.1664634
3.4923487
3.6422059
2.9367573
2.9571793
2.9333263
2.9306047
2.9999879
2.7833435
2.1872063
2.3373573
2.2016297
2.4720044
2.3747668
2.6206597
2.5198543
2.6201743
2.4531767
2.3656304
2.4136537
2.6156925
2.7072464
2.5872825
2.3578220
2.6433077
2.4020076
2.5532571
2.2709359
2.2644999
2.2675844
2.1199743
1.0433932
1.1013036
1.0781374
1.0109240
1.8448287
1.8377096
1.6776451
1.6402389
1.5580017
1.5260077
1.7745366
1.7022292
1.7710802
1.8342034
1.7898190
1.7516375
1.7075944
1.8408623
1.6816558
1.7678902
1.7082866
1.7787659
1.7777392
1.8106350
1.8362482
1.9359023
1.6991900
1.6263509
1.7626538
1.7681187
1.6670885
1.7672848
1.7037850
1.4308300
1.3653763
1.5612600
1.3236633
1.2782492
1.3372230
1.3366915
1.3632600
1.4366858
1.4139326
1.4022217
1.2710807
1.2521505
1.1752391
1.7193105
1.7909998
1.7331827
1.6237222
1.8979323
1.8816464
2.2029319
1.7502585
1.9032123
1.8206656
1.9077056
2.0611452
2.0881629
2.0311490
1.5957457
1.4958998
1.9841885
1.9083352
1.9933416
1.9024033
1.8925806
2.0039149
2.0201037
1.8961992
1.8334551
1.8628527
1.8353500
1.9163331
2.1016207
2.0348279
1.4272444
1.7614212
1.6536915
1.6404319
1.4856092
1.6058731
1.7626574
1.7112940
1.6261031
1.6478201
1.3268564
1.3693689
1.3954708
1.4671855
1.4172481
1.4261739
1.3855220
1.3622970
1.2736702
1.2569375
1.2993026
1.1946905
1.1719982
1.1744864
1.1714973
1.1976332
1.5141823
1.2719147
1.4611248
1.4387675
1.3737257
1.2387528
1.4269983
1.2922047
1.2905922
1.3559905
1.2288535
1.1408118
1.5703835
1.4431317
1.5184429
1.5844531
1.5068662
1.5253501
1.6542726
1.5374854
1.5859840
1.6600632
2.2042439
2.3323739
1.8795588
1.9753524
1.8943861
1.4457948
1.4697897
1.5456336
1.6189194
1.4977624
1.6284166
1.8133624
1.7346070
1.7594966
1.5600149
1.6641380
1.6681288
1.5792983
1.4419909
1.7735896
1.9207839
1.7051750
1.8678961
1.9789779
1.9731453
1.8704675
1.9431774
1.9771714
1.8783729
1.3274630
1.2929761
1.2591533
1.2833070
1.2802781
1.2938709
1.3468352
1.3755037
1.8713762
1.7429846
1.9455686
1.7871355
1.7690031
1.8035956
1.9551828
1.9093025
1.8625932
2.0813532
2.0873549
2.0199880
1.7016826
1.9144821
1.8513233
1.9211829
1.9505956
1.9913364
1.7757099
2.0156867
2.0017071
1.6607726
1.5181673
1.6183048
1.7051547
1.6606562
1.6881727
1.5413942
1.5188552
1.4944785
1.5168186
1.6391354
1.7382019
1.6863549
1.8301760
2.1816628
2.0619115
2.0945863
2.1049178
1.7978479
1.9522993
1.9954406
1.6298591
1.5750322
1.5976156
1.4567486
1.4145728
1.4238674
1.4789565
1.5519042
1.4980165
1.4424918
1.3555757
2.1037801
2.0731178
2.2288571
2.1280795
2.2824762
2.4053860
2.0686644
2.1916120
2.1620981
1.9983698
2.0574246
2.1020424
2.1341027
1.8696842
1.6845805
1.7229680
1.4655653
1.5786462
1.6081447
1.9311937
1.8118938
1.9317196
2.0188878
2.0492609
1.9877065
2.1674778
2.2333445
2.0781977
2.1537460
2.0047372
2.1253865
2.1734189
2.0922616
2.3456122
2.1129297
1.4947360
1.5099533
1.4680953
1.5481431
1.6530705
1.6990374
1.4542211
1.4584378
1.4715140
1.3634772
1.4456343
1.1725793
1.3249565
1.2940885
1.2531659
1.4685456
1.5749941
1.5935224
1.9764866
2.1962129
1.9138761
2.0736489
1.6865554
1.6903220
1.5398837
1.4602202
1.7260224
2.0182225
1.9979650
1.9248116
1.7945892
1.8850587
1.8336696
1.9427635
1.8680168
1.8466428
1.8176106
1.4852679
1.4736260
1.4115023
1.4354059
1.7810933
1.7303835
1.8194045
1.7651452
1.8382000
1.9328109
1.9869479
1.8966956
1.8474573
1.7338130
1.7648161
2.0032547
1.9957232
1.8495147
1.6676687
1.7558750
1.6587841
1.7124784
1.5344774
1.7146510
1.7431656
1.8689256
1.8381267
1.8245417
1.6593946
1.7852608
1.5958036
1.7547674
1.8221880
1.7729497
1.7248108
1.8987350
1.9233259
1.9875425
2.0492679
2.1201470
1.8544756
1.6362936
1.7579364
1.9263058
1.9327296
1.8004089
1.9494489
1.7485244
1.8863443
1.9995011
1.7764548
1.8106835
1.8397480
1.8530127
1.8667913
1.9177367
1.8865388
2.0318361
1.8962397
2.0987818
2.1081394
2.0309844
1.9462370
1.8186968
1.1238297
1.1561753
1.1706427
1.2742237
1.1246463
1.1663967
1.1187650
1.1548600
1.1318343
1.1434557
1.2597903
1.3227592
1.0502053
1.0845444
1.1898633
1.1638085
1.1069564
1.2209406
1.1881663
1.2675147
1.2512733
1.1962833
1.2326229
1.2146557
1.2772542
1.1598572
1.1452026
1.0980482
1.0442256
1.1764576
1.0985155
1.0749127
1.1236389
1.0603119
1.1200299
1.1188171
1.0786378
1.1044242
1.3318335
1.3017525
1.3511009
1.1552536
1.2502230
1.2369678
1.1294435
1.1569230
1.2678581
1.2341836
1.3939864
1.3787169
1.5126556
1.3995429
1.4730303
1.3964495
1.3648319
1.5630211
1.4473183
1.4989093
1.4701837
1.3070331
1.1998047
1.3712659
1.2506047
1.2086038
1.4130602
1.3161681
1.3184521
1.4574598
1.5590846
1.2683479
1.2237469
1.3716125
1.2314881
1.3280482
1.2562037
1.2993912
1.2635247
1.2954633
1.2560824
1.2624564
1.3548036
1.4419289
1.3262750
1.4546887
1.2339557
1.3673318
1.3086474
1.3923861
1.5275799
1.5654146
1.6782104
1.5199752
1.9838820
1.8282693
2.0789330
1.9797498
1.9490279
2.0248863
2.0497445
2.0795315
2.0454740
1.8349527
1.9010644
2.0167715
2.0390956
2.0078836
1.8692775
1.7806641
1.8450059
1.7202652
1.7543692
1.8779841
1.8712523
1.8586116
1.5322971
1.6581902
1.6589079
1.7164532
1.6744372
1.6144276
1.6405145
1.2639198
1.6096669
1.6579187
1.6317000
1.5961551
1.5796444
1.6376601
1.6138397
1.6688688
1.6073837
1.5591540
2.4167738
2.5332600
2.1276695
2.2548731
1.7995681
2.2867533
2.0024789
2.1432067
2.0780190
1.9504111
2.0145840
1.9983940
2.0874993
2.1001099
2.1415141
1.8707536
1.8921764
1.9328416
2.1758144
2.1770587
2.1005043
1.9527452
2.0928186
2.0086661
1.9128757
1.8057506
1.7572354
1.8164361
1.8237994
1.8660737
0.8885058
0.7617797
0.7988306
0.7949316
0.8102398
0.8105534
0.7597134
0.8123848
1.2595965
1.2970529
1.3742020
1.4703546
1.3593145
1.3141132
1.2341893
1.1389858
1.2239583
1.2274921
1.1110997
1.1691920
1.1374637
1.2473367
1.2090355
1.1044845
1.2300694
1.2578648
1.2357292
1.5085336
1.4370015
1.3820859
1.4888271
1.2593696
1.2036058
1.1929891
1.1813062
1.2935677
1.4078716
1.1949685
1.1943151
1.2564664
1.2167249
1.1340138
1.2724930
0.8081735
0.7709157
0.7735415
0.8244031
0.8192602
0.8077205
0.7829505
1.5361243
1.7728418
1.7590757
1.7424172
1.6732471
1.7723471
1.7593108
1.5554172
1.6091957
1.7848038
1.7522108
1.9069592
1.7261833
1.6490966
1.9799148
1.7434599
1.7756458
1.8041523
2.1337545
2.1719395
2.1604644
2.3533460
2.0042616
0.9790598
0.9912396
0.9829806
0.9915913
0.9904502
0.9919815
0.9987709
1.0464120
0.9445309
0.8326946
1.0619269
1.0594493
0.9555338
1.1352777
1.1797568
1.2436775
1.3579959
2.4367699
2.2812444
2.4655488
2.2507593
2.4027917
2.6861822
2.2173503
2.2822896
1.7060674
1.6981065
1.5890063
1.6005836
1.4009814
1.6445485
1.4943809
1.6363243
1.8572944
1.9421916
1.8540392
1.7538076
1.7804249
1.8668928
2.2159744
1.9879189
2.3373308
2.4278795
2.1453882
2.2832492
2.1397976
2.1626151
0.9964914
0.9865458
0.9777744
0.9824630
0.8964830
0.9378598
1.1025037
1.0755207
1.0481810
1.0448319
0.9403627
1.0798282
1.0584972
1.0205465
0.9929653
0.8097672
0.8240775
0.9628735
0.9026934
0.9135195
0.8719303
1.0744104
0.9328805
0.9217962
0.9438220
0.9224768
0.8849640
0.9581690
1.0362154
1.1233701
1.2162490
1.0486803
1.0904294
1.0811655
1.1114399
1.0814566
1.0462663
1.0213338
1.0231589
1.0382337
1.0638010
1.1601652
1.2265837
1.0247107
1.0228716
1.0364478
1.0990702
1.0034460
0.9900938
0.9995499
1.0359080
1.0529135
1.0024802
2.0157455
2.3830390
2.1217507
1.9947050
2.3035450
2.1530264
2.3050998
2.6173454
2.6315132
2.6581541
2.7096425
2.7473053
2.6105951
2.5327612
2.4351807
2.4889857
2.4442540
2.4507778
2.4051525
2.3714129
2.4038010
2.5856573
2.6319119
2.4584892
2.3867184
2.8735780
2.6927378
2.8156268
2.9493265
1.7710312
1.6503578
1.6658934
1.5769263
1.8902541
1.9502851
1.7182431
1.7052904
1.6294284
2.2308021
2.0978115
2.1185763
2.1959777
2.0934520
2.0655575
2.0205949
1.8712235
1.8621700
1.8536054
2.0720864
2.0884739
2.0808680
3.2343079
3.3281489
1.8975825
1.9221208
1.9189360
1.8690875
1.8826265
1.8714323
1.9953307
1.8200329
1.8187148
1.8094624
1.7891792
1.6276012
1.5938690
1.8924813
1.8927819
2.0440162
1.9709175
2.0001938
1.7815055
1.8018821
2.0112954
1.8075440
1.8538726
1.6710134
1.6450808
1.6946855
2.7529446
2.7270831
2.7531429
2.8004967
1.8747505
1.7870765
1.8182590
1.8893854
1.8646209
1.7549412
2.0172817
2.0027806
1.9892756
2.0729482
2.0051389
2.1626649
2.0760944
1.9487200
1.8851330
2.0009679
2.0031246
1.8317655
1.9137202
1.6319507
1.7879243
1.8841839
1.7367476
1.7152061
1.7514732
1.6515581
2.0232261
2.0050955
2.0353102
1.8117651
1.8629676
1.9223676
2.0390522
1.7674687
1.9319154
2.4324184
2.7738171
2.6775422
2.6895404
2.6134158
3.5178983
3.7802292
2.5441577
2.5211254
2.6444324
2.6003380
2.6564595
2.5814717
2.8389053
2.8747972
3.3003903
3.1965918
3.2414040
2.8634183
3.0464268
2.9782967
3.0937941
3.2176826
1.5337543
1.6780058
1.5676464
1.5844172
2.3028203
2.1627516
2.3560975
2.2619311
2.1566193
2.2154019
1.9383442
2.0546703
1.9526727
1.8763437
1.9850454
2.1203377
2.1338887
2.2473081
2.2542323
2.0671518
1.9836057
2.0396071
2.0992844
2.1183580
1.9732682
1.9499432
1.8399419
1.9333271
1.7678676
1.7582507
1.7874948
1.6803588
1.8592125
1.8956289
1.9233570
2.0551809
1.9161543
1.5119876
1.7541876
1.5266928
1.5881146
1.6257628
1.5807417
1.6358275
1.5718110
1.5151375
1.5392279
1.4879222
1.6686614
1.5877068
1.8643131
1.5260483
1.7776677
1.7617709
1.7523567
1.7055280
1.6282732
1.5708651
1.6186659
1.5350535
1.5312240
1.6469543
1.5792951
1.7143253
1.5808913
1.6158145
1.6761164
1.6860287
1.6380250
1.3710846
1.4413232
1.3576702
1.3305629
1.3753604
1.3202535
1.6740841
1.7380799
1.7574503
1.6356638
1.5066448
1.6737482
1.5791609
1.6071829
1.7585235
1.7890533
1.9465191
1.7604503
1.9723172
1.7686144
1.8198743
1.8874059
1.4368557
1.4971674
1.2316439
1.2199395
1.4493131
1.4047397
1.2292181
1.1968083
1.5025733
1.5001836
1.2352449
1.8485997
1.7660649
1.9107036
1.9962907
2.0189318
2.0788239
2.0319902
1.8362343
1.7913551
1.8737163
1.7686633
1.7099147
1.8204852
1.7137763
1.7618015
1.7284605
1.6328754
1.8624458
1.8510348
1.9076338
1.8861175
1.7969211
1.1942587
1.6094878
1.4181592
1.5082237
1.5818471
1.4173145
1.5383695
1.5823704
1.5904051
1.7149844
1.6291076
1.8231116
1.7763477
1.5486608
1.6566890
1.6523952
1.6253548
1.6954999
1.8091750
1.6344231
1.4248393
1.4549982
1.3670233
1.3954713
1.4695909
1.4856279
1.3232174
1.3493892
1.4335196
1.3063192
1.3825241
1.3788840
1.4697651
1.4561992
1.4119741
1.3201642
1.5055948
1.3649904
1.6565978
1.6442649
1.6847109
1.5447055
1.7664178
1.7440428
1.8403037
1.5498452
1.7932110
1.6629496
1.4942689
1.4318517
1.4692681
1.1589486
1.1833419
1.2118647
1.2305326
1.1873528
1.2388526
1.2139459
1.1850952
1.2234321
1.1437396
1.1107879
1.2023797
1.1205445
1.2115141
1.1209741
1.2156878
1.2658408
1.2208131
1.2407992
1.2778261
1.1208630
1.0484788
1.1874959
1.2452841
1.2328768
1.2140916
1.3867198
1.3694486
1.3726878
1.1845054
1.2982797
1.2367210
1.1563017
1.0873550
1.0837311
1.0918324
1.1318222
1.0664144
1.3038680
1.4538862
1.4026172
1.4074051
1.3551152
1.2476408
1.2140592
1.2327921
1.2211700
0.9953179
1.7608985
1.9968132
1.8455282
1.9535534
2.1542999
1.7734479
2.1085939
2.1457105
2.1985627
1.9563770
1.9855819
1.8565567
2.0884766
1.9990927
2.0265920
2.0725327
2.1165345
2.1824652
1.9579713
1.8139228
1.9563054
1.8063292
1.8666599
2.1767782
2.2583224
2.1330271
2.2446653
2.2337482
2.1219133
1.9979527
2.3023951
2.3099416
2.2109388
2.2645044
2.2200542
2.1540234
1.8479185
2.1840138
2.1359287
2.2925474
2.2989261
2.2469594
2.1184802
1.7865857
2.1913211
2.0468677
2.0549465
2.1236051
2.0220829
2.3664308
2.3504695
2.1785446
2.4720176
2.6529468
2.0158748
1.8494430
1.9440907
2.0922005
1.9410991
2.0636827
2.0836175
2.1343596
1.9870371
2.0206372
2.2083148
1.9325241
1.7207708
1.8655133
1.8599512
1.9166349
2.0683108
2.0598326
2.1657929
2.2585429
2.4285845
2.2249329
2.1825461
2.1582335
2.2553279
2.2477225
2.1129249
1.9792724
2.3838666
2.1915658
2.2004796
2.3967023
2.2034525
2.2303292
2.2150158
2.1544050
2.1572710
2.0496857
1.9261351
1.6214900
1.6430859
1.6436480
1.6367582
1.7981444
1.7683825
1.8650298
1.4482504
1.4530564
1.1590242
1.1578037
1.1117362
1.1128402
1.9960614
2.0230418
2.0513834
2.1222536
2.2441723
1.9739956
2.1961317
2.0758951
2.2786595
1.8292228
2.0090176
1.3063545
1.1917831
1.1690874
1.1283083
1.1882564
1.3086334
1.5827701
1.6560615
1.6203380
1.5665715
1.4778485
1.4237759
1.3704630
1.3296101
1.3218185
1.7016291
1.8380205
1.5738265
1.5347677
1.5036933
1.5560665
1.5039542
1.3713557
1.4589429
1.4240899
1.5130281
1.6248237
1.6853792
1.8027465
1.7147115
1.7679958
1.6185124
1.5438303
1.5496696
1.6650300
1.5201823
1.7318537
1.8834020
1.8765604
2.2437841
2.2066122
2.1786098
2.0454521
2.1199571
1.9594537
1.9788114
1.3503072
1.3780049
1.3406802
1.2833095
1.3344991
1.4181606
1.5351550
1.3120059
1.5266477
1.4799468
1.4595651
1.4015169
1.4677441
1.3029164
1.5504949
1.4234564
1.4938337
1.5763216
1.5700095
1.5774226
1.4937128
1.4254005
1.4565937
1.4866690
1.7377787
1.5655706
1.3847738
1.4428257
1.4225437
1.6091299
1.5667074
1.5899365
1.7057483
1.7452822
1.7723635
1.7080497
1.7315818
1.4946134
1.5014519
1.4111738
1.4413200
1.3691803
1.8423118
1.7887883
1.6390209
1.6254536
1.7191976
1.6939947
1.7844423
1.8610865
1.7522544
1.6617352
1.5692901
1.5742408
1.9435000
1.9328900
2.1050886
2.0308831
2.2232713
1.5454474
1.7974690
1.7564063
1.6716100
1.8605324
1.7535052
1.7261744
1.7064918
1.5020460
1.4526159
1.2982269
1.5058278
1.3963320
1.4060996
1.6153732
1.6046850
1.4992013
1.0783361
1.2261171
1.1611354
1.0062750
1.0803681
1.1305742
