0.5189747
0.4854529
0.4704537
0.4919935
0.5069243
0.5127607
0.5044606
0.5052547
0.5042707
0.5263471
0.5249243
0.5316744
0.5381125
0.4884739
0.5282968
0.4995182
0.5078250
0.4891356
0.4826319
0.4649336
0.4819720
0.4965542
0.4732261
0.5302962
0.5207449
0.4951313
0.4866279
0.5448539
0.4715351
0.5136561
0.5198047
0.4939613
0.5451201
0.4683727
0.4862330
0.5139064
0.4812718
0.5036006
0.5120101
0.4885656
0.5189747
0.4854529
0.4704537
0.4919935
0.5069243
0.5127607
0.5044606
0.5052547
0.5042707
0.5263471
0.5249243
0.5316744
0.5381125
0.4884739
0.5282968
0.4995182
0.5078250
0.4891356
0.4826319
0.4649336
0.4819720
0.4965542
0.4732261
0.5302962
0.5207449
0.4951313
0.4866279
0.5448539
0.4715351
0.5136561
0.5198047
0.4939613
0.5451201
0.4683727
0.4862330
0.5139064
0.4812718
0.5036006
0.5120101
0.4885656
0.5189747
0.4854529
0.4704537
0.4919935
0.5069243
0.5127607
0.5044606
0.5052547
0.5042707
0.5263471
0.5249243
0.5316744
0.5381125
0.4884739
0.5282968
0.4995182
0.5078250
0.4891356
0.4826319
0.4649336
0.4819720
0.4965542
0.4732261
0.5302962
0.5207449
0.4951313
0.4866279
0.5448539
0.4715351
0.5136561
0.5198047
0.4939613
0.5451201
0.4683727
0.4862330
0.5139064
0.4812718
0.5036006
0.5120101
0.4885656
0.5189747
0.4854529
0.4704537
0.4919935
0.5069243
0.5127607
0.5044606
0.5052547
0.5042707
0.5263471
0.5249243
0.5316744
0.5381125
0.4884739
0.5282968
0.4995182
0.5078250
0.4891356
0.4826319
0.4649336
0.4819720
0.4965542
0.4732261
0.5302962
0.5207449
0.4951313
0.4866279
0.5448539
0.4715351
0.5136561
0.5198047
0.4939613
0.5451201
0.4683727
0.4862330
0.5139064
0.4812718
0.5036006
0.5120101
0.4885656
0.5189747
0.4854529
0.4704537
0.4919935
0.5069243
0.5127607
0.5044606
0.5052547
0.5042707
0.5263471
0.5249243
0.5316744
0.5381125
0.4884739
0.5282968
0.4995182
0.5078250
0.4891356
0.4826319
0.4649336
0.4819720
0.4965542
0.4732261
0.5302962
0.5207449
0.4951313
0.4866279
0.5448539
0.4715351
0.5136561
0.5198047
0.4939613
0.5451201
0.4683727
0.4862330
0.5139064
0.4812718
0.5036006
0.5120101
0.4885656
0.5189747
0.4854529
0.4704537
0.4919935
0.5069243
0.5127607
0.5044606
0.5052547
0.5042707
0.5263471
0.5249243
0.5316744
0.5381125
0.4884739
0.5282968
0.4995182
0.5078250
0.4891356
0.4826319
0.4649336
0.4819720
0.4965542
0.4732261
0.5302962
0.5207449
0.4951313
0.4866279
0.5448539
0.4715351
0.5136561
0.5198047
0.4939613
0.5451201
0.4683727
0.4862330
0.5139064
0.4812718
0.5036006
0.5120101
0.4885656
0.5189747
0.4854529
0.4704537
0.4919935
0.5069243
0.5127607
0.5044606
0.5052547
0.5042707
0.5263471
0.5249243
0.5316744
0.5381125
0.4884739
0.5282968
0.4995182
0.5078250
0.4891356
0.4826319
0.4649336
0.4819720
0.4965542
0.4732261
0.5302962
0.5207449
0.4951313
0.4866279
0.5448539
0.4715351
0.5136561
0.5198047
0.4939613
0.5451201
0.4683727
0.4862330
0.5139064
0.4812718
0.5036006
0.5120101
0.4885656
0.5189747
0.4854529
0.4704537
0.4919935
0.5069243
0.5127607
0.5044606
0.5052547
0.5042707
0.5263471
0.5249243
0.5316744
0.5381125
0.4884739
0.5282968
0.4995182
0.5078250
0.4891356
0.4826319
0.4649336
0.4819720
0.4965542
0.4732261
0.5302962
0.5207449
0.4951313
0.4866279
0.5448539
0.4715351
0.5136561
0.5198047
0.4939613
0.5451201
0.4683727
0.4862330
0.5139064
0.4812718
0.5036006
0.5120101
0.4885656
0.5189747
0.4854529
0.4704537
0.4919935
0.5069243
0.5127607
0.5044606
0.5052547
0.5042707
0.5263471
0.5249243
0.5316744
0.5381125
0.4884739
0.5282968
0.4995182
0.5078250
0.4891356
0.4826319
0.4649336
0.4819720
0.4965542
0.4732261
0.5302962
0.5207449
0.4951313
0.4866279
0.5448539
0.4715351
0.5136561
0.5198047
0.4939613
0.5451201
0.4683727
0.4862330
0.5139064
0.4812718
0.5036006
0.5120101
0.4885656
0.5189747
0.4854529
0.4704537
0.4919935
0.5069243
0.5127607
0.5044606
0.5052547
0.5042707
0.5263471
0.5249243
0.5316744
0.5381125
0.4884739
0.5282968
0.4995182
0.5078250
0.4891356
0.4826319
0.4649336
0.4819720
0.4965542
0.4732261
0.5302962
0.5207449
0.4951313
0.4866279
0.5448539
0.4715351
0.5136561
0.5198047
0.4939613
0.5451201
0.4683727
0.4862330
0.5139064
0.4812718
0.5036006
0.5120101
0.4885656
0.5189747
0.4854529
0.4704537
0.4919935
0.5069243
0.5127607
0.5044606
0.5052547
0.5042707
0.5263471
0.5249243
0.5316744
0.5381125
0.4884739
0.5282968
0.4995182
0.5078250
0.4891356
0.4826319
0.4649336
0.4819720
0.4965542
0.4732261
0.5302962
0.5207449
0.4951313
0.4866279
0.5448539
0.4715351
0.5136561
0.5198047
0.4939613
0.5451201
0.4683727
0.4862330
0.5139064
0.4812718
0.5036006
0.5120101
0.4885656
0.5189747
0.4854529
0.4704537
0.4919935
0.5069243
0.5127607
0.5044606
0.5052547
0.5042707
0.5263471
0.5249243
0.5316744
0.5381125
0.4884739
0.5282968
0.4995182
0.5078250
0.4891356
0.4826319
0.4649336
0.4819720
0.4965542
0.4732261
0.5302962
0.5207449
0.4951313
0.4866279
0.5448539
0.4715351
0.5136561
0.5198047
0.4939613
0.5451201
0.4683727
0.4862330
0.5139064
0.4812718
0.5036006
0.5120101
0.4885656
0.5189747
0.4854529
0.4704537
0.4919935
0.5069243
0.5127607
0.5044606
0.5052547
0.5042707
0.5263471
0.5249243
0.5316744
0.5381125
0.4884739
0.5282968
0.4995182
0.5078250
0.4891356
0.4826319
0.4649336
0.4819720
0.4965542
0.4732261
0.5302962
0.5207449
0.4951313
0.4866279
0.5448539
0.4715351
0.5136561
0.5198047
0.4939613
0.5451201
0.4683727
0.4862330
0.5139064
0.4812718
0.5036006
0.5120101
0.4885656
0.5189747
0.4854529
0.4704537
0.4919935
0.5069243
0.5127607
0.5044606
0.5052547
0.5042707
0.5263471
0.5249243
0.5316744
0.5381125
0.4884739
0.5282968
0.4995182
0.5078250
0.4891356
0.4826319
0.4649336
0.4819720
0.4965542
0.4732261
0.5302962
0.5207449
0.4951313
0.4866279
0.5448539
0.4715351
0.5136561
0.5198047
0.4939613
0.5451201
0.4683727
0.4862330
0.5139064
0.4812718
0.5036006
0.5120101
0.4885656
0.5189747
0.4854529
0.4704537
0.4919935
0.5069243
0.5127607
0.5044606
0.5052547
0.5042707
0.5263471
0.5249243
0.5316744
0.5381125
0.4884739
0.5282968
0.4995182
0.5078250
0.4891356
0.4826319
0.4649336
0.4819720
0.4965542
0.4732261
0.5302962
0.5207449
0.4951313
0.4866279
0.5448539
0.4715351
0.5136561
0.5198047
0.4939613
0.5451201
0.4683727
0.4862330
0.5139064
0.4812718
0.5036006
0.5120101
0.4885656
0.5189747
0.4854529
0.4704537
0.4919935
0.5069243
0.5127607
0.5044606
0.5052547
0.5042707
0.5263471
0.5249243
0.5316744
0.5381125
0.4884739
0.5282968
0.4995182
0.5078250
0.4891356
0.4826319
0.4649336
0.4819720
0.4965542
0.4732261
0.5302962
0.5207449
0.4951313
0.4866279
0.5448539
0.4715351
0.5136561
0.5198047
0.4939613
0.5451201
0.4683727
0.4862330
0.5139064
0.4812718
0.5036006
0.5120101
0.4885656
0.5189747
0.4854529
0.4704537
0.4919935
0.5069243
0.5127607
0.5044606
0.5052547
0.5042707
0.5263471
0.5249243
0.5316744
0.5381125
0.4884739
0.5282968
0.4995182
0.5078250
0.4891356
0.4826319
0.4649336
0.4819720
0.4965542
0.4732261
0.5302962
0.5207449
0.4951313
0.4866279
0.5448539
0.4715351
0.5136561
0.5198047
0.4939613
0.5451201
0.4683727
0.4862330
0.5139064
0.4812718
0.5036006
0.5120101
0.4885656
0.5189747
0.4854529
0.4704537
0.4919935
0.5069243
0.5127607
0.5044606
0.5052547
0.5042707
0.5263471
0.5249243
0.5316744
0.5381125
0.4884739
0.5282968
0.4995182
0.5078250
0.4891356
0.4826319
0.4649336
0.4819720
0.4965542
0.4732261
0.5302962
0.5207449
0.4951313
0.4866279
0.5448539
0.4715351
0.5136561
0.5198047
0.4939613
0.5451201
0.4683727
0.4862330
0.5139064
0.4812718
0.5036006
0.5120101
0.4885656
0.5189747
0.4854529
0.4704537
0.4919935
0.5069243
0.5127607
0.5044606
0.5052547
0.5042707
0.5263471
0.5249243
0.5316744
0.5381125
0.4884739
0.5282968
0.4995182
0.5078250
0.4891356
0.4826319
0.4649336
0.4819720
0.4965542
0.4732261
0.5302962
0.5207449
0.4951313
0.4866279
0.5448539
0.4715351
0.5136561
0.5198047
0.4939613
0.5451201
0.4683727
0.4862330
0.5139064
0.4812718
0.5036006
0.5120101
0.4885656
0.5189747
0.4854529
0.4704537
0.4919935
0.5069243
0.5127607
0.5044606
0.5052547
0.5042707
0.5263471
0.5249243
0.5316744
0.5381125
0.4884739
0.5282968
0.4995182
0.5078250
0.4891356
0.4826319
0.4649336
0.4819720
0.4965542
0.4732261
0.5302962
0.5207449
0.4951313
0.4866279
0.5448539
0.4715351
0.5136561
0.5198047
0.4939613
0.5451201
0.4683727
0.4862330
0.5139064
0.4812718
0.5036006
0.5120101
0.4885656
0.5189747
0.4854529
0.4704537
0.4919935
0.5069243
0.5127607
0.5044606
0.5052547
0.5042707
0.5263471
0.5249243
0.5316744
0.5381125
0.4884739
0.5282968
0.4995182
0.5078250
0.4891356
0.4826319
0.4649336
0.4819720
0.4965542
0.4732261
0.5302962
0.5207449
0.4951313
0.4866279
0.5448539
0.4715351
0.5136561
0.5198047
0.4939613
0.5451201
0.4683727
0.4862330
0.5139064
0.4812718
0.5036006
0.5120101
0.4885656
0.5189747
0.4854529
0.4704537
0.4919935
0.5069243
0.5127607
0.5044606
0.5052547
0.5042707
0.5263471
0.5249243
0.5316744
0.5381125
0.4884739
0.5282968
0.4995182
0.5078250
0.4891356
0.4826319
0.4649336
0.4819720
0.4965542
0.4732261
0.5302962
0.5207449
0.4951313
0.4866279
0.5448539
0.4715351
0.5136561
0.5198047
0.4939613
0.5451201
0.4683727
0.4862330
0.5139064
0.4812718
0.5036006
0.5120101
0.4885656
0.5189747
0.4854529
0.4704537
0.4919935
0.5069243
0.5127607
0.5044606
0.5052547
0.5042707
0.5263471
0.5249243
0.5316744
0.5381125
0.4884739
0.5282968
0.4995182
0.5078250
0.4891356
0.4826319
0.4649336
0.4819720
0.4965542
0.4732261
0.5302962
0.5207449
0.4951313
0.4866279
0.5448539
0.4715351
0.5136561
0.5198047
0.4939613
0.5451201
0.4683727
0.4862330
0.5139064
0.4812718
0.5036006
0.5120101
0.4885656
0.5189747
0.4854529
0.4704537
0.4919935
0.5069243
0.5127607
0.5044606
0.5052547
0.5042707
0.5263471
0.5249243
0.5316744
0.5381125
0.4884739
0.5282968
0.4995182
0.5078250
0.4891356
0.4826319
0.4649336
0.4819720
0.4965542
0.4732261
0.5302962
0.5207449
0.4951313
0.4866279
0.5448539
0.4715351
0.5136561
0.5198047
0.4939613
0.5451201
0.4683727
0.4862330
0.5139064
0.4812718
0.5036006
0.5120101
0.4885656
0.5189747
0.4854529
0.4704537
0.4919935
0.5069243
0.5127607
0.5044606
0.5052547
0.5042707
0.5263471
0.5249243
0.5316744
0.5381125
0.4884739
0.5282968
0.4995182
0.5078250
0.4891356
0.4826319
0.4649336
0.4819720
0.4965542
0.4732261
0.5302962
0.5207449
0.4951313
0.4866279
0.5448539
0.4715351
0.5136561
0.5198047
0.4939613
0.5451201
0.4683727
0.4862330
0.5139064
0.4812718
0.5036006
0.5120101
0.4885656
0.5189747
0.4854529
0.4704537
0.4919935
0.5069243
0.5127607
0.5044606
0.5052547
0.5042707
0.5263471
0.5249243
0.5316744
0.5381125
0.4884739
0.5282968
0.4995182
0.5078250
0.4891356
0.4826319
0.4649336
0.4819720
0.4965542
0.4732261
0.5302962
0.5207449
0.4951313
0.4866279
0.5448539
0.4715351
0.5136561
0.5198047
0.4939613
0.5451201
0.4683727
0.4862330
0.5139064
0.4812718
0.5036006
0.5120101
0.4885656
0.5189747
0.4854529
0.4704537
0.4919935
0.5069243
0.5127607
0.5044606
0.5052547
0.5042707
0.5263471
0.5249243
0.5316744
0.5381125
0.4884739
0.5282968
0.4995182
0.5078250
0.4891356
0.4826319
0.4649336
0.4819720
0.4965542
0.4732261
0.5302962
0.5207449
0.4951313
0.4866279
0.5448539
0.4715351
0.5136561
0.5198047
0.4939613
0.5451201
0.4683727
0.4862330
0.5139064
0.4812718
0.5036006
0.5120101
0.4885656
0.5189747
0.4854529
0.4704537
0.4919935
0.5069243
0.5127607
0.5044606
0.5052547
0.5042707
0.5263471
0.5249243
0.5316744
0.5381125
0.4884739
0.5282968
0.4995182
0.5078250
0.4891356
0.4826319
0.4649336
0.4819720
0.4965542
0.4732261
0.5302962
0.5207449
0.4951313
0.4866279
0.5448539
0.4715351
0.5136561
0.5198047
0.4939613
0.5451201
0.4683727
0.4862330
0.5139064
0.4812718
0.5036006
0.5120101
0.4885656
0.5189747
0.4854529
0.4704537
0.4919935
0.5069243
0.5127607
0.5044606
0.5052547
0.5042707
0.5263471
0.5249243
0.5316744
0.5381125
0.4884739
0.5282968
0.4995182
0.5078250
0.4891356
0.4826319
0.4649336
0.4819720
0.4965542
0.4732261
0.5302962
0.5207449
0.4951313
0.4866279
0.5448539
0.4715351
0.5136561
0.5198047
0.4939613
0.5451201
0.4683727
0.4862330
0.5139064
0.4812718
0.5036006
0.5120101
0.4885656
0.5189747
0.4854529
0.4704537
0.4919935
0.5069243
0.5127607
0.5044606
0.5052547
0.5042707
0.5263471
0.5249243
0.5316744
0.5381125
0.4884739
0.5282968
0.4995182
0.5078250
0.4891356
0.4826319
0.4649336
0.4819720
0.4965542
0.4732261
0.5302962
0.5207449
0.4951313
0.4866279
0.5448539
0.4715351
0.5136561
0.5198047
0.4939613
0.5451201
0.4683727
0.4862330
0.5139064
0.4812718
0.5036006
0.5120101
0.4885656
0.5189747
0.4854529
0.4704537
0.4919935
0.5069243
0.5127607
0.5044606
0.5052547
0.5042707
0.5263471
0.5249243
0.5316744
0.5381125
0.4884739
0.5282968
0.4995182
0.5078250
0.4891356
0.4826319
0.4649336
0.4819720
0.4965542
0.4732261
0.5302962
0.5207449
0.4951313
0.4866279
0.5448539
0.4715351
0.5136561
0.5198047
0.4939613
0.5451201
0.4683727
0.4862330
0.5139064
0.4812718
0.5036006
0.5120101
0.4885656
0.5189747
0.4854529
0.4704537
0.4919935
0.5069243
0.5127607
0.5044606
0.5052547
0.5042707
0.5263471
0.5249243
0.5316744
0.5381125
0.4884739
0.5282968
0.4995182
0.5078250
0.4891356
0.4826319
0.4649336
0.4819720
0.4965542
0.4732261
0.5302962
0.5207449
0.4951313
0.4866279
0.5448539
0.4715351
0.5136561
0.5198047
0.4939613
0.5451201
0.4683727
0.4862330
0.5139064
0.4812718
0.5036006
0.5120101
0.4885656
0.5189747
0.4854529
0.4704537
0.4919935
0.5069243
0.5127607
0.5044606
0.5052547
0.5042707
0.5263471
0.5249243
0.5316744
0.5381125
0.4884739
0.5282968
0.4995182
0.5078250
0.4891356
0.4826319
0.4649336
0.4819720
0.4965542
0.4732261
0.5302962
0.5207449
0.4951313
0.4866279
0.5448539
0.4715351
0.5136561
0.5198047
0.4939613
0.5451201
0.4683727
0.4862330
0.5139064
0.4812718
0.5036006
0.5120101
0.4885656
0.5189747
0.4854529
0.4704537
0.4919935
0.5069243
0.5127607
0.5044606
0.5052547
0.5042707
0.5263471
0.5249243
0.5316744
0.5381125
0.4884739
0.5282968
0.4995182
0.5078250
0.4891356
0.4826319
0.4649336
0.4819720
0.4965542
0.4732261
0.5302962
0.5207449
0.4951313
0.4866279
0.5448539
0.4715351
0.5136561
0.5198047
0.4939613
0.5451201
0.4683727
0.4862330
0.5139064
0.4812718
0.5036006
0.5120101
0.4885656
0.5189747
0.4854529
0.4704537
0.4919935
0.5069243
0.5127607
0.5044606
0.5052547
0.5042707
0.5263471
0.5249243
0.5316744
0.5381125
0.4884739
0.5282968
0.4995182
0.5078250
0.4891356
0.4826319
0.4649336
0.4819720
0.4965542
0.4732261
0.5302962
0.5207449
0.4951313
0.4866279
0.5448539
0.4715351
0.5136561
0.5198047
0.4939613
0.5451201
0.4683727
0.4862330
0.5139064
0.4812718
0.5036006
0.5120101
0.4885656
0.5189747
0.4854529
0.4704537
0.4919935
0.5069243
0.5127607
0.5044606
0.5052547
0.5042707
0.5263471
0.5249243
0.5316744
0.5381125
0.4884739
0.5282968
0.4995182
0.5078250
0.4891356
0.4826319
0.4649336
0.4819720
0.4965542
0.4732261
0.5302962
0.5207449
0.4951313
0.4866279
0.5448539
0.4715351
0.5136561
0.5198047
0.4939613
0.5451201
0.4683727
0.4862330
0.5139064
0.4812718
0.5036006
0.5120101
0.4885656
0.5189747
0.4854529
0.4704537
0.4919935
0.5069243
0.5127607
0.5044606
0.5052547
0.5042707
0.5263471
0.5249243
0.5316744
0.5381125
0.4884739
0.5282968
0.4995182
0.5078250
0.4891356
0.4826319
0.4649336
0.4819720
0.4965542
0.4732261
0.5302962
0.5207449
0.4951313
0.4866279
0.5448539
0.4715351
0.5136561
0.5198047
0.4939613
0.5451201
0.4683727
0.4862330
0.5139064
0.4812718
0.5036006
0.5120101
0.4885656
0.5189747
0.4854529
0.4704537
0.4919935
0.5069243
0.5127607
0.5044606
0.5052547
0.5042707
0.5263471
0.5249243
0.5316744
0.5381125
0.4884739
0.5282968
0.4995182
0.5078250
0.4891356
0.4826319
0.4649336
0.4819720
0.4965542
0.4732261
0.5302962
0.5207449
0.4951313
0.4866279
0.5448539
0.4715351
0.5136561
0.5198047
0.4939613
0.5451201
0.4683727
0.4862330
0.5139064
0.4812718
0.5036006
0.5120101
0.4885656
0.5189747
0.4854529
0.4704537
0.4919935
0.5069243
0.5127607
0.5044606
0.5052547
0.5042707
0.5263471
0.5249243
0.5316744
0.5381125
0.4884739
0.5282968
0.4995182
0.5078250
0.4891356
0.4826319
0.4649336
0.4819720
0.4965542
0.4732261
0.5302962
0.5207449
0.4951313
0.4866279
0.5448539
0.4715351
0.5136561
0.5198047
0.4939613
0.5451201
0.4683727
0.4862330
0.5139064
0.4812718
0.5036006
0.5120101
0.4885656
0.5189747
0.4854529
0.4704537
0.4919935
0.5069243
0.5127607
0.5044606
0.5052547
0.5042707
0.5263471
0.5249243
0.5316744
0.5381125
0.4884739
0.5282968
0.4995182
0.5078250
0.4891356
0.4826319
0.4649336
0.4819720
0.4965542
0.4732261
0.5302962
0.5207449
0.4951313
0.4866279
0.5448539
0.4715351
0.5136561
0.5198047
0.4939613
0.5451201
0.4683727
0.4862330
0.5139064
0.4812718
0.5036006
0.5120101
0.4885656
0.5189747
0.4854529
0.4704537
0.4919935
0.5069243
0.5127607
0.5044606
0.5052547
0.5042707
0.5263471
0.5249243
0.5316744
0.5381125
0.4884739
0.5282968
0.4995182
0.5078250
0.4891356
0.4826319
0.4649336
0.4819720
0.4965542
0.4732261
0.5302962
0.5207449
0.4951313
0.4866279
0.5448539
0.4715351
0.5136561
0.5198047
0.4939613
0.5451201
0.4683727
0.4862330
0.5139064
0.4812718
0.5036006
0.5120101
0.4885656
0.5189747
0.4854529
0.4704537
0.4919935
0.5069243
0.5127607
0.5044606
0.5052547
0.5042707
0.5263471
0.5249243
0.5316744
0.5381125
0.4884739
0.5282968
0.4995182
0.5078250
0.4891356
0.4826319
0.4649336
0.4819720
0.4965542
0.4732261
0.5302962
0.5207449
0.4951313
0.4866279
0.5448539
0.4715351
0.5136561
0.5198047
0.4939613
0.5451201
0.4683727
0.4862330
0.5139064
0.4812718
0.5036006
0.5120101
0.4885656
0.5189747
0.4854529
0.4704537
0.4919935
0.5069243
0.5127607
0.5044606
0.5052547
0.5042707
0.5263471
0.5249243
0.5316744
0.5381125
0.4884739
0.5282968
0.4995182
0.5078250
0.4891356
0.4826319
0.4649336
0.4819720
0.4965542
0.4732261
0.5302962
0.5207449
0.4951313
0.4866279
0.5448539
0.4715351
0.5136561
0.5198047
0.4939613
0.5451201
0.4683727
0.4862330
0.5139064
0.4812718
0.5036006
0.5120101
0.4885656
0.5189747
0.4854529
0.4704537
0.4919935
0.5069243
0.5127607
0.5044606
0.5052547
0.5042707
0.5263471
0.5249243
0.5316744
0.5381125
0.4884739
0.5282968
0.4995182
0.5078250
0.4891356
0.4826319
0.4649336
0.4819720
0.4965542
0.4732261
0.5302962
0.5207449
0.4951313
0.4866279
0.5448539
0.4715351
0.5136561
0.5198047
0.4939613
0.5451201
0.4683727
0.4862330
0.5139064
0.4812718
0.5036006
0.5120101
0.4885656
0.5189747
0.4854529
0.4704537
0.4919935
0.5069243
0.5127607
0.5044606
0.5052547
0.5042707
0.5263471
0.5249243
0.5316744
0.5381125
0.4884739
0.5282968
0.4995182
0.5078250
0.4891356
0.4826319
0.4649336
0.4819720
0.4965542
0.4732261
0.5302962
0.5207449
0.4951313
0.4866279
0.5448539
0.4715351
0.5136561
0.5198047
0.4939613
0.5451201
0.4683727
0.4862330
0.5139064
0.4812718
0.5036006
0.5120101
0.4885656
0.5189747
0.4854529
0.4704537
0.4919935
0.5069243
0.5127607
0.5044606
0.5052547
0.5042707
0.5263471
0.5249243
0.5316744
0.5381125
0.4884739
0.5282968
0.4995182
0.5078250
0.4891356
0.4826319
0.4649336
0.4819720
0.4965542
0.4732261
0.5302962
0.5207449
0.4951313
0.4866279
0.5448539
0.4715351
0.5136561
0.5198047
0.4939613
0.5451201
0.4683727
0.4862330
0.5139064
0.4812718
0.5036006
0.5120101
0.4885656
0.5189747
0.4854529
0.4704537
0.4919935
0.5069243
0.5127607
0.5044606
0.5052547
0.5042707
0.5263471
0.5249243
0.5316744
0.5381125
0.4884739
0.5282968
0.4995182
0.5078250
0.4891356
0.4826319
0.4649336
0.4819720
0.4965542
0.4732261
0.5302962
0.5207449
0.4951313
0.4866279
0.5448539
0.4715351
0.5136561
0.5198047
0.4939613
0.5451201
0.4683727
0.4862330
0.5139064
0.4812718
0.5036006
0.5120101
0.4885656
0.5189747
0.4854529
0.4704537
0.4919935
0.5069243
0.5127607
0.5044606
0.5052547
0.5042707
0.5263471
0.5249243
0.5316744
0.5381125
0.4884739
0.5282968
0.4995182
0.5078250
0.4891356
0.4826319
0.4649336
0.4819720
0.4965542
0.4732261
0.5302962
0.5207449
0.4951313
0.4866279
0.5448539
0.4715351
0.5136561
0.5198047
0.4939613
0.5451201
0.4683727
0.4862330
0.5139064
0.4812718
0.5036006
0.5120101
0.4885656
0.5189747
0.4854529
0.4704537
0.4919935
0.5069243
0.5127607
0.5044606
0.5052547
0.5042707
0.5263471
0.5249243
0.5316744
0.5381125
0.4884739
0.5282968
0.4995182
0.5078250
0.4891356
0.4826319
0.4649336
0.4819720
0.4965542
0.4732261
0.5302962
0.5207449
0.4951313
0.4866279
0.5448539
0.4715351
0.5136561
0.5198047
0.4939613
0.5451201
0.4683727
0.4862330
0.5139064
0.4812718
0.5036006
0.5120101
0.4885656
0.5189747
0.4854529
0.4704537
0.4919935
0.5069243
0.5127607
0.5044606
0.5052547
0.5042707
0.5263471
0.5249243
0.5316744
0.5381125
0.4884739
0.5282968
0.4995182
0.5078250
0.4891356
0.4826319
0.4649336
0.4819720
0.4965542
0.4732261
0.5302962
0.5207449
0.4951313
0.4866279
0.5448539
0.4715351
0.5136561
0.5198047
0.4939613
0.5451201
0.4683727
0.4862330
0.5139064
0.4812718
0.5036006
0.5120101
0.4885656
