0.5157399
0.5040095
0.4964549
0.5013613
0.5054658
0.4987965
0.4672388
0.5343306
0.4773628
0.4966050
0.4601391
0.5030612
0.5287543
0.4857277
0.5042547
0.4864958
0.4886607
0.4978240
0.5050090
0.5010099
0.4847734
0.4772351
0.4711742
0.4907097
0.5170300
0.5058542
0.5121121
0.5066885
0.5251011
0.5064097
0.5251443
0.5072241
0.5161964
0.4877954
0.5115352
0.4776412
0.4935197
0.4848910
0.4929673
0.4939439
0.5157399
0.5040095
0.4964549
0.5013613
0.5054658
0.4987965
0.4672388
0.5343306
0.4773628
0.4966050
0.4601391
0.5030612
0.5287543
0.4857277
0.5042547
0.4864958
0.4886607
0.4978240
0.5050090
0.5010099
0.4847734
0.4772351
0.4711742
0.4907097
0.5170300
0.5058542
0.5121121
0.5066885
0.5251011
0.5064097
0.5251443
0.5072241
0.5161964
0.4877954
0.5115352
0.4776412
0.4935197
0.4848910
0.4929673
0.4939439
0.5157399
0.5040095
0.4964549
0.5013613
0.5054658
0.4987965
0.4672388
0.5343306
0.4773628
0.4966050
0.4601391
0.5030612
0.5287543
0.4857277
0.5042547
0.4864958
0.4886607
0.4978240
0.5050090
0.5010099
0.4847734
0.4772351
0.4711742
0.4907097
0.5170300
0.5058542
0.5121121
0.5066885
0.5251011
0.5064097
0.5251443
0.5072241
0.5161964
0.4877954
0.5115352
0.4776412
0.4935197
0.4848910
0.4929673
0.4939439
0.5157399
0.5040095
0.4964549
0.5013613
0.5054658
0.4987965
0.4672388
0.5343306
0.4773628
0.4966050
0.4601391
0.5030612
0.5287543
0.4857277
0.5042547
0.4864958
0.4886607
0.4978240
0.5050090
0.5010099
0.4847734
0.4772351
0.4711742
0.4907097
0.5170300
0.5058542
0.5121121
0.5066885
0.5251011
0.5064097
0.5251443
0.5072241
0.5161964
0.4877954
0.5115352
0.4776412
0.4935197
0.4848910
0.4929673
0.4939439
0.5157399
0.5040095
0.4964549
0.5013613
0.5054658
0.4987965
0.4672388
0.5343306
0.4773628
0.4966050
0.4601391
0.5030612
0.5287543
0.4857277
0.5042547
0.4864958
0.4886607
0.4978240
0.5050090
0.5010099
0.4847734
0.4772351
0.4711742
0.4907097
0.5170300
0.5058542
0.5121121
0.5066885
0.5251011
0.5064097
0.5251443
0.5072241
0.5161964
0.4877954
0.5115352
0.4776412
0.4935197
0.4848910
0.4929673
0.4939439
0.5157399
0.5040095
0.4964549
0.5013613
0.5054658
0.4987965
0.4672388
0.5343306
0.4773628
0.4966050
0.4601391
0.5030612
0.5287543
0.4857277
0.5042547
0.4864958
0.4886607
0.4978240
0.5050090
0.5010099
0.4847734
0.4772351
0.4711742
0.4907097
0.5170300
0.5058542
0.5121121
0.5066885
0.5251011
0.5064097
0.5251443
0.5072241
0.5161964
0.4877954
0.5115352
0.4776412
0.4935197
0.4848910
0.4929673
0.4939439
0.5157399
0.5040095
0.4964549
0.5013613
0.5054658
0.4987965
0.4672388
0.5343306
0.4773628
0.4966050
0.4601391
0.5030612
0.5287543
0.4857277
0.5042547
0.4864958
0.4886607
0.4978240
0.5050090
0.5010099
0.4847734
0.4772351
0.4711742
0.4907097
0.5170300
0.5058542
0.5121121
0.5066885
0.5251011
0.5064097
0.5251443
0.5072241
0.5161964
0.4877954
0.5115352
0.4776412
0.4935197
0.4848910
0.4929673
0.4939439
0.5157399
0.5040095
0.4964549
0.5013613
0.5054658
0.4987965
0.4672388
0.5343306
0.4773628
0.4966050
0.4601391
0.5030612
0.5287543
0.4857277
0.5042547
0.4864958
0.4886607
0.4978240
0.5050090
0.5010099
0.4847734
0.4772351
0.4711742
0.4907097
0.5170300
0.5058542
0.5121121
0.5066885
0.5251011
0.5064097
0.5251443
0.5072241
0.5161964
0.4877954
0.5115352
0.4776412
0.4935197
0.4848910
0.4929673
0.4939439
0.5157399
0.5040095
0.4964549
0.5013613
0.5054658
0.4987965
0.4672388
0.5343306
0.4773628
0.4966050
0.4601391
0.5030612
0.5287543
0.4857277
0.5042547
0.4864958
0.4886607
0.4978240
0.5050090
0.5010099
0.4847734
0.4772351
0.4711742
0.4907097
0.5170300
0.5058542
0.5121121
0.5066885
0.5251011
0.5064097
0.5251443
0.5072241
0.5161964
0.4877954
0.5115352
0.4776412
0.4935197
0.4848910
0.4929673
0.4939439
0.5157399
0.5040095
0.4964549
0.5013613
0.5054658
0.4987965
0.4672388
0.5343306
0.4773628
0.4966050
0.4601391
0.5030612
0.5287543
0.4857277
0.5042547
0.4864958
0.4886607
0.4978240
0.5050090
0.5010099
0.4847734
0.4772351
0.4711742
0.4907097
0.5170300
0.5058542
0.5121121
0.5066885
0.5251011
0.5064097
0.5251443
0.5072241
0.5161964
0.4877954
0.5115352
0.4776412
0.4935197
0.4848910
0.4929673
0.4939439
0.5157399
0.5040095
0.4964549
0.5013613
0.5054658
0.4987965
0.4672388
0.5343306
0.4773628
0.4966050
0.4601391
0.5030612
0.5287543
0.4857277
0.5042547
0.4864958
0.4886607
0.4978240
0.5050090
0.5010099
0.4847734
0.4772351
0.4711742
0.4907097
0.5170300
0.5058542
0.5121121
0.5066885
0.5251011
0.5064097
0.5251443
0.5072241
0.5161964
0.4877954
0.5115352
0.4776412
0.4935197
0.4848910
0.4929673
0.4939439
0.5157399
0.5040095
0.4964549
0.5013613
0.5054658
0.4987965
0.4672388
0.5343306
0.4773628
0.4966050
0.4601391
0.5030612
0.5287543
0.4857277
0.5042547
0.4864958
0.4886607
0.4978240
0.5050090
0.5010099
0.4847734
0.4772351
0.4711742
0.4907097
0.5170300
0.5058542
0.5121121
0.5066885
0.5251011
0.5064097
0.5251443
0.5072241
0.5161964
0.4877954
0.5115352
0.4776412
0.4935197
0.4848910
0.4929673
0.4939439
0.5157399
0.5040095
0.4964549
0.5013613
0.5054658
0.4987965
0.4672388
0.5343306
0.4773628
0.4966050
0.4601391
0.5030612
0.5287543
0.4857277
0.5042547
0.4864958
0.4886607
0.4978240
0.5050090
0.5010099
0.4847734
0.4772351
0.4711742
0.4907097
0.5170300
0.5058542
0.5121121
0.5066885
0.5251011
0.5064097
0.5251443
0.5072241
0.5161964
0.4877954
0.5115352
0.4776412
0.4935197
0.4848910
0.4929673
0.4939439
0.5157399
0.5040095
0.4964549
0.5013613
0.5054658
0.4987965
0.4672388
0.5343306
0.4773628
0.4966050
0.4601391
0.5030612
0.5287543
0.4857277
0.5042547
0.4864958
0.4886607
0.4978240
0.5050090
0.5010099
0.4847734
0.4772351
0.4711742
0.4907097
0.5170300
0.5058542
0.5121121
0.5066885
0.5251011
0.5064097
0.5251443
0.5072241
0.5161964
0.4877954
0.5115352
0.4776412
0.4935197
0.4848910
0.4929673
0.4939439
0.5157399
0.5040095
0.4964549
0.5013613
0.5054658
0.4987965
0.4672388
0.5343306
0.4773628
0.4966050
0.4601391
0.5030612
0.5287543
0.4857277
0.5042547
0.4864958
0.4886607
0.4978240
0.5050090
0.5010099
0.4847734
0.4772351
0.4711742
0.4907097
0.5170300
0.5058542
0.5121121
0.5066885
0.5251011
0.5064097
0.5251443
0.5072241
0.5161964
0.4877954
0.5115352
0.4776412
0.4935197
0.4848910
0.4929673
0.4939439
0.5157399
0.5040095
0.4964549
0.5013613
0.5054658
0.4987965
0.4672388
0.5343306
0.4773628
0.4966050
0.4601391
0.5030612
0.5287543
0.4857277
0.5042547
0.4864958
0.4886607
0.4978240
0.5050090
0.5010099
0.4847734
0.4772351
0.4711742
0.4907097
0.5170300
0.5058542
0.5121121
0.5066885
0.5251011
0.5064097
0.5251443
0.5072241
0.5161964
0.4877954
0.5115352
0.4776412
0.4935197
0.4848910
0.4929673
0.4939439
0.5157399
0.5040095
0.4964549
0.5013613
0.5054658
0.4987965
0.4672388
0.5343306
0.4773628
0.4966050
0.4601391
0.5030612
0.5287543
0.4857277
0.5042547
0.4864958
0.4886607
0.4978240
0.5050090
0.5010099
0.4847734
0.4772351
0.4711742
0.4907097
0.5170300
0.5058542
0.5121121
0.5066885
0.5251011
0.5064097
0.5251443
0.5072241
0.5161964
0.4877954
0.5115352
0.4776412
0.4935197
0.4848910
0.4929673
0.4939439
0.5157399
0.5040095
0.4964549
0.5013613
0.5054658
0.4987965
0.4672388
0.5343306
0.4773628
0.4966050
0.4601391
0.5030612
0.5287543
0.4857277
0.5042547
0.4864958
0.4886607
0.4978240
0.5050090
0.5010099
0.4847734
0.4772351
0.4711742
0.4907097
0.5170300
0.5058542
0.5121121
0.5066885
0.5251011
0.5064097
0.5251443
0.5072241
0.5161964
0.4877954
0.5115352
0.4776412
0.4935197
0.4848910
0.4929673
0.4939439
0.5157399
0.5040095
0.4964549
0.5013613
0.5054658
0.4987965
0.4672388
0.5343306
0.4773628
0.4966050
0.4601391
0.5030612
0.5287543
0.4857277
0.5042547
0.4864958
0.4886607
0.4978240
0.5050090
0.5010099
0.4847734
0.4772351
0.4711742
0.4907097
0.5170300
0.5058542
0.5121121
0.5066885
0.5251011
0.5064097
0.5251443
0.5072241
0.5161964
0.4877954
0.5115352
0.4776412
0.4935197
0.4848910
0.4929673
0.4939439
0.5157399
0.5040095
0.4964549
0.5013613
0.5054658
0.4987965
0.4672388
0.5343306
0.4773628
0.4966050
0.4601391
0.5030612
0.5287543
0.4857277
0.5042547
0.4864958
0.4886607
0.4978240
0.5050090
0.5010099
0.4847734
0.4772351
0.4711742
0.4907097
0.5170300
0.5058542
0.5121121
0.5066885
0.5251011
0.5064097
0.5251443
0.5072241
0.5161964
0.4877954
0.5115352
0.4776412
0.4935197
0.4848910
0.4929673
0.4939439
0.5157399
0.5040095
0.4964549
0.5013613
0.5054658
0.4987965
0.4672388
0.5343306
0.4773628
0.4966050
0.4601391
0.5030612
0.5287543
0.4857277
0.5042547
0.4864958
0.4886607
0.4978240
0.5050090
0.5010099
0.4847734
0.4772351
0.4711742
0.4907097
0.5170300
0.5058542
0.5121121
0.5066885
0.5251011
0.5064097
0.5251443
0.5072241
0.5161964
0.4877954
0.5115352
0.4776412
0.4935197
0.4848910
0.4929673
0.4939439
0.5157399
0.5040095
0.4964549
0.5013613
0.5054658
0.4987965
0.4672388
0.5343306
0.4773628
0.4966050
0.4601391
0.5030612
0.5287543
0.4857277
0.5042547
0.4864958
0.4886607
0.4978240
0.5050090
0.5010099
0.4847734
0.4772351
0.4711742
0.4907097
0.5170300
0.5058542
0.5121121
0.5066885
0.5251011
0.5064097
0.5251443
0.5072241
0.5161964
0.4877954
0.5115352
0.4776412
0.4935197
0.4848910
0.4929673
0.4939439
0.5157399
0.5040095
0.4964549
0.5013613
0.5054658
0.4987965
0.4672388
0.5343306
0.4773628
0.4966050
0.4601391
0.5030612
0.5287543
0.4857277
0.5042547
0.4864958
0.4886607
0.4978240
0.5050090
0.5010099
0.4847734
0.4772351
0.4711742
0.4907097
0.5170300
0.5058542
0.5121121
0.5066885
0.5251011
0.5064097
0.5251443
0.5072241
0.5161964
0.4877954
0.5115352
0.4776412
0.4935197
0.4848910
0.4929673
0.4939439
0.5157399
0.5040095
0.4964549
0.5013613
0.5054658
0.4987965
0.4672388
0.5343306
0.4773628
0.4966050
0.4601391
0.5030612
0.5287543
0.4857277
0.5042547
0.4864958
0.4886607
0.4978240
0.5050090
0.5010099
0.4847734
0.4772351
0.4711742
0.4907097
0.5170300
0.5058542
0.5121121
0.5066885
0.5251011
0.5064097
0.5251443
0.5072241
0.5161964
0.4877954
0.5115352
0.4776412
0.4935197
0.4848910
0.4929673
0.4939439
0.5157399
0.5040095
0.4964549
0.5013613
0.5054658
0.4987965
0.4672388
0.5343306
0.4773628
0.4966050
0.4601391
0.5030612
0.5287543
0.4857277
0.5042547
0.4864958
0.4886607
0.4978240
0.5050090
0.5010099
0.4847734
0.4772351
0.4711742
0.4907097
0.5170300
0.5058542
0.5121121
0.5066885
0.5251011
0.5064097
0.5251443
0.5072241
0.5161964
0.4877954
0.5115352
0.4776412
0.4935197
0.4848910
0.4929673
0.4939439
0.5157399
0.5040095
0.4964549
0.5013613
0.5054658
0.4987965
0.4672388
0.5343306
0.4773628
0.4966050
0.4601391
0.5030612
0.5287543
0.4857277
0.5042547
0.4864958
0.4886607
0.4978240
0.5050090
0.5010099
0.4847734
0.4772351
0.4711742
0.4907097
0.5170300
0.5058542
0.5121121
0.5066885
0.5251011
0.5064097
0.5251443
0.5072241
0.5161964
0.4877954
0.5115352
0.4776412
0.4935197
0.4848910
0.4929673
0.4939439
0.5157399
0.5040095
0.4964549
0.5013613
0.5054658
0.4987965
0.4672388
0.5343306
0.4773628
0.4966050
0.4601391
0.5030612
0.5287543
0.4857277
0.5042547
0.4864958
0.4886607
0.4978240
0.5050090
0.5010099
0.4847734
0.4772351
0.4711742
0.4907097
0.5170300
0.5058542
0.5121121
0.5066885
0.5251011
0.5064097
0.5251443
0.5072241
0.5161964
0.4877954
0.5115352
0.4776412
0.4935197
0.4848910
0.4929673
0.4939439
0.5157399
0.5040095
0.4964549
0.5013613
0.5054658
0.4987965
0.4672388
0.5343306
0.4773628
0.4966050
0.4601391
0.5030612
0.5287543
0.4857277
0.5042547
0.4864958
0.4886607
0.4978240
0.5050090
0.5010099
0.4847734
0.4772351
0.4711742
0.4907097
0.5170300
0.5058542
0.5121121
0.5066885
0.5251011
0.5064097
0.5251443
0.5072241
0.5161964
0.4877954
0.5115352
0.4776412
0.4935197
0.4848910
0.4929673
0.4939439
0.5157399
0.5040095
0.4964549
0.5013613
0.5054658
0.4987965
0.4672388
0.5343306
0.4773628
0.4966050
0.4601391
0.5030612
0.5287543
0.4857277
0.5042547
0.4864958
0.4886607
0.4978240
0.5050090
0.5010099
0.4847734
0.4772351
0.4711742
0.4907097
0.5170300
0.5058542
0.5121121
0.5066885
0.5251011
0.5064097
0.5251443
0.5072241
0.5161964
0.4877954
0.5115352
0.4776412
0.4935197
0.4848910
0.4929673
0.4939439
0.5157399
0.5040095
0.4964549
0.5013613
0.5054658
0.4987965
0.4672388
0.5343306
0.4773628
0.4966050
0.4601391
0.5030612
0.5287543
0.4857277
0.5042547
0.4864958
0.4886607
0.4978240
0.5050090
0.5010099
0.4847734
0.4772351
0.4711742
0.4907097
0.5170300
0.5058542
0.5121121
0.5066885
0.5251011
0.5064097
0.5251443
0.5072241
0.5161964
0.4877954
0.5115352
0.4776412
0.4935197
0.4848910
0.4929673
0.4939439
0.5157399
0.5040095
0.4964549
0.5013613
0.5054658
0.4987965
0.4672388
0.5343306
0.4773628
0.4966050
0.4601391
0.5030612
0.5287543
0.4857277
0.5042547
0.4864958
0.4886607
0.4978240
0.5050090
0.5010099
0.4847734
0.4772351
0.4711742
0.4907097
0.5170300
0.5058542
0.5121121
0.5066885
0.5251011
0.5064097
0.5251443
0.5072241
0.5161964
0.4877954
0.5115352
0.4776412
0.4935197
0.4848910
0.4929673
0.4939439
0.5157399
0.5040095
0.4964549
0.5013613
0.5054658
0.4987965
0.4672388
0.5343306
0.4773628
0.4966050
0.4601391
0.5030612
0.5287543
0.4857277
0.5042547
0.4864958
0.4886607
0.4978240
0.5050090
0.5010099
0.4847734
0.4772351
0.4711742
0.4907097
0.5170300
0.5058542
0.5121121
0.5066885
0.5251011
0.5064097
0.5251443
0.5072241
0.5161964
0.4877954
0.5115352
0.4776412
0.4935197
0.4848910
0.4929673
0.4939439
0.5157399
0.5040095
0.4964549
0.5013613
0.5054658
0.4987965
0.4672388
0.5343306
0.4773628
0.4966050
0.4601391
0.5030612
0.5287543
0.4857277
0.5042547
0.4864958
0.4886607
0.4978240
0.5050090
0.5010099
0.4847734
0.4772351
0.4711742
0.4907097
0.5170300
0.5058542
0.5121121
0.5066885
0.5251011
0.5064097
0.5251443
0.5072241
0.5161964
0.4877954
0.5115352
0.4776412
0.4935197
0.4848910
0.4929673
0.4939439
0.5157399
0.5040095
0.4964549
0.5013613
0.5054658
0.4987965
0.4672388
0.5343306
0.4773628
0.4966050
0.4601391
0.5030612
0.5287543
0.4857277
0.5042547
0.4864958
0.4886607
0.4978240
0.5050090
0.5010099
0.4847734
0.4772351
0.4711742
0.4907097
0.5170300
0.5058542
0.5121121
0.5066885
0.5251011
0.5064097
0.5251443
0.5072241
0.5161964
0.4877954
0.5115352
0.4776412
0.4935197
0.4848910
0.4929673
0.4939439
0.5157399
0.5040095
0.4964549
0.5013613
0.5054658
0.4987965
0.4672388
0.5343306
0.4773628
0.4966050
0.4601391
0.5030612
0.5287543
0.4857277
0.5042547
0.4864958
0.4886607
0.4978240
0.5050090
0.5010099
0.4847734
0.4772351
0.4711742
0.4907097
0.5170300
0.5058542
0.5121121
0.5066885
0.5251011
0.5064097
0.5251443
0.5072241
0.5161964
0.4877954
0.5115352
0.4776412
0.4935197
0.4848910
0.4929673
0.4939439
0.5157399
0.5040095
0.4964549
0.5013613
0.5054658
0.4987965
0.4672388
0.5343306
0.4773628
0.4966050
0.4601391
0.5030612
0.5287543
0.4857277
0.5042547
0.4864958
0.4886607
0.4978240
0.5050090
0.5010099
0.4847734
0.4772351
0.4711742
0.4907097
0.5170300
0.5058542
0.5121121
0.5066885
0.5251011
0.5064097
0.5251443
0.5072241
0.5161964
0.4877954
0.5115352
0.4776412
0.4935197
0.4848910
0.4929673
0.4939439
0.5157399
0.5040095
0.4964549
0.5013613
0.5054658
0.4987965
0.4672388
0.5343306
0.4773628
0.4966050
0.4601391
0.5030612
0.5287543
0.4857277
0.5042547
0.4864958
0.4886607
0.4978240
0.5050090
0.5010099
0.4847734
0.4772351
0.4711742
0.4907097
0.5170300
0.5058542
0.5121121
0.5066885
0.5251011
0.5064097
0.5251443
0.5072241
0.5161964
0.4877954
0.5115352
0.4776412
0.4935197
0.4848910
0.4929673
0.4939439
0.5157399
0.5040095
0.4964549
0.5013613
0.5054658
0.4987965
0.4672388
0.5343306
0.4773628
0.4966050
0.4601391
0.5030612
0.5287543
0.4857277
0.5042547
0.4864958
0.4886607
0.4978240
0.5050090
0.5010099
0.4847734
0.4772351
0.4711742
0.4907097
0.5170300
0.5058542
0.5121121
0.5066885
0.5251011
0.5064097
0.5251443
0.5072241
0.5161964
0.4877954
0.5115352
0.4776412
0.4935197
0.4848910
0.4929673
0.4939439
0.5157399
0.5040095
0.4964549
0.5013613
0.5054658
0.4987965
0.4672388
0.5343306
0.4773628
0.4966050
0.4601391
0.5030612
0.5287543
0.4857277
0.5042547
0.4864958
0.4886607
0.4978240
0.5050090
0.5010099
0.4847734
0.4772351
0.4711742
0.4907097
0.5170300
0.5058542
0.5121121
0.5066885
0.5251011
0.5064097
0.5251443
0.5072241
0.5161964
0.4877954
0.5115352
0.4776412
0.4935197
0.4848910
0.4929673
0.4939439
0.5157399
0.5040095
0.4964549
0.5013613
0.5054658
0.4987965
0.4672388
0.5343306
0.4773628
0.4966050
0.4601391
0.5030612
0.5287543
0.4857277
0.5042547
0.4864958
0.4886607
0.4978240
0.5050090
0.5010099
0.4847734
0.4772351
0.4711742
0.4907097
0.5170300
0.5058542
0.5121121
0.5066885
0.5251011
0.5064097
0.5251443
0.5072241
0.5161964
0.4877954
0.5115352
0.4776412
0.4935197
0.4848910
0.4929673
0.4939439
0.5157399
0.5040095
0.4964549
0.5013613
0.5054658
0.4987965
0.4672388
0.5343306
0.4773628
0.4966050
0.4601391
0.5030612
0.5287543
0.4857277
0.5042547
0.4864958
0.4886607
0.4978240
0.5050090
0.5010099
0.4847734
0.4772351
0.4711742
0.4907097
0.5170300
0.5058542
0.5121121
0.5066885
0.5251011
0.5064097
0.5251443
0.5072241
0.5161964
0.4877954
0.5115352
0.4776412
0.4935197
0.4848910
0.4929673
0.4939439
0.5157399
0.5040095
0.4964549
0.5013613
0.5054658
0.4987965
0.4672388
0.5343306
0.4773628
0.4966050
0.4601391
0.5030612
0.5287543
0.4857277
0.5042547
0.4864958
0.4886607
0.4978240
0.5050090
0.5010099
0.4847734
0.4772351
0.4711742
0.4907097
0.5170300
0.5058542
0.5121121
0.5066885
0.5251011
0.5064097
0.5251443
0.5072241
0.5161964
0.4877954
0.5115352
0.4776412
0.4935197
0.4848910
0.4929673
0.4939439
0.5157399
0.5040095
0.4964549
0.5013613
0.5054658
0.4987965
0.4672388
0.5343306
0.4773628
0.4966050
0.4601391
0.5030612
0.5287543
0.4857277
0.5042547
0.4864958
0.4886607
0.4978240
0.5050090
0.5010099
0.4847734
0.4772351
0.4711742
0.4907097
0.5170300
0.5058542
0.5121121
0.5066885
0.5251011
0.5064097
0.5251443
0.5072241
0.5161964
0.4877954
0.5115352
0.4776412
0.4935197
0.4848910
0.4929673
0.4939439
0.5157399
0.5040095
0.4964549
0.5013613
0.5054658
0.4987965
0.4672388
0.5343306
0.4773628
0.4966050
0.4601391
0.5030612
0.5287543
0.4857277
0.5042547
0.4864958
0.4886607
0.4978240
0.5050090
0.5010099
0.4847734
0.4772351
0.4711742
0.4907097
0.5170300
0.5058542
0.5121121
0.5066885
0.5251011
0.5064097
0.5251443
0.5072241
0.5161964
0.4877954
0.5115352
0.4776412
0.4935197
0.4848910
0.4929673
0.4939439
0.5157399
0.5040095
0.4964549
0.5013613
0.5054658
0.4987965
0.4672388
0.5343306
0.4773628
0.4966050
0.4601391
0.5030612
0.5287543
0.4857277
0.5042547
0.4864958
0.4886607
0.4978240
0.5050090
0.5010099
0.4847734
0.4772351
0.4711742
0.4907097
0.5170300
0.5058542
0.5121121
0.5066885
0.5251011
0.5064097
0.5251443
0.5072241
0.5161964
0.4877954
0.5115352
0.4776412
0.4935197
0.4848910
0.4929673
0.4939439
0.5157399
0.5040095
0.4964549
0.5013613
0.5054658
0.4987965
0.4672388
0.5343306
0.4773628
0.4966050
0.4601391
0.5030612
0.5287543
0.4857277
0.5042547
0.4864958
0.4886607
0.4978240
0.5050090
0.5010099
0.4847734
0.4772351
0.4711742
0.4907097
0.5170300
0.5058542
0.5121121
0.5066885
0.5251011
0.5064097
0.5251443
0.5072241
0.5161964
0.4877954
0.5115352
0.4776412
0.4935197
0.4848910
0.4929673
0.4939439
0.5157399
0.5040095
0.4964549
0.5013613
0.5054658
0.4987965
0.4672388
0.5343306
0.4773628
0.4966050
0.4601391
0.5030612
0.5287543
0.4857277
0.5042547
0.4864958
0.4886607
0.4978240
0.5050090
0.5010099
0.4847734
0.4772351
0.4711742
0.4907097
0.5170300
0.5058542
0.5121121
0.5066885
0.5251011
0.5064097
0.5251443
0.5072241
0.5161964
0.4877954
0.5115352
0.4776412
0.4935197
0.4848910
0.4929673
0.4939439
0.5157399
0.5040095
0.4964549
0.5013613
0.5054658
0.4987965
0.4672388
0.5343306
0.4773628
0.4966050
0.4601391
0.5030612
0.5287543
0.4857277
0.5042547
0.4864958
0.4886607
0.4978240
0.5050090
0.5010099
0.4847734
0.4772351
0.4711742
0.4907097
0.5170300
0.5058542
0.5121121
0.5066885
0.5251011
0.5064097
0.5251443
0.5072241
0.5161964
0.4877954
0.5115352
0.4776412
0.4935197
0.4848910
0.4929673
0.4939439
0.5157399
0.5040095
0.4964549
0.5013613
0.5054658
0.4987965
0.4672388
0.5343306
0.4773628
0.4966050
0.4601391
0.5030612
0.5287543
0.4857277
0.5042547
0.4864958
0.4886607
0.4978240
0.5050090
0.5010099
0.4847734
0.4772351
0.4711742
0.4907097
0.5170300
0.5058542
0.5121121
0.5066885
0.5251011
0.5064097
0.5251443
0.5072241
0.5161964
0.4877954
0.5115352
0.4776412
0.4935197
0.4848910
0.4929673
0.4939439
0.5157399
0.5040095
0.4964549
0.5013613
0.5054658
0.4987965
0.4672388
0.5343306
0.4773628
0.4966050
0.4601391
0.5030612
0.5287543
0.4857277
0.5042547
0.4864958
0.4886607
0.4978240
0.5050090
0.5010099
0.4847734
0.4772351
0.4711742
0.4907097
0.5170300
0.5058542
0.5121121
0.5066885
0.5251011
0.5064097
0.5251443
0.5072241
0.5161964
0.4877954
0.5115352
0.4776412
0.4935197
0.4848910
0.4929673
0.4939439
