0.5175214
0.5171753
0.5002263
0.4929579
0.5276435
0.5042746
0.5108540
0.4863555
0.5225342
0.4655501
0.5020081
0.5069718
0.5134763
0.4968419
0.5015858
0.5148347
0.4882882
0.5225491
0.4868723
0.4926454
0.4842929
0.4555870
0.4938278
0.5078113
0.5321266
0.4987679
0.4993234
0.4881602
0.5202833
0.5083026
0.5088758
0.5051966
0.5323455
0.5040562
0.4860970
0.4921719
0.5125947
0.5170813
0.4945970
0.4854584
0.5175214
0.5171753
0.5002263
0.4929579
0.5276435
0.5042746
0.5108540
0.4863555
0.5225342
0.4655501
0.5020081
0.5069718
0.5134763
0.4968419
0.5015858
0.5148347
0.4882882
0.5225491
0.4868723
0.4926454
0.4842929
0.4555870
0.4938278
0.5078113
0.5321266
0.4987679
0.4993234
0.4881602
0.5202833
0.5083026
0.5088758
0.5051966
0.5323455
0.5040562
0.4860970
0.4921719
0.5125947
0.5170813
0.4945970
0.4854584
0.5175214
0.5171753
0.5002263
0.4929579
0.5276435
0.5042746
0.5108540
0.4863555
0.5225342
0.4655501
0.5020081
0.5069718
0.5134763
0.4968419
0.5015858
0.5148347
0.4882882
0.5225491
0.4868723
0.4926454
0.4842929
0.4555870
0.4938278
0.5078113
0.5321266
0.4987679
0.4993234
0.4881602
0.5202833
0.5083026
0.5088758
0.5051966
0.5323455
0.5040562
0.4860970
0.4921719
0.5125947
0.5170813
0.4945970
0.4854584
0.5175214
0.5171753
0.5002263
0.4929579
0.5276435
0.5042746
0.5108540
0.4863555
0.5225342
0.4655501
0.5020081
0.5069718
0.5134763
0.4968419
0.5015858
0.5148347
0.4882882
0.5225491
0.4868723
0.4926454
0.4842929
0.4555870
0.4938278
0.5078113
0.5321266
0.4987679
0.4993234
0.4881602
0.5202833
0.5083026
0.5088758
0.5051966
0.5323455
0.5040562
0.4860970
0.4921719
0.5125947
0.5170813
0.4945970
0.4854584
0.5175214
0.5171753
0.5002263
0.4929579
0.5276435
0.5042746
0.5108540
0.4863555
0.5225342
0.4655501
0.5020081
0.5069718
0.5134763
0.4968419
0.5015858
0.5148347
0.4882882
0.5225491
0.4868723
0.4926454
0.4842929
0.4555870
0.4938278
0.5078113
0.5321266
0.4987679
0.4993234
0.4881602
0.5202833
0.5083026
0.5088758
0.5051966
0.5323455
0.5040562
0.4860970
0.4921719
0.5125947
0.5170813
0.4945970
0.4854584
0.5175214
0.5171753
0.5002263
0.4929579
0.5276435
0.5042746
0.5108540
0.4863555
0.5225342
0.4655501
0.5020081
0.5069718
0.5134763
0.4968419
0.5015858
0.5148347
0.4882882
0.5225491
0.4868723
0.4926454
0.4842929
0.4555870
0.4938278
0.5078113
0.5321266
0.4987679
0.4993234
0.4881602
0.5202833
0.5083026
0.5088758
0.5051966
0.5323455
0.5040562
0.4860970
0.4921719
0.5125947
0.5170813
0.4945970
0.4854584
0.5175214
0.5171753
0.5002263
0.4929579
0.5276435
0.5042746
0.5108540
0.4863555
0.5225342
0.4655501
0.5020081
0.5069718
0.5134763
0.4968419
0.5015858
0.5148347
0.4882882
0.5225491
0.4868723
0.4926454
0.4842929
0.4555870
0.4938278
0.5078113
0.5321266
0.4987679
0.4993234
0.4881602
0.5202833
0.5083026
0.5088758
0.5051966
0.5323455
0.5040562
0.4860970
0.4921719
0.5125947
0.5170813
0.4945970
0.4854584
0.5175214
0.5171753
0.5002263
0.4929579
0.5276435
0.5042746
0.5108540
0.4863555
0.5225342
0.4655501
0.5020081
0.5069718
0.5134763
0.4968419
0.5015858
0.5148347
0.4882882
0.5225491
0.4868723
0.4926454
0.4842929
0.4555870
0.4938278
0.5078113
0.5321266
0.4987679
0.4993234
0.4881602
0.5202833
0.5083026
0.5088758
0.5051966
0.5323455
0.5040562
0.4860970
0.4921719
0.5125947
0.5170813
0.4945970
0.4854584
0.5175214
0.5171753
0.5002263
0.4929579
0.5276435
0.5042746
0.5108540
0.4863555
0.5225342
0.4655501
0.5020081
0.5069718
0.5134763
0.4968419
0.5015858
0.5148347
0.4882882
0.5225491
0.4868723
0.4926454
0.4842929
0.4555870
0.4938278
0.5078113
0.5321266
0.4987679
0.4993234
0.4881602
0.5202833
0.5083026
0.5088758
0.5051966
0.5323455
0.5040562
0.4860970
0.4921719
0.5125947
0.5170813
0.4945970
0.4854584
0.5175214
0.5171753
0.5002263
0.4929579
0.5276435
0.5042746
0.5108540
0.4863555
0.5225342
0.4655501
0.5020081
0.5069718
0.5134763
0.4968419
0.5015858
0.5148347
0.4882882
0.5225491
0.4868723
0.4926454
0.4842929
0.4555870
0.4938278
0.5078113
0.5321266
0.4987679
0.4993234
0.4881602
0.5202833
0.5083026
0.5088758
0.5051966
0.5323455
0.5040562
0.4860970
0.4921719
0.5125947
0.5170813
0.4945970
0.4854584
0.5175214
0.5171753
0.5002263
0.4929579
0.5276435
0.5042746
0.5108540
0.4863555
0.5225342
0.4655501
0.5020081
0.5069718
0.5134763
0.4968419
0.5015858
0.5148347
0.4882882
0.5225491
0.4868723
0.4926454
0.4842929
0.4555870
0.4938278
0.5078113
0.5321266
0.4987679
0.4993234
0.4881602
0.5202833
0.5083026
0.5088758
0.5051966
0.5323455
0.5040562
0.4860970
0.4921719
0.5125947
0.5170813
0.4945970
0.4854584
0.5175214
0.5171753
0.5002263
0.4929579
0.5276435
0.5042746
0.5108540
0.4863555
0.5225342
0.4655501
0.5020081
0.5069718
0.5134763
0.4968419
0.5015858
0.5148347
0.4882882
0.5225491
0.4868723
0.4926454
0.4842929
0.4555870
0.4938278
0.5078113
0.5321266
0.4987679
0.4993234
0.4881602
0.5202833
0.5083026
0.5088758
0.5051966
0.5323455
0.5040562
0.4860970
0.4921719
0.5125947
0.5170813
0.4945970
0.4854584
0.5175214
0.5171753
0.5002263
0.4929579
0.5276435
0.5042746
0.5108540
0.4863555
0.5225342
0.4655501
0.5020081
0.5069718
0.5134763
0.4968419
0.5015858
0.5148347
0.4882882
0.5225491
0.4868723
0.4926454
0.4842929
0.4555870
0.4938278
0.5078113
0.5321266
0.4987679
0.4993234
0.4881602
0.5202833
0.5083026
0.5088758
0.5051966
0.5323455
0.5040562
0.4860970
0.4921719
0.5125947
0.5170813
0.4945970
0.4854584
0.5175214
0.5171753
0.5002263
0.4929579
0.5276435
0.5042746
0.5108540
0.4863555
0.5225342
0.4655501
0.5020081
0.5069718
0.5134763
0.4968419
0.5015858
0.5148347
0.4882882
0.5225491
0.4868723
0.4926454
0.4842929
0.4555870
0.4938278
0.5078113
0.5321266
0.4987679
0.4993234
0.4881602
0.5202833
0.5083026
0.5088758
0.5051966
0.5323455
0.5040562
0.4860970
0.4921719
0.5125947
0.5170813
0.4945970
0.4854584
0.5175214
0.5171753
0.5002263
0.4929579
0.5276435
0.5042746
0.5108540
0.4863555
0.5225342
0.4655501
0.5020081
0.5069718
0.5134763
0.4968419
0.5015858
0.5148347
0.4882882
0.5225491
0.4868723
0.4926454
0.4842929
0.4555870
0.4938278
0.5078113
0.5321266
0.4987679
0.4993234
0.4881602
0.5202833
0.5083026
0.5088758
0.5051966
0.5323455
0.5040562
0.4860970
0.4921719
0.5125947
0.5170813
0.4945970
0.4854584
0.5175214
0.5171753
0.5002263
0.4929579
0.5276435
0.5042746
0.5108540
0.4863555
0.5225342
0.4655501
0.5020081
0.5069718
0.5134763
0.4968419
0.5015858
0.5148347
0.4882882
0.5225491
0.4868723
0.4926454
0.4842929
0.4555870
0.4938278
0.5078113
0.5321266
0.4987679
0.4993234
0.4881602
0.5202833
0.5083026
0.5088758
0.5051966
0.5323455
0.5040562
0.4860970
0.4921719
0.5125947
0.5170813
0.4945970
0.4854584
0.5175214
0.5171753
0.5002263
0.4929579
0.5276435
0.5042746
0.5108540
0.4863555
0.5225342
0.4655501
0.5020081
0.5069718
0.5134763
0.4968419
0.5015858
0.5148347
0.4882882
0.5225491
0.4868723
0.4926454
0.4842929
0.4555870
0.4938278
0.5078113
0.5321266
0.4987679
0.4993234
0.4881602
0.5202833
0.5083026
0.5088758
0.5051966
0.5323455
0.5040562
0.4860970
0.4921719
0.5125947
0.5170813
0.4945970
0.4854584
0.5175214
0.5171753
0.5002263
0.4929579
0.5276435
0.5042746
0.5108540
0.4863555
0.5225342
0.4655501
0.5020081
0.5069718
0.5134763
0.4968419
0.5015858
0.5148347
0.4882882
0.5225491
0.4868723
0.4926454
0.4842929
0.4555870
0.4938278
0.5078113
0.5321266
0.4987679
0.4993234
0.4881602
0.5202833
0.5083026
0.5088758
0.5051966
0.5323455
0.5040562
0.4860970
0.4921719
0.5125947
0.5170813
0.4945970
0.4854584
0.5175214
0.5171753
0.5002263
0.4929579
0.5276435
0.5042746
0.5108540
0.4863555
0.5225342
0.4655501
0.5020081
0.5069718
0.5134763
0.4968419
0.5015858
0.5148347
0.4882882
0.5225491
0.4868723
0.4926454
0.4842929
0.4555870
0.4938278
0.5078113
0.5321266
0.4987679
0.4993234
0.4881602
0.5202833
0.5083026
0.5088758
0.5051966
0.5323455
0.5040562
0.4860970
0.4921719
0.5125947
0.5170813
0.4945970
0.4854584
0.5175214
0.5171753
0.5002263
0.4929579
0.5276435
0.5042746
0.5108540
0.4863555
0.5225342
0.4655501
0.5020081
0.5069718
0.5134763
0.4968419
0.5015858
0.5148347
0.4882882
0.5225491
0.4868723
0.4926454
0.4842929
0.4555870
0.4938278
0.5078113
0.5321266
0.4987679
0.4993234
0.4881602
0.5202833
0.5083026
0.5088758
0.5051966
0.5323455
0.5040562
0.4860970
0.4921719
0.5125947
0.5170813
0.4945970
0.4854584
0.5175214
0.5171753
0.5002263
0.4929579
0.5276435
0.5042746
0.5108540
0.4863555
0.5225342
0.4655501
0.5020081
0.5069718
0.5134763
0.4968419
0.5015858
0.5148347
0.4882882
0.5225491
0.4868723
0.4926454
0.4842929
0.4555870
0.4938278
0.5078113
0.5321266
0.4987679
0.4993234
0.4881602
0.5202833
0.5083026
0.5088758
0.5051966
0.5323455
0.5040562
0.4860970
0.4921719
0.5125947
0.5170813
0.4945970
0.4854584
0.5175214
0.5171753
0.5002263
0.4929579
0.5276435
0.5042746
0.5108540
0.4863555
0.5225342
0.4655501
0.5020081
0.5069718
0.5134763
0.4968419
0.5015858
0.5148347
0.4882882
0.5225491
0.4868723
0.4926454
0.4842929
0.4555870
0.4938278
0.5078113
0.5321266
0.4987679
0.4993234
0.4881602
0.5202833
0.5083026
0.5088758
0.5051966
0.5323455
0.5040562
0.4860970
0.4921719
0.5125947
0.5170813
0.4945970
0.4854584
0.5175214
0.5171753
0.5002263
0.4929579
0.5276435
0.5042746
0.5108540
0.4863555
0.5225342
0.4655501
0.5020081
0.5069718
0.5134763
0.4968419
0.5015858
0.5148347
0.4882882
0.5225491
0.4868723
0.4926454
0.4842929
0.4555870
0.4938278
0.5078113
0.5321266
0.4987679
0.4993234
0.4881602
0.5202833
0.5083026
0.5088758
0.5051966
0.5323455
0.5040562
0.4860970
0.4921719
0.5125947
0.5170813
0.4945970
0.4854584
0.5175214
0.5171753
0.5002263
0.4929579
0.5276435
0.5042746
0.5108540
0.4863555
0.5225342
0.4655501
0.5020081
0.5069718
0.5134763
0.4968419
0.5015858
0.5148347
0.4882882
0.5225491
0.4868723
0.4926454
0.4842929
0.4555870
0.4938278
0.5078113
0.5321266
0.4987679
0.4993234
0.4881602
0.5202833
0.5083026
0.5088758
0.5051966
0.5323455
0.5040562
0.4860970
0.4921719
0.5125947
0.5170813
0.4945970
0.4854584
0.5175214
0.5171753
0.5002263
0.4929579
0.5276435
0.5042746
0.5108540
0.4863555
0.5225342
0.4655501
0.5020081
0.5069718
0.5134763
0.4968419
0.5015858
0.5148347
0.4882882
0.5225491
0.4868723
0.4926454
0.4842929
0.4555870
0.4938278
0.5078113
0.5321266
0.4987679
0.4993234
0.4881602
0.5202833
0.5083026
0.5088758
0.5051966
0.5323455
0.5040562
0.4860970
0.4921719
0.5125947
0.5170813
0.4945970
0.4854584
0.5175214
0.5171753
0.5002263
0.4929579
0.5276435
0.5042746
0.5108540
0.4863555
0.5225342
0.4655501
0.5020081
0.5069718
0.5134763
0.4968419
0.5015858
0.5148347
0.4882882
0.5225491
0.4868723
0.4926454
0.4842929
0.4555870
0.4938278
0.5078113
0.5321266
0.4987679
0.4993234
0.4881602
0.5202833
0.5083026
0.5088758
0.5051966
0.5323455
0.5040562
0.4860970
0.4921719
0.5125947
0.5170813
0.4945970
0.4854584
0.5175214
0.5171753
0.5002263
0.4929579
0.5276435
0.5042746
0.5108540
0.4863555
0.5225342
0.4655501
0.5020081
0.5069718
0.5134763
0.4968419
0.5015858
0.5148347
0.4882882
0.5225491
0.4868723
0.4926454
0.4842929
0.4555870
0.4938278
0.5078113
0.5321266
0.4987679
0.4993234
0.4881602
0.5202833
0.5083026
0.5088758
0.5051966
0.5323455
0.5040562
0.4860970
0.4921719
0.5125947
0.5170813
0.4945970
0.4854584
0.5175214
0.5171753
0.5002263
0.4929579
0.5276435
0.5042746
0.5108540
0.4863555
0.5225342
0.4655501
0.5020081
0.5069718
0.5134763
0.4968419
0.5015858
0.5148347
0.4882882
0.5225491
0.4868723
0.4926454
0.4842929
0.4555870
0.4938278
0.5078113
0.5321266
0.4987679
0.4993234
0.4881602
0.5202833
0.5083026
0.5088758
0.5051966
0.5323455
0.5040562
0.4860970
0.4921719
0.5125947
0.5170813
0.4945970
0.4854584
0.5175214
0.5171753
0.5002263
0.4929579
0.5276435
0.5042746
0.5108540
0.4863555
0.5225342
0.4655501
0.5020081
0.5069718
0.5134763
0.4968419
0.5015858
0.5148347
0.4882882
0.5225491
0.4868723
0.4926454
0.4842929
0.4555870
0.4938278
0.5078113
0.5321266
0.4987679
0.4993234
0.4881602
0.5202833
0.5083026
0.5088758
0.5051966
0.5323455
0.5040562
0.4860970
0.4921719
0.5125947
0.5170813
0.4945970
0.4854584
0.5175214
0.5171753
0.5002263
0.4929579
0.5276435
0.5042746
0.5108540
0.4863555
0.5225342
0.4655501
0.5020081
0.5069718
0.5134763
0.4968419
0.5015858
0.5148347
0.4882882
0.5225491
0.4868723
0.4926454
0.4842929
0.4555870
0.4938278
0.5078113
0.5321266
0.4987679
0.4993234
0.4881602
0.5202833
0.5083026
0.5088758
0.5051966
0.5323455
0.5040562
0.4860970
0.4921719
0.5125947
0.5170813
0.4945970
0.4854584
0.5175214
0.5171753
0.5002263
0.4929579
0.5276435
0.5042746
0.5108540
0.4863555
0.5225342
0.4655501
0.5020081
0.5069718
0.5134763
0.4968419
0.5015858
0.5148347
0.4882882
0.5225491
0.4868723
0.4926454
0.4842929
0.4555870
0.4938278
0.5078113
0.5321266
0.4987679
0.4993234
0.4881602
0.5202833
0.5083026
0.5088758
0.5051966
0.5323455
0.5040562
0.4860970
0.4921719
0.5125947
0.5170813
0.4945970
0.4854584
0.5175214
0.5171753
0.5002263
0.4929579
0.5276435
0.5042746
0.5108540
0.4863555
0.5225342
0.4655501
0.5020081
0.5069718
0.5134763
0.4968419
0.5015858
0.5148347
0.4882882
0.5225491
0.4868723
0.4926454
0.4842929
0.4555870
0.4938278
0.5078113
0.5321266
0.4987679
0.4993234
0.4881602
0.5202833
0.5083026
0.5088758
0.5051966
0.5323455
0.5040562
0.4860970
0.4921719
0.5125947
0.5170813
0.4945970
0.4854584
0.5175214
0.5171753
0.5002263
0.4929579
0.5276435
0.5042746
0.5108540
0.4863555
0.5225342
0.4655501
0.5020081
0.5069718
0.5134763
0.4968419
0.5015858
0.5148347
0.4882882
0.5225491
0.4868723
0.4926454
0.4842929
0.4555870
0.4938278
0.5078113
0.5321266
0.4987679
0.4993234
0.4881602
0.5202833
0.5083026
0.5088758
0.5051966
0.5323455
0.5040562
0.4860970
0.4921719
0.5125947
0.5170813
0.4945970
0.4854584
0.5175214
0.5171753
0.5002263
0.4929579
0.5276435
0.5042746
0.5108540
0.4863555
0.5225342
0.4655501
0.5020081
0.5069718
0.5134763
0.4968419
0.5015858
0.5148347
0.4882882
0.5225491
0.4868723
0.4926454
0.4842929
0.4555870
0.4938278
0.5078113
0.5321266
0.4987679
0.4993234
0.4881602
0.5202833
0.5083026
0.5088758
0.5051966
0.5323455
0.5040562
0.4860970
0.4921719
0.5125947
0.5170813
0.4945970
0.4854584
0.5175214
0.5171753
0.5002263
0.4929579
0.5276435
0.5042746
0.5108540
0.4863555
0.5225342
0.4655501
0.5020081
0.5069718
0.5134763
0.4968419
0.5015858
0.5148347
0.4882882
0.5225491
0.4868723
0.4926454
0.4842929
0.4555870
0.4938278
0.5078113
0.5321266
0.4987679
0.4993234
0.4881602
0.5202833
0.5083026
0.5088758
0.5051966
0.5323455
0.5040562
0.4860970
0.4921719
0.5125947
0.5170813
0.4945970
0.4854584
0.5175214
0.5171753
0.5002263
0.4929579
0.5276435
0.5042746
0.5108540
0.4863555
0.5225342
0.4655501
0.5020081
0.5069718
0.5134763
0.4968419
0.5015858
0.5148347
0.4882882
0.5225491
0.4868723
0.4926454
0.4842929
0.4555870
0.4938278
0.5078113
0.5321266
0.4987679
0.4993234
0.4881602
0.5202833
0.5083026
0.5088758
0.5051966
0.5323455
0.5040562
0.4860970
0.4921719
0.5125947
0.5170813
0.4945970
0.4854584
0.5175214
0.5171753
0.5002263
0.4929579
0.5276435
0.5042746
0.5108540
0.4863555
0.5225342
0.4655501
0.5020081
0.5069718
0.5134763
0.4968419
0.5015858
0.5148347
0.4882882
0.5225491
0.4868723
0.4926454
0.4842929
0.4555870
0.4938278
0.5078113
0.5321266
0.4987679
0.4993234
0.4881602
0.5202833
0.5083026
0.5088758
0.5051966
0.5323455
0.5040562
0.4860970
0.4921719
0.5125947
0.5170813
0.4945970
0.4854584
0.5175214
0.5171753
0.5002263
0.4929579
0.5276435
0.5042746
0.5108540
0.4863555
0.5225342
0.4655501
0.5020081
0.5069718
0.5134763
0.4968419
0.5015858
0.5148347
0.4882882
0.5225491
0.4868723
0.4926454
0.4842929
0.4555870
0.4938278
0.5078113
0.5321266
0.4987679
0.4993234
0.4881602
0.5202833
0.5083026
0.5088758
0.5051966
0.5323455
0.5040562
0.4860970
0.4921719
0.5125947
0.5170813
0.4945970
0.4854584
0.5175214
0.5171753
0.5002263
0.4929579
0.5276435
0.5042746
0.5108540
0.4863555
0.5225342
0.4655501
0.5020081
0.5069718
0.5134763
0.4968419
0.5015858
0.5148347
0.4882882
0.5225491
0.4868723
0.4926454
0.4842929
0.4555870
0.4938278
0.5078113
0.5321266
0.4987679
0.4993234
0.4881602
0.5202833
0.5083026
0.5088758
0.5051966
0.5323455
0.5040562
0.4860970
0.4921719
0.5125947
0.5170813
0.4945970
0.4854584
0.5175214
0.5171753
0.5002263
0.4929579
0.5276435
0.5042746
0.5108540
0.4863555
0.5225342
0.4655501
0.5020081
0.5069718
0.5134763
0.4968419
0.5015858
0.5148347
0.4882882
0.5225491
0.4868723
0.4926454
0.4842929
0.4555870
0.4938278
0.5078113
0.5321266
0.4987679
0.4993234
0.4881602
0.5202833
0.5083026
0.5088758
0.5051966
0.5323455
0.5040562
0.4860970
0.4921719
0.5125947
0.5170813
0.4945970
0.4854584
0.5175214
0.5171753
0.5002263
0.4929579
0.5276435
0.5042746
0.5108540
0.4863555
0.5225342
0.4655501
0.5020081
0.5069718
0.5134763
0.4968419
0.5015858
0.5148347
0.4882882
0.5225491
0.4868723
0.4926454
0.4842929
0.4555870
0.4938278
0.5078113
0.5321266
0.4987679
0.4993234
0.4881602
0.5202833
0.5083026
0.5088758
0.5051966
0.5323455
0.5040562
0.4860970
0.4921719
0.5125947
0.5170813
0.4945970
0.4854584
0.5175214
0.5171753
0.5002263
0.4929579
0.5276435
0.5042746
0.5108540
0.4863555
0.5225342
0.4655501
0.5020081
0.5069718
0.5134763
0.4968419
0.5015858
0.5148347
0.4882882
0.5225491
0.4868723
0.4926454
0.4842929
0.4555870
0.4938278
0.5078113
0.5321266
0.4987679
0.4993234
0.4881602
0.5202833
0.5083026
0.5088758
0.5051966
0.5323455
0.5040562
0.4860970
0.4921719
0.5125947
0.5170813
0.4945970
0.4854584
0.5175214
0.5171753
0.5002263
0.4929579
0.5276435
0.5042746
0.5108540
0.4863555
0.5225342
0.4655501
0.5020081
0.5069718
0.5134763
0.4968419
0.5015858
0.5148347
0.4882882
0.5225491
0.4868723
0.4926454
0.4842929
0.4555870
0.4938278
0.5078113
0.5321266
0.4987679
0.4993234
0.4881602
0.5202833
0.5083026
0.5088758
0.5051966
0.5323455
0.5040562
0.4860970
0.4921719
0.5125947
0.5170813
0.4945970
0.4854584
0.5175214
0.5171753
0.5002263
0.4929579
0.5276435
0.5042746
0.5108540
0.4863555
0.5225342
0.4655501
0.5020081
0.5069718
0.5134763
0.4968419
0.5015858
0.5148347
0.4882882
0.5225491
0.4868723
0.4926454
0.4842929
0.4555870
0.4938278
0.5078113
0.5321266
0.4987679
0.4993234
0.4881602
0.5202833
0.5083026
0.5088758
0.5051966
0.5323455
0.5040562
0.4860970
0.4921719
0.5125947
0.5170813
0.4945970
0.4854584
0.5175214
0.5171753
0.5002263
0.4929579
0.5276435
0.5042746
0.5108540
0.4863555
0.5225342
0.4655501
0.5020081
0.5069718
0.5134763
0.4968419
0.5015858
0.5148347
0.4882882
0.5225491
0.4868723
0.4926454
0.4842929
0.4555870
0.4938278
0.5078113
0.5321266
0.4987679
0.4993234
0.4881602
0.5202833
0.5083026
0.5088758
0.5051966
0.5323455
0.5040562
0.4860970
0.4921719
0.5125947
0.5170813
0.4945970
0.4854584
0.5175214
0.5171753
0.5002263
0.4929579
0.5276435
0.5042746
0.5108540
0.4863555
0.5225342
0.4655501
0.5020081
0.5069718
0.5134763
0.4968419
0.5015858
0.5148347
0.4882882
0.5225491
0.4868723
0.4926454
0.4842929
0.4555870
0.4938278
0.5078113
0.5321266
0.4987679
0.4993234
0.4881602
0.5202833
0.5083026
0.5088758
0.5051966
0.5323455
0.5040562
0.4860970
0.4921719
0.5125947
0.5170813
0.4945970
0.4854584
0.5175214
0.5171753
0.5002263
0.4929579
0.5276435
0.5042746
0.5108540
0.4863555
0.5225342
0.4655501
0.5020081
0.5069718
0.5134763
0.4968419
0.5015858
0.5148347
0.4882882
0.5225491
0.4868723
0.4926454
0.4842929
0.4555870
0.4938278
0.5078113
0.5321266
0.4987679
0.4993234
0.4881602
0.5202833
0.5083026
0.5088758
0.5051966
0.5323455
0.5040562
0.4860970
0.4921719
0.5125947
0.5170813
0.4945970
0.4854584
0.5175214
0.5171753
0.5002263
0.4929579
0.5276435
0.5042746
0.5108540
0.4863555
0.5225342
0.4655501
0.5020081
0.5069718
0.5134763
0.4968419
0.5015858
0.5148347
0.4882882
0.5225491
0.4868723
0.4926454
0.4842929
0.4555870
0.4938278
0.5078113
0.5321266
0.4987679
0.4993234
0.4881602
0.5202833
0.5083026
0.5088758
0.5051966
0.5323455
0.5040562
0.4860970
0.4921719
0.5125947
0.5170813
0.4945970
0.4854584
0.5175214
0.5171753
0.5002263
0.4929579
0.5276435
0.5042746
0.5108540
0.4863555
0.5225342
0.4655501
0.5020081
0.5069718
0.5134763
0.4968419
0.5015858
0.5148347
0.4882882
0.5225491
0.4868723
0.4926454
0.4842929
0.4555870
0.4938278
0.5078113
0.5321266
0.4987679
0.4993234
0.4881602
0.5202833
0.5083026
0.5088758
0.5051966
0.5323455
0.5040562
0.4860970
0.4921719
0.5125947
0.5170813
0.4945970
0.4854584
0.5175214
0.5171753
0.5002263
0.4929579
0.5276435
0.5042746
0.5108540
0.4863555
0.5225342
0.4655501
0.5020081
0.5069718
0.5134763
0.4968419
0.5015858
0.5148347
0.4882882
0.5225491
0.4868723
0.4926454
0.4842929
0.4555870
0.4938278
0.5078113
0.5321266
0.4987679
0.4993234
0.4881602
0.5202833
0.5083026
0.5088758
0.5051966
0.5323455
0.5040562
0.4860970
0.4921719
0.5125947
0.5170813
0.4945970
0.4854584
