18.42735
18.09564
17.92270
18.01403
17.47275
18.22369
17.48736
17.89333
17.61412
18.33767
16.82275
16.72920
18.99247
18.57361
17.76090
17.61446
19.11263
17.28892
17.37727
16.82385
18.03647
18.34395
15.35801
18.13658
18.30044
16.74512
19.15411
19.06711
17.62930
17.66039
19.21330
17.21170
18.79170
18.19365
17.92731
19.05655
18.39116
18.00195
18.53722
17.63573
18.42735
18.09564
17.92270
18.01403
17.47275
18.22369
17.48736
17.89333
17.61412
18.33767
16.82275
16.72920
18.99247
18.57361
17.76090
17.61446
19.11263
17.28892
17.37727
16.82385
18.03647
18.34395
15.35801
18.13658
18.30044
16.74512
19.15411
19.06711
17.62930
17.66039
19.21330
17.21170
18.79170
18.19365
17.92731
19.05655
18.39116
18.00195
18.53722
17.63573
18.42735
18.09564
17.92270
18.01403
17.47275
18.22369
17.48736
17.89333
17.61412
18.33767
16.82275
16.72920
18.99247
18.57361
17.76090
17.61446
19.11263
17.28892
17.37727
16.82385
18.03647
18.34395
15.35801
18.13658
18.30044
16.74512
19.15411
19.06711
17.62930
17.66039
19.21330
17.21170
18.79170
18.19365
17.92731
19.05655
18.39116
18.00195
18.53722
17.63573
18.42735
18.09564
17.92270
18.01403
17.47275
18.22369
17.48736
17.89333
17.61412
18.33767
16.82275
16.72920
18.99247
18.57361
17.76090
17.61446
19.11263
17.28892
17.37727
16.82385
18.03647
18.34395
15.35801
18.13658
18.30044
16.74512
19.15411
19.06711
17.62930
17.66039
19.21330
17.21170
18.79170
18.19365
17.92731
19.05655
18.39116
18.00195
18.53722
17.63573
18.42735
18.09564
17.92270
18.01403
17.47275
18.22369
17.48736
17.89333
17.61412
18.33767
16.82275
16.72920
18.99247
18.57361
17.76090
17.61446
19.11263
17.28892
17.37727
16.82385
18.03647
18.34395
15.35801
18.13658
18.30044
16.74512
19.15411
19.06711
17.62930
17.66039
19.21330
17.21170
18.79170
18.19365
17.92731
19.05655
18.39116
18.00195
18.53722
17.63573
18.42735
18.09564
17.92270
18.01403
17.47275
18.22369
17.48736
17.89333
17.61412
18.33767
16.82275
16.72920
18.99247
18.57361
17.76090
17.61446
19.11263
17.28892
17.37727
16.82385
18.03647
18.34395
15.35801
18.13658
18.30044
16.74512
19.15411
19.06711
17.62930
17.66039
19.21330
17.21170
18.79170
18.19365
17.92731
19.05655
18.39116
18.00195
18.53722
17.63573
18.42735
18.09564
17.92270
18.01403
17.47275
18.22369
17.48736
17.89333
17.61412
18.33767
16.82275
16.72920
18.99247
18.57361
17.76090
17.61446
19.11263
17.28892
17.37727
16.82385
18.03647
18.34395
15.35801
18.13658
18.30044
16.74512
19.15411
19.06711
17.62930
17.66039
19.21330
17.21170
18.79170
18.19365
17.92731
19.05655
18.39116
18.00195
18.53722
17.63573
18.42735
18.09564
17.92270
18.01403
17.47275
18.22369
17.48736
17.89333
17.61412
18.33767
16.82275
16.72920
18.99247
18.57361
17.76090
17.61446
19.11263
17.28892
17.37727
16.82385
18.03647
18.34395
15.35801
18.13658
18.30044
16.74512
19.15411
19.06711
17.62930
17.66039
19.21330
17.21170
18.79170
18.19365
17.92731
19.05655
18.39116
18.00195
18.53722
17.63573
18.42735
18.09564
17.92270
18.01403
17.47275
18.22369
17.48736
17.89333
17.61412
18.33767
16.82275
16.72920
18.99247
18.57361
17.76090
17.61446
19.11263
17.28892
17.37727
16.82385
18.03647
18.34395
15.35801
18.13658
18.30044
16.74512
19.15411
19.06711
17.62930
17.66039
19.21330
17.21170
18.79170
18.19365
17.92731
19.05655
18.39116
18.00195
18.53722
17.63573
18.42735
18.09564
17.92270
18.01403
17.47275
18.22369
17.48736
17.89333
17.61412
18.33767
16.82275
16.72920
18.99247
18.57361
17.76090
17.61446
19.11263
17.28892
17.37727
16.82385
18.03647
18.34395
15.35801
18.13658
18.30044
16.74512
19.15411
19.06711
17.62930
17.66039
19.21330
17.21170
18.79170
18.19365
17.92731
19.05655
18.39116
18.00195
18.53722
17.63573
18.42735
18.09564
17.92270
18.01403
17.47275
18.22369
17.48736
17.89333
17.61412
18.33767
16.82275
16.72920
18.99247
18.57361
17.76090
17.61446
19.11263
17.28892
17.37727
16.82385
18.03647
18.34395
15.35801
18.13658
18.30044
16.74512
19.15411
19.06711
17.62930
17.66039
19.21330
17.21170
18.79170
18.19365
17.92731
19.05655
18.39116
18.00195
18.53722
17.63573
18.42735
18.09564
17.92270
18.01403
17.47275
18.22369
17.48736
17.89333
17.61412
18.33767
16.82275
16.72920
18.99247
18.57361
17.76090
17.61446
19.11263
17.28892
17.37727
16.82385
18.03647
18.34395
15.35801
18.13658
18.30044
16.74512
19.15411
19.06711
17.62930
17.66039
19.21330
17.21170
18.79170
18.19365
17.92731
19.05655
18.39116
18.00195
18.53722
17.63573
18.42735
18.09564
17.92270
18.01403
17.47275
18.22369
17.48736
17.89333
17.61412
18.33767
16.82275
16.72920
18.99247
18.57361
17.76090
17.61446
19.11263
17.28892
17.37727
16.82385
18.03647
18.34395
15.35801
18.13658
18.30044
16.74512
19.15411
19.06711
17.62930
17.66039
19.21330
17.21170
18.79170
18.19365
17.92731
19.05655
18.39116
18.00195
18.53722
17.63573
18.42735
18.09564
17.92270
18.01403
17.47275
18.22369
17.48736
17.89333
17.61412
18.33767
16.82275
16.72920
18.99247
18.57361
17.76090
17.61446
19.11263
17.28892
17.37727
16.82385
18.03647
18.34395
15.35801
18.13658
18.30044
16.74512
19.15411
19.06711
17.62930
17.66039
19.21330
17.21170
18.79170
18.19365
17.92731
19.05655
18.39116
18.00195
18.53722
17.63573
18.42735
18.09564
17.92270
18.01403
17.47275
18.22369
17.48736
17.89333
17.61412
18.33767
16.82275
16.72920
18.99247
18.57361
17.76090
17.61446
19.11263
17.28892
17.37727
16.82385
18.03647
18.34395
15.35801
18.13658
18.30044
16.74512
19.15411
19.06711
17.62930
17.66039
19.21330
17.21170
18.79170
18.19365
17.92731
19.05655
18.39116
18.00195
18.53722
17.63573
18.42735
18.09564
17.92270
18.01403
17.47275
18.22369
17.48736
17.89333
17.61412
18.33767
16.82275
16.72920
18.99247
18.57361
17.76090
17.61446
19.11263
17.28892
17.37727
16.82385
18.03647
18.34395
15.35801
18.13658
18.30044
16.74512
19.15411
19.06711
17.62930
17.66039
19.21330
17.21170
18.79170
18.19365
17.92731
19.05655
18.39116
18.00195
18.53722
17.63573
18.42735
18.09564
17.92270
18.01403
17.47275
18.22369
17.48736
17.89333
17.61412
18.33767
16.82275
16.72920
18.99247
18.57361
17.76090
17.61446
19.11263
17.28892
17.37727
16.82385
18.03647
18.34395
15.35801
18.13658
18.30044
16.74512
19.15411
19.06711
17.62930
17.66039
19.21330
17.21170
18.79170
18.19365
17.92731
19.05655
18.39116
18.00195
18.53722
17.63573
18.42735
18.09564
17.92270
18.01403
17.47275
18.22369
17.48736
17.89333
17.61412
18.33767
16.82275
16.72920
18.99247
18.57361
17.76090
17.61446
19.11263
17.28892
17.37727
16.82385
18.03647
18.34395
15.35801
18.13658
18.30044
16.74512
19.15411
19.06711
17.62930
17.66039
19.21330
17.21170
18.79170
18.19365
17.92731
19.05655
18.39116
18.00195
18.53722
17.63573
18.42735
18.09564
17.92270
18.01403
17.47275
18.22369
17.48736
17.89333
17.61412
18.33767
16.82275
16.72920
18.99247
18.57361
17.76090
17.61446
19.11263
17.28892
17.37727
16.82385
18.03647
18.34395
15.35801
18.13658
18.30044
16.74512
19.15411
19.06711
17.62930
17.66039
19.21330
17.21170
18.79170
18.19365
17.92731
19.05655
18.39116
18.00195
18.53722
17.63573
18.42735
18.09564
17.92270
18.01403
17.47275
18.22369
17.48736
17.89333
17.61412
18.33767
16.82275
16.72920
18.99247
18.57361
17.76090
17.61446
19.11263
17.28892
17.37727
16.82385
18.03647
18.34395
15.35801
18.13658
18.30044
16.74512
19.15411
19.06711
17.62930
17.66039
19.21330
17.21170
18.79170
18.19365
17.92731
19.05655
18.39116
18.00195
18.53722
17.63573
18.42735
18.09564
17.92270
18.01403
17.47275
18.22369
17.48736
17.89333
17.61412
18.33767
16.82275
16.72920
18.99247
18.57361
17.76090
17.61446
19.11263
17.28892
17.37727
16.82385
18.03647
18.34395
15.35801
18.13658
18.30044
16.74512
19.15411
19.06711
17.62930
17.66039
19.21330
17.21170
18.79170
18.19365
17.92731
19.05655
18.39116
18.00195
18.53722
17.63573
18.42735
18.09564
17.92270
18.01403
17.47275
18.22369
17.48736
17.89333
17.61412
18.33767
16.82275
16.72920
18.99247
18.57361
17.76090
17.61446
19.11263
17.28892
17.37727
16.82385
18.03647
18.34395
15.35801
18.13658
18.30044
16.74512
19.15411
19.06711
17.62930
17.66039
19.21330
17.21170
18.79170
18.19365
17.92731
19.05655
18.39116
18.00195
18.53722
17.63573
18.42735
18.09564
17.92270
18.01403
17.47275
18.22369
17.48736
17.89333
17.61412
18.33767
16.82275
16.72920
18.99247
18.57361
17.76090
17.61446
19.11263
17.28892
17.37727
16.82385
18.03647
18.34395
15.35801
18.13658
18.30044
16.74512
19.15411
19.06711
17.62930
17.66039
19.21330
17.21170
18.79170
18.19365
17.92731
19.05655
18.39116
18.00195
18.53722
17.63573
18.42735
18.09564
17.92270
18.01403
17.47275
18.22369
17.48736
17.89333
17.61412
18.33767
16.82275
16.72920
18.99247
18.57361
17.76090
17.61446
19.11263
17.28892
17.37727
16.82385
18.03647
18.34395
15.35801
18.13658
18.30044
16.74512
19.15411
19.06711
17.62930
17.66039
19.21330
17.21170
18.79170
18.19365
17.92731
19.05655
18.39116
18.00195
18.53722
17.63573
18.42735
18.09564
17.92270
18.01403
17.47275
18.22369
17.48736
17.89333
17.61412
18.33767
16.82275
16.72920
18.99247
18.57361
17.76090
17.61446
19.11263
17.28892
17.37727
16.82385
18.03647
18.34395
15.35801
18.13658
18.30044
16.74512
19.15411
19.06711
17.62930
17.66039
19.21330
17.21170
18.79170
18.19365
17.92731
19.05655
18.39116
18.00195
18.53722
17.63573
18.42735
18.09564
17.92270
18.01403
17.47275
18.22369
17.48736
17.89333
17.61412
18.33767
16.82275
16.72920
18.99247
18.57361
17.76090
17.61446
19.11263
17.28892
17.37727
16.82385
18.03647
18.34395
15.35801
18.13658
18.30044
16.74512
19.15411
19.06711
17.62930
17.66039
19.21330
17.21170
18.79170
18.19365
17.92731
19.05655
18.39116
18.00195
18.53722
17.63573
18.42735
18.09564
17.92270
18.01403
17.47275
18.22369
17.48736
17.89333
17.61412
18.33767
16.82275
16.72920
18.99247
18.57361
17.76090
17.61446
19.11263
17.28892
17.37727
16.82385
18.03647
18.34395
15.35801
18.13658
18.30044
16.74512
19.15411
19.06711
17.62930
17.66039
19.21330
17.21170
18.79170
18.19365
17.92731
19.05655
18.39116
18.00195
18.53722
17.63573
18.42735
18.09564
17.92270
18.01403
17.47275
18.22369
17.48736
17.89333
17.61412
18.33767
16.82275
16.72920
18.99247
18.57361
17.76090
17.61446
19.11263
17.28892
17.37727
16.82385
18.03647
18.34395
15.35801
18.13658
18.30044
16.74512
19.15411
19.06711
17.62930
17.66039
19.21330
17.21170
18.79170
18.19365
17.92731
19.05655
18.39116
18.00195
18.53722
17.63573
18.42735
18.09564
17.92270
18.01403
17.47275
18.22369
17.48736
17.89333
17.61412
18.33767
16.82275
16.72920
18.99247
18.57361
17.76090
17.61446
19.11263
17.28892
17.37727
16.82385
18.03647
18.34395
15.35801
18.13658
18.30044
16.74512
19.15411
19.06711
17.62930
17.66039
19.21330
17.21170
18.79170
18.19365
17.92731
19.05655
18.39116
18.00195
18.53722
17.63573
18.42735
18.09564
17.92270
18.01403
17.47275
18.22369
17.48736
17.89333
17.61412
18.33767
16.82275
16.72920
18.99247
18.57361
17.76090
17.61446
19.11263
17.28892
17.37727
16.82385
18.03647
18.34395
15.35801
18.13658
18.30044
16.74512
19.15411
19.06711
17.62930
17.66039
19.21330
17.21170
18.79170
18.19365
17.92731
19.05655
18.39116
18.00195
18.53722
17.63573
18.42735
18.09564
17.92270
18.01403
17.47275
18.22369
17.48736
17.89333
17.61412
18.33767
16.82275
16.72920
18.99247
18.57361
17.76090
17.61446
19.11263
17.28892
17.37727
16.82385
18.03647
18.34395
15.35801
18.13658
18.30044
16.74512
19.15411
19.06711
17.62930
17.66039
19.21330
17.21170
18.79170
18.19365
17.92731
19.05655
18.39116
18.00195
18.53722
17.63573
18.42735
18.09564
17.92270
18.01403
17.47275
18.22369
17.48736
17.89333
17.61412
18.33767
16.82275
16.72920
18.99247
18.57361
17.76090
17.61446
19.11263
17.28892
17.37727
16.82385
18.03647
18.34395
15.35801
18.13658
18.30044
16.74512
19.15411
19.06711
17.62930
17.66039
19.21330
17.21170
18.79170
18.19365
17.92731
19.05655
18.39116
18.00195
18.53722
17.63573
18.42735
18.09564
17.92270
18.01403
17.47275
18.22369
17.48736
17.89333
17.61412
18.33767
16.82275
16.72920
18.99247
18.57361
17.76090
17.61446
19.11263
17.28892
17.37727
16.82385
18.03647
18.34395
15.35801
18.13658
18.30044
16.74512
19.15411
19.06711
17.62930
17.66039
19.21330
17.21170
18.79170
18.19365
17.92731
19.05655
18.39116
18.00195
18.53722
17.63573
18.42735
18.09564
17.92270
18.01403
17.47275
18.22369
17.48736
17.89333
17.61412
18.33767
16.82275
16.72920
18.99247
18.57361
17.76090
17.61446
19.11263
17.28892
17.37727
16.82385
18.03647
18.34395
15.35801
18.13658
18.30044
16.74512
19.15411
19.06711
17.62930
17.66039
19.21330
17.21170
18.79170
18.19365
17.92731
19.05655
18.39116
18.00195
18.53722
17.63573
18.42735
18.09564
17.92270
18.01403
17.47275
18.22369
17.48736
17.89333
17.61412
18.33767
16.82275
16.72920
18.99247
18.57361
17.76090
17.61446
19.11263
17.28892
17.37727
16.82385
18.03647
18.34395
15.35801
18.13658
18.30044
16.74512
19.15411
19.06711
17.62930
17.66039
19.21330
17.21170
18.79170
18.19365
17.92731
19.05655
18.39116
18.00195
18.53722
17.63573
18.42735
18.09564
17.92270
18.01403
17.47275
18.22369
17.48736
17.89333
17.61412
18.33767
16.82275
16.72920
18.99247
18.57361
17.76090
17.61446
19.11263
17.28892
17.37727
16.82385
18.03647
18.34395
15.35801
18.13658
18.30044
16.74512
19.15411
19.06711
17.62930
17.66039
19.21330
17.21170
18.79170
18.19365
17.92731
19.05655
18.39116
18.00195
18.53722
17.63573
18.42735
18.09564
17.92270
18.01403
17.47275
18.22369
17.48736
17.89333
17.61412
18.33767
16.82275
16.72920
18.99247
18.57361
17.76090
17.61446
19.11263
17.28892
17.37727
16.82385
18.03647
18.34395
15.35801
18.13658
18.30044
16.74512
19.15411
19.06711
17.62930
17.66039
19.21330
17.21170
18.79170
18.19365
17.92731
19.05655
18.39116
18.00195
18.53722
17.63573
18.42735
18.09564
17.92270
18.01403
17.47275
18.22369
17.48736
17.89333
17.61412
18.33767
16.82275
16.72920
18.99247
18.57361
17.76090
17.61446
19.11263
17.28892
17.37727
16.82385
18.03647
18.34395
15.35801
18.13658
18.30044
16.74512
19.15411
19.06711
17.62930
17.66039
19.21330
17.21170
18.79170
18.19365
17.92731
19.05655
18.39116
18.00195
18.53722
17.63573
18.42735
18.09564
17.92270
18.01403
17.47275
18.22369
17.48736
17.89333
17.61412
18.33767
16.82275
16.72920
18.99247
18.57361
17.76090
17.61446
19.11263
17.28892
17.37727
16.82385
18.03647
18.34395
15.35801
18.13658
18.30044
16.74512
19.15411
19.06711
17.62930
17.66039
19.21330
17.21170
18.79170
18.19365
17.92731
19.05655
18.39116
18.00195
18.53722
17.63573
18.42735
18.09564
17.92270
18.01403
17.47275
18.22369
17.48736
17.89333
17.61412
18.33767
16.82275
16.72920
18.99247
18.57361
17.76090
17.61446
19.11263
17.28892
17.37727
16.82385
18.03647
18.34395
15.35801
18.13658
18.30044
16.74512
19.15411
19.06711
17.62930
17.66039
19.21330
17.21170
18.79170
18.19365
17.92731
19.05655
18.39116
18.00195
18.53722
17.63573
18.42735
18.09564
17.92270
18.01403
17.47275
18.22369
17.48736
17.89333
17.61412
18.33767
16.82275
16.72920
18.99247
18.57361
17.76090
17.61446
19.11263
17.28892
17.37727
16.82385
18.03647
18.34395
15.35801
18.13658
18.30044
16.74512
19.15411
19.06711
17.62930
17.66039
19.21330
17.21170
18.79170
18.19365
17.92731
19.05655
18.39116
18.00195
18.53722
17.63573
18.42735
18.09564
17.92270
18.01403
17.47275
18.22369
17.48736
17.89333
17.61412
18.33767
16.82275
16.72920
18.99247
18.57361
17.76090
17.61446
19.11263
17.28892
17.37727
16.82385
18.03647
18.34395
15.35801
18.13658
18.30044
16.74512
19.15411
19.06711
17.62930
17.66039
19.21330
17.21170
18.79170
18.19365
17.92731
19.05655
18.39116
18.00195
18.53722
17.63573
18.42735
18.09564
17.92270
18.01403
17.47275
18.22369
17.48736
17.89333
17.61412
18.33767
16.82275
16.72920
18.99247
18.57361
17.76090
17.61446
19.11263
17.28892
17.37727
16.82385
18.03647
18.34395
15.35801
18.13658
18.30044
16.74512
19.15411
19.06711
17.62930
17.66039
19.21330
17.21170
18.79170
18.19365
17.92731
19.05655
18.39116
18.00195
18.53722
17.63573
18.42735
18.09564
17.92270
18.01403
17.47275
18.22369
17.48736
17.89333
17.61412
18.33767
16.82275
16.72920
18.99247
18.57361
17.76090
17.61446
19.11263
17.28892
17.37727
16.82385
18.03647
18.34395
15.35801
18.13658
18.30044
16.74512
19.15411
19.06711
17.62930
17.66039
19.21330
17.21170
18.79170
18.19365
17.92731
19.05655
18.39116
18.00195
18.53722
17.63573
18.42735
18.09564
17.92270
18.01403
17.47275
18.22369
17.48736
17.89333
17.61412
18.33767
16.82275
16.72920
18.99247
18.57361
17.76090
17.61446
19.11263
17.28892
17.37727
16.82385
18.03647
18.34395
15.35801
18.13658
18.30044
16.74512
19.15411
19.06711
17.62930
17.66039
19.21330
17.21170
18.79170
18.19365
17.92731
19.05655
18.39116
18.00195
18.53722
17.63573
18.42735
18.09564
17.92270
18.01403
17.47275
18.22369
17.48736
17.89333
17.61412
18.33767
16.82275
16.72920
18.99247
18.57361
17.76090
17.61446
19.11263
17.28892
17.37727
16.82385
18.03647
18.34395
15.35801
18.13658
18.30044
16.74512
19.15411
19.06711
17.62930
17.66039
19.21330
17.21170
18.79170
18.19365
17.92731
19.05655
18.39116
18.00195
18.53722
17.63573
18.42735
18.09564
17.92270
18.01403
17.47275
18.22369
17.48736
17.89333
17.61412
18.33767
16.82275
16.72920
18.99247
18.57361
17.76090
17.61446
19.11263
17.28892
17.37727
16.82385
18.03647
18.34395
15.35801
18.13658
18.30044
16.74512
19.15411
19.06711
17.62930
17.66039
19.21330
17.21170
18.79170
18.19365
17.92731
19.05655
18.39116
18.00195
18.53722
17.63573
18.42735
18.09564
17.92270
18.01403
17.47275
18.22369
17.48736
17.89333
17.61412
18.33767
16.82275
16.72920
18.99247
18.57361
17.76090
17.61446
19.11263
17.28892
17.37727
16.82385
18.03647
18.34395
15.35801
18.13658
18.30044
16.74512
19.15411
19.06711
17.62930
17.66039
19.21330
17.21170
18.79170
18.19365
17.92731
19.05655
18.39116
18.00195
18.53722
17.63573
18.42735
18.09564
17.92270
18.01403
17.47275
18.22369
17.48736
17.89333
17.61412
18.33767
16.82275
16.72920
18.99247
18.57361
17.76090
17.61446
19.11263
17.28892
17.37727
16.82385
18.03647
18.34395
15.35801
18.13658
18.30044
16.74512
19.15411
19.06711
17.62930
17.66039
19.21330
17.21170
18.79170
18.19365
17.92731
19.05655
18.39116
18.00195
18.53722
17.63573
18.42735
18.09564
17.92270
18.01403
17.47275
18.22369
17.48736
17.89333
17.61412
18.33767
16.82275
16.72920
18.99247
18.57361
17.76090
17.61446
19.11263
17.28892
17.37727
16.82385
18.03647
18.34395
15.35801
18.13658
18.30044
16.74512
19.15411
19.06711
17.62930
17.66039
19.21330
17.21170
18.79170
18.19365
17.92731
19.05655
18.39116
18.00195
18.53722
17.63573
