11.131803
11.643987
11.623276
11.132971
11.928842
12.631675
13.071769
12.790531
12.376056
11.692655
11.556239
12.407074
11.848789
11.758533
12.171636
11.637822
11.092021
10.200390
 9.844010
10.566009
11.826865
12.732139
11.743471
12.249717
12.372463
12.766032
12.404266
12.744692
13.517027
12.299403
12.575305
11.199159
11.802320
12.427626
12.813601
13.872203
12.996228
13.175738
13.237642
12.566760
13.188525
13.013927
12.813061
12.640456
14.580031
14.384556
13.738372
13.270069
14.131597
14.947804
13.609681
13.172710
14.233865
13.846355
14.063285
14.157370
11.482166
12.480392
11.618824
12.425046
12.834409
12.040783
11.909533
12.340392
12.022782
12.284993
11.528018
11.887930
15.354758
13.681200
14.121206
14.299866
13.260002
14.374774
14.167347
13.774132
16.428650
16.227317
15.714766
16.982015
16.199141
15.550309
16.585504
17.098955
16.889079
16.508151
17.079758
16.430963
17.817941
14.839459
16.408175
18.089171
16.576507
16.358555
17.422107
14.193086
 9.975963
10.166887
10.589612
11.669342
12.492477
10.697279
11.268098
10.494598
10.104958
10.281791
10.744911
10.567392
10.830769
10.933395
11.676992
11.784694
11.817156
13.480116
12.043338
12.902549
13.129264
17.363787
17.599024
15.863891
18.162064
16.238774
17.196112
16.520893
18.490688
17.385055
17.039313
16.552102
16.214962
15.802777
18.121077
17.964519
16.704934
17.340457
17.702474
17.684048
17.649694
17.884304
18.287448
19.250028
17.600141
19.989213
19.907226
20.375011
19.150199
18.942777
20.995862
20.105809
11.139479
11.481691
11.231033
14.869815
14.331362
15.348300
14.482743
15.298433
16.098077
15.217894
13.645052
14.746121
14.345078
14.292754
13.156451
12.443079
13.020927
13.860763
14.693943
15.035033
15.139938
13.612550
14.470845
13.700026
12.183668
12.372186
13.039663
14.142093
13.552455
13.416635
14.157600
13.078355
13.440010
12.836941
13.237167
14.264094
14.616114
14.321436
14.909475
13.979992
14.329235
14.975773
12.443727
12.682291
13.060031
13.337643
15.032826
14.796573
15.147549
14.254286
14.565926
14.675659
14.422578
14.324504
14.453371
14.553932
15.926908
16.347914
16.033757
16.137285
15.753346
17.687423
15.447269
15.948440
15.992333
15.292233
15.017624
14.587627
14.254254
14.688680
15.323585
14.062919
12.818329
13.839237
14.425857
13.736767
14.950232
14.763715
16.146297
16.953084
16.677799
16.532061
16.165514
15.470114
15.338446
15.416105
15.093393
15.687956
15.345701
13.358846
13.374839
13.579361
13.816033
13.844895
12.982391
13.428126
17.823698
17.938256
16.192776
 6.982724
 7.247306
 6.963522
 7.004859
 7.908408
 7.819187
 7.740897
 8.112358
 7.986746
 7.599046
19.067621
19.552762
19.415070
18.018227
20.197484
20.370169
19.479288
19.637755
22.584804
21.829965
21.547392
20.358724
22.562458
24.044045
22.173351
22.842376
24.698153
25.422149
23.151456
22.704190
23.892697
23.749831
23.221537
23.154891
23.319597
22.272609
21.400629
22.627186
21.720981
21.949585
25.101155
26.075627
25.976193
26.790668
23.665292
21.145996
22.492367
20.888814
22.174858
22.555179
21.818465
19.516799
22.853866
21.163433
21.078319
21.471708
19.218327
21.930072
20.069096
22.974401
22.202634
22.182454
23.041918
25.124995
24.310489
22.462138
24.223152
23.253778
23.959825
22.791946
22.658888
22.281199
20.402571
21.842142
21.656719
18.882018
18.839534
19.521986
19.639003
18.675396
19.093909
19.172172
18.666106
17.967882
19.117482
20.715785
21.646231
22.428135
17.070295
18.450154
17.216104
16.269211
16.824264
22.105591
21.969713
22.672826
19.091958
18.266354
18.844353
18.018473
17.986530
17.181279
18.872700
18.528720
18.766368
19.063612
19.273054
17.618377
17.165148
16.451835
14.947316
16.731140
17.934513
17.883858
16.248286
18.235049
 9.053533
 8.729248
 8.490541
 8.036167
 8.433652
 8.510812
 8.927691
 7.048658
 7.023531
 7.082356
 8.691749
 8.372507
 8.601967
 7.877733
 8.896793
 9.200381
 8.741108
 7.513630
 8.172476
 8.227662
 8.433601
 8.091339
 7.675940
 5.678284
 5.933221
 5.746678
 6.074822
 5.897250
 5.853366
 6.186452
 6.233436
 5.421398
 5.315883
 6.019045
 5.553262
 5.606530
 6.082927
 5.776280
 5.511923
 5.724024
 5.577176
 5.990038
 5.792260
 5.948002
 5.700508
 5.915529
 5.780946
 8.161811
 8.593892
 8.008383
 8.566216
 8.446396
 6.883691
 6.603158
 6.813847
 6.792249
 7.033561
 7.411524
 7.120414
 7.003713
 7.018264
 6.244810
 6.644917
 6.376016
 6.834101
 6.535967
 6.308815
 6.641693
 6.877079
 7.032871
 7.004406
 7.122420
 7.534173
 6.776655
 6.753799
 5.468706
 5.297077
 5.651611
 5.607906
 5.338588
 5.504055
 5.463072
 6.283376
 6.190776
 6.343855
 6.163022
 5.994760
 5.667421
 5.552025
 5.550897
 6.292794
 6.174272
 5.868000
 6.064063
 6.594756
 6.453839
 6.259802
 6.335161
 5.823529
 5.813286
 6.392462
 6.968875
 7.078158
 8.497289
 7.851021
 7.770105
 8.175644
 7.486266
 7.256840
 7.085063
 7.274226
 7.546104
 6.699991
 6.905860
 7.011015
 7.262412
 7.831735
 7.330897
 7.492811
 7.439977
 7.922194
 7.665003
 7.973497
11.374225
11.704297
11.153586
10.650056
14.227921
14.494444
13.748950
13.649426
15.098244
14.780936
14.279979
10.710873
11.927077
11.395344
11.307620
10.950393
10.724768
11.488476
10.631305
11.096711
10.990289
10.873811
10.242340
10.711148
10.578580
11.218397
10.037536
10.405038
10.890625
 9.785177
 9.459164
 9.769665
10.754864
10.417866
10.413317
 8.833789
 9.062895
13.011501
11.440909
12.894582
12.647312
13.705814
13.058386
13.074470
13.413518
11.449709
11.994553
12.277510
12.911034
16.651304
15.209351
17.221178
14.003849
12.935489
12.313673
10.907430
 9.964210
10.843211
10.472519
10.376073
 9.887132
10.543854
10.272844
11.411541
11.620645
10.646823
11.480677
10.502943
11.610468
11.603103
10.405033
10.489730
 8.846244
 8.691356
 8.866214
 8.486745
 9.762454
10.150467
 9.960480
 9.708413
10.171822
10.237391
 9.884319
 8.902623
 9.666540
 9.711272
 9.815628
14.329778
15.319482
14.464705
16.126771
14.754528
15.278165
14.770632
14.766522
15.178760
13.113650
13.974120
13.555678
13.860313
13.843491
13.297368
13.312935
13.830388
13.919263
13.890319
20.882111
19.771692
19.460974
19.087305
18.621637
17.582531
18.208920
16.484111
13.744846
12.850695
13.755667
12.727727
13.601069
13.646520
12.572845
14.958802
14.222273
14.828221
15.177698
19.687904
21.570308
20.835815
23.842018
25.012000
22.883139
19.497353
20.641477
20.784822
20.443140
19.496555
19.638925
20.850077
19.099912
19.109177
18.986913
20.228471
17.127404
16.192551
18.134291
17.826694
17.658121
17.977929
17.148643
17.370378
19.150284
20.409551
17.985347
19.307405
18.231872
17.680174
17.743416
17.579599
17.035616
18.162371
16.472467
17.659019
17.563714
17.578109
16.999544
14.622032
14.693383
14.105945
14.762291
23.776640
23.803225
24.716225
23.065196
23.185852
23.510553
23.941066
24.172733
25.547510
24.616467
25.180416
25.025539
 9.494426
 9.876505
 9.409236
 9.901180
10.050859
12.050987
11.352804
12.151786
11.386575
10.409746
10.465069
11.190959
10.507221
10.137738
11.062590
10.127276
 8.074891
 7.478067
 8.183176
 7.853501
 8.048714
 7.238016
 7.565034
 9.740717
 9.171396
 8.938729
 8.687907
 8.624921
 9.360475
 8.886787
 8.717326
 9.916345
 9.699484
 9.253601
 7.924843
 9.143914
 9.213252
 9.583140
 9.839631
 8.180456
 8.754676
 8.451280
 8.809947
 9.576292
 9.144615
 6.991470
 7.248014
 8.796233
 8.853821
 8.901043
 8.965856
 8.672389
 8.200715
 7.549606
 8.131279
 8.053807
 7.764697
 8.566183
 8.156223
 8.775060
 8.367454
 8.737985
 9.029778
 8.586571
 9.261088
 9.427726
 8.689405
 8.153478
 7.178865
 7.390426
 7.707454
 8.896123
 9.241852
 7.877232
 7.951338
 7.783536
 7.940483
 7.728926
 7.989872
 7.156445
 7.291614
 7.039458
 8.093391
 8.485257
 8.385536
 7.515299
10.651886
10.478810
10.792283
10.703516
11.087406
11.683076
10.838552
10.312766
11.160189
10.965181
11.084335
10.722943
10.968309
10.383632
10.602620
10.911622
11.198115
18.713879
17.727657
18.805055
18.727232
19.126292
17.924823
18.198118
18.943783
17.670439
19.372603
15.309330
17.107532
18.140456
16.910199
17.198790
21.514436
21.682937
21.323756
20.891791
22.312164
21.763313
22.763830
19.369189
22.809944
20.926891
17.731271
17.483423
17.220434
19.020159
20.605213
20.659221
20.541644
19.469021
19.332079
21.729840
21.513394
19.686344
21.293171
19.259286
19.917750
19.027611
20.440334
21.965451
19.757910
20.446392
21.293355
20.143916
19.217521
19.865140
19.945199
20.342260
20.375993
17.963632
18.805512
18.603919
17.645231
17.744025
16.259005
16.624725
 8.107810
 8.119225
 8.805935
 9.474059
 9.061822
 8.833120
 8.668600
 8.661345
 9.027333
 9.537008
 8.790172
 9.332254
 8.921133
 8.595892
 9.299898
 7.482401
 7.805019
 7.780274
 8.185183
 7.889304
 7.840667
 7.510492
 8.414841
 8.610869
 9.861054
 9.142208
 9.415590
 9.539358
 9.408912
 7.476156
 8.540010
 8.465836
 8.442984
 8.377679
 7.904198
 8.460625
 8.288614
 8.494899
 8.606536
 7.938541
 7.966388
 8.470796
 7.996961
 8.664155
12.446086
11.715651
11.441321
11.557389
11.667368
11.300429
11.279629
11.976803
10.980499
13.416093
13.945977
13.228777
11.847869
12.740761
12.485693
12.915826
12.159769
13.082073
12.715546
12.516914
11.949350
11.927988
12.618621
12.885209
13.235587
13.195715
12.268839
11.819081
10.207348
11.185070
 9.911585
 9.978777
10.302304
10.506507
10.293428
10.866108
10.704143
10.168364
10.007485
10.493460
10.487254
10.517351
 9.666485
 9.659618
10.702269
 9.974698
10.763415
11.118465
10.998227
10.897801
 9.807691
 8.827185
 9.331430
 9.006647
 9.343540
 8.432288
10.921325
11.924868
12.008136
11.398825
10.664383
11.781756
11.293533
10.328586
10.296378
 9.653629
 8.772232
11.251479
10.532554
13.232927
12.993692
 8.958395
 8.400778
 9.514549
 9.800403
 9.494050
 9.047398
 9.404539
10.352315
20.759975
21.146451
21.672496
21.022840
21.707948
17.070876
18.211464
18.449071
18.733054
17.086733
17.530033
15.819290
15.011431
14.469100
14.828009
15.372995
15.344284
14.858767
14.969953
15.206513
16.085810
16.349068
16.920001
17.641590
15.833895
16.338825
17.295452
15.076975
17.657280
17.859707
18.222377
11.446023
11.676190
10.867192
12.104178
13.864805
14.624062
13.185882
13.905527
13.667389
12.941338
13.719363
12.292302
11.862563
12.542538
11.071250
11.935464
11.059740
12.576380
12.621147
13.122157
12.401052
12.866688
11.827908
11.791728
11.930282
10.786957
12.723733
12.283274
13.144255
13.590027
13.127803
13.469630
13.697286
14.433942
12.284842
12.578677
13.110683
12.186712
14.351232
15.200434
14.181648
14.895740
14.848654
14.145816
15.890934
15.977056
15.998657
15.076829
14.686312
16.285388
13.319508
14.707688
13.836856
16.522285
15.851749
16.138679
16.053066
15.834080
14.843396
16.923707
17.869330
17.148499
17.202234
17.077961
16.892258
15.339976
16.217657
15.444816
16.079400
15.782699
14.861521
13.723530
18.015522
16.704862
17.106743
13.988499
15.383719
14.565948
13.410823
13.933630
14.701770
14.360456
13.511413
13.303380
15.832184
16.197103
16.368217
15.676223
15.647827
15.200634
15.359137
15.725535
15.612996
14.231273
15.185944
16.397086
16.037777
14.441797
16.219084
17.404817
15.584861
14.987991
16.550516
13.407150
13.894982
13.486351
12.841969
12.966490
17.610577
18.362661
20.964499
19.099362
18.819424
20.358197
19.376714
16.718263
16.562051
16.556526
15.483063
18.553410
16.400378
16.747696
16.379085
15.776556
16.115591
16.126008
16.911672
15.431285
16.127185
15.825008
16.505667
16.500047
15.068807
15.217375
16.264269
14.795208
16.330753
17.248093
15.813384
15.389067
15.823963
13.054585
12.444353
12.574344
12.189303
12.536647
11.908591
13.146460
10.588469
12.608510
12.446823
12.722155
13.228828
13.602303
11.719947
12.607508
11.987608
12.292148
12.942378
17.943727
15.659057
16.709100
17.374629
17.662114
17.133984
16.613098
16.657536
16.319154
16.167131
17.264754
17.090424
18.228310
16.660637
22.650523
23.139750
22.886015
23.127441
21.075740
23.066458
21.423546
20.716843
19.680471
17.359602
16.782150
17.977773
16.550149
17.771241
18.084667
18.008211
17.949066
15.317254
14.686090
16.445447
19.950316
18.546646
18.652176
18.034482
18.846828
18.581469
17.028832
17.544459
16.191468
15.549405
16.234024
13.211459
13.445909
12.272045
12.805629
13.551173
13.586522
14.080000
13.405144
14.072319
13.440508
14.204374
14.450264
14.386672
14.328023
15.004811
15.941744
15.454786
15.918910
15.365915
16.516943
16.963792
16.846655
17.361719
18.308882
17.116134
17.109601
17.332505
19.034868
19.776704
17.251602
15.976660
16.083710
14.571586
14.892831
14.713231
14.893764
13.505234
13.473523
14.992277
14.449179
15.929517
16.586548
16.056096
16.288807
16.510316
17.959434
15.697768
16.987977
17.379596
17.290212
16.462797
16.149279
16.639918
17.456538
15.861526
20.141127
18.581967
21.928185
20.283465
20.447283
20.274601
20.255736
21.013396
20.374878
14.294166
13.931411
15.480851
14.966824
15.020031
15.388671
14.164092
14.586287
15.710177
14.368802
14.372684
14.029207
13.634312
17.845715
18.205492
18.856145
18.990758
18.341650
18.560429
17.299283
17.378804
15.937709
16.941118
16.964401
11.878283
11.846226
14.704877
15.280310
14.405396
14.336371
14.871207
14.094982
14.938866
14.216399
14.014939
12.436569
12.873376
13.875240
12.852368
13.353959
12.622992
14.224552
14.858284
14.037300
13.499077
13.763305
14.611072
14.778189
14.561571
14.484390
15.349899
14.609042
15.200460
16.099502
15.935169
15.823924
15.929776
14.675572
15.166969
14.864175
15.295388
14.955306
16.103886
16.975920
16.600753
16.667820
14.667921
16.045635
17.775094
16.164525
17.655331
17.832472
16.915124
19.009637
18.284898
18.966269
14.156459
14.377675
12.436511
11.791771
12.048023
11.941054
11.126351
12.546695
13.242147
12.528746
12.128729
11.790350
11.284260
10.930300
11.533878
12.097011
11.503547
18.184860
19.750766
19.577123
18.705812
15.223392
15.348459
15.817125
15.394056
14.179056
14.878032
15.163578
14.927675
15.689146
14.757802
15.602394
13.853757
12.750671
13.856008
14.077332
14.488878
13.211074
13.824481
13.627433
14.043486
16.657715
15.920777
14.521531
16.003137
15.880532
15.688755
16.127583
15.205722
16.147700
15.234297
15.600790
14.385228
15.635144
14.602230
15.586430
18.693032
19.052835
18.807427
19.630575
21.080390
20.891506
20.055553
19.741555
19.671140
20.950243
19.829166
20.760366
20.111647
22.243528
22.614246
23.892569
22.630787
21.427411
21.844280
20.585528
20.523754
20.511411
20.452573
20.442241
21.852007
15.949123
19.494149
17.587402
16.350992
16.083329
17.645989
16.947807
18.027530
16.510062
17.829009
18.474778
18.660823
19.789614
19.253926
17.410327
17.187751
16.689020
18.984297
17.634162
18.976252
18.218299
16.617359
18.154343
17.503997
18.625044
17.009097
19.941433
19.265021
19.828005
19.350749
19.035402
20.454539
21.764610
19.809696
20.107188
20.911291
21.341982
21.281724
20.565745
21.415525
21.958444
21.866826
22.107225
22.858126
22.570922
21.769457
20.936660
20.722471
21.662941
19.391357
19.418159
20.477223
19.818320
19.107540
19.062895
21.708255
19.350525
20.736850
19.258419
18.431889
20.944664
19.981582
20.403928
20.162387
19.145126
18.914474
19.329361
18.120324
18.044301
16.948219
16.457044
17.160928
16.310393
17.992097
18.591427
18.232885
17.673186
17.971831
17.504536
18.366863
22.304506
20.033520
20.875000
21.288983
23.075338
23.362133
20.139745
19.661952
21.287030
21.654994
23.119399
23.447015
17.554002
18.626646
18.845327
19.172247
20.217071
19.051540
18.431249
17.109733
18.385472
18.246437
19.550080
18.588143
19.172510
20.165274
17.896080
18.180408
18.445595
19.152592
18.600986
19.778873
16.887998
17.176506
17.956069
15.875220
15.854414
15.580880
15.469254
16.747554
16.445089
17.112205
17.959016
17.165656
15.706712
16.411900
16.044021
15.874206
17.535822
17.593166
15.124220
14.919274
15.126152
14.800125
19.289011
18.812066
17.367915
17.875479
17.361608
17.305395
20.550835
19.645635
17.889408
18.427143
18.725824
18.856524
18.245968
20.341963
19.509470
20.774727
18.869083
20.925364
19.679298
19.825667
19.159655
18.864315
18.674262
18.358200
17.778938
20.543942
21.457827
20.927793
22.401061
20.473530
20.926687
22.120348
21.119564
14.599380
13.192000
15.258408
15.911486
14.797065
15.709818
16.153364
15.284406
14.754596
16.536012
15.584182
14.882583
16.186852
17.325150
16.754833
17.735898
17.527612
16.968997
17.283121
17.409345
17.142342
17.478829
18.149752
16.415069
19.670264
17.710048
11.927925
11.440892
12.265439
11.999117
12.101471
12.987210
13.926174
13.429468
13.086770
13.083291
12.479430
13.360897
13.275925
13.801321
13.710376
13.797998
14.466442
10.448818
10.440814
 9.950657
 9.403112
 9.852196
10.212354
10.093861
 9.816196
 9.679016
 9.462888
 9.321799
 9.163577
 9.881457
10.210178
17.721409
16.582190
17.329396
18.008820
19.182221
17.516238
18.408743
16.701179
16.468798
18.089667
17.207183
15.640091
18.309121
17.560015
16.355118
17.750233
15.684185
16.783200
16.530171
17.346664
17.303153
17.679795
17.093563
17.897071
16.148880
17.221470
18.671506
17.091690
19.122316
16.677772
18.028994
14.703582
15.031292
15.035670
14.522314
14.652925
16.682369
16.319432
15.949384
16.925457
16.024189
16.520532
17.081913
16.749612
20.272651
15.335977
15.926421
15.306014
14.536838
14.995685
15.231839
16.219758
16.834058
16.556739
16.072757
16.756251
19.412746
19.931092
19.927214
19.499065
19.073184
16.798316
18.373207
16.672917
17.508455
17.627997
17.865032
16.769369
19.655332
18.447675
19.851883
19.221383
20.090068
12.746248
12.398367
13.022527
13.464466
13.276967
12.410819
15.904913
17.518448
15.932720
16.490417
16.840807
16.314284
16.111111
17.913458
16.384223
16.983397
15.793576
18.047105
15.818634
17.218092
15.522617
20.706513
20.516420
20.969312
21.013891
18.559295
18.786116
14.760473
13.475914
14.353957
13.609181
12.914834
12.582512
13.107809
14.743701
14.097850
14.948672
18.966614
18.641371
19.374217
18.438567
18.003602
18.784282
16.889400
16.495370
16.813098
15.951121
16.644710
15.903057
15.423954
15.459040
16.043191
15.550621
15.558942
18.514482
17.834074
17.995482
17.991337
17.948384
16.709656
24.612939
20.974377
19.276614
22.246106
20.691627
21.981341
20.510608
21.163379
20.327975
21.447961
19.500116
19.832962
18.530176
18.246906
19.582194
20.836846
19.339647
17.813881
21.114281
19.506683
20.166893
20.306293
20.223478
20.654846
19.862408
20.149135
20.013427
23.984972
23.098243
21.067891
23.211963
22.011792
22.257729
23.343360
24.080197
22.480628
22.835203
15.554336
15.726592
15.469378
17.522957
16.961492
16.465710
16.011624
15.542590
15.853887
15.437709
14.798567
15.246137
14.843611
15.473970
15.291325
14.090443
14.902778
13.709482
11.348957
10.659868
11.515629
10.771644
11.695574
11.151419
10.988322
11.288778
11.095105
11.214555
11.578092
10.182426
10.379073
 9.551990
 9.622996
10.170433
10.769982
10.586614
10.624195
10.422086
11.441998
 9.762478
10.291960
10.480782
10.265827
11.665489
11.411111
11.615341
11.583276
11.081079
11.180786
11.709980
11.627595
11.149838
11.499219
11.654651
11.670648
13.406029
12.863688
13.202093
13.053277
12.928459
12.106661
12.606385
 9.887219
 9.963606
10.227540
11.071418
11.377990
11.313826
11.512983
12.110418
11.100505
11.599499
11.666904
10.633413
11.181070
11.386683
10.781311
10.642431
11.109211
11.005224
11.216064
10.800098
10.465042
10.730679
10.700243
10.314406
13.961859
13.012386
12.825629
13.094316
12.815571
11.125726
10.940601
12.009855
12.657881
12.401404
11.968691
11.383530
10.769209
11.047457
12.395039
11.746541
12.659089
12.322174
12.316889
12.951962
11.495884
13.422038
12.464841
11.492032
12.242289
11.624115
10.435637
10.309837
 9.588041
10.418195
17.999086
17.633926
17.931593
17.754436
17.804472
17.708408
19.241833
17.823450
18.478048
19.107892
18.282933
18.142820
19.880917
20.770683
17.844451
17.143745
18.414105
20.334645
18.155083
18.881828
18.355750
19.377116
18.449614
19.978835
19.762789
18.416462
18.440055
20.116574
21.153123
20.525950
19.945169
19.869897
19.749917
19.372438
19.113230
20.711681
20.754257
21.111124
14.355395
14.468486
15.418088
14.035036
14.828523
13.057430
12.637937
13.489171
13.725229
15.682803
14.566155
14.010195
12.578399
13.739937
13.182006
13.825083
14.758896
13.654500
13.741101
16.757346
15.475185
 9.472104
 9.605888
10.283875
 9.360406
10.189310
 9.454146
10.292337
 9.973716
 9.767984
 9.926722
 9.787517
10.229813
 9.642283
 9.993927
 9.949825
10.009765
10.201556
10.068954
 9.484723
10.004189
 9.710733
10.027748
 8.864747
 9.871369
12.340625
12.034534
12.921815
12.349599
11.835734
11.744808
11.708686
11.363105
11.190718
12.108281
11.779611
11.840660
12.999757
11.820479
12.630291
12.123908
11.877129
12.089362
11.612003
11.853602
12.042298
12.611951
12.298815
13.054071
11.554869
11.467298
10.667193
 9.782577
11.326996
12.777139
12.998020
12.387029
11.949605
12.505062
12.606501
11.522073
12.171347
12.620524
12.809053
13.463373
12.676738
13.502729
12.438257
12.235721
14.693903
12.649001
15.247131
14.809229
12.201502
12.666193
11.397324
12.273287
12.464968
12.990244
12.771124
13.102388
13.067089
13.081325
12.998472
14.242426
13.479482
12.800051
 9.138788
 8.662366
 9.519516
 9.122563
 9.752739
 9.720835
 9.063635
 9.549672
 9.295052
 9.425772
 9.361134
 9.855028
 9.581157
 8.752465
10.462167
 9.172805
10.309507
 9.439982
 9.155324
 9.080488
 9.570855
 9.665256
 8.869591
 8.749544
 8.738466
 9.026234
 8.479797
 8.452942
 9.111690
 9.178927
 8.613143
10.130147
 9.297454
 9.569894
11.171058
10.501149
10.578500
10.599469
11.896924
11.691335
11.853656
11.407696
11.570033
14.880729
14.581416
14.853861
14.300542
13.590846
15.075738
12.978235
13.990872
13.984980
13.666909
13.642147
14.907671
13.111605
13.108862
13.880695
13.141113
14.167664
13.724934
17.915020
17.657990
19.671851
20.291624
22.864435
22.063907
22.050622
22.776348
21.656977
22.561311
23.142554
21.971390
21.119153
21.459833
20.967188
21.929249
21.834251
20.757774
20.362238
21.489145
21.822655
22.897221
22.299792
21.961148
21.140764
23.892566
23.064704
21.698534
23.344040
24.182968
24.030478
24.607645
24.611182
15.360899
15.517406
14.513435
15.615369
14.178787
17.546793
16.325452
15.933028
16.790000
16.883511
16.957878
15.778024
16.948315
15.221242
16.283257
15.998135
15.269981
16.614585
16.074170
17.681716
18.770759
17.422867
19.306600
20.971400
20.705925
20.413051
20.373111
19.788852
20.959600
20.140706
19.612016
16.967276
15.175516
15.906159
17.261378
16.668929
17.010266
14.837751
15.980236
15.451976
15.988169
17.461979
17.556848
15.613816
15.082799
14.444895
14.668964
14.054426
14.887533
13.962670
14.756690
14.374513
14.433529
14.867522
13.580624
12.796985
13.737782
13.545651
13.338442
13.204404
13.507176
12.350356
15.342834
14.841704
15.509317
15.412914
14.924316
16.995481
14.842656
16.112096
14.371661
15.387040
15.688875
13.265949
14.319913
14.028738
13.588320
13.534058
15.205289
15.830938
15.198002
14.920087
14.649735
 9.991304
10.425618
 9.673861
10.190259
10.361551
10.658090
 9.420152
 9.344088
 9.676532
 9.647002
 9.245270
10.066034
 9.856935
 9.154177
 9.789000
 8.679946
 9.447944
 9.285258
 9.662387
 9.044280
 9.206896
 8.583454
 9.261052
 8.663456
 8.734555
10.293410
 9.706470
20.163336
18.704026
19.244824
19.920929
19.526216
21.130613
19.130178
21.553930
22.362978
22.077556
21.117607
24.421080
24.354879
25.741115
23.963823
22.386741
23.404766
19.968412
19.324026
20.106621
13.567820
13.066611
13.292705
13.940804
14.146846
14.295582
14.182299
12.881898
13.492808
14.388286
15.003060
13.667097
14.394743
13.653942
14.103340
15.026900
15.363943
15.354444
14.099234
14.707910
14.577755
15.890843
14.811983
15.405037
15.822808
15.522383
11.918757
13.252991
11.936855
12.507584
12.055785
12.268424
13.233066
13.784678
13.209739
13.397122
12.349309
13.341166
11.297928
10.120011
10.109522
11.636520
10.687857
 9.658873
10.893906
11.276462
11.199750
11.107487
11.938268
11.816968
12.508853
11.680423
11.607184
10.107069
 9.546173
 9.757829
11.447912
11.314229
11.739387
12.113456
12.123333
11.908176
11.717560
11.644843
12.787272
11.194180
11.370175
12.044965
12.041398
13.048659
13.448489
11.416872
11.805470
10.515482
10.494603
14.080621
14.182044
13.969074
13.868821
13.742569
13.536774
14.399075
14.921865
13.910669
14.106363
13.845640
10.437596
10.826739
10.751292
10.828447
10.652076
11.865766
12.012641
11.959438
12.597152
12.410782
12.797977
12.903252
11.464723
12.708980
12.564030
12.644110
12.161108
11.365869
12.521972
11.619780
11.779171
11.648718
13.757106
14.267328
13.080297
13.555750
12.896570
13.514435
13.679903
14.235842
14.157550
15.734958
15.043526
15.420512
14.565596
15.438717
15.307124
16.258337
15.283256
12.869937
13.195308
12.958370
13.085611
16.022516
16.086661
16.771003
17.396828
19.638331
18.112244
17.404507
19.359030
13.447463
11.579975
11.038104
11.933911
11.303276
12.156392
12.038563
11.854682
12.125281
12.078683
11.814643
11.968147
11.841344
11.134220
11.238021
12.404330
12.603194
11.588029
11.492572
11.172174
11.940266
11.685200
10.339939
10.052275
 9.849653
12.813535
11.063006
12.463967
12.209543
12.029762
11.703470
11.849455
10.825887
15.152523
14.850284
14.969078
16.332702
15.135054
15.637514
17.932321
17.067911
19.820736
17.587270
15.014047
14.539005
14.802235
13.663284
15.052571
14.971758
15.816536
15.041831
15.759785
14.176949
14.920180
14.308596
14.715190
14.973216
14.640264
16.267577
16.947094
16.479748
16.819716
17.692429
16.715181
13.984815
14.127003
13.921256
15.166984
14.354179
13.059391
13.897048
12.682463
12.167833
12.289764
13.310496
13.323348
13.188505
13.198283
13.868668
12.595228
13.325781
14.028785
13.242975
13.823074
12.417519
12.143897
13.705770
13.103789
12.653919
12.971564
13.636889
13.620370
13.619581
14.349342
13.658376
13.439556
13.692807
15.310557
15.185197
14.862716
14.316910
15.827776
15.884666
15.691477
14.346337
12.196558
11.293672
11.739883
12.735605
12.247950
10.977544
11.611521
11.054850
11.154362
11.221303
11.921275
10.884213
12.612616
11.574922
11.310056
12.122966
11.210935
10.440222
12.990682
13.656753
12.650575
12.607587
13.128467
13.734797
13.072928
12.935490
12.727508
12.900624
14.264257
12.971860
12.529218
13.642914
13.198407
13.184629
13.421663
10.863625
11.314930
11.539277
11.295636
10.513249
10.366292
10.394289
10.477550
10.368271
12.095918
11.929111
11.141575
12.081119
11.951547
11.237821
11.497556
23.298918
23.733155
24.670074
24.496854
24.679486
24.482598
24.285001
22.465840
21.739460
23.399906
19.838554
18.440213
17.165111
16.660284
17.558673
17.117674
15.206269
16.291860
15.932066
15.349358
14.916775
15.666747
18.520536
15.181778
15.922958
16.745998
16.622563
16.688462
11.835622
12.320773
12.466499
12.098956
12.413734
16.663598
16.167831
14.731579
15.659411
15.700543
15.509889
15.258268
17.392527
17.653519
17.644873
17.842770
18.259423
17.216349
18.171496
17.209698
17.661030
18.679208
18.132508
19.325407
18.596475
18.511524
18.810085
19.149775
18.702903
17.598096
17.058016
17.605999
23.273329
23.090470
16.577024
15.851877
16.305546
16.838730
16.081337
16.901428
16.173046
16.501524
16.312992
13.485441
13.871379
12.808140
14.378107
14.855367
14.859289
14.521075
15.101066
14.872618
14.137288
19.125316
17.570933
17.632588
18.449405
21.076072
19.944579
21.221274
18.884388
18.350531
18.302977
18.387477
19.313889
19.771155
20.102980
20.789605
18.807938
20.087478
20.651087
20.015211
20.653856
18.500402
18.503340
19.257770
17.872505
18.797051
17.190066
18.841083
17.479566
18.674603
18.409957
20.473262
20.440209
19.806890
20.453940
20.001350
19.797933
20.795841
20.913224
19.342345
18.577100
12.247668
13.039237
12.199819
12.919066
13.101662
12.329935
14.114874
13.305412
13.520683
15.185754
15.671810
15.369433
15.391826
15.567602
15.912385
16.166107
15.923900
14.883389
15.786878
16.471966
15.135422
15.534429
14.378525
14.261782
13.832741
14.158068
15.322354
14.951924
17.293475
17.008032
16.834813
16.353432
16.668164
15.936466
17.434135
17.374058
16.279089
17.932683
15.377785
15.073252
14.837195
16.848107
14.905617
15.650071
16.780057
16.407392
16.434939
14.614506
17.325447
15.756656
17.216643
14.817570
16.358123
15.697215
15.921555
17.756081
16.983433
15.870015
16.155171
16.312082
15.854879
17.643986
16.677633
17.232109
19.998878
19.460067
20.090212
18.725565
19.260659
20.331596
19.937916
18.452578
20.687294
19.025726
20.275055
19.773794
19.830708
19.682067
24.678840
24.534957
24.228050
23.149577
24.527657
25.038651
23.466179
19.628276
19.820588
21.939599
19.364865
21.679894
19.688397
19.592814
20.657865
20.282442
20.790603
24.147501
22.783654
22.079528
22.915216
22.516779
20.950091
19.801812
18.919407
18.590623
16.941985
17.599284
18.621922
13.812562
12.950519
15.010768
13.846312
14.186074
18.400358
20.820943
19.293396
18.412344
19.677116
18.329266
18.124429
18.097819
18.308214
19.405848
18.343959
17.952392
16.441556
18.715665
21.566701
20.708244
21.074825
17.017762
19.251451
19.100145
19.052560
18.612778
19.029061
19.567182
19.587787
19.725944
19.939633
19.668464
18.514528
24.683503
26.319719
23.558586
10.981059
10.659652
 9.779505
10.699102
10.426179
10.472003
10.899701
 9.870349
10.221451
13.451230
12.481147
12.300769
12.968113
12.977977
13.677085
13.807528
13.743307
14.371744
14.080132
13.200405
13.046733
13.945288
15.425098
13.723902
14.591242
14.573501
14.279340
13.923575
13.149501
12.913522
13.071392
13.007098
11.779679
12.151877
13.116878
14.141801
14.710813
15.164181
13.271962
14.892054
13.864356
13.445215
14.417502
13.492995
13.560323
13.181321
11.417476
12.639766
13.019442
12.705153
14.924710
14.464866
14.553601
14.035963
13.912793
15.006348
16.530259
14.619026
14.329778
14.064309
14.442118
15.863192
16.107473
16.241444
16.765899
16.396226
16.671105
15.968129
14.360255
14.801083
14.059309
13.678935
14.024378
12.597072
13.800130
13.573387
13.238662
12.700252
13.522446
14.615566
13.128945
13.418366
13.263478
15.475743
16.016152
14.681306
16.427374
13.105402
12.468608
13.502670
13.868469
12.739019
13.168164
14.022919
13.897700
14.347581
14.150609
14.553580
14.608903
14.119145
13.749719
13.875711
13.144482
13.833139
14.047134
13.461027
13.168888
13.665424
13.833688
13.611371
12.877669
12.234228
13.413779
13.113440
15.651850
16.399632
16.198599
15.422691
16.224242
16.065198
13.517177
14.631943
15.421774
14.935251
13.651144
11.460819
11.206510
12.470558
15.901202
16.778194
15.817497
17.657526
18.656571
17.060378
17.424539
15.836406
15.735211
18.888089
17.678368
18.799263
17.807470
16.551325
17.808123
18.034175
16.979297
16.757620
17.145409
15.134254
15.733624
15.120927
14.712003
14.527451
15.989399
15.289031
15.791231
16.077657
14.797471
17.228693
18.532522
18.394665
17.688138
17.253694
18.304312
17.809128
18.457610
19.277927
16.572948
16.539378
16.537925
16.789113
16.806664
16.376591
17.151927
17.589847
17.054361
16.990614
18.394377
18.280496
16.778056
22.868766
22.509491
22.453590
20.404404
22.333436
19.295644
18.711554
20.540372
18.670848
18.804254
19.558248
16.884102
21.507304
21.335135
22.775240
21.474722
21.886473
13.807502
13.336555
12.700765
15.373381
13.745514
15.779671
15.269921
15.411458
13.378854
14.278761
14.066853
13.159944
12.892912
22.864245
23.037276
24.203326
24.004266
24.709530
21.629896
22.124082
24.692826
23.158777
22.379776
22.249319
21.878320
24.097944
21.380368
21.232867
22.467945
12.066235
12.651629
11.497786
17.764637
16.111076
16.791704
17.161880
16.269994
18.009706
17.411370
16.892423
17.643543
16.347087
17.512844
16.739478
17.774951
16.672758
17.228872
17.704135
18.393921
16.692266
17.609291
17.077894
18.077376
16.808385
18.280966
21.595143
21.038819
21.068221
19.637494
22.166882
22.922803
21.120164
19.253423
19.195120
20.203178
15.625148
15.295712
15.116378
15.269059
16.572488
16.473333
16.703317
17.230346
16.215091
17.208430
16.232416
16.471264
17.042915
19.053495
18.873323
18.754343
19.457016
19.827463
18.788208
20.251364
18.659667
19.230600
17.584516
18.239524
18.664464
20.102497
19.175805
19.267453
19.665700
21.892743
21.240202
20.512291
21.217857
19.146387
17.523526
19.090942
18.396201
20.434936
19.577105
20.550544
19.343105
19.981026
21.762275
21.298143
22.011777
21.144072
24.515035
23.336025
24.153077
24.291106
24.255992
23.624920
16.684414
16.449665
18.515058
15.467853
15.429297
14.644604
15.537141
16.650132
16.551064
15.435044
15.372273
18.356799
18.672400
17.811110
17.610374
17.949850
17.544500
17.479536
17.128699
18.250303
17.939299
16.686174
20.340788
20.186689
21.330335
18.816465
16.882641
18.349966
18.865568
18.566572
17.615244
18.908361
17.632018
18.740669
19.008379
18.179899
18.480987
15.011927
14.965435
14.438290
15.545218
14.943917
17.198122
17.374875
16.424879
16.328347
17.778237
15.325943
17.183573
17.804074
17.020053
17.399167
17.328603
16.800625
16.051986
16.509210
15.555515
16.868030
16.130323
16.241403
15.275827
15.462802
14.526370
14.392846
14.555012
15.724884
16.225316
18.557440
17.636175
17.250955
18.562156
19.390217
19.216786
18.994770
19.595574
17.330244
18.489165
17.507790
17.159652
18.813173
17.001080
19.096242
19.153401
18.431456
22.365777
20.621388
20.190612
20.819672
21.497258
20.430387
19.545032
19.763957
20.893049
20.440029
20.219416
22.903285
23.041206
22.072330
22.838192
21.748524
22.487533
22.723415
23.665653
22.441473
20.944895
22.605624
22.894656
22.414682
20.015610
22.001315
22.974934
22.835496
22.999114
21.070619
20.934138
19.824274
19.077787
19.553588
22.206011
19.658615
19.361722
21.110355
20.399314
20.000889
18.828021
19.210866
17.004602
15.009835
13.865995
14.135165
13.765456
16.274743
18.266303
18.366404
18.275307
17.711554
17.365793
12.530394
11.961590
12.990908
11.534941
13.000572
12.392504
12.056995
14.232010
13.230428
13.340889
13.069930
15.018426
14.686140
14.850530
14.413212
15.625100
14.633751
14.392733
14.062004
16.211219
10.969779
11.199740
11.011269
 9.260855
10.521562
11.535021
 9.971009
 9.814489
 9.217930
 9.251505
 9.453733
 9.923997
 9.466315
 9.987162
 9.462002
 9.143138
 9.317852
 9.435766
 8.431190
16.563563
15.875824
15.699473
14.087827
13.636967
13.657298
14.126152
14.372876
13.273378
16.333828
16.562452
14.454545
15.429984
15.013489
14.639913
14.490310
16.402973
17.471185
18.066518
18.718491
18.231523
17.463359
16.342648
17.761663
18.315808
17.835839
17.692297
18.489867
16.041701
16.277254
17.320320
16.869649
17.241482
16.529526
15.781625
16.039969
14.922012
16.171402
12.186744
11.900282
12.468228
12.302281
12.816056
12.614031
12.526202
11.260335
11.666621
11.256275
12.255637
11.294980
11.423168
11.240219
10.666585
10.905105
10.507662
11.576881
10.520294
11.786475
10.241404
12.997706
12.398485
11.805162
12.967787
12.467846
 8.802897
 8.691399
 9.219410
10.086792
 9.295001
 8.512556
 8.348644
10.570001
11.291354
11.334799
11.118437
10.615232
11.199964
11.659488
13.005464
10.992741
11.288418
12.180106
11.829571
12.006491
11.736486
12.088265
11.737939
11.645030
11.589951
11.805464
12.379853
12.288384
12.555289
11.208776
11.947365
12.399035
12.063348
12.452898
12.389389
12.817809
12.223967
12.221380
12.211244
11.948465
12.166320
11.262888
11.431029
11.641564
11.779045
11.865104
11.490372
11.584822
12.632341
21.338053
20.709539
20.059331
18.586317
19.051158
20.836516
18.210047
17.690810
20.182312
19.867685
20.001784
20.512883
23.063296
19.847459
20.719524
23.667616
22.680740
22.731120
24.246891
22.380245
25.596848
24.453384
24.191655
23.961018
24.290918
21.483067
22.630106
22.035743
22.631369
23.720337
23.237922
22.823524
24.777331
26.179287
24.521866
26.606471
24.871528
26.889839
24.809770
23.691096
23.168807
23.556564
26.031083
23.990308
23.898375
23.650615
23.700380
21.884380
23.896243
19.809456
20.483385
19.550246
20.221362
19.808528
21.643681
19.264657
19.559391
19.709932
20.074073
18.369159
18.818427
17.628179
17.804030
18.920313
18.943003
19.704804
22.069640
20.573610
21.484607
20.071151
20.931680
21.162897
17.957693
18.475894
18.570161
19.039006
17.400648
20.639780
20.558350
22.871119
10.730727
10.131132
11.528202
10.294583
10.477306
11.086405
10.573643
10.735055
11.218452
11.987953
 9.121743
10.051498
 9.950200
10.892965
 9.508788
10.622468
10.416389
 9.847153
10.257902
 9.864178
 9.658473
 9.612860
 9.203128
 9.946847
 8.331521
 7.789569
 7.507032
 7.647694
 7.716587
 8.027377
 7.721456
 8.341313
 7.695730
 8.925848
 8.989597
 9.076147
10.427759
 8.818004
 9.076465
 9.819165
 8.772069
 9.296352
 9.749885
 8.970540
 9.383678
 9.182213
 9.431407
 7.554255
 8.048542
 7.959094
 8.599274
 7.853660
 8.601993
11.380740
10.803370
10.595316
10.271613
11.234702
10.839925
10.333805
10.493714
 9.740043
10.867586
13.598015
12.999566
12.419058
13.869256
12.609381
13.703170
12.738692
12.501680
13.514798
11.300467
12.616832
10.645904
12.772815
12.135754
13.917486
11.795850
11.326260
12.573562
11.844671
11.169735
12.551257
11.825656
12.483872
12.728289
11.674978
13.265303
13.044690
12.702667
12.105136
12.506243
12.172067
11.752502
11.424747
11.502594
13.431888
12.838481
13.425965
13.560183
12.820274
 6.501847
 6.561829
 6.683463
 6.687957
 6.348762
 6.688756
 6.852551
 6.704029
 6.711487
 6.919307
 6.830703
 7.111215
 7.338471
 6.788036
 6.870325
 6.382636
 6.361839
 7.057569
 6.540788
 6.049198
 5.849378
 6.045167
 6.073310
 6.035088
 5.464679
 6.006664
 5.828721
 5.505829
 5.912462
 6.166570
 6.105867
 6.206462
 5.986238
 5.700074
 7.286500
 7.047322
 6.594616
 6.628748
 6.567723
 6.747229
 6.969630
 6.617246
 6.669330
 6.155240
 6.261937
 6.280360
 7.072022
 6.673816
 6.992071
 7.672349
 6.740101
 8.239058
 7.529543
 8.251392
 7.911512
 7.874433
 8.319970
 8.833988
 8.435185
 8.566327
 8.553377
10.367435
10.227479
10.624193
10.354534
10.720253
10.592779
10.654764
 9.892996
10.474807
10.709189
 9.808057
10.309104
 9.101365
 9.831418
 6.669678
 6.711799
 6.991864
 6.107892
 6.559127
 6.250396
 6.642723
 7.171920
 7.541511
 7.715154
 8.422093
 8.467771
 6.250819
 6.223701
 6.304138
 6.198581
 5.835084
 6.381319
 6.289444
 5.791903
 6.365421
 6.350920
 6.117533
 6.116868
 6.152782
 5.986419
 6.598792
 6.321181
 6.853751
 5.950753
 6.593835
 6.697984
 5.978510
 7.018511
 7.277641
 6.948491
 6.755105
 7.002603
 6.893079
 6.812562
11.313322
11.692539
12.241150
10.815161
10.991964
11.150536
10.905147
11.534374
11.919606
11.498967
12.494942
11.935607
13.119020
13.212253
13.654016
13.702893
13.754013
10.897766
11.926149
11.163688
11.029435
10.300570
10.332707
10.168713
10.085374
 9.681459
 9.829497
 9.690121
10.378371
10.567134
 9.136858
10.140344
 9.954495
 9.052004
 9.972264
 8.412116
 8.456906
11.556734
12.201175
11.033128
 9.988456
11.166618
11.259300
11.230120
11.022262
11.988774
11.176582
10.933076
11.321308
10.824429
11.232304
12.346156
12.898896
13.294797
14.422429
12.534055
11.749413
11.231269
11.826315
11.735559
11.311151
11.484999
11.086376
12.572348
12.982638
11.617118
12.270145
11.019570
11.635887
11.620093
11.139968
11.082526
10.746189
10.678506
10.079592
 9.614106
10.362310
 8.892551
 7.943783
 7.970176
 7.678465
 8.499229
 8.207939
 7.985714
 7.582072
 7.192600
10.198475
 9.725869
11.324995
12.300526
12.266991
10.786459
10.784872
10.944369
 8.457094
 8.152716
 9.012682
 8.750080
 8.198972
 8.632620
 8.145198
 8.675933
 8.707847
 8.857113
 9.840843
 8.817796
10.541489
10.586089
 6.908901
 7.008723
 7.217577
 7.591403
 7.968554
 7.240120
 7.270633
 7.968053
 7.758861
 6.870801
 6.456093
 6.889963
 6.151417
 5.759207
 6.199531
 6.739272
 6.568102
 6.761014
 6.640873
 6.659361
 7.032087
 7.757921
 7.443475
 7.165286
 7.136695
 6.920727
 8.211490
 8.008065
 8.510392
 8.157663
 9.469084
 9.234293
 8.814796
 8.918042
 9.498126
 9.888239
10.281490
 9.829631
 8.493913
 9.139677
 8.267464
10.446314
10.530795
10.116002
11.439502
10.589397
10.437958
 9.990407
10.325202
10.453770
10.166499
10.134113
 9.129722
 8.414583
 9.295734
 6.756824
 6.747411
 7.633768
 6.589500
 6.156259
 6.772470
 6.647580
 6.936444
 7.032058
 7.231121
 6.862914
 6.682488
 6.363623
 6.277588
 6.829488
 6.349826
 7.040748
 7.321470
 6.700250
 6.778666
 7.040338
 7.192073
 7.392838
 7.371796
 7.565524
 7.197070
 7.646882
 7.696007
 8.028013
 7.038795
10.743790
10.695821
11.708253
10.550239
10.901289
17.682773
18.005113
17.040168
13.451285
14.743606
14.020834
13.330758
13.995209
13.515715
14.968915
14.912462
14.513564
14.428418
15.985774
15.979103
16.199977
15.452792
15.113192
17.014748
15.166298
15.582445
13.696031
14.631396
14.167343
13.159359
14.231979
14.316617
13.474888
14.241690
13.834907
14.081303
12.938635
14.225028
14.061933
14.504575
14.556154
13.665557
13.756091
13.988437
16.771996
15.660933
15.834676
15.760562
15.811878
15.008078
14.913204
15.300835
13.951789
14.781284
14.743660
16.049150
15.484622
14.124010
15.279206
13.954165
13.925396
14.692838
16.437171
16.046354
15.213597
15.901742
14.483327
15.161288
14.221405
14.211161
15.540324
18.339020
18.045527
16.837561
16.779108
15.963168
14.800850
16.381469
15.303283
14.476611
12.963450
13.358568
14.434757
13.513207
18.105009
16.710655
17.480655
17.072706
17.027548
17.998296
16.996761
16.062947
16.614748
15.855462
22.488871
20.744833
19.767342
20.117141
17.650286
17.695424
20.238041
19.662237
20.910696
20.132794
20.370798
20.563690
21.255075
18.523721
17.746443
17.921201
18.743882
19.548527
18.111174
20.034465
19.033738
18.037532
16.958897
18.341981
17.214463
16.164608
16.756103
15.809659
16.368585
17.063251
18.329706
17.933490
16.552241
12.743455
12.858206
12.756681
13.130753
12.113816
12.211726
12.088984
14.994120
14.611821
12.624320
12.862275
13.040931
14.267874
13.547189
19.750145
19.753677
19.894818
23.213190
23.092780
23.969479
21.796547
20.984629
24.092279
20.403588
20.748028
20.514619
20.864068
21.048897
20.025582
19.789727
18.200554
18.616169
16.463927
15.546474
15.461683
15.647266
15.675569
15.625104
15.105219
15.021848
15.903315
15.465131
15.178496
16.950421
15.889557
17.652349
16.385697
16.745641
15.624955
17.118394
16.683738
16.576142
16.604302
17.415999
18.975852
19.000362
17.981749
18.839671
16.542258
15.928708
15.154916
16.207741
15.998347
18.254626
18.059876
17.881500
16.629676
16.872367
13.288856
12.709906
12.902806
12.475631
11.075316
11.971464
12.469338
 8.918643
 8.514536
 8.403661
 9.134264
10.091491
 8.792263
 8.827710
10.928878
11.274588
10.910947
11.315348
11.337220
11.789649
10.927595
10.898276
10.411745
10.564545
10.284212
12.662930
11.625832
11.304337
11.090212
12.206540
11.052076
10.832387
13.893596
14.214307
13.707541
13.732401
12.650550
14.095398
13.722443
15.652915
13.849478
15.206339
14.656128
14.802880
15.128390
13.636255
13.640079
14.137016
15.068377
15.029775
13.494845
14.873864
16.225423
14.228070
14.910329
13.516541
14.127954
17.367321
16.568874
15.995723
16.566506
17.032386
18.307501
18.981504
17.852666
19.054798
18.783658
19.763693
17.499143
15.933517
15.835500
16.416754
17.567919
15.386448
16.519320
14.664899
17.509039
16.603487
17.396915
18.502022
16.915473
17.866959
16.322561
16.420249
16.901663
17.055076
14.941838
16.924726
17.349148
17.594056
16.503469
17.726599
18.117172
17.184974
17.549135
17.659095
14.631706
14.928972
14.453080
14.910028
15.492983
15.991116
15.263103
15.699313
18.480117
18.294501
18.475473
16.566593
17.716318
17.728110
17.691515
17.522684
15.206487
15.818369
10.886109
10.586534
11.397651
12.104125
11.688433
12.261104
11.774078
12.525205
12.004848
11.194559
12.796023
12.823506
13.012698
11.643826
10.795286
10.537153
10.061318
10.890362
10.925016
13.048854
13.375341
14.357513
14.927202
14.392385
14.779605
13.488040
11.689859
12.121940
11.890499
11.437686
11.686017
12.124254
11.432892
11.744332
11.676959
11.137164
11.585425
11.165064
12.736176
13.845672
13.279141
13.204904
13.626196
13.018992
12.308098
13.145279
12.679112
12.990339
12.909810
12.889434
13.526059
11.826893
12.572616
16.650056
18.009418
16.447709
16.640280
16.799449
14.902502
18.705254
17.171634
17.205382
16.754764
16.938745
16.350050
18.821128
18.145378
16.569416
17.061695
15.524238
16.633733
16.053843
17.056184
17.001660
17.254825
17.927733
17.460036
17.116445
17.089224
16.945755
15.567381
14.416847
14.226287
14.946931
14.906168
14.193682
15.438823
14.333069
14.510498
13.126832
13.801413
13.205565
13.492083
14.402028
13.127559
17.390305
17.580970
16.598945
17.220377
17.647763
17.866180
17.065115
18.415035
18.255499
15.628326
17.736819
16.622943
17.305752
17.544242
17.153592
19.148998
17.448102
18.458483
19.535916
20.082646
20.003678
20.977718
21.747511
20.028946
20.783886
21.414340
19.830265
20.743372
 8.141036
 7.838399
 8.222094
 7.982465
 7.994990
 7.674425
 7.960533
 7.987476
 8.549827
 8.286737
 9.459145
 9.012554
 9.273937
 8.976819
 8.959004
 9.831836
10.458261
12.945925
13.502149
13.760395
13.160051
13.239173
14.040054
13.383728
13.552031
13.626906
13.027418
12.701321
18.171131
20.397018
20.341614
19.362576
19.417311
19.011070
19.235013
19.386631
19.068974
19.340520
20.829414
20.486072
20.210490
20.797137
19.793322
19.920854
19.675621
19.762805
18.890625
21.431685
19.642999
21.514064
19.480622
21.166461
20.426572
14.989738
16.251195
15.597334
17.072834
15.666518
15.987197
15.529021
14.993002
15.706473
19.592291
18.446090
18.234823
17.763803
17.565705
16.963399
18.152932
17.715104
16.945617
18.643843
16.813820
16.896031
16.337096
15.640316
15.752221
15.697413
15.485685
15.829801
14.653811
13.628924
13.533886
14.193670
13.484940
13.950949
12.911844
11.632228
12.455697
 9.583826
 9.670519
 9.957985
 9.984931
 9.912464
 9.766830
 8.998441
 9.177333
 9.932893
12.289105
11.622768
11.555461
11.731951
11.699745
10.449475
10.085569
10.272082
10.429270
11.250999
10.892842
11.771827
11.919249
11.585016
11.256833
10.390386
 9.989513
10.300702
 9.612441
10.374546
 9.930894
11.297171
10.405483
10.682768
11.835337
11.085868
11.214678
11.138126
11.091470
11.829645
11.689607
10.821097
10.820427
10.382126
11.008526
11.759943
11.092676
11.109907
11.277605
10.276399
10.029203
 9.547766
11.903531
11.323902
12.227721
10.101810
10.183225
10.540001
10.874384
 9.970142
10.545432
 9.966670
12.082752
11.474100
10.488712
15.361932
13.821706
15.412243
13.928583
15.054250
15.900609
14.232410
13.950553
14.422675
14.043286
15.702084
13.586786
14.048514
15.771849
14.668460
14.562568
14.851745
13.961580
16.151268
13.871895
14.783986
14.328948
15.002095
15.433968
13.666799
14.500495
15.113154
14.251420
14.479941
14.161806
14.132494
14.228132
16.864921
17.735808
17.419602
16.321415
16.393257
16.282759
17.507579
16.373783
15.087758
17.339541
15.558985
16.438381
15.341919
14.907169
13.741763
14.771737
15.168802
14.130000
15.400866
19.278673
20.540946
18.933583
21.282587
12.391901
12.677694
12.606483
14.249213
15.064344
14.679281
14.916568
14.733098
15.419875
14.896604
13.944072
14.664234
14.823213
14.421700
14.740536
14.975794
14.845811
13.719921
16.778283
16.289663
18.170523
16.822862
14.976241
14.965570
16.063154
14.519010
15.476204
16.805423
14.185632
15.450918
12.654498
12.488316
12.345620
12.205027
11.831530
11.193113
10.748047
11.436185
10.274800
 9.824435
11.245695
10.298692
11.089537
12.207180
11.296021
11.873977
11.546562
11.095975
11.103439
11.630617
11.353884
12.725631
12.429557
12.780526
12.343290
13.501986
13.448165
12.891580
12.857117
12.611881
10.753090
10.961748
10.784558
10.808109
10.808581
11.056279
10.347058
12.689070
13.255235
12.232499
16.689174
17.887771
16.689668
16.409796
17.972377
17.824204
17.111801
16.664068
16.092557
16.960795
16.043672
16.937687
 9.762585
 9.903058
10.106919
10.040259
10.402693
 9.358827
 8.575169
 8.226385
10.578154
10.406855
10.320121
10.359813
10.045657
 9.312636
 9.545043
10.390338
 9.490594
10.321456
10.294513
10.292725
10.624268
11.151207
 9.922129
10.390471
10.448682
10.595462
 8.917323
 9.663283
 9.064216
 9.548555
 9.557770
 7.646805
 7.998820
 7.645500
10.573684
11.158344
10.916155
11.536997
10.583351
11.632209
11.342371
10.698057
10.777149
11.526438
11.768957
12.296210
11.525768
12.057398
11.724193
 9.035342
 9.346849
 8.931772
 9.591351
 9.574839
 9.710906
 9.583003
 8.884031
 9.543189
10.027921
11.503151
10.655397
11.063444
11.437245
 9.720763
 9.331812
 9.370772
 9.527112
 9.192565
 9.055657
 8.768688
 9.562580
 8.666450
 9.472210
 9.389624
 9.720769
 9.272471
 9.398884
 9.356262
 8.775825
 9.379224
 9.070677
 9.112512
 8.830732
 8.922915
 9.112010
10.404218
 9.867336
10.411772
10.733620
11.305247
10.978798
 9.804342
10.060444
10.136065
 9.559286
10.343762
11.853385
11.199392
11.377343
 9.796532
10.754336
10.782735
10.862681
10.991985
10.274033
10.352204
10.244867
10.440231
 9.988853
10.812717
11.233871
10.659826
11.131306
10.724873
11.384219
11.928965
12.247652
12.026664
11.940644
10.946587
11.282457
10.187945
10.385646
10.871723
10.636498
11.936568
11.806557
11.535206
10.668202
12.120775
10.954767
11.095013
11.026967
10.997111
10.833771
10.127274
 9.972117
11.183783
10.192960
10.088445
10.472389
11.480974
 9.955345
 9.638111
 9.694251
 9.756610
 9.075569
 9.644717
10.708766
 9.410841
10.285813
10.953758
10.931287
11.096734
11.315664
12.165946
18.706836
17.817889
19.021711
17.138235
18.771200
18.047773
18.766051
18.074795
18.630631
17.957982
17.850874
18.644996
18.838320
19.056221
19.387082
17.707819
15.510742
16.340447
16.016871
15.306108
15.349823
15.005343
14.264232
16.844591
16.814163
15.641562
15.508850
16.158544
14.568928
14.456694
14.039458
14.170564
13.680308
14.537859
14.385628
13.058259
13.623913
12.847315
12.903716
12.138915
15.652908
14.561284
15.158370
14.805965
10.762600
10.653177
11.162978
10.814757
11.072119
10.367468
10.747728
11.431062
12.162250
12.268456
12.595702
12.020670
11.989810
11.381070
12.215636
11.874269
12.034400
11.733260
12.999512
13.250727
12.347407
13.268312
13.235012
13.321430
12.610083
11.535212
12.997129
12.801449
12.156801
12.410014
11.069731
11.400365
12.360274
10.795605
11.418944
 9.427009
10.605758
10.332254
 9.967160
11.482889
10.350242
10.540206
10.398353
 9.723275
 9.809262
 9.949221
11.148362
10.989431
10.278557
11.171012
10.697892
10.645827
10.285184
10.292234
10.074619
15.739214
13.580210
12.914674
11.970583
12.848641
12.263553
12.620374
16.015099
17.352151
14.911210
13.849987
13.178803
10.258332
11.702934
11.153673
10.891843
 9.940477
11.369818
10.949956
10.290278
10.036446
10.030437
10.935378
11.094719
10.660318
13.240222
13.183722
12.602719
13.266623
12.149658
12.346119
10.633016
10.495612
10.759372
10.100277
 9.409541
10.022939
 9.549959
11.063366
10.635450
11.688968
16.558643
16.502949
16.962845
16.222419
16.663637
15.374706
16.531477
16.229874
15.502014
17.066271
16.655367
16.104837
15.709183
17.325716
17.422941
17.422714
18.422103
17.416702
18.886410
17.286478
14.853439
16.743364
17.444820
16.370807
15.385282
15.146984
17.552641
15.721755
16.030039
16.550128
14.974076
16.335022
16.538490
16.531857
18.995846
19.018616
19.211233
18.507699
18.513817
18.817389
18.148818
18.147747
15.346596
16.487430
16.895395
17.196950
17.190202
15.406181
15.847929
17.487013
15.693044
16.522900
15.101636
14.741685
16.603926
14.950489
14.590713
18.354279
18.331560
18.991779
16.501189
17.909780
18.115248
17.314542
18.252345
19.886257
18.688296
19.328461
18.933672
19.387890
18.823485
18.144207
19.315926
16.112188
18.392081
17.236938
18.262408
18.061666
19.128456
20.670174
19.357136
19.016847
21.991275
22.739452
22.111599
22.596923
23.235263
23.915427
22.822799
20.889905
20.987778
21.159650
19.573476
20.476276
20.786157
20.851287
14.548223
14.053543
14.132676
14.233613
14.544152
14.240421
15.666383
14.526843
15.781301
14.815356
16.586809
14.694039
13.646041
14.902873
12.704242
12.299693
15.151972
16.731537
14.539412
15.624403
14.599372
13.145278
14.303402
14.614997
14.917234
15.089805
14.548057
14.909134
13.935281
13.976224
14.088262
14.840875
14.298990
14.775532
14.519792
14.689863
15.373943
14.378662
13.583414
13.128220
14.046605
12.837453
13.325010
12.715106
14.360260
14.270006
 8.292960
 9.106539
 8.544762
 8.206606
 7.786225
 7.849130
 8.055259
 7.645508
 7.352123
 7.376689
 7.872372
 7.692798
17.893342
17.618593
17.387971
19.872694
18.952400
19.980727
20.419373
18.595697
19.539270
21.351351
18.247677
16.352780
17.993686
16.644958
16.762248
15.823616
14.717067
14.617615
13.957532
13.821264
15.745896
15.199410
17.902983
15.505483
15.398798
15.912644
15.811832
15.444220
14.523057
16.464670
17.197746
16.810976
18.025343
17.696665
17.183400
16.424423
14.816543
15.112438
14.887536
15.067917
15.264071
15.911346
17.843625
17.498526
18.516543
17.480607
15.940683
18.450267
16.977331
17.326449
17.042119
15.205773
13.532576
14.707003
16.098284
14.912351
15.155814
13.283787
13.656520
13.997246
13.338789
12.440183
13.256907
17.629355
18.315742
18.407893
18.655765
19.622121
19.140475
20.715441
18.589456
18.365480
17.646292
16.433064
17.586547
16.322548
17.095950
16.619024
16.692632
16.171658
16.749482
11.483177
 9.582380
 9.387856
 9.546311
 8.766037
 8.767573
 8.695563
10.423122
 9.768325
 9.687094
 9.892625
 9.935690
 9.577737
10.286648
10.498237
10.106624
 9.955265
 9.985374
10.253628
10.102988
10.300578
 9.206144
10.212100
 9.621698
10.080083
 9.540178
 9.222749
 9.601546
 8.797749
 9.467541
 8.694329
 9.992114
10.146866
10.337203
 9.731269
10.459098
10.014611
10.289612
10.096444
 9.236893
 9.804376
 9.923289
10.026392
 9.503168
14.090207
14.269291
14.488900
13.939326
13.843587
13.982530
12.948105
12.046010
12.504887
14.277522
12.966262
13.926713
12.969070
13.537544
13.037741
13.812176
13.546156
13.933234
13.138018
14.611732
13.610005
13.898068
 8.746775
 8.356031
 7.891706
 7.804719
 7.552035
 7.920150
 8.567028
 7.960242
 8.667126
 7.373736
 8.233937
11.761323
11.128278
12.299513
11.616497
11.613578
11.309270
11.662684
10.807460
12.215039
11.660828
11.710565
11.322065
12.108607
10.499644
 9.923691
 9.685778
10.425735
 9.840236
 9.407943
 9.582282
 9.184058
10.335039
10.069706
10.739740
10.844866
 9.835904
10.444204
10.407435
 9.730281
10.180340
10.198107
10.398870
 9.940950
 8.920432
 9.422873
 9.390670
 9.405553
 9.832518
10.205777
10.202604
10.793901
11.114444
 7.475771
 7.678334
 7.602040
 8.232004
 7.822750
11.062730
11.697925
11.375473
11.254483
10.642098
11.409959
11.163694
10.941877
11.247204
10.856243
11.275751
10.105760
10.268056
 9.896877
10.110346
 8.659789
 8.641866
 8.702513
 7.774916
 8.070165
 8.738968
 9.827436
10.526980
10.484196
 9.719388
10.258441
 8.063247
 8.376880
 7.917780
 8.461500
 7.909519
 8.207425
 7.691409
 8.168800
 8.518715
 8.435559
 8.034726
 8.268037
 9.179219
 9.439490
 8.747860
 9.417474
 8.608714
 8.905581
 9.194213
 9.029087
 8.863626
 9.893999
 9.532034
 9.475608
 9.923206
 9.617500
10.136777
 9.750384
 9.152536
10.510993
 9.853809
10.323057
 9.623172
 9.920491
 9.949335
 9.843686
 9.415733
 9.842105
10.917905
11.486485
11.164821
11.146004
11.284811
11.314259
 8.959487
 8.693342
 8.450251
 9.533768
 8.935979
 8.343496
 9.074771
 8.889145
 8.698762
 8.572387
 9.863288
 8.981909
 9.340067
 8.637349
 8.414314
10.274611
10.045782
10.601658
10.679695
11.357755
11.215132
 9.966175
10.199676
 9.662536
10.409083
10.041531
10.331297
10.183544
10.833491
17.143319
16.632773
17.381356
18.735963
18.413885
17.969590
17.471629
18.525863
17.136026
18.345064
18.711266
18.401264
17.775858
17.590353
18.222909
18.669386
18.207377
19.219071
20.784897
18.451482
18.631422
19.672239
19.419506
19.398762
20.236115
24.524171
25.573311
23.646644
24.733381
24.681683
23.478698
27.087017
23.708004
26.299229
24.914533
23.445484
25.137448
25.725332
24.124237
24.885382
23.357564
24.776359
25.674192
26.920829
26.251289
25.941599
29.465398
28.900683
27.325760
30.476857
20.954202
19.475415
20.825546
22.790908
20.545585
21.860781
20.826110
21.026457
20.776859
24.620792
24.290909
23.098515
23.439693
22.438465
23.252895
22.876831
21.731349
22.690577
20.192179
19.871160
22.327107
19.131767
23.437727
23.129524
23.574197
24.614440
25.702531
26.343253
24.379134
27.411482
26.180712
25.173915
26.345540
25.170591
25.475281
27.497754
26.996357
26.382284
26.315128
27.427538
27.541771
21.723486
22.406523
21.603065
21.439466
21.744771
19.902681
20.650605
22.482553
20.128616
20.932759
20.439174
19.581734
19.746911
18.851148
20.689771
20.681718
20.624973
19.552673
19.982261
20.191643
20.695336
18.834692
16.924084
17.999637
17.126708
14.587270
16.260155
14.842131
15.333526
15.872041
15.494154
15.924126
15.130099
12.484891
12.618458
12.431903
12.403459
12.043969
12.473324
11.924189
12.176980
12.557750
11.965378
10.580173
19.944750
18.622377
19.510949
18.240743
17.545053
17.919909
19.253056
17.748736
18.489485
18.799926
18.501000
19.856441
20.197780
19.397475
18.564807
26.624017
26.139279
23.585210
22.133956
21.945185
22.026742
24.163118
18.620828
18.785241
21.191488
19.410394
18.628399
18.338547
19.150779
19.772949
20.342740
18.124986
17.660877
18.001573
17.958356
17.751120
17.992699
18.227819
16.354408
17.796226
19.553911
18.313834
18.551612
18.388292
18.183944
17.976096
17.662556
17.760502
17.377768
18.707863
18.656409
22.944141
25.129582
25.241907
23.678306
24.265737
23.174665
24.579897
24.053874
24.357263
23.555954
25.288172
26.532750
26.927314
26.864630
21.001655
21.526529
22.522721
21.322379
21.959028
22.530581
22.833554
20.075910
21.829005
22.396997
21.125702
20.749006
22.052174
21.805139
21.795262
 9.872465
10.729022
 9.594921
10.484096
10.403147
 9.832565
11.002778
10.026539
 9.685644
 8.963335
 9.505975
 9.639841
 9.471623
10.927730
10.554789
11.255633
11.046661
11.594567
10.971634
10.803222
11.601523
12.762027
12.816630
11.975735
14.219101
12.824022
13.043461
13.196956
12.873561
13.812274
14.162262
10.735314
10.664731
11.402386
11.689001
11.183254
11.169654
11.213148
11.858205
11.264526
12.215128
11.511288
12.227450
12.529951
10.464821
11.244196
11.708820
11.030294
11.307504
10.570954
 6.507413
 6.687139
 7.183821
 7.202865
 7.036006
 8.987334
 9.052462
 8.953855
 8.641698
 9.369479
 8.862392
 7.279785
 8.131458
 7.866292
 7.297189
 7.565254
 7.537354
 7.885714
 8.014645
 7.784726
 7.847692
 8.084660
 7.395227
 8.024049
 8.446193
 6.673376
 6.225227
 6.843514
 6.722630
 6.687095
 6.456467
 7.014085
 6.826001
 6.670627
 6.252701
 9.946181
 9.954385
10.230963
10.570022
11.036620
10.460696
10.006467
10.210146
 9.569168
 8.927397
 9.411973
 9.634714
10.154160
 9.173417
 9.556937
 9.229390
 9.288921
 9.010711
 9.655717
 9.764191
 9.362937
 9.182235
 9.242123
11.096649
10.785529
10.693831
10.885566
10.944890
11.195961
10.179690
 9.167511
10.528829
10.062302
10.624953
 9.010652
 9.393200
 8.867829
 8.933029
10.870608
12.412630
11.659265
11.545266
10.752159
11.593499
12.531595
11.481394
13.233398
13.284975
11.758326
12.934641
13.274425
 9.662495
 9.624266
10.552359
 8.448414
11.146316
10.098658
10.296601
10.605986
10.888570
10.682717
10.681068
 9.845382
 9.170213
 9.238608
 8.797149
 8.784980
 8.914302
 9.456336
 9.350111
 8.963944
 8.647763
11.070360
11.692811
11.906915
11.356995
10.280894
11.643969
11.233161
10.635564
10.099501
10.460377
10.175822
10.119981
12.224670
13.114752
12.841100
12.301489
12.407198
12.572867
12.858046
12.322156
11.665660
12.157195
13.083543
12.152975
13.488265
13.575827
11.965771
12.769773
14.064475
14.429723
13.149136
19.108931
18.842814
16.590509
18.171625
17.317788
17.672762
18.974743
19.500868
17.790827
18.432576
18.096126
17.661447
17.589854
17.215663
15.499346
17.839069
18.106816
17.891127
17.896718
16.923153
18.909931
17.368196
17.780034
21.158454
20.572084
21.096455
19.817941
19.845746
20.493843
20.690030
20.462706
20.173217
20.310672
20.710240
21.455251
22.176278
20.541046
16.622239
14.061145
14.281559
15.109832
14.982300
14.607299
14.796739
13.952244
13.840758
18.052564
17.812853
17.632123
17.421711
16.046440
16.280850
16.331006
15.868675
15.143472
16.734186
15.686997
16.263943
17.052742
16.588093
17.699888
16.195169
16.149583
17.049871
18.563206
17.765926
19.595479
18.443573
19.142661
18.677886
18.285992
18.481589
19.948372
17.731046
17.442456
20.799376
19.507653
19.562823
21.112204
18.822411
18.375571
18.948648
18.160329
18.917217
19.402968
20.667104
20.121834
20.628322
19.095911
19.653114
21.447826
24.916837
24.292654
22.721860
16.066004
15.675843
15.732106
14.731745
16.284190
15.855524
14.767499
14.205637
14.499203
17.850602
17.469232
17.635221
17.768891
18.821067
18.514220
19.252360
19.241051
18.678723
18.564587
20.155124
20.083327
20.353470
20.567080
20.363102
19.925978
20.001586
23.100964
22.588125
25.620349
25.538680
24.607642
26.362414
25.418441
25.327572
27.472985
27.158962
13.598091
15.379405
15.094167
16.943737
15.653765
16.111587
16.704783
15.978207
16.299962
15.483789
14.807206
14.419305
14.811867
14.111396
14.106311
14.862041
13.970452
14.494694
14.589560
15.244131
14.816853
14.860304
14.129086
15.992177
13.452436
13.838796
12.672924
14.306696
13.749268
13.563386
12.420022
14.139485
13.299555
12.951391
13.743702
14.557689
14.785301
15.084703
14.436494
13.535557
14.962104
13.215900
14.045115
13.611424
14.751381
14.388958
13.798969
14.035091
13.943877
13.873925
14.455711
13.929617
12.149556
12.392681
11.638288
12.018306
12.404771
12.350972
11.725134
12.840644
13.150753
12.451506
13.799895
11.866620
12.206712
12.728472
12.597770
11.984519
11.704483
22.011084
23.221226
21.409360
21.068098
21.709588
20.445782
20.301471
22.036034
21.101635
21.726887
21.059665
21.058416
20.733787
21.115863
22.951667
19.098128
18.832344
18.388684
18.137785
19.794828
17.815408
20.463022
20.834434
21.843496
12.647657
13.342320
12.635561
12.304497
13.146452
13.944530
12.934600
13.557980
13.660035
13.909390
12.849335
12.822138
13.231705
13.805275
11.878051
12.624243
11.946463
13.095860
13.060900
14.128259
12.764742
12.535736
11.443381
12.019043
11.977606
10.545102
11.169645
10.507664
11.087301
11.045352
10.660776
10.315535
10.263982
11.255579
11.583598
11.215286
11.057218
23.853002
21.994348
15.304866
13.925121
14.937769
14.444497
15.518001
15.083933
15.260510
16.008249
15.307854
20.241594
20.365913
20.016024
20.188889
19.563610
19.473437
18.837420
22.818047
19.531083
21.115635
21.796572
20.611623
21.095640
21.661619
21.204742
21.555159
22.938899
20.337524
20.047846
18.900037
19.737048
19.652027
19.555835
19.540549
21.854129
18.340460
19.319998
18.008479
19.062408
19.969146
18.868671
20.548480
18.985234
19.737554
22.683826
22.462489
20.829887
22.547825
22.448246
19.477849
21.484157
22.291321
21.241826
20.566751
20.905839
21.375964
21.619345
20.256370
19.643052
19.780467
20.173661
19.370725
18.269816
17.924569
17.688519
20.837990
17.954909
17.657441
18.386670
16.711829
17.732553
17.345602
18.258306
18.159363
17.768763
17.513014
16.440789
16.244651
17.477232
16.938997
15.841654
15.728578
15.669841
17.007018
15.595704
18.037972
16.658478
16.197265
17.947569
18.826891
18.978207
17.662698
18.419332
17.945568
17.793741
18.379317
24.142872
24.586207
25.726557
24.854969
25.471702
14.376241
14.585036
14.925395
14.344015
16.092784
16.820790
15.725170
15.917807
16.519308
16.515242
15.401313
14.687204
16.034433
14.473681
16.439271
14.714456
15.462955
15.698598
15.857350
16.169543
16.320401
15.807370
15.079746
15.414848
15.541545
17.227841
16.188672
16.333429
17.691028
16.555252
15.720838
16.962077
17.772916
17.502402
15.634058
17.785449
16.885867
17.332717
14.997841
14.072075
13.811508
14.026276
14.460777
14.497229
14.564398
16.236513
16.614874
16.200329
10.360411
11.312327
10.482772
 9.826690
10.593683
10.296494
 9.667356
10.630879
10.232383
 9.723962
 9.957646
 9.760190
 9.692458
 9.826060
 9.614421
13.360089
12.943211
13.435670
12.736291
12.528710
12.707123
13.478894
13.156378
12.914635
12.042087
12.223431
10.491209
10.953311
10.741666
10.901866
 9.660028
 9.842490
 9.382623
10.796703
 9.991420
10.616064
 9.669233
10.012384
 9.612335
 9.970537
10.092083
 9.922543
 9.034587
10.336831
 9.998361
 9.021304
 8.871626
 9.376099
 8.951764
 9.761731
 9.368723
10.366245
10.604021
 9.659817
10.579003
11.004161
10.140481
 9.000982
10.056814
11.542450
11.697875
11.015618
11.411552
10.831514
11.577902
11.244066
11.170415
11.296623
11.253519
11.331836
11.376814
11.138187
11.219722
10.272861
10.962631
11.182664
11.190568
11.325857
12.090398
11.127301
11.594658
11.574953
12.787864
12.384350
11.941177
10.890007
10.319776
11.255277
12.316674
12.573622
12.822990
12.936804
12.007297
12.033601
12.059985
11.019311
10.900670
11.143952
12.449584
13.128252
13.729054
12.656318
12.557532
14.614020
14.698910
13.653862
13.629968
14.293929
12.451055
12.959892
12.250595
12.653747
11.568400
11.839450
11.467968
12.343241
12.787290
 9.290557
 9.191652
 9.226434
 8.674541
 9.480462
 9.293243
 8.430368
 9.025925
 8.064655
 6.689088
 6.641044
 7.265777
 7.014362
 7.086839
10.229550
10.744118
11.331325
10.240737
11.256282
10.657754
11.449964
11.799822
11.546401
11.232984
13.299145
14.397074
12.502162
13.411155
10.597453
10.547153
11.122143
11.741990
12.304692
12.071835
11.502944
11.611831
10.911610
11.021284
10.758242
11.331435
11.582345
10.952327
 9.883147
10.370167
10.386004
10.310371
10.690414
11.302157
10.617837
11.490776
10.603766
11.519123
11.684582
10.871818
10.532869
10.857940
10.121669
10.327625
 9.848259
10.066049
10.650226
10.689713
10.707115
10.049876
 9.952193
10.582659
10.075485
 7.810922
 8.066955
 8.530128
 8.657321
 9.114260
 8.712851
 8.713099
 8.556126
 8.116461
 9.850964
10.001429
 9.852606
 9.986462
10.349635
 9.389530
 9.626288
 9.700818
 8.175140
 7.735855
 7.928426
 7.647382
 7.898580
 8.882641
 8.992466
 7.891203
 8.298132
 8.581279
 7.841927
 8.387692
10.011258
10.018752
 8.526527
 8.936106
 8.665850
 9.013220
22.439553
22.649263
21.083704
23.083692
20.995227
21.529560
20.194533
23.335509
21.880848
22.579009
23.042527
23.329996
23.277609
23.252369
25.120963
22.498192
24.335655
16.932867
17.658325
16.931348
17.893582
17.564539
19.476141
18.475626
18.314697
17.896826
18.191022
14.321666
14.692279
15.159367
13.668805
14.738491
14.086936
14.810601
12.787616
13.414943
13.482335
13.062213
12.853287
12.578636
13.105144
13.012685
13.423128
13.247427
13.819783
13.489083
13.854159
12.220140
13.245288
13.358373
12.155356
13.404701
11.776361
11.882721
12.420757
11.022673
11.339252
12.260174
10.980316
21.622750
22.661761
20.731223
19.873494
21.667866
18.372840
19.855025
18.818728
19.974032
19.331577
19.854787
18.738161
18.370500
17.696110
18.711520
19.854645
20.045225
18.547781
19.709730
20.425097
20.087511
20.802688
20.260450
20.203428
20.344029
19.991616
20.051688
18.830594
20.199217
19.331953
19.083046
19.636396
20.961048
20.583909
20.487237
21.045173
20.424663
19.776380
21.643627
18.699037
18.250006
19.843689
16.647202
17.652379
17.566320
