5.502081
5.643615
5.368680
5.468184
5.335304
5.337908
5.084026
5.499522
5.510218
5.189457
5.494210
5.716227
5.721950
5.722920
5.374798
5.616464
5.314158
5.228468
5.270030
5.633639
5.552341
5.431384
5.793301
5.421212
5.621737
5.493639
5.362598
5.678288
5.328614
5.517204
5.842708
5.583033
5.645838
5.380232
5.684219
5.550351
5.760659
5.733460
5.161630
5.503357
5.502081
5.643615
5.368680
5.468184
5.335304
5.337908
5.084026
5.499522
5.510218
5.189457
5.494210
5.716227
5.721950
5.722920
5.374798
5.616464
5.314158
5.228468
5.270030
5.633639
5.552341
5.431384
5.793301
5.421212
5.621737
5.493639
5.362598
5.678288
5.328614
5.517204
5.842708
5.583033
5.645838
5.380232
5.684219
5.550351
5.760659
5.733460
5.161630
5.503357
5.502081
5.643615
5.368680
5.468184
5.335304
5.337908
5.084026
5.499522
5.510218
5.189457
5.494210
5.716227
5.721950
5.722920
5.374798
5.616464
5.314158
5.228468
5.270030
5.633639
5.552341
5.431384
5.793301
5.421212
5.621737
5.493639
5.362598
5.678288
5.328614
5.517204
5.842708
5.583033
5.645838
5.380232
5.684219
5.550351
5.760659
5.733460
5.161630
5.503357
5.502081
5.643615
5.368680
5.468184
5.335304
5.337908
5.084026
5.499522
5.510218
5.189457
5.494210
5.716227
5.721950
5.722920
5.374798
5.616464
5.314158
5.228468
5.270030
5.633639
5.552341
5.431384
5.793301
5.421212
5.621737
5.493639
5.362598
5.678288
5.328614
5.517204
5.842708
5.583033
5.645838
5.380232
5.684219
5.550351
5.760659
5.733460
5.161630
5.503357
5.502081
5.643615
5.368680
5.468184
5.335304
5.337908
5.084026
5.499522
5.510218
5.189457
5.494210
5.716227
5.721950
5.722920
5.374798
5.616464
5.314158
5.228468
5.270030
5.633639
5.552341
5.431384
5.793301
5.421212
5.621737
5.493639
5.362598
5.678288
5.328614
5.517204
5.842708
5.583033
5.645838
5.380232
5.684219
5.550351
5.760659
5.733460
5.161630
5.503357
5.502081
5.643615
5.368680
5.468184
5.335304
5.337908
5.084026
5.499522
5.510218
5.189457
5.494210
5.716227
5.721950
5.722920
5.374798
5.616464
5.314158
5.228468
5.270030
5.633639
5.552341
5.431384
5.793301
5.421212
5.621737
5.493639
5.362598
5.678288
5.328614
5.517204
5.842708
5.583033
5.645838
5.380232
5.684219
5.550351
5.760659
5.733460
5.161630
5.503357
5.502081
5.643615
5.368680
5.468184
5.335304
5.337908
5.084026
5.499522
5.510218
5.189457
5.494210
5.716227
5.721950
5.722920
5.374798
5.616464
5.314158
5.228468
5.270030
5.633639
5.552341
5.431384
5.793301
5.421212
5.621737
5.493639
5.362598
5.678288
5.328614
5.517204
5.842708
5.583033
5.645838
5.380232
5.684219
5.550351
5.760659
5.733460
5.161630
5.503357
5.502081
5.643615
5.368680
5.468184
5.335304
5.337908
5.084026
5.499522
5.510218
5.189457
5.494210
5.716227
5.721950
5.722920
5.374798
5.616464
5.314158
5.228468
5.270030
5.633639
5.552341
5.431384
5.793301
5.421212
5.621737
5.493639
5.362598
5.678288
5.328614
5.517204
5.842708
5.583033
5.645838
5.380232
5.684219
5.550351
5.760659
5.733460
5.161630
5.503357
5.502081
5.643615
5.368680
5.468184
5.335304
5.337908
5.084026
5.499522
5.510218
5.189457
5.494210
5.716227
5.721950
5.722920
5.374798
5.616464
5.314158
5.228468
5.270030
5.633639
5.552341
5.431384
5.793301
5.421212
5.621737
5.493639
5.362598
5.678288
5.328614
5.517204
5.842708
5.583033
5.645838
5.380232
5.684219
5.550351
5.760659
5.733460
5.161630
5.503357
5.502081
5.643615
5.368680
5.468184
5.335304
5.337908
5.084026
5.499522
5.510218
5.189457
5.494210
5.716227
5.721950
5.722920
5.374798
5.616464
5.314158
5.228468
5.270030
5.633639
5.552341
5.431384
5.793301
5.421212
5.621737
5.493639
5.362598
5.678288
5.328614
5.517204
5.842708
5.583033
5.645838
5.380232
5.684219
5.550351
5.760659
5.733460
5.161630
5.503357
5.502081
5.643615
5.368680
5.468184
5.335304
5.337908
5.084026
5.499522
5.510218
5.189457
5.494210
5.716227
5.721950
5.722920
5.374798
5.616464
5.314158
5.228468
5.270030
5.633639
5.552341
5.431384
5.793301
5.421212
5.621737
5.493639
5.362598
5.678288
5.328614
5.517204
5.842708
5.583033
5.645838
5.380232
5.684219
5.550351
5.760659
5.733460
5.161630
5.503357
5.502081
5.643615
5.368680
5.468184
5.335304
5.337908
5.084026
5.499522
5.510218
5.189457
5.494210
5.716227
5.721950
5.722920
5.374798
5.616464
5.314158
5.228468
5.270030
5.633639
5.552341
5.431384
5.793301
5.421212
5.621737
5.493639
5.362598
5.678288
5.328614
5.517204
5.842708
5.583033
5.645838
5.380232
5.684219
5.550351
5.760659
5.733460
5.161630
5.503357
5.502081
5.643615
5.368680
5.468184
5.335304
5.337908
5.084026
5.499522
5.510218
5.189457
5.494210
5.716227
5.721950
5.722920
5.374798
5.616464
5.314158
5.228468
5.270030
5.633639
5.552341
5.431384
5.793301
5.421212
5.621737
5.493639
5.362598
5.678288
5.328614
5.517204
5.842708
5.583033
5.645838
5.380232
5.684219
5.550351
5.760659
5.733460
5.161630
5.503357
5.502081
5.643615
5.368680
5.468184
5.335304
5.337908
5.084026
5.499522
5.510218
5.189457
5.494210
5.716227
5.721950
5.722920
5.374798
5.616464
5.314158
5.228468
5.270030
5.633639
5.552341
5.431384
5.793301
5.421212
5.621737
5.493639
5.362598
5.678288
5.328614
5.517204
5.842708
5.583033
5.645838
5.380232
5.684219
5.550351
5.760659
5.733460
5.161630
5.503357
5.502081
5.643615
5.368680
5.468184
5.335304
5.337908
5.084026
5.499522
5.510218
5.189457
5.494210
5.716227
5.721950
5.722920
5.374798
5.616464
5.314158
5.228468
5.270030
5.633639
5.552341
5.431384
5.793301
5.421212
5.621737
5.493639
5.362598
5.678288
5.328614
5.517204
5.842708
5.583033
5.645838
5.380232
5.684219
5.550351
5.760659
5.733460
5.161630
5.503357
5.502081
5.643615
5.368680
5.468184
5.335304
5.337908
5.084026
5.499522
5.510218
5.189457
5.494210
5.716227
5.721950
5.722920
5.374798
5.616464
5.314158
5.228468
5.270030
5.633639
5.552341
5.431384
5.793301
5.421212
5.621737
5.493639
5.362598
5.678288
5.328614
5.517204
5.842708
5.583033
5.645838
5.380232
5.684219
5.550351
5.760659
5.733460
5.161630
5.503357
5.502081
5.643615
5.368680
5.468184
5.335304
5.337908
5.084026
5.499522
5.510218
5.189457
5.494210
5.716227
5.721950
5.722920
5.374798
5.616464
5.314158
5.228468
5.270030
5.633639
5.552341
5.431384
5.793301
5.421212
5.621737
5.493639
5.362598
5.678288
5.328614
5.517204
5.842708
5.583033
5.645838
5.380232
5.684219
5.550351
5.760659
5.733460
5.161630
5.503357
5.502081
5.643615
5.368680
5.468184
5.335304
5.337908
5.084026
5.499522
5.510218
5.189457
5.494210
5.716227
5.721950
5.722920
5.374798
5.616464
5.314158
5.228468
5.270030
5.633639
5.552341
5.431384
5.793301
5.421212
5.621737
5.493639
5.362598
5.678288
5.328614
5.517204
5.842708
5.583033
5.645838
5.380232
5.684219
5.550351
5.760659
5.733460
5.161630
5.503357
5.502081
5.643615
5.368680
5.468184
5.335304
5.337908
5.084026
5.499522
5.510218
5.189457
5.494210
5.716227
5.721950
5.722920
5.374798
5.616464
5.314158
5.228468
5.270030
5.633639
5.552341
5.431384
5.793301
5.421212
5.621737
5.493639
5.362598
5.678288
5.328614
5.517204
5.842708
5.583033
5.645838
5.380232
5.684219
5.550351
5.760659
5.733460
5.161630
5.503357
5.502081
5.643615
5.368680
5.468184
5.335304
5.337908
5.084026
5.499522
5.510218
5.189457
5.494210
5.716227
5.721950
5.722920
5.374798
5.616464
5.314158
5.228468
5.270030
5.633639
5.552341
5.431384
5.793301
5.421212
5.621737
5.493639
5.362598
5.678288
5.328614
5.517204
5.842708
5.583033
5.645838
5.380232
5.684219
5.550351
5.760659
5.733460
5.161630
5.503357
5.502081
5.643615
5.368680
5.468184
5.335304
5.337908
5.084026
5.499522
5.510218
5.189457
5.494210
5.716227
5.721950
5.722920
5.374798
5.616464
5.314158
5.228468
5.270030
5.633639
5.552341
5.431384
5.793301
5.421212
5.621737
5.493639
5.362598
5.678288
5.328614
5.517204
5.842708
5.583033
5.645838
5.380232
5.684219
5.550351
5.760659
5.733460
5.161630
5.503357
5.502081
5.643615
5.368680
5.468184
5.335304
5.337908
5.084026
5.499522
5.510218
5.189457
5.494210
5.716227
5.721950
5.722920
5.374798
5.616464
5.314158
5.228468
5.270030
5.633639
5.552341
5.431384
5.793301
5.421212
5.621737
5.493639
5.362598
5.678288
5.328614
5.517204
5.842708
5.583033
5.645838
5.380232
5.684219
5.550351
5.760659
5.733460
5.161630
5.503357
5.502081
5.643615
5.368680
5.468184
5.335304
5.337908
5.084026
5.499522
5.510218
5.189457
5.494210
5.716227
5.721950
5.722920
5.374798
5.616464
5.314158
5.228468
5.270030
5.633639
5.552341
5.431384
5.793301
5.421212
5.621737
5.493639
5.362598
5.678288
5.328614
5.517204
5.842708
5.583033
5.645838
5.380232
5.684219
5.550351
5.760659
5.733460
5.161630
5.503357
5.502081
5.643615
5.368680
5.468184
5.335304
5.337908
5.084026
5.499522
5.510218
5.189457
5.494210
5.716227
5.721950
5.722920
5.374798
5.616464
5.314158
5.228468
5.270030
5.633639
5.552341
5.431384
5.793301
5.421212
5.621737
5.493639
5.362598
5.678288
5.328614
5.517204
5.842708
5.583033
5.645838
5.380232
5.684219
5.550351
5.760659
5.733460
5.161630
5.503357
5.502081
5.643615
5.368680
5.468184
5.335304
5.337908
5.084026
5.499522
5.510218
5.189457
5.494210
5.716227
5.721950
5.722920
5.374798
5.616464
5.314158
5.228468
5.270030
5.633639
5.552341
5.431384
5.793301
5.421212
5.621737
5.493639
5.362598
5.678288
5.328614
5.517204
5.842708
5.583033
5.645838
5.380232
5.684219
5.550351
5.760659
5.733460
5.161630
5.503357
5.502081
5.643615
5.368680
5.468184
5.335304
5.337908
5.084026
5.499522
5.510218
5.189457
5.494210
5.716227
5.721950
5.722920
5.374798
5.616464
5.314158
5.228468
5.270030
5.633639
5.552341
5.431384
5.793301
5.421212
5.621737
5.493639
5.362598
5.678288
5.328614
5.517204
5.842708
5.583033
5.645838
5.380232
5.684219
5.550351
5.760659
5.733460
5.161630
5.503357
5.502081
5.643615
5.368680
5.468184
5.335304
5.337908
5.084026
5.499522
5.510218
5.189457
5.494210
5.716227
5.721950
5.722920
5.374798
5.616464
5.314158
5.228468
5.270030
5.633639
5.552341
5.431384
5.793301
5.421212
5.621737
5.493639
5.362598
5.678288
5.328614
5.517204
5.842708
5.583033
5.645838
5.380232
5.684219
5.550351
5.760659
5.733460
5.161630
5.503357
5.502081
5.643615
5.368680
5.468184
5.335304
5.337908
5.084026
5.499522
5.510218
5.189457
5.494210
5.716227
5.721950
5.722920
5.374798
5.616464
5.314158
5.228468
5.270030
5.633639
5.552341
5.431384
5.793301
5.421212
5.621737
5.493639
5.362598
5.678288
5.328614
5.517204
5.842708
5.583033
5.645838
5.380232
5.684219
5.550351
5.760659
5.733460
5.161630
5.503357
5.502081
5.643615
5.368680
5.468184
5.335304
5.337908
5.084026
5.499522
5.510218
5.189457
5.494210
5.716227
5.721950
5.722920
5.374798
5.616464
5.314158
5.228468
5.270030
5.633639
5.552341
5.431384
5.793301
5.421212
5.621737
5.493639
5.362598
5.678288
5.328614
5.517204
5.842708
5.583033
5.645838
5.380232
5.684219
5.550351
5.760659
5.733460
5.161630
5.503357
5.502081
5.643615
5.368680
5.468184
5.335304
5.337908
5.084026
5.499522
5.510218
5.189457
5.494210
5.716227
5.721950
5.722920
5.374798
5.616464
5.314158
5.228468
5.270030
5.633639
5.552341
5.431384
5.793301
5.421212
5.621737
5.493639
5.362598
5.678288
5.328614
5.517204
5.842708
5.583033
5.645838
5.380232
5.684219
5.550351
5.760659
5.733460
5.161630
5.503357
5.502081
5.643615
5.368680
5.468184
5.335304
5.337908
5.084026
5.499522
5.510218
5.189457
5.494210
5.716227
5.721950
5.722920
5.374798
5.616464
5.314158
5.228468
5.270030
5.633639
5.552341
5.431384
5.793301
5.421212
5.621737
5.493639
5.362598
5.678288
5.328614
5.517204
5.842708
5.583033
5.645838
5.380232
5.684219
5.550351
5.760659
5.733460
5.161630
5.503357
5.502081
5.643615
5.368680
5.468184
5.335304
5.337908
5.084026
5.499522
5.510218
5.189457
5.494210
5.716227
5.721950
5.722920
5.374798
5.616464
5.314158
5.228468
5.270030
5.633639
5.552341
5.431384
5.793301
5.421212
5.621737
5.493639
5.362598
5.678288
5.328614
5.517204
5.842708
5.583033
5.645838
5.380232
5.684219
5.550351
5.760659
5.733460
5.161630
5.503357
5.502081
5.643615
5.368680
5.468184
5.335304
5.337908
5.084026
5.499522
5.510218
5.189457
5.494210
5.716227
5.721950
5.722920
5.374798
5.616464
5.314158
5.228468
5.270030
5.633639
5.552341
5.431384
5.793301
5.421212
5.621737
5.493639
5.362598
5.678288
5.328614
5.517204
5.842708
5.583033
5.645838
5.380232
5.684219
5.550351
5.760659
5.733460
5.161630
5.503357
5.502081
5.643615
5.368680
5.468184
5.335304
5.337908
5.084026
5.499522
5.510218
5.189457
5.494210
5.716227
5.721950
5.722920
5.374798
5.616464
5.314158
5.228468
5.270030
5.633639
5.552341
5.431384
5.793301
5.421212
5.621737
5.493639
5.362598
5.678288
5.328614
5.517204
5.842708
5.583033
5.645838
5.380232
5.684219
5.550351
5.760659
5.733460
5.161630
5.503357
5.502081
5.643615
5.368680
5.468184
5.335304
5.337908
5.084026
5.499522
5.510218
5.189457
5.494210
5.716227
5.721950
5.722920
5.374798
5.616464
5.314158
5.228468
5.270030
5.633639
5.552341
5.431384
5.793301
5.421212
5.621737
5.493639
5.362598
5.678288
5.328614
5.517204
5.842708
5.583033
5.645838
5.380232
5.684219
5.550351
5.760659
5.733460
5.161630
5.503357
5.502081
5.643615
5.368680
5.468184
5.335304
5.337908
5.084026
5.499522
5.510218
5.189457
5.494210
5.716227
5.721950
5.722920
5.374798
5.616464
5.314158
5.228468
5.270030
5.633639
5.552341
5.431384
5.793301
5.421212
5.621737
5.493639
5.362598
5.678288
5.328614
5.517204
5.842708
5.583033
5.645838
5.380232
5.684219
5.550351
5.760659
5.733460
5.161630
5.503357
5.502081
5.643615
5.368680
5.468184
5.335304
5.337908
5.084026
5.499522
5.510218
5.189457
5.494210
5.716227
5.721950
5.722920
5.374798
5.616464
5.314158
5.228468
5.270030
5.633639
5.552341
5.431384
5.793301
5.421212
5.621737
5.493639
5.362598
5.678288
5.328614
5.517204
5.842708
5.583033
5.645838
5.380232
5.684219
5.550351
5.760659
5.733460
5.161630
5.503357
5.502081
5.643615
5.368680
5.468184
5.335304
5.337908
5.084026
5.499522
5.510218
5.189457
5.494210
5.716227
5.721950
5.722920
5.374798
5.616464
5.314158
5.228468
5.270030
5.633639
5.552341
5.431384
5.793301
5.421212
5.621737
5.493639
5.362598
5.678288
5.328614
5.517204
5.842708
5.583033
5.645838
5.380232
5.684219
5.550351
5.760659
5.733460
5.161630
5.503357
5.502081
5.643615
5.368680
5.468184
5.335304
5.337908
5.084026
5.499522
5.510218
5.189457
5.494210
5.716227
5.721950
5.722920
5.374798
5.616464
5.314158
5.228468
5.270030
5.633639
5.552341
5.431384
5.793301
5.421212
5.621737
5.493639
5.362598
5.678288
5.328614
5.517204
5.842708
5.583033
5.645838
5.380232
5.684219
5.550351
5.760659
5.733460
5.161630
5.503357
5.502081
5.643615
5.368680
5.468184
5.335304
5.337908
5.084026
5.499522
5.510218
5.189457
5.494210
5.716227
5.721950
5.722920
5.374798
5.616464
5.314158
5.228468
5.270030
5.633639
5.552341
5.431384
5.793301
5.421212
5.621737
5.493639
5.362598
5.678288
5.328614
5.517204
5.842708
5.583033
5.645838
5.380232
5.684219
5.550351
5.760659
5.733460
5.161630
5.503357
5.502081
5.643615
5.368680
5.468184
5.335304
5.337908
5.084026
5.499522
5.510218
5.189457
5.494210
5.716227
5.721950
5.722920
5.374798
5.616464
5.314158
5.228468
5.270030
5.633639
5.552341
5.431384
5.793301
5.421212
5.621737
5.493639
5.362598
5.678288
5.328614
5.517204
5.842708
5.583033
5.645838
5.380232
5.684219
5.550351
5.760659
5.733460
5.161630
5.503357
5.502081
5.643615
5.368680
5.468184
5.335304
5.337908
5.084026
5.499522
5.510218
5.189457
5.494210
5.716227
5.721950
5.722920
5.374798
5.616464
5.314158
5.228468
5.270030
5.633639
5.552341
5.431384
5.793301
5.421212
5.621737
5.493639
5.362598
5.678288
5.328614
5.517204
5.842708
5.583033
5.645838
5.380232
5.684219
5.550351
5.760659
5.733460
5.161630
5.503357
5.502081
5.643615
5.368680
5.468184
5.335304
5.337908
5.084026
5.499522
5.510218
5.189457
5.494210
5.716227
5.721950
5.722920
5.374798
5.616464
5.314158
5.228468
5.270030
5.633639
5.552341
5.431384
5.793301
5.421212
5.621737
5.493639
5.362598
5.678288
5.328614
5.517204
5.842708
5.583033
5.645838
5.380232
5.684219
5.550351
5.760659
5.733460
5.161630
5.503357
5.502081
5.643615
5.368680
5.468184
5.335304
5.337908
5.084026
5.499522
5.510218
5.189457
5.494210
5.716227
5.721950
5.722920
5.374798
5.616464
5.314158
5.228468
5.270030
5.633639
5.552341
5.431384
5.793301
5.421212
5.621737
5.493639
5.362598
5.678288
5.328614
5.517204
5.842708
5.583033
5.645838
5.380232
5.684219
5.550351
5.760659
5.733460
5.161630
5.503357
5.502081
5.643615
5.368680
5.468184
5.335304
5.337908
5.084026
5.499522
5.510218
5.189457
5.494210
5.716227
5.721950
5.722920
5.374798
5.616464
5.314158
5.228468
5.270030
5.633639
5.552341
5.431384
5.793301
5.421212
5.621737
5.493639
5.362598
5.678288
5.328614
5.517204
5.842708
5.583033
5.645838
5.380232
5.684219
5.550351
5.760659
5.733460
5.161630
5.503357
5.502081
5.643615
5.368680
5.468184
5.335304
5.337908
5.084026
5.499522
5.510218
5.189457
5.494210
5.716227
5.721950
5.722920
5.374798
5.616464
5.314158
5.228468
5.270030
5.633639
5.552341
5.431384
5.793301
5.421212
5.621737
5.493639
5.362598
5.678288
5.328614
5.517204
5.842708
5.583033
5.645838
5.380232
5.684219
5.550351
5.760659
5.733460
5.161630
5.503357
5.502081
5.643615
5.368680
5.468184
5.335304
5.337908
5.084026
5.499522
5.510218
5.189457
5.494210
5.716227
5.721950
5.722920
5.374798
5.616464
5.314158
5.228468
5.270030
5.633639
5.552341
5.431384
5.793301
5.421212
5.621737
5.493639
5.362598
5.678288
5.328614
5.517204
5.842708
5.583033
5.645838
5.380232
5.684219
5.550351
5.760659
5.733460
5.161630
5.503357
5.502081
5.643615
5.368680
5.468184
5.335304
5.337908
5.084026
5.499522
5.510218
5.189457
5.494210
5.716227
5.721950
5.722920
5.374798
5.616464
5.314158
5.228468
5.270030
5.633639
5.552341
5.431384
5.793301
5.421212
5.621737
5.493639
5.362598
5.678288
5.328614
5.517204
5.842708
5.583033
5.645838
5.380232
5.684219
5.550351
5.760659
5.733460
5.161630
5.503357
5.502081
5.643615
5.368680
5.468184
5.335304
5.337908
5.084026
5.499522
5.510218
5.189457
5.494210
5.716227
5.721950
5.722920
5.374798
5.616464
5.314158
5.228468
5.270030
5.633639
5.552341
5.431384
5.793301
5.421212
5.621737
5.493639
5.362598
5.678288
5.328614
5.517204
5.842708
5.583033
5.645838
5.380232
5.684219
5.550351
5.760659
5.733460
5.161630
5.503357
5.502081
5.643615
5.368680
5.468184
5.335304
5.337908
5.084026
5.499522
5.510218
5.189457
5.494210
5.716227
5.721950
5.722920
5.374798
5.616464
5.314158
5.228468
5.270030
5.633639
5.552341
5.431384
5.793301
5.421212
5.621737
5.493639
5.362598
5.678288
5.328614
5.517204
5.842708
5.583033
5.645838
5.380232
5.684219
5.550351
5.760659
5.733460
5.161630
5.503357
