0.2831601
0.3253425
0.3003143
0.2940367
0.2903233
0.3287776
0.2818801
0.2786908
0.2931507
0.3063437
0.2639831
0.3021515
0.3019178
0.2992533
0.3104614
0.3128072
0.2924968
0.3149314
0.2776211
0.2966940
0.3045376
0.2726533
0.2987568
0.3087673
0.2921675
0.2964723
0.2983112
0.3257985
0.3088144
0.3067350
0.3019495
0.3015475
0.2895361
0.2780360
0.2924796
0.3196656
0.2851163
0.3086438
0.2969861
0.3085660
0.2831601
0.3253425
0.3003143
0.2940367
0.2903233
0.3287776
0.2818801
0.2786908
0.2931507
0.3063437
0.2639831
0.3021515
0.3019178
0.2992533
0.3104614
0.3128072
0.2924968
0.3149314
0.2776211
0.2966940
0.3045376
0.2726533
0.2987568
0.3087673
0.2921675
0.2964723
0.2983112
0.3257985
0.3088144
0.3067350
0.3019495
0.3015475
0.2895361
0.2780360
0.2924796
0.3196656
0.2851163
0.3086438
0.2969861
0.3085660
0.2831601
0.3253425
0.3003143
0.2940367
0.2903233
0.3287776
0.2818801
0.2786908
0.2931507
0.3063437
0.2639831
0.3021515
0.3019178
0.2992533
0.3104614
0.3128072
0.2924968
0.3149314
0.2776211
0.2966940
0.3045376
0.2726533
0.2987568
0.3087673
0.2921675
0.2964723
0.2983112
0.3257985
0.3088144
0.3067350
0.3019495
0.3015475
0.2895361
0.2780360
0.2924796
0.3196656
0.2851163
0.3086438
0.2969861
0.3085660
0.2831601
0.3253425
0.3003143
0.2940367
0.2903233
0.3287776
0.2818801
0.2786908
0.2931507
0.3063437
0.2639831
0.3021515
0.3019178
0.2992533
0.3104614
0.3128072
0.2924968
0.3149314
0.2776211
0.2966940
0.3045376
0.2726533
0.2987568
0.3087673
0.2921675
0.2964723
0.2983112
0.3257985
0.3088144
0.3067350
0.3019495
0.3015475
0.2895361
0.2780360
0.2924796
0.3196656
0.2851163
0.3086438
0.2969861
0.3085660
0.2831601
0.3253425
0.3003143
0.2940367
0.2903233
0.3287776
0.2818801
0.2786908
0.2931507
0.3063437
0.2639831
0.3021515
0.3019178
0.2992533
0.3104614
0.3128072
0.2924968
0.3149314
0.2776211
0.2966940
0.3045376
0.2726533
0.2987568
0.3087673
0.2921675
0.2964723
0.2983112
0.3257985
0.3088144
0.3067350
0.3019495
0.3015475
0.2895361
0.2780360
0.2924796
0.3196656
0.2851163
0.3086438
0.2969861
0.3085660
0.2831601
0.3253425
0.3003143
0.2940367
0.2903233
0.3287776
0.2818801
0.2786908
0.2931507
0.3063437
0.2639831
0.3021515
0.3019178
0.2992533
0.3104614
0.3128072
0.2924968
0.3149314
0.2776211
0.2966940
0.3045376
0.2726533
0.2987568
0.3087673
0.2921675
0.2964723
0.2983112
0.3257985
0.3088144
0.3067350
0.3019495
0.3015475
0.2895361
0.2780360
0.2924796
0.3196656
0.2851163
0.3086438
0.2969861
0.3085660
0.2831601
0.3253425
0.3003143
0.2940367
0.2903233
0.3287776
0.2818801
0.2786908
0.2931507
0.3063437
0.2639831
0.3021515
0.3019178
0.2992533
0.3104614
0.3128072
0.2924968
0.3149314
0.2776211
0.2966940
0.3045376
0.2726533
0.2987568
0.3087673
0.2921675
0.2964723
0.2983112
0.3257985
0.3088144
0.3067350
0.3019495
0.3015475
0.2895361
0.2780360
0.2924796
0.3196656
0.2851163
0.3086438
0.2969861
0.3085660
0.2831601
0.3253425
0.3003143
0.2940367
0.2903233
0.3287776
0.2818801
0.2786908
0.2931507
0.3063437
0.2639831
0.3021515
0.3019178
0.2992533
0.3104614
0.3128072
0.2924968
0.3149314
0.2776211
0.2966940
0.3045376
0.2726533
0.2987568
0.3087673
0.2921675
0.2964723
0.2983112
0.3257985
0.3088144
0.3067350
0.3019495
0.3015475
0.2895361
0.2780360
0.2924796
0.3196656
0.2851163
0.3086438
0.2969861
0.3085660
0.2831601
0.3253425
0.3003143
0.2940367
0.2903233
0.3287776
0.2818801
0.2786908
0.2931507
0.3063437
0.2639831
0.3021515
0.3019178
0.2992533
0.3104614
0.3128072
0.2924968
0.3149314
0.2776211
0.2966940
0.3045376
0.2726533
0.2987568
0.3087673
0.2921675
0.2964723
0.2983112
0.3257985
0.3088144
0.3067350
0.3019495
0.3015475
0.2895361
0.2780360
0.2924796
0.3196656
0.2851163
0.3086438
0.2969861
0.3085660
0.2831601
0.3253425
0.3003143
0.2940367
0.2903233
0.3287776
0.2818801
0.2786908
0.2931507
0.3063437
0.2639831
0.3021515
0.3019178
0.2992533
0.3104614
0.3128072
0.2924968
0.3149314
0.2776211
0.2966940
0.3045376
0.2726533
0.2987568
0.3087673
0.2921675
0.2964723
0.2983112
0.3257985
0.3088144
0.3067350
0.3019495
0.3015475
0.2895361
0.2780360
0.2924796
0.3196656
0.2851163
0.3086438
0.2969861
0.3085660
0.2831601
0.3253425
0.3003143
0.2940367
0.2903233
0.3287776
0.2818801
0.2786908
0.2931507
0.3063437
0.2639831
0.3021515
0.3019178
0.2992533
0.3104614
0.3128072
0.2924968
0.3149314
0.2776211
0.2966940
0.3045376
0.2726533
0.2987568
0.3087673
0.2921675
0.2964723
0.2983112
0.3257985
0.3088144
0.3067350
0.3019495
0.3015475
0.2895361
0.2780360
0.2924796
0.3196656
0.2851163
0.3086438
0.2969861
0.3085660
0.2831601
0.3253425
0.3003143
0.2940367
0.2903233
0.3287776
0.2818801
0.2786908
0.2931507
0.3063437
0.2639831
0.3021515
0.3019178
0.2992533
0.3104614
0.3128072
0.2924968
0.3149314
0.2776211
0.2966940
0.3045376
0.2726533
0.2987568
0.3087673
0.2921675
0.2964723
0.2983112
0.3257985
0.3088144
0.3067350
0.3019495
0.3015475
0.2895361
0.2780360
0.2924796
0.3196656
0.2851163
0.3086438
0.2969861
0.3085660
0.2831601
0.3253425
0.3003143
0.2940367
0.2903233
0.3287776
0.2818801
0.2786908
0.2931507
0.3063437
0.2639831
0.3021515
0.3019178
0.2992533
0.3104614
0.3128072
0.2924968
0.3149314
0.2776211
0.2966940
0.3045376
0.2726533
0.2987568
0.3087673
0.2921675
0.2964723
0.2983112
0.3257985
0.3088144
0.3067350
0.3019495
0.3015475
0.2895361
0.2780360
0.2924796
0.3196656
0.2851163
0.3086438
0.2969861
0.3085660
0.2831601
0.3253425
0.3003143
0.2940367
0.2903233
0.3287776
0.2818801
0.2786908
0.2931507
0.3063437
0.2639831
0.3021515
0.3019178
0.2992533
0.3104614
0.3128072
0.2924968
0.3149314
0.2776211
0.2966940
0.3045376
0.2726533
0.2987568
0.3087673
0.2921675
0.2964723
0.2983112
0.3257985
0.3088144
0.3067350
0.3019495
0.3015475
0.2895361
0.2780360
0.2924796
0.3196656
0.2851163
0.3086438
0.2969861
0.3085660
0.2831601
0.3253425
0.3003143
0.2940367
0.2903233
0.3287776
0.2818801
0.2786908
0.2931507
0.3063437
0.2639831
0.3021515
0.3019178
0.2992533
0.3104614
0.3128072
0.2924968
0.3149314
0.2776211
0.2966940
0.3045376
0.2726533
0.2987568
0.3087673
0.2921675
0.2964723
0.2983112
0.3257985
0.3088144
0.3067350
0.3019495
0.3015475
0.2895361
0.2780360
0.2924796
0.3196656
0.2851163
0.3086438
0.2969861
0.3085660
0.2831601
0.3253425
0.3003143
0.2940367
0.2903233
0.3287776
0.2818801
0.2786908
0.2931507
0.3063437
0.2639831
0.3021515
0.3019178
0.2992533
0.3104614
0.3128072
0.2924968
0.3149314
0.2776211
0.2966940
0.3045376
0.2726533
0.2987568
0.3087673
0.2921675
0.2964723
0.2983112
0.3257985
0.3088144
0.3067350
0.3019495
0.3015475
0.2895361
0.2780360
0.2924796
0.3196656
0.2851163
0.3086438
0.2969861
0.3085660
0.2831601
0.3253425
0.3003143
0.2940367
0.2903233
0.3287776
0.2818801
0.2786908
0.2931507
0.3063437
0.2639831
0.3021515
0.3019178
0.2992533
0.3104614
0.3128072
0.2924968
0.3149314
0.2776211
0.2966940
0.3045376
0.2726533
0.2987568
0.3087673
0.2921675
0.2964723
0.2983112
0.3257985
0.3088144
0.3067350
0.3019495
0.3015475
0.2895361
0.2780360
0.2924796
0.3196656
0.2851163
0.3086438
0.2969861
0.3085660
0.2831601
0.3253425
0.3003143
0.2940367
0.2903233
0.3287776
0.2818801
0.2786908
0.2931507
0.3063437
0.2639831
0.3021515
0.3019178
0.2992533
0.3104614
0.3128072
0.2924968
0.3149314
0.2776211
0.2966940
0.3045376
0.2726533
0.2987568
0.3087673
0.2921675
0.2964723
0.2983112
0.3257985
0.3088144
0.3067350
0.3019495
0.3015475
0.2895361
0.2780360
0.2924796
0.3196656
0.2851163
0.3086438
0.2969861
0.3085660
0.2831601
0.3253425
0.3003143
0.2940367
0.2903233
0.3287776
0.2818801
0.2786908
0.2931507
0.3063437
0.2639831
0.3021515
0.3019178
0.2992533
0.3104614
0.3128072
0.2924968
0.3149314
0.2776211
0.2966940
0.3045376
0.2726533
0.2987568
0.3087673
0.2921675
0.2964723
0.2983112
0.3257985
0.3088144
0.3067350
0.3019495
0.3015475
0.2895361
0.2780360
0.2924796
0.3196656
0.2851163
0.3086438
0.2969861
0.3085660
0.2831601
0.3253425
0.3003143
0.2940367
0.2903233
0.3287776
0.2818801
0.2786908
0.2931507
0.3063437
0.2639831
0.3021515
0.3019178
0.2992533
0.3104614
0.3128072
0.2924968
0.3149314
0.2776211
0.2966940
0.3045376
0.2726533
0.2987568
0.3087673
0.2921675
0.2964723
0.2983112
0.3257985
0.3088144
0.3067350
0.3019495
0.3015475
0.2895361
0.2780360
0.2924796
0.3196656
0.2851163
0.3086438
0.2969861
0.3085660
0.2831601
0.3253425
0.3003143
0.2940367
0.2903233
0.3287776
0.2818801
0.2786908
0.2931507
0.3063437
0.2639831
0.3021515
0.3019178
0.2992533
0.3104614
0.3128072
0.2924968
0.3149314
0.2776211
0.2966940
0.3045376
0.2726533
0.2987568
0.3087673
0.2921675
0.2964723
0.2983112
0.3257985
0.3088144
0.3067350
0.3019495
0.3015475
0.2895361
0.2780360
0.2924796
0.3196656
0.2851163
0.3086438
0.2969861
0.3085660
0.2831601
0.3253425
0.3003143
0.2940367
0.2903233
0.3287776
0.2818801
0.2786908
0.2931507
0.3063437
0.2639831
0.3021515
0.3019178
0.2992533
0.3104614
0.3128072
0.2924968
0.3149314
0.2776211
0.2966940
0.3045376
0.2726533
0.2987568
0.3087673
0.2921675
0.2964723
0.2983112
0.3257985
0.3088144
0.3067350
0.3019495
0.3015475
0.2895361
0.2780360
0.2924796
0.3196656
0.2851163
0.3086438
0.2969861
0.3085660
0.2831601
0.3253425
0.3003143
0.2940367
0.2903233
0.3287776
0.2818801
0.2786908
0.2931507
0.3063437
0.2639831
0.3021515
0.3019178
0.2992533
0.3104614
0.3128072
0.2924968
0.3149314
0.2776211
0.2966940
0.3045376
0.2726533
0.2987568
0.3087673
0.2921675
0.2964723
0.2983112
0.3257985
0.3088144
0.3067350
0.3019495
0.3015475
0.2895361
0.2780360
0.2924796
0.3196656
0.2851163
0.3086438
0.2969861
0.3085660
0.2831601
0.3253425
0.3003143
0.2940367
0.2903233
0.3287776
0.2818801
0.2786908
0.2931507
0.3063437
0.2639831
0.3021515
0.3019178
0.2992533
0.3104614
0.3128072
0.2924968
0.3149314
0.2776211
0.2966940
0.3045376
0.2726533
0.2987568
0.3087673
0.2921675
0.2964723
0.2983112
0.3257985
0.3088144
0.3067350
0.3019495
0.3015475
0.2895361
0.2780360
0.2924796
0.3196656
0.2851163
0.3086438
0.2969861
0.3085660
0.2831601
0.3253425
0.3003143
0.2940367
0.2903233
0.3287776
0.2818801
0.2786908
0.2931507
0.3063437
0.2639831
0.3021515
0.3019178
0.2992533
0.3104614
0.3128072
0.2924968
0.3149314
0.2776211
0.2966940
0.3045376
0.2726533
0.2987568
0.3087673
0.2921675
0.2964723
0.2983112
0.3257985
0.3088144
0.3067350
0.3019495
0.3015475
0.2895361
0.2780360
0.2924796
0.3196656
0.2851163
0.3086438
0.2969861
0.3085660
0.2831601
0.3253425
0.3003143
0.2940367
0.2903233
0.3287776
0.2818801
0.2786908
0.2931507
0.3063437
0.2639831
0.3021515
0.3019178
0.2992533
0.3104614
0.3128072
0.2924968
0.3149314
0.2776211
0.2966940
0.3045376
0.2726533
0.2987568
0.3087673
0.2921675
0.2964723
0.2983112
0.3257985
0.3088144
0.3067350
0.3019495
0.3015475
0.2895361
0.2780360
0.2924796
0.3196656
0.2851163
0.3086438
0.2969861
0.3085660
0.2831601
0.3253425
0.3003143
0.2940367
0.2903233
0.3287776
0.2818801
0.2786908
0.2931507
0.3063437
0.2639831
0.3021515
0.3019178
0.2992533
0.3104614
0.3128072
0.2924968
0.3149314
0.2776211
0.2966940
0.3045376
0.2726533
0.2987568
0.3087673
0.2921675
0.2964723
0.2983112
0.3257985
0.3088144
0.3067350
0.3019495
0.3015475
0.2895361
0.2780360
0.2924796
0.3196656
0.2851163
0.3086438
0.2969861
0.3085660
0.2831601
0.3253425
0.3003143
0.2940367
0.2903233
0.3287776
0.2818801
0.2786908
0.2931507
0.3063437
0.2639831
0.3021515
0.3019178
0.2992533
0.3104614
0.3128072
0.2924968
0.3149314
0.2776211
0.2966940
0.3045376
0.2726533
0.2987568
0.3087673
0.2921675
0.2964723
0.2983112
0.3257985
0.3088144
0.3067350
0.3019495
0.3015475
0.2895361
0.2780360
0.2924796
0.3196656
0.2851163
0.3086438
0.2969861
0.3085660
0.2831601
0.3253425
0.3003143
0.2940367
0.2903233
0.3287776
0.2818801
0.2786908
0.2931507
0.3063437
0.2639831
0.3021515
0.3019178
0.2992533
0.3104614
0.3128072
0.2924968
0.3149314
0.2776211
0.2966940
0.3045376
0.2726533
0.2987568
0.3087673
0.2921675
0.2964723
0.2983112
0.3257985
0.3088144
0.3067350
0.3019495
0.3015475
0.2895361
0.2780360
0.2924796
0.3196656
0.2851163
0.3086438
0.2969861
0.3085660
0.2831601
0.3253425
0.3003143
0.2940367
0.2903233
0.3287776
0.2818801
0.2786908
0.2931507
0.3063437
0.2639831
0.3021515
0.3019178
0.2992533
0.3104614
0.3128072
0.2924968
0.3149314
0.2776211
0.2966940
0.3045376
0.2726533
0.2987568
0.3087673
0.2921675
0.2964723
0.2983112
0.3257985
0.3088144
0.3067350
0.3019495
0.3015475
0.2895361
0.2780360
0.2924796
0.3196656
0.2851163
0.3086438
0.2969861
0.3085660
0.2831601
0.3253425
0.3003143
0.2940367
0.2903233
0.3287776
0.2818801
0.2786908
0.2931507
0.3063437
0.2639831
0.3021515
0.3019178
0.2992533
0.3104614
0.3128072
0.2924968
0.3149314
0.2776211
0.2966940
0.3045376
0.2726533
0.2987568
0.3087673
0.2921675
0.2964723
0.2983112
0.3257985
0.3088144
0.3067350
0.3019495
0.3015475
0.2895361
0.2780360
0.2924796
0.3196656
0.2851163
0.3086438
0.2969861
0.3085660
0.2831601
0.3253425
0.3003143
0.2940367
0.2903233
0.3287776
0.2818801
0.2786908
0.2931507
0.3063437
0.2639831
0.3021515
0.3019178
0.2992533
0.3104614
0.3128072
0.2924968
0.3149314
0.2776211
0.2966940
0.3045376
0.2726533
0.2987568
0.3087673
0.2921675
0.2964723
0.2983112
0.3257985
0.3088144
0.3067350
0.3019495
0.3015475
0.2895361
0.2780360
0.2924796
0.3196656
0.2851163
0.3086438
0.2969861
0.3085660
0.2831601
0.3253425
0.3003143
0.2940367
0.2903233
0.3287776
0.2818801
0.2786908
0.2931507
0.3063437
0.2639831
0.3021515
0.3019178
0.2992533
0.3104614
0.3128072
0.2924968
0.3149314
0.2776211
0.2966940
0.3045376
0.2726533
0.2987568
0.3087673
0.2921675
0.2964723
0.2983112
0.3257985
0.3088144
0.3067350
0.3019495
0.3015475
0.2895361
0.2780360
0.2924796
0.3196656
0.2851163
0.3086438
0.2969861
0.3085660
0.2831601
0.3253425
0.3003143
0.2940367
0.2903233
0.3287776
0.2818801
0.2786908
0.2931507
0.3063437
0.2639831
0.3021515
0.3019178
0.2992533
0.3104614
0.3128072
0.2924968
0.3149314
0.2776211
0.2966940
0.3045376
0.2726533
0.2987568
0.3087673
0.2921675
0.2964723
0.2983112
0.3257985
0.3088144
0.3067350
0.3019495
0.3015475
0.2895361
0.2780360
0.2924796
0.3196656
0.2851163
0.3086438
0.2969861
0.3085660
0.2831601
0.3253425
0.3003143
0.2940367
0.2903233
0.3287776
0.2818801
0.2786908
0.2931507
0.3063437
0.2639831
0.3021515
0.3019178
0.2992533
0.3104614
0.3128072
0.2924968
0.3149314
0.2776211
0.2966940
0.3045376
0.2726533
0.2987568
0.3087673
0.2921675
0.2964723
0.2983112
0.3257985
0.3088144
0.3067350
0.3019495
0.3015475
0.2895361
0.2780360
0.2924796
0.3196656
0.2851163
0.3086438
0.2969861
0.3085660
0.2831601
0.3253425
0.3003143
0.2940367
0.2903233
0.3287776
0.2818801
0.2786908
0.2931507
0.3063437
0.2639831
0.3021515
0.3019178
0.2992533
0.3104614
0.3128072
0.2924968
0.3149314
0.2776211
0.2966940
0.3045376
0.2726533
0.2987568
0.3087673
0.2921675
0.2964723
0.2983112
0.3257985
0.3088144
0.3067350
0.3019495
0.3015475
0.2895361
0.2780360
0.2924796
0.3196656
0.2851163
0.3086438
0.2969861
0.3085660
0.2831601
0.3253425
0.3003143
0.2940367
0.2903233
0.3287776
0.2818801
0.2786908
0.2931507
0.3063437
0.2639831
0.3021515
0.3019178
0.2992533
0.3104614
0.3128072
0.2924968
0.3149314
0.2776211
0.2966940
0.3045376
0.2726533
0.2987568
0.3087673
0.2921675
0.2964723
0.2983112
0.3257985
0.3088144
0.3067350
0.3019495
0.3015475
0.2895361
0.2780360
0.2924796
0.3196656
0.2851163
0.3086438
0.2969861
0.3085660
0.2831601
0.3253425
0.3003143
0.2940367
0.2903233
0.3287776
0.2818801
0.2786908
0.2931507
0.3063437
0.2639831
0.3021515
0.3019178
0.2992533
0.3104614
0.3128072
0.2924968
0.3149314
0.2776211
0.2966940
0.3045376
0.2726533
0.2987568
0.3087673
0.2921675
0.2964723
0.2983112
0.3257985
0.3088144
0.3067350
0.3019495
0.3015475
0.2895361
0.2780360
0.2924796
0.3196656
0.2851163
0.3086438
0.2969861
0.3085660
0.2831601
0.3253425
0.3003143
0.2940367
0.2903233
0.3287776
0.2818801
0.2786908
0.2931507
0.3063437
0.2639831
0.3021515
0.3019178
0.2992533
0.3104614
0.3128072
0.2924968
0.3149314
0.2776211
0.2966940
0.3045376
0.2726533
0.2987568
0.3087673
0.2921675
0.2964723
0.2983112
0.3257985
0.3088144
0.3067350
0.3019495
0.3015475
0.2895361
0.2780360
0.2924796
0.3196656
0.2851163
0.3086438
0.2969861
0.3085660
0.2831601
0.3253425
0.3003143
0.2940367
0.2903233
0.3287776
0.2818801
0.2786908
0.2931507
0.3063437
0.2639831
0.3021515
0.3019178
0.2992533
0.3104614
0.3128072
0.2924968
0.3149314
0.2776211
0.2966940
0.3045376
0.2726533
0.2987568
0.3087673
0.2921675
0.2964723
0.2983112
0.3257985
0.3088144
0.3067350
0.3019495
0.3015475
0.2895361
0.2780360
0.2924796
0.3196656
0.2851163
0.3086438
0.2969861
0.3085660
0.2831601
0.3253425
0.3003143
0.2940367
0.2903233
0.3287776
0.2818801
0.2786908
0.2931507
0.3063437
0.2639831
0.3021515
0.3019178
0.2992533
0.3104614
0.3128072
0.2924968
0.3149314
0.2776211
0.2966940
0.3045376
0.2726533
0.2987568
0.3087673
0.2921675
0.2964723
0.2983112
0.3257985
0.3088144
0.3067350
0.3019495
0.3015475
0.2895361
0.2780360
0.2924796
0.3196656
0.2851163
0.3086438
0.2969861
0.3085660
0.2831601
0.3253425
0.3003143
0.2940367
0.2903233
0.3287776
0.2818801
0.2786908
0.2931507
0.3063437
0.2639831
0.3021515
0.3019178
0.2992533
0.3104614
0.3128072
0.2924968
0.3149314
0.2776211
0.2966940
0.3045376
0.2726533
0.2987568
0.3087673
0.2921675
0.2964723
0.2983112
0.3257985
0.3088144
0.3067350
0.3019495
0.3015475
0.2895361
0.2780360
0.2924796
0.3196656
0.2851163
0.3086438
0.2969861
0.3085660
0.2831601
0.3253425
0.3003143
0.2940367
0.2903233
0.3287776
0.2818801
0.2786908
0.2931507
0.3063437
0.2639831
0.3021515
0.3019178
0.2992533
0.3104614
0.3128072
0.2924968
0.3149314
0.2776211
0.2966940
0.3045376
0.2726533
0.2987568
0.3087673
0.2921675
0.2964723
0.2983112
0.3257985
0.3088144
0.3067350
0.3019495
0.3015475
0.2895361
0.2780360
0.2924796
0.3196656
0.2851163
0.3086438
0.2969861
0.3085660
0.2831601
0.3253425
0.3003143
0.2940367
0.2903233
0.3287776
0.2818801
0.2786908
0.2931507
0.3063437
0.2639831
0.3021515
0.3019178
0.2992533
0.3104614
0.3128072
0.2924968
0.3149314
0.2776211
0.2966940
0.3045376
0.2726533
0.2987568
0.3087673
0.2921675
0.2964723
0.2983112
0.3257985
0.3088144
0.3067350
0.3019495
0.3015475
0.2895361
0.2780360
0.2924796
0.3196656
0.2851163
0.3086438
0.2969861
0.3085660
0.2831601
0.3253425
0.3003143
0.2940367
0.2903233
0.3287776
0.2818801
0.2786908
0.2931507
0.3063437
0.2639831
0.3021515
0.3019178
0.2992533
0.3104614
0.3128072
0.2924968
0.3149314
0.2776211
0.2966940
0.3045376
0.2726533
0.2987568
0.3087673
0.2921675
0.2964723
0.2983112
0.3257985
0.3088144
0.3067350
0.3019495
0.3015475
0.2895361
0.2780360
0.2924796
0.3196656
0.2851163
0.3086438
0.2969861
0.3085660
0.2831601
0.3253425
0.3003143
0.2940367
0.2903233
0.3287776
0.2818801
0.2786908
0.2931507
0.3063437
0.2639831
0.3021515
0.3019178
0.2992533
0.3104614
0.3128072
0.2924968
0.3149314
0.2776211
0.2966940
0.3045376
0.2726533
0.2987568
0.3087673
0.2921675
0.2964723
0.2983112
0.3257985
0.3088144
0.3067350
0.3019495
0.3015475
0.2895361
0.2780360
0.2924796
0.3196656
0.2851163
0.3086438
0.2969861
0.3085660
0.2831601
0.3253425
0.3003143
0.2940367
0.2903233
0.3287776
0.2818801
0.2786908
0.2931507
0.3063437
0.2639831
0.3021515
0.3019178
0.2992533
0.3104614
0.3128072
0.2924968
0.3149314
0.2776211
0.2966940
0.3045376
0.2726533
0.2987568
0.3087673
0.2921675
0.2964723
0.2983112
0.3257985
0.3088144
0.3067350
0.3019495
0.3015475
0.2895361
0.2780360
0.2924796
0.3196656
0.2851163
0.3086438
0.2969861
0.3085660
0.2831601
0.3253425
0.3003143
0.2940367
0.2903233
0.3287776
0.2818801
0.2786908
0.2931507
0.3063437
0.2639831
0.3021515
0.3019178
0.2992533
0.3104614
0.3128072
0.2924968
0.3149314
0.2776211
0.2966940
0.3045376
0.2726533
0.2987568
0.3087673
0.2921675
0.2964723
0.2983112
0.3257985
0.3088144
0.3067350
0.3019495
0.3015475
0.2895361
0.2780360
0.2924796
0.3196656
0.2851163
0.3086438
0.2969861
0.3085660
0.2831601
0.3253425
0.3003143
0.2940367
0.2903233
0.3287776
0.2818801
0.2786908
0.2931507
0.3063437
0.2639831
0.3021515
0.3019178
0.2992533
0.3104614
0.3128072
0.2924968
0.3149314
0.2776211
0.2966940
0.3045376
0.2726533
0.2987568
0.3087673
0.2921675
0.2964723
0.2983112
0.3257985
0.3088144
0.3067350
0.3019495
0.3015475
0.2895361
0.2780360
0.2924796
0.3196656
0.2851163
0.3086438
0.2969861
0.3085660
0.2831601
0.3253425
0.3003143
0.2940367
0.2903233
0.3287776
0.2818801
0.2786908
0.2931507
0.3063437
0.2639831
0.3021515
0.3019178
0.2992533
0.3104614
0.3128072
0.2924968
0.3149314
0.2776211
0.2966940
0.3045376
0.2726533
0.2987568
0.3087673
0.2921675
0.2964723
0.2983112
0.3257985
0.3088144
0.3067350
0.3019495
0.3015475
0.2895361
0.2780360
0.2924796
0.3196656
0.2851163
0.3086438
0.2969861
0.3085660
