0.3061675
0.3060892
0.3029786
0.2891281
0.2935937
0.3128056
0.2944996
0.3149171
0.3189981
0.3018866
0.3156546
0.2798276
0.2918667
0.3094922
0.2973906
0.2611446
0.2827516
0.3039974
0.3247307
0.2967800
0.2854894
0.2915355
0.3094169
0.3182579
0.3001016
0.3064152
0.2860650
0.2994215
0.2971158
0.2873406
0.2953530
0.2966305
0.2838370
0.3096482
0.3030761
0.2921716
0.2876351
0.2994506
0.3144792
0.2994829
0.3061675
0.3060892
0.3029786
0.2891281
0.2935937
0.3128056
0.2944996
0.3149171
0.3189981
0.3018866
0.3156546
0.2798276
0.2918667
0.3094922
0.2973906
0.2611446
0.2827516
0.3039974
0.3247307
0.2967800
0.2854894
0.2915355
0.3094169
0.3182579
0.3001016
0.3064152
0.2860650
0.2994215
0.2971158
0.2873406
0.2953530
0.2966305
0.2838370
0.3096482
0.3030761
0.2921716
0.2876351
0.2994506
0.3144792
0.2994829
0.3061675
0.3060892
0.3029786
0.2891281
0.2935937
0.3128056
0.2944996
0.3149171
0.3189981
0.3018866
0.3156546
0.2798276
0.2918667
0.3094922
0.2973906
0.2611446
0.2827516
0.3039974
0.3247307
0.2967800
0.2854894
0.2915355
0.3094169
0.3182579
0.3001016
0.3064152
0.2860650
0.2994215
0.2971158
0.2873406
0.2953530
0.2966305
0.2838370
0.3096482
0.3030761
0.2921716
0.2876351
0.2994506
0.3144792
0.2994829
0.3061675
0.3060892
0.3029786
0.2891281
0.2935937
0.3128056
0.2944996
0.3149171
0.3189981
0.3018866
0.3156546
0.2798276
0.2918667
0.3094922
0.2973906
0.2611446
0.2827516
0.3039974
0.3247307
0.2967800
0.2854894
0.2915355
0.3094169
0.3182579
0.3001016
0.3064152
0.2860650
0.2994215
0.2971158
0.2873406
0.2953530
0.2966305
0.2838370
0.3096482
0.3030761
0.2921716
0.2876351
0.2994506
0.3144792
0.2994829
0.3061675
0.3060892
0.3029786
0.2891281
0.2935937
0.3128056
0.2944996
0.3149171
0.3189981
0.3018866
0.3156546
0.2798276
0.2918667
0.3094922
0.2973906
0.2611446
0.2827516
0.3039974
0.3247307
0.2967800
0.2854894
0.2915355
0.3094169
0.3182579
0.3001016
0.3064152
0.2860650
0.2994215
0.2971158
0.2873406
0.2953530
0.2966305
0.2838370
0.3096482
0.3030761
0.2921716
0.2876351
0.2994506
0.3144792
0.2994829
0.3061675
0.3060892
0.3029786
0.2891281
0.2935937
0.3128056
0.2944996
0.3149171
0.3189981
0.3018866
0.3156546
0.2798276
0.2918667
0.3094922
0.2973906
0.2611446
0.2827516
0.3039974
0.3247307
0.2967800
0.2854894
0.2915355
0.3094169
0.3182579
0.3001016
0.3064152
0.2860650
0.2994215
0.2971158
0.2873406
0.2953530
0.2966305
0.2838370
0.3096482
0.3030761
0.2921716
0.2876351
0.2994506
0.3144792
0.2994829
0.3061675
0.3060892
0.3029786
0.2891281
0.2935937
0.3128056
0.2944996
0.3149171
0.3189981
0.3018866
0.3156546
0.2798276
0.2918667
0.3094922
0.2973906
0.2611446
0.2827516
0.3039974
0.3247307
0.2967800
0.2854894
0.2915355
0.3094169
0.3182579
0.3001016
0.3064152
0.2860650
0.2994215
0.2971158
0.2873406
0.2953530
0.2966305
0.2838370
0.3096482
0.3030761
0.2921716
0.2876351
0.2994506
0.3144792
0.2994829
0.3061675
0.3060892
0.3029786
0.2891281
0.2935937
0.3128056
0.2944996
0.3149171
0.3189981
0.3018866
0.3156546
0.2798276
0.2918667
0.3094922
0.2973906
0.2611446
0.2827516
0.3039974
0.3247307
0.2967800
0.2854894
0.2915355
0.3094169
0.3182579
0.3001016
0.3064152
0.2860650
0.2994215
0.2971158
0.2873406
0.2953530
0.2966305
0.2838370
0.3096482
0.3030761
0.2921716
0.2876351
0.2994506
0.3144792
0.2994829
0.3061675
0.3060892
0.3029786
0.2891281
0.2935937
0.3128056
0.2944996
0.3149171
0.3189981
0.3018866
0.3156546
0.2798276
0.2918667
0.3094922
0.2973906
0.2611446
0.2827516
0.3039974
0.3247307
0.2967800
0.2854894
0.2915355
0.3094169
0.3182579
0.3001016
0.3064152
0.2860650
0.2994215
0.2971158
0.2873406
0.2953530
0.2966305
0.2838370
0.3096482
0.3030761
0.2921716
0.2876351
0.2994506
0.3144792
0.2994829
0.3061675
0.3060892
0.3029786
0.2891281
0.2935937
0.3128056
0.2944996
0.3149171
0.3189981
0.3018866
0.3156546
0.2798276
0.2918667
0.3094922
0.2973906
0.2611446
0.2827516
0.3039974
0.3247307
0.2967800
0.2854894
0.2915355
0.3094169
0.3182579
0.3001016
0.3064152
0.2860650
0.2994215
0.2971158
0.2873406
0.2953530
0.2966305
0.2838370
0.3096482
0.3030761
0.2921716
0.2876351
0.2994506
0.3144792
0.2994829
0.3061675
0.3060892
0.3029786
0.2891281
0.2935937
0.3128056
0.2944996
0.3149171
0.3189981
0.3018866
0.3156546
0.2798276
0.2918667
0.3094922
0.2973906
0.2611446
0.2827516
0.3039974
0.3247307
0.2967800
0.2854894
0.2915355
0.3094169
0.3182579
0.3001016
0.3064152
0.2860650
0.2994215
0.2971158
0.2873406
0.2953530
0.2966305
0.2838370
0.3096482
0.3030761
0.2921716
0.2876351
0.2994506
0.3144792
0.2994829
0.3061675
0.3060892
0.3029786
0.2891281
0.2935937
0.3128056
0.2944996
0.3149171
0.3189981
0.3018866
0.3156546
0.2798276
0.2918667
0.3094922
0.2973906
0.2611446
0.2827516
0.3039974
0.3247307
0.2967800
0.2854894
0.2915355
0.3094169
0.3182579
0.3001016
0.3064152
0.2860650
0.2994215
0.2971158
0.2873406
0.2953530
0.2966305
0.2838370
0.3096482
0.3030761
0.2921716
0.2876351
0.2994506
0.3144792
0.2994829
0.3061675
0.3060892
0.3029786
0.2891281
0.2935937
0.3128056
0.2944996
0.3149171
0.3189981
0.3018866
0.3156546
0.2798276
0.2918667
0.3094922
0.2973906
0.2611446
0.2827516
0.3039974
0.3247307
0.2967800
0.2854894
0.2915355
0.3094169
0.3182579
0.3001016
0.3064152
0.2860650
0.2994215
0.2971158
0.2873406
0.2953530
0.2966305
0.2838370
0.3096482
0.3030761
0.2921716
0.2876351
0.2994506
0.3144792
0.2994829
0.3061675
0.3060892
0.3029786
0.2891281
0.2935937
0.3128056
0.2944996
0.3149171
0.3189981
0.3018866
0.3156546
0.2798276
0.2918667
0.3094922
0.2973906
0.2611446
0.2827516
0.3039974
0.3247307
0.2967800
0.2854894
0.2915355
0.3094169
0.3182579
0.3001016
0.3064152
0.2860650
0.2994215
0.2971158
0.2873406
0.2953530
0.2966305
0.2838370
0.3096482
0.3030761
0.2921716
0.2876351
0.2994506
0.3144792
0.2994829
0.3061675
0.3060892
0.3029786
0.2891281
0.2935937
0.3128056
0.2944996
0.3149171
0.3189981
0.3018866
0.3156546
0.2798276
0.2918667
0.3094922
0.2973906
0.2611446
0.2827516
0.3039974
0.3247307
0.2967800
0.2854894
0.2915355
0.3094169
0.3182579
0.3001016
0.3064152
0.2860650
0.2994215
0.2971158
0.2873406
0.2953530
0.2966305
0.2838370
0.3096482
0.3030761
0.2921716
0.2876351
0.2994506
0.3144792
0.2994829
0.3061675
0.3060892
0.3029786
0.2891281
0.2935937
0.3128056
0.2944996
0.3149171
0.3189981
0.3018866
0.3156546
0.2798276
0.2918667
0.3094922
0.2973906
0.2611446
0.2827516
0.3039974
0.3247307
0.2967800
0.2854894
0.2915355
0.3094169
0.3182579
0.3001016
0.3064152
0.2860650
0.2994215
0.2971158
0.2873406
0.2953530
0.2966305
0.2838370
0.3096482
0.3030761
0.2921716
0.2876351
0.2994506
0.3144792
0.2994829
0.3061675
0.3060892
0.3029786
0.2891281
0.2935937
0.3128056
0.2944996
0.3149171
0.3189981
0.3018866
0.3156546
0.2798276
0.2918667
0.3094922
0.2973906
0.2611446
0.2827516
0.3039974
0.3247307
0.2967800
0.2854894
0.2915355
0.3094169
0.3182579
0.3001016
0.3064152
0.2860650
0.2994215
0.2971158
0.2873406
0.2953530
0.2966305
0.2838370
0.3096482
0.3030761
0.2921716
0.2876351
0.2994506
0.3144792
0.2994829
0.3061675
0.3060892
0.3029786
0.2891281
0.2935937
0.3128056
0.2944996
0.3149171
0.3189981
0.3018866
0.3156546
0.2798276
0.2918667
0.3094922
0.2973906
0.2611446
0.2827516
0.3039974
0.3247307
0.2967800
0.2854894
0.2915355
0.3094169
0.3182579
0.3001016
0.3064152
0.2860650
0.2994215
0.2971158
0.2873406
0.2953530
0.2966305
0.2838370
0.3096482
0.3030761
0.2921716
0.2876351
0.2994506
0.3144792
0.2994829
0.3061675
0.3060892
0.3029786
0.2891281
0.2935937
0.3128056
0.2944996
0.3149171
0.3189981
0.3018866
0.3156546
0.2798276
0.2918667
0.3094922
0.2973906
0.2611446
0.2827516
0.3039974
0.3247307
0.2967800
0.2854894
0.2915355
0.3094169
0.3182579
0.3001016
0.3064152
0.2860650
0.2994215
0.2971158
0.2873406
0.2953530
0.2966305
0.2838370
0.3096482
0.3030761
0.2921716
0.2876351
0.2994506
0.3144792
0.2994829
0.3061675
0.3060892
0.3029786
0.2891281
0.2935937
0.3128056
0.2944996
0.3149171
0.3189981
0.3018866
0.3156546
0.2798276
0.2918667
0.3094922
0.2973906
0.2611446
0.2827516
0.3039974
0.3247307
0.2967800
0.2854894
0.2915355
0.3094169
0.3182579
0.3001016
0.3064152
0.2860650
0.2994215
0.2971158
0.2873406
0.2953530
0.2966305
0.2838370
0.3096482
0.3030761
0.2921716
0.2876351
0.2994506
0.3144792
0.2994829
0.3061675
0.3060892
0.3029786
0.2891281
0.2935937
0.3128056
0.2944996
0.3149171
0.3189981
0.3018866
0.3156546
0.2798276
0.2918667
0.3094922
0.2973906
0.2611446
0.2827516
0.3039974
0.3247307
0.2967800
0.2854894
0.2915355
0.3094169
0.3182579
0.3001016
0.3064152
0.2860650
0.2994215
0.2971158
0.2873406
0.2953530
0.2966305
0.2838370
0.3096482
0.3030761
0.2921716
0.2876351
0.2994506
0.3144792
0.2994829
0.3061675
0.3060892
0.3029786
0.2891281
0.2935937
0.3128056
0.2944996
0.3149171
0.3189981
0.3018866
0.3156546
0.2798276
0.2918667
0.3094922
0.2973906
0.2611446
0.2827516
0.3039974
0.3247307
0.2967800
0.2854894
0.2915355
0.3094169
0.3182579
0.3001016
0.3064152
0.2860650
0.2994215
0.2971158
0.2873406
0.2953530
0.2966305
0.2838370
0.3096482
0.3030761
0.2921716
0.2876351
0.2994506
0.3144792
0.2994829
0.3061675
0.3060892
0.3029786
0.2891281
0.2935937
0.3128056
0.2944996
0.3149171
0.3189981
0.3018866
0.3156546
0.2798276
0.2918667
0.3094922
0.2973906
0.2611446
0.2827516
0.3039974
0.3247307
0.2967800
0.2854894
0.2915355
0.3094169
0.3182579
0.3001016
0.3064152
0.2860650
0.2994215
0.2971158
0.2873406
0.2953530
0.2966305
0.2838370
0.3096482
0.3030761
0.2921716
0.2876351
0.2994506
0.3144792
0.2994829
0.3061675
0.3060892
0.3029786
0.2891281
0.2935937
0.3128056
0.2944996
0.3149171
0.3189981
0.3018866
0.3156546
0.2798276
0.2918667
0.3094922
0.2973906
0.2611446
0.2827516
0.3039974
0.3247307
0.2967800
0.2854894
0.2915355
0.3094169
0.3182579
0.3001016
0.3064152
0.2860650
0.2994215
0.2971158
0.2873406
0.2953530
0.2966305
0.2838370
0.3096482
0.3030761
0.2921716
0.2876351
0.2994506
0.3144792
0.2994829
0.3061675
0.3060892
0.3029786
0.2891281
0.2935937
0.3128056
0.2944996
0.3149171
0.3189981
0.3018866
0.3156546
0.2798276
0.2918667
0.3094922
0.2973906
0.2611446
0.2827516
0.3039974
0.3247307
0.2967800
0.2854894
0.2915355
0.3094169
0.3182579
0.3001016
0.3064152
0.2860650
0.2994215
0.2971158
0.2873406
0.2953530
0.2966305
0.2838370
0.3096482
0.3030761
0.2921716
0.2876351
0.2994506
0.3144792
0.2994829
0.3061675
0.3060892
0.3029786
0.2891281
0.2935937
0.3128056
0.2944996
0.3149171
0.3189981
0.3018866
0.3156546
0.2798276
0.2918667
0.3094922
0.2973906
0.2611446
0.2827516
0.3039974
0.3247307
0.2967800
0.2854894
0.2915355
0.3094169
0.3182579
0.3001016
0.3064152
0.2860650
0.2994215
0.2971158
0.2873406
0.2953530
0.2966305
0.2838370
0.3096482
0.3030761
0.2921716
0.2876351
0.2994506
0.3144792
0.2994829
0.3061675
0.3060892
0.3029786
0.2891281
0.2935937
0.3128056
0.2944996
0.3149171
0.3189981
0.3018866
0.3156546
0.2798276
0.2918667
0.3094922
0.2973906
0.2611446
0.2827516
0.3039974
0.3247307
0.2967800
0.2854894
0.2915355
0.3094169
0.3182579
0.3001016
0.3064152
0.2860650
0.2994215
0.2971158
0.2873406
0.2953530
0.2966305
0.2838370
0.3096482
0.3030761
0.2921716
0.2876351
0.2994506
0.3144792
0.2994829
0.3061675
0.3060892
0.3029786
0.2891281
0.2935937
0.3128056
0.2944996
0.3149171
0.3189981
0.3018866
0.3156546
0.2798276
0.2918667
0.3094922
0.2973906
0.2611446
0.2827516
0.3039974
0.3247307
0.2967800
0.2854894
0.2915355
0.3094169
0.3182579
0.3001016
0.3064152
0.2860650
0.2994215
0.2971158
0.2873406
0.2953530
0.2966305
0.2838370
0.3096482
0.3030761
0.2921716
0.2876351
0.2994506
0.3144792
0.2994829
0.3061675
0.3060892
0.3029786
0.2891281
0.2935937
0.3128056
0.2944996
0.3149171
0.3189981
0.3018866
0.3156546
0.2798276
0.2918667
0.3094922
0.2973906
0.2611446
0.2827516
0.3039974
0.3247307
0.2967800
0.2854894
0.2915355
0.3094169
0.3182579
0.3001016
0.3064152
0.2860650
0.2994215
0.2971158
0.2873406
0.2953530
0.2966305
0.2838370
0.3096482
0.3030761
0.2921716
0.2876351
0.2994506
0.3144792
0.2994829
0.3061675
0.3060892
0.3029786
0.2891281
0.2935937
0.3128056
0.2944996
0.3149171
0.3189981
0.3018866
0.3156546
0.2798276
0.2918667
0.3094922
0.2973906
0.2611446
0.2827516
0.3039974
0.3247307
0.2967800
0.2854894
0.2915355
0.3094169
0.3182579
0.3001016
0.3064152
0.2860650
0.2994215
0.2971158
0.2873406
0.2953530
0.2966305
0.2838370
0.3096482
0.3030761
0.2921716
0.2876351
0.2994506
0.3144792
0.2994829
0.3061675
0.3060892
0.3029786
0.2891281
0.2935937
0.3128056
0.2944996
0.3149171
0.3189981
0.3018866
0.3156546
0.2798276
0.2918667
0.3094922
0.2973906
0.2611446
0.2827516
0.3039974
0.3247307
0.2967800
0.2854894
0.2915355
0.3094169
0.3182579
0.3001016
0.3064152
0.2860650
0.2994215
0.2971158
0.2873406
0.2953530
0.2966305
0.2838370
0.3096482
0.3030761
0.2921716
0.2876351
0.2994506
0.3144792
0.2994829
0.3061675
0.3060892
0.3029786
0.2891281
0.2935937
0.3128056
0.2944996
0.3149171
0.3189981
0.3018866
0.3156546
0.2798276
0.2918667
0.3094922
0.2973906
0.2611446
0.2827516
0.3039974
0.3247307
0.2967800
0.2854894
0.2915355
0.3094169
0.3182579
0.3001016
0.3064152
0.2860650
0.2994215
0.2971158
0.2873406
0.2953530
0.2966305
0.2838370
0.3096482
0.3030761
0.2921716
0.2876351
0.2994506
0.3144792
0.2994829
0.3061675
0.3060892
0.3029786
0.2891281
0.2935937
0.3128056
0.2944996
0.3149171
0.3189981
0.3018866
0.3156546
0.2798276
0.2918667
0.3094922
0.2973906
0.2611446
0.2827516
0.3039974
0.3247307
0.2967800
0.2854894
0.2915355
0.3094169
0.3182579
0.3001016
0.3064152
0.2860650
0.2994215
0.2971158
0.2873406
0.2953530
0.2966305
0.2838370
0.3096482
0.3030761
0.2921716
0.2876351
0.2994506
0.3144792
0.2994829
0.3061675
0.3060892
0.3029786
0.2891281
0.2935937
0.3128056
0.2944996
0.3149171
0.3189981
0.3018866
0.3156546
0.2798276
0.2918667
0.3094922
0.2973906
0.2611446
0.2827516
0.3039974
0.3247307
0.2967800
0.2854894
0.2915355
0.3094169
0.3182579
0.3001016
0.3064152
0.2860650
0.2994215
0.2971158
0.2873406
0.2953530
0.2966305
0.2838370
0.3096482
0.3030761
0.2921716
0.2876351
0.2994506
0.3144792
0.2994829
0.3061675
0.3060892
0.3029786
0.2891281
0.2935937
0.3128056
0.2944996
0.3149171
0.3189981
0.3018866
0.3156546
0.2798276
0.2918667
0.3094922
0.2973906
0.2611446
0.2827516
0.3039974
0.3247307
0.2967800
0.2854894
0.2915355
0.3094169
0.3182579
0.3001016
0.3064152
0.2860650
0.2994215
0.2971158
0.2873406
0.2953530
0.2966305
0.2838370
0.3096482
0.3030761
0.2921716
0.2876351
0.2994506
0.3144792
0.2994829
0.3061675
0.3060892
0.3029786
0.2891281
0.2935937
0.3128056
0.2944996
0.3149171
0.3189981
0.3018866
0.3156546
0.2798276
0.2918667
0.3094922
0.2973906
0.2611446
0.2827516
0.3039974
0.3247307
0.2967800
0.2854894
0.2915355
0.3094169
0.3182579
0.3001016
0.3064152
0.2860650
0.2994215
0.2971158
0.2873406
0.2953530
0.2966305
0.2838370
0.3096482
0.3030761
0.2921716
0.2876351
0.2994506
0.3144792
0.2994829
0.3061675
0.3060892
0.3029786
0.2891281
0.2935937
0.3128056
0.2944996
0.3149171
0.3189981
0.3018866
0.3156546
0.2798276
0.2918667
0.3094922
0.2973906
0.2611446
0.2827516
0.3039974
0.3247307
0.2967800
0.2854894
0.2915355
0.3094169
0.3182579
0.3001016
0.3064152
0.2860650
0.2994215
0.2971158
0.2873406
0.2953530
0.2966305
0.2838370
0.3096482
0.3030761
0.2921716
0.2876351
0.2994506
0.3144792
0.2994829
0.3061675
0.3060892
0.3029786
0.2891281
0.2935937
0.3128056
0.2944996
0.3149171
0.3189981
0.3018866
0.3156546
0.2798276
0.2918667
0.3094922
0.2973906
0.2611446
0.2827516
0.3039974
0.3247307
0.2967800
0.2854894
0.2915355
0.3094169
0.3182579
0.3001016
0.3064152
0.2860650
0.2994215
0.2971158
0.2873406
0.2953530
0.2966305
0.2838370
0.3096482
0.3030761
0.2921716
0.2876351
0.2994506
0.3144792
0.2994829
0.3061675
0.3060892
0.3029786
0.2891281
0.2935937
0.3128056
0.2944996
0.3149171
0.3189981
0.3018866
0.3156546
0.2798276
0.2918667
0.3094922
0.2973906
0.2611446
0.2827516
0.3039974
0.3247307
0.2967800
0.2854894
0.2915355
0.3094169
0.3182579
0.3001016
0.3064152
0.2860650
0.2994215
0.2971158
0.2873406
0.2953530
0.2966305
0.2838370
0.3096482
0.3030761
0.2921716
0.2876351
0.2994506
0.3144792
0.2994829
0.3061675
0.3060892
0.3029786
0.2891281
0.2935937
0.3128056
0.2944996
0.3149171
0.3189981
0.3018866
0.3156546
0.2798276
0.2918667
0.3094922
0.2973906
0.2611446
0.2827516
0.3039974
0.3247307
0.2967800
0.2854894
0.2915355
0.3094169
0.3182579
0.3001016
0.3064152
0.2860650
0.2994215
0.2971158
0.2873406
0.2953530
0.2966305
0.2838370
0.3096482
0.3030761
0.2921716
0.2876351
0.2994506
0.3144792
0.2994829
0.3061675
0.3060892
0.3029786
0.2891281
0.2935937
0.3128056
0.2944996
0.3149171
0.3189981
0.3018866
0.3156546
0.2798276
0.2918667
0.3094922
0.2973906
0.2611446
0.2827516
0.3039974
0.3247307
0.2967800
0.2854894
0.2915355
0.3094169
0.3182579
0.3001016
0.3064152
0.2860650
0.2994215
0.2971158
0.2873406
0.2953530
0.2966305
0.2838370
0.3096482
0.3030761
0.2921716
0.2876351
0.2994506
0.3144792
0.2994829
0.3061675
0.3060892
0.3029786
0.2891281
0.2935937
0.3128056
0.2944996
0.3149171
0.3189981
0.3018866
0.3156546
0.2798276
0.2918667
0.3094922
0.2973906
0.2611446
0.2827516
0.3039974
0.3247307
0.2967800
0.2854894
0.2915355
0.3094169
0.3182579
0.3001016
0.3064152
0.2860650
0.2994215
0.2971158
0.2873406
0.2953530
0.2966305
0.2838370
0.3096482
0.3030761
0.2921716
0.2876351
0.2994506
0.3144792
0.2994829
0.3061675
0.3060892
0.3029786
0.2891281
0.2935937
0.3128056
0.2944996
0.3149171
0.3189981
0.3018866
0.3156546
0.2798276
0.2918667
0.3094922
0.2973906
0.2611446
0.2827516
0.3039974
0.3247307
0.2967800
0.2854894
0.2915355
0.3094169
0.3182579
0.3001016
0.3064152
0.2860650
0.2994215
0.2971158
0.2873406
0.2953530
0.2966305
0.2838370
0.3096482
0.3030761
0.2921716
0.2876351
0.2994506
0.3144792
0.2994829
0.3061675
0.3060892
0.3029786
0.2891281
0.2935937
0.3128056
0.2944996
0.3149171
0.3189981
0.3018866
0.3156546
0.2798276
0.2918667
0.3094922
0.2973906
0.2611446
0.2827516
0.3039974
0.3247307
0.2967800
0.2854894
0.2915355
0.3094169
0.3182579
0.3001016
0.3064152
0.2860650
0.2994215
0.2971158
0.2873406
0.2953530
0.2966305
0.2838370
0.3096482
0.3030761
0.2921716
0.2876351
0.2994506
0.3144792
0.2994829
0.3061675
0.3060892
0.3029786
0.2891281
0.2935937
0.3128056
0.2944996
0.3149171
0.3189981
0.3018866
0.3156546
0.2798276
0.2918667
0.3094922
0.2973906
0.2611446
0.2827516
0.3039974
0.3247307
0.2967800
0.2854894
0.2915355
0.3094169
0.3182579
0.3001016
0.3064152
0.2860650
0.2994215
0.2971158
0.2873406
0.2953530
0.2966305
0.2838370
0.3096482
0.3030761
0.2921716
0.2876351
0.2994506
0.3144792
0.2994829
0.3061675
0.3060892
0.3029786
0.2891281
0.2935937
0.3128056
0.2944996
0.3149171
0.3189981
0.3018866
0.3156546
0.2798276
0.2918667
0.3094922
0.2973906
0.2611446
0.2827516
0.3039974
0.3247307
0.2967800
0.2854894
0.2915355
0.3094169
0.3182579
0.3001016
0.3064152
0.2860650
0.2994215
0.2971158
0.2873406
0.2953530
0.2966305
0.2838370
0.3096482
0.3030761
0.2921716
0.2876351
0.2994506
0.3144792
0.2994829
0.3061675
0.3060892
0.3029786
0.2891281
0.2935937
0.3128056
0.2944996
0.3149171
0.3189981
0.3018866
0.3156546
0.2798276
0.2918667
0.3094922
0.2973906
0.2611446
0.2827516
0.3039974
0.3247307
0.2967800
0.2854894
0.2915355
0.3094169
0.3182579
0.3001016
0.3064152
0.2860650
0.2994215
0.2971158
0.2873406
0.2953530
0.2966305
0.2838370
0.3096482
0.3030761
0.2921716
0.2876351
0.2994506
0.3144792
0.2994829
0.3061675
0.3060892
0.3029786
0.2891281
0.2935937
0.3128056
0.2944996
0.3149171
0.3189981
0.3018866
0.3156546
0.2798276
0.2918667
0.3094922
0.2973906
0.2611446
0.2827516
0.3039974
0.3247307
0.2967800
0.2854894
0.2915355
0.3094169
0.3182579
0.3001016
0.3064152
0.2860650
0.2994215
0.2971158
0.2873406
0.2953530
0.2966305
0.2838370
0.3096482
0.3030761
0.2921716
0.2876351
0.2994506
0.3144792
0.2994829
0.3061675
0.3060892
0.3029786
0.2891281
0.2935937
0.3128056
0.2944996
0.3149171
0.3189981
0.3018866
0.3156546
0.2798276
0.2918667
0.3094922
0.2973906
0.2611446
0.2827516
0.3039974
0.3247307
0.2967800
0.2854894
0.2915355
0.3094169
0.3182579
0.3001016
0.3064152
0.2860650
0.2994215
0.2971158
0.2873406
0.2953530
0.2966305
0.2838370
0.3096482
0.3030761
0.2921716
0.2876351
0.2994506
0.3144792
0.2994829
0.3061675
0.3060892
0.3029786
0.2891281
0.2935937
0.3128056
0.2944996
0.3149171
0.3189981
0.3018866
0.3156546
0.2798276
0.2918667
0.3094922
0.2973906
0.2611446
0.2827516
0.3039974
0.3247307
0.2967800
0.2854894
0.2915355
0.3094169
0.3182579
0.3001016
0.3064152
0.2860650
0.2994215
0.2971158
0.2873406
0.2953530
0.2966305
0.2838370
0.3096482
0.3030761
0.2921716
0.2876351
0.2994506
0.3144792
0.2994829
