1.0168542
0.9575074
1.0334407
0.9969462
1.0157291
1.0146796
0.9883238
0.9569009
0.9459444
0.9363433
1.0236103
0.9490957
0.9769857
1.0359129
0.9508863
1.0814618
1.0255229
1.0274774
0.9861010
0.8808212
0.9461165
1.0321910
1.0176674
1.0606059
0.9954047
0.9550795
1.0378374
0.9687303
0.9581252
1.0180232
1.0227109
1.0194634
1.0384473
0.9241915
1.0275937
0.9885009
1.0095609
0.9856347
1.0030869
1.0092593
1.0168542
0.9575074
1.0334407
0.9969462
1.0157291
1.0146796
0.9883238
0.9569009
0.9459444
0.9363433
1.0236103
0.9490957
0.9769857
1.0359129
0.9508863
1.0814618
1.0255229
1.0274774
0.9861010
0.8808212
0.9461165
1.0321910
1.0176674
1.0606059
0.9954047
0.9550795
1.0378374
0.9687303
0.9581252
1.0180232
1.0227109
1.0194634
1.0384473
0.9241915
1.0275937
0.9885009
1.0095609
0.9856347
1.0030869
1.0092593
1.0168542
0.9575074
1.0334407
0.9969462
1.0157291
1.0146796
0.9883238
0.9569009
0.9459444
0.9363433
1.0236103
0.9490957
0.9769857
1.0359129
0.9508863
1.0814618
1.0255229
1.0274774
0.9861010
0.8808212
0.9461165
1.0321910
1.0176674
1.0606059
0.9954047
0.9550795
1.0378374
0.9687303
0.9581252
1.0180232
1.0227109
1.0194634
1.0384473
0.9241915
1.0275937
0.9885009
1.0095609
0.9856347
1.0030869
1.0092593
1.0168542
0.9575074
1.0334407
0.9969462
1.0157291
1.0146796
0.9883238
0.9569009
0.9459444
0.9363433
1.0236103
0.9490957
0.9769857
1.0359129
0.9508863
1.0814618
1.0255229
1.0274774
0.9861010
0.8808212
0.9461165
1.0321910
1.0176674
1.0606059
0.9954047
0.9550795
1.0378374
0.9687303
0.9581252
1.0180232
1.0227109
1.0194634
1.0384473
0.9241915
1.0275937
0.9885009
1.0095609
0.9856347
1.0030869
1.0092593
1.0168542
0.9575074
1.0334407
0.9969462
1.0157291
1.0146796
0.9883238
0.9569009
0.9459444
0.9363433
1.0236103
0.9490957
0.9769857
1.0359129
0.9508863
1.0814618
1.0255229
1.0274774
0.9861010
0.8808212
0.9461165
1.0321910
1.0176674
1.0606059
0.9954047
0.9550795
1.0378374
0.9687303
0.9581252
1.0180232
1.0227109
1.0194634
1.0384473
0.9241915
1.0275937
0.9885009
1.0095609
0.9856347
1.0030869
1.0092593
1.0168542
0.9575074
1.0334407
0.9969462
1.0157291
1.0146796
0.9883238
0.9569009
0.9459444
0.9363433
1.0236103
0.9490957
0.9769857
1.0359129
0.9508863
1.0814618
1.0255229
1.0274774
0.9861010
0.8808212
0.9461165
1.0321910
1.0176674
1.0606059
0.9954047
0.9550795
1.0378374
0.9687303
0.9581252
1.0180232
1.0227109
1.0194634
1.0384473
0.9241915
1.0275937
0.9885009
1.0095609
0.9856347
1.0030869
1.0092593
1.0168542
0.9575074
1.0334407
0.9969462
1.0157291
1.0146796
0.9883238
0.9569009
0.9459444
0.9363433
1.0236103
0.9490957
0.9769857
1.0359129
0.9508863
1.0814618
1.0255229
1.0274774
0.9861010
0.8808212
0.9461165
1.0321910
1.0176674
1.0606059
0.9954047
0.9550795
1.0378374
0.9687303
0.9581252
1.0180232
1.0227109
1.0194634
1.0384473
0.9241915
1.0275937
0.9885009
1.0095609
0.9856347
1.0030869
1.0092593
1.0168542
0.9575074
1.0334407
0.9969462
1.0157291
1.0146796
0.9883238
0.9569009
0.9459444
0.9363433
1.0236103
0.9490957
0.9769857
1.0359129
0.9508863
1.0814618
1.0255229
1.0274774
0.9861010
0.8808212
0.9461165
1.0321910
1.0176674
1.0606059
0.9954047
0.9550795
1.0378374
0.9687303
0.9581252
1.0180232
1.0227109
1.0194634
1.0384473
0.9241915
1.0275937
0.9885009
1.0095609
0.9856347
1.0030869
1.0092593
1.0168542
0.9575074
1.0334407
0.9969462
1.0157291
1.0146796
0.9883238
0.9569009
0.9459444
0.9363433
1.0236103
0.9490957
0.9769857
1.0359129
0.9508863
1.0814618
1.0255229
1.0274774
0.9861010
0.8808212
0.9461165
1.0321910
1.0176674
1.0606059
0.9954047
0.9550795
1.0378374
0.9687303
0.9581252
1.0180232
1.0227109
1.0194634
1.0384473
0.9241915
1.0275937
0.9885009
1.0095609
0.9856347
1.0030869
1.0092593
1.0168542
0.9575074
1.0334407
0.9969462
1.0157291
1.0146796
0.9883238
0.9569009
0.9459444
0.9363433
1.0236103
0.9490957
0.9769857
1.0359129
0.9508863
1.0814618
1.0255229
1.0274774
0.9861010
0.8808212
0.9461165
1.0321910
1.0176674
1.0606059
0.9954047
0.9550795
1.0378374
0.9687303
0.9581252
1.0180232
1.0227109
1.0194634
1.0384473
0.9241915
1.0275937
0.9885009
1.0095609
0.9856347
1.0030869
1.0092593
1.0168542
0.9575074
1.0334407
0.9969462
1.0157291
1.0146796
0.9883238
0.9569009
0.9459444
0.9363433
1.0236103
0.9490957
0.9769857
1.0359129
0.9508863
1.0814618
1.0255229
1.0274774
0.9861010
0.8808212
0.9461165
1.0321910
1.0176674
1.0606059
0.9954047
0.9550795
1.0378374
0.9687303
0.9581252
1.0180232
1.0227109
1.0194634
1.0384473
0.9241915
1.0275937
0.9885009
1.0095609
0.9856347
1.0030869
1.0092593
1.0168542
0.9575074
1.0334407
0.9969462
1.0157291
1.0146796
0.9883238
0.9569009
0.9459444
0.9363433
1.0236103
0.9490957
0.9769857
1.0359129
0.9508863
1.0814618
1.0255229
1.0274774
0.9861010
0.8808212
0.9461165
1.0321910
1.0176674
1.0606059
0.9954047
0.9550795
1.0378374
0.9687303
0.9581252
1.0180232
1.0227109
1.0194634
1.0384473
0.9241915
1.0275937
0.9885009
1.0095609
0.9856347
1.0030869
1.0092593
1.0168542
0.9575074
1.0334407
0.9969462
1.0157291
1.0146796
0.9883238
0.9569009
0.9459444
0.9363433
1.0236103
0.9490957
0.9769857
1.0359129
0.9508863
1.0814618
1.0255229
1.0274774
0.9861010
0.8808212
0.9461165
1.0321910
1.0176674
1.0606059
0.9954047
0.9550795
1.0378374
0.9687303
0.9581252
1.0180232
1.0227109
1.0194634
1.0384473
0.9241915
1.0275937
0.9885009
1.0095609
0.9856347
1.0030869
1.0092593
1.0168542
0.9575074
1.0334407
0.9969462
1.0157291
1.0146796
0.9883238
0.9569009
0.9459444
0.9363433
1.0236103
0.9490957
0.9769857
1.0359129
0.9508863
1.0814618
1.0255229
1.0274774
0.9861010
0.8808212
0.9461165
1.0321910
1.0176674
1.0606059
0.9954047
0.9550795
1.0378374
0.9687303
0.9581252
1.0180232
1.0227109
1.0194634
1.0384473
0.9241915
1.0275937
0.9885009
1.0095609
0.9856347
1.0030869
1.0092593
1.0168542
0.9575074
1.0334407
0.9969462
1.0157291
1.0146796
0.9883238
0.9569009
0.9459444
0.9363433
1.0236103
0.9490957
0.9769857
1.0359129
0.9508863
1.0814618
1.0255229
1.0274774
0.9861010
0.8808212
0.9461165
1.0321910
1.0176674
1.0606059
0.9954047
0.9550795
1.0378374
0.9687303
0.9581252
1.0180232
1.0227109
1.0194634
1.0384473
0.9241915
1.0275937
0.9885009
1.0095609
0.9856347
1.0030869
1.0092593
1.0168542
0.9575074
1.0334407
0.9969462
1.0157291
1.0146796
0.9883238
0.9569009
0.9459444
0.9363433
1.0236103
0.9490957
0.9769857
1.0359129
0.9508863
1.0814618
1.0255229
1.0274774
0.9861010
0.8808212
0.9461165
1.0321910
1.0176674
1.0606059
0.9954047
0.9550795
1.0378374
0.9687303
0.9581252
1.0180232
1.0227109
1.0194634
1.0384473
0.9241915
1.0275937
0.9885009
1.0095609
0.9856347
1.0030869
1.0092593
1.0168542
0.9575074
1.0334407
0.9969462
1.0157291
1.0146796
0.9883238
0.9569009
0.9459444
0.9363433
1.0236103
0.9490957
0.9769857
1.0359129
0.9508863
1.0814618
1.0255229
1.0274774
0.9861010
0.8808212
0.9461165
1.0321910
1.0176674
1.0606059
0.9954047
0.9550795
1.0378374
0.9687303
0.9581252
1.0180232
1.0227109
1.0194634
1.0384473
0.9241915
1.0275937
0.9885009
1.0095609
0.9856347
1.0030869
1.0092593
1.0168542
0.9575074
1.0334407
0.9969462
1.0157291
1.0146796
0.9883238
0.9569009
0.9459444
0.9363433
1.0236103
0.9490957
0.9769857
1.0359129
0.9508863
1.0814618
1.0255229
1.0274774
0.9861010
0.8808212
0.9461165
1.0321910
1.0176674
1.0606059
0.9954047
0.9550795
1.0378374
0.9687303
0.9581252
1.0180232
1.0227109
1.0194634
1.0384473
0.9241915
1.0275937
0.9885009
1.0095609
0.9856347
1.0030869
1.0092593
1.0168542
0.9575074
1.0334407
0.9969462
1.0157291
1.0146796
0.9883238
0.9569009
0.9459444
0.9363433
1.0236103
0.9490957
0.9769857
1.0359129
0.9508863
1.0814618
1.0255229
1.0274774
0.9861010
0.8808212
0.9461165
1.0321910
1.0176674
1.0606059
0.9954047
0.9550795
1.0378374
0.9687303
0.9581252
1.0180232
1.0227109
1.0194634
1.0384473
0.9241915
1.0275937
0.9885009
1.0095609
0.9856347
1.0030869
1.0092593
1.0168542
0.9575074
1.0334407
0.9969462
1.0157291
1.0146796
0.9883238
0.9569009
0.9459444
0.9363433
1.0236103
0.9490957
0.9769857
1.0359129
0.9508863
1.0814618
1.0255229
1.0274774
0.9861010
0.8808212
0.9461165
1.0321910
1.0176674
1.0606059
0.9954047
0.9550795
1.0378374
0.9687303
0.9581252
1.0180232
1.0227109
1.0194634
1.0384473
0.9241915
1.0275937
0.9885009
1.0095609
0.9856347
1.0030869
1.0092593
1.0168542
0.9575074
1.0334407
0.9969462
1.0157291
1.0146796
0.9883238
0.9569009
0.9459444
0.9363433
1.0236103
0.9490957
0.9769857
1.0359129
0.9508863
1.0814618
1.0255229
1.0274774
0.9861010
0.8808212
0.9461165
1.0321910
1.0176674
1.0606059
0.9954047
0.9550795
1.0378374
0.9687303
0.9581252
1.0180232
1.0227109
1.0194634
1.0384473
0.9241915
1.0275937
0.9885009
1.0095609
0.9856347
1.0030869
1.0092593
1.0168542
0.9575074
1.0334407
0.9969462
1.0157291
1.0146796
0.9883238
0.9569009
0.9459444
0.9363433
1.0236103
0.9490957
0.9769857
1.0359129
0.9508863
1.0814618
1.0255229
1.0274774
0.9861010
0.8808212
0.9461165
1.0321910
1.0176674
1.0606059
0.9954047
0.9550795
1.0378374
0.9687303
0.9581252
1.0180232
1.0227109
1.0194634
1.0384473
0.9241915
1.0275937
0.9885009
1.0095609
0.9856347
1.0030869
1.0092593
1.0168542
0.9575074
1.0334407
0.9969462
1.0157291
1.0146796
0.9883238
0.9569009
0.9459444
0.9363433
1.0236103
0.9490957
0.9769857
1.0359129
0.9508863
1.0814618
1.0255229
1.0274774
0.9861010
0.8808212
0.9461165
1.0321910
1.0176674
1.0606059
0.9954047
0.9550795
1.0378374
0.9687303
0.9581252
1.0180232
1.0227109
1.0194634
1.0384473
0.9241915
1.0275937
0.9885009
1.0095609
0.9856347
1.0030869
1.0092593
1.0168542
0.9575074
1.0334407
0.9969462
1.0157291
1.0146796
0.9883238
0.9569009
0.9459444
0.9363433
1.0236103
0.9490957
0.9769857
1.0359129
0.9508863
1.0814618
1.0255229
1.0274774
0.9861010
0.8808212
0.9461165
1.0321910
1.0176674
1.0606059
0.9954047
0.9550795
1.0378374
0.9687303
0.9581252
1.0180232
1.0227109
1.0194634
1.0384473
0.9241915
1.0275937
0.9885009
1.0095609
0.9856347
1.0030869
1.0092593
1.0168542
0.9575074
1.0334407
0.9969462
1.0157291
1.0146796
0.9883238
0.9569009
0.9459444
0.9363433
1.0236103
0.9490957
0.9769857
1.0359129
0.9508863
1.0814618
1.0255229
1.0274774
0.9861010
0.8808212
0.9461165
1.0321910
1.0176674
1.0606059
0.9954047
0.9550795
1.0378374
0.9687303
0.9581252
1.0180232
1.0227109
1.0194634
1.0384473
0.9241915
1.0275937
0.9885009
1.0095609
0.9856347
1.0030869
1.0092593
1.0168542
0.9575074
1.0334407
0.9969462
1.0157291
1.0146796
0.9883238
0.9569009
0.9459444
0.9363433
1.0236103
0.9490957
0.9769857
1.0359129
0.9508863
1.0814618
1.0255229
1.0274774
0.9861010
0.8808212
0.9461165
1.0321910
1.0176674
1.0606059
0.9954047
0.9550795
1.0378374
0.9687303
0.9581252
1.0180232
1.0227109
1.0194634
1.0384473
0.9241915
1.0275937
0.9885009
1.0095609
0.9856347
1.0030869
1.0092593
1.0168542
0.9575074
1.0334407
0.9969462
1.0157291
1.0146796
0.9883238
0.9569009
0.9459444
0.9363433
1.0236103
0.9490957
0.9769857
1.0359129
0.9508863
1.0814618
1.0255229
1.0274774
0.9861010
0.8808212
0.9461165
1.0321910
1.0176674
1.0606059
0.9954047
0.9550795
1.0378374
0.9687303
0.9581252
1.0180232
1.0227109
1.0194634
1.0384473
0.9241915
1.0275937
0.9885009
1.0095609
0.9856347
1.0030869
1.0092593
1.0168542
0.9575074
1.0334407
0.9969462
1.0157291
1.0146796
0.9883238
0.9569009
0.9459444
0.9363433
1.0236103
0.9490957
0.9769857
1.0359129
0.9508863
1.0814618
1.0255229
1.0274774
0.9861010
0.8808212
0.9461165
1.0321910
1.0176674
1.0606059
0.9954047
0.9550795
1.0378374
0.9687303
0.9581252
1.0180232
1.0227109
1.0194634
1.0384473
0.9241915
1.0275937
0.9885009
1.0095609
0.9856347
1.0030869
1.0092593
1.0168542
0.9575074
1.0334407
0.9969462
1.0157291
1.0146796
0.9883238
0.9569009
0.9459444
0.9363433
1.0236103
0.9490957
0.9769857
1.0359129
0.9508863
1.0814618
1.0255229
1.0274774
0.9861010
0.8808212
0.9461165
1.0321910
1.0176674
1.0606059
0.9954047
0.9550795
1.0378374
0.9687303
0.9581252
1.0180232
1.0227109
1.0194634
1.0384473
0.9241915
1.0275937
0.9885009
1.0095609
0.9856347
1.0030869
1.0092593
1.0168542
0.9575074
1.0334407
0.9969462
1.0157291
1.0146796
0.9883238
0.9569009
0.9459444
0.9363433
1.0236103
0.9490957
0.9769857
1.0359129
0.9508863
1.0814618
1.0255229
1.0274774
0.9861010
0.8808212
0.9461165
1.0321910
1.0176674
1.0606059
0.9954047
0.9550795
1.0378374
0.9687303
0.9581252
1.0180232
1.0227109
1.0194634
1.0384473
0.9241915
1.0275937
0.9885009
1.0095609
0.9856347
1.0030869
1.0092593
1.0168542
0.9575074
1.0334407
0.9969462
1.0157291
1.0146796
0.9883238
0.9569009
0.9459444
0.9363433
1.0236103
0.9490957
0.9769857
1.0359129
0.9508863
1.0814618
1.0255229
1.0274774
0.9861010
0.8808212
0.9461165
1.0321910
1.0176674
1.0606059
0.9954047
0.9550795
1.0378374
0.9687303
0.9581252
1.0180232
1.0227109
1.0194634
1.0384473
0.9241915
1.0275937
0.9885009
1.0095609
0.9856347
1.0030869
1.0092593
1.0168542
0.9575074
1.0334407
0.9969462
1.0157291
1.0146796
0.9883238
0.9569009
0.9459444
0.9363433
1.0236103
0.9490957
0.9769857
1.0359129
0.9508863
1.0814618
1.0255229
1.0274774
0.9861010
0.8808212
0.9461165
1.0321910
1.0176674
1.0606059
0.9954047
0.9550795
1.0378374
0.9687303
0.9581252
1.0180232
1.0227109
1.0194634
1.0384473
0.9241915
1.0275937
0.9885009
1.0095609
0.9856347
1.0030869
1.0092593
1.0168542
0.9575074
1.0334407
0.9969462
1.0157291
1.0146796
0.9883238
0.9569009
0.9459444
0.9363433
1.0236103
0.9490957
0.9769857
1.0359129
0.9508863
1.0814618
1.0255229
1.0274774
0.9861010
0.8808212
0.9461165
1.0321910
1.0176674
1.0606059
0.9954047
0.9550795
1.0378374
0.9687303
0.9581252
1.0180232
1.0227109
1.0194634
1.0384473
0.9241915
1.0275937
0.9885009
1.0095609
0.9856347
1.0030869
1.0092593
1.0168542
0.9575074
1.0334407
0.9969462
1.0157291
1.0146796
0.9883238
0.9569009
0.9459444
0.9363433
1.0236103
0.9490957
0.9769857
1.0359129
0.9508863
1.0814618
1.0255229
1.0274774
0.9861010
0.8808212
0.9461165
1.0321910
1.0176674
1.0606059
0.9954047
0.9550795
1.0378374
0.9687303
0.9581252
1.0180232
1.0227109
1.0194634
1.0384473
0.9241915
1.0275937
0.9885009
1.0095609
0.9856347
1.0030869
1.0092593
1.0168542
0.9575074
1.0334407
0.9969462
1.0157291
1.0146796
0.9883238
0.9569009
0.9459444
0.9363433
1.0236103
0.9490957
0.9769857
1.0359129
0.9508863
1.0814618
1.0255229
1.0274774
0.9861010
0.8808212
0.9461165
1.0321910
1.0176674
1.0606059
0.9954047
0.9550795
1.0378374
0.9687303
0.9581252
1.0180232
1.0227109
1.0194634
1.0384473
0.9241915
1.0275937
0.9885009
1.0095609
0.9856347
1.0030869
1.0092593
1.0168542
0.9575074
1.0334407
0.9969462
1.0157291
1.0146796
0.9883238
0.9569009
0.9459444
0.9363433
1.0236103
0.9490957
0.9769857
1.0359129
0.9508863
1.0814618
1.0255229
1.0274774
0.9861010
0.8808212
0.9461165
1.0321910
1.0176674
1.0606059
0.9954047
0.9550795
1.0378374
0.9687303
0.9581252
1.0180232
1.0227109
1.0194634
1.0384473
0.9241915
1.0275937
0.9885009
1.0095609
0.9856347
1.0030869
1.0092593
1.0168542
0.9575074
1.0334407
0.9969462
1.0157291
1.0146796
0.9883238
0.9569009
0.9459444
0.9363433
1.0236103
0.9490957
0.9769857
1.0359129
0.9508863
1.0814618
1.0255229
1.0274774
0.9861010
0.8808212
0.9461165
1.0321910
1.0176674
1.0606059
0.9954047
0.9550795
1.0378374
0.9687303
0.9581252
1.0180232
1.0227109
1.0194634
1.0384473
0.9241915
1.0275937
0.9885009
1.0095609
0.9856347
1.0030869
1.0092593
1.0168542
0.9575074
1.0334407
0.9969462
1.0157291
1.0146796
0.9883238
0.9569009
0.9459444
0.9363433
1.0236103
0.9490957
0.9769857
1.0359129
0.9508863
1.0814618
1.0255229
1.0274774
0.9861010
0.8808212
0.9461165
1.0321910
1.0176674
1.0606059
0.9954047
0.9550795
1.0378374
0.9687303
0.9581252
1.0180232
1.0227109
1.0194634
1.0384473
0.9241915
1.0275937
0.9885009
1.0095609
0.9856347
1.0030869
1.0092593
1.0168542
0.9575074
1.0334407
0.9969462
1.0157291
1.0146796
0.9883238
0.9569009
0.9459444
0.9363433
1.0236103
0.9490957
0.9769857
1.0359129
0.9508863
1.0814618
1.0255229
1.0274774
0.9861010
0.8808212
0.9461165
1.0321910
1.0176674
1.0606059
0.9954047
0.9550795
1.0378374
0.9687303
0.9581252
1.0180232
1.0227109
1.0194634
1.0384473
0.9241915
1.0275937
0.9885009
1.0095609
0.9856347
1.0030869
1.0092593
1.0168542
0.9575074
1.0334407
0.9969462
1.0157291
1.0146796
0.9883238
0.9569009
0.9459444
0.9363433
1.0236103
0.9490957
0.9769857
1.0359129
0.9508863
1.0814618
1.0255229
1.0274774
0.9861010
0.8808212
0.9461165
1.0321910
1.0176674
1.0606059
0.9954047
0.9550795
1.0378374
0.9687303
0.9581252
1.0180232
1.0227109
1.0194634
1.0384473
0.9241915
1.0275937
0.9885009
1.0095609
0.9856347
1.0030869
1.0092593
1.0168542
0.9575074
1.0334407
0.9969462
1.0157291
1.0146796
0.9883238
0.9569009
0.9459444
0.9363433
1.0236103
0.9490957
0.9769857
1.0359129
0.9508863
1.0814618
1.0255229
1.0274774
0.9861010
0.8808212
0.9461165
1.0321910
1.0176674
1.0606059
0.9954047
0.9550795
1.0378374
0.9687303
0.9581252
1.0180232
1.0227109
1.0194634
1.0384473
0.9241915
1.0275937
0.9885009
1.0095609
0.9856347
1.0030869
1.0092593
1.0168542
0.9575074
1.0334407
0.9969462
1.0157291
1.0146796
0.9883238
0.9569009
0.9459444
0.9363433
1.0236103
0.9490957
0.9769857
1.0359129
0.9508863
1.0814618
1.0255229
1.0274774
0.9861010
0.8808212
0.9461165
1.0321910
1.0176674
1.0606059
0.9954047
0.9550795
1.0378374
0.9687303
0.9581252
1.0180232
1.0227109
1.0194634
1.0384473
0.9241915
1.0275937
0.9885009
1.0095609
0.9856347
1.0030869
1.0092593
1.0168542
0.9575074
1.0334407
0.9969462
1.0157291
1.0146796
0.9883238
0.9569009
0.9459444
0.9363433
1.0236103
0.9490957
0.9769857
1.0359129
0.9508863
1.0814618
1.0255229
1.0274774
0.9861010
0.8808212
0.9461165
1.0321910
1.0176674
1.0606059
0.9954047
0.9550795
1.0378374
0.9687303
0.9581252
1.0180232
1.0227109
1.0194634
1.0384473
0.9241915
1.0275937
0.9885009
1.0095609
0.9856347
1.0030869
1.0092593
1.0168542
0.9575074
1.0334407
0.9969462
1.0157291
1.0146796
0.9883238
0.9569009
0.9459444
0.9363433
1.0236103
0.9490957
0.9769857
1.0359129
0.9508863
1.0814618
1.0255229
1.0274774
0.9861010
0.8808212
0.9461165
1.0321910
1.0176674
1.0606059
0.9954047
0.9550795
1.0378374
0.9687303
0.9581252
1.0180232
1.0227109
1.0194634
1.0384473
0.9241915
1.0275937
0.9885009
1.0095609
0.9856347
1.0030869
1.0092593
1.0168542
0.9575074
1.0334407
0.9969462
1.0157291
1.0146796
0.9883238
0.9569009
0.9459444
0.9363433
1.0236103
0.9490957
0.9769857
1.0359129
0.9508863
1.0814618
1.0255229
1.0274774
0.9861010
0.8808212
0.9461165
1.0321910
1.0176674
1.0606059
0.9954047
0.9550795
1.0378374
0.9687303
0.9581252
1.0180232
1.0227109
1.0194634
1.0384473
0.9241915
1.0275937
0.9885009
1.0095609
0.9856347
1.0030869
1.0092593
1.0168542
0.9575074
1.0334407
0.9969462
1.0157291
1.0146796
0.9883238
0.9569009
0.9459444
0.9363433
1.0236103
0.9490957
0.9769857
1.0359129
0.9508863
1.0814618
1.0255229
1.0274774
0.9861010
0.8808212
0.9461165
1.0321910
1.0176674
1.0606059
0.9954047
0.9550795
1.0378374
0.9687303
0.9581252
1.0180232
1.0227109
1.0194634
1.0384473
0.9241915
1.0275937
0.9885009
1.0095609
0.9856347
1.0030869
1.0092593
1.0168542
0.9575074
1.0334407
0.9969462
1.0157291
1.0146796
0.9883238
0.9569009
0.9459444
0.9363433
1.0236103
0.9490957
0.9769857
1.0359129
0.9508863
1.0814618
1.0255229
1.0274774
0.9861010
0.8808212
0.9461165
1.0321910
1.0176674
1.0606059
0.9954047
0.9550795
1.0378374
0.9687303
0.9581252
1.0180232
1.0227109
1.0194634
1.0384473
0.9241915
1.0275937
0.9885009
1.0095609
0.9856347
1.0030869
1.0092593
1.0168542
0.9575074
1.0334407
0.9969462
1.0157291
1.0146796
0.9883238
0.9569009
0.9459444
0.9363433
1.0236103
0.9490957
0.9769857
1.0359129
0.9508863
1.0814618
1.0255229
1.0274774
0.9861010
0.8808212
0.9461165
1.0321910
1.0176674
1.0606059
0.9954047
0.9550795
1.0378374
0.9687303
0.9581252
1.0180232
1.0227109
1.0194634
1.0384473
0.9241915
1.0275937
0.9885009
1.0095609
0.9856347
1.0030869
1.0092593
1.0168542
0.9575074
1.0334407
0.9969462
1.0157291
1.0146796
0.9883238
0.9569009
0.9459444
0.9363433
1.0236103
0.9490957
0.9769857
1.0359129
0.9508863
1.0814618
1.0255229
1.0274774
0.9861010
0.8808212
0.9461165
1.0321910
1.0176674
1.0606059
0.9954047
0.9550795
1.0378374
0.9687303
0.9581252
1.0180232
1.0227109
1.0194634
1.0384473
0.9241915
1.0275937
0.9885009
1.0095609
0.9856347
1.0030869
1.0092593
1.0168542
0.9575074
1.0334407
0.9969462
1.0157291
1.0146796
0.9883238
0.9569009
0.9459444
0.9363433
1.0236103
0.9490957
0.9769857
1.0359129
0.9508863
1.0814618
1.0255229
1.0274774
0.9861010
0.8808212
0.9461165
1.0321910
1.0176674
1.0606059
0.9954047
0.9550795
1.0378374
0.9687303
0.9581252
1.0180232
1.0227109
1.0194634
1.0384473
0.9241915
1.0275937
0.9885009
1.0095609
0.9856347
1.0030869
1.0092593
